0.0 -0.065 -0.065 -0.065 -0.065 -0.004825186 0.11108011 0.16014388 0.010025397
0.0005 -0.06499996 -0.064956 -0.06497186 -0.06499956 -0.0011497103 0.08831026 0.14252946 -0.004141435
0.001 -0.06499953 -0.06477334 -0.06486626 -0.06499726 -0.027690306 0.06669412 0.0954461 -0.011327058
0.0015 -0.06499837 -0.06441743 -0.06468762 -0.064993 -0.0542192 0.07693933 0.061519884 -0.0077428743
0.002 -0.06499638 -0.06387058 -0.06444336 -0.06498676 -0.047800817 0.083096184 0.018906496 -0.007908978
0.0025 -0.06499353 -0.06312317 -0.06413771 -0.06497845 -0.039731905 0.08213848 0.017192684 -0.012595944
0.003 -0.0649898 -0.06216973 -0.06377247 -0.06496797 -0.033603072 0.064471945 0.029467009 -0.024172738
0.0035 -0.06498515 -0.06100727 -0.06334811 -0.06495521 -0.036762677 0.04823597 0.029780589 -0.034932613
0.004 -0.06497954 -0.0596344 -0.06286453 -0.06494004 -0.043727916 0.04593156 0.017570741 -0.042111017
0.0045 -0.06497292 -0.05805089 -0.06232148 -0.06492237 -0.044178925 0.04005465 0.00854931 -0.044374898
0.005 -0.06496524 -0.0562574 -0.06171862 -0.06490211 -0.045522474 0.03793341 0.00395263 -0.04313059
0.0055 -0.06495644 -0.05425532 -0.06105572 -0.06487916 -0.04704453 0.042460106 -0.00143186 -0.04540717
0.006 -0.06494647 -0.05204659 -0.06033257 -0.06485345 -0.047818266 0.04296422 -0.006291978 -0.047290787
0.0065 -0.06493527 -0.04963361 -0.05954905 -0.06482491 -0.04843021 0.04349912 -0.005750291 -0.04833561
0.007 -0.06492281 -0.04701914 -0.05870513 -0.06479346 -0.049877033 0.043610148 -0.006947942 -0.05124695
0.0075 -0.06490902 -0.04420623 -0.05780082 -0.06475904 -0.050937824 0.044552144 -0.009153642 -0.05241766
0.008 -0.06489385 -0.04119817 -0.05683621 -0.0647216 -0.05182786 0.043906305 -0.010770224 -0.053596407
0.0085 -0.06487727 -0.03799839 -0.05581142 -0.0646811 -0.05381331 0.04493912 -0.01179298 -0.05536569
0.009 -0.06485881 -0.03461025 -0.05472588 -0.06463717 -0.055199165 0.04655981 -0.013512246 -0.05575379
0.0095 -0.06483335 -0.03103485 -0.05357175 -0.06458733 -0.055763543 0.047981124 -0.015177481 -0.056624465
0.01 -0.06480492 -0.02727673 -0.0523568 -0.0645341 -0.057228923 0.05030132 -0.015681721 -0.05753518
0.0105 -0.06477715 -0.02334124 -0.05108652 -0.06447845 -0.05784243 0.0525641 -0.016184427 -0.058078445
0.011 -0.06475029 -0.01923308 -0.04976123 -0.06442028 -0.058829177 0.05472974 -0.01715868 -0.059090346
0.0115 -0.06472359 -0.01495639 -0.04838005 -0.06435939 -0.059979156 0.05760973 -0.017260991 -0.059765264
0.012 -0.06469627 -0.01051498 -0.04694227 -0.06429561 -0.06067004 0.059921402 -0.017674975 -0.06032051
0.0125 -0.06466776 -0.005912499 -0.04544755 -0.0642288 -0.061667446 0.06309937 -0.017987005 -0.06097868
0.013 -0.06463613 -0.001147902 -0.04389312 -0.06415797 -0.062503934 0.06625679 -0.018136658 -0.06149511
0.0135 -0.06459741 0.003761784 -0.04227407 -0.06408182 -0.063158125 0.06938435 -0.018111415 -0.061973877
0.014 -0.06455668 0.008802049 -0.04060041 -0.06400236 -0.06403856 0.07292777 -0.017970257 -0.06245163
0.0145 -0.06451604 0.01397232 -0.0388756 -0.0639201 -0.064686954 0.07662009 -0.017830871 -0.06291147
0.015 -0.06447555 0.01927677 -0.03709946 -0.06383517 -0.065343134 0.08025311 -0.01753842 -0.0632531
0.0155 -0.06443463 0.02471991 -0.03527109 -0.06374741 -0.0660176 0.0842685 -0.017093174 -0.063647926
0.016 -0.06439263 0.03030451 -0.03338975 -0.06365667 -0.06663389 0.08827745 -0.016672067 -0.06397902
0.0165 -0.06434906 0.0360312 -0.03145509 -0.06356285 -0.06719804 0.09250796 -0.016131781 -0.06424851
0.017 -0.06430359 0.04189878 -0.02946161 -0.06346584 -0.06777494 0.096817374 -0.015494712 -0.064538665
0.0175 -0.06425593 0.04790833 -0.0273646 -0.06336526 -0.06830037 0.10129905 -0.014798142 -0.06477354
0.018 -0.06420578 0.05405648 -0.0252258 -0.06326101 -0.06880416 0.10586074 -0.014043979 -0.06496782
0.0185 -0.06415325 0.06033617 -0.02306239 -0.06315346 -0.06929061 0.11059074 -0.013218813 -0.065180205
0.019 -0.06409846 0.06674122 -0.02086736 -0.06304267 -0.06975664 0.1153886 -0.012316383 -0.06532013
0.0195 -0.06404147 0.07326653 -0.01863183 -0.06292861 -0.070183665 0.12033491 -0.011374824 -0.065461166
0.02 -0.06398226 0.07990782 -0.01634986 -0.06281128 -0.0706176 0.12537517 -0.010371767 -0.06557933
0.0205 -0.06391738 0.08666142 -0.01401423 -0.06269042 -0.071006164 0.13053371 -0.009307258 -0.065660246
0.021 -0.06384751 0.09352387 -0.01162792 -0.06256587 -0.07138851 0.13577539 -0.008197181 -0.06572939
0.0215 -0.06377685 0.1004915 -0.009196598 -0.06243803 -0.07175468 0.14115514 -0.0070360526 -0.06577922
0.022 -0.06370613 0.1075612 -0.006720288 -0.06230702 -0.07209408 0.14660177 -0.00582657 -0.06579631
0.0225 -0.06363482 0.1147299 -0.004197845 -0.06217283 -0.072420746 0.15216863 -0.0045698658 -0.065804996
0.023 -0.06356227 0.1219952 -0.001628507 -0.06203546 -0.0727357 0.15782642 -0.003265731 -0.06578732
0.0235 -0.06348795 0.1293547 0.0009878855 -0.06189489 -0.073023215 0.16358276 -0.0019221827 -0.06575061
0.024 -0.06340533 0.1368066 0.00365665 -0.06174621 -0.07330484 0.16943151 -0.0005306825 -0.065695696
0.0245 -0.06331365 0.1443494 0.006375541 -0.06158894 -0.0735655 0.175384 0.0009027794 -0.06562231
0.025 -0.06322048 0.1519807 0.009137396 -0.06142852 -0.073810846 0.18142034 0.0023771897 -0.06552706
0.0255 -0.06312859 0.1596984 0.01194044 -0.06126678 -0.07404184 0.18756248 0.0038952008 -0.06541706
0.026 -0.06303794 0.1675002 0.01478466 -0.06110393 -0.07425716 0.19379175 0.00545568 -0.06528593
0.0265 -0.06294761 0.1753842 0.01767023 -0.06093969 -0.07445507 0.20012085 0.007057555 -0.06513695
0.027 -0.0628566 0.1833485 0.02059708 -0.06077373 -0.07464003 0.2065441 0.00870315 -0.06497001
0.0275 -0.06276414 0.1913912 0.02356491 -0.06060572 -0.07480662 0.21306613 0.01039169 -0.06478443
0.028 -0.06266968 0.1995107 0.02657324 -0.06043544 -0.074958295 0.21968327 0.0121252015 -0.06457924
0.0285 -0.06257289 0.2077053 0.0296215 -0.06026268 -0.07509327 0.22640373 0.013903685 -0.06435708
0.029 -0.0624736 0.2159733 0.03270907 -0.06008731 -0.07521145 0.23322237 0.015729226 -0.06411428
0.0295 -0.0623717 0.224313 0.0358353 -0.05990922 -0.07531161 0.2401461 0.017602809 -0.06385297
0.03 -0.06226298 0.2327235 0.03900152 -0.05968548 -0.075395025 0.24717405 0.019526638 -0.06357204
0.0305 -0.06213469 0.2412052 0.04221118 -0.05942367 -0.07545897 0.25431088 0.021502204 -0.063270755
0.031 -0.06199992 0.2497553 0.04545725 -0.05917842 -0.07550428 0.26155716 0.02353207 -0.06294906
0.0315 -0.06186761 0.2583711 0.04873676 -0.05895037 -0.07552972 0.2689185 0.02561877 -0.06260663
0.032 -0.06173961 0.2670504 0.05204937 -0.05873474 -0.07553432 0.2763955 0.027764745 -0.06224204
0.0325 -0.06161488 0.2757916 0.05539535 -0.05852728 -0.07551728 0.28399378 0.029972948 -0.06185559
0.033 -0.06149175 0.2845932 0.05877487 -0.05832478 -0.075478144 0.29171607 0.032246925 -0.061445907
0.0335 -0.06136875 0.2934539 0.06218334 -0.05812489 -0.07541504 0.299567 0.034589447 -0.061012544
0.034 -0.06123666 0.3023704 0.06550821 -0.05792337 -0.07532777 0.30755085 0.037004836 -0.060554422
0.0345 -0.06109269 0.3113388 0.06885667 -0.05771811 -0.07521435 0.31567237 0.039496846 -0.060070917
0.035 -0.0609466 0.3203594 0.07228597 -0.05751101 -0.0750742 0.32393613 0.04206977 -0.059560634
0.0355 -0.06080256 0.3294334 0.07579358 -0.05730269 -0.07490553 0.33234796 0.04472796 -0.05902303
0.036 -0.06066092 0.3385612 0.07936478 -0.05709293 -0.07470747 0.34091246 0.04747621 -0.058456697
0.0365 -0.06052066 0.3477427 0.08298604 -0.05688136 -0.074478194 0.34963596 0.05031947 -0.05786057
0.037 -0.06038057 0.3569771 0.08664753 -0.05666763 -0.074216396 0.35852382 0.053263046 -0.057233498
0.0375 -0.06023967 0.3662632 0.09034283 -0.05645145 -0.07392047 0.36758235 0.05631233 -0.056574218
0.038 -0.06009726 0.3755996 0.09406794 -0.05623262 -0.07364411 0.37734488 0.059334494 -0.056037284
0.0385 -0.0599529 0.3849852 0.09782048 -0.05601102 -0.07319002 0.3863677 0.06258679 -0.05524674
0.039 -0.05980632 0.3944184 0.1015991 -0.05578654 -0.072921306 0.39593562 0.06606165 -0.054550976
0.0395 -0.05965735 0.4038981 0.1054029 -0.05555916 -0.07255592 0.40581292 0.069631435 -0.053678386
0.04 -0.05950594 0.4134229 0.1092316 -0.05532883 -0.07194764 0.4158626 0.07305265 -0.052850403
0.0405 -0.05935206 0.4229916 0.1130849 -0.05509557 -0.071443304 0.42603293 0.0770118 -0.051944405
0.041 -0.0591957 0.432603 0.1169627 -0.05485938 -0.07085112 0.43646166 0.081035264 -0.05104243
0.0415 -0.05903688 0.4422563 0.1208647 -0.0546203 -0.070224024 0.4471114 0.08511502 -0.05006803
0.042 -0.05887563 0.4519501 0.1247909 -0.05437835 -0.06954753 0.45803943 0.089367755 -0.049069323
0.0425 -0.05871196 0.4616837 0.1287411 -0.05413357 -0.06880398 0.46910092 0.093860365 -0.048002586
0.043 -0.0585459 0.4714561 0.1327152 -0.053886 -0.06801742 0.4804382 0.09848488 -0.046895973
0.0435 -0.05837748 0.4812663 0.1367129 -0.05363567 -0.06718645 0.49201652 0.10327477 -0.045763403
0.044 -0.05820672 0.4911135 0.140734 -0.05338264 -0.06628715 0.50379115 0.108258374 -0.044565685
0.0445 -0.05803364 0.5009969 0.1447782 -0.05312694 -0.06533853 0.5157964 0.113442965 -0.043323137
0.045 -0.05785833 0.5109156 0.1488453 -0.05286861 -0.06433957 0.5280432 0.11879159 -0.042052634
0.0455 -0.05768083 0.5208689 0.152935 -0.0526077 -0.06327486 0.54048324 0.12433163 -0.04071799
0.046 -0.05750111 0.530856 0.1570469 -0.05234423 -0.062159643 0.5531308 0.130065 -0.03935056
0.0465 -0.05731912 0.540876 0.1611808 -0.05207826 -0.06099756 0.5659833 0.13597935 -0.03794626
0.047 -0.05713472 0.5509283 0.1653361 -0.05180951 -0.059771933 0.579005 0.14206424 -0.036493294
0.0475 -0.05694783 0.5610123 0.1695128 -0.05153798 -0.05850032 0.59218776 0.14832619 -0.035014443
0.048 -0.05675856 0.5711272 0.1737104 -0.05126393 -0.057184972 0.6055104 0.15475121 -0.033504218
0.0485 -0.05656705 0.5812723 0.1779289 -0.05098755 -0.055819616 0.61893946 0.16131896 -0.031964503
0.049 -0.05637338 0.5914469 0.1821677 -0.05070891 -0.054419942 0.63245404 0.16801974 -0.030411027
0.0495 -0.05617761 0.6016505 0.1864266 -0.05042805 -0.052986212 0.6460161 0.17483497 -0.02884201
0.05 -0.05597974 0.6118824 0.1907053 -0.05014498 -0.05140143 0.65876913 0.18189827 -0.027043052
0.0505 -0.05577984 0.622055 0.1950023 -0.04986056 -0.048879214 0.6645748 0.19064924 -0.02336336
0.051 -0.05557832 0.6319842 0.1993105 -0.04957747 -0.047859363 0.6741669 0.20118883 -0.02064205
0.0515 -0.05537548 0.6416062 0.2036233 -0.04929585 -0.045025744 0.6833683 0.21130797 -0.017132781
0.052 -0.05517136 0.6508889 0.2079366 -0.04901571 -0.041034304 0.6897273 0.2213445 -0.015002646
0.0525 -0.05496602 0.659815 0.2122476 -0.04873721 -0.03899298 0.6951288 0.23441902 -0.013092585
0.053 -0.05475948 0.668375 0.2165543 -0.04846056 -0.036696784 0.7007405 0.24537116 -0.011382274
0.0535 -0.05455182 0.6765639 0.220855 -0.04818598 -0.034428798 0.7062539 0.25486 -0.009493448
0.054 -0.05434312 0.6843792 0.2250937 -0.04791381 -0.032255672 0.71145564 0.26464993 -0.007558249
0.0545 -0.05413538 0.6918008 0.2287842 -0.04765216 -0.029968165 0.7157388 0.27466995 -0.0055349767
0.055 -0.05393 0.6988223 0.2325043 -0.04739544 -0.027862154 0.7201466 0.28427604 -0.0037375242
0.0555 -0.05372433 0.7054622 0.2364609 -0.04713937 -0.025802098 0.72427917 0.29370195 -0.0021180734
0.056 -0.0535168 0.7117384 0.2406151 -0.04688397 -0.023660086 0.7277247 0.3031401 -0.00043223798
0.0565 -0.05330709 0.7176638 0.2448894 -0.04662981 -0.021646895 0.7309495 0.31251827 0.0010800064
0.057 -0.05309551 0.7232471 0.2492209 -0.04637746 -0.01972247 0.7338971 0.3215546 0.0024653003
0.0575 -0.05288249 0.7284946 0.2535683 -0.04612735 -0.017775007 0.73637235 0.33040956 0.0038902834
0.058 -0.05266846 0.7334114 0.2579073 -0.04587987 -0.01595249 0.738601 0.33915514 0.0051652007
0.0585 -0.05245374 0.7380025 0.2622249 -0.04563531 -0.01418715 0.740577 0.34767464 0.0063821077
0.059 -0.05223858 0.7422729 0.2665151 -0.04539391 -0.0124038085 0.7421732 0.355997 0.007584311
0.0595 -0.05202316 0.7462278 0.2707756 -0.04515587 -0.010720573 0.74353063 0.36421445 0.008653004
0.06 -0.0518076 0.7498728 0.2750065 -0.04492134 -0.0090889335 0.744603 0.37225354 0.009682879
0.0605 -0.05159201 0.7532139 0.2792088 -0.04469044 -0.0074691325 0.7453878 0.3801049 0.010663036
0.061 -0.05137647 0.7562573 0.2833839 -0.04446329 -0.0059358925 0.7459542 0.38781315 0.011547789
0.0615 -0.05116104 0.7590095 0.2875332 -0.04423997 -0.004431993 0.746257 0.39535615 0.012400493
0.062 -0.05094579 0.7614768 0.2916584 -0.04402054 -0.0029631183 0.7463115 0.40274265 0.013196982
0.0625 -0.05073011 0.7636656 0.2957596 -0.04380832 -0.0015606508 0.74617577 0.40998396 0.013918646
0.063 -0.05051382 0.7655819 0.2998376 -0.04360023 -0.00018467754 0.7458004 0.41706926 0.014609419
0.0635 -0.0502978 0.7672328 0.3038946 -0.0433947 0.0011521652 0.7452202 0.4240166 0.015243158
0.064 -0.0500822 0.7686255 0.3079312 -0.04319483 0.0024349093 0.74445844 0.43082613 0.015820742
0.0645 -0.0498666 0.7697662 0.311947 -0.04299985 0.0036933199 0.74349254 0.43749112 0.016365007
0.065 -0.04965167 0.7706613 0.3159436 -0.04280708 0.0049100667 0.74234813 0.44402865 0.016858425
0.0655 -0.04943793 0.7713173 0.3199219 -0.04261719 0.0060851052 0.74103856 0.45043564 0.017306827
0.066 -0.04922548 0.7717405 0.3238821 -0.04243068 0.0072335675 0.73954976 0.4567106 0.017722763
0.0665 -0.0490142 0.7719371 0.3278242 -0.04224782 0.00834389 0.73790634 0.46286494 0.018093556
0.067 -0.04880394 0.771913 0.3317483 -0.04206877 0.009418875 0.73610926 0.46889588 0.018427923
0.0675 -0.0485946 0.7716739 0.3356543 -0.04189363 0.010467343 0.7341563 0.4748045 0.018730454
0.068 -0.04838612 0.7712255 0.3395424 -0.04172248 0.011480212 0.7320629 0.4805976 0.018994473
0.0685 -0.04817849 0.7705732 0.3434126 -0.04155535 0.012462966 0.72982866 0.48627242 0.019227233
0.069 -0.04797172 0.7697223 0.347265 -0.04139227 0.013418362 0.72745425 0.4918311 0.019430328
0.0695 -0.04776585 0.768678 0.3510996 -0.04123328 0.014341757 0.7249504 0.497277 0.019600287
0.07 -0.04756092 0.7674453 0.3549165 -0.04107836 0.015237257 0.7223153 0.50260806 0.019742973
0.0705 -0.04735698 0.766029 0.3587157 -0.04092823 0.016105846 0.71955144 0.50782627 0.019858073
0.071 -0.04715485 0.764433 0.3624957 -0.04078833 0.016944699 0.71666527 0.51293266 0.019944832
0.0715 -0.0469544 0.7626618 0.3662569 -0.0406524 0.017757274 0.7136549 0.5179256 0.020007033
0.072 -0.04675484 0.7607206 0.3700011 -0.04051858 0.018542863 0.71052307 0.52280617 0.020044148
0.0725 -0.04655599 0.7586141 0.3737287 -0.04038717 0.01930061 0.7072729 0.52757394 0.020056605
0.073 -0.04635795 0.7563468 0.3774398 -0.04025856 0.020032622 0.703903 0.53222764 0.020046808
0.0735 -0.04616089 0.7539231 0.3811342 -0.04013305 0.02073805 0.7004156 0.5367676 0.02001439
0.074 -0.04596493 0.7513468 0.3848117 -0.04001087 0.021416523 0.696812 0.54119253 0.019960158
0.0745 -0.0457702 0.7486221 0.3884725 -0.03989216 0.022069365 0.6930908 0.5455011 0.019885805
0.075 -0.04557676 0.7457525 0.3921164 -0.03977704 0.022695817 0.68925333 0.5496929 0.019791089
0.0755 -0.04538469 0.7427419 0.3957436 -0.03966556 0.023295805 0.6853001 0.5537662 0.01967704
0.076 -0.04519403 0.7395937 0.399354 -0.03955779 0.023869999 0.6812296 0.55771977 0.019544728
0.0765 -0.0450048 0.7363115 0.4029479 -0.03945374 0.024417855 0.6770425 0.56155246 0.01939419
0.077 -0.04481705 0.7328987 0.4065253 -0.03935342 0.024939246 0.6727385 0.56526256 0.019226525
0.0775 -0.0446308 0.7293585 0.4100862 -0.03925684 0.025434725 0.66831625 0.56884825 0.019042376
0.078 -0.04444607 0.7256941 0.4136309 -0.03916399 0.025903545 0.6637759 0.5723086 0.018842205
0.0785 -0.04426289 0.7219088 0.4171594 -0.03907484 0.026345864 0.6591166 0.5756416 0.018626787
0.079 -0.04408127 0.7180055 0.4206718 -0.03898939 0.026761912 0.6543375 0.57884544 0.018396903
0.0795 -0.04390124 0.7139872 0.4241682 -0.03890761 0.027151152 0.6494384 0.58191925 0.018152934
0.08 -0.04372281 0.7098568 0.4276488 -0.03882947 0.02751379 0.6444181 0.58486074 0.017895758
0.0805 -0.04354601 0.7056171 0.4311138 -0.03875495 0.02784979 0.6392759 0.58766866 0.017626073
0.081 -0.04337084 0.7012709 0.4345631 -0.03868402 0.028158654 0.6340118 0.5903415 0.017344464
0.0815 -0.04319733 0.6968208 0.437997 -0.03861664 0.028440982 0.628625 0.5928778 0.017051741
0.082 -0.04302549 0.6922694 0.4414155 -0.03855279 0.028696388 0.6231145 0.5952763 0.016748697
0.0825 -0.04285534 0.6876193 0.4448189 -0.03849243 0.02892486 0.61748064 0.59753585 0.016435973
0.083 -0.04268689 0.6828729 0.4482072 -0.03843553 0.029126573 0.6117228 0.599655 0.01611431
0.0835 -0.04252016 0.6780326 0.4515805 -0.03838207 0.029301342 0.6058412 0.60163325 0.015784755
0.084 -0.04235515 0.6731008 0.454939 -0.038332 0.029449385 0.5998361 0.60346913 0.015447911
0.0845 -0.04219189 0.6680797 0.4582829 -0.03828529 0.029570814 0.5937077 0.60516244 0.015104853
0.085 -0.04203038 0.6629715 0.4616122 -0.03824192 0.029665876 0.58745646 0.6067126 0.014756378
0.0855 -0.04187063 0.6577784 0.4649272 -0.03820185 0.029734578 0.5810835 0.6081193 0.014403492
0.086 -0.04171266 0.6525025 0.4682278 -0.03816504 0.029777274 0.57458985 0.60938257 0.014047101
0.0865 -0.04155647 0.6471458 0.4715144 -0.03813147 0.02979426 0.5679772 0.6105023 0.013688371
0.087 -0.04140207 0.6417103 0.4747869 -0.0381011 0.029785894 0.5612472 0.6114794 0.013328187
0.0875 -0.04124948 0.6361979 0.4780456 -0.03807389 0.029752612 0.55440235 0.6123141 0.01296787
0.088 -0.04109869 0.6306106 0.4812906 -0.03804983 0.02969481 0.5474448 0.6130077 0.0126084685
0.0885 -0.04094972 0.6249502 0.484522 -0.03802887 0.029613048 0.54037803 0.61356145 0.012251165
0.089 -0.04080257 0.6192184 0.48774 -0.03801099 0.029508136 0.53320515 0.6139769 0.011897251
0.0895 -0.04065725 0.613417 0.4909447 -0.03799615 0.029380605 0.52593017 0.6142563 0.011547975
0.09 -0.04051376 0.6075476 0.4941362 -0.03798432 0.029231075 0.51855767 0.61440164 0.01120472
0.0905 -0.04037211 0.6016121 0.4973148 -0.03797547 0.02906084 0.51109207 0.6144157 0.010868847
0.091 -0.0402323 0.5956118 0.5004804 -0.03796958 0.02887046 0.50353926 0.61430186 0.010541819
0.0915 -0.04009433 0.5895485 0.5036333 -0.0379666 0.028661132 0.4959049 0.6140632 0.010225028
0.092 -0.0399582 0.5834237 0.5067736 -0.03796649 0.028433964 0.48819545 0.61370367 0.009920113
0.0925 -0.03982381 0.5772388 0.5099014 -0.03796914 0.028190292 0.4804178 0.61322767 0.009628482
0.093 -0.03969117 0.5709952 0.513017 -0.03797451 0.027931195 0.47257954 0.6126398 0.009351745
0.0935 -0.03956033 0.5646945 0.5161204 -0.03798265 0.027658261 0.46468866 0.611945 0.009091664
0.094 -0.03943435 0.5583202 0.5184204 -0.03799274 0.02737299 0.45675358 0.6111488 0.008849606
0.0945 -0.03931716 0.551842 0.5204403 -0.03800431 0.02707687 0.44878352 0.61025697 0.008627541
0.095 -0.03920241 0.5452818 0.5228571 -0.03801862 0.02677171 0.44078764 0.60927564 0.008426882
0.0955 -0.03908668 0.5386659 0.5256651 -0.0380361 0.026459143 0.43277606 0.60821134 0.008249469
0.096 -0.03896948 0.5320111 0.5287283 -0.03805677 0.026141167 0.42475897 0.607071 0.008097045
0.0965 -0.03885149 0.5253257 0.531925 -0.03808054 0.025819615 0.41674712 0.6058616 0.007971078
0.097 -0.03873363 0.5186123 0.5351733 -0.03810726 0.025496446 0.4087513 0.6045906 0.007873416
0.0975 -0.03861665 0.5118702 0.5384248 -0.03813683 0.025173705 0.40078288 0.60326546 0.0078057274
0.098 -0.03850107 0.5050977 0.5416539 -0.03816914 0.024853595 0.39285323 0.6018941 0.0077695027
0.0985 -0.03838722 0.4982926 0.5448489 -0.03820412 0.02453813 0.38497403 0.6004843 0.0077664033
0.099 -0.03827527 0.4914529 0.5480062 -0.03824167 0.024229482 0.3771567 0.5990444 0.007798031
0.0995 -0.03816523 0.4845768 0.5511264 -0.03828159 0.023929983 0.369413 0.597582 0.007865682
0.1 -0.03805709 0.4776633 0.5542118 -0.03832381 0.18019542 -0.17815137 0.35560945 0.06909535
0.1005 -0.02807899 0.470492 0.5451039 -0.03335732 0.14381024 0.10964316 0.27649155 0.025441237
0.101 -0.01599487 0.462968 0.5351533 -0.02826644 0.099434905 0.09563249 0.25911754 0.1969119
0.1015 -0.008035921 0.4553442 0.5269144 -0.02427336 0.09141401 0.3665134 0.12775573 0.10089157
0.102 -0.002838528 0.4477747 0.5197809 -0.020699 0.12805921 0.4173291 0.21145636 0.18798503
0.1025 0.0009666967 0.4403516 0.5132033 -0.01728971 0.20629981 0.37233996 0.21737754 0.17328268
0.103 0.004103828 0.4331289 0.5068544 -0.01397533 0.15455928 0.36113822 0.2516946 0.12344622
0.1035 0.006920867 0.426139 0.5005742 -0.01073183 0.16414553 0.33086187 0.25408977 0.13607132
0.104 0.00956926 0.4194027 0.4942949 -0.007554741 0.15562925 0.31851164 0.22825891 0.13489652
0.1045 0.01212796 0.4129343 0.4879953 -0.004431097 0.14767995 0.32694045 0.21349564 0.11740101
0.105 0.01463625 0.4067443 0.4816739 -0.001355043 0.1552755 0.30523288 0.20900673 0.1321168
0.1055 0.01710034 0.4008401 0.4753349 0.001675829 0.15315467 0.30081028 0.20205781 0.12457419
0.106 0.0195185 0.3952262 0.468971 0.004659455 0.14437309 0.30224568 0.19330263 0.1167107
0.1065 0.02190766 0.3899051 0.4626026 0.007598297 0.15077287 0.2909852 0.18786621 0.12371365
0.107 0.02427839 0.384879 0.4562487 0.01049523 0.14594132 0.2894147 0.18198985 0.11789756
0.1075 0.02663079 0.3801486 0.4499173 0.01335193 0.14489284 0.2881121 0.17704931 0.11458021
0.108 0.02896208 0.3757139 0.4436135 0.01616969 0.1461364 0.28159598 0.17229554 0.117673375
0.1085 0.03126967 0.3715735 0.4373416 0.01894965 0.14375782 0.28175876 0.16780946 0.11316674
0.109 0.03355184 0.3677254 0.431106 0.02169294 0.14260766 0.28110877 0.1637483 0.112644486
0.1095 0.03580772 0.3638039 0.4249081 0.02439991 0.14380208 0.27910614 0.16004673 0.11362555
0.11 0.03803637 0.3592317 0.4187236 0.02706846 0.14179185 0.28068122 0.15659744 0.111117415
0.1105 0.04023801 0.3548099 0.4125618 0.02970389 0.14201766 0.2813851 0.15396366 0.11132885
0.111 0.04241361 0.3508904 0.4064462 0.03230823 0.14205149 0.28227386 0.15114474 0.111595355
0.1115 0.04456066 0.347585 0.4003941 0.03487898 0.14132342 0.28516603 0.14885792 0.110422604
0.112 0.04666712 0.3448896 0.3944127 0.0374101 0.1414792 0.28751987 0.14693275 0.11099177
0.1125 0.04874479 0.3427526 0.3885084 0.03991182 0.14166215 0.29055744 0.14512533 0.11115568
0.113 0.05080421 0.3411069 0.3826852 0.04238834 0.14133084 0.29464567 0.14364696 0.11093978
0.1135 0.0528479 0.3398858 0.3769441 0.04484065 0.14175147 0.29861844 0.14249095 0.11165588
0.114 0.05487324 0.3390308 0.3712831 0.04726832 0.14189395 0.3032636 0.14142701 0.112047665
0.1145 0.05685422 0.3384935 0.3656829 0.04966044 0.1420461 0.3085387 0.14070147 0.112440534
0.115 0.05880221 0.3382347 0.3601579 0.05201545 0.14248303 0.31390554 0.14015844 0.113325156
0.1155 0.06073652 0.3382257 0.3547204 0.05434649 0.14282826 0.31986162 0.1397886 0.11400906
0.116 0.06266305 0.3384459 0.349373 0.05666068 0.14319256 0.32621524 0.13965613 0.11482973
0.1165 0.06458047 0.3388796 0.3441141 0.05895914 0.14374995 0.33279896 0.13969699 0.11589407
0.117 0.0664855 0.3395155 0.3389417 0.06124159 0.14422324 0.33983576 0.139896 0.116880395
0.1175 0.06837518 0.3403448 0.333854 0.06350759 0.14478257 0.34718943 0.14030251 0.11801187
0.118 0.0702475 0.3413611 0.3288504 0.06575684 0.14541653 0.3548008 0.14085197 0.119276635
0.1185 0.07210134 0.3425594 0.3239305 0.06798924 0.14603752 0.36278078 0.14156386 0.12053386
0.119 0.07393629 0.3439359 0.3190944 0.07020486 0.14671692 0.3710218 0.14244208 0.12191782
0.1195 0.07575225 0.3454875 0.3143421 0.07240384 0.1474472 0.37952653 0.14345986 0.12338319
0.12 0.07754918 0.3472115 0.3096741 0.07458617 0.14817783 0.3883236 0.1446245 0.124881424
0.1205 0.07932717 0.3491054 0.3050904 0.07675201 0.1489614 0.39735675 0.14593694 0.12647969
0.121 0.08108667 0.3511672 0.3005914 0.07890182 0.14977169 0.4066273 0.14737794 0.1281397
0.1215 0.08282822 0.3533948 0.2961773 0.08103605 0.15059847 0.41614133 0.14895546 0.12984818
0.122 0.08455235 0.3557865 0.2918482 0.08315514 0.15146104 0.42586032 0.15066257 0.13163605
0.1225 0.08625951 0.3583402 0.2876042 0.08525948 0.15234524 0.43578747 0.15249056 0.13347602
0.123 0.08795013 0.3610539 0.2834451 0.0873495 0.15324625 0.44591156 0.15444073 0.13536796
0.1235 0.0896246 0.3639254 0.279371 0.08942559 0.15417421 0.4562105 0.15650654 0.13732252
0.124 0.09128331 0.3669524 0.2753816 0.09148817 0.15511754 0.4666787 0.15868145 0.13932306
0.1245 0.09292659 0.3701327 0.2714766 0.09353762 0.15607664 0.47730184 0.16096371 0.14137124
0.125 0.0945548 0.3734639 0.2676557 0.09557432 0.15705353 0.4880611 0.16334587 0.14346859
0.1255 0.09616825 0.3769434 0.2639186 0.09759866 0.1580415 0.4989468 0.16582236 0.1456047
0.126 0.09776726 0.3805689 0.2602648 0.099611 0.15904066 0.50994086 0.16838798 0.14778
0.1265 0.09935214 0.3843376 0.2566939 0.1016117 0.16004997 0.5210269 0.17103541 0.14999178
0.127 0.1009232 0.3882471 0.2532053 0.1036011 0.16106522 0.5321896 0.17375746 0.15223315
0.1275 0.1024806 0.3922948 0.2497985 0.1055753 0.1620856 0.5434107 0.17654744 0.15450248
0.128 0.1040247 0.3964781 0.2464729 0.1075313 0.163109 0.55467194 0.17939645 0.15679538
0.1285 0.1055554 0.4007942 0.2432278 0.1094786 0.16413239 0.5659562 0.18229666 0.15910625
0.129 0.1070733 0.4052408 0.2400626 0.1114187 0.16515389 0.57724357 0.18523937 0.16143203
0.1295 0.1085786 0.409815 0.2369766 0.1132728 0.16617128 0.5885165 0.1882151 0.16376773
0.13 0.1100715 0.4145145 0.2339691 0.1150595 0.16718188 0.59975505 0.19121471 0.16610831
0.1305 0.1115524 0.4193366 0.2310392 0.1168756 0.16818354 0.61094135 0.19422871 0.16844964
0.131 0.1130099 0.424278 0.228185 0.1187069 0.16917393 0.62205696 0.19724718 0.17078689
0.1315 0.1144385 0.429336 0.2254034 0.1205437 0.17015061 0.6330838 0.20026061 0.17311525
0.132 0.1158559 0.4345086 0.2226965 0.1223932 0.17111152 0.64400506 0.2032595 0.17543057
0.1325 0.1172714 0.4397938 0.2200656 0.1242545 0.17205444 0.6548043 0.20623446 0.1777283
0.133 0.1186857 0.4451896 0.2175102 0.1261231 0.17297739 0.6654668 0.20917648 0.18000421
0.1335 0.1200964 0.4506936 0.2150291 0.127986 0.17387849 0.6759783 0.21207711 0.18225464
0.134 0.1215008 0.4563037 0.2126209 0.1298439 0.17475605 0.6863265 0.21492839 0.18447566
0.1345 0.1228972 0.4620175 0.2102844 0.1317005 0.17560846 0.69650054 0.21772313 0.18666428
0.135 0.1242849 0.4678328 0.2080187 0.1335553 0.17643452 0.7064907 0.22045442 0.18881738
0.1355 0.1256631 0.4737472 0.2058227 0.1353304 0.17723304 0.7162895 0.22311684 0.19093245
0.136 0.1270318 0.4797579 0.2036953 0.1370116 0.17800301 0.7258907 0.2257052 0.19300717
0.1365 0.1283908 0.4858632 0.2016358 0.1387314 0.17874384 0.7352899 0.22821543 0.19504002
0.137 0.1297405 0.4920616 0.1996432 0.140491 0.17945495 0.74448407 0.23064461 0.1970295
0.1375 0.1310738 0.4983513 0.1977162 0.1421401 0.18013608 0.7534721 0.23299024 0.19897458
0.138 0.13238 0.5047301 0.1958525 0.1437707 0.18078727 0.762254 0.23525074 0.2008748
0.1385 0.1336758 0.5111962 0.1940523 0.1454621 0.18140846 0.77083164 0.23742566 0.20272982
0.139 0.1349715 0.5177475 0.1923164 0.1472051 0.1820001 0.7792073 0.23951522 0.20453992
0.1395 0.1362683 0.5243822 0.190644 0.1489843 0.18256259 0.7873851 0.2415202 0.20630524
0.14 0.1375636 0.5310984 0.1890342 0.1507743 0.18309638 0.7953696 0.24344215 0.20802659
0.1405 0.1388533 0.5378942 0.1874857 0.1525756 0.18360248 0.8031666 0.2452828 0.2097049
0.141 0.1401317 0.5447678 0.1859975 0.1543884 0.18408144 0.8107819 0.24704519 0.21134114
0.1415 0.1414014 0.5517177 0.1845683 0.1562083 0.18453431 0.81822276 0.2487317 0.2129367
0.142 0.1426646 0.558742 0.1831974 0.1580319 0.18496215 0.8254959 0.2503458 0.21449295
0.1425 0.1439224 0.5658395 0.181884 0.1598562 0.1853658 0.8326088 0.2518911 0.21601135
0.143 0.145175 0.5730084 0.1806272 0.1616793 0.18574637 0.83956873 0.25337103 0.2174935
0.1435 0.1464214 0.5802473 0.1794263 0.1634993 0.18610492 0.84638333 0.25478932 0.21894094
0.144 0.1476576 0.5875546 0.1782804 0.1653147 0.18644264 0.85305977 0.2561501 0.22035539
0.1445 0.1488866 0.594929 0.1771885 0.1671245 0.18676054 0.8596058 0.25745687 0.22173822
0.145 0.1501109 0.6023689 0.17615 0.1689287 0.18705955 0.8660283 0.2587135 0.22309127
0.1455 0.151331 0.6098729 0.1751639 0.1707269 0.18734077 0.87233406 0.2599235 0.22441584
0.146 0.1525471 0.6174396 0.1742294 0.1725189 0.1876052 0.87852967 0.2610905 0.22571355
0.1465 0.1537589 0.6250677 0.1733459 0.1743046 0.18785357 0.8846216 0.26221815 0.22698584
0.147 0.1549661 0.6327558 0.1725124 0.176084 0.18808725 0.89061594 0.2633095 0.22823387
0.1475 0.1561687 0.6405026 0.1717282 0.1778574 0.18830666 0.89651763 0.2643673 0.22945905
0.148 0.1573665 0.6483069 0.1709925 0.1796248 0.18851277 0.90233266 0.2653953 0.23066264
0.1485 0.1585592 0.6561674 0.1703044 0.1813861 0.18870646 0.9080653 0.26639572 0.23184541
0.149 0.1597461 0.6640828 0.1696631 0.1831403 0.1888881 0.9137207 0.2673712 0.23300868
0.1495 0.1609098 0.6720501 0.1690655 0.184867 0.18905863 0.9193027 0.26832405 0.23415339
0.15 0.1620476 0.6800686 0.1685094 0.1865712 0.18934241 0.92410487 0.26923957 0.23543257
0.1505 0.1631629 0.6880509 0.1679946 0.1882597 0.19061288 0.92266005 0.27010354 0.23800549
0.151 0.1642785 0.695813 0.1675165 0.1899464 0.1907632 0.9232763 0.27208832 0.23995769
0.1515 0.1654071 0.7032908 0.16707 0.1916358 0.19171083 0.92367554 0.2741107 0.24226901
0.152 0.1665488 0.7104518 0.1666196 0.1933223 0.19306895 0.9228994 0.27524093 0.24408552
0.1525 0.1676972 0.717268 0.1658922 0.1950063 0.19386342 0.9220256 0.27742824 0.24569303
0.153 0.1688277 0.7237236 0.1652132 0.1966652 0.19481385 0.9206219 0.27922454 0.24720374
0.1535 0.1699423 0.7298219 0.1646902 0.1983106 0.1956406 0.9193059 0.280749 0.24873638
0.154 0.171058 0.7355681 0.1642987 0.1999573 0.19644699 0.9176789 0.2821587 0.25018233
0.1545 0.1721806 0.7409665 0.1639931 0.2016072 0.19725159 0.91595596 0.2835845 0.25163192
0.155 0.1733069 0.7460181 0.1637356 0.203244 0.19805372 0.91409636 0.2849445 0.25305384
0.1555 0.1744316 0.7507262 0.1635012 0.2048714 0.1988352 0.9121686 0.28626075 0.2544049
0.156 0.175554 0.7550946 0.1632775 0.2064996 0.19962054 0.91009283 0.28756753 0.25575575
0.1565 0.176674 0.7591269 0.163058 0.20813 0.20039639 0.9079632 0.28885838 0.25707018
0.157 0.1777911 0.7628255 0.1628389 0.2097611 0.20116422 0.905733 0.29012546 0.2583545
0.1575 0.1789044 0.7661964 0.1626186 0.2113911 0.20193142 0.90344125 0.29138377 0.2596268
0.158 0.1800133 0.7692457 0.1623963 0.2130184 0.20269558 0.9010724 0.29263195 0.26087445
0.1585 0.1811172 0.7719792 0.1621722 0.2146417 0.2034556 0.898646 0.29387537 0.26210162
0.159 0.1822161 0.7744032 0.1619463 0.21626 0.20421675 0.89615315 0.29511496 0.26331478
0.1595 0.1833097 0.7765237 0.1617189 0.2178727 0.20497566 0.89360636 0.2963517 0.26450765
0.16 0.184398 0.7783471 0.1614904 0.219479 0.20573401 0.89100045 0.2975882 0.26568493
0.1605 0.1854792 0.7798799 0.1612607 0.2210752 0.20649275 0.8883425 0.29882476 0.26684716
0.161 0.1865323 0.7811285 0.1610264 0.2226358 0.20725134 0.8856312 0.30006215 0.26799318
0.1615 0.1875668 0.7820991 0.1607877 0.2241793 0.20801026 0.8828691 0.3013015 0.26912466
0.162 0.188602 0.7827984 0.1605485 0.2257214 0.20876992 0.8800566 0.30254284 0.27024204
0.1625 0.189644 0.7832331 0.1603103 0.2272649 0.20953017 0.8771951 0.30378684 0.27134484
0.163 0.1906919 0.78341 0.1600727 0.2288089 0.21029142 0.87428474 0.30503353 0.27243415
0.1635 0.1917417 0.7833325 0.1598343 0.2303374 0.21105376 0.8713268 0.30628344 0.27350986
0.164 0.19264 0.7830059 0.1595917 0.2318414 0.2118173 0.8683213 0.3075365 0.27457216
0.1645 0.193423 0.7824398 0.1593455 0.2333403 0.21258217 0.8652688 0.30879286 0.2756215
0.165 0.1942851 0.7816418 0.1590973 0.2348412 0.21334827 0.8621701 0.31005272 0.27665803
0.1655 0.1952441 0.780619 0.1588481 0.2363445 0.21411607 0.8590251 0.31131604 0.27768174
0.166 0.1962721 0.7793773 0.1585976 0.2378487 0.2148853 0.8558343 0.3125827 0.27869314
0.1665 0.1973389 0.7779225 0.1583452 0.2393523 0.2156561 0.8525979 0.3138527 0.27969217
0.167 0.1984218 0.7762599 0.1580903 0.2408537 0.21642876 0.84931606 0.3151258 0.280679
0.1675 0.1994967 0.7743947 0.1578161 0.242344 0.21720302 0.8459894 0.31640247 0.2816539
0.168 0.2005396 0.77233 0.1575048 0.2438082 0.21797916 0.8426178 0.31768224 0.28261703
0.1685 0.2015716 0.7700708 0.1571961 0.2452648 0.21875721 0.8392018 0.3189651 0.2835685
0.169 0.202603 0.7676231 0.1569006 0.2467221 0.21953711 0.8357414 0.32025114 0.28450856
0.1695 0.2036344 0.7649927 0.1566154 0.2481807 0.22031903 0.83223665 0.3215401 0.28543726
0.17 0.2046635 0.7621848 0.1563348 0.2496394 0.22110283 0.8286885 0.32283202 0.2863548
0.1705 0.205688 0.7592043 0.1560544 0.2510965 0.22188887 0.8250965 0.32412675 0.28726143
0.171 0.2067064 0.7560557 0.155771 0.2525509 0.22267684 0.8214613 0.32542434 0.28815722
0.1715 0.2077168 0.7527434 0.1554827 0.2540011 0.22346711 0.817783 0.32672444 0.28904244
0.172 0.2087188 0.7492715 0.1551885 0.2554463 0.2242594 0.8140619 0.32802746 0.28991723
0.1725 0.2097133 0.745644 0.1548878 0.2568864 0.2250539 0.8102985 0.32933304 0.29078168
0.173 0.2107012 0.7418648 0.1545802 0.2583216 0.22585073 0.80649304 0.330641 0.29163614
0.1735 0.2116832 0.7379378 0.1542658 0.2597515 0.22664982 0.8026458 0.33195177 0.29248074
0.174 0.2126597 0.7338668 0.1539444 0.2611757 0.22745118 0.7987572 0.3332651 0.29331556
0.1745 0.2136308 0.7296555 0.153616 0.2625934 0.228255 0.79482746 0.33458105 0.29414105
0.175 0.2145966 0.7253074 0.1532806 0.2640047 0.22906107 0.7908575 0.33589944 0.29495716
0.1755 0.2155573 0.7208261 0.1529381 0.2654102 0.2298697 0.78684723 0.3372203 0.29576424
0.176 0.2165134 0.7162149 0.1525887 0.2668098 0.2306807 0.78279746 0.33854416 0.29656252
0.1765 0.2174648 0.7114772 0.1522321 0.2682036 0.23149419 0.77870846 0.33987072 0.29735214
0.177 0.2184118 0.7066163 0.1518685 0.2695916 0.23231032 0.7745811 0.34119993 0.29813346
0.1775 0.2193546 0.7016352 0.1514978 0.270974 0.2331289 0.77041554 0.34253216 0.29890668
0.178 0.2202933 0.6965371 0.15112 0.2723507 0.23395011 0.7662126 0.34386757 0.29967192
0.1785 0.221228 0.691325 0.150735 0.273722 0.234774 0.7619731 0.3452063 0.30042964
0.179 0.2221588 0.6860017 0.1503429 0.2750877 0.23560077 0.7576972 0.34654832 0.30117998
0.1795 0.2230856 0.6805702 0.1499434 0.2764479 0.23643008 0.7533864 0.34789428 0.30192313
0.18 0.2240085 0.6750331 0.1495367 0.2778028 0.23726228 0.74904084 0.3492441 0.30265963
0.1805 0.2249276 0.6693931 0.1491226 0.2791522 0.23809728 0.7446615 0.35059783 0.30338955
0.181 0.2258428 0.6636529 0.1487012 0.2804964 0.2389352 0.74024934 0.35195628 0.30411333
0.1815 0.2267542 0.657815 0.1482724 0.2818353 0.23977622 0.7358053 0.3533195 0.30483118
0.182 0.2276617 0.6518818 0.1478362 0.283169 0.2406201 0.73133016 0.354688 0.30554348
0.1825 0.2285655 0.6458558 0.1473925 0.2844976 0.24146703 0.72682494 0.35606202 0.30625057
0.183 0.2294632 0.6397386 0.1469412 0.2858164 0.24231735 0.722291 0.35744235 0.30695277
0.1835 0.2303316 0.6335293 0.1464775 0.2870939 0.2431708 0.71772915 0.35882917 0.3076505
0.184 0.2311806 0.6272316 0.1460015 0.2883536 0.24402761 0.7131405 0.36022303 0.30834395
0.1845 0.2320317 0.6208492 0.1455186 0.2896157 0.24488774 0.7085266 0.36162472 0.30903372
0.185 0.2328919 0.6143854 0.1450309 0.2908833 0.24575147 0.7038886 0.36303452 0.30972013
0.1855 0.23376 0.6078426 0.1445382 0.2921552 0.24661884 0.6992278 0.36445343 0.3104035
0.186 0.2346328 0.6012208 0.14404 0.2934301 0.24748981 0.6945458 0.3658821 0.3110843
0.1865 0.2355074 0.5945218 0.1435355 0.2947065 0.24836469 0.68984383 0.3673213 0.31176296
0.187 0.2363814 0.5877495 0.1430242 0.2959832 0.2492435 0.68512356 0.36877158 0.31244
0.1875 0.2372532 0.5809066 0.1425058 0.2972592 0.2501264 0.6803868 0.37023425 0.3131158
0.188 0.2381086 0.5739925 0.1419772 0.298505 0.2510135 0.6756351 0.37170994 0.31379083
0.1885 0.2389153 0.5670062 0.1414047 0.299705 0.25190493 0.67087036 0.37319985 0.31446567
0.189 0.2396949 0.55995 0.1407967 0.3008941 0.25280106 0.6660942 0.37470457 0.3151407
0.1895 0.2404887 0.5528274 0.140198 0.3020955 0.2537018 0.6613085 0.37622598 0.3158166
0.19 0.2413052 0.5456421 0.1396151 0.3033109 0.2546074 0.6565156 0.3777646 0.31649366
0.1905 0.2421394 0.5383969 0.1390422 0.3045374 0.25551805 0.6517175 0.379322 0.31717268
0.191 0.2429831 0.5310937 0.1384725 0.3057714 0.25643402 0.64691585 0.3808992 0.31785402
0.1915 0.2438295 0.5237338 0.137901 0.3070005 0.25735545 0.6421136 0.38249776 0.31853843
0.192 0.2446745 0.5163185 0.1373244 0.3082152 0.25828266 0.6373125 0.384119 0.31922635
0.1925 0.2455165 0.5088487 0.1367408 0.3094283 0.25921568 0.6325153 0.38576436 0.3199184
0.193 0.2463553 0.5013254 0.1361494 0.3106437 0.2601551 0.6277242 0.38743556 0.32061538
0.1935 0.2471791 0.4937496 0.1355491 0.3118551 0.26110086 0.62294185 0.38913405 0.32131758
0.194 0.2479778 0.4861221 0.1349382 0.3130592 0.2620534 0.61817056 0.39086148 0.32202598
0.1945 0.2487727 0.4784438 0.1343186 0.3142641 0.26301298 0.6134132 0.39261976 0.3227411
0.195 0.2495733 0.4707158 0.1336919 0.3154715 0.26397982 0.60867244 0.39441028 0.32346353
0.1955 0.2503802 0.4629394 0.1330587 0.3166811 0.26495424 0.6039512 0.3962353 0.32419404
0.196 0.2511911 0.4551156 0.1324187 0.3178919 0.2659366 0.599252 0.39809626 0.3249332
0.1965 0.2520034 0.4472456 0.1317718 0.3191028 0.26692727 0.5945781 0.39999545 0.3256819
0.197 0.2528152 0.4393304 0.1311177 0.3203133 0.26792666 0.5899317 0.40193474 0.32644066
0.1975 0.2536255 0.4313713 0.1304567 0.321523 0.26893488 0.5853168 0.40391618 0.32721013
0.198 0.2544334 0.4233692 0.1297886 0.3227315 0.2699525 0.5807354 0.40594155 0.32799116
0.1985 0.2552386 0.4153231 0.1291136 0.3239382 0.2709799 0.57619107 0.40801337 0.3287845
0.199 0.2560405 0.407233 0.1284316 0.3251429 0.27201724 0.5716869 0.41013363 0.3295906
0.1995 0.256839 0.3991022 0.1277426 0.3263453 0.27306524 0.56722575 0.41230428 0.33041036
0.2 0.2576342 0.3909327 0.127047 0.3275415 0.21789196 0.37740207 0.294854 0.18897566
0.2005 0.2572793 0.3827901 0.125507 0.3178849 0.14620161 0.45862624 0.3295517 0.07717074
0.201 0.2551085 0.374779 0.1231356 0.3079967 0.16871995 0.34977764 0.3373566 0.2442582
0.2015 0.2531026 0.3669825 0.1211716 0.3008322 0.17604586 0.39003146 0.27628937 0.09799052
0.202 0.2516375 0.3594683 0.1196047 0.2948459 0.1326217 0.37474677 0.27673173 0.13548031
0.2025 0.250553 0.3522743 0.118256 0.2893895 0.20554695 0.3116753 0.2761463 0.16455418
0.203 0.2496716 0.3454201 0.1170134 0.2842558 0.12760082 0.35138834 0.25005457 0.10895882
0.2035 0.2488845 0.3389156 0.1158235 0.2793759 0.1630831 0.3367842 0.23512378 0.13074341
0.204 0.248135 0.3327653 0.1146639 0.2747208 0.15449479 0.31293634 0.2238408 0.14438662
0.2045 0.2473961 0.3269706 0.1135255 0.2702735 0.14679822 0.32974795 0.22071281 0.10871702
0.205 0.2466555 0.321531 0.1124055 0.2660207 0.14716294 0.3084069 0.21203277 0.12828138
0.2055 0.2459078 0.3164444 0.1113031 0.2619512 0.15473431 0.29495305 0.20595726 0.12081989
0.206 0.245151 0.3117076 0.1102183 0.2580547 0.13569313 0.29981345 0.19801307 0.10734593
0.2065 0.2443848 0.3073164 0.1091517 0.2543216 0.148904 0.28273374 0.19323996 0.11615872
0.207 0.2436093 0.3032659 0.1081038 0.2507431 0.13947156 0.2796201 0.18444803 0.10982985
0.2075 0.2428252 0.2995507 0.107075 0.2473109 0.13878116 0.27831948 0.18022025 0.10305024
0.208 0.2420331 0.2961649 0.1060659 0.2440171 0.13882312 0.26940215 0.17455336 0.10812909
0.2085 0.2412339 0.2931022 0.105077 0.2408545 0.13754109 0.26763648 0.16999036 0.10162557
0.209 0.2404284 0.2903561 0.1041087 0.2378164 0.13370368 0.26669884 0.16521275 0.099553384
0.2095 0.2396174 0.2879201 0.1031613 0.2348964 0.13648766 0.26115644 0.16205168 0.10072995
0.21 0.2388015 0.2857873 0.1022352 0.2320884 0.13240558 0.2618921 0.15767416 0.09659397
0.2105 0.2379817 0.2839511 0.1013306 0.229387 0.13277394 0.26084223 0.15504035 0.095684834
0.211 0.2371585 0.2824044 0.1004479 0.2267867 0.13207155 0.25957152 0.15171471 0.09565922
0.2115 0.2363327 0.2811406 0.09958722 0.2242827 0.13097733 0.26091635 0.14931333 0.09299394
0.212 0.235505 0.2801529 0.09874884 0.2218703 0.13023853 0.2617624 0.14692244 0.09273393
0.2125 0.2346758 0.2794345 0.09793291 0.2195452 0.13040781 0.26263812 0.14498645 0.092146106
0.213 0.2338459 0.278979 0.09713959 0.2173033 0.12909353 0.26539865 0.14308172 0.09071431
0.2135 0.2330159 0.2787797 0.096369 0.2151407 0.12929168 0.26754448 0.14178509 0.09057645
0.214 0.2321861 0.2788304 0.09562127 0.2130538 0.12881872 0.27047738 0.14034039 0.090077825
0.2145 0.2313572 0.2791247 0.09489648 0.2110392 0.12850332 0.2741892 0.13941523 0.08936661
0.215 0.2305296 0.2796564 0.09419472 0.2090937 0.12840244 0.27790663 0.13856551 0.089379795
0.2155 0.2297039 0.2804197 0.09351602 0.2072141 0.1283566 0.28218028 0.1379587 0.08909366
0.216 0.2288803 0.2814085 0.09286045 0.2053977 0.12812778 0.28703701 0.13752472 0.088891305
0.2165 0.2280594 0.2826172 0.09222801 0.2036418 0.12830752 0.2919682 0.13733757 0.08903285
0.217 0.2272416 0.2840401 0.09161874 0.2019439 0.12826425 0.29745442 0.13723034 0.08903194
0.2175 0.2264272 0.2856718 0.09103261 0.2003014 0.12838188 0.30327222 0.13738513 0.089160495
0.218 0.2256166 0.287507 0.09046963 0.1987122 0.12855655 0.30932102 0.13763893 0.089470305
0.2185 0.22481 0.2895403 0.08992976 0.197174 0.12874436 0.31576627 0.13806829 0.08972273
0.219 0.224008 0.2917668 0.08941296 0.195685 0.12895939 0.32249808 0.13863859 0.09010618
0.2195 0.2232106 0.2941816 0.08891921 0.1942431 0.12927914 0.32945842 0.13935238 0.09058081
0.22 0.2224183 0.2967798 0.08844842 0.1928465 0.1295608 0.3367451 0.14018035 0.09105972
0.2205 0.2216313 0.2995567 0.08800055 0.1914935 0.12992725 0.3442553 0.14115658 0.09163778
0.221 0.2208498 0.3025078 0.08757552 0.1901824 0.1303133 0.35199273 0.14222986 0.09227506
0.2215 0.2200741 0.3056287 0.08717324 0.1889118 0.13072449 0.35997483 0.14342609 0.09293797
0.222 0.2193044 0.3089149 0.08679362 0.1876801 0.13116917 0.36814827 0.14472434 0.093676575
0.2225 0.2185409 0.3123625 0.08643658 0.1864859 0.13164824 0.37651047 0.14612132 0.09445474
0.223 0.2177838 0.3159671 0.08610199 0.1853279 0.13213617 0.3850596 0.14760867 0.095267124
0.2235 0.2170333 0.319725 0.08578976 0.1842049 0.13266194 0.39375725 0.14918604 0.09613142
0.224 0.2162896 0.3236321 0.08549977 0.1831156 0.13320002 0.40259948 0.15083632 0.09702604
0.2245 0.2155528 0.3276848 0.08523189 0.1820589 0.13375738 0.41157177 0.15256289 0.09794978
0.225 0.2148231 0.3318794 0.084986 0.1810337 0.13433236 0.4206467 0.15435204 0.09890831
0.2255 0.2141006 0.3362123 0.08476196 0.1800389 0.1349208 0.4298149 0.15619895 0.099886484
0.226 0.2133855 0.34068 0.08455965 0.1790736 0.13551813 0.43905637 0.15809557 0.100885175
0.2265 0.2126778 0.3452791 0.08437891 0.1781369 0.13612819 0.44834962 0.16003507 0.101902224
0.227 0.2119777 0.3500065 0.0842196 0.1772277 0.13674179 0.45767993 0.1620079 0.10292878
0.2275 0.2112852 0.3548588 0.08408157 0.1763454 0.1373606 0.46702707 0.16400826 0.10396328
0.228 0.2106006 0.359833 0.08396468 0.1754889 0.13798127 0.47637102 0.166026 0.10500195
0.2285 0.2099237 0.364926 0.08386876 0.1746576 0.13860056 0.4856955 0.16805443 0.10603806
0.229 0.2092548 0.370135 0.08379365 0.1738508 0.13921666 0.49498037 0.17008474 0.10706941
0.2295 0.2085939 0.375457 0.0837392 0.1730675 0.13982752 0.5042078 0.17210913 0.10809115
0.23 0.2079411 0.3808892 0.08370524 0.1723073 0.1404295 0.51336104 0.17411926 0.10909846
0.2305 0.2072963 0.3864289 0.0836916 0.1715694 0.14102167 0.5224224 0.17610785 0.110088356
0.231 0.2066597 0.3920735 0.08369811 0.1708531 0.141601 0.531376 0.17806682 0.11105641
0.2315 0.2060313 0.3978205 0.0837246 0.170158 0.14216533 0.5402075 0.17998952 0.111998655
0.232 0.2054111 0.4036672 0.08377091 0.1694833 0.14271313 0.5489022 0.18186894 0.11291245
0.2325 0.2047992 0.4096113 0.08383685 0.1688286 0.1432423 0.557448 0.1836986 0.11379402
0.233 0.2041956 0.4156503 0.08392224 0.1681933 0.14375106 0.56583333 0.18547326 0.11464063
0.2335 0.2036003 0.4217821 0.08402693 0.1675768 0.14423814 0.57404816 0.18718728 0.11544979
0.234 0.2030133 0.4280043 0.08415071 0.1669787 0.14470187 0.58208424 0.1888363 0.11621916
0.2345 0.2024346 0.4343147 0.08429342 0.1663985 0.1451413 0.5899347 0.19041622 0.11694685
0.235 0.2018642 0.4407111 0.08445487 0.1658358 0.14555565 0.5975938 0.19192392 0.11763134
0.2355 0.2013022 0.4471916 0.08463489 0.16529 0.14594394 0.6050575 0.19335705 0.11827135
0.236 0.2007485 0.4537541 0.08483329 0.1647608 0.14630568 0.61232364 0.19471374 0.11886605
0.2365 0.2002031 0.4603966 0.08504988 0.1642478 0.14664072 0.6193907 0.19599247 0.1194148
0.237 0.199666 0.4671172 0.0852845 0.1637505 0.14694872 0.62625897 0.19719326 0.11991744
0.2375 0.1991372 0.473914 0.08553695 0.1632686 0.14722988 0.6329296 0.19831571 0.12037397
0.238 0.1986167 0.4807852 0.08580705 0.1628017 0.14748436 0.6394048 0.19936076 0.12078466
0.2385 0.1981044 0.4877291 0.08609461 0.1623494 0.14771238 0.64568806 0.20032954 0.121150136
0.239 0.1976003 0.4947438 0.08639946 0.1619114 0.14791459 0.65178347 0.20122358 0.12147113
0.2395 0.1971045 0.5018277 0.08672142 0.1614874 0.14809144 0.6576958 0.2020449 0.12174864
0.24 0.1966168 0.5089792 0.08706029 0.161077 0.14824384 0.6634307 0.20279604 0.12198373
0.2405 0.1961372 0.5161967 0.08741591 0.1606799 0.1483725 0.6689937 0.2034797 0.122177705
0.241 0.1956658 0.5234785 0.08778807 0.1602959 0.14847815 0.6743914 0.20409858 0.12233176
0.2415 0.1952024 0.5308233 0.08817661 0.1599246 0.1485618 0.67963016 0.20465577 0.12244754
0.242 0.194747 0.5382294 0.08858134 0.1595658 0.14862445 0.6847167 0.20515463 0.12252634
0.2425 0.1942996 0.5456955 0.08900209 0.1592191 0.14866692 0.6896577 0.20559812 0.122569755
0.243 0.1938601 0.5532202 0.08943866 0.1588843 0.14869028 0.6944598 0.20598993 0.12257927
0.2435 0.1934285 0.560802 0.08989089 0.1585612 0.14869556 0.69912994 0.20633307 0.12255647
0.244 0.1930048 0.5684397 0.09035859 0.1582495 0.14868358 0.7036742 0.206631 0.12250274
0.2445 0.1925889 0.5761319 0.09084159 0.1579489 0.1486552 0.70809925 0.20688665 0.12241961
0.245 0.1921807 0.5838773 0.09133971 0.1576593 0.14861166 0.7124109 0.20710355 0.12230857
0.2455 0.1917802 0.5916748 0.09185277 0.1573804 0.14855364 0.7166156 0.20728433 0.122170836
0.246 0.1913873 0.5995232 0.0923806 0.1571119 0.1484819 0.7207184 0.20743209 0.12200791
0.2465 0.191002 0.6074212 0.09292302 0.1568537 0.14839745 0.72472507 0.20754963 0.12182082
0.247 0.1906243 0.6153676 0.09347987 0.1566056 0.14830095 0.72864044 0.20763934 0.12161099
0.2475 0.190254 0.6233615 0.09405096 0.1563673 0.14819324 0.73246926 0.2077038 0.121379435
0.248 0.1898911 0.6314017 0.09463614 0.1561386 0.14807484 0.73621607 0.20774573 0.12112723
0.2485 0.1895356 0.639487 0.09523522 0.1559194 0.14794648 0.7398852 0.20776683 0.120855376
0.249 0.1891874 0.6476166 0.09584804 0.1557095 0.14780876 0.74348027 0.2077691 0.12056477
0.2495 0.1888465 0.6557893 0.09647443 0.1555087 0.14766225 0.7470053 0.20775497 0.12025639
0.25 0.1885127 0.6640043 0.09711424 0.1553167 0.14750761 0.75046325 0.20772615 0.11993086
0.2505 0.1881877 0.6721735 0.09776743 0.1551552 0.14837387 0.7469505 0.2092691 0.1221677
0.251 0.1878804 0.6801129 0.09843292 0.1550593 0.148105 0.7481987 0.20958242 0.12415244
0.2515 0.1875942 0.6877588 0.09910459 0.1550154 0.14891726 0.74942374 0.21065474 0.12656562
0.252 0.1873264 0.695079 0.09977624 0.1550138 0.15028605 0.7493881 0.21055484 0.12851782
0.2525 0.1870746 0.7020563 0.1004437 0.1550501 0.15103415 0.74899477 0.21257633 0.13027829
0.253 0.1868373 0.7086809 0.1011045 0.1551216 0.15180367 0.7483107 0.21383217 0.13170679
0.2535 0.1866134 0.7149474 0.1017567 0.1552267 0.15259978 0.74766403 0.21494251 0.13335112
0.254 0.1864027 0.7208536 0.1023992 0.1553635 0.15333661 0.7466589 0.21584979 0.13489157
0.2545 0.1862046 0.7263992 0.1030308 0.1555305 0.15405425 0.74570954 0.216972 0.13640378
0.255 0.1860191 0.7315858 0.1036506 0.1557265 0.15477702 0.74460113 0.21785605 0.13798296
0.2555 0.1858461 0.736416 0.104258 0.1559499 0.15549085 0.74351215 0.218779 0.13945645
0.256 0.1856853 0.7408937 0.1048522 0.1561996 0.15618691 0.74224186 0.21968418 0.14095122
0.2565 0.1855367 0.7450236 0.1054327 0.1564744 0.15690398 0.7409558 0.2206161 0.14242277
0.257 0.1854001 0.748811 0.105999 0.1567731 0.15758848 0.7395519 0.22148028 0.14385349
0.2575 0.1852754 0.7522616 0.1065506 0.1570947 0.15828055 0.73810744 0.22237644 0.14527804
0.258 0.1851625 0.7553818 0.1070871 0.1574381 0.15896323 0.7365557 0.22323465 0.14668874
0.2585 0.1850612 0.7581779 0.1076083 0.1578025 0.1596385 0.73497295 0.22409898 0.14806825
0.259 0.1849715 0.7606569 0.1081137 0.1581869 0.16030988 0.73329574 0.22494063 0.14944358
0.2595 0.1848932 0.7628254 0.1086031 0.1585905 0.16097954 0.7315701 0.22578427 0.15079576
0.26 0.1848261 0.7646906 0.1090763 0.1590124 0.16163906 0.72976696 0.22661233 0.15213078
0.2605 0.1847702 0.7662595 0.109533 0.159452 0.16229874 0.7279078 0.22743848 0.15345046
0.261 0.1847253 0.7675389 0.1099732 0.1599084 0.16295108 0.72597444 0.2282506 0.15475264
0.2615 0.1846912 0.768536 0.1103966 0.160381 0.16359967 0.7239828 0.22905907 0.15603608
0.262 0.1846679 0.7692576 0.1108031 0.1608691 0.16424343 0.72191876 0.2298556 0.15730467
0.2625 0.1846551 0.7697106 0.1111926 0.1613721 0.16488302 0.7197932 0.23064545 0.1585539
0.263 0.1846528 0.7699017 0.111565 0.1618894 0.16551688 0.7175965 0.23142436 0.15978634
0.2635 0.1846608 0.7698376 0.1119203 0.1624205 0.16614708 0.71533453 0.23219469 0.16100103
0.264 0.1846789 0.7695249 0.1122584 0.1629647 0.16677147 0.7130018 0.2329534 0.16219753
0.2645 0.1847071 0.7689698 0.1125792 0.1635217 0.16739154 0.7106008 0.2337021 0.16337574
0.265 0.1847451 0.7681788 0.1128828 0.1640909 0.16800612 0.7081274 0.23443821 0.16453567
0.2655 0.1847929 0.7671579 0.113169 0.1646718 0.16861561 0.70558345 0.23516238 0.16567647
0.266 0.1848502 0.765913 0.113438 0.1652641 0.16921967 0.70296514 0.23587283 0.16679847
0.2665 0.184917 0.7644502 0.1136897 0.1658672 0.16981846 0.70027363 0.2365695 0.16790101
0.267 0.1849931 0.762775 0.1139241 0.1664809 0.17041138 0.69750553 0.23725107 0.16898385
0.2675 0.1850784 0.7608931 0.1141413 0.1671046 0.17099869 0.6946609 0.23791671 0.17004666
0.268 0.1851726 0.7588098 0.1143413 0.1677381 0.17157993 0.6917375 0.2385653 0.17108917
0.2685 0.1852758 0.7565306 0.1145241 0.168381 0.17215505 0.6887343 0.23919627 0.1721108
0.269 0.1853877 0.7540604 0.1146899 0.1690329 0.17272395 0.68564934 0.23980767 0.17311153
0.2695 0.1855082 0.7514044 0.1148386 0.1696935 0.17328629 0.6824814 0.2403993 0.17409074
0.27 0.1856371 0.7485674 0.1149704 0.1703626 0.1738419 0.6792283 0.24096948 0.17504802
0.2705 0.1857744 0.7455543 0.1150853 0.1710399 0.17439064 0.67588884 0.24151698 0.17598316
0.271 0.1859199 0.7423695 0.1151834 0.1717249 0.17493227 0.6724606 0.24204063 0.17689571
0.2715 0.1860734 0.7390176 0.1152647 0.1724176 0.17546651 0.6689421 0.24253914 0.17778504
0.272 0.1862348 0.7355031 0.1153294 0.1731176 0.17599311 0.6653313 0.24301097 0.17865095
0.2725 0.186404 0.7318301 0.1153776 0.1738247 0.17651197 0.6616263 0.24345496 0.17949277
0.273 0.1865809 0.7280028 0.1154094 0.1745386 0.17702273 0.6578245 0.24386933 0.18031031
0.2735 0.1867653 0.7240252 0.1154248 0.1752591 0.17752501 0.6539244 0.24425259 0.18110275
0.274 0.186957 0.7199013 0.115424 0.1759861 0.17801881 0.6499232 0.24460334 0.18187001
0.2745 0.187156 0.7156349 0.1154071 0.1767192 0.17850363 0.64581877 0.24491975 0.18261123
0.275 0.1873622 0.7112296 0.1153742 0.1774583 0.17897919 0.64160883 0.24520013 0.18332604
0.2755 0.1875752 0.7066892 0.1153255 0.1782028 0.1794453 0.6372908 0.24544308 0.18401399
0.276 0.1877948 0.702017 0.1152609 0.1789523 0.17990154 0.6328622 0.24564636 0.18467437
0.2765 0.1880209 0.6972166 0.1151807 0.1797069 0.18034756 0.6283203 0.24580824 0.18530682
0.277 0.1882535 0.6922912 0.1150849 0.1804668 0.18078315 0.62366253 0.24592689 0.18591055
0.2775 0.1884926 0.687244 0.1149735 0.1812319 0.18120766 0.6188862 0.24600023 0.18648532
0.278 0.1887216 0.6820775 0.1148202 0.1819919 0.18162107 0.6139884 0.2460263 0.18703017
0.2785 0.1889458 0.6767936 0.1146399 0.1827482 0.18202275 0.60896623 0.24600306 0.18754482
0.279 0.1891816 0.6713958 0.1144561 0.1835105 0.18241248 0.603817 0.24592847 0.18802837
0.2795 0.1894327 0.6658879 0.1142711 0.1842814 0.18278971 0.5985372 0.24580026 0.1884805
0.28 0.1896975 0.6602733 0.1140813 0.1850607 0.18315414 0.5931246 0.24561638 0.18890047
0.2805 0.1899733 0.6545552 0.1138829 0.1858474 0.18350527 0.58757555 0.2453745 0.18928766
0.281 0.1902578 0.6487363 0.113673 0.1866407 0.18384269 0.581887 0.24507248 0.18964145
0.2815 0.1905493 0.6428192 0.1134499 0.1874398 0.18416598 0.5760565 0.24470824 0.18996134
0.282 0.1908468 0.6368064 0.1132128 0.1882442 0.18447459 0.5700802 0.24427906 0.19024667
0.2825 0.1911497 0.6307002 0.1129614 0.1890534 0.18476823 0.5639559 0.24378309 0.19049689
0.283 0.1914575 0.624503 0.1126954 0.189867 0.18504643 0.55767995 0.24321812 0.19071144
0.2835 0.19177 0.6182169 0.1124151 0.1906846 0.18530864 0.5512499 0.2425819 0.19088972
0.284 0.1920871 0.6118442 0.1121206 0.191506 0.18555441 0.5446628 0.24187222 0.19103134
0.2845 0.1924088 0.6053869 0.1118122 0.1923311 0.1857833 0.5379162 0.2410869 0.19113585
0.285 0.1927349 0.5988472 0.1114899 0.1931595 0.18599495 0.5310076 0.24022415 0.19120279
0.2855 0.1930655 0.5922271 0.1111542 0.1939912 0.18618894 0.5239349 0.23928231 0.19123179
0.286 0.1934005 0.5855286 0.1108051 0.1948259 0.18636486 0.5166961 0.23825955 0.1912227
0.2865 0.1937398 0.5787537 0.1104429 0.1956636 0.18652225 0.5092897 0.23715419 0.19117516
0.287 0.1940835 0.5719042 0.1100679 0.1965041 0.1866608 0.5017145 0.2359649 0.19108924
0.2875 0.1944314 0.5649821 0.1096801 0.1973474 0.1867803 0.4939699 0.23469064 0.19096494
0.288 0.1947835 0.5579891 0.1092798 0.1981934 0.18688044 0.48605552 0.23333085 0.19080237
0.2885 0.1951397 0.5509271 0.1088671 0.1990419 0.18696111 0.47797194 0.23188466 0.19060183
0.289 0.1955 0.5437976 0.1084422 0.1998929 0.18702203 0.46972016 0.23035225 0.19036385
0.2895 0.1958642 0.5366025 0.1080054 0.2007463 0.18706337 0.46130198 0.22873405 0.19008893
0.29 0.1962324 0.5293434 0.1075566 0.201602 0.18708497 0.45272058 0.2270307 0.18977797
0.2905 0.1966044 0.5220218 0.1070961 0.20246 0.18708715 0.4439787 0.22524348 0.18943208
0.291 0.1969801 0.5146393 0.106624 0.2033201 0.18707013 0.43508202 0.22337425 0.1890524
0.2915 0.1973596 0.5071974 0.1061405 0.2041824 0.18703434 0.42603546 0.22142556 0.1886406
0.292 0.1977426 0.4996976 0.1056458 0.2050468 0.1869804 0.4168465 0.21940064 0.18819848
0.2925 0.1981292 0.4921413 0.1051399 0.2059132 0.18690884 0.40752283 0.21730337 0.18772802
0.293 0.1985193 0.48453 0.104623 0.2067816 0.18682063 0.39807448 0.21513808 0.18723163
0.2935 0.1989126 0.4768649 0.1040953 0.2076518 0.1867168 0.3885118 0.21291038 0.18671206
0.294 0.1993091 0.4691474 0.1035568 0.2085236 0.18659875 0.37884736 0.21062633 0.18617219
0.2945 0.1997087 0.4613789 0.1030077 0.2093972 0.1864678 0.36909476 0.20829305 0.18561539
0.295 0.2001115 0.4535605 0.1024483 0.2102725 0.18632573 0.35926872 0.2059181 0.18504518
0.2955 0.2005174 0.4456934 0.1018785 0.2111495 0.18617421 0.3493857 0.20351014 0.18446551
0.296 0.2009264 0.437779 0.1012985 0.2120282 0.18601555 0.33946267 0.20107836 0.18388043
0.2965 0.2013385 0.4298183 0.1007086 0.2129086 0.18585181 0.32951894 0.19863278 0.1832943
0.297 0.2017536 0.4218124 0.1001087 0.2137906 0.18568558 0.31957355 0.19618401 0.18271178
0.2975 0.2021715 0.4137626 0.09949906 0.2146742 0.18551955 0.309647 0.19374314 0.1821375
0.298 0.2025924 0.4056697 0.0988798 0.2155593 0.18535656 0.29975998 0.19132182 0.18157624
0.2985 0.2030157 0.397535 0.09825099 0.2164456 0.18519929 0.28993362 0.18893209 0.18103313
0.299 0.2034412 0.3893593 0.09761269 0.2173326 0.18505102 0.28018963 0.1865856 0.18051289
0.2995 0.2038689 0.3811437 0.09696505 0.2182207 0.18491468 0.2705486 0.18429473 0.18002036
0.3 0.2042991 0.3728891 0.09630824 0.21911 0.054328144 0.5018561 0.3380808 0.14859514
0.3005 0.1948509 0.3646154 0.09489677 0.2150027 0.17469504 0.37258688 0.26398915 0.10225932
0.301 0.1832649 0.356334 0.09282767 0.2108186 0.019730814 0.38269746 0.32118812 0.0008603558
0.3015 0.175796 0.3481012 0.09113727 0.2077799 0.07647088 0.3069295 0.2918498 0.16311738
0.302 0.1710953 0.339967 0.08976349 0.205198 0.08935525 0.2709161 0.122393735 0.09920533
0.3025 0.1677948 0.331959 0.0885499 0.2028143 -0.022794478 0.3223902 0.18127102 0.081231736
0.303 0.1651594 0.3240919 0.08740799 0.2005522 0.055779926 0.27285764 0.17534563 0.1381807
0.3035 0.1628446 0.3163737 0.08629723 0.1983877 0.04898355 0.284787 0.14146814 0.10095107
0.304 0.1606951 0.308809 0.08520047 0.1963113 0.03167726 0.2859592 0.15580478 0.089416556
0.3045 0.1586413 0.3014005 0.08411084 0.1943181 0.060830303 0.20773894 0.16299796 0.11202954
0.305 0.1566512 0.2941494 0.08302584 0.1924044 0.024612963 0.23874092 0.14529186 0.086184844
0.3055 0.1547099 0.2870558 0.08194473 0.1905673 0.023669153 0.23866524 0.12386138 0.08798238
0.306 0.15281 0.2801194 0.08086754 0.1888042 0.044587247 0.20403346 0.11609361 0.1043013
0.3065 0.1509476 0.273339 0.07979459 0.1871127 0.026198708 0.21279174 0.1217042 0.089400865
0.307 0.1491207 0.2667131 0.07872626 0.1854903 0.027794957 0.19994998 0.10872448 0.088642985
0.3075 0.147328 0.2602398 0.077663 0.1839348 0.032489713 0.18390809 0.09971566 0.095505476
0.308 0.1455686 0.2539168 0.07660523 0.1824441 0.022405632 0.18613225 0.09836102 0.0846309
0.3085 0.1438418 0.2477417 0.07555335 0.1810162 0.024541281 0.17226343 0.09216852 0.08848525
0.309 0.1421473 0.241712 0.07450775 0.179649 0.026498124 0.16485281 0.08379779 0.09022527
0.3095 0.1404846 0.2358248 0.07346878 0.1783407 0.019997403 0.16156286 0.08052329 0.08336095
0.31 0.1388534 0.2300774 0.07243678 0.1770894 0.021226555 0.15102527 0.07622952 0.08707446
0.3105 0.1372533 0.2244668 0.07141205 0.1758934 0.020986386 0.14616337 0.06994284 0.086471446
0.311 0.1356841 0.2189901 0.07039488 0.174751 0.017426461 0.14247864 0.0658908 0.08311001
0.3115 0.1341454 0.2136444 0.06938554 0.1736606 0.0186617 0.13387614 0.06235785 0.085766174
0.312 0.1326369 0.2084266 0.06838429 0.1726207 0.017381899 0.12966385 0.057960995 0.08434817
0.3125 0.1311584 0.2033339 0.06739135 0.1716296 0.015130378 0.12577525 0.054324098 0.08305946
0.313 0.1297095 0.1983633 0.06640694 0.1706862 0.015948448 0.11943263 0.050552793 0.084528595
0.3135 0.12829 0.1935119 0.06543127 0.1697888 0.014559675 0.115748495 0.047322907 0.08350962
0.314 0.1268996 0.188777 0.06446451 0.1689363 0.013417102 0.111887306 0.044263758 0.083199374
0.3145 0.125538 0.1841555 0.06350685 0.1681274 0.013652984 0.1069901 0.040924676 0.083936304
0.315 0.124205 0.1796449 0.06255844 0.1673608 0.012479071 0.10384287 0.038221307 0.08334994
0.3155 0.1229002 0.1752424 0.06161943 0.1666354 0.011891469 0.100182384 0.035584994 0.08346777
0.316 0.1216234 0.1709454 0.06068996 0.16595 0.011792898 0.09640387 0.032795288 0.08390362
0.3165 0.1203742 0.1667512 0.05977015 0.1653037 0.010957759 0.093582064 0.030458398 0.083680734
0.317 0.1191524 0.1626574 0.05886013 0.1646953 0.010619551 0.09031437 0.028160311 0.0839656
0.3175 0.1179577 0.1586614 0.05795999 0.1641238 0.010369301 0.0872771 0.025870271 0.084306285
0.318 0.1167899 0.1547609 0.05706983 0.1635883 0.009813491 0.08473489 0.023817755 0.08433743
0.3185 0.1156485 0.1509534 0.05618974 0.1630878 0.0095873885 0.08191641 0.021824308 0.08471255
0.319 0.1145334 0.1472367 0.0553198 0.1626216 0.009332236 0.07938661 0.019909807 0.08504481
0.3195 0.1134443 0.1436086 0.05446008 0.1621886 0.008968808 0.07708922 0.018131413 0.08525666
0.32 0.1123808 0.1400668 0.05361064 0.161788 0.00880548 0.07468891 0.016406305 0.085680306
0.3205 0.1113427 0.1366092 0.05277153 0.1614192 0.008597981 0.072520494 0.014775164 0.08604477
0.321 0.1103297 0.1332338 0.05194282 0.1610812 0.008370869 0.07046832 0.0132385865 0.08638415
0.3215 0.1093415 0.1299385 0.05112454 0.1607733 0.00825895 0.068409875 0.011752538 0.086842075
0.322 0.1083778 0.1267214 0.05031671 0.1604949 0.008114673 0.066520974 0.010349713 0.08725365
0.3225 0.1074384 0.1235805 0.04951939 0.1602452 0.007985774 0.06469959 0.009021781 0.087680474
0.323 0.1065229 0.120514 0.04873258 0.1600235 0.00792196 0.062917516 0.007742159 0.08816823
0.3235 0.1056311 0.1175201 0.04795631 0.1598292 0.007841557 0.0612561 0.006532751 0.088629924
0.324 0.1047626 0.114597 0.04719059 0.1596617 0.007787667 0.05964448 0.00538408 0.0891167
0.3245 0.1039173 0.111743 0.04643542 0.1595203 0.007770125 0.05808695 0.0042825416 0.0896339
0.325 0.1030948 0.1089564 0.04569081 0.1594045 0.0077491626 0.056617443 0.0032398924 0.090140924
0.3255 0.1022949 0.1062356 0.04495676 0.1593136 0.007754717 0.055191386 0.0022478625 0.09067099
0.326 0.1015172 0.103579 0.04423326 0.1592472 0.0077821724 0.053821433 0.0013012365 0.09121692
0.3265 0.1007615 0.100985 0.04352031 0.1592046 0.007814705 0.052517448 0.00040455908 0.091762304
0.327 0.1000275 0.09845225 0.04281788 0.1591854 0.007869925 0.051254872 -0.0004483238 0.09232577
0.3275 0.09931502 0.09597913 0.04212595 0.1591891 0.00794043 0.05004445 -0.0012588128 0.09289883
0.328 0.09862368 0.09356429 0.04144452 0.1592151 0.008020617 0.048886348 -0.0020257458 0.09347609
0.3285 0.09795325 0.09120632 0.04077354 0.1592629 0.008119363 0.04776806 -0.0027534142 0.09406687
0.329 0.09730346 0.08890388 0.04011299 0.1593322 0.008230779 0.04669665 -0.0034422353 0.094664685
0.3295 0.09667405 0.08665566 0.03946285 0.1594224 0.008353509 0.045669068 -0.0040919706 0.09526857
0.33 0.09606475 0.08446037 0.03882307 0.1595331 0.008491863 0.044679824 -0.0047060326 0.09588264
0.3305 0.0954753 0.08231677 0.03819362 0.159664 0.008641712 0.043732155 -0.0052837506 0.09650281
0.331 0.09490545 0.08022364 0.03757445 0.1598145 0.008803528 0.042823065 -0.005826153 0.09712942
0.3315 0.09435493 0.0781798 0.03696552 0.1599842 0.00897862 0.041950304 -0.0063348785 0.097763985
0.332 0.09382349 0.0761841 0.0363668 0.1601728 0.009164795 0.041115228 -0.0068102106 0.09840413
0.3325 0.09331087 0.07423541 0.03577822 0.16038 0.009362649 0.040315274 -0.007252656 0.099050485
0.333 0.09281684 0.07233265 0.03519974 0.1606052 0.00957248 0.03954986 -0.0076630786 0.09970339
0.3335 0.09234113 0.07047475 0.03463131 0.1608482 0.009793192 0.038819153 -0.008042105 0.100361615
0.334 0.0918835 0.06866068 0.03407288 0.1611085 0.010025162 0.038121272 -0.008390076 0.101025596
0.3345 0.09144371 0.06688941 0.03352438 0.161386 0.010268301 0.03745589 -0.00870768 0.101695225
0.335 0.09102152 0.06515997 0.03298576 0.1616801 0.010521974 0.036823127 -0.008994915 0.10236992
0.3355 0.09061669 0.0634714 0.03245696 0.1619907 0.010786459 0.03622176 -0.00925269 0.10304986
0.336 0.09022898 0.06182276 0.03193792 0.1623173 0.011061665 0.035651598 -0.009481035 0.10373494
0.3365 0.08985815 0.06021314 0.03142858 0.1626596 0.011347264 0.035112355 -0.0096802935 0.104424834
0.337 0.08950398 0.05864166 0.03092887 0.1630174 0.011643305 0.03460345 -0.009850852 0.105119586
0.3375 0.08916623 0.05710744 0.03043873 0.1633904 0.011949696 0.034124706 -0.009992905 0.105819196
0.338 0.08884468 0.05560965 0.02995809 0.1637782 0.012266371 0.033675734 -0.010106735 0.10652327
0.3385 0.0885391 0.05414746 0.02948689 0.1641806 0.012593135 0.03325622 -0.0101922825 0.10723203
0.339 0.08824928 0.05272007 0.02902505 0.1645973 0.012930065 0.032866243 -0.01024992 0.10794525
0.3395 0.08797499 0.0513267 0.02857251 0.1650281 0.013277065 0.03250538 -0.010279946 0.108662836
0.34 0.08771601 0.04996658 0.0281292 0.1654726 0.013634086 0.032173265 -0.010282375 0.1093849
0.3405 0.08747213 0.04863898 0.02769505 0.1659307 0.014001012 0.031870175 -0.010257147 0.11011122
0.341 0.08724313 0.04734317 0.02726998 0.166402 0.014377996 0.03159565 -0.010204904 0.11084181
0.3415 0.08702882 0.04607844 0.02685392 0.1668863 0.014764629 0.031349767 -0.010124974 0.11157662
0.342 0.08682897 0.0448441 0.0264468 0.1673834 0.015161291 0.031132463 -0.010018207 0.11231559
0.3425 0.08664339 0.04363948 0.02604855 0.1678931 0.0155678615 0.0309431 -0.009884305 0.113058716
0.343 0.08647187 0.04246393 0.02565909 0.1684151 0.015983894 0.030782346 -0.009723239 0.11380592
0.3435 0.08631421 0.0413168 0.02527834 0.1689491 0.016409904 0.030649725 -0.00953532 0.11455718
0.344 0.08617022 0.04019748 0.02490624 0.1694951 0.016845621 0.030545313 -0.00932049 0.11531249
0.3445 0.0860397 0.03910535 0.02454271 0.1700527 0.017290946 0.030469183 -0.009078719 0.11607184
0.345 0.08592245 0.03803983 0.02418766 0.1706218 0.017746113 0.030421022 -0.008810319 0.1168352
0.3455 0.08581829 0.03700032 0.02384104 0.1712021 0.018210776 0.03040101 -0.008514948 0.117602505
0.346 0.08572702 0.03598627 0.02350275 0.1717935 0.018685129 0.030408937 -0.008193009 0.11837369
0.3465 0.08564847 0.03499713 0.02317272 0.1723957 0.0191691 0.030445073 -0.007844292 0.11914897
0.347 0.08558244 0.03403235 0.02285088 0.1730086 0.019662678 0.030509103 -0.0074689016 0.11992805
0.3475 0.08552877 0.03309141 0.02253715 0.1736319 0.020165782 0.030601162 -0.0070668235 0.12071103
0.348 0.08548726 0.03217381 0.02223145 0.1742655 0.020678386 0.03072146 -0.0066382363 0.1214979
0.3485 0.08545775 0.03127904 0.02193372 0.1749093 0.021200627 0.030869562 -0.006183006 0.1222886
0.349 0.08544006 0.0304066 0.02164386 0.175563 0.021732323 0.031045739 -0.0057012513 0.12308322
0.3495 0.08543401 0.02955604 0.0213618 0.1762264 0.022273466 0.03124984 -0.0051931664 0.123881616
0.35 0.08543944 0.02872687 0.02108747 0.1768995 -0.049521156 0.022041295 -0.053233616 -0.01694142
0.3505 0.08430975 0.02789585 0.019982 0.166745 -0.11464317 -0.020839553 0.007063277 -0.07811872
0.351 0.0813784 0.0269826 0.01805131 0.156366 -0.04602398 -0.07139528 -0.06622534 0.045226924
0.3515 0.07862563 0.02600579 0.01652784 0.1487141 -0.045127664 -0.01066139 -0.009637125 -0.106838636
0.352 0.07642694 0.02500033 0.01539736 0.1422448 -0.075086415 -0.08070481 -0.016406797 -0.047362573
0.3525 0.07462152 0.02398623 0.01447825 0.1363107 -0.00042743608 -0.07016078 -0.005511187 -0.014338478
0.353 0.07303169 0.02297306 0.01365648 0.130705 -0.08753888 -0.076654375 -0.058419965 -0.093078874
0.3535 0.07154826 0.02196516 0.01287739 0.1253592 -0.06534131 -0.0009042658 -0.027938135 -0.027202837
0.354 0.07011452 0.02096456 0.01211727 0.1202445 -0.023752056 -0.0920687 -0.06336088 -0.03275919
0.3545 0.06870315 0.01997225 0.01136634 0.1153437 -0.07126452 0.0009819008 -0.035423674 -0.067887105
0.355 0.06730152 0.01898875 0.01062071 0.1106436 -0.044496696 -0.058827277 -0.037844487 -0.031640545
0.3555 0.06590405 0.0180144 0.00987887 0.1061329 -0.037166156 -0.05228142 -0.045335986 -0.058785096
0.356 0.06450848 0.01704938 0.009140304 0.1018009 -0.073659405 -0.03957444 -0.034726866 -0.05609645
0.3565 0.06311412 0.01609382 0.008404884 0.09763801 -0.035643402 -0.047371935 -0.04451602 -0.048275463
0.357 0.06172098 0.0151478 0.007672639 0.09363511 -0.05486452 -0.065823615 -0.04589338 -0.052176885
0.3575 0.06032942 0.01421137 0.006943662 0.08978369 -0.05644249 -0.028801646 -0.038206078 -0.056368
0.358 0.05893998 0.01328455 0.00621807 0.0860758 -0.04651825 -0.068627104 -0.049078338 -0.048981808
0.3585 0.05755321 0.01236735 0.005495983 0.08250395 -0.05389793 -0.03933342 -0.042568333 -0.054191865
0.359 0.05616972 0.01145973 0.004777525 0.07906116 -0.053803608 -0.05351754 -0.04407472 -0.053670518
0.3595 0.05479008 0.01056169 0.004062812 0.07574084 -0.047769554 -0.04981154 -0.045716412 -0.05200912
0.36 0.05341487 0.009673175 0.003351959 0.07253681 -0.054775596 -0.052457545 -0.043058015 -0.052641504
0.3605 0.05204462 0.008794143 0.002645072 0.0694433 -0.050813176 -0.04673231 -0.04532335 -0.055583246
0.361 0.05067985 0.007924538 0.001942253 0.06645484 -0.052040767 -0.056177605 -0.044846155 -0.050549105
0.3615 0.04932105 0.007064301 0.0012436 0.06356633 -0.051647972 -0.04662131 -0.044481345 -0.054992735
0.362 0.04796867 0.006213368 0.0005492034 0.06077296 -0.05296408 -0.054299507 -0.04547053 -0.053118154
0.3625 0.04662315 0.00537167 -0.0001408518 0.0580702 -0.050779395 -0.049158644 -0.04483687 -0.052649915
0.363 0.0452849 0.004539138 -0.0008264848 0.05545381 -0.05286843 -0.05338319 -0.045291327 -0.054043226
0.3635 0.0439543 0.003715698 -0.00150762 0.05291977 -0.051921885 -0.049294192 -0.04513336 -0.05345916
0.364 0.04263171 0.002901274 -0.002184188 0.05046431 -0.051800683 -0.053759944 -0.045363016 -0.052727915
0.3645 0.04131745 0.00209579 -0.002856122 0.04808389 -0.052263487 -0.049937565 -0.04539668 -0.054373965
0.365 0.04001186 0.001299169 -0.003523362 0.04577516 -0.052397743 -0.052871745 -0.045273013 -0.05282995
0.3655 0.03871521 0.0005113326 -0.00418585 0.04353495 -0.051530544 -0.051171336 -0.045678504 -0.053741194
0.366 0.03742778 -0.0002677985 -0.004843534 0.04136029 -0.052829977 -0.052458037 -0.045432217 -0.05353745
0.3665 0.03614983 -0.001038303 -0.005496365 0.03924837 -0.051757578 -0.051229235 -0.04558993 -0.053479724
0.367 0.03488159 -0.001800261 -0.0061443 0.03719654 -0.052313022 -0.052980836 -0.04573322 -0.05347555
0.3675 0.03362328 -0.002553752 -0.006787297 0.03520227 -0.052296516 -0.051131684 -0.0455833 -0.05373823
0.368 0.03237509 -0.003298855 -0.007425319 0.03326321 -0.052160855 -0.052932147 -0.045808233 -0.053384
0.3685 0.03113722 -0.004035649 -0.008058333 0.03137711 -0.05220651 -0.05171833 -0.04577609 -0.05371052
0.369 0.02990983 -0.004764214 -0.008686308 0.02954185 -0.05241858 -0.052562404 -0.045776717 -0.053540833
0.3695 0.02869308 -0.005484629 -0.009309217 0.02775541 -0.05209792 -0.05209933 -0.045924656 -0.053644888
0.37 0.0274871 -0.006196972 -0.009927037 0.02601589 -0.052426454 -0.052624766 -0.045860104 -0.053563617
0.3705 0.02629203 -0.006901321 -0.01053975 0.02432149 -0.052237414 -0.05212308 -0.045944847 -0.053714506
0.371 0.02510798 -0.007597754 -0.01114733 0.02267049 -0.052345674 -0.052767117 -0.04598611 -0.053556457
0.3715 0.02393506 -0.008286348 -0.01174976 0.02106127 -0.052302957 -0.052251976 -0.0459873 -0.053707898
0.372 0.02277335 -0.008967181 -0.01234704 0.01949228 -0.052380215 -0.05274869 -0.046046443 -0.05363681
0.3725 0.02162293 -0.009640328 -0.01293916 0.01796205 -0.052303568 -0.052442063 -0.046065606 -0.05367235
0.373 0.02048387 -0.01030587 -0.0135261 0.01646921 -0.052400462 -0.05275668 -0.04609298 -0.053669848
0.3735 0.01935624 -0.01096387 -0.01410786 0.01501241 -0.052346565 -0.052546505 -0.04612773 -0.053707197
0.374 0.01824008 -0.01161441 -0.01468443 0.0135904 -0.052393984 -0.052814115 -0.046146505 -0.05365795
0.3745 0.01713543 -0.01225757 -0.01525583 0.01220197 -0.052375372 -0.052637223 -0.046179064 -0.053734303
0.375 0.01604233 -0.01289342 -0.01582204 0.01084599 -0.05241786 -0.052844804 -0.04619678 -0.053682625
0.3755 0.01496079 -0.01352203 -0.01638307 0.009521361 -0.052380998 -0.052735154 -0.04622566 -0.053725317
0.376 0.01389084 -0.01414348 -0.01693892 0.008227041 -0.052436516 -0.052881505 -0.04624418 -0.053715155
0.3765 0.01283248 -0.01475783 -0.0174896 0.00696204 -0.052405886 -0.05280121 -0.046265863 -0.053730376
0.377 0.01178571 -0.01536517 -0.01803513 0.005725408 -0.052435633 -0.05293366 -0.046288706 -0.053724267
0.3775 0.01075053 -0.01596555 -0.0185755 0.004516242 -0.052432008 -0.05285984 -0.046304442 -0.053747475
0.378 0.009726923 -0.01655905 -0.01911074 0.003333676 -0.052445427 -0.052969996 -0.046325155 -0.053733
0.3785 0.008714875 -0.01714575 -0.01964085 0.002176881 -0.052441496 -0.052925747 -0.046343513 -0.05375527
0.379 0.007714361 -0.0177257 -0.02016585 0.001045067 -0.052462455 -0.052999873 -0.046357684 -0.053747885
0.3795 0.00672535 -0.01829899 -0.02068575 -6.25245e-05 -0.052451532 -0.05297908 -0.04637728 -0.053761102
0.38 0.00574781 -0.01886567 -0.02120058 -0.00114662 -0.05247131 -0.05303828 -0.04639063 -0.053758346
0.3805 0.0047817 -0.01942582 -0.02171034 -0.002207915 -0.052466612 -0.053020198 -0.046406053 -0.053770043
0.381 0.003826976 -0.01997951 -0.02221506 -0.003247077 -0.05247793 -0.053074714 -0.046420924 -0.053766683
0.3815 0.002883592 -0.02052679 -0.02271476 -0.004264745 -0.052478056 -0.053060908 -0.046433546 -0.053777076
0.382 0.001951493 -0.02106774 -0.02320947 -0.005261534 -0.052487273 -0.05310436 -0.04644712 -0.053776003
0.3825 0.001030625 -0.02160243 -0.0236992 -0.006238033 -0.052486617 -0.053099502 -0.04645955 -0.053782977
0.383 0.0001209274 -0.02213091 -0.02418397 -0.007194809 -0.052495696 -0.053132888 -0.046471052 -0.053783566
0.3835 -0.0007776624 -0.02265325 -0.02466382 -0.008132406 -0.052495614 -0.053132374 -0.046482928 -0.05378987
0.384 -0.001665211 -0.02316953 -0.02513876 -0.009051348 -0.052502647 -0.053160954 -0.04649339 -0.05378972
0.3845 -0.002541787 -0.02367979 -0.02560883 -0.009952138 -0.052503794 -0.05316187 -0.046504058 -0.05379594
0.385 -0.003407463 -0.0241841 -0.02607405 -0.01083526 -0.05250967 -0.05318596 -0.046514057 -0.053796127
0.3855 -0.004262312 -0.02468254 -0.02653444 -0.01170118 -0.052510604 -0.053189237 -0.04652349 -0.053800702
0.386 -0.005106413 -0.02517515 -0.02699005 -0.01255036 -0.05251606 -0.05320916 -0.04653243 -0.053802066
0.3865 -0.005939844 -0.025662 -0.02744088 -0.01338321 -0.052517265 -0.053213518 -0.04654125 -0.053805657
0.387 -0.006762687 -0.02614316 -0.02788698 -0.01420016 -0.052521568 -0.053230915 -0.046549566 -0.053806968
0.3875 -0.007575024 -0.02661868 -0.02832838 -0.01500162 -0.052523386 -0.053235818 -0.04655751 -0.05381041
0.388 -0.008376941 -0.02708862 -0.0287651 -0.01578797 -0.052526973 -0.053250764 -0.046565153 -0.053811498
0.3885 -0.009168524 -0.02755304 -0.02919718 -0.01655959 -0.052528635 -0.053256255 -0.04657253 -0.053814523
0.389 -0.009949861 -0.028012 -0.02962464 -0.01731684 -0.05253204 -0.05326886 -0.046579428 -0.053815834
0.3895 -0.01072104 -0.02846556 -0.03004752 -0.01806006 -0.05253349 -0.053274702 -0.046586074 -0.05381822
0.39 -0.01148216 -0.02891379 -0.03046586 -0.01878961 -0.052536424 -0.05328581 -0.04659242 -0.053819694
0.3905 -0.0122333 -0.02935672 -0.03087968 -0.0195058 -0.052538086 -0.0532914 -0.046598546 -0.053821847
0.391 -0.01297456 -0.02979443 -0.03128902 -0.02020895 -0.05254054 -0.053301204 -0.046604432 -0.0538231
0.3915 -0.01370603 -0.03022697 -0.03169391 -0.02089937 -0.05254218 -0.053306673 -0.046609975 -0.053825073
0.392 -0.01442781 -0.03065439 -0.03209439 -0.02157736 -0.052544333 -0.053315308 -0.04661522 -0.05382631
0.3925 -0.01513999 -0.03107676 -0.03249048 -0.02224319 -0.052545853 -0.05332074 -0.04662039 -0.05382806
0.393 -0.01584267 -0.03149412 -0.03288223 -0.02289716 -0.052547887 -0.053328346 -0.04662537 -0.053829223
0.3935 -0.01653595 -0.03190653 -0.03326966 -0.02353953 -0.05254926 -0.053333517 -0.046630062 -0.053830765
0.394 -0.01721991 -0.03231405 -0.03365282 -0.02417055 -0.05255108 -0.053340245 -0.046634458 -0.053831883
0.3945 -0.01789467 -0.03271673 -0.03403173 -0.02479049 -0.052552376 -0.053345162 -0.04663875 -0.05383326
0.395 -0.01856031 -0.03311461 -0.03440643 -0.02539958 -0.05255401 -0.053351153 -0.046642862 -0.053834356
0.3955 -0.01921693 -0.03350776 -0.03477696 -0.02599808 -0.05255523 -0.053355757 -0.04664678 -0.053835526
0.396 -0.01986464 -0.03389623 -0.03514336 -0.0265862 -0.05255666 -0.053361196 -0.046650566 -0.053836547
0.3965 -0.02050352 -0.03428007 -0.03550564 -0.02716417 -0.05255785 -0.053365532 -0.046654083 -0.053837642
0.397 -0.02113368 -0.03465932 -0.03586387 -0.02773221 -0.05255912 -0.053370435 -0.046657525 -0.053838544
0.3975 -0.02175522 -0.03503405 -0.03621805 -0.02829053 -0.052560233 -0.053374384 -0.046660773 -0.05383957
0.398 -0.02236823 -0.0354043 -0.03656824 -0.02883934 -0.0525614 -0.053378787 -0.046663873 -0.05384042
0.3985 -0.02297281 -0.03577011 -0.03691447 -0.02937884 -0.05256238 -0.05338249 -0.046666972 -0.053841315
0.399 -0.02356906 -0.03613155 -0.03725678 -0.02990922 -0.052563448 -0.053386535 -0.04666979 -0.053842127
0.3995 -0.02415707 -0.03648866 -0.03759519 -0.03043067 -0.052564397 -0.05338988 -0.04667247 -0.053842902
0.4 -0.02473695 -0.03684148 -0.03792975 -0.03094337 -0.052565344 -0.053393494 -0.04667514 -0.053843655
0.4005 -0.02530714 -0.03719004 -0.03825921 -0.031425 -0.052308753 -0.053192478 -0.04591421 -0.053078704
0.401 -0.02585813 -0.03753406 -0.03857774 -0.03183767 -0.051775943 -0.052057568 -0.046031483 -0.051908545
0.4015 -0.02638657 -0.03787309 -0.0388851 -0.03219488 -0.05126728 -0.05055825 -0.045322366 -0.051184483
0.402 -0.02689485 -0.03820685 -0.03918352 -0.03250638 -0.050803136 -0.049344655 -0.044693433 -0.04980901
0.4025 -0.0273855 -0.03853522 -0.03947452 -0.03277646 -0.050195657 -0.047334615 -0.04386317 -0.04869061
0.403 -0.02786009 -0.03885814 -0.03975886 -0.03300747 -0.049800392 -0.04540311 -0.04325003 -0.047811285
0.4035 -0.0283195 -0.03917558 -0.04003687 -0.03320111 -0.048997894 -0.043365713 -0.041946836 -0.04647228
0.404 -0.02876417 -0.03948753 -0.04030872 -0.03335885 -0.048270397 -0.04163235 -0.04081046 -0.045438506
0.4045 -0.02919435 -0.03979401 -0.04057448 -0.03348204 -0.047734495 -0.03924598 -0.039530553 -0.044380777
0.405 -0.02961019 -0.04009501 -0.04083421 -0.03357196 -0.046936534 -0.037268903 -0.038314663 -0.043107003
0.4055 -0.03001182 -0.04039055 -0.04108793 -0.0336298 -0.046226557 -0.03493199 -0.036928333 -0.04198409
0.406 -0.03039931 -0.04068063 -0.04133569 -0.0336567 -0.045565356 -0.032496396 -0.035515673 -0.040729336
0.4065 -0.03077275 -0.04096527 -0.04157749 -0.03365373 -0.04467182 -0.030015524 -0.034094103 -0.039458357
0.407 -0.03113147 -0.0412432 -0.04181331 -0.03362055 -0.043937016 -0.027503591 -0.032552026 -0.03821373
0.4075 -0.03147542 -0.0415147 -0.04204304 -0.03355844 -0.043117154 -0.024795163 -0.030924164 -0.03693834
0.408 -0.03180559 -0.04178068 -0.04226685 -0.0334694 -0.042264 -0.02222066 -0.029343091 -0.035631306
0.4085 -0.0321225 -0.04204162 -0.04248486 -0.03335463 -0.041443035 -0.019400414 -0.027658455 -0.034341097
0.409 -0.03242626 -0.0422977 -0.04269714 -0.03321499 -0.040579386 -0.016686928 -0.025960945 -0.03301833
0.4095 -0.03271685 -0.04254896 -0.04290373 -0.03305127 -0.039704636 -0.013860557 -0.024232738 -0.031686075
0.41 -0.03299426 -0.04279538 -0.04310464 -0.03286419 -0.038851313 -0.011015933 -0.022483997 -0.030352935
0.4105 -0.03325849 -0.04303692 -0.0432999 -0.03265444 -0.03795468 -0.008135613 -0.020717092 -0.029010363
0.411 -0.03350958 -0.04327352 -0.04348952 -0.03242269 -0.037073012 -0.0052664243 -0.018923767 -0.027645856
0.4115 -0.0337476 -0.04350514 -0.04367354 -0.03216956 -0.03618251 -0.002329301 -0.017122515 -0.026299998
0.412 -0.03397263 -0.04373174 -0.04385199 -0.03189567 -0.035289768 0.0005702451 -0.015319772 -0.024930932
0.4125 -0.03418476 -0.04395331 -0.0440249 -0.03160159 -0.034390002 0.003510192 -0.013501234 -0.023563348
0.413 -0.03438412 -0.04416984 -0.04419231 -0.03128789 -0.033500314 0.006429851 -0.011687361 -0.022199057
0.4135 -0.0345708 -0.04438132 -0.04435424 -0.03095511 -0.0326026 0.009365905 -0.009874545 -0.020824887
0.414 -0.03474491 -0.04458777 -0.04451074 -0.03060376 -0.031709537 0.012276195 -0.008067615 -0.019453116
0.4145 -0.03490659 -0.0447892 -0.04466184 -0.03023434 -0.03082174 0.015193608 -0.0062659457 -0.018085562
0.415 -0.03505594 -0.04498564 -0.04480759 -0.02984733 -0.029935643 0.018081311 -0.0044769123 -0.016711459
0.4155 -0.03519308 -0.0451771 -0.04494801 -0.02944319 -0.029053695 0.020961393 -0.0027024224 -0.015345864
0.416 -0.03531813 -0.04536363 -0.04508316 -0.02902236 -0.028181866 0.023812909 -0.00094193965 -0.013980031
0.4165 -0.03543121 -0.04554524 -0.04521307 -0.02858527 -0.02731125 0.026642848 0.0007990524 -0.0126172975
0.417 -0.03553245 -0.04572197 -0.04533778 -0.02813233 -0.026452579 0.029440153 0.002518393 -0.011260197
0.4175 -0.03562196 -0.04589387 -0.04545733 -0.02766393 -0.025600582 0.032211717 0.0042157695 -0.009907328
0.418 -0.03569986 -0.04606095 -0.04557175 -0.02718047 -0.024756894 0.034941513 0.005887054 -0.008559085
0.4185 -0.03576629 -0.04622326 -0.04568111 -0.0266823 -0.023924276 0.037640173 0.0075320676 -0.007218413
0.419 -0.03582135 -0.04638083 -0.04578542 -0.02616978 -0.023101494 0.04029495 0.009147771 -0.0058834106
0.4195 -0.03586517 -0.0465337 -0.04588474 -0.02564326 -0.022288807 0.042908963 0.010732748 -0.0045559555
0.42 -0.03589787 -0.04668191 -0.04597911 -0.02510307 -0.021489047 0.04547758 0.012286015 -0.0032363161
0.4205 -0.03591958 -0.04682549 -0.04606856 -0.02454952 -0.02069997 0.04800014 0.01380492 -0.0019249693
0.421 -0.03593042 -0.04696448 -0.04615314 -0.02398294 -0.019923784 0.05047227 0.015288986 -0.0006219521
0.4215 -0.0359305 -0.04709892 -0.04623289 -0.02340362 -0.019160368 0.052895498 0.016737022 0.00067137927
0.422 -0.03591995 -0.04722884 -0.04630785 -0.02281184 -0.018409997 0.055264365 0.018147148 0.0019555017
0.4225 -0.03589889 -0.04735427 -0.04637807 -0.02220789 -0.017673187 0.05758017 0.01951889 0.0032296702
0.423 -0.03586745 -0.04747527 -0.04644358 -0.02159205 -0.01695031 0.059839737 0.020851023 0.0044934154
0.4235 -0.03582573 -0.04759186 -0.04650442 -0.02096457 -0.01624132 0.062042426 0.022142686 0.0057467073
0.424 -0.03577387 -0.04770408 -0.04656065 -0.0203257 -0.015546769 0.0641865 0.023393102 0.0069891363
0.4245 -0.03571198 -0.04781196 -0.04661229 -0.01967571 -0.014866769 0.06627153 0.024601527 0.008220226
0.425 -0.03564019 -0.04791555 -0.0466594 -0.01901482 -0.014201462 0.06829566 0.025767423 0.009440117
0.4255 -0.0355586 -0.04801487 -0.04670201 -0.01834326 -0.013550967 0.07025868 0.026890166 0.010648236
0.426 -0.03546734 -0.04810997 -0.04674016 -0.01766127 -0.012915611 0.07215953 0.027969427 0.011844642
0.4265 -0.03536653 -0.04820088 -0.0467739 -0.01696907 -0.012295075 0.07399757 0.0290047 0.013029091
0.427 -0.03525629 -0.04828763 -0.04680327 -0.01626685 -0.011689886 0.07577205 0.029995687 0.014201336
0.4275 -0.03513672 -0.04837027 -0.0468283 -0.01555483 -0.01109983 0.07748297 0.030942269 0.015361398
0.428 -0.03500795 -0.04844882 -0.04684904 -0.0148332 -0.010524869 0.07912934 0.031844087 0.01650913
0.4285 -0.03487008 -0.04852332 -0.04686553 -0.01410217 -0.009965248 0.080711424 0.0327012 0.01764436
0.429 -0.03472324 -0.04859381 -0.04687781 -0.01336192 -0.009420745 0.082228735 0.033513613 0.018767118
0.4295 -0.03456754 -0.04866033 -0.04688592 -0.01261264 -0.0088912845 0.0836813 0.03428117 0.019877419
0.43 -0.03440309 -0.0487229 -0.0468899 -0.0118545 -0.008376911 0.085069075 0.035004057 0.020975098
0.4305 -0.03423 -0.04878158 -0.0468898 -0.01108769 -0.007877514 0.086392105 0.035682596 0.022060245
0.431 -0.03404838 -0.04883639 -0.04688564 -0.01031237 -0.0073929876 0.08765063 0.03631658 0.023132809
0.4315 -0.03385834 -0.04888736 -0.04687748 -0.009528703 -0.006923221 0.08884476 0.03690637 0.024192944
0.432 -0.03365999 -0.04893454 -0.04686535 -0.008736859 -0.006468028 0.08997497 0.037452467 0.025240518
0.4325 -0.03345345 -0.04897796 -0.04684929 -0.007936992 -0.006027274 0.09104134 0.037955083 0.026275821
0.433 -0.03323881 -0.04901766 -0.04682934 -0.007129254 -0.0056008324 0.09204465 0.038414605 0.027298637
0.4335 -0.03301617 -0.04905361 -0.04680554 -0.006313785 -0.0051884875 0.092984974 0.03883139 0.028309323
0.434 -0.03278561 -0.04908581 -0.04677792 -0.005490719 -0.00479012 0.0938634 0.039206095 0.029307827
0.4345 -0.03254724 -0.04911429 -0.04674651 -0.004660197 -0.0044054613 0.094680205 0.039538838 0.030294329
0.435 -0.03230117 -0.04913912 -0.04671136 -0.003822361 -0.004034266 0.09543605 0.039830513 0.03126896
0.4355 -0.03204751 -0.04916034 -0.04667251 -0.002977347 -0.003676407 0.09613185 0.04008151 0.032231815
0.436 -0.03178637 -0.04917792 -0.04662985 -0.002125176 -0.0033314973 0.09676793 0.04029251 0.033183075
0.4365 -0.03151782 -0.04919188 -0.04658337 -0.001266033 -0.002999559 0.097345576 0.04046408 0.03412284
0.437 -0.03124199 -0.04920234 -0.04653329 -0.0004001358 -0.0026802048 0.09786551 0.04059679 0.03505137
0.4375 -0.03095893 -0.04920936 -0.04647965 0.0004724209 -0.0023730174 0.09832838 0.040691413 0.035968825
0.438 -0.03066799 -0.04921288 -0.04642153 0.001351672 -0.0020780042 0.09873545 0.040748842 0.036875337
0.4385 -0.03036949 -0.04921283 -0.04635986 0.002237581 -0.0017947033 0.0990873 0.040769376 0.037771136
0.439 -0.03006403 -0.04920928 -0.04629533 0.003129906 -0.0015230477 0.099385396 0.040753968 0.03865636
0.4395 -0.02975189 -0.04920235 -0.04622791 0.004028441 -0.0012625754 0.09963028 0.040703423 0.039531328
0.44 -0.02943323 -0.04919215 -0.04615741 0.004933036 -0.0010130405 0.09982325 0.040618427 0.0403961
0.4405 -0.02910819 -0.04917877 -0.04608373 0.005843567 -0.0007742718 0.099965185 0.040499784 0.041251086
0.441 -0.02877688 -0.04916227 -0.04600678 0.006759921 -0.00054585934 0.100057304 0.040348 0.04209622
0.4415 -0.02843939 -0.04914268 -0.04592657 0.007681926 -0.00032757223 0.10010044 0.040164508 0.04293204
0.442 -0.0280958 -0.04912002 -0.0458431 0.008609472 -0.000119164586 0.10009624 0.039949693 0.04375851
0.4425 -0.02774617 -0.04909436 -0.04575642 0.009542497 7.983297e-05 0.10004531 0.03970439 0.044576075
0.443 -0.02739052 -0.04906572 -0.04566654 0.01048093 0.00026949495 0.09994906 0.039429612 0.045384742
0.4435 -0.02702889 -0.04903417 -0.04557353 0.01142471 0.0004502535 0.09980862 0.039126076 0.046184935
0.444 -0.02666383 -0.04900143 -0.04552054 0.01236624 0.0006224513 0.0996249 0.038794704 0.04697678
0.4445 -0.02629827 -0.04896924 -0.04547174 0.01330245 0.00078615546 0.09939933 0.038436092 0.04776056
0.445 -0.02592881 -0.04893586 -0.04540047 0.01424356 0.0009419024 0.09913288 0.038051553 0.048536457
0.4455 -0.02555265 -0.04889976 -0.04530741 0.01519294 0.0010898411 0.09882696 0.037641592 0.04930479
0.446 -0.02516883 -0.04885965 -0.04519892 0.01614922 0.001230374 0.098482475 0.037206985 0.050065678
0.4465 -0.0247787 -0.04881383 -0.0450815 0.01710471 0.001363717 0.09810074 0.036749013 0.0508195
0.447 -0.02438294 -0.04876327 -0.04495884 0.01806498 0.001490213 0.09768301 0.036268212 0.05156631
0.4475 -0.02398192 -0.0487076 -0.04483357 0.01902662 0.0016101152 0.097230285 0.035765506 0.052306518
0.448 -0.02357646 -0.04864781 -0.04470693 0.01999125 0.0017237738 0.09674384 0.03524179 0.053040244
0.4485 -0.02316515 -0.04858516 -0.04457806 0.02096484 0.0018314868 0.09622465 0.034698047 0.05376777
0.449 -0.02274704 -0.04852024 -0.04444661 0.02194841 0.001933381 0.09567422 0.034134753 0.05448931
0.4495 -0.02232208 -0.04845325 -0.0443127 0.02294119 0.002030015 0.095093474 0.03355307 0.05520512
0.45 -0.02189066 -0.04838421 -0.04417651 0.02394207 0.002121441 0.09448351 0.032953925 0.055915352
0.4505 -0.02145326 -0.04831308 -0.04403822 0.0249501 0.0022080615 0.093845665 0.03233785 0.05662029
0.451 -0.02101033 -0.04823979 -0.0438979 0.02596448 0.0022901222 0.09318088 0.031705864 0.057320148
0.4515 -0.02056219 -0.04816427 -0.04375556 0.02698457 0.0023679435 0.09249042 0.031058766 0.05801513
0.452 -0.02010909 -0.04808648 -0.0436112 0.02800988 0.0024417937 0.0917753 0.030397512 0.058705464
0.4525 -0.01965121 -0.04800637 -0.04346478 0.02904002 0.0025118887 0.09103671 0.029722638 0.059391297
0.453 -0.01918868 -0.04792392 -0.04331625 0.03007465 0.0025786124 0.090275526 0.029035248 0.060073018
0.4535 -0.0187216 -0.0478391 -0.04316558 0.03111353 0.0026420876 0.089493215 0.028335996 0.06075059
0.454 -0.01825005 -0.04775192 -0.04301275 0.03215644 0.0027026795 0.088690594 0.027625687 0.061424434
0.4545 -0.01777409 -0.04766237 -0.04285771 0.03320322 0.0027607717 0.08786875 0.026905008 0.062094614
0.455 -0.01729379 -0.04757046 -0.04270047 0.03425371 0.002816394 0.0870284 0.026175119 0.06276135
0.4555 -0.0168092 -0.04747621 -0.042541 0.03530781 0.002869837 0.08617139 0.025436439 0.0634249
0.456 -0.01632039 -0.04737963 -0.04237932 0.0363654 0.00292157 0.08529796 0.02468983 0.06408532
0.4565 -0.01582739 -0.04728073 -0.04221541 0.03742641 0.0029716268 0.08440973 0.02393622 0.064743
0.457 -0.01533028 -0.04717954 -0.04204929 0.03849074 0.003020484 0.08350706 0.02317623 0.06539793
0.4575 -0.0148291 -0.04707609 -0.04188097 0.03955832 0.0030680746 0.082591474 0.02241052 0.06605038
0.458 -0.01432394 -0.04697039 -0.04171046 0.04062905 0.0031149425 0.08166382 0.02163995 0.06670057
0.4585 -0.01381485 -0.04686247 -0.0415378 0.04170287 0.003161259 0.080724806 0.02086521 0.067348525
0.459 -0.01330185 -0.04675236 -0.04136298 0.04277976 0.003207095 0.079775676 0.0200871 0.06799461
0.4595 -0.012785 -0.04664007 -0.04118602 0.04385969 0.0032529235 0.07881726 0.01930628 0.06863884
0.46 -0.01226435 -0.04652564 -0.04100695 0.04494262 0.003298942 0.07785027 0.018523343 0.06928146
0.4605 -0.01173996 -0.04640908 -0.04082578 0.0460285 0.0033451617 0.07687609 0.017739363 0.06992259
0.461 -0.01121181 -0.04618487 -0.04064078 0.04711816 0.0033920892 0.07589516 0.01695446 0.0705624
0.4615 -0.01067978 -0.04588201 -0.04044887 0.04821145 0.0034397915 0.074908465 0.016169704 0.07120104
0.462 -0.01014414 -0.04558212 -0.04025243 0.04930708 0.003488563 0.073917076 0.015385725 0.07183866
0.4625 -0.009605071 -0.04531647 -0.04005393 0.05040499 0.0035386123 0.07292153 0.014603145 0.0724754
0.463 -0.00906264 -0.04509329 -0.03985476 0.05150528 0.0035901144 0.07192297 0.013822652 0.073111415
0.4635 -0.00851687 -0.04490998 -0.03965546 0.05260802 0.0036433265 0.0709219 0.013044752 0.07374678
0.464 -0.007968583 -0.04475883 -0.03945639 0.05370706 0.0036984533 0.0699195 0.01227013 0.07438181
0.4645 -0.007420559 -0.04463113 -0.03925852 0.05479657 0.003755767 0.06891623 0.011499621 0.07501647
0.465 -0.006871146 -0.04452064 -0.03906063 0.05588799 0.0038153306 0.06791295 0.010733493 0.07565086
0.4655 -0.006317921 -0.04442166 -0.0388614 0.05698574 0.0038774274 0.06691067 0.009972654 0.07628529
0.466 -0.005759931 -0.04432934 -0.03866032 0.05809018 0.003942378 0.06590985 0.009217404 0.07691972
0.4665 -0.005197227 -0.04423981 -0.0384573 0.05920059 0.004010085 0.06491141 0.008468874 0.07755433
0.467 -0.004630224 -0.04415004 -0.03825239 0.06031628 0.0040810294 0.06391612 0.007726915 0.0781893
0.4675 -0.00405945 -0.04405675 -0.03804571 0.06143831 0.00415539 0.06292437 0.0069924816 0.07882462
0.468 -0.003484947 -0.04395898 -0.03783729 0.0625643 0.004233081 0.061937336 0.006266348 0.07946052
0.4685 -0.002906729 -0.04385653 -0.03762708 0.0636931 0.0043146275 0.06095532 0.0055487826 0.080097035
0.469 -0.002325189 -0.04374922 -0.03741505 0.06482455 0.0044000037 0.05997916 0.004840128 0.080734275
0.4695 -0.001740731 -0.04363691 -0.03720124 0.06595859 0.0044894144 0.05900948 0.004141517 0.081372365
0.47 -0.001153625 -0.04351956 -0.03698567 0.06709511 0.0045830347 0.058047075 0.00345283 0.0820114
0.4705 -0.0005640013 -0.04339722 -0.03676836 0.06823403 0.004681144 0.05709252 0.0027749315 0.08265151
0.471 2.809409e-05 -0.04327001 -0.03654934 0.06937526 0.004783865 0.056146238 0.002108343 0.08329277
0.4715 0.0006226633 -0.04313811 -0.03632863 0.07051874 0.0048912168 0.05520906 0.0014534369 0.083935216
0.472 0.001219754 -0.0430017 -0.03610625 0.07166441 0.0050035417 0.05428158 0.0008107051 0.084579006
0.4725 0.0018194 -0.042861 -0.03588219 0.07281222 0.0051209554 0.053364385 0.00018080324 0.08522421
0.473 0.002421589 -0.04271626 -0.0356565 0.07396212 0.005243607 0.052457903 -0.00043603033 0.08587095
0.4735 0.003026298 -0.04256775 -0.03542918 0.07511404 0.0053716674 0.05156285 -0.0010392591 0.08651926
0.474 0.003633494 -0.04241574 -0.03520027 0.07626795 0.0055052415 0.050679866 -0.0016283318 0.087169245
0.4745 0.004243146 -0.04226046 -0.03496978 0.07742379 0.0056445487 0.049809296 -0.002203025 0.08782095
0.475 0.004855224 -0.04210215 -0.03473775 0.07858153 0.0057896413 0.04895172 -0.002762638 0.0884745
0.4755 0.005469694 -0.04194102 -0.03450419 0.07974114 0.005940687 0.04810785 -0.0033069476 0.08912994
0.476 0.006086527 -0.04177726 -0.03426913 0.08090257 0.0060980283 0.04727796 -0.0038354918 0.089787416
0.4765 0.006705689 -0.04161104 -0.03403259 0.08206581 0.0062614568 0.04646266 -0.0043477193 0.090446815
0.477 0.00732715 -0.04144251 -0.03379459 0.08323083 0.00643136 0.045662243 -0.004843734 0.091108374
0.4775 0.007950876 -0.0412718 -0.03355515 0.08439759 0.0066077076 0.044877354 -0.005322464 0.091772184
0.478 0.008576835 -0.04109905 -0.03331429 0.08556607 0.006790653 0.044108707 -0.0057839677 0.092438176
0.4785 0.009204951 -0.04092434 -0.03307204 0.08672919 0.006980572 0.043356303 -0.0062278137 0.09310648
0.479 0.00983504 -0.04074779 -0.03282841 0.08789032 0.007177297 0.04262078 -0.006653525 0.093777165
0.4795 0.01046708 -0.04056946 -0.03258343 0.0890554 0.00738094 0.041902635 -0.0070608333 0.09445022
0.48 0.01110115 -0.04038945 -0.03233712 0.09022461 0.0075918213 0.041202176 -0.00744956 0.09512581
0.4805 0.01173731 -0.04020781 -0.03208948 0.0913974 0.007809881 0.040519793 -0.007818989 0.09580393
0.481 0.01237557 -0.0400246 -0.03184054 0.09257324 0.008035261 0.03985593 -0.008169152 0.09648462
0.4815 0.01301594 -0.03983986 -0.03159031 0.09375174 0.008268073 0.039211217 -0.0084996745 0.09716801
0.482 0.01365838 -0.0396536 -0.03133881 0.09493259 0.008508507 0.03858568 -0.008810021 0.09785402
0.4825 0.01430281 -0.03946587 -0.03108607 0.09611553 0.008756533 0.037979785 -0.0091001615 0.09854287
0.483 0.01494922 -0.03927671 -0.0308321 0.09730039 0.009012349 0.037393916 -0.009369619 0.09923443
0.4835 0.01559757 -0.03908618 -0.03057692 0.098487 0.0092759505 0.036828477 -0.009618215 0.09992887
0.484 0.01624785 -0.03889433 -0.03032052 0.09967527 0.009547401 0.03628378 -0.009845756 0.10062614
0.4845 0.01690001 -0.03870119 -0.03006292 0.1008651 0.009826977 0.035760093 -0.010051899 0.10132639
0.485 0.01755401 -0.03850679 -0.02980414 0.1020565 0.010114577 0.03525776 -0.010236315 0.1020296
0.4855 0.0182098 -0.03831116 -0.02954419 0.1032493 0.010410357 0.034777183 -0.010398813 0.10273581
0.486 0.01886735 -0.03811433 -0.02928309 0.1044435 0.010714393 0.034318555 -0.010539241 0.10344504
0.4865 0.01952664 -0.03791631 -0.02902086 0.1056391 0.011026781 0.033882115 -0.010657184 0.10415733
0.487 0.02018769 -0.03771712 -0.0287575 0.1068361 0.01134745 0.03346816 -0.010752536 0.10487279
0.4875 0.02085053 -0.03751678 -0.02849303 0.1080344 0.011676617 0.033077303 -0.010825165 0.10559135
0.488 0.02151509 -0.03731532 -0.02822746 0.1092341 0.012014378 0.03270914 -0.010875009 0.106313094
0.4885 0.02218128 -0.03711273 -0.02796082 0.110435 0.012360517 0.03236452 -0.010901384 0.107038066
0.489 0.02284904 -0.03690904 -0.0276931 0.1116372 0.012715444 0.032043684 -0.010904439 0.10776632
0.4895 0.02351834 -0.03670425 -0.02742434 0.1128406 0.013079084 0.03174633 -0.010884054 0.108497806
0.49 0.02418915 -0.0364984 -0.02715453 0.1140453 0.013451405 0.031473164 -0.010839812 0.10923262
0.4905 0.02486145 -0.03629148 -0.0268837 0.1152512 0.013832502 0.03122409 -0.010771595 0.1099707
0.491 0.02553523 -0.03608351 -0.02661186 0.1164582 0.014222443 0.030999858 -0.010679506 0.1107122
0.4915 0.02621048 -0.03587451 -0.02633901 0.1176664 0.014621288 0.030800108 -0.010563202 0.11145702
0.492 0.02688719 -0.03566449 -0.02606518 0.1188757 0.0150290355 0.030625243 -0.010422371 0.1122053
0.4925 0.02756534 -0.03545346 -0.02579037 0.1200862 0.015445743 0.030475426 -0.010257088 0.11295694
0.493 0.02824491 -0.03524144 -0.02551459 0.1212978 0.015871413 0.030350972 -0.010067306 0.11371207
0.4935 0.02892583 -0.03502844 -0.02523787 0.1225104 0.01630617 0.030251835 -0.00985273 0.114470586
0.494 0.02960779 -0.03481449 -0.02496026 0.1237238 0.016749904 0.030178327 -0.009613432 0.11523268
0.4945 0.03029078 -0.03459964 -0.02468179 0.1249379 0.01720275 0.030130554 -0.009348951 0.1159982
0.495 0.03097498 -0.03438389 -0.02440243 0.1261529 0.017664693 0.03010868 -0.009059526 0.116767235
0.4955 0.03166053 -0.03416723 -0.02412218 0.1273689 0.018135726 0.030112822 -0.0087449625 0.11753982
0.496 0.03234747 -0.03394968 -0.02384102 0.128586 0.018615924 0.03014328 -0.008405261 0.118315905
0.4965 0.0330358 -0.03373124 -0.02355897 0.1298041 0.01910524 0.030199964 -0.0080400035 0.11909565
0.497 0.03372549 -0.03351191 -0.02327603 0.1310233 0.019603841 0.030283157 -0.0076495633 0.11987886
0.4975 0.03441653 -0.03329169 -0.02299221 0.1322435 0.020111516 0.03039265 -0.007233463 0.12066561
0.498 0.03510887 -0.0330706 -0.02270753 0.1334648 0.02062837 0.03052904 -0.006792046 0.121456064
0.4985 0.03580248 -0.03284863 -0.022422 0.1346871 0.0211545 0.030692045 -0.006324984 0.12224996
0.499 0.03649735 -0.0326258 -0.02213564 0.1359104 0.021689698 0.0308819 -0.0058320835 0.12304763
0.4995 0.03719343 -0.03240211 -0.02184844 0.1371347 0.022234328 0.031098727 -0.005313985 0.12384871
0.5 0.03789071 -0.03217757 -0.02156043 0.13836 -0.049551494 0.02188753 -0.053315602 -0.016978927
