2.240953922271728516e+00 1.094614982604980469e+00
1.232794404029846191e+00 9.958295822143554688e-01
1.029901266098022461e+00 9.221746325492858887e-01
9.378020167350769043e-01 9.638997912406921387e-01
9.606868624687194824e-01 9.488037228584289551e-01
9.366599917411804199e-01 9.224230647087097168e-01
8.894592523574829102e-01 9.078513979911804199e-01
8.436645269393920898e-01 9.281567335128784180e-01
8.283733129501342773e-01 9.202716946601867676e-01
7.949485182762145996e-01 9.329921007156372070e-01
7.888598442077636719e-01 9.331933856010437012e-01
7.823382019996643066e-01 9.228819012641906738e-01
7.728972434997558594e-01 9.177867174148559570e-01
7.674066424369812012e-01 8.898924589157104492e-01
7.545470595359802246e-01 8.622628450393676758e-01
7.504900097846984863e-01 8.370367288589477539e-01
7.412901520729064941e-01 8.320741653442382812e-01
7.393592000007629395e-01 8.375350236892700195e-01
7.227576375007629395e-01 8.178828954696655273e-01
7.355936169624328613e-01 8.332773447036743164e-01
7.392544746398925781e-01 8.339799046516418457e-01
7.112038135528564453e-01 8.422500491142272949e-01
7.057268619537353516e-01 8.758598566055297852e-01
7.068979144096374512e-01 8.809565305709838867e-01
7.050864100456237793e-01 8.722456693649291992e-01
7.036214470863342285e-01 8.718320727348327637e-01
7.017324566841125488e-01 8.626030087471008301e-01
6.936737895011901855e-01 8.421071767807006836e-01
6.807035803794860840e-01 8.240010142326354980e-01
6.659500002861022949e-01 8.063670396804809570e-01
6.576296687126159668e-01 7.908530831336975098e-01
6.496980786323547363e-01 7.809280753135681152e-01
6.377223134040832520e-01 7.763878107070922852e-01
6.285250186920166016e-01 7.873722910881042480e-01
6.196441054344177246e-01 7.892359495162963867e-01
6.114920973777770996e-01 7.905659079551696777e-01
6.016296148300170898e-01 7.949586510658264160e-01
5.913105010986328125e-01 8.138041496276855469e-01
5.835537314414978027e-01 8.326287269592285156e-01
5.805670619010925293e-01 8.408132791519165039e-01
5.744549632072448730e-01 8.458594083786010742e-01
5.661562085151672363e-01 8.540486097335815430e-01
5.664222836494445801e-01 8.520725369453430176e-01
5.664595365524291992e-01 8.444408178329467773e-01
5.602324604988098145e-01 8.411418795585632324e-01
5.576781630516052246e-01 8.248063921928405762e-01
5.458594560623168945e-01 8.277676701545715332e-01
5.526235103607177734e-01 8.318430781364440918e-01
5.374231934547424316e-01 8.464144468307495117e-01
5.388448238372802734e-01 8.542104959487915039e-01
5.352697372436523438e-01 8.598934412002563477e-01
5.297062397003173828e-01 8.632431030273437500e-01
5.208202600479125977e-01 8.623007535934448242e-01
5.131262540817260742e-01 8.546932339668273926e-01
5.082938671112060547e-01 8.453222513198852539e-01
5.065325498580932617e-01 8.499571084976196289e-01
4.974240660667419434e-01 8.530770540237426758e-01
4.907767176628112793e-01 8.462609052658081055e-01
4.837234914302825928e-01 8.463920354843139648e-01
4.792596697807312012e-01 8.498786091804504395e-01
4.722233712673187256e-01 8.476909399032592773e-01
4.659287035465240479e-01 8.325251340866088867e-01
4.593931138515472412e-01 8.219271898269653320e-01
4.571522176265716553e-01 8.241624832153320312e-01
4.499379098415374756e-01 8.324630856513977051e-01
4.427457451820373535e-01 8.360434770584106445e-01
4.382669925689697266e-01 8.364111185073852539e-01
4.334518313407897949e-01 8.346454501152038574e-01
4.268339276313781738e-01 8.350194692611694336e-01
4.206390976905822754e-01 8.345309495925903320e-01
4.147332310676574707e-01 8.425939679145812988e-01
4.096407294273376465e-01 8.514083623886108398e-01
4.033596515655517578e-01 8.564999699592590332e-01
4.005336165428161621e-01 8.588598370552062988e-01
4.252839684486389160e-01 8.615401983261108398e-01
4.256002902984619141e-01 8.263210058212280273e-01
4.195420145988464355e-01 8.086570501327514648e-01
4.149211049079895020e-01 8.122657537460327148e-01
4.130983948707580566e-01 8.108517527580261230e-01
4.085412919521331787e-01 7.904497981071472168e-01
3.975998759269714355e-01 8.126169443130493164e-01
3.964796960353851318e-01 8.210617303848266602e-01
3.935464024543762207e-01 8.270248174667358398e-01
3.859305679798126221e-01 8.336138725280761719e-01
4.427655339241027832e-01 8.435977697372436523e-01
3.767970800399780273e-01 8.374937772750854492e-01
3.724817037582397461e-01 8.128234744071960449e-01
3.715266287326812744e-01 8.147121667861938477e-01
3.701679706573486328e-01 7.991693019866943359e-01
3.605354130268096924e-01 7.651368975639343262e-01
3.537466824054718018e-01 7.656518220901489258e-01
3.486090898513793945e-01 7.785409688949584961e-01
3.490872979164123535e-01 8.004840016365051270e-01
3.382705748081207275e-01 8.077293634414672852e-01
3.310232758522033691e-01 7.933357357978820801e-01
3.291862308979034424e-01 7.799965739250183105e-01
3.273548185825347900e-01 7.804729342460632324e-01
3.281445503234863281e-01 7.847594618797302246e-01
3.218472898006439209e-01 7.754788398742675781e-01
3.173300325870513916e-01 7.731920480728149414e-01
3.126839697360992432e-01 7.755272388458251953e-01
3.155508637428283691e-01 7.772181630134582520e-01
3.081357479095458984e-01 7.742493152618408203e-01
3.117315769195556641e-01 7.864312529563903809e-01
3.070242702960968018e-01 7.990663647651672363e-01
3.019332587718963623e-01 8.781734704971313477e-01
3.384104669094085693e-01 8.081043958663940430e-01
3.274828493595123291e-01 7.820379734039306641e-01
3.232254683971405029e-01 8.262889981269836426e-01
3.387318253517150879e-01 7.969105243682861328e-01
3.222856223583221436e-01 7.500557303428649902e-01
3.263794779777526855e-01 7.678543329238891602e-01
3.487946987152099609e-01 7.744446992874145508e-01
3.571862578392028809e-01 7.739400267601013184e-01
3.510110378265380859e-01 7.740584611892700195e-01
3.651648461818695068e-01 7.646583914756774902e-01
3.381896913051605225e-01 8.191011548042297363e-01
3.377809226512908936e-01 8.380590677261352539e-01
3.283365368843078613e-01 8.173281550407409668e-01
3.269517123699188232e-01 8.259359598159790039e-01
3.159025013446807861e-01 8.128355741500854492e-01
3.065662682056427002e-01 8.134437799453735352e-01
3.005432486534118652e-01 8.356159329414367676e-01
3.317704200744628906e-01 8.694598078727722168e-01
3.409116268157958984e-01 8.773827552795410156e-01
3.416596055030822754e-01 8.721075057983398438e-01
3.474982082843780518e-01 8.651434779167175293e-01
3.238261938095092773e-01 8.602396249771118164e-01
3.173586130142211914e-01 8.932660818099975586e-01
3.054282069206237793e-01 8.824738264083862305e-01
3.364522755146026611e-01 8.697338104248046875e-01
3.046399652957916260e-01 7.636717557907104492e-01
2.971398234367370605e-01 7.478846311569213867e-01
2.992708981037139893e-01 7.483298778533935547e-01
2.950766384601593018e-01 7.436126470565795898e-01
2.856673002243041992e-01 7.348372340202331543e-01
2.847788333892822266e-01 7.930846214294433594e-01
2.786596119403839111e-01 7.997358441352844238e-01
2.720169126987457275e-01 7.910621762275695801e-01
2.649131119251251221e-01 7.967267036437988281e-01
2.649633288383483887e-01 8.048237562179565430e-01
2.700829505920410156e-01 7.815493345260620117e-01
2.703126966953277588e-01 7.678449749946594238e-01
2.644700706005096436e-01 7.177405357360839844e-01
2.609253823757171631e-01 7.548761367797851562e-01
2.651122212409973145e-01 7.836905121803283691e-01
2.645408809185028076e-01 7.816570401191711426e-01
2.528553605079650879e-01 7.899462580680847168e-01
2.510301470756530762e-01 8.543297648429870605e-01
2.476987540721893311e-01 8.664981722831726074e-01
2.434700429439544678e-01 8.604134321212768555e-01
2.398892641067504883e-01 8.407591581344604492e-01
2.352644652128219604e-01 8.178840875625610352e-01
2.323230803012847900e-01 7.985068559646606445e-01
2.306828796863555908e-01 7.916737794876098633e-01
2.282385081052780151e-01 7.920075058937072754e-01
2.274896204471588135e-01 7.504550218582153320e-01
2.261375933885574341e-01 7.331905364990234375e-01
2.257486134767532349e-01 7.180022001266479492e-01
2.220058888196945190e-01 7.016750574111938477e-01
2.202773839235305786e-01 7.079662680625915527e-01
2.186845839023590088e-01 7.070143818855285645e-01
2.176871001720428467e-01 6.915147900581359863e-01
2.139149904251098633e-01 7.023383378982543945e-01
2.111623734235763550e-01 7.171598672866821289e-01
2.089254558086395264e-01 7.302824258804321289e-01
2.058939486742019653e-01 7.495307922363281250e-01
2.036708593368530273e-01 7.691508531570434570e-01
2.049143761396408081e-01 6.915540695190429688e-01
2.221317738294601440e-01 7.073491811752319336e-01
2.608951628208160400e-01 7.620859742164611816e-01
2.267733067274093628e-01 8.098903894424438477e-01
2.281371653079986572e-01 7.917822003364562988e-01
2.208257615566253662e-01 7.426527142524719238e-01
2.118941098451614380e-01 8.238403201103210449e-01
2.111074924468994141e-01 9.213842153549194336e-01
2.091703712940216064e-01 8.566385507583618164e-01
2.032705098390579224e-01 8.599656820297241211e-01
2.116220742464065552e-01 8.801010251045227051e-01
2.131743431091308594e-01 9.284943342208862305e-01
2.080610096454620361e-01 9.070404171943664551e-01
2.095679938793182373e-01 8.847466707229614258e-01
2.059472054243087769e-01 8.725368380546569824e-01
2.020286768674850464e-01 8.431960344314575195e-01
1.992136687040328979e-01 8.214441537857055664e-01
1.998271942138671875e-01 8.208146095275878906e-01
2.027982175350189209e-01 8.394316434860229492e-01
2.033197432756423950e-01 8.660250902175903320e-01
2.036210298538208008e-01 8.771021962165832520e-01
1.994497030973434448e-01 8.945730924606323242e-01
1.941382288932800293e-01 8.830165863037109375e-01
1.986111849546432495e-01 9.033700823783874512e-01
1.912119239568710327e-01 9.024545550346374512e-01
1.870685219764709473e-01 8.723040819168090820e-01
1.823072135448455811e-01 8.919236063957214355e-01
1.789306849241256714e-01 9.038702249526977539e-01
1.780243217945098877e-01 8.995044827461242676e-01
1.726648062467575073e-01 8.960806727409362793e-01
1.720905005931854248e-01 9.011584520339965820e-01
1.715808361768722534e-01 9.158489108085632324e-01
1.653424799442291260e-01 9.454218149185180664e-01
1.677574962377548218e-01 9.703720211982727051e-01
1.659429371356964111e-01 9.918515086174011230e-01
1.595111489295959473e-01 1.003424644470214844e+00
1.559750437736511230e-01 9.824197888374328613e-01
1.542911380529403687e-01 9.638184309005737305e-01
1.516184955835342407e-01 9.613727331161499023e-01
1.509130299091339111e-01 9.514539837837219238e-01
1.493144035339355469e-01 9.512112736701965332e-01
1.479141116142272949e-01 9.728878140449523926e-01
1.439347565174102783e-01 9.874208569526672363e-01
1.415787339210510254e-01 9.914796948432922363e-01
1.403587609529495239e-01 9.952036142349243164e-01
1.384548097848892212e-01 9.960449934005737305e-01
1.372682005167007446e-01 9.913893938064575195e-01
1.353965550661087036e-01 9.864397048950195312e-01
1.336662769317626953e-01 9.955183267593383789e-01
1.322012394666671753e-01 9.957348108291625977e-01
1.318675279617309570e-01 9.955936670303344727e-01
1.303696483373641968e-01 9.991369247436523438e-01
1.312989443540573120e-01 9.840304255485534668e-01
1.338262110948562622e-01 9.951269030570983887e-01
1.323611289262771606e-01 9.976417422294616699e-01
1.320275664329528809e-01 1.004353880882263184e+00
1.319044530391693115e-01 1.017831087112426758e+00
1.312820166349411011e-01 1.028845191001892090e+00
1.287871599197387695e-01 1.028027057647705078e+00
1.271318346261978149e-01 1.069197058677673340e+00
1.342935562133789062e-01 1.072718262672424316e+00
1.316907405853271484e-01 1.063819766044616699e+00
1.318888217210769653e-01 1.069855928421020508e+00
1.305379867553710938e-01 1.064832448959350586e+00
1.226083263754844666e-01 1.078830122947692871e+00
1.257899701595306396e-01 1.097904801368713379e+00
1.259485632181167603e-01 1.070432543754577637e+00
1.252159476280212402e-01 1.066956281661987305e+00
1.239384636282920837e-01 1.064360737800598145e+00
1.216252222657203674e-01 1.074403882026672363e+00
1.203353404998779297e-01 1.077819108963012695e+00
1.196429282426834106e-01 1.082081794738769531e+00
1.173781901597976685e-01 1.081596970558166504e+00
1.161676198244094849e-01 1.097025036811828613e+00
1.147483438253402710e-01 1.120580554008483887e+00
1.135178804397583008e-01 1.119792103767395020e+00
1.127803772687911987e-01 1.125229239463806152e+00
1.108568534255027771e-01 1.114809393882751465e+00
1.099563390016555786e-01 1.112970471382141113e+00
1.122028380632400513e-01 1.102784395217895508e+00
1.379135996103286743e-01 1.100052714347839355e+00
1.872952431440353394e-01 1.119794011116027832e+00
2.414977550506591797e-01 1.013766646385192871e+00
1.882515698671340942e-01 9.835166931152343750e-01
2.073297202587127686e-01 9.556950330734252930e-01
1.955671310424804688e-01 9.489518404006958008e-01
1.786894798278808594e-01 8.888724446296691895e-01
1.737634986639022827e-01 9.121335744857788086e-01
1.828441023826599121e-01 9.251049160957336426e-01
1.710672229528427124e-01 9.062239527702331543e-01
1.694278120994567871e-01 9.298256635665893555e-01
1.846979260444641113e-01 9.270159602165222168e-01
1.831866651773452759e-01 9.154767990112304688e-01
1.637499779462814331e-01 9.228998422622680664e-01
1.596975475549697876e-01 9.308994412422180176e-01
1.601490080356597900e-01 9.377887845039367676e-01
1.599515676498413086e-01 9.278351068496704102e-01
1.563423126935958862e-01 8.797699213027954102e-01
1.517936885356903076e-01 8.708645105361938477e-01
1.449162662029266357e-01 8.504549264907836914e-01
1.392004191875457764e-01 8.540805578231811523e-01
1.368358731269836426e-01 8.768647909164428711e-01
1.331541091203689575e-01 8.703923225402832031e-01
1.304960846900939941e-01 8.679641485214233398e-01
1.282397359609603882e-01 8.868020772933959961e-01
1.255025714635848999e-01 9.157559275627136230e-01
1.229112297296524048e-01 9.182559847831726074e-01
1.185683161020278931e-01 9.096955060958862305e-01
1.197985559701919556e-01 9.106191396713256836e-01
1.155752390623092651e-01 9.019095301628112793e-01
1.134937852621078491e-01 8.890601396560668945e-01
1.259997338056564331e-01 8.884896039962768555e-01
1.101534590125083923e-01 8.955615758895874023e-01
1.127852946519851685e-01 9.076856374740600586e-01
1.078243032097816467e-01 9.169020652770996094e-01
1.065811291337013245e-01 9.253299832344055176e-01
1.036779433488845825e-01 9.361099004745483398e-01
1.065987497568130493e-01 9.373866319656372070e-01
1.013087257742881775e-01 9.470197558403015137e-01
1.010266989469528198e-01 9.627469182014465332e-01
9.892994910478591919e-02 1.001882433891296387e+00
1.022466868162155151e-01 1.031075358390808105e+00
1.191469654440879822e-01 1.003681540489196777e+00
1.163432002067565918e-01 9.876095056533813477e-01
1.130318418145179749e-01 9.849565625190734863e-01
1.128301247954368591e-01 9.866348505020141602e-01
1.131474003195762634e-01 9.884554743766784668e-01
1.117324382066726685e-01 9.721294641494750977e-01
1.072591319680213928e-01 9.603295326232910156e-01
1.049461141228675842e-01 9.828199148178100586e-01
1.049477234482765198e-01 9.880269169807434082e-01
1.088455468416213989e-01 9.731208086013793945e-01
1.031467318534851074e-01 9.680333137512207031e-01
1.022497788071632385e-01 9.650670289993286133e-01
1.005027517676353455e-01 9.304777383804321289e-01
1.006803959608078003e-01 9.324856996536254883e-01
9.861392527818679810e-02 9.293280839920043945e-01
9.761470556259155273e-02 9.015864133834838867e-01
9.670714288949966431e-02 8.969830274581909180e-01
9.598016738891601562e-02 8.885523080825805664e-01
9.472738206386566162e-02 8.823949694633483887e-01
9.363890439271926880e-02 8.969255685806274414e-01
9.206026792526245117e-02 9.172069430351257324e-01
9.087841957807540894e-02 9.047324061393737793e-01
8.991692215204238892e-02 9.033781290054321289e-01
8.858757466077804565e-02 9.161008000373840332e-01
9.394185245037078857e-02 8.809927105903625488e-01
1.859744489192962646e-01 8.510750532150268555e-01
1.764116436243057251e-01 8.706303834915161133e-01
2.027133703231811523e-01 8.330768346786499023e-01
1.782588064670562744e-01 8.752907514572143555e-01
1.721232384443283081e-01 1.056008815765380859e+00
1.557996720075607300e-01 1.032640457153320312e+00
1.523653268814086914e-01 1.004678487777709961e+00
1.484735906124114990e-01 9.941405057907104492e-01
1.504345238208770752e-01 9.975770115852355957e-01
1.416129767894744873e-01 9.583463668823242188e-01
1.468331962823867798e-01 9.031926989555358887e-01
1.331964731216430664e-01 8.565163612365722656e-01
1.413463652133941650e-01 8.519439697265625000e-01
1.488548070192337036e-01 8.408786654472351074e-01
1.565139740705490112e-01 8.284935951232910156e-01
1.479476839303970337e-01 8.002557754516601562e-01
1.486107856035232544e-01 7.751560211181640625e-01
1.428554356098175049e-01 8.008524775505065918e-01
1.391460150480270386e-01 8.132977485656738281e-01
1.413992196321487427e-01 7.732254862785339355e-01
1.405932158231735229e-01 8.083475828170776367e-01
1.388055980205535889e-01 8.220254182815551758e-01
1.362160295248031616e-01 8.451587557792663574e-01
1.347598135471343994e-01 8.727124333381652832e-01
1.308116763830184937e-01 8.828971982002258301e-01
1.277781277894973755e-01 8.815014958381652832e-01
1.253193318843841553e-01 8.718080520629882812e-01
1.232642903923988342e-01 8.354219198226928711e-01
1.236593276262283325e-01 8.223927617073059082e-01
1.189275532960891724e-01 8.098956346511840820e-01
1.167688146233558655e-01 8.062430620193481445e-01
1.167684942483901978e-01 8.047873377799987793e-01
1.159256845712661743e-01 8.055895566940307617e-01
1.141225472092628479e-01 8.072457313537597656e-01
1.125225871801376343e-01 8.195847272872924805e-01
1.106111407279968262e-01 8.332716226577758789e-01
1.089502573013305664e-01 8.499839901924133301e-01
1.068032756447792053e-01 8.408230543136596680e-01
1.040961146354675293e-01 8.411027789115905762e-01
1.028610691428184509e-01 8.436006307601928711e-01
1.014698892831802368e-01 8.475758433341979980e-01
9.996072947978973389e-02 8.691732287406921387e-01
9.902931004762649536e-02 8.721887469291687012e-01
9.793922305107116699e-02 8.716281056404113770e-01
9.653809666633605957e-02 8.702496290206909180e-01
9.562485665082931519e-02 8.684891462326049805e-01
9.494687616825103760e-02 8.668177723884582520e-01
9.384827315807342529e-02 8.665499687194824219e-01
9.278455376625061035e-02 8.680695295333862305e-01
9.199016541242599487e-02 8.679210543632507324e-01
9.193261712789535522e-02 8.729017376899719238e-01
9.196083247661590576e-02 8.810967206954956055e-01
9.132698923349380493e-02 8.862784504890441895e-01
9.072048217058181763e-02 8.853582143783569336e-01
8.949153125286102295e-02 8.824455142021179199e-01
8.871988952159881592e-02 8.808730244636535645e-01
8.783248066902160645e-02 8.812607526779174805e-01
8.685310930013656616e-02 8.830565214157104492e-01
8.616376668214797974e-02 8.810912370681762695e-01
8.557169139385223389e-02 8.772056698799133301e-01
8.531706035137176514e-02 8.806866407394409180e-01
8.434462547302246094e-02 8.881283998489379883e-01
8.382932841777801514e-02 8.919733762741088867e-01
8.285339176654815674e-02 8.982030749320983887e-01
8.181747049093246460e-02 8.988882899284362793e-01
8.105816692113876343e-02 8.932572603225708008e-01
8.003386110067367554e-02 8.824760317802429199e-01
7.929416000843048096e-02 8.812150955200195312e-01
8.034505695104598999e-02 9.074299931526184082e-01
7.839255779981613159e-02 9.004243016242980957e-01
7.728888839483261108e-02 8.984001874923706055e-01
7.769342511892318726e-02 9.050176739692687988e-01
8.694606274366378784e-02 8.948202133178710938e-01
1.132313013076782227e-01 9.359416961669921875e-01
1.226282119750976562e-01 9.456360936164855957e-01
1.231885328888893127e-01 9.443119764328002930e-01
1.248482912778854370e-01 9.007738828659057617e-01
1.170697584748268127e-01 8.755938410758972168e-01
1.202759593725204468e-01 8.412002325057983398e-01
1.157888323068618774e-01 8.446403741836547852e-01
1.177040189504623413e-01 8.278291821479797363e-01
1.122043132781982422e-01 9.067824482917785645e-01
1.186856180429458618e-01 9.350684285163879395e-01
1.132405772805213928e-01 9.540437459945678711e-01
1.081486120820045471e-01 9.746247529983520508e-01
1.137950196862220764e-01 1.000270962715148926e+00
1.088249310851097107e-01 1.009233117103576660e+00
1.035517901182174683e-01 9.638813138008117676e-01
1.040564402937889099e-01 9.204720258712768555e-01
1.033894196152687073e-01 9.193902015686035156e-01
1.014806628227233887e-01 9.412624239921569824e-01
9.920908510684967041e-02 9.439881443977355957e-01
9.674268960952758789e-02 9.911266565322875977e-01
9.653178602457046509e-02 1.005493998527526855e+00
9.459386020898818970e-02 9.993306398391723633e-01
9.220768511295318604e-02 9.919168353080749512e-01
9.137108922004699707e-02 9.882564544677734375e-01
8.987753093242645264e-02 9.549649953842163086e-01
8.837880194187164307e-02 9.275558590888977051e-01
8.723918348550796509e-02 9.158152341842651367e-01
8.615024387836456299e-02 8.955041170120239258e-01
8.515237271785736084e-02 8.868476748466491699e-01
8.390643447637557983e-02 8.857890963554382324e-01
8.276241272687911987e-02 8.893854022026062012e-01
8.148352056741714478e-02 8.910844922065734863e-01
8.073581755161285400e-02 8.889032602310180664e-01
8.005489408969879150e-02 8.861041069030761719e-01
7.930567860603332520e-02 8.858557939529418945e-01
7.836956530809402466e-02 8.885258436203002930e-01
7.743635773658752441e-02 8.937014341354370117e-01
7.649419456720352173e-02 9.010818600654602051e-01
7.554296404123306274e-02 9.097470045089721680e-01
7.447939366102218628e-02 9.081912040710449219e-01
7.364496588706970215e-02 8.963721990585327148e-01
7.280155271291732788e-02 9.236174821853637695e-01
7.191235572099685669e-02 9.270530939102172852e-01
7.109555602073669434e-02 9.244407415390014648e-01
7.037996500730514526e-02 9.237555265426635742e-01
6.993924081325531006e-02 9.193560481071472168e-01
6.926007568836212158e-02 9.192069768905639648e-01
6.881982833147048950e-02 9.224775433540344238e-01
6.846456229686737061e-02 9.244328737258911133e-01
6.849970668554306030e-02 8.875337839126586914e-01
7.331861555576324463e-02 8.978131413459777832e-01
8.285620808601379395e-02 9.073542356491088867e-01
9.643103182315826416e-02 9.875752329826354980e-01
9.813623130321502686e-02 9.542878866195678711e-01
1.009628772735595703e-01 9.299098253250122070e-01
1.209101900458335876e-01 9.666997194290161133e-01
1.034006923437118530e-01 9.531829953193664551e-01
1.257290989160537720e-01 9.270559549331665039e-01
9.564952552318572998e-02 9.478558301925659180e-01
1.030089631676673889e-01 9.461450576782226562e-01
1.020838022232055664e-01 9.229632616043090820e-01
9.843891113996505737e-02 9.272850155830383301e-01
9.204802662134170532e-02 8.781172037124633789e-01
8.622132241725921631e-02 8.965741991996765137e-01
9.011674672365188599e-02 8.866437673568725586e-01
9.083230793476104736e-02 8.884344100952148438e-01
8.641002327203750610e-02 9.233185052871704102e-01
9.091530740261077881e-02 9.367305636405944824e-01
9.015736728906631470e-02 9.889192581176757812e-01
1.131512299180030823e-01 8.758913278579711914e-01
1.207750812172889709e-01 8.736861944198608398e-01
1.082617193460464478e-01 8.751490712165832520e-01
1.073434203863143921e-01 9.335287809371948242e-01
1.010915264487266541e-01 9.192899465560913086e-01
9.650369733572006226e-02 8.960912823677062988e-01
9.681223332881927490e-02 8.729103207588195801e-01
9.367627650499343872e-02 8.698967099189758301e-01
9.642002731561660767e-02 8.846969604492187500e-01
9.322757273912429810e-02 8.902341723442077637e-01
9.314174950122833252e-02 9.104593396186828613e-01
9.742961823940277100e-02 9.230940937995910645e-01
9.108857065439224243e-02 9.199800491333007812e-01
8.775196224451065063e-02 8.986307382583618164e-01
8.493876457214355469e-02 8.889276385307312012e-01
8.280676603317260742e-02 8.855037689208984375e-01
8.003301173448562622e-02 9.044674038887023926e-01
8.078832924365997314e-02 9.121694564819335938e-01
8.003292232751846313e-02 9.238802194595336914e-01
7.680277526378631592e-02 9.271170496940612793e-01
7.616902142763137817e-02 9.194717407226562500e-01
7.554364204406738281e-02 9.172695875167846680e-01
7.431545108556747437e-02 9.242273569107055664e-01
7.324685901403427124e-02 9.230736494064331055e-01
7.248245179653167725e-02 9.252977371215820312e-01
7.116985321044921875e-02 9.283143877983093262e-01
6.988228857517242432e-02 9.240208864212036133e-01
6.951145082712173462e-02 9.364482760429382324e-01
7.202257961034774780e-02 9.286452531814575195e-01
7.093953341245651245e-02 9.056307077407836914e-01
6.918155401945114136e-02 9.105117917060852051e-01
6.990563869476318359e-02 9.030524492263793945e-01
6.896120309829711914e-02 8.952190279960632324e-01
6.773433834314346313e-02 9.216090440750122070e-01
6.781060993671417236e-02 9.250963330268859863e-01
6.770247220993041992e-02 9.386056661605834961e-01
6.666962802410125732e-02 9.484730958938598633e-01
6.617702543735504150e-02 9.375966787338256836e-01
6.598358601331710815e-02 9.367991685867309570e-01
6.503986567258834839e-02 9.365174174308776855e-01
6.474767625331878662e-02 9.351940155029296875e-01
6.450178474187850952e-02 9.312093853950500488e-01
6.392269581556320190e-02 9.307476282119750977e-01
6.354012340307235718e-02 9.363447427749633789e-01
6.348896771669387817e-02 9.275864362716674805e-01
6.303217262029647827e-02 9.289743304252624512e-01
6.265455484390258789e-02 9.267706871032714844e-01
6.247450038790702820e-02 9.354616999626159668e-01
6.198484823107719421e-02 9.324752092361450195e-01
6.169848889112472534e-02 9.335428476333618164e-01
6.150420755147933960e-02 9.345485568046569824e-01
6.109888479113578796e-02 9.363638162612915039e-01
6.059174984693527222e-02 9.367810487747192383e-01
6.015456840395927429e-02 9.407335519790649414e-01
5.993727967143058777e-02 9.436914324760437012e-01
5.979488044977188110e-02 9.388092160224914551e-01
5.972277373075485229e-02 9.400514364242553711e-01
5.938966944813728333e-02 9.361182451248168945e-01
5.883676558732986450e-02 9.324908256530761719e-01
5.894420668482780457e-02 9.352456331253051758e-01
5.934418365359306335e-02 9.338446855545043945e-01
5.856967717409133911e-02 9.330720901489257812e-01
5.931974574923515320e-02 9.319977760314941406e-01
5.776755884289741516e-02 9.303748011589050293e-01
5.829478427767753601e-02 9.306400418281555176e-01
5.746116489171981812e-02 9.296020269393920898e-01
5.781404301524162292e-02 9.331268072128295898e-01
5.709801986813545227e-02 9.382607340812683105e-01
5.714494735002517700e-02 9.408565759658813477e-01
5.674635246396064758e-02 9.416093826293945312e-01
5.667246133089065552e-02 9.389598965644836426e-01
5.638677626848220825e-02 9.393665194511413574e-01
5.624302476644515991e-02 9.391257166862487793e-01
5.600541085004806519e-02 9.403926134109497070e-01
5.580025166273117065e-02 9.484584927558898926e-01
5.566351488232612610e-02 9.509198069572448730e-01
5.539552122354507446e-02 9.532293081283569336e-01
5.533519387245178223e-02 9.556701779365539551e-01
5.505299568176269531e-02 9.538103342056274414e-01
5.493222549557685852e-02 9.493142962455749512e-01
5.474626272916793823e-02 9.495469927787780762e-01
5.456417798995971680e-02 9.522727131843566895e-01
5.446330457925796509e-02 9.525243043899536133e-01
5.424665659666061401e-02 9.516983032226562500e-01
5.420815199613571167e-02 9.531858563423156738e-01
5.398895591497421265e-02 9.536299705505371094e-01
5.388018488883972168e-02 9.497892260551452637e-01
5.372975021600723267e-02 9.486640095710754395e-01
5.356695130467414856e-02 9.469491243362426758e-01
5.344813317060470581e-02 9.419319033622741699e-01
5.330707505345344543e-02 9.413915872573852539e-01
5.316657572984695435e-02 9.411352276802062988e-01
5.306936427950859070e-02 9.407775998115539551e-01
5.289263650774955750e-02 9.389792680740356445e-01
5.280649662017822266e-02 9.405725598335266113e-01
5.267795175313949585e-02 9.418256878852844238e-01
5.254479497671127319e-02 9.413002729415893555e-01
5.243063718080520630e-02 9.427137374877929688e-01
5.227245762944221497e-02 9.432737231254577637e-01
5.212806537747383118e-02 9.425548315048217773e-01
5.204563215374946594e-02 9.537771344184875488e-01
5.186948180198669434e-02 9.593447446823120117e-01
5.175148323178291321e-02 9.509743452072143555e-01
5.164335295557975769e-02 9.544806480407714844e-01
5.154690146446228027e-02 9.514015316963195801e-01
5.145784467458724976e-02 9.527061581611633301e-01
5.126466602087020874e-02 9.568480253219604492e-01
5.115427821874618530e-02 9.554176330566406250e-01
5.094568803906440735e-02 9.552899599075317383e-01
5.082947760820388794e-02 9.576147794723510742e-01
5.070000141859054565e-02 9.585613012313842773e-01
5.172495916485786438e-02 9.700707197189331055e-01
5.527184158563613892e-02 9.789718389511108398e-01
9.689211845397949219e-02 9.880792498588562012e-01
6.110044568777084351e-02 9.593589901924133301e-01
5.683731287717819214e-02 9.503356218338012695e-01
5.931101366877555847e-02 9.445878863334655762e-01
5.861117690801620483e-02 9.555103182792663574e-01
6.075206398963928223e-02 9.506071805953979492e-01
5.886223912239074707e-02 9.582360982894897461e-01
6.096575409173965454e-02 9.348481893539428711e-01
6.083672493696212769e-02 9.377378225326538086e-01
5.879882723093032837e-02 9.420807957649230957e-01
6.020704656839370728e-02 9.334641695022583008e-01
5.647378042340278625e-02 9.301370382308959961e-01
5.756042152643203735e-02 9.311020970344543457e-01
5.563491582870483398e-02 9.341976046562194824e-01
5.614383891224861145e-02 9.445079565048217773e-01
5.532570555806159973e-02 9.541927576065063477e-01
5.441683530807495117e-02 9.492354393005371094e-01
5.407183617353439331e-02 9.439828991889953613e-01
5.320452526211738586e-02 9.410859942436218262e-01
5.335035920143127441e-02 9.417533874511718750e-01
5.252999067306518555e-02 9.439236521720886230e-01
5.302263051271438599e-02 9.476643800735473633e-01
5.276406928896903992e-02 9.502794146537780762e-01
5.296682566404342651e-02 9.218255281448364258e-01
5.220774561166763306e-02 9.233916401863098145e-01
5.174685642123222351e-02 9.249085187911987305e-01
5.114766955375671387e-02 9.233613014221191406e-01
5.084159225225448608e-02 9.210830926895141602e-01
5.074913427233695984e-02 9.155964851379394531e-01
5.061762779951095581e-02 9.188882112503051758e-01
5.044164136052131653e-02 9.179404973983764648e-01
4.989425837993621826e-02 9.089730381965637207e-01
4.952592402696609497e-02 9.357892870903015137e-01
5.002159997820854187e-02 9.204872846603393555e-01
5.055430531501770020e-02 9.435151815414428711e-01
5.149929597973823547e-02 9.283367395401000977e-01
5.296648666262626648e-02 9.493209719657897949e-01
5.227072909474372864e-02 9.421879649162292480e-01
5.068726465106010437e-02 9.460675120353698730e-01
4.955889657139778137e-02 9.418151974678039551e-01
5.063190311193466187e-02 9.415809512138366699e-01
4.919847473502159119e-02 9.604933857917785645e-01
4.885018989443778992e-02 1.037578105926513672e+00
4.918241500854492188e-02 1.015011548995971680e+00
4.798115789890289307e-02 1.018147230148315430e+00
4.813747480511665344e-02 1.021146535873413086e+00
4.790790751576423645e-02 1.036300778388977051e+00
4.729684442281723022e-02 1.001259326934814453e+00
4.749620333313941956e-02 1.015447258949279785e+00
4.677221179008483887e-02 1.006923913955688477e+00
4.691689088940620422e-02 1.014620542526245117e+00
4.652972891926765442e-02 1.020183086395263672e+00
4.641710966825485229e-02 9.986370801925659180e-01
4.622472077608108521e-02 9.872723817825317383e-01
4.590934142470359802e-02 9.928536415100097656e-01
4.593820497393608093e-02 1.005116939544677734e+00
4.562170803546905518e-02 1.017135739326477051e+00
4.565769433975219727e-02 1.011073827743530273e+00
4.541548714041709900e-02 1.003039360046386719e+00
4.513335227966308594e-02 9.964687228202819824e-01
4.508581757545471191e-02 9.923527836799621582e-01
4.485035315155982971e-02 9.837486147880554199e-01
4.477891325950622559e-02 9.871834516525268555e-01
4.462353885173797607e-02 1.001697659492492676e+00
4.443963617086410522e-02 9.970175027847290039e-01
4.431429877877235413e-02 9.980854988098144531e-01
4.420754313468933105e-02 9.958995580673217773e-01
4.401463270187377930e-02 9.956428408622741699e-01
4.393815994262695312e-02 1.032287478446960449e+00
4.381820559501647949e-02 1.021491050720214844e+00
4.363483190536499023e-02 1.021946072578430176e+00
4.349851980805397034e-02 1.039619207382202148e+00
4.338661208748817444e-02 1.026014566421508789e+00
4.324118793010711670e-02 1.026853561401367188e+00
4.309007525444030762e-02 1.041321516036987305e+00
4.299256578087806702e-02 1.030243039131164551e+00
4.287950322031974792e-02 1.045089602470397949e+00
4.276529699563980103e-02 1.035374164581298828e+00
4.262891411781311035e-02 1.032227516174316406e+00
4.355922341346740723e-02 1.025971055030822754e+00
4.289266467094421387e-02 1.020281314849853516e+00
6.736593693494796753e-02 1.372314095497131348e+00
4.244362711906433105e-01 1.430588126182556152e+00
4.321462512016296387e-01 1.290017962455749512e+00
5.828887820243835449e-01 1.117471575736999512e+00
5.604727864265441895e-01 1.067232370376586914e+00
5.644146203994750977e-01 1.041527271270751953e+00
5.988692045211791992e-01 9.430226087570190430e-01
5.085085034370422363e-01 9.208280444145202637e-01
4.592275023460388184e-01 8.707927465438842773e-01
4.481044411659240723e-01 8.377720117568969727e-01
4.517853260040283203e-01 8.154433965682983398e-01
4.879235625267028809e-01 8.459683656692504883e-01
4.516481757164001465e-01 8.940399289131164551e-01
4.877761900424957275e-01 9.994851350784301758e-01
5.158483386039733887e-01 9.550868868827819824e-01
4.786095619201660156e-01 9.673219919204711914e-01
4.982200264930725098e-01 9.148062467575073242e-01
4.355634748935699463e-01 9.264665842056274414e-01
3.984324634075164795e-01 9.135316014289855957e-01
3.809045255184173584e-01 9.431916475296020508e-01
3.908171653747558594e-01 9.527446031570434570e-01
3.881047368049621582e-01 9.549783468246459961e-01
3.594906926155090332e-01 9.556955099105834961e-01
3.501479029655456543e-01 9.556745290756225586e-01
3.499565720558166504e-01 9.642485380172729492e-01
3.422912657260894775e-01 9.692365527153015137e-01
3.350039124488830566e-01 9.111055135726928711e-01
3.273091614246368408e-01 9.332689046859741211e-01
3.056544661521911621e-01 9.626574516296386719e-01
3.479077816009521484e-01 1.036696076393127441e+00
4.218960702419281006e-01 9.934788942337036133e-01
3.429521620273590088e-01 9.849603772163391113e-01
3.281671404838562012e-01 9.848641157150268555e-01
3.195726275444030762e-01 9.831115603446960449e-01
3.373736143112182617e-01 9.347947239875793457e-01
3.652723133563995361e-01 8.654531240463256836e-01
3.349305391311645508e-01 8.961842656135559082e-01
3.390062153339385986e-01 8.741399049758911133e-01
3.561298549175262451e-01 8.608300089836120605e-01
3.245344161987304688e-01 8.497098684310913086e-01
3.125265836715698242e-01 8.656480908393859863e-01
3.077965676784515381e-01 8.724919557571411133e-01
3.046347498893737793e-01 8.965319395065307617e-01
3.005939722061157227e-01 9.009035825729370117e-01
2.883926033973693848e-01 9.339095950126647949e-01
3.247136771678924561e-01 9.376913905143737793e-01
2.987578213214874268e-01 8.920526504516601562e-01
3.005491197109222412e-01 8.721235990524291992e-01
2.854698896408081055e-01 8.718148469924926758e-01
2.768782079219818115e-01 8.421524763107299805e-01
2.934294044971466064e-01 8.371347188949584961e-01
2.848524451255798340e-01 8.297241330146789551e-01
2.837766110897064209e-01 7.946276664733886719e-01
2.794872522354125977e-01 8.087046742439270020e-01
2.712559998035430908e-01 8.059132695198059082e-01
2.637168765068054199e-01 8.025263547897338867e-01
2.544317245483398438e-01 8.024114370346069336e-01
2.568298876285552979e-01 8.807660937309265137e-01
2.519044876098632812e-01 8.994170427322387695e-01
2.449776828289031982e-01 9.136320948600769043e-01
2.458966672420501709e-01 9.118364453315734863e-01
2.395264804363250732e-01 9.093909263610839844e-01
2.324844300746917725e-01 9.091888666152954102e-01
2.280521690845489502e-01 9.107569456100463867e-01
2.247118651866912842e-01 9.118709564208984375e-01
2.198168039321899414e-01 9.095289111137390137e-01
2.155237644910812378e-01 9.050615429878234863e-01
2.104978561401367188e-01 8.929654955863952637e-01
2.079978287220001221e-01 8.915656805038452148e-01
2.045282125473022461e-01 8.871477246284484863e-01
2.005897015333175659e-01 8.851760625839233398e-01
1.970276236534118652e-01 8.807398080825805664e-01
1.943974941968917847e-01 8.866831064224243164e-01
1.953756511211395264e-01 8.731316328048706055e-01
1.959202885627746582e-01 8.780378103256225586e-01
1.966071575880050659e-01 8.367437124252319336e-01
1.952553391456604004e-01 8.383705019950866699e-01
1.914167553186416626e-01 8.432742357254028320e-01
1.890561580657958984e-01 8.462430238723754883e-01
1.874714046716690063e-01 7.757690548896789551e-01
1.838016360998153687e-01 7.788400053977966309e-01
1.830517351627349854e-01 7.801675796508789062e-01
1.820234507322311401e-01 7.776485681533813477e-01
1.797393709421157837e-01 7.759475708007812500e-01
1.770354956388473511e-01 7.733377218246459961e-01
1.740390658378601074e-01 8.352771997451782227e-01
1.718036383390426636e-01 8.301255106925964355e-01
1.712711900472640991e-01 7.381753921508789062e-01
1.682798862457275391e-01 7.279092073440551758e-01
1.663422733545303345e-01 7.876053452491760254e-01
1.653154194355010986e-01 7.893623709678649902e-01
1.646027863025665283e-01 7.857869267463684082e-01
1.621840000152587891e-01 7.881238460540771484e-01
1.608298867940902710e-01 8.059145212173461914e-01
1.599432528018951416e-01 8.298722505569458008e-01
1.581491976976394653e-01 8.261730074882507324e-01
1.572263985872268677e-01 8.327071070671081543e-01
1.538929790258407593e-01 8.473435640335083008e-01
1.529731303453445435e-01 8.589808344841003418e-01
1.502366214990615845e-01 8.675420880317687988e-01
1.483016461133956909e-01 8.631551861763000488e-01
1.467484384775161743e-01 8.446428179740905762e-01
1.442808359861373901e-01 8.498079180717468262e-01
1.427450031042098999e-01 8.438607454299926758e-01
1.411094069480895996e-01 8.407760858535766602e-01
1.397976726293563843e-01 8.363333940505981445e-01
1.384571790695190430e-01 8.427835702896118164e-01
1.367916315793991089e-01 8.444714546203613281e-01
1.368953585624694824e-01 8.439329266548156738e-01
1.349523961544036865e-01 8.446689844131469727e-01
1.337999701499938965e-01 8.506897687911987305e-01
1.324074119329452515e-01 8.486889004707336426e-01
1.314617991447448730e-01 8.379751443862915039e-01
1.309392005205154419e-01 8.364755511283874512e-01
1.295010596513748169e-01 8.308528661727905273e-01
1.279329806566238403e-01 8.272081613540649414e-01
1.265205293893814087e-01 8.260334134101867676e-01
1.250235736370086670e-01 8.271199464797973633e-01
1.246050819754600525e-01 8.286411166191101074e-01
1.227736324071884155e-01 8.323995471000671387e-01
1.228495016694068909e-01 8.366428613662719727e-01
1.219375580549240112e-01 8.413721919059753418e-01
1.208787336945533752e-01 8.429382443428039551e-01
1.198595911264419556e-01 8.443928956985473633e-01
1.190396547317504883e-01 8.468177914619445801e-01
1.180600672960281372e-01 8.503323793411254883e-01
1.171953678131103516e-01 8.518393635749816895e-01
1.163522750139236450e-01 8.502832651138305664e-01
1.154667735099792480e-01 8.495813608169555664e-01
1.149516552686691284e-01 8.494976162910461426e-01
1.140322089195251465e-01 8.510397672653198242e-01
1.136116757988929749e-01 8.520616292953491211e-01
1.132924929261207581e-01 8.540045022964477539e-01
1.147760301828384399e-01 8.353669047355651855e-01
1.132288575172424316e-01 7.494578361511230469e-01
1.121907010674476624e-01 8.403055071830749512e-01
1.120368465781211853e-01 8.411284685134887695e-01
1.111084446310997009e-01 8.445979356765747070e-01
1.103500276803970337e-01 8.459848165512084961e-01
1.101591810584068298e-01 8.440178632736206055e-01
1.093114987015724182e-01 7.580022215843200684e-01
1.107377856969833374e-01 8.459900617599487305e-01
1.086170226335525513e-01 8.384922146797180176e-01
1.076080352067947388e-01 8.399471044540405273e-01
1.080001145601272583e-01 8.445209264755249023e-01
1.071686595678329468e-01 8.426192998886108398e-01
1.065706461668014526e-01 8.471794128417968750e-01
1.056104078888893127e-01 8.485851287841796875e-01
1.051295176148414612e-01 8.515532612800598145e-01
1.551086902618408203e-01 8.483744859695434570e-01
1.086689457297325134e-01 8.496043086051940918e-01
1.133179515600204468e-01 8.453904390335083008e-01
1.126673072576522827e-01 8.450272679328918457e-01
1.174807772040367126e-01 8.511115312576293945e-01
1.212566122412681580e-01 9.046432375907897949e-01
1.165098920464515686e-01 9.076873064041137695e-01
1.288535892963409424e-01 9.854804873466491699e-01
1.263428181409835815e-01 9.849864840507507324e-01
1.437417119741439819e-01 9.733766317367553711e-01
1.235838159918785095e-01 1.003453016281127930e+00
1.281355321407318115e-01 1.002878904342651367e+00
1.282162368297576904e-01 9.501408338546752930e-01
1.318677663803100586e-01 9.491323232650756836e-01
1.250884085893630981e-01 9.327014684677124023e-01
1.236959248781204224e-01 9.281283617019653320e-01
1.236636415123939514e-01 9.155675768852233887e-01
1.212146058678627014e-01 9.029600024223327637e-01
1.192699298262596130e-01 8.932268023490905762e-01
1.181335598230361938e-01 8.832035064697265625e-01
1.172783970832824707e-01 8.747683763504028320e-01
1.152035742998123169e-01 8.680170178413391113e-01
1.136487871408462524e-01 8.693724870681762695e-01
1.128221005201339722e-01 8.755041956901550293e-01
1.122695207595825195e-01 8.788075447082519531e-01
1.105320230126380920e-01 8.851286172866821289e-01
1.099422797560691833e-01 8.850737810134887695e-01
1.100084632635116577e-01 9.187957644462585449e-01
1.095291599631309509e-01 9.170578718185424805e-01
1.093095168471336365e-01 8.840501904487609863e-01
1.080338582396507263e-01 8.847827911376953125e-01
1.065653935074806213e-01 8.812640309333801270e-01
1.055403575301170349e-01 8.792621493339538574e-01
1.041431277990341187e-01 9.357146024703979492e-01
1.037272065877914429e-01 9.369949102401733398e-01
1.078140139579772949e-01 9.391857981681823730e-01
1.096510887145996094e-01 9.354112744331359863e-01
1.079909950494766235e-01 8.939684033393859863e-01
1.072953715920448303e-01 8.920239210128784180e-01
1.071942001581192017e-01 8.866192698478698730e-01
1.050790399312973022e-01 8.969807624816894531e-01
1.048380285501480103e-01 9.396774172782897949e-01
1.037287563085556030e-01 9.527255892753601074e-01
1.034564822912216187e-01 9.616850018501281738e-01
1.026759743690490723e-01 9.680274724960327148e-01
1.016389578580856323e-01 9.627991914749145508e-01
1.010232940316200256e-01 9.250930547714233398e-01
1.001901850104331970e-01 9.267761111259460449e-01
1.001967787742614746e-01 9.246951937675476074e-01
9.972340613603591919e-02 9.232546687126159668e-01
9.905088692903518677e-02 9.240413904190063477e-01
9.819357842206954956e-02 9.302872419357299805e-01
9.767153859138488770e-02 9.343555569648742676e-01
9.680899232625961304e-02 9.381417036056518555e-01
9.620524197816848755e-02 9.417589902877807617e-01
9.605405479669570923e-02 9.449245333671569824e-01
9.546208381652832031e-02 9.462804794311523438e-01
9.483064711093902588e-02 9.484270811080932617e-01
9.429719299077987671e-02 9.499925374984741211e-01
9.374843537807464600e-02 9.524995088577270508e-01
9.309757500886917114e-02 9.560804367065429688e-01
9.247153252363204956e-02 9.606645703315734863e-01
9.184071421623229980e-02 9.643548727035522461e-01
9.121048450469970703e-02 9.653331041336059570e-01
9.044728428125381470e-02 9.654456973075866699e-01
8.983638137578964233e-02 9.654978513717651367e-01
8.920387923717498779e-02 9.651719927787780762e-01
8.852006494998931885e-02 9.597457051277160645e-01
8.820223063230514526e-02 9.630748033523559570e-01
8.855973184108734131e-02 9.644486308097839355e-01
8.790518343448638916e-02 9.647501707077026367e-01
8.792331069707870483e-02 9.774690866470336914e-01
9.048815071582794189e-02 9.411112070083618164e-01
9.314373880624771118e-02 9.250763058662414551e-01
9.453726559877395630e-02 9.256205558776855469e-01
9.536509960889816284e-02 9.266737103462219238e-01
9.425190091133117676e-02 9.307004809379577637e-01
9.305651485919952393e-02 9.331008791923522949e-01
9.253019839525222778e-02 9.307342767715454102e-01
9.228137880563735962e-02 9.285858869552612305e-01
9.157775342464447021e-02 9.277494549751281738e-01
9.079816937446594238e-02 9.240703582763671875e-01
9.019733220338821411e-02 9.218381047248840332e-01
8.982859551906585693e-02 9.184187054634094238e-01
8.942213654518127441e-02 9.144827723503112793e-01
8.859732002019882202e-02 9.139293432235717773e-01
8.786043524742126465e-02 9.205094575881958008e-01
8.724059164524078369e-02 9.109488725662231445e-01
8.681160211563110352e-02 9.116069674491882324e-01
8.625213801860809326e-02 9.133875966072082520e-01
8.570723980665206909e-02 9.190307855606079102e-01
8.517006784677505493e-02 9.486798048019409180e-01
8.439455181360244751e-02 9.279874563217163086e-01
8.379223197698593140e-02 9.271389245986938477e-01
8.338639885187149048e-02 9.277392625808715820e-01
8.291544765233993530e-02 9.291512370109558105e-01
8.239425718784332275e-02 9.376046061515808105e-01
8.243917673826217651e-02 9.400435686111450195e-01
8.251427859067916870e-02 9.385615587234497070e-01
8.311676979064941406e-02 9.380337595939636230e-01
8.299815654754638672e-02 9.274545907974243164e-01
8.233959227800369263e-02 9.304006695747375488e-01
8.183220773935317993e-02 9.323664903640747070e-01
8.139487355947494507e-02 9.393223524093627930e-01
8.095127344131469727e-02 9.327434301376342773e-01
8.060346543788909912e-02 9.340120553970336914e-01
8.018103986978530884e-02 9.274433255195617676e-01
7.993818074464797974e-02 9.479104280471801758e-01
7.955098897218704224e-02 9.558740854263305664e-01
7.918876409530639648e-02 9.573961496353149414e-01
7.874437421560287476e-02 9.477399587631225586e-01
7.836637645959854126e-02 9.478844404220581055e-01
7.820932567119598389e-02 9.489900469779968262e-01
7.850729674100875854e-02 9.472421407699584961e-01
7.847516238689422607e-02 9.388033747673034668e-01
7.753470540046691895e-02 8.214191198348999023e-01
7.763696461915969849e-02 8.225985765457153320e-01
7.710982859134674072e-02 8.230453729629516602e-01
7.713051885366439819e-02 8.204454183578491211e-01
7.665225118398666382e-02 8.172014355659484863e-01
7.661877572536468506e-02 9.317623376846313477e-01
7.624313235282897949e-02 9.394195675849914551e-01
7.593740522861480713e-02 9.372229576110839844e-01
7.582163065671920776e-02 9.347971081733703613e-01
7.551816105842590332e-02 9.337162971496582031e-01
7.544569671154022217e-02 9.620220065116882324e-01
7.517874240875244141e-02 9.644344449043273926e-01
7.505992799997329712e-02 9.377717971801757812e-01
1.124889254570007324e-01 9.683306813240051270e-01
1.195219904184341431e-01 9.340115785598754883e-01
1.234925016760826111e-01 8.936432600021362305e-01
1.233937963843345642e-01 8.797794580459594727e-01
1.165890470147132874e-01 8.602896928787231445e-01
1.143796220421791077e-01 8.513654470443725586e-01
1.099521070718765259e-01 8.599662780761718750e-01
1.101620346307754517e-01 8.751856088638305664e-01
1.079292148351669312e-01 8.896425366401672363e-01
1.082622185349464417e-01 8.663382530212402344e-01
1.058936268091201782e-01 8.736367225646972656e-01
1.016624197363853455e-01 8.537043333053588867e-01
9.944839775562286377e-02 8.599688410758972168e-01
9.836187213659286499e-02 8.837348818778991699e-01
9.540653973817825317e-02 8.977801203727722168e-01
9.553991258144378662e-02 9.164677858352661133e-01
9.433936327695846558e-02 9.351232647895812988e-01
1.109357103705406189e-01 9.243499040603637695e-01
1.182573288679122925e-01 8.886226415634155273e-01
1.207357496023178101e-01 8.796113729476928711e-01
1.175104156136512756e-01 8.877393007278442383e-01
1.182081550359725952e-01 8.945523500442504883e-01
1.138602346181869507e-01 8.912079930305480957e-01
1.118709295988082886e-01 8.947836160659790039e-01
1.092325001955032349e-01 8.838127851486206055e-01
1.040460839867591858e-01 8.856521844863891602e-01
1.043804436922073364e-01 8.955770730972290039e-01
1.005386337637901306e-01 8.925960659980773926e-01
1.028221100568771362e-01 8.983148336410522461e-01
1.073427349328994751e-01 8.961995244026184082e-01
1.039211302995681763e-01 8.896600604057312012e-01
1.069532260298728943e-01 8.913336992263793945e-01
1.031256318092346191e-01 8.944475054740905762e-01
1.013817563652992249e-01 8.767992854118347168e-01
1.143651008605957031e-01 8.884161710739135742e-01
1.113730445504188538e-01 9.007875323295593262e-01
1.065694242715835571e-01 8.608695864677429199e-01
1.107311621308326721e-01 8.541685342788696289e-01
1.290953010320663452e-01 8.514672517776489258e-01
1.694089770317077637e-01 8.525103330612182617e-01
1.625247746706008911e-01 8.657566905021667480e-01
1.691933423280715942e-01 8.865710496902465820e-01
1.665258109569549561e-01 8.784363865852355957e-01
1.698178797960281372e-01 9.119690060615539551e-01
1.648540496826171875e-01 9.359971880912780762e-01
1.535088270902633667e-01 9.937505722045898438e-01
1.492911577224731445e-01 9.934235811233520508e-01
1.462298482656478882e-01 9.882631301879882812e-01
1.437505781650543213e-01 9.805356264114379883e-01
1.416488587856292725e-01 9.817075729370117188e-01
1.380647122859954834e-01 9.748476147651672363e-01
1.374249458312988281e-01 9.796925783157348633e-01
1.347010880708694458e-01 9.715048670768737793e-01
1.314176470041275024e-01 9.606598615646362305e-01
1.285273134708404541e-01 9.710052609443664551e-01
1.273956447839736938e-01 9.235841631889343262e-01
1.255526393651962280e-01 9.211355447769165039e-01
1.246162280440330505e-01 9.114295840263366699e-01
1.232260316610336304e-01 9.034803509712219238e-01
1.218121498823165894e-01 9.059022665023803711e-01
1.206386536359786987e-01 9.145156145095825195e-01
1.087466701865196228e-01 1.076970338821411133e+00
4.073472619056701660e-01 1.185669779777526855e+00
3.978913724422454834e-01 1.088278651237487793e+00
4.346347451210021973e-01 1.010387897491455078e+00
6.043375730514526367e-01 1.111719369888305664e+00
7.258127331733703613e-01 1.168069601058959961e+00
8.141055107116699219e-01 1.168374896049499512e+00
7.955527305603027344e-01 1.102306127548217773e+00
8.015054464340209961e-01 1.048754811286926270e+00
8.192588090896606445e-01 9.579745531082153320e-01
7.870128154754638672e-01 1.198379993438720703e+00
