5.563483387231826782e-02 9.351029992103576660e-02
8.527036011219024658e-02 2.447582408785820007e-02
1.994952000677585602e-02 2.069477364420890808e-02
1.835744269192218781e-02 2.395270764827728271e-02
2.274559810757637024e-02 1.937182061374187469e-02
1.847315952181816101e-02 1.298045553267002106e-02
1.172329206019639969e-02 1.179453637450933456e-02
9.723601862788200378e-03 1.582089066505432129e-02
1.281576603651046753e-02 1.466060150414705276e-02
1.123571209609508514e-02 1.079345028847455978e-02
7.826071232557296753e-03 7.931847125291824341e-03
5.854761693626642227e-03 8.257078006863594055e-03
6.771574728190898895e-03 9.377108886837959290e-03
7.940212264657020569e-03 8.634115569293498993e-03
6.946279201656579971e-03 6.882561836391687393e-03
5.099442787468433380e-03 5.603834055364131927e-03
4.174596164375543594e-03 5.539372097700834274e-03
4.769755061715841293e-03 6.012985017150640488e-03
5.710887722671031952e-03 5.615855567157268524e-03
5.202009342610836029e-03 5.002819467335939407e-03
3.979691304266452789e-03 5.349883809685707092e-03
3.633211599662899971e-03 6.061163730919361115e-03
3.984000999480485916e-03 6.214370951056480408e-03
4.238469526171684265e-03 5.610808730125427246e-03
4.003636538982391357e-03 4.569809883832931519e-03
3.346486715599894524e-03 3.844945458695292473e-03
2.919231075793504715e-03 3.766202135011553764e-03
3.062631236389279366e-03 3.813914256170392036e-03
3.284668084233999252e-03 3.625608980655670166e-03
3.219985170289874077e-03 3.338451730087399483e-03
2.959591336548328400e-03 3.193388227373361588e-03
2.713068621233105659e-03 3.340512979775667191e-03
2.703426405787467957e-03 3.511741291731595993e-03
2.802998526021838188e-03 3.372576553374528885e-03
2.739045303314924240e-03 3.025650745257735252e-03
2.553170779719948769e-03 2.682930091395974159e-03
2.366036642342805862e-03 2.518004737794399261e-03
2.296118531376123428e-03 2.548767719417810440e-03
2.359673148021101952e-03 2.528090495616197586e-03
2.357508055865764618e-03 2.406637417152523994e-03
2.250329125672578812e-03 2.359809819608926773e-03
2.148650819435715675e-03 2.471107523888349533e-03
2.127503277733922005e-03 2.596137812361121178e-03
2.156520960852503777e-03 2.534936880692839622e-03
2.116823568940162659e-03 2.343788044527173042e-03
2.011751988902688026e-03 2.181814517825841904e-03
1.919794478453695774e-03 2.138943877071142197e-03
1.906748511828482151e-03 2.146804472431540489e-03
1.916647190228104591e-03 2.110222121700644493e-03
1.873253262601792812e-03 2.047413727268576622e-03
1.796967117115855217e-03 2.027650596573948860e-03
1.741670770570635796e-03 2.062928164377808571e-03
1.733614830300211906e-03 2.043184125795960426e-03
1.702627516351640224e-03 1.967843621969223022e-03
1.641597831621766090e-03 1.888699829578399658e-03
1.574170077219605446e-03 1.830212073400616646e-03
1.535612856969237328e-03 1.757896272465586662e-03
1.506707514636218548e-03 1.687796437181532383e-03
1.464889734052121639e-03 1.665080315433442593e-03
1.412997255101799965e-03 1.676179235801100731e-03
1.373748877085745335e-03 1.655934029258787632e-03
1.344104879535734653e-03 1.619013259187340736e-03
1.313931541517376900e-03 1.593308174051344395e-03
1.268195104785263538e-03 1.553279231302440166e-03
1.228353939950466156e-03 1.479472033679485321e-03
1.201343256980180740e-03 1.431462238542735577e-03
1.180201303213834763e-03 1.419400447048246861e-03
1.149303046986460686e-03 1.394974882714450359e-03
1.118334475904703140e-03 1.371513237245380878e-03
1.099366229027509689e-03 1.378168584778904915e-03
1.079948619008064270e-03 1.367002027109265327e-03
1.056701992638409138e-03 1.324938843026757240e-03
1.032849890179932117e-03 1.309634768404066563e-03
1.013630535453557968e-03 1.301066600717604160e-03
9.968203958123922348e-04 1.261531375348567963e-03
9.778680978342890739e-04 1.244062208570539951e-03
9.584262734279036522e-04 1.253850641660392284e-03
9.413168882019817829e-04 1.235930132679641247e-03
9.264427353627979755e-04 1.212728675454854965e-03
9.100717725232243538e-04 1.199410762637853622e-03
8.925861911848187447e-04 1.169192488305270672e-03
8.769185515120625496e-04 1.146245282143354416e-03
8.629768854007124901e-04 1.139232190325856209e-03
8.478363160975277424e-04 1.118247979320585728e-03
8.327307878062129021e-04 1.105523318983614445e-03
8.190680528059601784e-04 1.106131123378872871e-03
8.060623076744377613e-04 1.083688461221754551e-03
7.925212266854941845e-04 1.055791042745113373e-03
7.787583163008093834e-04 1.039919792674481869e-03
7.658220711164176464e-04 1.017134403809905052e-03
7.532310555689036846e-04 9.996109874919056892e-04
7.403598283417522907e-04 9.921591263264417648e-04
7.278728880919516087e-04 9.749132441356778145e-04
7.162871188484132290e-04 9.594971197657287121e-04
7.046661921776831150e-04 9.478527354076504707e-04
6.930060335434973240e-04 9.264969266951084137e-04
6.817381945438683033e-04 9.129210375249385834e-04
6.709493463858962059e-04 9.081822936423122883e-04
6.602862267754971981e-04 8.950036717578768730e-04
6.497945287264883518e-04 8.836927590891718864e-04
6.396120879799127579e-04 8.730067056603729725e-04
6.298647494986653328e-04 8.553763618692755699e-04
6.202422664500772953e-04 8.455062052235007286e-04
6.107730441726744175e-04 8.389046415686607361e-04
6.015844410285353661e-04 8.279990288428962231e-04
5.926297162659466267e-04 8.235656423494219780e-04
5.837620701640844345e-04 8.165863109752535820e-04
5.750721320509910583e-04 8.039391832426190376e-04
5.665638018399477005e-04 7.978482171893119812e-04
5.582529702223837376e-04 7.901963545009493828e-04
5.500187980942428112e-04 7.813333650119602680e-04
5.418910877779126167e-04 7.781263557262718678e-04
5.339492927305400372e-04 7.703618030063807964e-04
5.260673933662474155e-04 7.630355539731681347e-04
5.181753076612949371e-04 7.595143979415297508e-04
5.104820011183619499e-04 7.509735878556966782e-04
5.028705927543342113e-04 7.452077115885913372e-04
4.952421295456588268e-04 7.406821241602301598e-04
4.877501050941646099e-04 7.320499280467629433e-04
4.803331685252487659e-04 7.274079835042357445e-04
4.728637286461889744e-04 7.208209717646241188e-04
4.654768272303044796e-04 7.124575204215943813e-04
4.581389366649091244e-04 7.078063208609819412e-04
4.507745034061372280e-04 6.998582393862307072e-04
4.434571019373834133e-04 6.937822909094393253e-04
4.361632163636386395e-04 6.888480274938046932e-04
4.288578347768634558e-04 6.803650176152586937e-04
4.215905501041561365e-04 6.748386076651513577e-04
4.143341502640396357e-04 6.669946014881134033e-04
4.070856666658073664e-04 6.589128170162439346e-04
3.998830798082053661e-04 6.531471153721213341e-04
3.927049110643565655e-04 6.445131730288267136e-04
3.855656832456588745e-04 6.387129542417824268e-04
3.784795408137142658e-04 6.317003280855715275e-04
3.714495687745511532e-04 6.242140661925077438e-04
3.644949174486100674e-04 6.182561046443879604e-04
3.576058079488575459e-04 6.094216369092464447e-04
3.507962974254041910e-04 6.034199614077806473e-04
3.440892032813280821e-04 5.962761933915317059e-04
3.374609805177897215e-04 5.902244593016803265e-04
3.309363382868468761e-04 5.848210421390831470e-04
3.245231637265533209e-04 5.778098711743950844e-04
3.182044310960918665e-04 5.731009296141564846e-04
3.120023757219314575e-04 5.663126357831060886e-04
3.059141163248568773e-04 5.622384487651288509e-04
2.999386924784630537e-04 5.565774044953286648e-04
2.940839913208037615e-04 5.525136366486549377e-04
2.883484412450343370e-04 5.477556842379271984e-04
2.827364369295537472e-04 5.435287603177130222e-04
2.772466687019914389e-04 5.396837950684130192e-04
2.718832984101027250e-04 5.352240987122058868e-04
2.666481013875454664e-04 5.320424679666757584e-04
2.615395642351359129e-04 5.274628638289868832e-04
2.565624017734080553e-04 5.252230330370366573e-04
2.517134998925030231e-04 5.200245650485157967e-04
2.469944593030959368e-04 5.188572104088962078e-04
2.424083213554695249e-04 5.123162409290671349e-04
2.379513607593253255e-04 5.139767890796065331e-04
2.336313045816496015e-04 5.038824165239930153e-04
2.294541045557707548e-04 5.114761297591030598e-04
2.254470309708267450e-04 4.911256255581974983e-04
2.216802386101335287e-04 5.157538689672946930e-04
2.183743781642988324e-04 4.684016457758843899e-04
2.161569718737155199e-04 5.464870482683181763e-04
2.170713123632594943e-04 4.240995622240006924e-04
2.273325371788814664e-04 6.964501226320862770e-04
2.683670027181506157e-04 4.190498439129441977e-04
4.009801486972719431e-04 1.549237756989896297e-03
8.239907328970730305e-04 1.289244974032044411e-03
1.706437906250357628e-03 4.293689038604497910e-03
3.100064583122730255e-03 1.571229426190257072e-03
1.937887049280107021e-03 6.879664142616093159e-04
2.868020965252071619e-04 1.649161451496183872e-03
9.636302711442112923e-04 8.504602010361850262e-04
9.869086788967251778e-04 4.473620210774242878e-04
2.246300864499062300e-04 1.530565787106752396e-03
8.558005210943520069e-04 4.416300798766314983e-04
2.961106365546584129e-04 5.555491079576313496e-04
5.642959731630980968e-04 9.938947623595595360e-04
4.493025189731270075e-04 8.827604469843208790e-04
3.676888591144233942e-04 5.429526790976524353e-04
4.806552897207438946e-04 4.827738157473504543e-04
2.654761192388832569e-04 1.039441209286451340e-03
4.525707627180963755e-04 6.431521615013480186e-04
2.379657526034861803e-04 5.284418584778904915e-04
4.145957063883543015e-04 5.302543868310749531e-04
2.240911562694236636e-04 9.150776313617825508e-04
3.654061001725494862e-04 5.744700902141630650e-04
2.171356172766536474e-04 4.758356080856174231e-04
3.265334235038608313e-04 5.623818142339587212e-04
2.134869864676147699e-04 8.143613231368362904e-04
2.913528296630829573e-04 5.500989500433206558e-04
2.098690747516229749e-04 4.681853461079299450e-04
2.637672005221247673e-04 5.808042478747665882e-04
2.038894162978976965e-04 7.167634321376681328e-04
2.400050580035895109e-04 5.137816187925636768e-04
1.965417322935536504e-04 4.590573371388018131e-04
2.235112187918275595e-04 5.618157447315752506e-04
1.892938889795914292e-04 6.372143398039042950e-04
2.097775723086670041e-04 4.804042691830545664e-04
1.804923667805269361e-04 4.600888059940189123e-04
1.981070672627538443e-04 5.420473171398043633e-04
1.728171482682228088e-04 5.790215218439698219e-04
1.884514931589365005e-04 4.583205154631286860e-04
1.664693991187959909e-04 4.639323451556265354e-04
1.793255360098555684e-04 5.240869941189885139e-04
1.612034247955307364e-04 5.305571248754858971e-04
1.701965957181528211e-04 4.472313448786735535e-04
1.572921464685350657e-04 4.601598193403333426e-04
1.615907967789098620e-04 5.055003566667437553e-04
1.546119892736896873e-04 4.888052353635430336e-04
1.535741175757721066e-04 4.416127630975097418e-04
1.521339872851967812e-04 4.536009510047733784e-04
1.464702072553336620e-04 4.925795947201550007e-04
1.494935422670096159e-04 4.619453975465148687e-04
1.409136748407036066e-04 4.387105873320251703e-04
1.463181542931124568e-04 4.494495806284248829e-04
1.368269586237147450e-04 4.740712174680083990e-04
1.423724461346864700e-04 4.385997890494763851e-04
1.339628215646371245e-04 4.267871845513582230e-04
1.380041212541982532e-04 4.430771805346012115e-04
1.320247538387775421e-04 4.518096393439918756e-04
1.336367713520303369e-04 4.230083432048559189e-04
1.304428878938779235e-04 4.181853146292269230e-04
1.295535330427810550e-04 4.387054068502038717e-04
1.287871127715334296e-04 4.310621879994869232e-04
1.261234865523874760e-04 4.102624079678207636e-04
1.268769265152513981e-04 4.139827506151050329e-04
1.234272494912147522e-04 4.299864231143146753e-04
1.245838793693110347e-04 4.115531337447464466e-04
1.213535870192572474e-04 3.996692248620092869e-04
1.220451813424006104e-04 4.108449793420732021e-04
1.197315505123697221e-04 4.128803557250648737e-04
1.194712967844679952e-04 3.936585853807628155e-04
1.182740816147997975e-04 3.923474869225174189e-04
1.170774703496135771e-04 4.042416694574058056e-04
1.167616355814971030e-04 3.941164468415081501e-04
1.150337047874927521e-04 3.831095527857542038e-04
1.150643656728789210e-04 3.898139402735978365e-04
1.133551850216463208e-04 3.929138765670359135e-04
1.132219913415610790e-04 3.799156402237713337e-04
1.119308726629242301e-04 3.784681321121752262e-04
1.113728285417892039e-04 3.847326443064957857e-04
1.105886403820477426e-04 3.784089349210262299e-04
1.096553387469612062e-04 3.712281759362667799e-04
1.092084567062556744e-04 3.738639934454113245e-04
1.081301379599608481e-04 3.740603569895029068e-04
1.077642446034587920e-04 3.669517464004456997e-04
1.067760967998765409e-04 3.656055778264999390e-04
1.062910087057389319e-04 3.669785801321268082e-04
1.055299508152529597e-04 3.637551853898912668e-04
1.048550911946222186e-04 3.600886266212910414e-04
1.043123556883074343e-04 3.595915623009204865e-04
1.035182940540835261e-04 3.593356523197144270e-04
1.030693529173731804e-04 3.562851634342223406e-04
1.023036456899717450e-04 3.537849115673452616e-04
1.018056209431961179e-04 3.535225987434387207e-04
1.011687199934385717e-04 3.525964857544749975e-04
1.005702506517991424e-04 3.491407842375338078e-04
1.000551637844182551e-04 3.474895784165710211e-04
9.940851305145770311e-05 3.481196763459593058e-04
9.893732931232079864e-05 3.453671233728528023e-04
9.831877832766622305e-05 3.425962058827280998e-04
9.782241977518424392e-05 3.433667006902396679e-04
9.727828728500753641e-05 3.420210268814116716e-04
9.673753811512142420e-05 3.385355812497437000e-04
9.625870006857439876e-05 3.384248702786862850e-04
9.570263500791043043e-05 3.382077557034790516e-04
9.524104098090901971e-05 3.349378821440041065e-04
9.471750672673806548e-05 3.338516107760369778e-04
9.423698065802454948e-05 3.339196264278143644e-04
9.376162779517471790e-05 3.315169597044587135e-04
9.326545114163309336e-05 3.298420051578432322e-04
9.281739767175167799e-05 3.295842616353183985e-04
9.233075979864224792e-05 3.281066310591995716e-04
9.188505646307021379e-05 3.263367107138037682e-04
9.142683120444417000e-05 3.254380426369607449e-04
9.097292786464095116e-05 3.244679537601768970e-04
9.054121619556099176e-05 3.230427682865411043e-04
9.008920460473746061e-05 3.215808246750384569e-04
8.966672612586989999e-05 3.207387053407728672e-04
8.923290442908182740e-05 3.199118073098361492e-04
8.880875247996300459e-05 3.182311484124511480e-04
8.839484507916495204e-05 3.172517463099211454e-04
8.797299233265221119e-05 3.168096591252833605e-04
8.756999886827543378e-05 3.151497512590140104e-04
8.715967851458117366e-05 3.139623440802097321e-04
8.675932622281834483e-05 3.136163577437400818e-04
8.636427810415625572e-05 3.121735353488475084e-04
8.596677071182057261e-05 3.108793171122670174e-04
8.558169793104752898e-05 3.103809140156954527e-04
8.519338734913617373e-05 3.092110564466565847e-04
8.481249824399128556e-05 3.079967864323407412e-04
8.443561819149181247e-05 3.072647086810320616e-04
8.405900734942406416e-05 3.063132753595709801e-04
8.369064744329079986e-05 3.052601532544940710e-04
8.332161087309941649e-05 3.042756288778036833e-04
8.295807492686435580e-05 3.034401452168822289e-04
8.259840979008004069e-05 3.025505866389721632e-04
8.223961049225181341e-05 3.014107060153037310e-04
8.188691572286188602e-05 3.006434417329728603e-04
8.153517410391941667e-05 2.998612180817872286e-04
8.118733967421576381e-05 2.986777399200946093e-04
8.084317232714965940e-05 2.979249111376702785e-04
8.050032920436933637e-05 2.971552021335810423e-04
8.016213541850447655e-05 2.960393903777003288e-04
7.982572424225509167e-05 2.952867944259196520e-04
7.949217251734808087e-05 2.944994776044040918e-04
7.916210597613826394e-05 2.935231314040720463e-04
7.883365469751879573e-05 2.927238529082387686e-04
7.850878319004550576e-05 2.919026592280715704e-04
7.818609446985647082e-05 2.910633047576993704e-04
7.786571222823113203e-05 2.901839325204491615e-04
7.754854595987126231e-05 2.893586352001875639e-04
7.723304588580504060e-05 2.886031288653612137e-04
7.692033977946266532e-05 2.876667422242462635e-04
7.661010022275149822e-05 2.868908050004392862e-04
7.630180334672331810e-05 2.861683897208422422e-04
7.599626405863091350e-05 2.852456818800419569e-04
7.569262379547581077e-05 2.845161943696439266e-04
7.539126818301156163e-05 2.837700012605637312e-04
7.509222632506862283e-05 2.829141740221530199e-04
7.479505438823252916e-05 2.821722009684890509e-04
7.450021075783297420e-05 2.814060135278850794e-04
7.420736073981970549e-05 2.806384291034191847e-04
7.391642429865896702e-05 2.798539062496274710e-04
7.362764881690964103e-05 2.791204024106264114e-04
7.334072870435193181e-05 2.784003445412963629e-04
7.305569306481629610e-05 2.775882894638925791e-04
7.277268741745501757e-05 2.769025450106710196e-04
7.249139162013307214e-05 2.761758223641663790e-04
7.221207488328218460e-05 2.753913286142051220e-04
7.193449710030108690e-05 2.747140533756464720e-04
7.165866554714739323e-05 2.739817427936941385e-04
7.138467481127008796e-05 2.732545544859021902e-04
7.111231388989835978e-05 2.725482336245477200e-04
7.084168464643880725e-05 2.718505274970084429e-04
7.057277252897620201e-05 2.711443230509757996e-04
7.030539563857018948e-05 2.704196667764335871e-04
7.003975042607635260e-05 2.697648596949875355e-04
6.977566954446956515e-05 2.690443652682006359e-04
6.951310206204652786e-05 2.683512575458735228e-04
6.925214256625622511e-05 2.676932781469076872e-04
6.899273284943774343e-05 2.669906825758516788e-04
6.873478560009971261e-05 2.663228369783610106e-04
6.847835902590304613e-05 2.656503929756581783e-04
6.822337309131398797e-05 2.649897942319512367e-04
6.796982779633253813e-05 2.643102779984474182e-04
6.771773041691631079e-05 2.636606222949922085e-04
6.746702274540439248e-05 2.630099188536405563e-04
6.721770478179678321e-05 2.623365435283631086e-04
6.696976925013586879e-05 2.617096470203250647e-04
6.672317977063357830e-05 2.610538213048130274e-04
6.647792179137468338e-05 2.604136534500867128e-04
6.623400986427441239e-05 2.597763959784060717e-04
6.599137122975662351e-05 2.591469674371182919e-04
6.574998405994847417e-05 2.585105248726904392e-04
6.550993566634133458e-05 2.578843268565833569e-04
6.527108780574053526e-05 2.572712837718427181e-04
6.503350596176460385e-05 2.566364710219204426e-04
6.479716830654069781e-05 2.560341672506183386e-04
6.456200935645028949e-05 2.554159727878868580e-04
6.432805093936622143e-05 2.548110787756741047e-04
6.409526395145803690e-05 2.542012371122837067e-04
6.386366294464096427e-05 2.536106621846556664e-04
6.363321881508454680e-05 2.530008205212652683e-04
6.340393156278878450e-05 2.524150477256625891e-04
6.317573570413514972e-05 2.518217079341411591e-04
6.294871127465739846e-05 2.512347127776592970e-04
6.272274185903370380e-05 2.506482414901256561e-04
6.249790021684020758e-05 2.500748669262975454e-04
6.227415724424645305e-05 2.494900254532694817e-04
6.205149111337959766e-05 2.489215112291276455e-04
6.182985089253634214e-05 2.483496500644832850e-04
6.160930206533521414e-05 2.477848029229789972e-04
6.138978642411530018e-05 2.472156484145671129e-04
6.117133307270705700e-05 2.466658770572394133e-04
6.095386197557672858e-05 2.460957039147615433e-04
6.073744225432164967e-05 2.455558569636195898e-04
6.052206299500539899e-05 2.449902822263538837e-04
6.030762597220018506e-05 2.444626297801733017e-04
6.009423668729141355e-05 2.438891388010233641e-04
5.988179327687248588e-05 2.433901681797578931e-04
5.967031029285863042e-05 2.427950239507481456e-04
5.945986049482598901e-05 2.423392143100500107e-04
5.925034565734677017e-05 2.416989736957475543e-04
5.904178760829381645e-05 2.413271868135780096e-04
5.883421545149758458e-05 2.405740960966795683e-04
5.862763646291568875e-05 2.403877442702651024e-04
5.842214886797592044e-05 2.393726899754256010e-04
5.821788363391533494e-05 2.396001073066145182e-04
5.801524821436032653e-05 2.379686047788709402e-04
5.781526488135568798e-05 2.391819434706121683e-04
5.762041109846904874e-05 2.360403013881295919e-04
5.743695510318502784e-05 2.397247153567150235e-04
5.728104224544949830e-05 2.328114351257681847e-04
5.719421460526064038e-05 2.429999440209940076e-04
5.728819451178424060e-05 2.266275987494736910e-04
5.785935354651883245e-05 2.552777586970478296e-04
5.973525185254402459e-05 2.164586185244843364e-04
6.515032873721793294e-05 3.048502549063414335e-04
8.067119051702320576e-05 2.284788497490808368e-04
1.236744137713685632e-04 5.574414390139281750e-04
2.486406010575592518e-04 5.636082496494054794e-04
5.751480930484831333e-04 2.024509478360414505e-03
1.476826844736933708e-03 2.739903517067432404e-03
2.902897540479898453e-03 5.489167291671037674e-03
4.656568169593811035e-03 1.894258195534348488e-03
1.856735674664378166e-03 3.819617268163710833e-04
1.842376659624278545e-04 2.399309072643518448e-03
1.807897584512829781e-03 6.596242310479283333e-04
5.474828067235648632e-04 7.449787226505577564e-04
6.613867590203881264e-04 1.706593902781605721e-03
1.012392574921250343e-03 7.495072204619646072e-04
2.450776810292154551e-04 1.042526448145508766e-03
1.012874883599579334e-03 6.051708478480577469e-04
1.661140850046649575e-04 1.600357703864574432e-03
7.746766204945743084e-04 6.053887773305177689e-04
1.708624477032572031e-04 7.910918211564421654e-04
6.322277477011084557e-04 7.576171192340552807e-04
1.901759533211588860e-04 1.249524881131947041e-03
5.017454968765377998e-04 5.565907922573387623e-04
1.736742560751736164e-04 6.485870108008384705e-04
4.193614586256444454e-04 7.151045138016343117e-04
1.714487152639776468e-04 1.003105076961219311e-03
3.521143808029592037e-04 5.190777592360973358e-04
1.509843277744948864e-04 5.535483360290527344e-04
3.060294257011264563e-04 6.248004501685500145e-04
1.384843926643952727e-04 8.538560941815376282e-04
2.645407803356647491e-04 4.902548389509320259e-04
1.259167038369923830e-04 4.738393763545900583e-04
2.333248557988554239e-04 5.369888967834413052e-04
1.182329360744915903e-04 7.215372170321643353e-04
2.052379277301952243e-04 4.522554227150976658e-04
1.078273198800161481e-04 4.242072755005210638e-04
1.836780720623210073e-04 4.832912236452102661e-04
1.008731342153623700e-04 6.239259964786469936e-04
1.630984043003991246e-04 4.165548889432102442e-04
9.515596320852637291e-05 3.920091257896274328e-04
1.468001282773911953e-04 4.554687475319951773e-04
9.161930938716977835e-05 5.496842786669731140e-04
1.320732117164880037e-04 3.922564792446792126e-04
8.776215690886601806e-05 3.735216159839183092e-04
1.204381478601135314e-04 4.369120579212903976e-04
8.573669765610247850e-05 5.021902034059166908e-04
1.098977372748777270e-04 3.851902729365974665e-04
8.390998118557035923e-05 3.658799396362155676e-04
1.009530533337965608e-04 4.293046949896961451e-04
8.258363232016563416e-05 4.620993859134614468e-04
9.329862223239615560e-05 3.659040376078337431e-04
8.080203406279906631e-05 3.521110920701175928e-04
8.687987428857013583e-05 4.153611080255359411e-04
7.958963396959006786e-05 4.205746226944029331e-04
8.142278966261073947e-05 3.477406280580908060e-04
7.849618123145774007e-05 3.453913086559623480e-04
7.672254287172108889e-05 4.000007756985723972e-04
7.716491381870582700e-05 3.810569469351321459e-04
7.295778777915984392e-05 3.304478013888001442e-04
7.559791265521198511e-05 3.381047863513231277e-04
7.001646008575335145e-05 3.799007681664079428e-04
7.398824527626857162e-05 3.499560698401182890e-04
6.771369953639805317e-05 3.172027936670929193e-04
7.211912452476099133e-05 3.305398568045347929e-04
6.597533501917496324e-05 3.582120116334408522e-04
7.006582745816558599e-05 3.256131894886493683e-04
6.488603685284033418e-05 3.070965467486530542e-04
6.798801041441038251e-05 3.273749316576868296e-04
6.407677574316039681e-05 3.391602076590061188e-04
6.591439887415617704e-05 3.082480980083346367e-04
6.346293230308219790e-05 3.024098405148833990e-04
6.399209087248891592e-05 3.242929524276405573e-04
6.290991586865857244e-05 3.195286262780427933e-04
6.224861863302066922e-05 2.963328734040260315e-04
6.225011020433157682e-05 3.009039501193910837e-04
6.084797860239632428e-05 3.165650996379554272e-04
6.142715574242174625e-05 3.024297475349158049e-04
5.976583270239643753e-05 2.902109990827739239e-04
6.045478949090465903e-05 2.997289702761918306e-04
5.893807974644005299e-05 3.051825333386659622e-04
5.940813571214675903e-05 2.898450475186109543e-04
5.830139343743212521e-05 2.860878012143075466e-04
5.835607225890271366e-05 2.958854893222451210e-04
5.774398596258834004e-05 2.930877672042697668e-04
5.739728658227249980e-05 2.816479536704719067e-04
5.716038140235468745e-05 2.840723609551787376e-04
5.657129077007994056e-05 2.903485728893429041e-04
5.651475657941773534e-05 2.820642257574945688e-04
5.587358100456185639e-05 2.761265786830335855e-04
5.583578604273498058e-05 2.815333427861332893e-04
5.527656321646645665e-05 2.815724001266062260e-04
5.514189251698553562e-05 2.732840657699853182e-04
5.472594784805551171e-05 2.734702429734170437e-04
5.447804505820386112e-05 2.772970183286815882e-04
5.418831278802827001e-05 2.725320227909833193e-04
5.387283090385608375e-05 2.680004399735480547e-04
5.364925527828745544e-05 2.704456273932009935e-04
5.331616921466775239e-05 2.702437050174921751e-04
5.311684071784839034e-05 2.652916009537875652e-04
5.279782271827571094e-05 2.646190987434238195e-04
5.259660611045546830e-05 2.661211183294653893e-04
5.230564420344308019e-05 2.634253469295799732e-04
5.209300434216856956e-05 2.604628389235585928e-04
5.183237954042851925e-05 2.612515818327665329e-04
5.160800719750113785e-05 2.607443893793970346e-04
5.137727202964015305e-05 2.576732076704502106e-04
5.113644147058948874e-05 2.568963391240686178e-04
5.093623258289881051e-05 2.572477969806641340e-04
5.068532118457369506e-05 2.552644873503595591e-04
5.050217805546708405e-05 2.535161038395017385e-04
5.025896098231896758e-05 2.537639229558408260e-04
5.007119762012735009e-05 2.527544565964490175e-04
4.985419946024194360e-05 2.509138139430433512e-04
4.964902109350077808e-05 2.505517913959920406e-04
4.946218177792616189e-05 2.499456750229001045e-04
4.924354288959875703e-05 2.484062861185520887e-04
4.907242691842839122e-05 2.475918736308813095e-04
4.885970702162012458e-05 2.470207109581679106e-04
4.868368705501779914e-05 2.457322552800178528e-04
4.849250399274751544e-05 2.448533487040549517e-04
4.830354737350717187e-05 2.442761324346065521e-04
4.813185660168528557e-05 2.431576431263238192e-04
4.793881089426577091e-05 2.422815014142543077e-04
4.777345020556822419e-05 2.416981878923252225e-04
4.758937939186580479e-05 2.406941202934831381e-04
4.741972588817588985e-05 2.397647767793387175e-04
4.724971950054168701e-05 2.392861933913081884e-04
4.707606785814277828e-05 2.384860563324764371e-04
4.691476351581513882e-05 2.374757750658318400e-04
4.674411684391088784e-05 2.369839494349434972e-04
4.658470788854174316e-05 2.363545645494014025e-04
4.642120620701462030e-05 2.352664887439459562e-04
4.626170994015410542e-05 2.346548426430672407e-04
4.610471296473406255e-05 2.342583320569247007e-04
4.594665733748115599e-05 2.332680160179734230e-04
4.579408414429053664e-05 2.325077512068673968e-04
4.563917536870576441e-05 2.322345098946243525e-04
4.548930155579000711e-05 2.313964505447074771e-04
4.533848550636321306e-05 2.304930967511609197e-04
4.519043068285100162e-05 2.302145294379442930e-04
4.504414755501784384e-05 2.295839076396077871e-04
4.489762795856222510e-05 2.286438393639400601e-04
4.475520836422219872e-05 2.282755012856796384e-04
4.461140269995667040e-05 2.278117462992668152e-04
4.447097308002412319e-05 2.269114775117486715e-04
4.433123103808611631e-05 2.264123904751613736e-04
4.419213291839696467e-05 2.260362089145928621e-04
4.405593426781706512e-05 2.252378471894189715e-04
4.391911352286115289e-05 2.246324875159189105e-04
4.378500307211652398e-05 2.242731570731848478e-04
4.365150743979029357e-05 2.236036816611886024e-04
4.351897950982674956e-05 2.229505043942481279e-04
4.338839789852499962e-05 2.225659118266776204e-04
4.325808185967616737e-05 2.219982270617038012e-04
4.312959936214610934e-05 2.213400293840095401e-04
4.300186265027150512e-05 2.209209778811782598e-04
4.287531555746681988e-05 2.204228949267417192e-04
4.274997991160489619e-05 2.197915164288133383e-04
4.262543734512291849e-05 2.193381369579583406e-04
4.250222991686314344e-05 2.188647194998338819e-04
4.237976463628001511e-05 2.182688622269779444e-04
4.225856537232175469e-05 2.178108261432498693e-04
4.213825013721361756e-05 2.173577959183603525e-04
4.201883348287083209e-05 2.168086066376417875e-04
4.190059917164035141e-05 2.163656754419207573e-04
4.178305243840441108e-05 2.159184077754616737e-04
4.166662984061986208e-05 2.153971727238968015e-04
4.155105852987617254e-05 2.149696520064026117e-04
4.143635305808857083e-05 2.145264734281226993e-04
4.132265166845172644e-05 2.140232390956953168e-04
4.120969606447033584e-05 2.136089897248893976e-04
4.109768633497878909e-05 2.131736109731718898e-04
4.098652789252810180e-05 2.126879699062556028e-04
4.087615525349974632e-05 2.122861624229699373e-04
4.076668847119435668e-05 2.118656120728701353e-04
4.065796747454442084e-05 2.113933005603030324e-04
4.055006866110488772e-05 2.109948254656046629e-04
4.044297020300291479e-05 2.105886378558352590e-04
4.033664299640804529e-05 2.101295685861259699e-04
4.023111250717192888e-05 2.097343822242692113e-04
4.012631688965484500e-05 2.093422663165256381e-04
4.002229252364486456e-05 2.088987239403650165e-04
3.991901030531153083e-05 2.085067535517737269e-04
3.981643385486677289e-05 2.081271086353808641e-04
3.971458863816224039e-05 2.076987584587186575e-04
3.961343827540986240e-05 2.073130162898451090e-04
3.951300823246128857e-05 2.069409965770319104e-04
3.941328395740129054e-05 2.065265725832432508e-04
3.931422179448418319e-05 2.061487466562539339e-04
3.921585812349803746e-05 2.057819365290924907e-04
3.911812382284551859e-05 2.053830103250220418e-04
3.902106618625111878e-05 2.050166076514869928e-04
3.892466702382080257e-05 2.046523441094905138e-04
3.882888995576649904e-05 2.042666019406169653e-04
3.873376408591866493e-05 2.039097016677260399e-04
3.863925303448922932e-05 2.035466022789478302e-04
3.854537499137222767e-05 2.031742187682539225e-04
3.845209721475839615e-05 2.028272429015487432e-04
3.835940879071131349e-05 2.024673885898664594e-04
3.826732790912501514e-05 2.021078544203191996e-04
3.817583274212665856e-05 2.017684455495327711e-04
3.808494147961027920e-05 2.014131023315712810e-04
3.799461410380899906e-05 2.010638563660904765e-04
3.790483606280758977e-05 2.007305884035304189e-04
3.781566192628815770e-05 2.003811532631516457e-04
3.772699346882291138e-05 2.000413660425692797e-04
3.763891436392441392e-05 1.997130748350173235e-04
3.755135912797413766e-05 1.993710466194897890e-04
3.746434958884492517e-05 1.990392775041982532e-04
3.737785664270631969e-05 1.987149880733340979e-04
3.729190939338877797e-05 1.983800029847770929e-04
3.720645327121019363e-05 1.980555534828454256e-04
3.712154284585267305e-05 1.977357023861259222e-04
3.703709808178246021e-05 1.974087499547749758e-04
3.695317718666046858e-05 1.970913290278986096e-04
3.686977288452908397e-05 1.967752759810537100e-04
3.678685970953665674e-05 1.964556577149778605e-04
3.670440128189511597e-05 1.961446396308019757e-04
3.662245580926537514e-05 1.958326902240514755e-04
3.654096144600771368e-05 1.955205370904877782e-04
3.645995457191020250e-05 1.952158054336905479e-04
3.637940972112119198e-05 1.949069846887141466e-04
3.629931597970426083e-05 1.946026168297976255e-04
3.621968426159583032e-05 1.943023817148059607e-04
3.614049637690186501e-05 1.939979265443980694e-04
3.606178870541043580e-05 1.937003835337236524e-04
3.598350667743943632e-05 1.934038882609456778e-04
3.590565029298886657e-05 1.931048464030027390e-04
3.582823410397395492e-05 1.928138517541810870e-04
3.575124719645828009e-05 1.925203687278553843e-04
3.567468957044184208e-05 1.922277733683586121e-04
3.559854303603060544e-05 1.919411006383597851e-04
3.552281850716099143e-05 1.916514156619086862e-04
3.544749779393896461e-05 1.913650194182991982e-04
3.537261363817378879e-05 1.910818391479551792e-04
3.529810055624693632e-05 1.907965779537335038e-04
3.522402403177693486e-05 1.905158424051478505e-04
3.515032221912406385e-05 1.902356307255104184e-04
3.507700967020355165e-05 1.899555063573643565e-04
3.500407547107897699e-05 1.896794856293126941e-04
3.493156327749602497e-05 1.894022279884666204e-04
3.485941124381497502e-05 1.891279825940728188e-04
3.478763392195105553e-05 1.888552069431170821e-04
3.471623494988307357e-05 1.885819219751283526e-04
3.464521432761102915e-05 1.883121585706248879e-04
3.457453931332565844e-05 1.880430354503914714e-04
3.450425356277264655e-05 1.877741160569712520e-04
3.443430978222750127e-05 1.875085727078840137e-04
3.436472979956306517e-05 1.872427528724074364e-04
3.429551361477933824e-05 1.869780389824882150e-04
3.422663212404586375e-05 1.867161772679537535e-04
3.415811079321429133e-05 1.864537771325558424e-04
3.408994962228462100e-05 1.861934870248660445e-04
3.402210495551116765e-05 1.859349431470036507e-04
3.395459498278796673e-05 1.856759772635996342e-04
3.388743061805143952e-05 1.854200818343088031e-04
3.382060822332277894e-05 1.851640554377809167e-04
3.375409505679272115e-05 1.849092950578778982e-04
3.368792749824933708e-05 1.846567611210048199e-04
3.362208008184097707e-05 1.844038924900814891e-04
3.355655644554644823e-05 1.841534540290012956e-04
3.349135295138694346e-05 1.839032629504799843e-04
3.342645868542604148e-05 1.836544834077358246e-04
3.336187364766374230e-05 1.834067661548033357e-04
3.329758328618481755e-05 1.831602276070043445e-04
3.323361670481972396e-05 1.829142711358144879e-04
3.316995571367442608e-05 1.826704537961632013e-04
3.310661486466415226e-05 1.824266801122575998e-04
3.304356505395844579e-05 1.821844052756205201e-04
3.298078445368446410e-05 1.819434983190149069e-04
3.291832035756669939e-05 1.817025768104940653e-04
3.285614002379588783e-05 1.814640563679859042e-04
3.279425800428725779e-05 1.812253758544102311e-04
3.273265247116796672e-05 1.809883688110858202e-04
3.267133433837443590e-05 1.807523512979969382e-04
3.261030724388547242e-05 1.805164502002298832e-04
3.254955663578584790e-05 1.802834158297628164e-04
3.248908615205436945e-05 1.800493482733145356e-04
3.242887760279700160e-05 1.798176963347941637e-04
3.236896736780181527e-05 1.795861899154260755e-04
3.230930451536551118e-05 1.793555857148021460e-04
3.224989632144570351e-05 1.791266840882599354e-04
3.219080463168211281e-05 1.788980007404461503e-04
3.213194213458336890e-05 1.786707725841552019e-04
3.207335612387396395e-05 1.784443302312865853e-04
3.201501021976582706e-05 1.782180770533159375e-04
3.195694444002583623e-05 1.779940503183752298e-04
3.189912240486592054e-05 1.777699653757736087e-04
3.184156230418011546e-05 1.775472192093729973e-04
3.178424231009557843e-05 1.773257099557667971e-04
3.172719516442157328e-05 1.771037932485342026e-04
3.167037357343360782e-05 1.768848887877538800e-04
3.161380664096213877e-05 1.766643399605527520e-04
3.155748345307074487e-05 1.764470507623627782e-04
3.150141128571704030e-05 1.762290630722418427e-04
3.144556831102818251e-05 1.760124578140676022e-04
3.138996180496178567e-05 1.757971185725182295e-04
3.133458449156023562e-05 1.755816192599013448e-04
3.127947638859041035e-05 1.753683900460600853e-04
3.122457201243378222e-05 1.751544768922030926e-04
3.116989682894200087e-05 1.749428047332912683e-04
3.111545083811506629e-05 1.747309725033119321e-04
3.106125222984701395e-05 1.745207264320924878e-04
3.100727190030738711e-05 1.743109023664146662e-04
3.095349529758095741e-05 1.741020241752266884e-04
3.089997699134983122e-05 1.738938153721392155e-04
3.084665149799548090e-05 1.736864360282197595e-04
3.079356247326359153e-05 1.734802353894338012e-04
3.074067717534489930e-05 1.732746313791722059e-04
3.068800651817582548e-05 1.730697549646720290e-04
3.063557596760801971e-05 1.728660427033901215e-04
3.058333822991698980e-05 1.726625341689214110e-04
3.053131149499677122e-05 1.724604953778907657e-04
3.047949212486855686e-05 1.722586894175037742e-04
3.042787466256413609e-05 1.720584696158766747e-04
3.037647184100933373e-05 1.718579733278602362e-04
3.032527092727832496e-05 1.716591359581798315e-04
3.027428101631812751e-05 1.714603858999907970e-04
3.022349847014993429e-05 1.712629891699180007e-04
3.017290509887970984e-05 1.710663200356066227e-04
3.012252273038029671e-05 1.708702620817348361e-04
3.007230770890600979e-05 1.706750190351158381e-04
3.002233279403299093e-05 1.704803289612755179e-04
2.997253250214271247e-05 1.702871959423646331e-04
2.992291047121398151e-05 1.700937136774882674e-04
2.987347761518321931e-05 1.699022104730829597e-04
2.982424302899744362e-05 1.697098050499334931e-04
2.977520853164605796e-05 1.695204264251515269e-04
2.972635593323502690e-05 1.693291269475594163e-04
2.967770342365838587e-05 1.691416982794180512e-04
2.962921644211746752e-05 1.689513737801462412e-04
2.958092045446392149e-05 1.687660405877977610e-04
2.953281000372953713e-05 1.685764873400330544e-04
2.948486871900968254e-05 1.683931332081556320e-04
2.943712388514541090e-05 1.682046131463721395e-04
2.938953730335924774e-05 1.680234709056094289e-04
2.934215081040747464e-05 1.678357657510787249e-04
2.929492984549142420e-05 1.676570100244134665e-04
2.924788896052632481e-05 1.674694503890350461e-04
2.920101178460754454e-05 1.672935322858393192e-04
2.915430741268210113e-05 1.671057252679020166e-04
2.910779403464403003e-05 1.669333723839372396e-04
2.906142253777943552e-05 1.667444157646968961e-04
2.901523839682340622e-05 1.665770541876554489e-04
2.896921432693488896e-05 1.663849543547257781e-04
2.892334850912448019e-05 1.662249123910441995e-04
2.887767368520144373e-05 1.660264242673292756e-04
2.883215529436711222e-05 1.658778346609324217e-04
2.878679879358969629e-05 1.656678068684414029e-04
2.874162237276323140e-05 1.655380183365195990e-04
2.869660056603606790e-05 1.653062645345926285e-04
2.865177157218568027e-05 1.652087375987321138e-04
2.860713357222266495e-05 1.649371261009946465e-04
2.856270657503046095e-05 1.648969482630491257e-04
2.851854333130177110e-05 1.645515003474429250e-04
2.847474752343259752e-05 1.646166492719203234e-04
2.843145557562820613e-05 1.641317940084263682e-04
2.838900581991765648e-05 1.643965515540912747e-04
2.834803672158159316e-05 1.636450906516984105e-04
2.830970879585947841e-05 1.642996503505855799e-04
2.827644311764743179e-05 1.630320621188730001e-04
2.825288356689270586e-05 1.644730800762772560e-04
2.824847797455731779e-05 1.622018171474337578e-04
2.828240940289106220e-05 1.652981300139799714e-04
2.839389526343438774e-05 1.611038023838773370e-04
2.866404793167021126e-05 1.678970293141901493e-04
2.926234083133749664e-05 1.602651173016056418e-04
3.054553599213249981e-05 1.760787854436784983e-04
3.327098238514736295e-05 1.637400564504787326e-04
3.904761615558527410e-05 2.044103166554123163e-04
5.130343924975022674e-05 1.935721229529008269e-04
7.715180254308506846e-05 3.108909295406192541e-04
1.309031940763816237e-04 3.460019652266055346e-04
2.371640439378097653e-04 6.748144514858722687e-04
4.266762989573180676e-04 8.006965508684515953e-04
6.823714938946068287e-04 1.165128545835614204e-03
8.342185756191611290e-04 6.898747524246573448e-04
5.841890233568847179e-04 3.262274258304387331e-04
1.347200304735451937e-04 3.217510238755494356e-04
1.693367375992238522e-04 6.549204117618501186e-04
4.769453662447631359e-04 5.260171019472181797e-04
3.810755442827939987e-04 7.789332885295152664e-04
5.414847983047366142e-04 1.152344048023223877e-03
1.089235884137451649e-03 1.978670479729771614e-03
1.619054353795945644e-03 1.849742955528199673e-03
1.760607352480292320e-03 1.805898384191095829e-03
1.415812759660184383e-03 3.901182499248534441e-04
2.321052306797355413e-04 5.838105571456253529e-04
4.264031595084816217e-04 1.312901498749852180e-03
8.760719792917370796e-04 4.736203700304031372e-04
3.550818073563277721e-04 4.507275880314409733e-04
2.586821210570633411e-04 1.009879168123006821e-03
5.502749700099229813e-04 4.022255889140069485e-04
2.328153641428798437e-04 4.136108909733593464e-04
2.394219336565583944e-04 8.661848260089755058e-04
4.062817897647619247e-04 3.551342524588108063e-04
1.012485954561270773e-04 4.833073471672832966e-04
3.313128836452960968e-04 5.703254719264805317e-04
1.953508908627554774e-04 4.601575783453881741e-04
1.593699125805869699e-04 3.821691207122057676e-04
2.459737006574869156e-04 4.056567850057035685e-04
1.079906578524969518e-04 5.235188291408121586e-04
1.875140442280098796e-04 2.948002074845135212e-04
1.193805801449343562e-04 3.796337405219674110e-04
1.449012925149872899e-04 4.070619179401546717e-04
1.054136664606630802e-04 3.404619637876749039e-04
1.344551419606432319e-04 2.868564333766698837e-04
8.594479004386812449e-05 3.762351116165518761e-04
1.110251978388987482e-04 3.076004504691809416e-04
9.455312101636081934e-05 2.624991466291248798e-04
7.239508704515174031e-05 3.464647161308676004e-04
1.054431559168733656e-04 2.662196930032223463e-04
5.633293039863929152e-05 2.768006816040724516e-04
8.918198727769777179e-05 2.945169690065085888e-04
6.684551772195845842e-05 2.660478639882057905e-04
6.424397724913433194e-05 2.440293028485029936e-04
7.088410347932949662e-05 2.776251349132508039e-04
5.880744356545619667e-05 2.683286147657781839e-04
5.836991476826369762e-05 2.288489340571686625e-04
6.207438855199143291e-05 2.550011267885565758e-04
5.052924825577065349e-05 2.693795249797403812e-04
5.593088644673116505e-05 2.167452621506527066e-04
5.203714681556448340e-05 2.346070541534572840e-04
4.823121707886457443e-05 2.605443296488374472e-04
4.971121234120801091e-05 2.203028707299381495e-04
4.794320921064354479e-05 2.162494056392461061e-04
4.423263817443512380e-05 2.440167590975761414e-04
4.633343633031472564e-05 2.201858878834173083e-04
4.422562778927385807e-05 2.098201366607099771e-04
4.033209552289918065e-05 2.345851389691233635e-04
4.576982246362604201e-05 2.121412253472954035e-04
3.787955211009830236e-05 2.115054958267137408e-04
4.238399560563266277e-05 2.237732114735990763e-04
3.956737418775446713e-05 2.097671822411939502e-04
3.879515134030953050e-05 2.047139278147369623e-04
3.906124038621783257e-05 2.197459834860637784e-04
3.811842543655075133e-05 2.075844386126846075e-04
3.768214082811027765e-05 1.996154023800045252e-04
3.655745604191906750e-05 2.183433825848624110e-04
3.813009243458509445e-05 2.056089288089424372e-04
3.468147406238131225e-05 1.973242906387895346e-04
3.724527050508186221e-05 2.095500676659867167e-04
3.512829061946831644e-05 2.051913470495492220e-04
3.505582571960985661e-05 1.943200186360627413e-04
3.542640115483663976e-05 2.036093792412430048e-04
3.431855293456465006e-05 2.024589048232883215e-04
3.455992919043637812e-05 1.925092365127056837e-04
3.384900992386974394e-05 1.994579797610640526e-04
3.432194716879166663e-05 1.966380514204502106e-04
3.302485856693238020e-05 1.916282344609498978e-04
3.379754343768581748e-05 1.954851613845676184e-04
3.311385808046907187e-05 1.916587352752685547e-04
3.272166941314935684e-05 1.886703394120559096e-04
3.306545113446190953e-05 1.940306538017466664e-04
3.238693534513004124e-05 1.901319774333387613e-04
3.246819687774404883e-05 1.864204241428524256e-04
3.214368916815146804e-05 1.924654643516987562e-04
3.220362123101949692e-05 1.879217743407934904e-04
3.176170139340683818e-05 1.845377701101824641e-04
3.177815960953012109e-05 1.901761861518025398e-04
3.171962089254520833e-05 1.865219819592311978e-04
3.130660479655489326e-05 1.835352304624393582e-04
3.143122012261301279e-05 1.876463938970118761e-04
3.119453685940243304e-05 1.851851702667772770e-04
3.106339499936439097e-05 1.831541449064388871e-04
3.095292049692943692e-05 1.856559538282454014e-04
3.086711149080656469e-05 1.831297122407704592e-04
3.074056076002307236e-05 1.825584040489047766e-04
3.056406058021821082e-05 1.841716875787824392e-04
3.057406138395890594e-05 1.814117422327399254e-04
3.039065086340997368e-05 1.821407786337658763e-04
3.028120590897742659e-05 1.829907851060852408e-04
3.023782119271345437e-05 1.799322344595566392e-04
3.010201908182352781e-05 1.812683040043339133e-04
3.001294317073188722e-05 1.817338779801502824e-04
2.991510518768336624e-05 1.789620582712814212e-04
2.985315222758799791e-05 1.802538463380187750e-04
2.973791924887336791e-05 1.801910111680626869e-04
2.964458326459862292e-05 1.780588208930566907e-04
2.959941048175096512e-05 1.792325638234615326e-04
2.948166729765944183e-05 1.786833890946581960e-04
2.940846388810314238e-05 1.773292315192520618e-04
2.933739779109600931e-05 1.782904291758313775e-04
2.925527587649412453e-05 1.772764080669730902e-04
2.917813617386855185e-05 1.766702625900506973e-04
2.909309478127397597e-05 1.772139366948977113e-04
2.904008761106524616e-05 1.757786812959238887e-04
2.895108264056034386e-05 1.758229482220485806e-04
2.887764458137098700e-05 1.760781160555779934e-04
2.881927684939000756e-05 1.746691996231675148e-04
2.874045458156615496e-05 1.750490919221192598e-04
2.867576586140785366e-05 1.748382637742906809e-04
2.860256427084095776e-05 1.736726990202441812e-04
2.854370177374221385e-05 1.741397281875833869e-04
2.847570067388005555e-05 1.735520345391705632e-04
2.840403249138034880e-05 1.727904455037787557e-04
2.834937549778260291e-05 1.731266675051301718e-04
2.828147808031644672e-05 1.723146124277263880e-04
2.821983616740908474e-05 1.719937135931104422e-04
2.815733387251384556e-05 1.720757427392527461e-04
2.809692159644328058e-05 1.712127850623801351e-04
2.803982715704478323e-05 1.711780496407300234e-04
2.797478191496338695e-05 1.709222997305914760e-04
2.791940642055124044e-05 1.702409936115145683e-04
2.786158074741251767e-05 1.703814195934683084e-04
2.780262366286478937e-05 1.698670675978064537e-04
2.774647509795613587e-05 1.694540260359644890e-04
2.768880767689552158e-05 1.695168321020901203e-04
2.763551856332924217e-05 1.688670745352283120e-04
2.757880793069489300e-05 1.687387266429141164e-04
2.752348700596485287e-05 1.686218893155455589e-04
2.747091093624476343e-05 1.680244895396754146e-04
2.741655407589860260e-05 1.680412387941032648e-04
2.736392707447521389e-05 1.677140680840238929e-04
2.731056883931159973e-05 1.672938524279743433e-04
2.725883132370654494e-05 1.672664511715993285e-04
2.720789598242845386e-05 1.668244658503681421e-04
2.715579830692149699e-05 1.666247408138588071e-04
2.710531407501548529e-05 1.664391893427819014e-04
2.705512451939284801e-05 1.660257839830592275e-04
2.700538243516348302e-05 1.659661793382838368e-04
2.695594412216451019e-05 1.656136155361309648e-04
2.690645851544104517e-05 1.653208746574819088e-04
2.685815343284048140e-05 1.652489736443385482e-04
2.680999386939220130e-05 1.648232864681631327e-04
2.676193616935051978e-05 1.646621094550937414e-04
2.671440233825705945e-05 1.644840231165289879e-04
2.666723776201251894e-05 1.641168782953172922e-04
2.662058068381156772e-05 1.639958354644477367e-04
2.657410732354037464e-05 1.637102686800062656e-04
2.652785587997641414e-05 1.634786021895706654e-04
2.648213740030769259e-05 1.632978674024343491e-04
2.643677908054087311e-05 1.629878679523244500e-04
2.639163358253426850e-05 1.628603931749239564e-04
2.634679913171567023e-05 1.625813019927591085e-04
2.630224116728641093e-05 1.623299322091042995e-04
2.625808156153652817e-05 1.622052513994276524e-04
2.621423118398524821e-05 1.618879177840426564e-04
2.617056088638491929e-05 1.617147354409098625e-04
2.612719617900438607e-05 1.615259243408218026e-04
2.608416616567410529e-05 1.612558990018442273e-04
2.604139081086032093e-05 1.610933104529976845e-04
2.599894105514977127e-05 1.608439197298139334e-04
2.595664045657031238e-05 1.606571167940273881e-04
2.591463817225303501e-05 1.604450226295739412e-04
2.587295966804958880e-05 1.602078700670972466e-04
2.583146488177590072e-05 1.600615796633064747e-04
2.579026840976439416e-05 1.598020171513780951e-04
2.574925929366145283e-05 1.596184010850265622e-04
2.570848118921276182e-05 1.594461355125531554e-04
2.566801776993088424e-05 1.591981417732313275e-04
2.562771805969532579e-05 1.590333558851853013e-04
2.558766027505043894e-05 1.588194718351587653e-04
2.554784805397503078e-05 1.586279686307534575e-04
2.550820317992474884e-05 1.584380952408537269e-04
2.546882933529559523e-05 1.582305849296972156e-04
2.542964102758560330e-05 1.580678072059527040e-04
2.539065826567821205e-05 1.578447117935866117e-04
2.535190105845686048e-05 1.576742070028558373e-04
2.531332393118645996e-05 1.574955094838514924e-04
2.527496508264448494e-05 1.572823239257559180e-04
2.523678631405346096e-05 1.571245666127651930e-04
2.519882400520145893e-05 1.569245505379512906e-04
2.516105087124742568e-05 1.567480067024007440e-04
2.512343962735030800e-05 1.565661805216223001e-04
2.508602119632996619e-05 1.563821861054748297e-04
2.504879739717580378e-05 1.562147954246029258e-04
2.501177004887722433e-05 1.560169621370732784e-04
2.497487912478391081e-05 1.558595977257937193e-04
2.493817919457796961e-05 1.556728675495833158e-04
2.490165934432297945e-05 1.554939808556810021e-04
2.486530866008251905e-05 1.553323090774938464e-04
2.482911804690957069e-05 1.551458553876727819e-04
2.479310569469816983e-05 1.549847511341795325e-04
2.475724613759666681e-05 1.548065047245472670e-04
2.472154483257327229e-05 1.546423300169408321e-04
2.468601996952202171e-05 1.544708211440593004e-04
2.465063516865484416e-05 1.542999088997021317e-04
2.461541407683398575e-05 1.541422534501180053e-04
2.458034941810183227e-05 1.539639779366552830e-04
2.454541936458554119e-05 1.538093492854386568e-04
2.451063846820034087e-05 1.536409981781616807e-04
2.447602491884026676e-05 1.534788461867719889e-04
2.444153687974903733e-05 1.533194881631061435e-04
2.440719981677830219e-05 1.531548186903819442e-04
2.437301009194925427e-05 1.530004956293851137e-04
2.433895861031487584e-05 1.528352731838822365e-04
2.430505810480099171e-05 1.526848791399970651e-04
2.427127037663012743e-05 1.525229017715901136e-04
2.423762816761154681e-05 1.523690589237958193e-04
2.420412056380882859e-05 1.522156817372888327e-04
2.417075302219018340e-05 1.520590158179402351e-04
2.413749098195694387e-05 1.519095385447144508e-04
2.410438719380181283e-05 1.517547498224303126e-04
2.407140163995791227e-05 1.516065240139141679e-04
2.403853977739345282e-05 1.514529139967635274e-04
2.400580706307664514e-05 1.513075403636321425e-04
2.397318530711345375e-05 1.511567243142053485e-04
2.394071634626016021e-05 1.510103029431775212e-04
2.390834197285585105e-05 1.508643763372674584e-04
2.387607855780515820e-05 1.507172564743086696e-04
