9.441184997558593750e-02 1.911280751228332520e-01
1.815643608570098877e-01 4.846319928765296936e-02
4.904128611087799072e-02 4.976295679807662964e-02
4.837325587868690491e-02 5.016073584556579590e-02
4.795268550515174866e-02 4.418808966875076294e-02
4.128481075167655945e-02 3.814421966671943665e-02
3.448935225605964661e-02 3.453120216727256775e-02
3.013304993510246277e-02 3.323325514793395996e-02
2.815261855721473694e-02 3.339515626430511475e-02
2.773227728903293610e-02 3.411882743239402771e-02
2.802259102463722229e-02 3.457774594426155090e-02
2.824630215764045715e-02 3.432082384824752808e-02
2.792808972299098969e-02 3.346337378025054932e-02
2.699409052729606628e-02 3.232070058584213257e-02
2.558278478682041168e-02 3.126469627022743225e-02
2.418412640690803528e-02 3.070790134370326996e-02
2.343003638088703156e-02 3.058933280408382416e-02
2.335949800908565521e-02 3.039733693003654480e-02
2.337432838976383209e-02 2.976419962942600250e-02
2.294490858912467957e-02 2.885450795292854309e-02
2.212629653513431549e-02 2.806222811341285706e-02
2.127919904887676239e-02 2.756157144904136658e-02
2.059759944677352905e-02 2.722466550767421722e-02
2.000506222248077393e-02 2.681647613644599915e-02
1.933539099991321564e-02 2.622169628739356995e-02
1.854479312896728516e-02 2.553438581526279449e-02
1.777860894799232483e-02 2.492817118763923645e-02
1.723556965589523315e-02 2.440083399415016174e-02
1.691861823201179504e-02 2.371505647897720337e-02
1.651865243911743164e-02 2.274856530129909515e-02
1.577981002628803253e-02 2.179751172661781311e-02
1.493802107870578766e-02 2.120989374816417694e-02
1.441382430493831635e-02 2.091341838240623474e-02
1.420946232974529266e-02 2.069199085235595703e-02
1.411433238536119461e-02 2.049619331955909729e-02
1.408464461565017700e-02 2.032446302473545074e-02
1.411507464945316315e-02 2.005385607481002808e-02
1.407076977193355560e-02 1.959457993507385254e-02
1.385352294892072678e-02 1.907471194863319397e-02
1.355365850031375885e-02 1.865071430802345276e-02
1.329762022942304611e-02 1.834198459982872009e-02
1.309787016361951828e-02 1.809668354690074921e-02
1.290285773575305939e-02 1.790083013474941254e-02
1.270813960582017899e-02 1.777254417538642883e-02
1.255378313362598419e-02 1.768948882818222046e-02
1.243775710463523865e-02 1.781337894499301910e-02
1.230750139802694321e-02 1.743748597800731659e-02
1.208073832094669342e-02 1.697871461510658264e-02
1.184051763266324997e-02 1.661748066544532776e-02
1.161246746778488159e-02 1.632152311503887177e-02
1.137595996260643005e-02 1.602018624544143677e-02
1.112274825572967529e-02 1.571401394903659821e-02
1.087881997227668762e-02 1.533225364983081818e-02
1.059089507907629013e-02 1.479838509112596512e-02
1.020744629204273224e-02 1.421978883445262909e-02
9.834291413426399231e-03 1.357612293213605881e-02
9.395038709044456482e-03 1.314051635563373566e-02
8.984288200736045837e-03 1.249879505485296249e-02
8.685803972184658051e-03 1.260418165475130081e-02
8.643710054457187653e-03 1.249684579670429230e-02
1.036053709685802460e-02 1.328128017485141754e-02
9.775363840162754059e-03 1.394275296479463577e-02
1.140700001269578934e-02 1.478094141930341721e-02
1.211014948785305023e-02 1.369918417185544968e-02
1.066045649349689484e-02 1.281838119029998779e-02
9.667167440056800842e-03 1.235434599220752716e-02
9.212926961481571198e-03 1.302821189165115356e-02
9.446757845580577850e-03 1.359931100159883499e-02
9.072999469935894012e-03 1.420033257454633713e-02
8.816217072308063507e-03 1.390264742076396942e-02
8.445217274129390717e-03 1.373393647372722626e-02
8.547899313271045685e-03 1.330561656504869461e-02
8.390434086322784424e-03 1.278373412787914276e-02
8.177680894732475281e-03 1.229391526430845261e-02
7.618159987032413483e-03 1.192444004118442535e-02
7.206075824797153473e-03 1.138556003570556641e-02
7.080158684402704239e-03 1.070545520633459091e-02
6.949664093554019928e-03 1.012094411998987198e-02
6.937938276678323746e-03 9.477145969867706299e-03
6.652830634266138077e-03 9.325955063104629517e-03
6.635515484958887100e-03 9.155103005468845367e-03
6.355904974043369293e-03 9.370902553200721741e-03
6.382276769727468491e-03 9.167659096419811249e-03
6.047034636139869690e-03 9.155773557722568512e-03
5.940895061939954758e-03 9.613107889890670776e-03
6.089787930250167847e-03 9.114503860473632812e-03
6.424355320632457733e-03 8.559072390198707581e-03
5.591401830315589905e-03 8.413814008235931396e-03
5.572742316871881485e-03 8.234070613980293274e-03
5.669654347002506256e-03 7.828451693058013916e-03
5.384076852351427078e-03 7.626977749168872833e-03
5.509791895747184753e-03 7.155963219702243805e-03
5.171232856810092926e-03 7.217568345367908478e-03
5.275731906294822693e-03 6.932226009666919708e-03
4.963530227541923523e-03 7.032708730548620224e-03
5.080677568912506104e-03 6.860605441033840179e-03
4.808774217963218689e-03 6.837067194283008575e-03
4.885280504822731018e-03 6.465020589530467987e-03
4.718292970210313797e-03 6.282825954258441925e-03
4.630183801054954529e-03 6.355645600706338882e-03
4.615655168890953064e-03 6.192073225975036621e-03
4.404583014547824860e-03 6.236123852431774139e-03
4.465322010219097137e-03 6.158182863146066666e-03
4.331935662776231766e-03 5.967495497316122055e-03
4.273960366845130920e-03 5.694185383617877960e-03
4.248101264238357544e-03 5.545917898416519165e-03
4.098990932106971741e-03 5.579906515777111053e-03
4.099817015230655670e-03 5.451150704175233841e-03
4.025720525532960892e-03 5.363667849451303482e-03
3.950256388634443283e-03 5.339554511010646820e-03
3.954750485718250275e-03 5.196873564273118973e-03
3.877130569890141487e-03 5.126944743096828461e-03
3.785555018112063408e-03 5.157435778528451920e-03
3.768245223909616470e-03 5.078019574284553528e-03
3.741401713341474533e-03 4.973824135959148407e-03
3.661531256511807442e-03 4.826383199542760849e-03
3.613183274865150452e-03 4.725634120404720306e-03
3.598280949518084526e-03 4.730014596134424210e-03
3.555969102308154106e-03 4.675996489822864532e-03
3.484914544969797134e-03 4.653016570955514908e-03
3.422745037823915482e-03 4.600246902555227280e-03
3.377487882971763611e-03 4.537560045719146729e-03
3.351300256326794624e-03 4.563639406114816666e-03
3.334105713292956352e-03 4.511334933340549469e-03
3.340785857290029526e-03 4.659341182559728622e-03
3.413171274587512016e-03 4.666019231081008911e-03
3.572236280888319016e-03 5.201864056289196014e-03
3.992091864347457886e-03 5.147614050656557083e-03
4.174781963229179382e-03 5.256193224340677261e-03
4.080641549080610275e-03 4.196079913526773453e-03
3.205627668648958206e-03 4.242172464728355408e-03
3.279273863881826401e-03 4.827543627470731735e-03
3.703185822814702988e-03 4.188040737062692642e-03
3.142402274534106255e-03 4.153636749833822250e-03
3.024263307452201843e-03 4.702606238424777985e-03
3.423636313527822495e-03 4.350993316620588303e-03
3.135594306513667107e-03 4.109876230359077454e-03
2.865282818675041199e-03 4.282612353563308716e-03
3.032687585800886154e-03 4.227514844387769699e-03
3.071471117436885834e-03 3.973609767854213715e-03
2.834252547472715378e-03 3.893133718520402908e-03
2.810808364301919937e-03 3.912294283509254456e-03
2.915534889325499535e-03 3.829469438642263412e-03
2.803386887535452843e-03 3.734730649739503860e-03
2.721910597756505013e-03 3.789606736972928047e-03
2.811957150697708130e-03 3.785948036238551140e-03
2.735453424975275993e-03 3.682586830109357834e-03
2.639066427946090698e-03 3.733871039003133774e-03
2.692606067284941673e-03 3.822682891041040421e-03
2.716958522796630859e-03 3.665849100798368454e-03
2.603117376565933228e-03 3.610235173255205154e-03
2.554076258093118668e-03 3.653047140687704086e-03
2.593771321699023247e-03 3.599265124648809433e-03
2.603481058031320572e-03 3.553646150976419449e-03
2.543742768466472626e-03 3.436331171542406082e-03
2.476188587024807930e-03 3.396894084289669991e-03
2.460793592035770416e-03 3.426013980060815811e-03
2.486175857484340668e-03 3.411833196878433228e-03
2.502326620742678642e-03 3.440228058025240898e-03
2.502911956980824471e-03 3.379852278158068657e-03
2.480804687365889549e-03 3.396095009520649910e-03
2.467842306941747665e-03 3.346977289766073227e-03
2.462812466546893120e-03 3.419004846364259720e-03
2.497871639207005501e-03 3.435058053582906723e-03
2.578572602942585945e-03 3.749238327145576477e-03
2.819081535562872887e-03 3.956149797886610031e-03
3.154991194605827332e-03 4.687102511525154114e-03
3.759858664125204086e-03 3.991519100964069366e-03
3.304369281977415085e-03 3.327402751892805099e-03
2.548580989241600037e-03 3.300909651443362236e-03
2.504139207303524017e-03 3.590005915611982346e-03
2.910494804382324219e-03 3.425395581871271133e-03
2.550211036577820778e-03 3.219916252419352531e-03
2.318851649761199951e-03 3.553587943315505981e-03
2.704270184040069580e-03 3.609399078413844109e-03
2.587454393506050110e-03 3.235092386603355408e-03
2.242666669189929962e-03 3.514648647978901863e-03
2.533677034080028534e-03 3.664635820314288139e-03
2.631536219269037247e-03 3.177585545927286148e-03
2.222926123067736626e-03 3.280098782852292061e-03
2.373622264713048935e-03 3.404935123398900032e-03
2.472797641530632973e-03 3.025816753506660461e-03
2.174262423068284988e-03 3.174220444634556770e-03
2.370974980294704437e-03 3.239383455365896225e-03
2.337848534807562828e-03 3.020008327439427376e-03
2.144849160686135292e-03 3.180638421326875687e-03
2.340820617973804474e-03 3.164283931255340576e-03
2.225750824436545372e-03 3.025388112291693687e-03
2.097044605761766434e-03 3.189330454915761948e-03
2.269414719194173813e-03 3.163958434015512466e-03
2.198584610596299171e-03 2.985869999974966049e-03
2.052879892289638519e-03 3.080875147134065628e-03
2.161188051104545593e-03 3.111017169430851936e-03
2.168112434446811676e-03 2.922447165474295616e-03
2.039736602455377579e-03 2.906494773924350739e-03
2.047921996563673019e-03 2.949461340904235840e-03
2.066350542008876801e-03 2.874869620427489281e-03
2.045721048489212990e-03 2.852911362424492836e-03
2.016008133068680763e-03 2.773949643597006798e-03
1.939419424161314964e-03 2.804627642035484314e-03
1.986349700018763542e-03 2.873175544664263725e-03
2.017763676121830940e-03 2.708750544115900993e-03
1.889537670649588108e-03 2.717539202421903610e-03
1.895101973786950111e-03 2.745697973296046257e-03
1.905839890241622925e-03 2.667987020686268806e-03
1.865811995230615139e-03 2.715955488383769989e-03
1.908464706502854824e-03 2.617930062115192413e-03
1.854849280789494514e-03 2.563598565757274628e-03
1.793275005184113979e-03 2.532790414988994598e-03
1.799262710846960545e-03 2.492225263267755508e-03
1.750877476297318935e-03 2.423165831714868546e-03
1.708194846287369728e-03 2.433232963085174561e-03
1.713322708383202553e-03 2.374548930674791336e-03
1.667706528678536415e-03 2.359779784455895424e-03
1.639101887121796608e-03 2.375022042542695999e-03
1.663966337218880653e-03 2.503119409084320068e-03
1.733295386657118797e-03 2.893108176067471504e-03
2.142431912943720818e-03 4.791623912751674652e-03
3.767408430576324463e-03 6.602218840271234512e-03
5.642689298838376999e-03 6.408386863768100739e-03
5.605448968708515167e-03 2.756731119006872177e-03
2.127760089933872223e-03 5.188565235584974289e-03
4.941964522004127502e-03 3.248689230531454086e-03
2.567709423601627350e-03 4.624859429895877838e-03
3.671684768050909042e-03 3.493468509986996651e-03
2.743667457252740860e-03 3.085085423663258553e-03
2.625959226861596107e-03 4.087288398295640945e-03
3.067495301365852356e-03 3.137159394100308418e-03
2.005383837968111038e-03 4.204186610877513885e-03
2.828679047524929047e-03 2.920546336099505424e-03
1.796508207917213440e-03 3.602745709940791130e-03
2.519775182008743286e-03 3.149893134832382202e-03
2.122356323525309563e-03 2.943317871540784836e-03
1.863704645074903965e-03 3.107439959421753883e-03
2.120326040312647820e-03 2.417349955067038536e-03
1.555501250550150871e-03 2.740189665928483009e-03
1.878260052762925625e-03 2.587371971458196640e-03
1.753736054524779320e-03 2.277730265632271767e-03
1.527009648270905018e-03 2.466462552547454834e-03
1.710318727418780327e-03 2.295383485034108162e-03
1.519803074188530445e-03 2.249260665848851204e-03
1.456411555409431458e-03 2.321820473298430443e-03
1.487731817178428173e-03 2.171518513932824135e-03
1.295971218496561050e-03 2.349157584831118584e-03
1.383766648359596729e-03 2.363106934353709221e-03
1.343837240710854530e-03 2.186866011470556259e-03
1.223395462147891521e-03 2.187151461839675903e-03
1.304910983890295029e-03 2.086437772959470749e-03
1.232377253472805023e-03 2.025920199230313301e-03
1.165693160146474838e-03 2.030172618106007576e-03
1.219049911014735699e-03 1.841213321313261986e-03
1.109496690332889557e-03 1.873607048764824867e-03
1.162381959147751331e-03 1.848868327215313911e-03
1.128011965192854404e-03 1.782627427019178867e-03
1.078479923307895660e-03 1.794325420632958412e-03
1.113774604164063931e-03 1.743506058119237423e-03
1.055972999893128872e-03 1.781173748895525932e-03
1.046632998622953892e-03 1.801017904654145241e-03
1.043207128532230854e-03 1.722719171084463596e-03
9.993109852075576782e-04 1.714063109830021858e-03
1.020906143821775913e-03 1.683682436123490334e-03
9.757907828316092491e-04 1.693347119726240635e-03
9.738154476508498192e-04 1.662071212194859982e-03
9.671858279034495354e-04 1.615866087377071381e-03
9.437959524802863598e-04 1.623188843950629234e-03
9.449647623114287853e-04 1.605910016223788261e-03
9.278930956497788429e-04 1.581779913976788521e-03
9.203654481098055840e-04 1.568201230838894844e-03
9.157514432445168495e-04 1.554881222546100616e-03
8.950302144512534142e-04 1.560496399179100990e-03
8.990747737698256969e-04 1.526560285128653049e-03
8.834933978505432606e-04 1.512290094979107380e-03
8.802398806437849998e-04 1.508406014181673527e-03
8.721140911802649498e-04 1.492754672653973103e-03
8.629149524495005608e-04 1.470496412366628647e-03
8.609473006799817085e-04 1.451456104405224323e-03
8.479751413688063622e-04 1.457573729567229748e-03
8.468751912005245686e-04 1.437939703464508057e-03
8.382669766433537006e-04 1.412163255736231804e-03
8.341798675246536732e-04 1.405625254847109318e-03
8.286555530503392220e-04 1.408025738783180714e-03
8.206164347939193249e-04 1.401195069774985313e-03
8.186387713067233562e-04 1.379994791932404041e-03
8.098745602183043957e-04 1.374617451801896095e-03
8.072265191003680229e-04 1.369190984405577183e-03
8.014744962565600872e-04 1.360720139928162098e-03
7.970489677973091602e-04 1.352370716631412506e-03
7.927879923954606056e-04 1.343490439467132092e-03
7.871498237363994122e-04 1.334680127911269665e-03
7.840531761758029461e-04 1.325163175351917744e-03
7.788095972500741482e-04 1.323675503954291344e-03
7.758571882732212543e-04 1.317073008976876736e-03
7.706103497184813023e-04 1.304383855313062668e-03
7.677921676076948643e-04 1.293484005145728588e-03
7.631185580976307392e-04 1.293003791943192482e-03
7.595594506710767746e-04 1.286339829675853252e-03
7.560010417364537716e-04 1.271759625524282455e-03
7.523513049818575382e-04 1.266608946025371552e-03
7.488747360184788704e-04 1.267172396183013916e-03
7.451333221979439259e-04 1.259709941223263741e-03
7.420807378366589546e-04 1.248226501047611237e-03
7.383011979982256889e-04 1.243455102667212486e-03
7.354883709922432899e-04 1.239152159541845322e-03
7.318764692172408104e-04 1.233806251548230648e-03
7.290876237675547600e-04 1.227724947966635227e-03
7.255175733007490635e-04 1.222689985297620296e-03
7.227451424114406109e-04 1.217129640281200409e-03
7.193320780061185360e-04 1.213538460433483124e-03
7.165204733610153198e-04 1.209331094287335873e-03
7.133846520446240902e-04 1.202256651595234871e-03
7.104930118657648563e-04 1.195987802930176258e-03
7.074877503328025341e-04 1.194709097035229206e-03
7.045810343697667122e-04 1.191382063552737236e-03
7.016701856628060341e-04 1.183271640911698341e-03
6.987727829255163670e-04 1.178667764179408550e-03
6.959352176636457443e-04 1.177208730950951576e-03
6.931063835509121418e-04 1.172274933196604252e-03
6.902835448272526264e-04 1.166776404716074467e-03
6.874414975754916668e-04 1.164424116723239422e-03
6.846748874522745609e-04 1.161661697551608086e-03
6.818599067628383636e-04 1.157148741185665131e-03
6.791381747461855412e-04 1.152563840150833130e-03
6.763409473933279514e-04 1.148391980677843094e-03
6.736324285157024860e-04 1.144528621807694435e-03
6.708839209750294685e-04 1.141324406489729881e-03
6.681861123070120811e-04 1.137130311690270901e-03
6.654665921814739704e-04 1.132527599111199379e-03
6.627893308177590370e-04 1.129996264353394508e-03
6.600966444239020348e-04 1.127191935665905476e-03
6.574458093382418156e-04 1.121925655752420425e-03
6.547631346620619297e-04 1.118083950132131577e-03
6.521161412820219994e-04 1.115994411520659924e-03
6.494734552688896656e-04 1.112008467316627502e-03
6.468407809734344482e-04 1.107251853682100773e-03
6.442117737606167793e-04 1.103956601582467556e-03
6.415868992917239666e-04 1.100517809391021729e-03
6.389731424860656261e-04 1.096524647437036037e-03
6.363624706864356995e-04 1.092922757379710674e-03
6.337662343867123127e-04 1.089222379960119724e-03
6.311612669378519058e-04 1.085747033357620239e-03
6.285745766945183277e-04 1.082088681869208813e-03
6.259742658585309982e-04 1.077752443961799145e-03
6.233942112885415554e-04 1.074114930815994740e-03
6.208036211319267750e-04 1.071036676876246929e-03
6.182263023220002651e-04 1.066771335899829865e-03
6.156346644274890423e-04 1.062251278199255466e-03
6.130575202405452728e-04 1.058906083926558495e-03
6.104663480073213577e-04 1.054962514899671078e-03
6.078821024857461452e-04 1.050469349138438702e-03
6.052897078916430473e-04 1.046763733029365540e-03
6.026976625435054302e-04 1.042930176481604576e-03
6.000958965159952641e-04 1.038811285980045795e-03
5.974881933070719242e-04 1.034526037983596325e-03
5.948728648945689201e-04 1.030429149977862835e-03
5.922441487200558186e-04 1.026480109430849552e-03
5.896078655496239662e-04 1.022408949211239815e-03
5.869541200809180737e-04 1.017763861455023289e-03
5.842888494953513145e-04 1.013555331155657768e-03
5.816022166982293129e-04 1.009369618259370327e-03
5.788993439637124538e-04 1.004568533971905708e-03
5.761725478805601597e-04 1.000195275992155075e-03
5.734232254326343536e-04 9.959680028259754181e-04
5.706474767066538334e-04 9.912870591506361961e-04
5.678432062268257141e-04 9.864005260169506073e-04
5.650093080475926399e-04 9.818719699978828430e-04
5.621422315016388893e-04 9.768952149897813797e-04
5.592429079115390778e-04 9.721395326778292656e-04
5.563075537793338299e-04 9.666903060860931873e-04
5.533393705263733864e-04 9.620466153137385845e-04
5.503391730599105358e-04 9.562481427565217018e-04
5.473167402669787407e-04 9.516474674455821514e-04
5.442961119115352631e-04 9.449071949347853661e-04
5.413398612290620804e-04 9.420282440260052681e-04
5.386093398556113243e-04 9.338028612546622753e-04
5.365652032196521759e-04 9.362160926684737206e-04
5.363879608921706676e-04 9.299612720496952534e-04
5.420270608738064766e-04 9.609508560970425606e-04
5.627276259474456310e-04 1.004449091851711273e-03
6.377054960466921329e-04 1.218401361256837845e-03
8.231267565861344337e-04 1.781782833859324455e-03
1.502147060818970203e-03 2.475374843925237656e-03
2.084781415760517120e-03 3.661267925053834915e-03
3.622880904003977776e-03 1.659928588196635246e-03
1.223965198732912540e-03 1.804339000955224037e-03
1.286525977775454521e-03 2.524369163438677788e-03
2.342496998608112335e-03 1.194001408293843269e-03
8.333827136084437370e-04 2.110029105097055435e-03
1.756881945766508579e-03 1.987312920391559601e-03
1.632337691262364388e-03 1.338614965789020061e-03
1.019779243506491184e-03 2.028584014624357224e-03
1.600051880814135075e-03 1.675595296546816826e-03
1.152666285634040833e-03 1.483856001868844032e-03
1.173172960989177227e-03 1.349090831354260445e-03
1.008492079563438892e-03 1.720575965009629726e-03
1.181614468805491924e-03 1.157292281277477741e-03
7.556770578958094120e-04 1.370461657643318176e-03
1.136439852416515350e-03 1.143833738751709461e-03
7.069951388984918594e-04 1.451796386390924454e-03
9.735795902088284492e-04 1.028238446451723576e-03
7.348738145083189011e-04 1.112999860197305679e-03
8.156496332958340645e-04 1.241050777025520802e-03
7.487681577913463116e-04 1.195273129269480705e-03
7.068663253448903561e-04 1.052252249792218208e-03
7.253728108480572701e-04 1.015832880511879921e-03
6.684170220978558064e-04 1.144327106885612011e-03
6.716702482663094997e-04 1.102928305044770241e-03
6.553482962772250175e-04 9.732980397529900074e-04
6.167205865494906902e-04 1.002624398097395897e-03
6.337774684652686119e-04 1.030287239700555801e-03
5.894995410926640034e-04 1.021037343889474869e-03
6.004378083162009716e-04 9.263072861358523369e-04
5.817445926368236542e-04 9.104713099077343941e-04
5.600822041742503643e-04 9.870773646980524063e-04
5.773152806796133518e-04 9.375003282912075520e-04
5.276720039546489716e-04 9.151885169558227062e-04
5.575959803536534309e-04 8.738217875361442566e-04
5.168557399883866310e-04 9.359264513477683067e-04
5.315336165949702263e-04 9.271072340197861195e-04
5.163504974916577339e-04 8.669845992699265480e-04
5.051261978223919868e-04 8.709548274055123329e-04
5.094262305647134781e-04 8.900516550056636333e-04
4.916192847304046154e-04 8.803980308584868908e-04
4.924574168398976326e-04 8.330054697580635548e-04
4.837611340917646885e-04 8.456131326965987682e-04
4.800384340342134237e-04 8.571250364184379578e-04
4.706090257968753576e-04 8.440276724286377430e-04
4.743973840959370136e-04 8.122470462694764137e-04
4.573175101540982723e-04 8.315636077895760536e-04
4.660570120904594660e-04 8.286017109639942646e-04
4.534563922788947821e-04 8.199332514777779579e-04
4.498999041970819235e-04 8.128868648782372475e-04
4.532676248345524073e-04 7.961528608575463295e-04
4.386678920127451420e-04 8.095752564258873463e-04
4.454891313798725605e-04 7.955901091918349266e-04
4.341399762779474258e-04 7.838235469534993172e-04
4.362394101917743683e-04 7.722625741735100746e-04
4.290530341677367687e-04 7.830729591660201550e-04
4.297618870623409748e-04 7.698076078668236732e-04
4.233182989992201328e-04 7.529219728894531727e-04
4.225494922138750553e-04 7.549557485617697239e-04
4.191096522845327854e-04 7.595497881993651390e-04
4.164258425589650869e-04 7.406588410958647728e-04
4.124725237488746643e-04 7.320553413592278957e-04
4.128575674258172512e-04 7.370613166131079197e-04
4.069199785590171814e-04 7.342887693084776402e-04
4.060989303980022669e-04 7.174793281592428684e-04
4.046054673381149769e-04 7.131110760383307934e-04
3.998271131422370672e-04 7.204600260592997074e-04
3.997124731540679932e-04 7.080971263349056244e-04
3.961367474403232336e-04 6.978697492741048336e-04
3.946738434024155140e-04 7.010176195763051510e-04
3.915676788892596960e-04 6.997744785621762276e-04
3.901294548995792866e-04 6.876381812617182732e-04
3.877936105709522963e-04 6.850342615507543087e-04
3.854683018289506435e-04 6.860292633064091206e-04
3.832445945590734482e-04 6.793262436985969543e-04
3.817008691839873791e-04 6.727473228238523006e-04
3.794521908275783062e-04 6.707196007482707500e-04
3.767364541999995708e-04 6.700871745124459267e-04
3.758178499992936850e-04 6.640937062911689281e-04
3.731790347956120968e-04 6.584768416360020638e-04
3.712918260134756565e-04 6.581135094165802002e-04
3.694263868965208530e-04 6.563637289218604565e-04
3.674541076179593801e-04 6.491121603175997734e-04
3.656903572846204042e-04 6.463374011218547821e-04
3.636107139755040407e-04 6.465118494816124439e-04
3.617956244852393866e-04 6.400886923074722290e-04
3.598853363655507565e-04 6.351671763695776463e-04
3.582966746762394905e-04 6.349541945382952690e-04
3.561713092494755983e-04 6.311384495347738266e-04
3.543140774127095938e-04 6.248691352084279060e-04
3.527704684529453516e-04 6.232272135093808174e-04
3.508031077217310667e-04 6.217966438271105289e-04
3.490482340566813946e-04 6.156524177640676498e-04
3.472295356914401054e-04 6.127293454483151436e-04
3.454808029346168041e-04 6.117258453741669655e-04
3.437461564317345619e-04 6.071800598874688148e-04
3.419863351155072451e-04 6.038712454028427601e-04
3.402585571166127920e-04 6.020015571266412735e-04
3.383992298040539026e-04 5.993603263050317764e-04
3.367452882230281830e-04 5.957191460765898228e-04
3.350718179717659950e-04 5.926504381932318211e-04
3.332834457978606224e-04 5.912791821174323559e-04
3.315752546768635511e-04 5.874443450011312962e-04
3.298427036497741938e-04 5.838763900101184845e-04
3.281511890236288309e-04 5.827787681482732296e-04
3.264450933784246445e-04 5.793513264507055283e-04
3.247424028813838959e-04 5.758262122981250286e-04
3.230820002499967813e-04 5.741860368289053440e-04
3.213473246432840824e-04 5.714449216611683369e-04
3.196361358277499676e-04 5.677324370481073856e-04
3.179665363859385252e-04 5.657863221131265163e-04
3.162822686135768890e-04 5.633872933685779572e-04
3.146122035104781389e-04 5.597459385171532631e-04
3.129233082290738821e-04 5.575240356847643852e-04
3.112424165010452271e-04 5.550025380216538906e-04
3.095766005571931601e-04 5.521137500181794167e-04
3.078830777667462826e-04 5.491917836479842663e-04
3.062016039621084929e-04 5.472280317917466164e-04
3.045345656573772430e-04 5.444376147352159023e-04
3.028656064998358488e-04 5.413805483840405941e-04
3.012082306668162346e-04 5.396489286795258522e-04
2.995416289195418358e-04 5.366144469007849693e-04
2.978736883960664272e-04 5.339784547686576843e-04
2.962214930448681116e-04 5.317829782143235207e-04
2.945669984910637140e-04 5.292712012305855751e-04
2.929135225713253021e-04 5.263522034510970116e-04
2.912654017563909292e-04 5.244920030236244202e-04
2.896154182963073254e-04 5.216922145336866379e-04
2.879760577343404293e-04 5.195151898078620434e-04
2.863528789021074772e-04 5.168195348232984543e-04
2.847434661816805601e-04 5.153301754035055637e-04
2.831680467352271080e-04 5.118499393574893475e-04
2.816517080646008253e-04 5.113192019052803516e-04
2.802530361805111170e-04 5.076492088846862316e-04
2.790917351376265287e-04 5.085081793367862701e-04
2.784760436043143272e-04 5.049407482147216797e-04
2.789578866213560104e-04 5.124995950609445572e-04
2.822723181452602148e-04 5.127589101903140545e-04
2.912532654590904713e-04 5.489423056133091450e-04
3.171484568156301975e-04 5.848200526088476181e-04
3.724551061168313026e-04 7.699700654484331608e-04
5.376235931180417538e-04 9.870403446257114410e-04
7.923206430859863758e-04 1.791820512153208256e-03
1.592391752637922764e-03 1.832393230870366096e-03
1.606770092621445656e-03 2.000885084271430969e-03
1.860611373558640480e-03 1.061937888152897358e-03
8.027873700484633446e-04 1.164929592050611973e-03
9.067666833288967609e-04 1.472723204642534256e-03
1.299497438594698906e-03 6.623353692702949047e-04
4.285932518541812897e-04 1.380342990159988403e-03
1.076970249414443970e-03 1.152307726442813873e-03
9.526838548481464386e-04 7.880876073613762856e-04
4.999371594749391079e-04 1.386073883622884750e-03
1.037514419294893742e-03 6.475830450654029846e-04
3.797238168772310019e-04 1.069292076863348484e-03
8.425379055552184582e-04 6.756987422704696655e-04
3.812393697444349527e-04 1.024962053634226322e-03
7.124135154299438000e-04 6.682030507363379002e-04
4.370938404463231564e-04 7.986851851455867290e-04
5.952767678536474705e-04 7.070864667184650898e-04
4.343828768469393253e-04 7.709366618655622005e-04
4.836987354792654514e-04 6.887578638270497322e-04
4.625759611371904612e-04 6.389578920789062977e-04
4.144097620155662298e-04 7.204486173577606678e-04
4.417856689542531967e-04 6.429933127947151661e-04
3.678547509480267763e-04 6.783148273825645447e-04
4.367036744952201843e-04 5.719682667404413223e-04
3.247652202844619751e-04 6.954601267352700233e-04
4.195123328827321529e-04 5.591138033196330070e-04
3.026203776244074106e-04 6.233194144442677498e-04
4.005939117632806301e-04 5.378271453082561493e-04
2.864652778953313828e-04 6.447995547205209732e-04
3.726690483745187521e-04 5.442926194518804550e-04
2.944829175248742104e-04 5.874310154467821121e-04
3.384406736586242914e-04 5.744759691879153252e-04
2.960838028229773045e-04 5.846574204042553902e-04
3.025028854608535767e-04 5.707931122742593288e-04
3.070102829951792955e-04 5.543878651224076748e-04
2.814004838000983000e-04 5.866991123184561729e-04
3.039884904865175486e-04 5.322367069311439991e-04
2.628973743412643671e-04 5.553583032451570034e-04
2.942359715234488249e-04 5.332219880074262619e-04
2.614350523799657822e-04 5.512953503057360649e-04
2.799584181047976017e-04 5.219050799496471882e-04
2.625230990815907717e-04 5.241509061306715012e-04
2.608690992929041386e-04 5.359742790460586548e-04
2.665854117367416620e-04 5.131239304319024086e-04
2.483597490936517715e-04 5.257502780295908451e-04
2.632426039781421423e-04 5.065351724624633789e-04
2.437432995066046715e-04 5.103817093186080456e-04
2.502577553968876600e-04 5.008566076867282391e-04
2.461399708408862352e-04 4.919931525364518166e-04
2.381494559813290834e-04 5.013170884922146797e-04
2.464633143972605467e-04 4.836236184928566217e-04
2.331594441784545779e-04 4.875534796155989170e-04
2.374052710365504026e-04 4.829653480555862188e-04
2.338664198759943247e-04 4.750005027744919062e-04
2.273251011501997709e-04 4.785453493241220713e-04
2.322389336768537760e-04 4.676725366152822971e-04
2.245614305138587952e-04 4.669388872571289539e-04
2.253389684483408928e-04 4.650684131775051355e-04
2.252264384878799319e-04 4.567475989460945129e-04
2.190115919802337885e-04 4.552975879050791264e-04
2.213252737419679761e-04 4.498700727708637714e-04
2.177191490773111582e-04 4.437534953467547894e-04
2.143511374015361071e-04 4.421170451678335667e-04
2.157369162887334824e-04 4.368521622382104397e-04
2.113912487402558327e-04 4.336818237788975239e-04
2.098470722557976842e-04 4.308909701649099588e-04
2.100761339534074068e-04 4.260399437043815851e-04
2.062354760710150003e-04 4.236086388118565083e-04
2.053313219221308827e-04 4.197598027531057596e-04
2.047663292614743114e-04 4.154598864261060953e-04
2.015810750890523195e-04 4.134954942855983973e-04
2.007330767810344696e-04 4.099391517229378223e-04
1.998716761590912938e-04 4.064811510033905506e-04
1.972280006157234311e-04 4.040800558868795633e-04
1.962775422725826502e-04 3.999375621788203716e-04
1.955454208655282855e-04 3.972377744503319263e-04
1.937322231242433190e-04 3.951546677853912115e-04
1.937299384735524654e-04 3.951343824155628681e-04
1.959365035872906446e-04 3.992564452346414328e-04
2.022846165345981717e-04 4.193300264887511730e-04
2.227267250418663025e-04 4.743498866446316242e-04
2.846442512236535549e-04 6.434705574065446854e-04
4.541101807262748480e-04 1.139778411015868187e-03
9.546072105877101421e-04 2.108208369463682175e-03
1.976813189685344696e-03 4.233932122588157654e-03
3.984270151704549789e-03 2.686969935894012451e-03
2.677014796063303947e-03 9.698825888335704803e-04
7.366936188191175461e-04 1.402670633979141712e-03
1.125058974139392376e-03 1.248916028998792171e-03
1.197317033074796200e-03 1.214435556903481483e-03
1.020685187540948391e-03 7.930870051495730877e-04
5.157839041203260422e-04 1.317436574026942253e-03
1.101449131965637207e-03 1.139104948379099369e-03
9.004993480630218983e-04 8.694453281350433826e-04
6.329780444502830505e-04 1.065865042619407177e-03
8.222608594223856926e-04 1.163582084700465202e-03
8.005689014680683613e-04 7.039426127448678017e-04
4.132177564315497875e-04 9.508184157311916351e-04
8.150348439812660217e-04 7.309975335374474525e-04
4.272408841643482447e-04 8.939887629821896553e-04
5.784279783256351948e-04 6.534662679769098759e-04
5.007854197174310684e-04 6.094306590966880322e-04
4.261412250343710184e-04 6.974041461944580078e-04
4.485061508603394032e-04 6.317721563391387463e-04
4.253318475093692541e-04 5.333631997928023338e-04
3.255631891079246998e-04 7.124630501493811607e-04
4.689647757913917303e-04 5.049699684605002403e-04
2.790766884572803974e-04 6.359327235259115696e-04
4.216619418002665043e-04 5.679206806235015392e-04
3.261996898800134659e-04 5.150960059836506844e-04
3.082371549680829048e-04 5.298175965435802937e-04
3.359654219821095467e-04 5.446873256005346775e-04
2.951935457531362772e-04 5.246405489742755890e-04
2.775599423330277205e-04 5.137174157425761223e-04
3.164191148243844509e-04 4.548338765744119883e-04
2.271323755849152803e-04 5.573472590185701847e-04
2.989116765093058348e-04 4.547977005131542683e-04
2.296535094501450658e-04 4.708856286015361547e-04
2.514598600100725889e-04 4.968098946847021580e-04
2.516421955078840256e-04 4.587518924381583929e-04
2.251021505799144506e-04 4.499178321566432714e-04
2.365301334066316485e-04 4.608461749739944935e-04
2.330233983229845762e-04 4.365852219052612782e-04
2.071765484288334846e-04 4.398172604851424694e-04
2.281139313708990812e-04 4.325663321651518345e-04
2.120835415553301573e-04 4.181580734439194202e-04
2.003978006541728973e-04 4.193921049591153860e-04
2.185656921938061714e-04 4.012230783700942993e-04
1.895253662951290607e-04 4.095476469956338406e-04
1.999501109821721911e-04 3.907324280589818954e-04
1.954404142452403903e-04 3.899040166288614273e-04
1.854682195698842406e-04 3.940882743336260319e-04
1.889074192149564624e-04 3.759837709367275238e-04
1.860883494373410940e-04 3.753294586203992367e-04
1.786877692211419344e-04 3.808712062891572714e-04
1.798927405616268516e-04 3.639536153059452772e-04
1.793297415133565664e-04 3.561723569873720407e-04
1.699772838037461042e-04 3.642979136202484369e-04
1.754189870553091168e-04 3.431795630604028702e-04
1.705525064608082175e-04 3.367403405718505383e-04
1.646298042032867670e-04 3.452828386798501015e-04
1.690026110736653209e-04 3.269573498982936144e-04
1.628770114621147513e-04 3.243584942538291216e-04
1.607107697054743767e-04 3.294468333479017019e-04
1.618316164240241051e-04 3.162776993121951818e-04
1.580450916662812233e-04 3.136940067633986473e-04
1.562353427289053798e-04 3.145546652376651764e-04
1.553354231873527169e-04 3.051664098165929317e-04
1.539393560960888863e-04 3.023365861736238003e-04
1.516000629635527730e-04 3.020708973053842783e-04
1.503246312495321035e-04 2.959389821626245975e-04
1.500118232797831297e-04 2.932993811555206776e-04
1.471065916121006012e-04 2.911188348662108183e-04
1.458885526517406106e-04 2.859466476365923882e-04
1.459601189708337188e-04 2.841103414539247751e-04
1.432159624528139830e-04 2.813943719957023859e-04
1.419113541487604380e-04 2.782344527076929808e-04
1.419083855580538511e-04 2.777407935354858637e-04
1.399213651893660426e-04 2.728686667978763580e-04
1.383702328894287348e-04 2.695042057894170284e-04
1.379388268105685711e-04 2.691754198167473078e-04
1.366867218166589737e-04 2.638596633914858103e-04
1.352434919681400061e-04 2.616434940136969090e-04
1.344113989034667611e-04 2.607084461487829685e-04
1.335275883320719004e-04 2.548497286625206470e-04
1.323533215327188373e-04 2.533069055061787367e-04
1.311410305788740516e-04 2.517256943974643946e-04
1.302690943703055382e-04 2.475570945534855127e-04
1.295364054385572672e-04 2.473380591254681349e-04
1.284025056520476937e-04 2.441559627186506987e-04
1.272866502404212952e-04 2.407338761258870363e-04
1.266000763280317187e-04 2.405054692644625902e-04
1.257852127309888601e-04 2.364141837460920215e-04
1.246410683961585164e-04 2.343056985409930348e-04
1.237653777934610844e-04 2.337024488952010870e-04
1.231305068358778954e-04 2.299271582160145044e-04
1.222537830471992493e-04 2.288294781465083361e-04
1.212745410157367587e-04 2.270078693982213736e-04
1.205201842822134495e-04 2.240459725726395845e-04
1.198205427499487996e-04 2.233967388747259974e-04
1.189937684102915227e-04 2.205749915447086096e-04
1.181818515760824084e-04 2.188580983784049749e-04
1.174419739982113242e-04 2.175915578845888376e-04
1.167002628790214658e-04 2.150282089132815599e-04
1.159660969278775156e-04 2.138958952855318785e-04
1.152829718193970621e-04 2.121371653629466891e-04
1.145917703979648650e-04 2.104124723700806499e-04
1.138835650635883212e-04 2.094166848110035062e-04
1.132679535658098757e-04 2.075675438391044736e-04
1.128020230680704117e-04 2.070092596113681793e-04
1.125144917750731111e-04 2.055037475656718016e-04
1.125935959862545133e-04 2.068972971756011248e-04
1.136550999945029616e-04 2.085232699755579233e-04
1.170541145256720483e-04 2.191126550314947963e-04
1.260809658560901880e-04 2.401776582701131701e-04
1.492727169534191489e-04 3.052743559237569571e-04
2.072970819426700473e-04 4.435718001332134008e-04
3.491224488243460655e-04 7.827046210877597332e-04
6.507922080345451832e-04 1.189622445963323116e-03
1.096426974982023239e-03 1.431973185390233994e-03
1.236767973750829697e-03 5.531983915716409683e-04
5.088592297397553921e-04 3.558993921615183353e-04
2.619226579554378986e-04 7.969600846990942955e-04
6.528525846078991890e-04 4.304302274249494076e-04
3.327711601741611958e-04 3.596011083573102951e-04
2.567298070061951876e-04 5.810346337966620922e-04
4.697759577538818121e-04 2.826033742167055607e-04
1.779210724635049701e-04 4.322224413044750690e-04
3.381930291652679443e-04 3.405619354452937841e-04
2.285285445395857096e-04 3.243972314521670341e-04
2.176601847168058157e-04 3.657216439023613930e-04
2.765763783827424049e-04 2.379240177106112242e-04
1.500274229329079390e-04 3.387787146493792534e-04
2.613331889733672142e-04 2.145053294952958822e-04
1.406395022058859468e-04 3.123569476883858442e-04
2.285890805069357157e-04 2.205772761953994632e-04
1.483240630477666855e-04 2.616141573525965214e-04
1.859770418377593160e-04 2.463802229613065720e-04
1.679540291661396623e-04 2.311906573595479131e-04
1.549255830468609929e-04 2.576650294940918684e-04
1.709656789898872375e-04 2.155802649213001132e-04
1.346207573078572750e-04 2.425444836262613535e-04
1.706227485556155443e-04 2.070485206786543131e-04
1.265592291019856930e-04 2.521375427022576332e-04
1.617663365323096514e-04 2.075807424262166023e-04
1.233263610629364848e-04 2.307382674189284444e-04
1.499280479038134217e-04 2.087325847242027521e-04
1.267734187422320247e-04 2.209147933172062039e-04
1.369457022519782186e-04 2.053540374618023634e-04
1.268348132725805044e-04 2.051987976301461458e-04
1.259194832528010011e-04 2.152126107830554247e-04
1.294655521633103490e-04 1.993176992982625961e-04
1.169290480902418494e-04 2.060360566247254610e-04
1.270455250050872564e-04 1.936763001140207052e-04
1.131761091528460383e-04 2.062702988041564822e-04
1.238933182321488857e-04 1.911575091071426868e-04
1.113535254262387753e-04 1.954299659701064229e-04
1.190131515613757074e-04 1.900847855722531676e-04
1.113529797294177115e-04 1.910244318423792720e-04
1.124390619224868715e-04 1.875820016721263528e-04
1.119281951105222106e-04 1.858220057329162955e-04
1.083896349882707000e-04 1.893128792289644480e-04
1.112132667913101614e-04 1.821775367716327310e-04
1.047406258294358850e-04 1.853197463788092136e-04
1.088732242351397872e-04 1.810954418033361435e-04
1.037631445797160268e-04 1.838464086176827550e-04
1.056683395290747285e-04 1.790923997759819031e-04
1.035330496961250901e-04 1.775964337866753340e-04
1.022579599521122873e-04 1.783772604539990425e-04
1.031790961860679090e-04 1.738484279485419393e-04
9.981589391827583313e-05 1.747337373672053218e-04
1.014794252114370465e-04 1.717710401862859726e-04
9.883284656098112464e-05 1.720945147098973393e-04
9.935791604220867157e-05 1.684798771748319268e-04
9.838589176069945097e-05 1.666735333856195211e-04
9.689883154351264238e-05 1.675703679211437702e-04
9.749591845320537686e-05 1.643113500904291868e-04
9.564861829858273268e-05 1.642866554902866483e-04
9.616227180231362581e-05 1.626102603040635586e-04
9.501780732534825802e-05 1.618100213818252087e-04
9.424224117537960410e-05 1.606984296813607216e-04
9.427760232938453555e-05 1.596132497070357203e-04
9.295155905419960618e-05 1.594362984178587794e-04
9.310513996751978993e-05 1.575580972712486982e-04
9.226494148606434464e-05 1.571359462104737759e-04
9.166372910840436816e-05 1.568990119267255068e-04
9.159035107586532831e-05 1.560765522299334407e-04
9.062582830665633082e-05 1.548271247884258628e-04
9.050491644302383065e-05 1.544380793347954750e-04
8.993493975140154362e-05 1.530141453258693218e-04
8.929555770009756088e-05 1.527541899122297764e-04
8.913570491131395102e-05 1.521790254628285766e-04
8.843232353683561087e-05 1.513605529908090830e-04
8.813855674816295505e-05 1.505878608440980315e-04
8.780235657468438148e-05 1.491404400439932942e-04
8.720616460777819157e-05 1.491837610956281424e-04
8.698874444235116243e-05 1.480310893384739757e-04
8.650885865790769458e-05 1.478634803788736463e-04
8.607855852460488677e-05 1.470585120841860771e-04
8.584630268160253763e-05 1.466446410631760955e-04
8.538024121662601829e-05 1.457363105146214366e-04
8.508696191711351275e-05 1.461225328966975212e-04
8.484937279717996716e-05 1.447320828447118402e-04
8.452416659565642476e-05 1.455557357985526323e-04
8.448783773928880692e-05 1.438329927623271942e-04
8.462229016004130244e-05 1.465212262701243162e-04
8.522407733835279942e-05 1.448493276257067919e-04
8.693274867255240679e-05 1.535337360110133886e-04
9.101207979256287217e-05 1.552720350446179509e-04
9.950263483915477991e-05 1.859636831795796752e-04
1.205248263431712985e-04 2.108825865434482694e-04
1.589676830917596817e-04 3.284535487182438374e-04
2.553380618337541819e-04 4.046761314384639263e-04
3.610881394706666470e-04 6.444477476179599762e-04
5.640287417918443680e-04 5.063572316430509090e-04
4.703994491137564182e-04 4.536557826213538647e-04
3.706338757183402777e-04 3.701149544212967157e-04
3.233519091736525297e-04 4.594040219672024250e-04
3.896885900758206844e-04 3.522057377267628908e-04
2.985183673445135355e-04 1.844694925239309669e-04
1.260176213691011071e-04 2.013452176470309496e-04
1.345373311778530478e-04 3.107285592705011368e-04
2.627849171403795481e-04 3.530165413394570351e-04
2.647491637617349625e-04 2.113649097736924887e-04
1.660541456658393145e-04 2.322512154933065176e-04
1.706733601167798042e-04 2.360764628974720836e-04
1.712947268970310688e-04 1.679613633314147592e-04
1.083572715288028121e-04 1.656587992329150438e-04
1.030046623782254755e-04 2.160822332371026278e-04
1.599052920937538147e-04 2.132465597242116928e-04
1.506522821728140116e-04 1.654888328630477190e-04
1.125540147768333554e-04 2.006566646741703153e-04
1.305135665461421013e-04 1.698643754934892058e-04
1.114799670176580548e-04 1.425268274033442140e-04
8.647413778817281127e-05 1.826748339226469398e-04
1.179623868665657938e-04 1.720923901302739978e-04
1.212589413626119494e-04 1.637896202737465501e-04
9.785526344785466790e-05 1.655359519645571709e-04
1.047676341840997338e-04 1.641968265175819397e-04
1.032891595968976617e-04 1.433203869964927435e-04
8.311426063301041722e-05 1.510771980974823236e-04
9.287667489843443036e-05 1.690470235189422965e-04
1.050389691954478621e-04 1.510391739429906011e-04
9.290115849580615759e-05 1.575494825374335051e-04
9.183736256090924144e-05 1.517647324362769723e-04
9.583192877471446991e-05 1.431207201676443219e-04
8.429966692347079515e-05 1.368179800920188427e-04
7.963295502122491598e-05 1.441583299310877919e-04
8.763535879552364349e-05 1.468112604925408959e-04
8.638451981823891401e-05 1.375530409859493375e-04
8.214771514758467674e-05 1.454700395697727799e-04
8.630002412246540189e-05 1.423222565790638328e-04
8.564126619603484869e-05 1.396016014041379094e-04
7.916353933978825808e-05 1.363003684673458338e-04
7.795748388161882758e-05 1.403398200636729598e-04
7.990665471879765391e-05 1.377344597131013870e-04
7.777381688356399536e-05 1.340602466370910406e-04
7.602803816553205252e-05 1.401314511895179749e-04
7.862356869736686349e-05 1.367508521070703864e-04
7.949372957227751613e-05 1.375998108414933085e-04
7.716790423728525639e-05 1.328823564108461142e-04
7.650406769244000316e-05 1.366481155855581164e-04
7.733061647741124034e-05 1.328200014540925622e-04
7.601419201819226146e-05 1.328763319179415703e-04
7.389159873127937317e-05 1.300493750022724271e-04
7.342158642131835222e-05 1.314218243351206183e-04
7.376930443570017815e-05 1.302774180658161640e-04
7.306442421395331621e-05 1.291451044380664825e-04
7.195013313321396708e-05 1.299112045671790838e-04
7.187505252659320831e-05 1.286049810005351901e-04
7.240034756250679493e-05 1.294615212827920914e-04
7.234428630908951163e-05 1.266522740479558706e-04
7.171164907049387693e-05 1.288403582293540239e-04
7.153904152801260352e-05 1.267357001779600978e-04
7.200583058875054121e-05 1.299052091781049967e-04
7.238054240588098764e-05 1.258905831491574645e-04
7.232720963656902313e-05 1.296475384151563048e-04
7.246771565405651927e-05 1.262049336219206452e-04
7.326068589463829994e-05 1.328780199401080608e-04
7.484525121981278062e-05 1.286839396925643086e-04
7.667841418879106641e-05 1.383324706694111228e-04
7.966081466292962432e-05 1.339274313068017364e-04
8.411806629737839103e-05 1.530931185698136687e-04
9.258461795980110765e-05 1.522165257483720779e-04
1.047982950694859028e-04 1.919021888170391321e-04
1.275177783099934459e-04 2.014604688156396151e-04
1.581323303980752826e-04 2.904628636315464973e-04
2.191740786656737328e-04 3.266650601290166378e-04
2.889220195356756449e-04 5.189109942875802517e-04
4.346126224845647812e-04 5.627574282698333263e-04
5.317825707606971264e-04 8.340163039974868298e-04
7.353320252150297165e-04 6.862870068289339542e-04
6.614580051973462105e-04 6.809337064623832703e-04
5.928469472564756870e-04 3.115453000646084547e-04
2.828323631547391415e-04 1.471339928684756160e-04
9.382445568917319179e-05 1.601151598151773214e-04
1.005357044050469995e-04 2.748677216004580259e-04
2.396553463768213987e-04 4.718434938695281744e-04
3.719361848197877407e-04 3.382808936294168234e-04
2.992330410052090883e-04 2.538320550229400396e-04
1.728233619360253215e-04 1.372808183077722788e-04
8.142291335389018059e-05 1.648355973884463310e-04
1.198454046971164644e-04 2.768000995274633169e-04
1.992948818951845169e-04 2.097263641189783812e-04
1.759439765010029078e-04 1.692871737759560347e-04
1.051286817528307438e-04 1.378302258672192693e-04
8.084832370514050126e-05 1.680129644228145480e-04
1.224054431077092886e-04 2.248918899567797780e-04
1.488162670284509659e-04 1.589305902598425746e-04
1.102155292755924165e-04 1.391423866152763367e-04
7.686070603085681796e-05 1.566704740980640054e-04
9.128223609877750278e-05 1.640724076423794031e-04
1.169399329228326678e-04 1.775035780156031251e-04
1.091906888177618384e-04 1.286225160583853722e-04
7.706300675636157393e-05 1.259096898138523102e-04
7.140041998354718089e-05 1.585724094184115529e-04
9.286418935516849160e-05 1.503403036622330546e-04
1.010647756629623473e-04 1.524212711956351995e-04
8.618205902166664600e-05 1.291587541345506907e-04
7.020618795650079846e-05 1.293116220040246844e-04
7.352815737249329686e-05 1.531873713247478008e-04
8.442671241937205195e-05 1.354378910036757588e-04
8.262359915534034371e-05 1.342395989922806621e-04
7.244635344250127673e-05 1.266844192286953330e-04
6.828313053119927645e-05 1.271061191800981760e-04
7.368500519078224897e-05 1.417980092810466886e-04
7.832457777112722397e-05 1.278733834624290466e-04
7.404550706269219518e-05 1.279303978662937880e-04
6.714584742439910769e-05 1.256852265214547515e-04
6.523097545141354203e-05 1.251253415830433369e-04
6.853444210719317198e-05 1.365373900625854731e-04
7.160341192502528429e-05 1.269749918719753623e-04
7.044053927529603243e-05 1.286067126784473658e-04
6.726376159349456429e-05 1.242782891495153308e-04
6.533228588523343205e-05 1.223192230099812150e-04
6.590783596038818359e-05 1.283661404158920050e-04
6.740230310242623091e-05 1.228635665029287338e-04
6.757544906577095389e-05 1.261641882592812181e-04
6.627150287386029959e-05 1.219394835061393678e-04
6.434531678678467870e-05 1.213863870361819863e-04
6.320539978332817554e-05 1.237636752193793654e-04
6.328243762254714966e-05 1.209677284350618720e-04
6.395373202394694090e-05 1.244392624357715249e-04
6.434733950300142169e-05 1.202947605634108186e-04
6.385413871612399817e-05 1.206669039675034583e-04
6.280841625994071364e-05 1.189183822134509683e-04
6.195984315127134323e-05 1.180094768642447889e-04
6.197843322297558188e-05 1.202365383505821228e-04
6.296995707089081407e-05 1.198292156914249063e-04
6.454662798205390573e-05 1.244251907337456942e-04
6.669288995908573270e-05 1.256742252735421062e-04
6.984149513300508261e-05 1.342338946415111423e-04
7.644708239240571856e-05 1.461648789700120687e-04
8.959219121607020497e-05 1.747124479152262211e-04
1.166753936558961868e-04 2.274785219924524426e-04
1.675709208939224482e-04 3.222184896003454924e-04
2.589315408840775490e-04 4.649806651286780834e-04
3.965782816521823406e-04 6.079145241528749466e-04
5.331585416570305824e-04 6.101033650338649750e-04
5.392020102590322495e-04 3.712663892656564713e-04
3.044214972760528326e-04 1.685011957306414843e-04
1.064579482772387564e-04 2.288260002387687564e-04
1.734006218612194061e-04 3.854632377624511719e-04
3.180271014571189880e-04 2.961253921966999769e-04
2.258917375002056360e-04 1.438682375010102987e-04
8.409433212364092469e-05 2.184475742978975177e-04
1.575442875036969781e-04 2.777468180283904076e-04
2.054746291832998395e-04 1.685796451056376100e-04
1.039555645547807217e-04 1.529135333839803934e-04
1.030666389851830900e-04 2.309057454112917185e-04
1.612299529369920492e-04 1.445735397282987833e-04
9.457865235162898898e-05 1.335574197582900524e-04
8.354413148481398821e-05 2.000165113713592291e-04
1.345119235338643193e-04 1.410305994795635343e-04
9.266257984563708305e-05 1.365802891086786985e-04
8.124433952616527677e-05 1.698351115919649601e-04
1.134376070694997907e-04 1.347301295027136803e-04
8.145839819917455316e-05 1.253015361726284027e-04
7.398945308523252606e-05 1.519299839856103063e-04
9.945275087375193834e-05 1.287695340579375625e-04
7.804041524650529027e-05 1.242551225004717708e-04
7.511256990255787969e-05 1.467659021727740765e-04
9.266165579902008176e-05 1.226808235514909029e-04
7.321788143599405885e-05 1.238934346474707127e-04
7.219517283374443650e-05 1.336099667241796851e-04
8.297959720948711038e-05 1.187052839668467641e-04
6.832676444901153445e-05 1.216092932736501098e-04
6.914890400366857648e-05 1.293987588724121451e-04
7.806833309587091208e-05 1.206986707984469831e-04
6.797420792281627655e-05 1.171734620584174991e-04
6.819621921749785542e-05 1.250597415491938591e-04
7.402888149954378605e-05 1.144522320828400552e-04
6.587968528037890792e-05 1.153802513726986945e-04
6.521212344523519278e-05 1.202204002765938640e-04
6.960619793972000480e-05 1.143149347626604140e-04
6.418192060664296150e-05 1.135058555519208312e-04
