0.0 -0.065 -0.065 -0.065 -0.065 -0.060479797 -0.052901253 -0.05513238 -0.0770424
0.0005 -0.06497798 -0.05428989 -0.05192283 -0.06486425 -0.062246464 -0.025604442 -0.045048434 -0.082640864
0.001 -0.06488158 -0.03778811 -0.03703755 -0.06464734 -0.06325476 -0.0004447922 -0.033403512 -0.08304739
0.0015 -0.06475591 -0.01864253 -0.02407513 -0.0644337 -0.06358996 0.02310177 -0.021481313 -0.08212729
0.002 -0.06462464 0.001932679 -0.01244413 -0.06421317 -0.063648425 0.045687668 -0.009730134 -0.080783285
0.0025 -0.06448889 0.02328854 -0.001463937 -0.06397945 -0.063588195 0.067633994 0.0018017814 -0.07927248
0.003 -0.06434606 0.04502311 0.009223079 -0.06373021 -0.063473165 0.08911536 0.013147883 -0.07770513
0.0035 -0.0641911 0.06694057 0.01980536 -0.06346146 -0.06332649 0.11023194 0.02435257 -0.07613467
0.004 -0.06403058 0.08893947 0.03037235 -0.06317899 -0.06315635 0.13104388 0.03545184 -0.0745884
0.0045 -0.06386835 0.1109543 0.04096151 -0.06288685 -0.06296596 0.1515877 0.046470817 -0.07308039
0.005 -0.06370336 0.132932 0.05155869 -0.06258598 -0.062757134 0.17188555 0.057425562 -0.071617395
0.0055 -0.06352269 0.1548211 0.062085 -0.06227237 -0.062531404 0.19195023 0.068325385 -0.07020198
0.006 -0.06332942 0.1765724 0.07262493 -0.06194881 -0.06229029 0.2117886 0.079175115 -0.06883444
0.0065 -0.06312862 0.1981417 0.08319241 -0.06161817 -0.06203539 0.23140365 0.08997646 -0.067513734
0.007 -0.06292446 0.2194892 0.09377132 -0.06125375 -0.06176823 0.25079527 0.10072881 -0.06623815
0.0075 -0.06270384 0.2405815 0.1043542 -0.06083091 -0.061490297 0.26996168 0.11143023 -0.065005705
0.008 -0.06247521 0.2613875 0.114925 -0.06041996 -0.061202995 0.28889987 0.12207779 -0.06381426
0.0085 -0.06224753 0.281881 0.1254704 -0.06002551 -0.060907565 0.3076058 0.13266784 -0.06266187
0.009 -0.06202216 0.3020411 0.1359802 -0.05964294 -0.060605176 0.32607514 0.14319643 -0.0615466
0.0095 -0.06179747 0.3218519 0.1464452 -0.05926787 -0.060296863 0.34430307 0.15365948 -0.060466673
0.01 -0.06157133 0.3413016 0.1568571 -0.05889707 -0.059983537 0.3622849 0.16405262 -0.05942051
0.0105 -0.06134203 0.360382 0.1672083 -0.05852822 -0.059666026 0.38001585 0.17437154 -0.05840661
0.011 -0.06110843 0.3790877 0.1774918 -0.05815975 -0.059345048 0.3974911 0.18461192 -0.05742371
0.0115 -0.06086986 0.3974161 0.1877014 -0.05779059 -0.05902125 0.41470638 0.19476968 -0.05647057
0.012 -0.06062603 0.4153665 0.1978317 -0.05742004 -0.05869519 0.43165752 0.20484069 -0.055546094
0.0125 -0.06037687 0.4329399 0.2078779 -0.05704767 -0.05836737 0.44834062 0.21482128 -0.054649226
0.013 -0.06012246 0.450139 0.2178358 -0.05667325 -0.058038246 0.46475258 0.22470772 -0.053779025
0.0135 -0.05986294 0.4669672 0.2277019 -0.0562967 -0.057708196 0.48089013 0.23449641 -0.052934587
0.014 -0.0595985 0.4834292 0.2374729 -0.05591801 -0.057377566 0.49675104 0.24418423 -0.052115023
0.0145 -0.05932921 0.4995301 0.2471458 -0.0555371 -0.057046667 0.5123329 0.25376815 -0.05131955
0.015 -0.05905524 0.5152757 0.2567185 -0.05515396 -0.056715768 0.5276341 0.26324517 -0.050547358
0.0155 -0.05877689 0.5306723 0.2661892 -0.05476894 -0.056385107 0.54265386 0.27261284 -0.04979761
0.016 -0.05849446 0.5457263 0.2755561 -0.05438237 -0.05605491 0.55739105 0.28186893 -0.0490696
0.0165 -0.05820824 0.5604446 0.284818 -0.05399446 -0.055725355 0.5718456 0.29101115 -0.04836257
0.017 -0.05791843 0.5748338 0.2939734 -0.05360544 -0.05539661 0.5860175 0.30003762 -0.047675822
0.0175 -0.05762522 0.5889009 0.3030215 -0.05321548 -0.055068836 0.5999075 0.3089468 -0.047008578
0.018 -0.05732877 0.6026529 0.3119612 -0.05282477 -0.05474216 0.61351645 0.31773713 -0.046360176
0.0185 -0.05702923 0.6160967 0.3207633 -0.05243349 -0.0544167 0.6268459 0.32640737 -0.045729924
0.019 -0.05672835 0.6292165 0.3287357 -0.05204831 -0.05409257 0.63989735 0.33495662 -0.04511711
0.0195 -0.05642844 0.6420027 0.3365716 -0.05166613 -0.053769864 0.6526731 0.343384 -0.044521067
0.02 -0.05612694 0.6544813 0.344616 -0.05128223 -0.053448666 0.6651754 0.35168886 -0.04394118
0.0205 -0.0558219 0.6666776 0.3528377 -0.05089642 -0.053129036 0.677407 0.35987082 -0.043376792
0.021 -0.05551282 0.6786094 0.3611373 -0.05050918 -0.052811064 0.6893711 0.36792973 -0.042827245
0.0215 -0.0552 0.6902881 0.3694298 -0.05012101 -0.052494798 0.7010707 0.37586525 -0.042291954
0.022 -0.05488397 0.7017206 0.3776582 -0.04973238 -0.05218029 0.7125093 0.3836775 -0.04177033
0.0225 -0.05456525 0.712912 0.3857884 -0.04934364 -0.051867582 0.72369033 0.39136678 -0.041261822
0.023 -0.05424439 0.7238657 0.393802 -0.04895512 -0.051556725 0.7346183 0.39893353 -0.04076582
0.0235 -0.05392174 0.7345851 0.4016905 -0.04856709 -0.051247753 0.7452966 0.40637815 -0.04028184
0.024 -0.05359749 0.7450736 0.4094508 -0.04817977 -0.0509407 0.7557296 0.41370127 -0.039809342
0.0245 -0.05327176 0.7553345 0.4170836 -0.04779335 -0.050635595 0.76592153 0.42090368 -0.039347786
0.025 -0.0529447 0.7653717 0.4245907 -0.04740799 -0.050332453 0.7758768 0.42798612 -0.038896754
0.0255 -0.05261623 0.7751889 0.4319747 -0.04702497 -0.050031304 0.7855999 0.43494967 -0.03845578
0.026 -0.05228559 0.7847894 0.4392369 -0.04664608 -0.04973218 0.79509515 0.4417954 -0.038024377
0.0265 -0.0519535 0.7941775 0.4463814 -0.04626738 -0.04943507 0.80436724 0.44852427 -0.03760216
0.027 -0.05162085 0.8033582 0.4534118 -0.04588916 -0.04914001 0.8134207 0.45513746 -0.03718872
0.0275 -0.05128801 0.8123364 0.4603308 -0.04551194 -0.048847 0.8222602 0.4616364 -0.036783677
0.028 -0.05095502 0.8211166 0.4671406 -0.04513604 -0.048556063 0.8308904 0.46802232 -0.036386643
0.0285 -0.05062183 0.8297034 0.473843 -0.04476176 -0.048267193 0.83931565 0.47429654 -0.035997313
0.029 -0.05028896 0.8381005 0.4804384 -0.04439517 -0.047980413 0.84754086 0.4804605 -0.035615306
0.0295 -0.04995669 0.8463115 0.4869279 -0.04403174 -0.047695715 0.8555706 0.48651597 -0.03524034
0.03 -0.04962408 0.8543414 0.493315 -0.04366834 -0.04741311 0.86340904 0.49246415 -0.03487211
0.0305 -0.04929085 0.8621949 0.499602 -0.04330511 -0.0471326 0.8710609 0.49830666 -0.034510363
0.031 -0.048957 0.8698764 0.5057901 -0.04294316 -0.04685419 0.87853056 0.50404495 -0.03415476
0.0315 -0.04862209 0.8773894 0.5118786 -0.042587 -0.04657788 0.88582283 0.5096808 -0.033805113
0.032 -0.04828655 0.8847373 0.5178693 -0.04223133 -0.046303667 0.8929415 0.5152157 -0.03346115
0.0325 -0.04795113 0.8919246 0.5237649 -0.04187567 -0.046031557 0.8998912 0.5206514 -0.033122677
0.033 -0.04761627 0.8989551 0.5295668 -0.04152075 -0.04576154 0.9066759 0.5259894 -0.032789443
0.0335 -0.0472821 0.9058328 0.5352761 -0.04116708 -0.045493618 0.91329986 0.53123134 -0.032461282
0.034 -0.04694859 0.9125613 0.5408938 -0.04081499 -0.04522779 0.91976684 0.5363788 -0.032138
0.0345 -0.0466157 0.919144 0.5464209 -0.04046469 -0.04496406 0.926081 0.5414335 -0.031819407
0.035 -0.04628343 0.9255844 0.5518583 -0.04011638 -0.044702407 0.9322465 0.5463972 -0.03150535
0.0355 -0.04595179 0.9318857 0.5572072 -0.03977017 -0.044442847 0.93826705 0.5512715 -0.03119563
0.036 -0.04562081 0.9380509 0.5624687 -0.03942618 -0.04418536 0.944146 0.5560578 -0.030890185
0.0365 -0.04529055 0.9440833 0.5676439 -0.03908448 -0.04392995 0.94988734 0.5607577 -0.03058878
0.037 -0.04496106 0.9499858 0.5727338 -0.03874515 -0.04367662 0.9554946 0.5653731 -0.030291323
0.0375 -0.04463241 0.9557614 0.5777397 -0.03840823 -0.04342534 0.96097106 0.56990534 -0.029997732
0.038 -0.04430464 0.9614128 0.5826627 -0.03807377 -0.043176133 0.96632046 0.57435596 -0.029707808
0.0385 -0.0439778 0.966943 0.5875038 -0.03774174 -0.042928968 0.9715459 0.57872677 -0.029421534
0.039 -0.04365183 0.9723546 0.5922642 -0.03741208 -0.042683855 0.97665054 0.58301914 -0.029138733
0.0395 -0.04332682 0.9776503 0.5969451 -0.03708486 -0.04244078 0.9816378 0.5872345 -0.02885935
0.04 -0.04300291 0.9828328 0.6015475 -0.03676015 -0.042199735 0.98651046 0.59137446 -0.028583262
0.0405 -0.04268018 0.9879046 0.6060725 -0.03643797 -0.041960724 0.9912718 0.59544057 -0.028310414
0.041 -0.04235863 0.9928682 0.6105212 -0.03611821 -0.041723724 0.99592465 0.5994342 -0.028040688
0.0415 -0.04204107 0.9977097 0.6140929 -0.03580016 -0.041488737 1.0004717 0.6033567 -0.027774084
0.042 -0.0417336 1.00239 0.617106 -0.03548333 -0.041255757 1.0049158 0.6072097 -0.02751043
0.0425 -0.04142892 1.006931 0.620504 -0.03516908 -0.041024767 1.0092596 0.61099434 -0.02724972
0.043 -0.04112243 1.011366 0.6243204 -0.03485793 -0.040795773 1.0135059 0.6147122 -0.026991878
0.0435 -0.04081332 1.015717 0.6283992 -0.03454994 -0.04056875 1.017657 0.61836433 -0.026736822
0.044 -0.04050239 1.019996 0.6325932 -0.03424501 -0.0403437 1.0217154 0.6219524 -0.026484553
0.0445 -0.04019075 1.024206 0.6368015 -0.03394303 -0.040120613 1.0256838 0.6254774 -0.026234966
0.045 -0.03987933 1.028349 0.6409639 -0.03364558 -0.039899483 1.0295644 0.6289409 -0.025988009
0.0455 -0.03956913 1.03242 0.6450456 -0.03335919 -0.039680295 1.0333594 0.63234407 -0.025743652
0.046 -0.03926087 1.036419 0.6490337 -0.03307457 -0.039463032 1.0370709 0.6356879 -0.025501866
0.0465 -0.03895447 1.040345 0.652926 -0.03278987 -0.039247707 1.0407013 0.6389739 -0.025262553
0.047 -0.03864992 1.044197 0.6567241 -0.03250561 -0.039034296 1.0442526 0.64220315 -0.025025751
0.0475 -0.03834723 1.047973 0.6604313 -0.03222233 -0.038822796 1.0477266 0.6453766 -0.024791326
0.048 -0.03804639 1.051675 0.6640522 -0.03194046 -0.03861319 1.0511256 0.6484957 -0.024559338
0.0485 -0.0377474 1.055301 0.6675912 -0.03166027 -0.038405478 1.0544516 0.6515613 -0.024329636
0.049 -0.03745024 1.058853 0.6710527 -0.031382 -0.038199626 1.057706 0.6545747 -0.024102326
0.0495 -0.03715493 1.062331 0.674441 -0.03110579 -0.037995666 1.060891 0.6575369 -0.023877252
0.05 -0.03686148 1.065737 0.6777594 -0.03083176 -0.04127097 1.0697333 0.67381513 -0.038047682
0.0505 -0.03657971 1.058692 0.6808224 -0.03068375 -0.038553555 1.0515665 0.6847378 -0.023326013
0.051 -0.03632468 1.046476 0.6834328 -0.03059942 -0.037601225 1.0510328 0.6851389 -0.02988692
0.0515 -0.036077 1.032021 0.6857409 -0.03051154 -0.03690481 1.0336474 0.6876168 -0.029730652
0.052 -0.03583261 1.016382 0.6878381 -0.03043068 -0.036228023 1.0162945 0.68804973 -0.03135177
0.0525 -0.03559181 1.000075 0.6897762 -0.03036085 -0.035803564 0.9976817 0.6889661 -0.031821
0.053 -0.03535535 0.9833818 0.6915849 -0.03030299 -0.035409227 0.9792548 0.6898331 -0.032279696
0.0535 -0.03512376 0.9664811 0.6932823 -0.03025693 -0.035086636 0.960821 0.69084436 -0.032494087
0.054 -0.03489732 0.949498 0.6948806 -0.03022208 -0.034798823 0.94252664 0.69190705 -0.032613184
0.0545 -0.03467617 0.9325269 0.6963886 -0.03019771 -0.03454514 0.92441756 0.6930192 -0.032643612
0.055 -0.03446033 0.9156416 0.6978134 -0.03018309 -0.03431644 0.9065576 0.69415796 -0.032619447
0.0555 -0.0342498 0.898901 0.6991611 -0.03017752 -0.03410837 0.8889924 0.695312 -0.032557506
0.056 -0.03404454 0.8823523 0.7004368 -0.03018033 -0.033916734 0.87175804 0.69647 -0.032472726
0.0565 -0.03384451 0.8660331 0.701645 -0.0301909 -0.033738542 0.85488164 0.69762367 -0.03237557
0.057 -0.03364964 0.849973 0.7027898 -0.03020864 -0.033571407 0.83838254 0.6987662 -0.03227393
0.0575 -0.03345989 0.8341952 0.7038749 -0.030233 -0.033413496 0.8222739 0.6998922 -0.032173514
0.058 -0.03327519 0.8187175 0.7049036 -0.0302635 -0.033263437 0.80656403 0.700998 -0.032078333
0.0585 -0.03309547 0.8035528 0.7058789 -0.03029966 -0.03312018 0.7912567 0.7020804 -0.031991176
0.059 -0.03292068 0.7887107 0.7068036 -0.03034105 -0.032982938 0.7763527 0.7031367 -0.03191378
0.0595 -0.03275074 0.7741972 0.7076801 -0.03038726 -0.032851163 0.76184994 0.7041655 -0.031847306
0.06 -0.0325856 0.7600159 0.7085109 -0.03043791 -0.032724448 0.74774456 0.7051656 -0.031792264
0.0605 -0.03242518 0.7461683 0.7092981 -0.03049265 -0.0326025 0.7340309 0.7061364 -0.03174874
0.061 -0.03226942 0.7326538 0.7100437 -0.03055116 -0.032485105 0.7207019 0.70707726 -0.031716693
0.0615 -0.03211825 0.7194708 0.7107495 -0.03061313 -0.03237214 0.7077499 0.7079882 -0.031695757
0.062 -0.0319716 0.7066161 0.7114174 -0.03067828 -0.03226351 0.69516665 0.70886934 -0.031685557
0.0625 -0.03182939 0.6940858 0.712049 -0.03074634 -0.03215917 0.6829431 0.70972085 -0.031685535
0.063 -0.03169157 0.6818751 0.7126459 -0.03081706 -0.03205905 0.67107004 0.7105434 -0.03169519
0.0635 -0.03155805 0.6699787 0.7132094 -0.03089022 -0.03196312 0.65953827 0.7113373 -0.031713918
0.064 -0.03142877 0.6583909 0.713741 -0.0309656 -0.03187136 0.64833826 0.71210337 -0.031741172
0.0645 -0.03130365 0.6471053 0.7142421 -0.03104299 -0.031783734 0.6374606 0.7128421 -0.031776406
0.065 -0.03118263 0.6361157 0.7147137 -0.03112221 -0.031700224 0.6268956 0.71355426 -0.03181904
0.0655 -0.03106563 0.6254154 0.7151573 -0.03120309 -0.031620786 0.6166344 0.7142408 -0.031868603
0.066 -0.03095258 0.6149976 0.7155738 -0.03128545 -0.031545408 0.60666764 0.7149022 -0.03192453
0.0665 -0.03084342 0.6048557 0.7159644 -0.03136915 -0.03147403 0.5969863 0.71553946 -0.03198641
0.067 -0.03073806 0.5949828 0.7163301 -0.03145405 -0.03140661 0.58758163 0.71615326 -0.032053757
0.0675 -0.03063644 0.5853722 0.7166719 -0.03154 -0.031343102 0.5784449 0.7167445 -0.03212617
0.068 -0.03053849 0.576017 0.7169907 -0.03162689 -0.031283442 0.569568 0.7173139 -0.03220323
0.0685 -0.03044413 0.5669108 0.7172875 -0.0317146 -0.031227574 0.56094253 0.71786225 -0.032284558
0.069 -0.0303533 0.5580467 0.7175631 -0.03180301 -0.031175442 0.5525608 0.7183902 -0.032369826
0.0695 -0.03026593 0.5494186 0.7178184 -0.03189203 -0.031126976 0.5444149 0.7188987 -0.032458667
0.07 -0.03018195 0.5410199 0.7180541 -0.03198157 -0.031082079 0.5364974 0.7193882 -0.032550797
0.0705 -0.03010128 0.5328444 0.7182712 -0.03207152 -0.031040695 0.52880114 0.7198595 -0.0326459
0.071 -0.03002387 0.5248861 0.7184702 -0.03216182 -0.031002752 0.52131915 0.7203135 -0.03274372
0.0715 -0.02994964 0.5171391 0.718652 -0.03225237 -0.030968174 0.5140445 0.7207507 -0.03284399
0.072 -0.02987853 0.5095975 0.7188172 -0.03234312 -0.030936878 0.5069708 0.72117186 -0.03294646
0.0725 -0.02981047 0.5022556 0.7189665 -0.03243398 -0.030908765 0.5000917 0.7215772 -0.03305093
0.073 -0.02974539 0.495108 0.7191005 -0.0325249 -0.030883763 0.49340096 0.721968 -0.033157147
0.0735 -0.02968322 0.4881492 0.7192199 -0.03261582 -0.030861795 0.48689273 0.72234434 -0.03326496
0.074 -0.02962392 0.4813741 0.7193253 -0.03270668 -0.030842759 0.4805614 0.72270685 -0.033374168
0.0745 -0.0295674 0.4747775 0.7194172 -0.03279743 -0.030826606 0.47440132 0.7230563 -0.0334846
0.075 -0.02951361 0.4683546 0.7194962 -0.03288803 -0.030813213 0.46840718 0.72339296 -0.033596113
0.0755 -0.02946249 0.4621004 0.7195628 -0.03297843 -0.030802527 0.46257386 0.7237175 -0.0337085
0.076 -0.02941397 0.4560103 0.7196176 -0.03306858 -0.030794442 0.4568964 0.7240304 -0.033821676
0.0765 -0.02936799 0.4500798 0.719661 -0.03315845 -0.030788876 0.4513699 0.72433174 -0.03393551
0.077 -0.02932449 0.4443044 0.7196936 -0.03324801 -0.030785762 0.44598988 0.72462237 -0.03404987
0.0775 -0.02928342 0.4386799 0.7197158 -0.03333721 -0.030785013 0.44075188 0.72490275 -0.03416461
0.078 -0.02924471 0.4332021 0.719728 -0.03342604 -0.03078654 0.43565157 0.72517306 -0.034279678
0.0785 -0.02920831 0.4278669 0.7197308 -0.03351445 -0.030790288 0.4306846 0.7254337 -0.03439496
0.079 -0.02917416 0.4226705 0.7197244 -0.03360243 -0.030796159 0.4258472 0.7256852 -0.034510363
0.0795 -0.02914221 0.4176089 0.7197093 -0.03368994 -0.030804079 0.42113546 0.725928 -0.034625784
0.08 -0.02911239 0.4126785 0.719686 -0.03377698 -0.03081397 0.41654548 0.7261622 -0.034741167
0.0805 -0.02908466 0.4078757 0.7196547 -0.03386351 -0.030825771 0.4120738 0.72638834 -0.03485643
0.081 -0.02905897 0.403197 0.7196158 -0.03394951 -0.030839404 0.40771684 0.7266066 -0.034971517
0.0815 -0.02903525 0.398639 0.7195698 -0.03403498 -0.030854795 0.40347135 0.7268174 -0.03508635
0.082 -0.02901346 0.3941983 0.7195169 -0.03411989 -0.030871874 0.39933386 0.7270208 -0.03520089
0.0825 -0.02899355 0.3898719 0.7194574 -0.03420422 -0.030890593 0.39530143 0.7272173 -0.035315067
0.083 -0.02897547 0.3856566 0.7193917 -0.03428797 -0.030910857 0.3913708 0.72740704 -0.035428856
0.0835 -0.02895916 0.3815494 0.71932 -0.03437113 -0.030932628 0.3875393 0.7275905 -0.035542153
0.084 -0.02894459 0.3775472 0.7192428 -0.03445367 -0.030955832 0.3838038 0.72776765 -0.035654992
0.0845 -0.02893169 0.3736474 0.7191601 -0.0345356 -0.030980416 0.38016188 0.727939 -0.035767272
0.085 -0.02892044 0.3698471 0.7190724 -0.0346169 -0.031006292 0.3766106 0.72810465 -0.035878986
0.0855 -0.02891077 0.3661437 0.7189799 -0.03469756 -0.031033441 0.3731475 0.7282646 -0.035990104
0.086 -0.02890265 0.3625344 0.7188828 -0.03477758 -0.031061783 0.36977017 0.72841954 -0.036100578
0.0865 -0.02889603 0.3590169 0.7187813 -0.03485696 -0.03109127 0.36647612 0.72856927 -0.036210407
0.087 -0.02889087 0.3555886 0.7186758 -0.03493568 -0.031121837 0.363263 0.72871405 -0.036319565
0.0875 -0.02888713 0.3522471 0.7185664 -0.03501374 -0.031153467 0.36012873 0.72885436 -0.036427982
0.088 -0.02888475 0.3489901 0.7184534 -0.03509114 -0.031186067 0.35707083 0.7289899 -0.036535677
0.0885 -0.02888372 0.3458154 0.7183369 -0.03516787 -0.031219617 0.35408753 0.7291212 -0.036642622
0.089 -0.02888397 0.3427207 0.7182172 -0.03524394 -0.03125406 0.35117656 0.7292482 -0.036748786
0.0895 -0.02888548 0.3397039 0.7180944 -0.03531933 -0.031289343 0.34833607 0.72937137 -0.036854178
0.09 -0.02888821 0.336763 0.7179688 -0.03539405 -0.031325437 0.34556413 0.7294906 -0.036958758
0.0905 -0.02889211 0.3338959 0.7178405 -0.0354681 -0.031362295 0.34285882 0.729606 -0.037062544
0.091 -0.02889715 0.3311007 0.7177098 -0.03554147 -0.03139987 0.34021837 0.72971773 -0.0371655
0.0915 -0.0289033 0.3283755 0.7175766 -0.03561418 -0.031438123 0.3376411 0.72982615 -0.037267607
0.092 -0.02891052 0.3257183 0.7174414 -0.0356862 -0.031477 0.33512524 0.72993106 -0.037368886
0.0925 -0.02891878 0.3231275 0.7173041 -0.03575756 -0.03151649 0.33266926 0.7300328 -0.03746929
0.093 -0.02892803 0.3206013 0.7171649 -0.03582824 -0.03155654 0.33027148 0.7301315 -0.037568852
0.0935 -0.02893826 0.3181379 0.717024 -0.03589825 -0.031597123 0.32793042 0.7302272 -0.03766754
0.094 -0.02894941 0.3157357 0.7168816 -0.03596759 -0.031638194 0.32564458 0.7303199 -0.037765346
0.0945 -0.02896148 0.3133932 0.7167376 -0.03603627 -0.031679727 0.32341257 0.73041 -0.037862282
0.095 -0.02897441 0.3111087 0.7165924 -0.03610428 -0.031721678 0.32123283 0.73049724 -0.037958343
0.0955 -0.02898819 0.3088807 0.7164459 -0.03617163 -0.031764038 0.3191042 0.73058194 -0.038053505
0.096 -0.02900278 0.3067077 0.7162984 -0.03623832 -0.03180676 0.3170252 0.7306641 -0.0381478
0.0965 -0.02901815 0.3045884 0.7161499 -0.03630436 -0.03184983 0.31499475 0.73074394 -0.038241196
0.097 -0.02903428 0.3025213 0.7160005 -0.03636974 -0.03189319 0.3130114 0.7308214 -0.03833371
0.0975 -0.02905114 0.300505 0.7158503 -0.03643447 -0.031936835 0.31107402 0.7308966 -0.03842532
0.098 -0.02906869 0.2985383 0.7156995 -0.03649855 -0.031980745 0.30918148 0.73096967 -0.03851603
0.0985 -0.02908692 0.2966198 0.7155481 -0.036562 -0.03202488 0.30733255 0.7310404 -0.038605876
0.099 -0.0291058 0.2947483 0.7153963 -0.0366248 -0.032069225 0.30552626 0.7311094 -0.03869482
0.0995 -0.0291253 0.2929226 0.7152441 -0.03668697 -0.032113742 0.30376145 0.7311763 -0.038782876
0.1 -0.0291454 0.2911415 0.7150915 -0.03674851 -0.024549901 0.3153319 0.752606 -0.02459184
0.1005 -0.01814186 0.2894513 0.7165223 -0.02099915 -0.017651036 0.292458 0.722406 -0.01247355
0.101 -0.003209059 0.2880119 0.7194292 -0.005014069 -0.0123534985 0.28114972 0.71832335 0.0034383498
0.1015 0.007416058 0.2867784 0.7215439 0.007054545 -0.0063512847 0.2759404 0.71859294 0.016423348
0.102 0.0146963 0.2856789 0.7229258 0.01745891 -0.00033366308 0.2731892 0.7194637 0.027768586
0.1025 0.0201734 0.2846726 0.7239335 0.02710217 0.0055960156 0.27163854 0.7203681 0.038022388
0.103 0.02474878 0.2837388 0.7247607 0.03625291 0.011412427 0.27073297 0.72130024 0.04751106
0.1035 0.02889582 0.2828664 0.7255256 0.0450159 0.01710923 0.27018282 0.72225946 0.056421306
0.104 0.03284715 0.28205 0.7262831 0.05344764 0.0226851 0.26983112 0.7232425 0.0648645
0.1045 0.03671287 0.281287 0.7270515 0.06157829 0.028141532 0.26959345 0.7242457 0.07290946
0.105 0.04052074 0.280574 0.7278285 0.06939238 0.033481356 0.26942495 0.72526604 0.08060156
0.1055 0.04428543 0.2799075 0.7286085 0.07691048 0.038707737 0.26930147 0.7263 0.087972775
0.106 0.04802388 0.2791492 0.7293948 0.08417748 0.043823678 0.26921043 0.72734517 0.095047444
0.1065 0.05174238 0.2776523 0.7301688 0.09121 0.048831996 0.2691448 0.7283988 0.10184558
0.107 0.05543993 0.2759971 0.7309258 0.09802157 0.05373537 0.26910058 0.72945833 0.10838425
0.1075 0.05911359 0.274511 0.7316797 0.1046216 0.058536027 0.26907575 0.7305219 0.11467868
0.108 0.06276012 0.2733126 0.7324407 0.1110172 0.06323627 0.26906866 0.7315874 0.120742664
0.1085 0.06637686 0.2724172 0.7332137 0.1172156 0.0678381 0.26907834 0.7326532 0.12658896
0.109 0.06996197 0.2717937 0.7339996 0.1232235 0.07234363 0.26910406 0.7337179 0.13222945
0.1095 0.07351416 0.2713951 0.7347975 0.1290396 0.07675479 0.26914498 0.73477995 0.13767493
0.11 0.07703254 0.2711725 0.7356054 0.1346779 0.081073344 0.2692006 0.7358381 0.1429357
0.1105 0.08051667 0.271082 0.7364212 0.1401495 0.08530131 0.26927045 0.7368918 0.14802128
0.111 0.08396635 0.2710873 0.7372427 0.1454612 0.08944048 0.26935378 0.7379396 0.15294068
0.1115 0.08738162 0.2711594 0.7380683 0.150619 0.09349264 0.26945013 0.7389808 0.15770197
0.112 0.09076252 0.2712763 0.7388965 0.1556286 0.09745966 0.26955906 0.7400149 0.16231304
0.1125 0.09410875 0.2714212 0.7397258 0.1604954 0.101343274 0.26967996 0.741041 0.1667811
0.113 0.0974202 0.2715827 0.7405554 0.165225 0.10514532 0.26981246 0.74205893 0.17111292
0.1135 0.100697 0.2717528 0.7413846 0.1698228 0.108867496 0.26995617 0.74306816 0.17531481
0.114 0.1039391 0.2719265 0.7422126 0.1741953 0.11251156 0.2701104 0.74406797 0.17939273
0.1145 0.1071463 0.2721007 0.7430392 0.1783268 0.116079256 0.2702748 0.7450581 0.18335213
0.115 0.1103184 0.2722739 0.7438637 0.1823933 0.11957215 0.27044895 0.74603856 0.18719828
0.1155 0.1134557 0.2724454 0.744686 0.1864036 0.12299208 0.27063254 0.747009 0.19093609
0.116 0.1165582 0.2726154 0.745506 0.1903487 0.1263406 0.2708249 0.747969 0.19457003
0.1165 0.1196259 0.2727844 0.7463233 0.1942214 0.12961935 0.27102584 0.74891865 0.19810447
0.117 0.122659 0.2729532 0.7471378 0.197992 0.13282993 0.2712349 0.7498579 0.2015435
0.1175 0.1256436 0.2731227 0.7479485 0.2014586 0.13597383 0.27145168 0.7507864 0.2048908
0.118 0.1285786 0.2732936 0.748754 0.2048649 0.1390527 0.27167568 0.7517041 0.20815009
0.1185 0.1314814 0.2734667 0.7495561 0.2082579 0.14206795 0.27190667 0.7526111 0.21132466
0.119 0.1343581 0.273643 0.7503555 0.2116112 0.14502117 0.27214423 0.75350714 0.2144179
0.1195 0.1372078 0.2738229 0.7511523 0.214922 0.14791368 0.272388 0.75439245 0.21743256
0.12 0.1400286 0.2740073 0.7519463 0.2181611 0.15074699 0.2726378 0.7552671 0.22037181
0.1205 0.1428184 0.2741957 0.752737 0.2211111 0.15352242 0.27289307 0.75613093 0.22323811
0.121 0.1455757 0.2743889 0.7535242 0.2240274 0.15624139 0.27315363 0.7569841 0.22603422
0.1215 0.1482991 0.2745882 0.7543075 0.2269485 0.15890525 0.27341908 0.75782657 0.22876263
0.122 0.1509887 0.2747945 0.755087 0.2298671 0.16151519 0.2736892 0.7586584 0.23142552
0.1225 0.1536449 0.2750082 0.7558625 0.2327693 0.16407257 0.27396366 0.7594798 0.23402509
0.123 0.1562635 0.2752295 0.756634 0.2356414 0.16657858 0.27424216 0.76029074 0.23656356
0.1235 0.1588446 0.2754585 0.7574012 0.2384738 0.16903451 0.2745245 0.76109153 0.23904291
0.124 0.1613877 0.275695 0.758164 0.2412606 0.17144142 0.2748103 0.7618819 0.241465
0.1245 0.1638838 0.2759361 0.7586723 0.2439763 0.17380056 0.27509937 0.76266205 0.24383181
0.125 0.1662998 0.2761286 0.7578526 0.2465858 0.17611308 0.2753914 0.7634322 0.24614501
0.1255 0.1686707 0.2762637 0.7572735 0.2491335 0.17837994 0.27568623 0.7641925 0.24840614
0.126 0.171025 0.276378 0.7573367 0.2516159 0.18060234 0.27598354 0.7649428 0.25061706
0.1265 0.173369 0.2765042 0.7579048 0.2540511 0.1827812 0.27628326 0.7656837 0.25277907
0.127 0.1756831 0.2766583 0.7587735 0.2564194 0.18491782 0.27658504 0.76641494 0.25489384
0.1275 0.1779636 0.2768472 0.7597865 0.2587344 0.1870129 0.2768887 0.7671366 0.25696263
0.128 0.1802276 0.2770715 0.7608507 0.2610193 0.1890675 0.27719405 0.767849 0.2589868
0.1285 0.1824804 0.2773281 0.7619134 0.2632778 0.19108257 0.2775009 0.7685521 0.26096776
0.129 0.1847191 0.2776123 0.7629471 0.265507 0.1930591 0.27780905 0.76924616 0.26290673
0.1295 0.1869385 0.2779192 0.7639399 0.2677035 0.1949978 0.27811834 0.7699313 0.26480478
0.13 0.1891341 0.2782439 0.7648887 0.2698647 0.19689974 0.27842852 0.77060753 0.26666325
0.1305 0.1913029 0.2785827 0.7657955 0.2719887 0.19876571 0.2787396 0.77127504 0.26848307
0.131 0.1934429 0.278932 0.766664 0.2740742 0.2005966 0.27905124 0.7719339 0.2702655
0.1315 0.1955522 0.2792894 0.7674968 0.2761203 0.20239313 0.27936342 0.7725844 0.27201143
0.132 0.1976008 0.2796502 0.7682493 0.2781189 0.20415607 0.27967593 0.7732265 0.27372184
0.1325 0.1995781 0.2800096 0.7689163 0.2800513 0.20588623 0.27998856 0.7738601 0.27539775
0.133 0.2015151 0.2803616 0.7695603 0.2819035 0.20758434 0.28030133 0.7744858 0.27704012
0.1335 0.2034395 0.2807067 0.7702247 0.2836975 0.20925124 0.28061408 0.7751037 0.2786498
0.134 0.2053589 0.281052 0.7709124 0.2854671 0.21088754 0.2809266 0.7757135 0.28022763
0.1345 0.2072718 0.2814014 0.7716149 0.2872206 0.21249385 0.28123885 0.7763156 0.2817744
0.135 0.2091717 0.2817565 0.7723228 0.2889559 0.21407102 0.28155062 0.77691 0.28329095
0.1355 0.2110507 0.2821175 0.7730283 0.2906655 0.21561967 0.28186178 0.77749676 0.28477824
0.136 0.2128818 0.2824837 0.7737205 0.2923127 0.21714033 0.2821725 0.7780763 0.28623667
0.1365 0.2146729 0.2828537 0.7743985 0.2939215 0.2186337 0.28248245 0.77864844 0.2876672
0.137 0.2164447 0.2832268 0.7750676 0.2955127 0.22010042 0.28279155 0.7792134 0.28907058
0.1375 0.2180956 0.2836023 0.7757304 0.2970897 0.22154103 0.28309977 0.77977127 0.2904473
0.138 0.2195477 0.2839799 0.7763861 0.2986498 0.2229562 0.28340697 0.7803221 0.29179808
0.1385 0.2210539 0.284359 0.7770345 0.3001899 0.22434627 0.28371313 0.78086615 0.29312357
0.139 0.222654 0.2847393 0.7776762 0.3017084 0.22571196 0.28401813 0.78140324 0.2944244
0.1395 0.2243201 0.2851206 0.7783114 0.3032046 0.22705375 0.28432193 0.7819338 0.2957012
0.14 0.2260166 0.2855025 0.7789404 0.3046774 0.22837226 0.28462443 0.78245765 0.29695454
0.1405 0.2277159 0.2858849 0.7795631 0.3061255 0.22966792 0.28492567 0.78297526 0.29818496
0.141 0.2294003 0.2862677 0.7801795 0.3075483 0.23094119 0.28522536 0.7834863 0.29939288
0.1415 0.23106 0.2866507 0.7807896 0.3089466 0.23219259 0.2855237 0.78399116 0.300579
0.142 0.2326906 0.2870337 0.7813936 0.3103207 0.23342259 0.28582042 0.78448975 0.30174384
0.1425 0.2342902 0.2874167 0.7819915 0.3116711 0.23463167 0.28611556 0.78498214 0.3028877
0.143 0.235859 0.2877993 0.7825835 0.3129978 0.23582016 0.28640914 0.78546876 0.3040113
0.1435 0.2373976 0.2881814 0.7831696 0.3143011 0.23698877 0.28670096 0.78594923 0.30511504
0.144 0.2389071 0.2885628 0.78375 0.3155814 0.23813759 0.28699115 0.78642404 0.30619928
0.1445 0.240389 0.2889435 0.7843246 0.316839 0.23926736 0.28727955 0.7868931 0.30726457
0.145 0.2418444 0.2893235 0.7848936 0.3180745 0.24037816 0.28756607 0.7873564 0.30831116
0.1455 0.2432735 0.2896991 0.7851983 0.3192863 0.24147059 0.28785086 0.78781426 0.30933976
0.146 0.2446349 0.2900131 0.784127 0.3204232 0.24254496 0.2881338 0.7882665 0.31035042
0.1465 0.2459067 0.2902527 0.7832913 0.3214707 0.2436016 0.28841475 0.78871334 0.31134382
0.147 0.2471468 0.2904612 0.7831148 0.3224929 0.24464099 0.28869385 0.7891548 0.31232032
0.1475 0.248395 0.2906741 0.783464 0.3235186 0.24566339 0.28897095 0.7895911 0.31328017
0.148 0.2496514 0.2909003 0.7834314 0.3245492 0.2466693 0.28924605 0.7900222 0.3142237
0.1485 0.250871 0.2910839 0.7825275 0.3255602 0.24765883 0.28951922 0.7904482 0.31515136
0.149 0.2520548 0.2912353 0.7821723 0.3265195 0.2486325 0.28979033 0.7908693 0.3160636
0.1495 0.2532348 0.2913943 0.7824832 0.3274567 0.24959062 0.29005936 0.7912852 0.31696063
0.15 0.2544276 0.2915875 0.7832456 0.3284007 0.24444236 0.30718592 0.76194197 0.30340213
0.1505 0.2544884 0.2918029 0.7834084 0.3185543 0.24527217 0.30698135 0.7686555 0.3025344
0.151 0.252741 0.2919611 0.782811 0.3085559 0.24608107 0.30578646 0.77244985 0.29501447
0.1515 0.2511442 0.2920739 0.782578 0.3013138 0.24478044 0.30586162 0.77499247 0.29169706
0.152 0.2500936 0.2921694 0.7826976 0.295271 0.244422 0.30514467 0.77686805 0.2874244
0.1525 0.2494304 0.2922617 0.7829784 0.2897766 0.24390866 0.30469856 0.7784928 0.2832027
0.153 0.2489728 0.2923546 0.7832975 0.284622 0.24351914 0.30427557 0.77986014 0.27875772
0.1535 0.2486077 0.2924477 0.7835976 0.2797366 0.24314906 0.30390495 0.78104323 0.27419657
0.154 0.2482751 0.2925387 0.7838571 0.2750898 0.24280299 0.3035497 0.7820734 0.2695433
0.1545 0.2479458 0.2926255 0.7840714 0.2706629 0.24246316 0.30320346 0.7829819 0.26485333
0.155 0.2476063 0.2927061 0.7842426 0.2664414 0.24212192 0.30285972 0.7837886 0.26017186
0.1555 0.2472508 0.2927791 0.7843754 0.2624125 0.24177139 0.30251682 0.78450704 0.25554255
0.156 0.246877 0.2928436 0.7844752 0.2585648 0.24140583 0.30217418 0.78514624 0.25100288
0.1565 0.2464847 0.292899 0.7845468 0.2548877 0.2410209 0.301832 0.7857126 0.24658418
0.157 0.2460745 0.2929452 0.7845946 0.2513714 0.2406135 0.3014907 0.78621095 0.24231145
0.1575 0.2456472 0.292982 0.7846224 0.2480062 0.24018167 0.30115074 0.7866454 0.23820299
0.158 0.2452036 0.2930098 0.7846331 0.2447686 0.2397245 0.30081248 0.7870195 0.23427188
0.1585 0.2447441 0.2930286 0.7846291 0.2416574 0.23924161 0.30047622 0.78733665 0.23052573
0.159 0.2442701 0.2930389 0.7846126 0.2386748 0.23873363 0.30014223 0.78760034 0.22696778
0.1595 0.2437834 0.2930411 0.7845853 0.235816 0.23820134 0.29981068 0.78781414 0.2235981
0.16 0.2432853 0.2930356 0.7845486 0.233075 0.237646 0.29948175 0.78798145 0.22041342
0.1605 0.2427769 0.2930229 0.7845037 0.2304454 0.23706917 0.29915544 0.7881057 0.21740878
0.161 0.2422591 0.2930034 0.7844515 0.2279214 0.23647256 0.2988318 0.7881901 0.21457717
0.1615 0.2417328 0.2929776 0.7843927 0.2254973 0.23585795 0.29851094 0.7882379 0.21191084
0.162 0.2411987 0.2929459 0.7843281 0.2231679 0.23522706 0.298193 0.7882524 0.20940128
0.1625 0.2406576 0.2929087 0.7842581 0.2209281 0.23458181 0.29787782 0.78823626 0.20703952
0.163 0.2401101 0.2928663 0.7841832 0.2187734 0.23392393 0.29756558 0.7881924 0.20481637
0.1635 0.239557 0.292819 0.7841038 0.2166994 0.23325513 0.29725626 0.7881235 0.20272301
0.164 0.2389989 0.2927672 0.7840203 0.2147019 0.23257707 0.29695 0.78803205 0.20075054
0.1645 0.2384364 0.2927112 0.7839329 0.2127771 0.23189132 0.29664683 0.7879205 0.19889064
0.165 0.23787 0.2926512 0.7838419 0.2109212 0.23119934 0.2963466 0.7877905 0.19713512
0.1655 0.2373002 0.292586 0.7837476 0.209131 0.23050226 0.29604948 0.7876444 0.19547622
0.166 0.2367276 0.2925138 0.78365 0.2074031 0.22980167 0.29575557 0.78748405 0.19390692
0.1665 0.2361527 0.2924371 0.7835493 0.2057345 0.22909854 0.2954647 0.7873109 0.19242041
0.167 0.2355757 0.2923574 0.7834459 0.2041224 0.22839402 0.29517695 0.7871265 0.19101043
0.1675 0.234997 0.2922755 0.7833398 0.2025639 0.22768895 0.2948924 0.78693223 0.18967107
0.168 0.2344168 0.2921918 0.7832313 0.2010561 0.22698443 0.294611 0.7867295 0.188397
0.1685 0.2338356 0.2921064 0.7831205 0.1995971 0.22628115 0.2943328 0.78651935 0.18718326
0.169 0.2332542 0.2920194 0.7830077 0.1981849 0.22557981 0.29405776 0.7863029 0.18602516
0.1695 0.2326729 0.2919307 0.7828929 0.1968174 0.22488113 0.29378587 0.786081 0.18491846
0.17 0.2320924 0.2918404 0.7827764 0.1954928 0.22418578 0.29351717 0.78585464 0.18385948
0.1705 0.2315127 0.2917485 0.7826582 0.1942092 0.2234941 0.29325157 0.7856243 0.18284446
0.171 0.2309343 0.2916551 0.7825385 0.1929648 0.22280683 0.2929892 0.7853913 0.1818702
0.1715 0.2303574 0.2915601 0.7824173 0.1917581 0.2221242 0.2927299 0.7851558 0.18093382
0.172 0.2297823 0.2914636 0.7822948 0.1905874 0.22144677 0.29247367 0.7849181 0.18003245
0.1725 0.2292091 0.2913657 0.7821711 0.1894513 0.22077475 0.2922206 0.7846795 0.17916359
0.173 0.2286381 0.2912664 0.7820462 0.1883484 0.22010843 0.29197052 0.78443974 0.17832504
0.1735 0.2280696 0.2911658 0.7819203 0.1872772 0.21944822 0.29172343 0.7841994 0.17751473
0.174 0.2275037 0.2910639 0.7817934 0.1862366 0.21879412 0.29147953 0.7839594 0.1767306
0.1745 0.2269406 0.2909608 0.7816657 0.1852254 0.21814667 0.29123846 0.78371924 0.17597115
0.175 0.2263806 0.2908567 0.7815371 0.1842424 0.21750565 0.2910005 0.78348 0.17523456
0.1755 0.2258237 0.2907515 0.7814078 0.1832866 0.2168716 0.2907654 0.78324145 0.17451952
0.176 0.2252702 0.2906453 0.7812779 0.1823568 0.2162443 0.2905332 0.78300387 0.17382462
0.1765 0.2247202 0.2905382 0.7811474 0.1814522 0.21562411 0.29030398 0.7827677 0.17314874
0.177 0.2241738 0.2904303 0.7810164 0.1805718 0.21501108 0.29007754 0.782533 0.17249075
0.1775 0.2236312 0.2903216 0.780885 0.1797147 0.21440522 0.28985396 0.78230006 0.17184958
0.178 0.2230925 0.2902122 0.7807532 0.1788801 0.21380652 0.28963313 0.7820686 0.17122427
0.1785 0.2225578 0.2901021 0.7806211 0.1780671 0.21321519 0.2894151 0.7818391 0.17061411
0.179 0.2220273 0.2899914 0.7804888 0.1772751 0.21263106 0.28919977 0.7816116 0.17001818
0.1795 0.221501 0.2898802 0.7803562 0.1765032 0.2120543 0.28898725 0.78138644 0.16943586
0.18 0.220979 0.2897685 0.7802235 0.1757509 0.2114849 0.28877732 0.78116333 0.16886646
0.1805 0.2204614 0.2896564 0.7800908 0.1750173 0.21092282 0.28857008 0.78094244 0.16830935
0.181 0.2199482 0.2895438 0.779958 0.1743019 0.21036805 0.2883654 0.78072387 0.16776398
0.1815 0.2194397 0.289431 0.7798253 0.1736041 0.20982052 0.28816333 0.78050774 0.16722992
0.182 0.2189357 0.2893178 0.7796926 0.1729233 0.20928039 0.28796384 0.78029406 0.16670662
0.1825 0.2184365 0.2892044 0.77956 0.172259 0.20874743 0.28776675 0.78008264 0.1661937
0.183 0.2179419 0.2890908 0.7794276 0.1716105 0.20822166 0.28757235 0.77987397 0.16569069
0.1835 0.2174522 0.2889771 0.7792953 0.1709774 0.20770304 0.28738034 0.77966774 0.16519728
0.184 0.2169672 0.2888632 0.7791633 0.1703593 0.20719162 0.28719077 0.779464 0.16471311
0.1845 0.2164871 0.2887493 0.7790316 0.1697556 0.20668724 0.28700367 0.77926296 0.16423787
0.185 0.2160119 0.2886353 0.7789001 0.1691659 0.20618987 0.28681883 0.77906424 0.16377124
0.1855 0.2155416 0.2885214 0.7787691 0.1685897 0.2056994 0.28663638 0.7788681 0.16331297
0.186 0.2150763 0.2884074 0.7786383 0.1680268 0.20521596 0.28645626 0.77867454 0.16286284
0.1865 0.2146159 0.2882935 0.778508 0.1674765 0.20473926 0.2862785 0.7784835 0.16242054
0.187 0.2141605 0.2881798 0.7783781 0.1669387 0.20426933 0.28610298 0.77829516 0.16198586
0.1875 0.21371 0.2880661 0.7782487 0.1664128 0.20380618 0.28592968 0.7781092 0.16155861
0.188 0.2132646 0.2879527 0.7781198 0.1658987 0.20334955 0.2857586 0.77792585 0.16113856
0.1885 0.2128241 0.2878394 0.7779914 0.1653958 0.20289955 0.2855898 0.77774507 0.1607256
0.189 0.2123887 0.2877263 0.7778635 0.164904 0.20245615 0.28542307 0.7775667 0.16031954
0.1895 0.2119582 0.2876135 0.7777362 0.1644228 0.20201907 0.2852585 0.7773908 0.15992013
0.19 0.2115327 0.2875009 0.7776095 0.163952 0.20158833 0.28509602 0.7772173 0.1595273
0.1905 0.2111122 0.2873887 0.7774833 0.1634914 0.20116387 0.2849357 0.77704644 0.15914075
0.191 0.2106967 0.2872768 0.7773578 0.1630405 0.2007457 0.2847774 0.77687776 0.15876064
0.1915 0.2102861 0.2871652 0.777233 0.1625992 0.20033364 0.2846211 0.7767116 0.1583865
0.192 0.2098805 0.287054 0.7771088 0.1621671 0.1999276 0.28446686 0.7765478 0.15801844
0.1925 0.2094797 0.2869431 0.7769853 0.1617441 0.19952758 0.28431466 0.7763863 0.15765625
0.193 0.2090839 0.2868327 0.7768625 0.1613299 0.1991335 0.2841643 0.7762271 0.15729979
0.1935 0.208693 0.2867227 0.7767404 0.1609243 0.19874527 0.284016 0.7760704 0.15694906
0.194 0.2083069 0.2866132 0.776619 0.160527 0.19836283 0.28386953 0.7759157 0.15660386
0.1945 0.2079256 0.2865041 0.7764984 0.1601378 0.19798605 0.28372502 0.77576333 0.156264
0.195 0.2075492 0.2863955 0.7763785 0.1597565 0.19761488 0.28358233 0.7756132 0.15592955
0.1955 0.2071775 0.2862874 0.7762593 0.1593829 0.19724925 0.28344154 0.77546537 0.15560038
0.196 0.2068106 0.2861798 0.776141 0.1590169 0.19688916 0.28330258 0.77531964 0.15527636
0.1965 0.2064484 0.2860727 0.7760234 0.1586581 0.19653443 0.28316543 0.7751761 0.15495731
0.197 0.2060909 0.2859662 0.7759066 0.1583065 0.19618511 0.28303006 0.77503467 0.15464333
0.1975 0.205738 0.2858602 0.7757907 0.1579618 0.19584095 0.2828965 0.77489537 0.15433416
0.198 0.2053898 0.2857548 0.7756755 0.157624 0.19550203 0.28276464 0.77475804 0.15402985
0.1985 0.2050461 0.2856499 0.7755612 0.1572927 0.19516827 0.2826344 0.77462274 0.15373032
0.199 0.204707 0.2855457 0.7754477 0.1569679 0.1948395 0.282506 0.7744895 0.15343532
0.1995 0.2043723 0.285442 0.775335 0.1566494 0.19451572 0.28237918 0.7743581 0.15314494
0.2 0.2040422 0.285339 0.7752231 0.1563371 0.208688 0.2932713 0.7717914 0.15143311
0.2005 0.2037059 0.2849056 0.7622267 0.1560198 0.20600706 0.2862187 0.77930653 0.16228148
0.201 0.2033298 0.283785 0.74782 0.1556907 0.20653336 0.2839883 0.7692757 0.15939152
0.2015 0.2029338 0.282193 0.7355764 0.155364 0.2055007 0.2816229 0.75889266 0.1591388
0.202 0.2025351 0.2802872 0.7248123 0.1550398 0.20490915 0.2787574 0.7470447 0.15822005
0.2025 0.2021393 0.2781625 0.7148112 0.1547175 0.20421176 0.2756158 0.7352414 0.15751277
0.203 0.2017465 0.2758735 0.7051518 0.1543969 0.20356227 0.27233204 0.72350293 0.15679033
0.2035 0.2013559 0.2734536 0.6956291 0.1540778 0.20291641 0.26897833 0.71191293 0.15608636
0.204 0.2009664 0.270925 0.6861547 0.1537601 0.20227869 0.26558936 0.7004565 0.15537947
0.2045 0.2005774 0.2683043 0.676696 0.1534438 0.20164475 0.26218376 0.68913156 0.15467216
0.205 0.2001885 0.2656048 0.6672454 0.1531288 0.2010148 0.25877178 0.67793345 0.15396515
0.2055 0.1997996 0.2628378 0.6578055 0.1528151 0.20038873 0.25535998 0.66686124 0.15326081
0.206 0.1994106 0.2600133 0.6483826 0.1525026 0.199767 0.2519529 0.6559152 0.15256137
0.2065 0.1990217 0.2571399 0.6389842 0.1521915 0.1991497 0.24855396 0.6450963 0.15186855
0.207 0.1986327 0.2542254 0.629618 0.1518816 0.19853719 0.24516603 0.63440627 0.15118383
0.2075 0.1982438 0.2512769 0.6202911 0.1515729 0.19792964 0.24179175 0.62384677 0.15050828
0.208 0.1978551 0.2483007 0.61101 0.1512655 0.19732706 0.23843336 0.6134196 0.1498427
0.2085 0.1974666 0.2453023 0.601781 0.1509594 0.19672954 0.23509291 0.6031262 0.14918771
0.209 0.1970784 0.2422869 0.5926097 0.1506545 0.19613719 0.23177233 0.59296817 0.14854373
0.2095 0.1966906 0.239259 0.583501 0.1503509 0.19554996 0.22847354 0.5829468 0.14791119
0.21 0.1963032 0.2362229 0.5744595 0.1500485 0.19496799 0.22519797 0.573063 0.14729023
0.2105 0.1959163 0.2331823 0.5654896 0.1497474 0.19439122 0.22194728 0.5633179 0.14668101
0.211 0.19553 0.2301407 0.5565949 0.1494476 0.19381961 0.21872276 0.5537119 0.14608355
0.2115 0.1951443 0.227101 0.5477788 0.1491491 0.19325341 0.21552563 0.5442454 0.14549805
0.212 0.1947593 0.2240661 0.5390445 0.1488518 0.19269238 0.21235701 0.5349188 0.14492434
0.2125 0.1943751 0.2210386 0.5303947 0.1485559 0.19213672 0.20921803 0.5257321 0.1443625
0.213 0.1939917 0.2180208 0.5218319 0.1482612 0.19158633 0.20610943 0.5166852 0.14381222
0.2135 0.1936092 0.2150148 0.5133582 0.1479679 0.19104141 0.20303217 0.50777787 0.14327368
0.214 0.1932277 0.2120224 0.5049757 0.1476759 0.19050175 0.19998682 0.49900958 0.14274646
0.2145 0.1928472 0.2090455 0.496686 0.1473853 0.18996754 0.19697413 0.49037972 0.14223062
0.215 0.1924677 0.2060855 0.4884907 0.147096 0.18943872 0.19399455 0.48188773 0.14172587
0.2155 0.1920893 0.203144 0.4803911 0.1468081 0.18891533 0.19104865 0.47353283 0.14123213
0.216 0.1917122 0.2002222 0.4723882 0.1465216 0.18839736 0.18813679 0.46531394 0.1407491
0.2165 0.1913362 0.1973214 0.4644831 0.1462364 0.18788488 0.18525928 0.45723006 0.14027663
0.217 0.1909616 0.1944425 0.4566765 0.1459527 0.18737786 0.18241644 0.4492802 0.13981445
0.2175 0.1905883 0.1915866 0.4489691 0.1456704 0.18687627 0.17960843 0.44146308 0.13936245
0.218 0.1902163 0.1887545 0.4413613 0.1453895 0.18638018 0.1768355 0.43377742 0.13892029
0.2185 0.1898459 0.185947 0.4338536 0.1451101 0.18588954 0.17409772 0.426222 0.13848785
0.219 0.1894768 0.1831648 0.4264462 0.1448321 0.18540439 0.17139506 0.41879517 0.13806479
0.2195 0.1891094 0.1804087 0.4191393 0.1445557 0.18492468 0.1687277 0.41149572 0.13765098
0.22 0.1887434 0.177679 0.4119328 0.1442807 0.18445048 0.16609553 0.40432206 0.13724624
0.2205 0.1883791 0.1749764 0.4048268 0.1440072 0.18398164 0.16349849 0.39727256 0.13685012
0.221 0.1880165 0.1723013 0.3978211 0.1437352 0.18351826 0.1609366 0.39034584 0.1364626
0.2215 0.1876555 0.169654 0.3909155 0.1434648 0.18306035 0.15840963 0.3835401 0.13608348
0.222 0.1872963 0.167035 0.3841096 0.1431959 0.1826077 0.1559174 0.3768538 0.13571237
0.2225 0.1869389 0.1644445 0.3774031 0.1429286 0.18216059 0.15345985 0.37028515 0.13534926
0.223 0.1865833 0.1618828 0.3707956 0.1426628 0.18171868 0.15103677 0.36383268 0.13499376
0.2235 0.1862295 0.1593501 0.3642866 0.1423986 0.18128213 0.1486479 0.3574946 0.13464575
0.224 0.1858776 0.1568466 0.3578755 0.142136 0.18085085 0.14629295 0.35126907 0.134305
0.2245 0.1855276 0.1543723 0.3515617 0.141875 0.18042487 0.14397177 0.3451546 0.13397133
0.225 0.1851795 0.1519275 0.3453445 0.1416156 0.18000405 0.14168397 0.33914924 0.13364455
0.2255 0.1848334 0.1495121 0.3392233 0.1413578 0.17958839 0.13942936 0.33325148 0.13332444
0.226 0.1844894 0.1471264 0.3331972 0.1411016 0.1791779 0.13720754 0.32745945 0.13301079
0.2265 0.1841473 0.1447701 0.3272657 0.1408471 0.17877246 0.13501832 0.32177156 0.13270353
0.227 0.1838073 0.1424435 0.3214277 0.1405942 0.17837213 0.13286132 0.31618607 0.13240243
0.2275 0.1834694 0.1401464 0.3156826 0.140343 0.17797682 0.13073614 0.31070122 0.13210729
0.228 0.1831336 0.1378788 0.3100293 0.1400935 0.1775865 0.1286425 0.30531532 0.13181798
0.2285 0.1827999 0.1356407 0.3044671 0.1398456 0.17720103 0.12658003 0.30002674 0.13153435
0.229 0.1824683 0.1334319 0.298995 0.1395994 0.17682047 0.12454846 0.29483378 0.13125618
0.2295 0.1821389 0.1312523 0.2936121 0.1393549 0.17644474 0.12254726 0.28973475 0.13098334
0.23 0.1818117 0.1291019 0.2883174 0.139112 0.17607379 0.120576195 0.28472805 0.1307157
0.2305 0.1814868 0.1269805 0.2831099 0.1388709 0.17570758 0.11863486 0.27981204 0.13045314
0.231 0.181164 0.1248879 0.2779887 0.1386315 0.17534605 0.11672283 0.27498507 0.13019556
0.2315 0.1808435 0.1228241 0.2729527 0.1383937 0.1749891 0.11483983 0.2702457 0.12994266
0.232 0.1805252 0.1207888 0.2680009 0.1381577 0.17463675 0.11298544 0.26559222 0.12969446
0.2325 0.1802092 0.1187818 0.2631324 0.1379234 0.17428902 0.11115926 0.26102313 0.12945084
0.233 0.1798955 0.116803 0.2583461 0.1376908 0.17394565 0.10936091 0.25653684 0.12921156
0.2335 0.179584 0.1148521 0.2536409 0.1374599 0.17360678 0.10759007 0.2521319 0.12897661
0.234 0.1792749 0.112929 0.2490158 0.1372308 0.17327227 0.10584628 0.24780676 0.12874584
0.2345 0.1789681 0.1110334 0.2444698 0.1370034 0.17294203 0.10412926 0.24356005 0.12851909
0.235 0.1786636 0.1091651 0.2400018 0.1367777 0.17261605 0.10243855 0.23939025 0.12829635
0.2355 0.1783615 0.1073238 0.2356108 0.1365537 0.1722944 0.10077382 0.23529595 0.1280775
0.236 0.1780616 0.1055094 0.2312957 0.1363315 0.17197685 0.099134706 0.2312758 0.12786241
0.2365 0.1777642 0.1037216 0.2270554 0.136111 0.17166343 0.09752082 0.22732833 0.12765095
0.237 0.1774691 0.1019601 0.222889 0.1358922 0.17135404 0.09593179 0.22345215 0.12744306
0.2375 0.1771763 0.1002247 0.2187953 0.1356752 0.17104875 0.09436727 0.2196461 0.12723868
0.238 0.1768859 0.09851505 0.2147734 0.1354599 0.17074732 0.092826895 0.21590868 0.12703769
0.2385 0.1765979 0.09683099 0.2108221 0.1352463 0.1704499 0.091310285 0.2122387 0.12684003
0.239 0.1763122 0.09517221 0.2069405 0.1350344 0.17015624 0.089817084 0.2086348 0.12664557
0.2395 0.1760289 0.09353845 0.2031275 0.1348243 0.16986641 0.088346995 0.20509583 0.12645426
0.24 0.175748 0.09192944 0.1993821 0.1346159 0.16958037 0.0868996 0.2016205 0.12626602
0.2405 0.1754694 0.0903449 0.1957032 0.1344092 0.16929807 0.08547463 0.19820768 0.12608083
0.241 0.1751933 0.08878456 0.1920899 0.1342043 0.16901939 0.08407169 0.19485612 0.12589851
0.2415 0.1749195 0.08724813 0.1885412 0.134001 0.16874437 0.08269047 0.19156472 0.12571913
0.242 0.174648 0.08573534 0.1850559 0.1337995 0.1684729 0.081330605 0.18833223 0.12554249
0.2425 0.174379 0.08424591 0.1816333 0.1335997 0.16820495 0.079991765 0.1851576 0.12536864
0.243 0.1741122 0.08277957 0.1782722 0.1334015 0.16794048 0.07867371 0.18203977 0.12519744
0.2435 0.1738479 0.08133602 0.1749716 0.1332051 0.16767943 0.07737603 0.17897764 0.12502883
0.244 0.1735859 0.07991498 0.1717307 0.1330104 0.16742174 0.07609845 0.1759701 0.12486279
0.2445 0.1733263 0.07851618 0.1685485 0.1328174 0.1671674 0.07484063 0.17301618 0.12469919
0.245 0.173069 0.07713934 0.1654239 0.132626 0.16691637 0.0736023 0.17011483 0.124538064
0.2455 0.1728141 0.07578416 0.1623562 0.1324364 0.16666862 0.0723831 0.16726506 0.1243794
0.246 0.1725615 0.07445038 0.1593442 0.1322484 0.16642408 0.07118278 0.1644659 0.12422302
0.2465 0.1723112 0.07313772 0.1563872 0.1320621 0.16618265 0.07000101 0.16171637 0.124068946
0.247 0.1720633 0.07184588 0.1534842 0.1318775 0.16594438 0.06883756 0.15901554 0.1239171
0.2475 0.1718177 0.07057461 0.1506343 0.1316945 0.16570914 0.067692064 0.15636246 0.123767406
0.248 0.1715744 0.06932361 0.1478367 0.1315131 0.16547696 0.06656433 0.15375629 0.123619884
0.2485 0.1713334 0.06809262 0.1450904 0.1313334 0.16524778 0.06545397 0.15119609 0.12347452
0.249 0.1710947 0.06688135 0.1423946 0.1311554 0.16502152 0.06436082 0.14868103 0.12333113
0.2495 0.1708582 0.06568955 0.1397483 0.130979 0.16479826 0.06328454 0.1462102 0.12318979
0.25 0.1706241 0.06451693 0.1371509 0.1308042 0.16457777 0.062224872 0.14378282 0.123050496
0.2505 0.1703922 0.06336323 0.1346014 0.130631 0.16436012 0.061181538 0.14139804 0.12291303
0.251 0.1701626 0.06222818 0.132099 0.1304594 0.16414537 0.06015437 0.13905509 0.12277754
0.2515 0.1699352 0.06111152 0.1296429 0.1302895 0.16393335 0.059143 0.13675319 0.12264392
0.252 0.1697101 0.06001298 0.1272324 0.1301211 0.16372402 0.058147214 0.13449147 0.12251213
0.2525 0.1694871 0.0589323 0.1248665 0.1299543 0.16351737 0.057166822 0.13226931 0.122382104
0.253 0.1692664 0.05786922 0.1225445 0.1297891 0.16331343 0.05620151 0.13008589 0.12225391
0.2535 0.169048 0.05682349 0.1202657 0.1296255 0.16311206 0.0552511 0.12794049 0.122127384
0.254 0.1688316 0.05579485 0.1180293 0.1294634 0.16291326 0.05431529 0.12583244 0.12200259
0.2545 0.1686175 0.05478305 0.1158346 0.1293029 0.16271698 0.053393893 0.123761 0.12187943
0.255 0.1684056 0.05378784 0.1136808 0.1291439 0.16252325 0.05248668 0.121725485 0.121757925
0.2555 0.1681958 0.05280897 0.1115671 0.1289865 0.16233198 0.05159343 0.11972524 0.12163806
0.256 0.1679881 0.0518462 0.1094929 0.1288306 0.16214316 0.050713904 0.117759615 0.12151973
0.2565 0.1677826 0.05089928 0.1074575 0.1286762 0.16195676 0.04984788 0.11582796 0.121402964
0.257 0.1675792 0.04996798 0.1054602 0.1285233 0.16177277 0.048995174 0.11392969 0.12128775
0.2575 0.1673779 0.04905205 0.1035002 0.1283719 0.16159108 0.04815557 0.11206412 0.12117401
0.258 0.1671786 0.04815127 0.101577 0.128222 0.16141166 0.047328852 0.110230684 0.12106176
0.2585 0.1669815 0.04726539 0.09968983 0.1280735 0.16123459 0.046514817 0.108428776 0.120951
0.259 0.1667864 0.0463942 0.09783805 0.1279266 0.16105972 0.045713283 0.1066578 0.12084155
0.2595 0.1665934 0.04553746 0.09602103 0.1277811 0.16088709 0.044924 0.10491721 0.120733574
0.26 0.1664024 0.04469495 0.09423814 0.127637 0.16071667 0.044146843 0.103206426 0.120627016
0.2605 0.1662134 0.04386645 0.09248875 0.1274944 0.1605484 0.043381564 0.10152492 0.12052174
0.261 0.1660264 0.04305174 0.09077226 0.1273532 0.16038227 0.042628013 0.09987214 0.12041783
0.2615 0.1658415 0.0422506 0.08908806 0.1272135 0.16021822 0.041885994 0.09824757 0.120315224
0.262 0.1656585 0.04146282 0.08743557 0.1270751 0.16005625 0.041155346 0.096650705 0.12021391
0.2625 0.1654774 0.04068819 0.08581419 0.1269382 0.15989639 0.040435858 0.09508103 0.12011391
0.263 0.1652983 0.0399265 0.08422336 0.1268026 0.1597385 0.039727353 0.09353806 0.120015115
0.2635 0.1651212 0.03917754 0.08266252 0.1266685 0.15958263 0.039029703 0.09202129 0.11991757
0.264 0.164946 0.03844112 0.08113111 0.1265357 0.15942866 0.038342692 0.09053025 0.11982122
0.2645 0.1647726 0.03771703 0.07962858 0.1264042 0.15927671 0.037666164 0.08906445 0.11972611
0.265 0.1646012 0.03700507 0.07815441 0.1262741 0.15912661 0.03699997 0.08762351 0.119632095
0.2655 0.1644316 0.03630505 0.07670806 0.1261454 0.15897848 0.036343962 0.08620693 0.11953929
0.266 0.1642639 0.03561678 0.07528902 0.126018 0.15883215 0.035697952 0.08481425 0.11944763
0.2665 0.1640981 0.03494006 0.07389679 0.1258918 0.15868767 0.035061784 0.08344507 0.119357094
0.267 0.163934 0.03427472 0.07253085 0.1257671 0.15854503 0.034435295 0.08209896 0.11926769
0.2675 0.1637718 0.03362056 0.07119073 0.1256436 0.15840422 0.03381838 0.080775514 0.1191794
0.268 0.1636114 0.0329774 0.06987594 0.1255214 0.15826511 0.03321085 0.0794743 0.11909209
0.2685 0.1634528 0.03234507 0.068586 0.1254004 0.15812778 0.032612555 0.07819493 0.1190059
0.269 0.1632959 0.03172339 0.06732046 0.1252808 0.15799223 0.032023348 0.07693705 0.11892082
0.2695 0.1631408 0.03111218 0.06607884 0.1251624 0.15785831 0.03144312 0.07570019 0.1188367
0.27 0.1629874 0.03051127 0.06486071 0.1250452 0.15772608 0.030871734 0.074484095 0.1187536
0.2705 0.1628358 0.02992049 0.06366562 0.1249293 0.15759557 0.030309014 0.07328831 0.11867154
0.271 0.1626858 0.02933968 0.06249315 0.1248146 0.15746664 0.029754855 0.072112486 0.11859043
0.2715 0.1625376 0.02876868 0.06134285 0.1247011 0.15733932 0.029209115 0.070956305 0.11851032
0.272 0.162391 0.02820731 0.06021432 0.1245889 0.15721361 0.028671667 0.069819376 0.118431136
0.2725 0.1622461 0.02765542 0.05910715 0.1244778 0.15708946 0.028142385 0.06870136 0.118352935
0.273 0.1621028 0.02711285 0.05802092 0.1243679 0.1569669 0.027621113 0.067601964 0.11827567
0.2735 0.1619612 0.02657945 0.05695525 0.1242592 0.15684585 0.027107775 0.066520825 0.11819935
0.274 0.1618212 0.02605507 0.05590975 0.1241517 0.1567263 0.026602216 0.06545764 0.118123904
0.2745 0.1616827 0.02553955 0.05488404 0.1240453 0.15660827 0.026104346 0.0644121 0.11804937
0.275 0.1615459 0.02503275 0.05387773 0.1239401 0.15649171 0.025613993 0.06338389 0.11797571
0.2755 0.1614107 0.02453452 0.05289046 0.123836 0.15637662 0.025131084 0.062372673 0.117902964
0.276 0.161277 0.02404472 0.05192188 0.123733 0.15626296 0.024655499 0.061378177 0.117831096
0.2765 0.1611448 0.02356321 0.05097162 0.1236311 0.15615076 0.024187118 0.06040011 0.11776002
0.277 0.1610142 0.02308984 0.05003934 0.1235303 0.15603985 0.023725823 0.059438225 0.11768982
0.2775 0.1608851 0.02262449 0.04912469 0.1234307 0.1559304 0.023271509 0.05849218 0.11762045
0.278 0.1607574 0.02216702 0.04822735 0.1233321 0.15582229 0.022824101 0.05756169 0.11755189
0.2785 0.1606313 0.02171729 0.04734698 0.1232346 0.15571553 0.022383422 0.056646537 0.11748411
0.279 0.1605066 0.02127517 0.04648325 0.1231382 0.15561014 0.021949418 0.055746462 0.11741722
0.2795 0.1603834 0.02084054 0.04563585 0.1230428 0.15550604 0.021521993 0.054861154 0.11735104
0.28 0.1602616 0.02041327 0.04480448 0.1229485 0.15540321 0.021101028 0.053990375 0.117285684
0.2805 0.1601413 0.01999323 0.04398882 0.1228552 0.1553017 0.020686418 0.053133886 0.11722109
0.281 0.1600224 0.01958031 0.04318857 0.1227629 0.15520145 0.020278066 0.052291434 0.11715722
0.2815 0.1599048 0.01917437 0.04240344 0.1226716 0.15510243 0.019875914 0.051462766 0.117094114
0.282 0.1597887 0.01877532 0.04163314 0.1225814 0.15500467 0.019479841 0.050647672 0.11703177
0.2825 0.1596739 0.01838301 0.04087739 0.1224921 0.15490808 0.019089736 0.049845878 0.11697014
0.283 0.1595604 0.01799736 0.04013591 0.1224039 0.15481271 0.01870551 0.049057197 0.116909236
0.2835 0.1594483 0.01761823 0.03940842 0.1223166 0.15471855 0.018327124 0.04828139 0.116849035
0.284 0.1593376 0.01724552 0.03869467 0.1222303 0.15462552 0.017954417 0.047518235 0.11678958
0.2845 0.1592281 0.01687912 0.03799438 0.1221449 0.15453365 0.017587326 0.046767507 0.116730794
0.285 0.1591199 0.01651892 0.0373073 0.1220605 0.15444292 0.017225802 0.04602902 0.116672665
0.2855 0.1590131 0.01616482 0.03663317 0.1219771 0.1543534 0.016869731 0.045302536 0.11661528
0.286 0.1589075 0.01581671 0.03597176 0.1218945 0.1542649 0.016519003 0.04458786 0.11655852
0.2865 0.1588031 0.01547449 0.0353228 0.1218129 0.15417755 0.016173594 0.04388478 0.11650242
0.287 0.1587 0.01513806 0.03468607 0.1217322 0.15409124 0.015833385 0.043193128 0.116447
0.2875 0.1585982 0.01480732 0.03406134 0.1216524 0.15400603 0.015498303 0.04251268 0.11639221
0.288 0.1584975 0.01448218 0.03344836 0.1215736 0.15392186 0.015168272 0.041843276 0.11633803
0.2885 0.1583981 0.01416254 0.03284692 0.1214956 0.15383874 0.014843233 0.041184727 0.11628455
0.289 0.1582999 0.01384829 0.0322568 0.1214184 0.15375665 0.014523074 0.040536825 0.11623162
0.2895 0.1582028 0.01353936 0.03167777 0.1213422 0.15367557 0.014207743 0.039899398 0.11617932
0.29 0.1581069 0.01323566 0.03110963 0.1212668 0.15359555 0.013897173 0.039272267 0.116127685
0.2905 0.1580122 0.01293708 0.03055217 0.1211922 0.15351646 0.013591282 0.038655292 0.1160766
0.291 0.1579186 0.01264355 0.03000518 0.1211185 0.15343842 0.0132899955 0.038048264 0.11602615
0.2915 0.1578261 0.01235497 0.02946846 0.1210457 0.15336128 0.0129932165 0.037451025 0.1159762
0.292 0.1577347 0.01207127 0.02894181 0.1209737 0.15328512 0.012700938 0.036863398 0.11592695
0.2925 0.1576445 0.01179235 0.02842505 0.1209024 0.1532099 0.01241304 0.036285248 0.11587821
0.293 0.1575553 0.01151814 0.02791798 0.120832 0.15313564 0.012129523 0.03571644 0.115830064
0.2935 0.1574673 0.01124856 0.02742041 0.1207624 0.1530623 0.011850253 0.035156768 0.115782425
0.294 0.1573803 0.01098352 0.02693216 0.1206936 0.15298985 0.011575162 0.034606088 0.11573541
0.2945 0.1572943 0.01072295 0.02645306 0.1206256 0.15291831 0.011304215 0.034064252 0.115688905
0.295 0.1572094 0.01046678 0.02598293 0.1205583 0.15284763 0.011037342 0.033531126 0.11564292
0.2955 0.1571255 0.01021492 0.0255216 0.1204919 0.15277785 0.010774486 0.033006515 0.1155975
0.296 0.1570427 0.009967298 0.0250689 0.1204261 0.15270889 0.010515608 0.03249037 0.11555259
0.2965 0.1569609 0.009723849 0.02462466 0.1203612 0.15264082 0.010260619 0.031982485 0.11550823
0.297 0.15688 0.009484498 0.02418872 0.120297 0.15257363 0.010009453 0.031482723 0.11546439
0.2975 0.1568002 0.009249174 0.02376092 0.1202335 0.15250725 0.009762071 0.030990984 0.11542103
0.298 0.1567213 0.009017808 0.02334111 0.1201707 0.15244168 0.009518407 0.030507091 0.11537817
0.2985 0.1566434 0.008790332 0.02292913 0.1201087 0.15237693 0.009278402 0.030030962 0.11533584
0.299 0.1565664 0.008566679 0.02252483 0.1200474 0.15231298 0.009042017 0.029562417 0.115293965
0.2995 0.1564904 0.008346783 0.02212807 0.1199868 0.15224983 0.008809179 0.029101368 0.1152526
0.3 0.1564154 0.008130581 0.02173871 0.1199269 0.1208532 0.01466611 0.025478568 0.106493086
0.3005 0.1464603 0.007893473 0.02061037 0.1148693 0.12375535 0.009429045 0.023596887 0.11566855
0.301 0.1343655 0.007554192 0.01883641 0.1097325 0.11835529 0.00866916 0.021030944 0.11158523
0.3015 0.1263857 0.007136185 0.0174498 0.1057387 0.11493081 0.00836283 0.019545253 0.10725495
0.302 0.1211722 0.006672992 0.01638627 0.1021993 0.11191708 0.008244425 0.01838525 0.103126615
0.3025 0.117357 0.006182854 0.01548789 0.09885553 0.10907769 0.008087873 0.017355725 0.09927946
0.303 0.1142049 0.005674998 0.01466507 0.09563084 0.106364265 0.007821992 0.016405057 0.095733315
0.3035 0.1113716 0.005154387 0.01387638 0.09250108 0.10373446 0.0074462593 0.015502311 0.0924321
0.304 0.1087019 0.004624014 0.01310391 0.08945678 0.10116418 0.0069816634 0.014627539 0.08932176
0.3045 0.1061259 0.004085905 0.01234016 0.08649284 0.09863944 0.006452307 0.013767615 0.08636184
0.305 0.1036119 0.003541577 0.01158201 0.08360567 0.09615219 0.0058787316 0.0129143335 0.08352414
0.3055 0.1011449 0.002992234 0.01082822 0.0807923 0.09369783 0.0052763447 0.012063067 0.08078931
0.306 0.09871756 0.002438868 0.01007833 0.07805002 0.09127405 0.00465595 0.011211641 0.07814412
0.3065 0.096326 0.001882319 0.009332214 0.07537634 0.088879704 0.0040247515 0.010359332 0.075578704
0.307 0.09396813 0.001323301 0.008589867 0.07276891 0.08651416 0.0033875182 0.009506352 0.07308589
0.3075 0.09164267 0.0007624323 0.007851357 0.07022545 0.08417727 0.0027472451 0.008653332 0.070659816
0.308 0.08934877 0.0002002472 0.007116769 0.06774381 0.0818692 0.0021060035 0.0078011528 0.06829575
0.3085 0.08708583 -0.0003627873 0.006386196 0.06532192 0.07958999 0.0014650449 0.0069507435 0.06598964
0.309 0.08485337 -0.0009262619 0.005659729 0.06295778 0.07733984 0.00082526356 0.006103009 0.063737944
0.3095 0.082651 -0.001489816 0.00493746 0.0606495 0.07511902 0.0001872778 0.005258765 0.061537568
0.31 0.08047837 -0.002053129 0.004219474 0.05839524 0.072927594 -0.0004484579 0.0044187903 0.059385706
0.3105 0.07833515 -0.002615917 0.003505852 0.05619325 0.07076573 -0.0010815933 0.0035837367 0.05727994
0.311 0.07622104 -0.003177925 0.00279667 0.05404185 0.068633586 -0.0017118677 0.002754245 0.055218045
0.3115 0.07413574 -0.003738923 0.002092001 0.05193944 0.066531226 -0.0023390353 0.0019307919 0.05319803
0.312 0.07207896 -0.004298705 0.001391912 0.04988446 0.06445858 -0.0029628798 0.0011138543 0.051218126
0.3125 0.07005042 -0.004857082 0.0006964664 0.04787543 0.062415738 -0.0035832599 0.00030380487 0.0492767
0.313 0.06804984 -0.005413884 5.722258e-06 0.04591094 0.06040265 -0.0042000115 -0.00049901754 0.04737233
0.3135 0.06607692 -0.005968952 -0.0006802653 0.04398963 0.05841917 -0.004812993 -0.0012943447 0.045503665
0.314 0.0641314 -0.006522143 -0.001361445 0.04211018 0.056465227 -0.005422093 -0.002081938 0.043669563
0.3145 0.06221299 -0.007073323 -0.002037771 0.04027136 0.054540697 -0.006027229 -0.0028615966 0.04186889
0.315 0.06032141 -0.00762237 -0.002709198 0.03847195 0.052645374 -0.0066282377 -0.0036332048 0.040100683
0.3155 0.05845637 -0.008169169 -0.003375687 0.0367108 0.050779086 -0.0072251335 -0.004396569 0.038364004
0.316 0.05661761 -0.008713614 -0.004037201 0.03498682 0.04894163 -0.007817775 -0.0051516257 0.036658075
0.3165 0.05480483 -0.009255607 -0.004693707 0.03329893 0.04713274 -0.008406095 -0.0058983006 0.034982022
0.317 0.05301775 -0.009795054 -0.005345174 0.03164612 0.045352194 -0.008990057 -0.0066365413 0.03333522
0.3175 0.05125609 -0.01033187 -0.005991574 0.03002739 0.043599743 -0.009569578 -0.0073662773 0.03171693
0.318 0.04951957 -0.01086597 -0.006632883 0.02844183 0.04187506 -0.010144666 -0.008087516 0.03012659
0.3185 0.0478079 -0.01139729 -0.007269079 0.0268885 0.040177945 -0.010715239 -0.008800246 0.028563585
0.319 0.0461208 -0.01192575 -0.007900143 0.02536654 0.038507972 -0.011281267 -0.009504475 0.027027335
0.3195 0.04445799 -0.01245128 -0.008526058 0.02387512 0.036864985 -0.01184272 -0.010200236 0.025517333
0.32 0.04281918 -0.01297383 -0.00914681 0.02241342 0.035248507 -0.0123995915 -0.010887522 0.024033103
0.3205 0.04120409 -0.01349333 -0.009762387 0.02098066 0.033658314 -0.012951829 -0.011566404 0.022574138
0.321 0.03961244 -0.01400973 -0.01037278 0.01957609 0.03209399 -0.013499439 -0.0122369155 0.021139931
0.3215 0.03804395 -0.01452299 -0.01097798 0.01819898 0.030555282 -0.014042407 -0.012899108 0.01973011
0.322 0.03649833 -0.01503304 -0.01157798 0.01684864 0.029041726 -0.014580734 -0.013553046 0.018344238
0.3225 0.03497531 -0.01553985 -0.01217278 0.0155244 0.027553026 -0.015114412 -0.014198791 0.016981896
0.323 0.0334746 -0.01604338 -0.01276238 0.01422559 0.026088793 -0.015643448 -0.014836416 0.015642669
0.3235 0.03199594 -0.01654359 -0.01334678 0.0129516 0.024648692 -0.016167834 -0.015466016 0.01432617
0.324 0.03053904 -0.01704043 -0.01392598 0.01170181 0.023232285 -0.01668758 -0.016087662 0.01303203
0.3245 0.02910362 -0.01753389 -0.01449998 0.01047564 0.021839205 -0.017202705 -0.016701438 0.011759859
0.325 0.02768941 -0.01802392 -0.01506879 0.009272514 0.020469036 -0.017713241 -0.01730743 0.010509316
0.3255 0.02629615 -0.0185105 -0.01563242 0.008091887 0.019121416 -0.01821921 -0.017905742 0.009280022
0.326 0.02492355 -0.01899361 -0.01619088 0.006933225 0.017795924 -0.018720657 -0.018496484 0.0080716275
0.3265 0.02357135 -0.01947321 -0.01674417 0.005796013 0.01649215 -0.01921758 -0.019079741 0.006883785
0.327 0.02223927 -0.01994929 -0.01729231 0.004679752 0.015209686 -0.019710012 -0.019655615 0.005716145
0.3275 0.02092706 -0.02042183 -0.01783532 0.003583959 0.013948124 -0.020197995 -0.02022425 0.004568327
0.328 0.01963445 -0.02089082 -0.01837319 0.002508163 0.01270704 -0.020681627 -0.02078573 0.0034401044
0.3285 0.01836117 -0.02135622 -0.01890596 0.001451911 0.011486035 -0.021160878 -0.021340165 0.0023310184
0.329 0.01710697 -0.02181803 -0.01943364 0.0004147611 0.010284692 -0.021635816 -0.021887671 0.0012407936
0.3295 0.01587159 -0.02227625 -0.01995624 -0.0006037137 0.009102568 -0.022106536 -0.022428378 0.000169117
0.33 0.01465476 -0.02273085 -0.02047378 -0.001603929 0.007939309 -0.022573002 -0.02296238 -0.00088439137
0.3305 0.01345624 -0.02318183 -0.02098629 -0.002586289 0.0067944676 -0.023035333 -0.023489803 -0.0019200221
0.331 0.01227577 -0.02362918 -0.02149379 -0.003551183 0.005667649 -0.023493558 -0.024010751 -0.002938088
0.3315 0.0111131 -0.02407289 -0.02199629 -0.004498994 0.0045585 -0.02394772 -0.024525356 -0.003938943
0.332 0.00996799 -0.02451296 -0.02249382 -0.005430091 0.0034666024 -0.024397872 -0.02503372 -0.004922889
0.3325 0.008840186 -0.0249494 -0.0229864 -0.006344832 0.0023915954 -0.024844095 -0.025535956 -0.005890254
0.333 0.007729447 -0.02538218 -0.02347406 -0.007243568 0.0013330989 -0.025286406 -0.026032172 -0.0068413243
0.3335 0.006635534 -0.02581132 -0.02395683 -0.008126638 0.00029076636 -0.025724854 -0.026522476 -0.007776439
0.334 0.005558206 -0.02623682 -0.02443472 -0.008994373 -0.0007357709 -0.02615951 -0.027006973 -0.008695897
0.3345 0.004497228 -0.02665867 -0.02490776 -0.009847094 -0.0017468296 -0.0265904 -0.027485766 -0.009599995
0.335 0.003452366 -0.02707688 -0.02537599 -0.01068512 -0.0027427487 -0.027017564 -0.02795894 -0.010489017
0.3355 0.00242339 -0.02749146 -0.02583943 -0.01150874 -0.0037238486 -0.02744107 -0.028426602 -0.011363322
0.336 0.001410069 -0.0279024 -0.0262981 -0.01231827 -0.0046904124 -0.027860925 -0.028888833 -0.01222313
0.3365 0.0004121779 -0.02830972 -0.02675204 -0.01311398 -0.0056427494 -0.028277192 -0.029345736 -0.013068762
0.337 -0.0005705071 -0.02871342 -0.02720128 -0.01389617 -0.006581135 -0.028689861 -0.029797364 -0.013900489
0.3375 -0.001538207 -0.0291135 -0.02764584 -0.0146651 -0.007505823 -0.02909901 -0.030243818 -0.014718587
0.338 -0.002491142 -0.02950999 -0.02808576 -0.01542105 -0.008417107 -0.029504642 -0.03068516 -0.015523346
0.3385 -0.003429527 -0.02990288 -0.02852107 -0.01616427 -0.009315219 -0.029906806 -0.031121474 -0.016315019
0.339 -0.004353576 -0.03029218 -0.02895179 -0.01689502 -0.010200381 -0.030305468 -0.031552818 -0.017093856
0.3395 -0.005263501 -0.03067792 -0.02937796 -0.01761355 -0.011072841 -0.030700684 -0.031979274 -0.01786013
0.34 -0.00615951 -0.03106009 -0.02979962 -0.01832009 -0.011932801 -0.031092487 -0.03240086 -0.018614065
0.3405 -0.007041809 -0.03143872 -0.03021679 -0.01901488 -0.012780502 -0.031480867 -0.03281768 -0.019355938
0.341 -0.007910602 -0.03181381 -0.0306295 -0.01969816 -0.013616119 -0.031865828 -0.033229757 -0.020085968
0.3415 -0.008766091 -0.03218538 -0.0310378 -0.02037015 -0.014439847 -0.032247435 -0.03363715 -0.020804366
0.342 -0.009608473 -0.03255345 -0.03144171 -0.02103106 -0.01525189 -0.03262562 -0.03403992 -0.021511402
0.3425 -0.01043795 -0.03291802 -0.03184126 -0.02168111 -0.016052365 -0.03300044 -0.0344381 -0.022207268
0.343 -0.0112547 -0.03327911 -0.03223649 -0.02232051 -0.016841546 -0.033371903 -0.034831747 -0.022892144
0.3435 -0.01205893 -0.03363674 -0.03262743 -0.02294947 -0.017619517 -0.033740006 -0.035220873 -0.023566281
0.344 -0.01285083 -0.03399093 -0.03301412 -0.02356817 -0.01838646 -0.03410472 -0.035605546 -0.024229856
0.3445 -0.01363057 -0.03434169 -0.03339659 -0.02417682 -0.019142516 -0.034466095 -0.03598579 -0.02488308
0.345 -0.01439835 -0.03468904 -0.03377487 -0.02477561 -0.019887865 -0.034824062 -0.036361642 -0.025526144
0.3455 -0.01515434 -0.035033 -0.034149 -0.02536471 -0.020622637 -0.035178732 -0.036733136 -0.026159205
0.346 -0.01589873 -0.03537358 -0.03451901 -0.02594432 -0.021346968 -0.035530005 -0.037100326 -0.026782468
0.3465 -0.01663169 -0.03571081 -0.03488494 -0.02651461 -0.022060987 -0.035877936 -0.03746321 -0.02739608
0.347 -0.01735339 -0.0360447 -0.03524682 -0.02707575 -0.02276485 -0.036222495 -0.037821855 -0.028000217
0.3475 -0.01806401 -0.03637527 -0.03560469 -0.02762792 -0.02345866 -0.03656371 -0.038176257 -0.028595038
0.348 -0.01876371 -0.03670255 -0.03595858 -0.02817127 -0.024142582 -0.036901556 -0.038526487 -0.029180741
0.3485 -0.01945267 -0.03702654 -0.03630852 -0.02870596 -0.024816707 -0.03723605 -0.03887254 -0.02975743
0.349 -0.02013104 -0.03734728 -0.03665455 -0.02923217 -0.025481176 -0.037567183 -0.039214455 -0.030325253
0.3495 -0.020799 -0.03766479 -0.03699671 -0.02975004 -0.02613609 -0.03789495 -0.039552264 -0.030884385
0.35 -0.02145669 -0.03797907 -0.03733502 -0.03025972 -0.026781566 -0.03821938 -0.03988601 -0.031434953
0.3505 -0.02210428 -0.03829016 -0.03766953 -0.03076136 -0.027417734 -0.038540438 -0.040215697 -0.031977095
0.351 -0.02274193 -0.03859807 -0.03800026 -0.03125511 -0.028044704 -0.03885816 -0.04054137 -0.032510936
0.3515 -0.02336978 -0.03890284 -0.03832726 -0.0317411 -0.02866261 -0.039172523 -0.04086305 -0.033036605
0.352 -0.02398799 -0.03920447 -0.03865055 -0.03221948 -0.029271506 -0.03948354 -0.04118077 -0.03355424
0.3525 -0.02459671 -0.03950299 -0.03897017 -0.03269038 -0.029871538 -0.03979119 -0.041494552 -0.03406395
0.353 -0.02519608 -0.03979842 -0.03928616 -0.03315394 -0.030462828 -0.040095538 -0.041804444 -0.034565862
0.3535 -0.02578626 -0.04009078 -0.03959855 -0.03361028 -0.03104544 -0.04039655 -0.042110458 -0.035060093
0.354 -0.02636737 -0.04038011 -0.03990737 -0.03405953 -0.03161951 -0.040694207 -0.042412624 -0.035546757
0.3545 -0.02693956 -0.04066641 -0.04021266 -0.03450182 -0.032185137 -0.040988564 -0.042710975 -0.036025953
0.355 -0.02750298 -0.04094971 -0.04051444 -0.03493727 -0.032742426 -0.04127959 -0.043005537 -0.036497805
0.3555 -0.02805776 -0.04123004 -0.04081277 -0.03536599 -0.033291467 -0.041567337 -0.04329635 -0.03696242
0.356 -0.02860402 -0.04150741 -0.04110766 -0.03578811 -0.03383238 -0.041851766 -0.043583427 -0.037419893
0.3565 -0.02914191 -0.04178185 -0.04139915 -0.03620374 -0.03436522 -0.04213291 -0.043866806 -0.037870307
0.357 -0.02967156 -0.04205338 -0.04168727 -0.03661299 -0.03489014 -0.04241077 -0.044146515 -0.038313806
0.3575 -0.03019308 -0.04232203 -0.04197207 -0.03701597 -0.035407223 -0.042685386 -0.044422593 -0.038750447
0.358 -0.03070662 -0.04258782 -0.04225356 -0.03741279 -0.035916567 -0.042956732 -0.04469508 -0.039180357
0.3585 -0.0312123 -0.04285076 -0.04253179 -0.03780356 -0.036418248 -0.043224834 -0.04496397 -0.03960361
0.359 -0.03171022 -0.0431109 -0.04280679 -0.03818837 -0.03691238 -0.043489702 -0.045229323 -0.040020317
0.3595 -0.03220053 -0.04336823 -0.04307858 -0.03856734 -0.03739904 -0.043751344 -0.045491163 -0.040430542
0.36 -0.03268334 -0.0436228 -0.04334721 -0.03894055 -0.037878364 -0.044009797 -0.045749504 -0.04083439
0.3605 -0.03315876 -0.04387462 -0.04361269 -0.03930811 -0.038350385 -0.04426507 -0.04600442 -0.04123196
0.361 -0.03362691 -0.04412371 -0.04387508 -0.03967011 -0.03881524 -0.044517145 -0.046255894 -0.041623324
0.3615 -0.0340879 -0.04437011 -0.04413439 -0.04002664 -0.03927302 -0.044766102 -0.046503976 -0.04200855
0.362 -0.03454186 -0.04461383 -0.04439066 -0.0403778 -0.03972381 -0.04501187 -0.04674871 -0.042387772
0.3625 -0.03498887 -0.04485489 -0.04464392 -0.04072368 -0.040167682 -0.04525455 -0.046990097 -0.04276102
0.363 -0.03542907 -0.04509332 -0.04489421 -0.04106436 -0.040604748 -0.04549411 -0.047228195 -0.043128416
0.3635 -0.03586254 -0.04532914 -0.04514154 -0.04139994 -0.041035082 -0.045730595 -0.04746304 -0.04349002
0.364 -0.0362894 -0.04556237 -0.04538596 -0.04173049 -0.04145878 -0.04596401 -0.047694635 -0.04384589
0.3645 -0.03670975 -0.04579304 -0.04562749 -0.0420561 -0.041875936 -0.04619436 -0.047923032 -0.04419615
0.365 -0.0371237 -0.04602117 -0.04586617 -0.04237685 -0.042286627 -0.046421684 -0.04814825 -0.044540845
0.3655 -0.03753134 -0.04624679 -0.04610202 -0.04269282 -0.04269094 -0.046646025 -0.04837033 -0.04488006
0.366 -0.03793277 -0.04646991 -0.04633508 -0.0430041 -0.043088965 -0.04686734 -0.048589304 -0.045213893
0.3665 -0.03832809 -0.04669055 -0.04656537 -0.04331075 -0.043480784 -0.047085717 -0.048805192 -0.045542367
0.367 -0.0387174 -0.04690875 -0.04679293 -0.04361285 -0.04386647 -0.047301136 -0.049018033 -0.045865595
0.3675 -0.03910079 -0.04712452 -0.04701778 -0.04391048 -0.044246133 -0.047513627 -0.04922786 -0.046183653
0.368 -0.03947834 -0.04733789 -0.04723995 -0.0442037 -0.044619836 -0.047723226 -0.049434695 -0.04649659
0.3685 -0.03985017 -0.04754887 -0.04745947 -0.0444926 -0.044987656 -0.047929935 -0.049638577 -0.0468045
0.369 -0.04021635 -0.0477575 -0.04767638 -0.04477724 -0.045349687 -0.048133805 -0.04983954 -0.04710744
0.3695 -0.04057697 -0.04796378 -0.04789069 -0.04505768 -0.045706008 -0.048334822 -0.0500376 -0.047405474
0.37 -0.04093212 -0.04816775 -0.04810244 -0.04533401 -0.046056688 -0.04853303 -0.050232798 -0.047698695
0.3705 -0.04128188 -0.04836943 -0.04831165 -0.04560628 -0.04640182 -0.048728466 -0.050425164 -0.047987144
0.371 -0.04162635 -0.04856884 -0.04851836 -0.04587455 -0.046741486 -0.04892113 -0.050614707 -0.048270896
0.3715 -0.0419656 -0.04876599 -0.04872258 -0.0461389 -0.047075734 -0.04911105 -0.0508015 -0.04855002
0.372 -0.04229971 -0.04896092 -0.04892436 -0.04639939 -0.047404654 -0.049298286 -0.050985537 -0.04882459
0.3725 -0.04262877 -0.04915364 -0.0491237 -0.04665607 -0.047728356 -0.049482815 -0.051166862 -0.04909466
0.373 -0.04295286 -0.04934418 -0.04932065 -0.046909 -0.04804686 -0.04966467 -0.051345505 -0.049360313
0.3735 -0.04327205 -0.04953255 -0.04951523 -0.04715826 -0.048360292 -0.0498439 -0.05152148 -0.049621593
0.374 -0.04358641 -0.04971878 -0.04970746 -0.04740388 -0.04866867 -0.050020516 -0.05169484 -0.049878582
0.3745 -0.04389604 -0.04990289 -0.04989738 -0.04764594 -0.048972122 -0.05019454 -0.0518656 -0.05013132
0.375 -0.04420099 -0.0500849 -0.050085 -0.04788449 -0.049270686 -0.05036603 -0.052033782 -0.05037988
0.3755 -0.04450134 -0.05026483 -0.05027035 -0.04811958 -0.04956445 -0.050534956 -0.05219943 -0.050624337
0.376 -0.04479717 -0.0504427 -0.05045346 -0.04835127 -0.04985347 -0.05070138 -0.052362558 -0.050864734
0.3765 -0.04508855 -0.05061853 -0.05063435 -0.04857961 -0.05013783 -0.050865337 -0.052523203 -0.051101144
0.377 -0.04537553 -0.05079234 -0.05081305 -0.04880466 -0.05041759 -0.051026836 -0.052681398 -0.05133362
0.3775 -0.04565821 -0.05096416 -0.05098959 -0.04902646 -0.050692823 -0.051185906 -0.052837163 -0.051562235
0.378 -0.04593663 -0.051134 -0.05116398 -0.04924506 -0.050963573 -0.051342573 -0.052990526 -0.051787023
0.3785 -0.04621087 -0.05130189 -0.05133625 -0.04946052 -0.051229946 -0.05149688 -0.053141516 -0.05200807
0.379 -0.046481 -0.05146784 -0.05150643 -0.04967288 -0.051491983 -0.05164883 -0.05329016 -0.052225415
0.3795 -0.04674707 -0.05163187 -0.05167454 -0.0498822 -0.051749773 -0.051798463 -0.053436477 -0.052439112
0.38 -0.04700915 -0.051794 -0.0518406 -0.05008851 -0.05200333 -0.051945813 -0.0535805 -0.05264923
0.3805 -0.04726731 -0.05195426 -0.05200464 -0.05029187 -0.05225277 -0.0520909 -0.053722255 -0.052855823
0.381 -0.0475216 -0.05211266 -0.05216669 -0.05049232 -0.052498132 -0.05223375 -0.053861775 -0.053058937
0.3815 -0.04777208 -0.05226922 -0.05232675 -0.05068991 -0.052739475 -0.052374385 -0.053999074 -0.05325865
0.382 -0.04801882 -0.05242396 -0.05248486 -0.05088467 -0.05297686 -0.052512847 -0.054134183 -0.05345498
0.3825 -0.04826187 -0.0525769 -0.05264104 -0.05107666 -0.05321037 -0.052649163 -0.054267123 -0.053648017
0.383 -0.04850128 -0.05272805 -0.0527953 -0.05126591 -0.05344003 -0.052783348 -0.054397926 -0.053837806
0.3835 -0.04873713 -0.05287745 -0.05294769 -0.05145247 -0.053665914 -0.05291544 -0.054526627 -0.054024383
0.384 -0.04896946 -0.0530251 -0.0530982 -0.05163638 -0.053888083 -0.05304546 -0.054653224 -0.05420782
0.3845 -0.04919832 -0.05317102 -0.05324688 -0.05181768 -0.0541066 -0.05317345 -0.05477775 -0.054388143
0.385 -0.04942377 -0.05331524 -0.05339373 -0.0519964 -0.0543215 -0.053299416 -0.054900244 -0.054565422
0.3855 -0.04964587 -0.05345777 -0.05353878 -0.0521726 -0.054532856 -0.05342342 -0.055020716 -0.054739702
0.386 -0.04986466 -0.05359862 -0.05368205 -0.05234629 -0.054740705 -0.053545464 -0.055139206 -0.054911043
0.3865 -0.0500802 -0.05373782 -0.05382356 -0.05251754 -0.05494511 -0.053665575 -0.055255722 -0.05507949
0.387 -0.05029254 -0.05387539 -0.05396333 -0.05268636 -0.055146128 -0.053783797 -0.05537028 -0.05524508
0.3875 -0.05050172 -0.05401134 -0.05410139 -0.0528528 -0.0553438 -0.05390015 -0.055482924 -0.055407874
0.388 -0.0507078 -0.05414568 -0.05423774 -0.05301689 -0.055538192 -0.054014664 -0.05559367 -0.05556791
0.3885 -0.05091082 -0.05427845 -0.05437242 -0.05317867 -0.055729326 -0.054127377 -0.05570253 -0.055725247
0.389 -0.05111084 -0.05440964 -0.05450544 -0.05333817 -0.055917285 -0.054238297 -0.055809543 -0.055879917
0.3895 -0.05130789 -0.05453929 -0.05463683 -0.05349543 -0.05610208 -0.054347463 -0.055914715 -0.05603198
0.39 -0.05150203 -0.05466741 -0.05476659 -0.05365047 -0.05628379 -0.054454923 -0.056018073 -0.056181476
0.3905 -0.05169329 -0.054794 -0.05489475 -0.05380335 -0.05646244 -0.054560676 -0.056119643 -0.056328446
0.391 -0.05188173 -0.0549191 -0.05502133 -0.05395408 -0.05663809 -0.054664765 -0.05621945 -0.05647295
0.3915 -0.05206738 -0.05504272 -0.05514635 -0.05410269 -0.056810778 -0.054767217 -0.056317523 -0.056615002
0.392 -0.0522503 -0.05516487 -0.05526983 -0.05424923 -0.05698055 -0.05486807 -0.05641385 -0.056754664
0.3925 -0.05243051 -0.05528557 -0.05539178 -0.05439371 -0.05714743 -0.054967333 -0.056508496 -0.05689199
0.393 -0.05260807 -0.05540483 -0.05551222 -0.05453618 -0.05731148 -0.055065073 -0.056601457 -0.057026993
0.3935 -0.05278302 -0.05552268 -0.05563118 -0.05467665 -0.05747274 -0.05516128 -0.056692757 -0.057159737
0.394 -0.05295539 -0.05563912 -0.05574866 -0.05481517 -0.05763124 -0.055256 -0.05678241 -0.05729025
0.3945 -0.05312522 -0.05575418 -0.05586468 -0.05495176 -0.05778703 -0.055349253 -0.056870446 -0.057418577
0.395 -0.05329256 -0.05586786 -0.05597928 -0.05508644 -0.057940125 -0.055441096 -0.05695689 -0.057544764
0.3955 -0.05345744 -0.05598018 -0.05609245 -0.05521925 -0.058090594 -0.055531524 -0.05704176 -0.057668846
0.396 -0.0536199 -0.05609117 -0.05620422 -0.05535021 -0.058238447 -0.055620603 -0.057125084 -0.05779085
0.3965 -0.05377998 -0.05620083 -0.0563146 -0.05547935 -0.058383733 -0.05570834 -0.05720687 -0.057910815
0.397 -0.05393771 -0.05630917 -0.05642361 -0.0556067 -0.05852648 -0.055794768 -0.05728714 -0.0580288
0.3975 -0.05409313 -0.05641622 -0.05653127 -0.05573228 -0.058666725 -0.055879913 -0.05736593 -0.058144815
0.398 -0.05424627 -0.05652199 -0.0566376 -0.05585612 -0.058804505 -0.055963807 -0.05744325 -0.058258917
0.3985 -0.05439717 -0.05662649 -0.0567426 -0.05597825 -0.058939844 -0.05604651 -0.057519123 -0.05837112
0.399 -0.05454587 -0.05672973 -0.0568463 -0.05609868 -0.059072774 -0.056128003 -0.057593584 -0.058481485
0.3995 -0.05469239 -0.05683174 -0.05694871 -0.05621745 -0.05920332 -0.056208357 -0.05766664 -0.05859003
0.4 -0.05483678 -0.05693251 -0.05704985 -0.05633458 -0.059331544 -0.056287594 -0.05773831 -0.05869677
0.4005 -0.05497906 -0.05703208 -0.05714973 -0.05645009 -0.05945742 -0.05636574 -0.057808634 -0.058801766
0.401 -0.05511926 -0.05713045 -0.05724837 -0.05656401 -0.059581015 -0.05644282 -0.057877615 -0.058905043
0.4015 -0.05525742 -0.05722764 -0.05734578 -0.05667635 -0.05970235 -0.056518875 -0.057945304 -0.05900662
0.402 -0.05539357 -0.05732365 -0.05744198 -0.05678715 -0.059821457 -0.056593947 -0.0580117 -0.05910654
0.4025 -0.05552774 -0.05741851 -0.05753698 -0.05689642 -0.05993834 -0.05666806 -0.05807684 -0.059204817
0.403 -0.05565996 -0.05751222 -0.05763079 -0.05700419 -0.06005305 -0.056741238 -0.05814075 -0.059301503
0.4035 -0.05579026 -0.0576048 -0.05772344 -0.05711047 -0.06016559 -0.056813516 -0.058203455 -0.059396602
0.404 -0.05591867 -0.05769626 -0.05781493 -0.0572153 -0.060275994 -0.056884926 -0.05826497 -0.059490163
0.4045 -0.05604521 -0.05778662 -0.05790528 -0.05731869 -0.060384296 -0.056955505 -0.05832533 -0.059582192
0.405 -0.05616992 -0.05787588 -0.05799451 -0.05742065 -0.060490504 -0.05702529 -0.058384564 -0.05967273
0.4055 -0.05629282 -0.05796406 -0.05808262 -0.05752122 -0.060594644 -0.057094328 -0.058442704 -0.059761792
0.406 -0.05641394 -0.05805118 -0.05816963 -0.05762041 -0.06069674 -0.057162624 -0.058499776 -0.05984942
0.4065 -0.0565333 -0.05813724 -0.05825556 -0.05771825 -0.060796812 -0.057230208 -0.058555804 -0.05993563
0.407 -0.05665095 -0.05822226 -0.05834041 -0.05781474 -0.060894888 -0.057297148 -0.058610827 -0.060020424
0.4075 -0.05676689 -0.05830624 -0.0584242 -0.05790992 -0.060990993 -0.05736345 -0.058664877 -0.06010384
0.408 -0.05688116 -0.05838921 -0.05850695 -0.05800379 -0.061085124 -0.057429153 -0.05871799 -0.06018591
0.4085 -0.05699377 -0.05847117 -0.05858866 -0.05809638 -0.061177325 -0.057494298 -0.058770187 -0.060266636
0.409 -0.05710477 -0.05855213 -0.05866935 -0.05818771 -0.06126761 -0.057558917 -0.05882151 -0.060346045
0.4095 -0.05721416 -0.05863211 -0.05874903 -0.0582778 -0.061356008 -0.05762303 -0.058872 -0.060424164
0.41 -0.05732198 -0.05871111 -0.05882772 -0.05836665 -0.061442524 -0.057686698 -0.058921684 -0.060500994
0.4105 -0.05742825 -0.05878916 -0.05890542 -0.05845429 -0.0615272 -0.057749923 -0.0589706 -0.060576573
0.411 -0.05753299 -0.05886625 -0.05898214 -0.05854075 -0.061610032 -0.05781276 -0.059018806 -0.060650907
0.4115 -0.05763622 -0.0589424 -0.05905791 -0.05862602 -0.061691053 -0.057875246 -0.059066325 -0.060724005
0.412 -0.05773797 -0.05901763 -0.05913273 -0.05871014 -0.061770283 -0.0579374 -0.059113193 -0.060795892
0.4125 -0.05783826 -0.05909194 -0.05920661 -0.05879311 -0.06184774 -0.05799924 -0.059159476 -0.06086659
0.413 -0.05793711 -0.05916534 -0.05927957 -0.05887495 -0.061923463 -0.05806084 -0.059205182 -0.06093609
0.4135 -0.05803455 -0.05923785 -0.05935161 -0.05895569 -0.061997455 -0.058122203 -0.059250385 -0.061004423
0.414 -0.05813059 -0.05930947 -0.05942276 -0.05903533 -0.062069725 -0.058183346 -0.059295118 -0.061071604
0.4145 -0.05822525 -0.05938021 -0.059493 -0.05911389 -0.06214033 -0.058244333 -0.059339423 -0.06113763
0.415 -0.05831856 -0.05945009 -0.05956237 -0.05919138 -0.062209282 -0.058305193 -0.059383348 -0.06120252
0.4155 -0.05841053 -0.05951912 -0.05963087 -0.05926783 -0.06227659 -0.05836592 -0.059426952 -0.06126629
0.416 -0.0585012 -0.0595873 -0.05969851 -0.05934324 -0.062342286 -0.05842659 -0.05947027 -0.061328936
0.4165 -0.05859056 -0.05965465 -0.0597653 -0.05941763 -0.0624064 -0.058487184 -0.05951335 -0.061390482
0.417 -0.05867865 -0.05972117 -0.05983126 -0.05949102 -0.062468946 -0.058547754 -0.059556242 -0.061450936
0.4175 -0.05876549 -0.05978687 -0.05989638 -0.05956341 -0.06252995 -0.05860831 -0.059599005 -0.061510302
0.418 -0.05885109 -0.05985178 -0.05996069 -0.05963483 -0.062589444 -0.058668904 -0.059641663 -0.061568588
0.4185 -0.05893546 -0.05991588 -0.06002419 -0.05970528 -0.06264746 -0.058729533 -0.05968429 -0.0616258
0.419 -0.05901864 -0.0599792 -0.0600869 -0.05977478 -0.06270401 -0.05879023 -0.05972692 -0.061681937
0.4195 -0.05910064 -0.06004174 -0.06014881 -0.05984335 -0.06275914 -0.058851015 -0.059769608 -0.061737023
0.42 -0.05918147 -0.06010352 -0.06020995 -0.05991099 -0.06281285 -0.058911894 -0.059812397 -0.061791066
0.4205 -0.05926115 -0.06016453 -0.06027032 -0.05997772 -0.06286519 -0.0589729 -0.059855327 -0.061844062
0.421 -0.0593397 -0.0602248 -0.06032994 -0.06004356 -0.062916175 -0.059034023 -0.05989845 -0.061896022
0.4215 -0.05941713 -0.06028432 -0.0603888 -0.0601085 -0.06296584 -0.05909531 -0.059941813 -0.061946943
0.422 -0.05949347 -0.06034312 -0.06044693 -0.06017258 -0.06301421 -0.059156753 -0.05998545 -0.061996844
0.4225 -0.05956873 -0.06040119 -0.06050432 -0.06023579 -0.06306133 -0.059218355 -0.060029417 -0.06204573
0.423 -0.05964292 -0.06045854 -0.06056099 -0.06029816 -0.06310721 -0.059280135 -0.060073737 -0.062093586
0.4235 -0.05971606 -0.06051519 -0.06061695 -0.06035968 -0.063151866 -0.059342097 -0.06011845 -0.062140442
0.424 -0.05978816 -0.06057114 -0.06067221 -0.06042038 -0.06319536 -0.059404247 -0.060163606 -0.062186304
0.4245 -0.05985925 -0.06062641 -0.06072677 -0.06048027 -0.06323772 -0.05946657 -0.06020922 -0.06223116
0.425 -0.05992933 -0.06068099 -0.06078065 -0.06053936 -0.06327894 -0.059529096 -0.060255326 -0.06227504
0.4255 -0.05999843 -0.06073489 -0.06083384 -0.06059765 -0.063319094 -0.059591778 -0.060301967 -0.062317938
0.426 -0.06006655 -0.06078814 -0.06088637 -0.06065516 -0.06335817 -0.059654646 -0.06034914 -0.062359855
0.4265 -0.0601337 -0.06084073 -0.06093824 -0.06071191 -0.063396245 -0.059717678 -0.06039689 -0.062400803
0.427 -0.06019992 -0.06089266 -0.06098945 -0.06076789 -0.0634333 -0.059780866 -0.060445227 -0.06244079
0.4275 -0.0602652 -0.06094396 -0.06104002 -0.06082312 -0.06346938 -0.059844203 -0.060494162 -0.062479824
0.428 -0.06032956 -0.06099462 -0.06108996 -0.06087762 -0.06350453 -0.059907667 -0.060543716 -0.06251792
0.4285 -0.06039302 -0.06104466 -0.06113926 -0.06093139 -0.063538745 -0.05997125 -0.0605939 -0.062555075
0.429 -0.06045558 -0.06109408 -0.06118795 -0.06098444 -0.06357207 -0.060034923 -0.060644705 -0.062591314
0.4295 -0.06051727 -0.06114289 -0.06123602 -0.06103678 -0.06360455 -0.060098693 -0.060696136 -0.06262662
0.43 -0.06057809 -0.06119109 -0.06128348 -0.06108843 -0.063636184 -0.06016252 -0.060748205 -0.06266102
0.4305 -0.06063805 -0.0612387 -0.06133035 -0.06113939 -0.063667 -0.060226362 -0.06080089 -0.062694535
0.431 -0.06069718 -0.06128572 -0.06137663 -0.06118966 -0.063697025 -0.060290217 -0.060854193 -0.06272717
0.4315 -0.06075548 -0.06133216 -0.06142232 -0.06123927 -0.06372629 -0.060354065 -0.0609081 -0.06275891
0.432 -0.06081296 -0.06137802 -0.06146744 -0.06128822 -0.06375481 -0.060417876 -0.060962588 -0.06278979
0.4325 -0.06086964 -0.06142332 -0.06151199 -0.06133651 -0.06378262 -0.06048162 -0.061017647 -0.06281982
0.433 -0.06092552 -0.06146805 -0.06155598 -0.06138417 -0.06380972 -0.060545236 -0.06107326 -0.06284902
0.4335 -0.06098062 -0.06151223 -0.06159942 -0.06143119 -0.06383615 -0.060608737 -0.06112938 -0.06287739
0.434 -0.06103496 -0.06155586 -0.06164231 -0.06147758 -0.06386192 -0.060672075 -0.061186 -0.06290494
0.4345 -0.06108853 -0.06159895 -0.06168465 -0.06152336 -0.063887045 -0.06073521 -0.061243087 -0.0629317
0.435 -0.06114136 -0.06164151 -0.06172647 -0.06156853 -0.06391156 -0.060798116 -0.061300594 -0.062957674
0.4355 -0.06119345 -0.06168354 -0.06176775 -0.0616131 -0.06393546 -0.06086077 -0.061358497 -0.062982865
0.436 -0.06124481 -0.06172505 -0.06180852 -0.06165708 -0.06395879 -0.060923122 -0.06141676 -0.06300731
0.4365 -0.06129546 -0.06176604 -0.06184877 -0.06170047 -0.06398153 -0.060985148 -0.06147534 -0.06303101
0.437 -0.0613454 -0.06180653 -0.06188851 -0.06174329 -0.064003736 -0.061046824 -0.061534196 -0.06305398
0.4375 -0.06139465 -0.06184651 -0.06192776 -0.06178555 -0.06402539 -0.061108094 -0.061593287 -0.063076235
0.438 -0.06144322 -0.06188599 -0.06196651 -0.06182724 -0.06404652 -0.06116895 -0.061652567 -0.063097805
0.4385 -0.0614911 -0.06192499 -0.06200477 -0.06186838 -0.064067125 -0.061229337 -0.06171199 -0.06311868
0.439 -0.06153833 -0.0619635 -0.06204254 -0.06190898 -0.06408724 -0.06128924 -0.061771516 -0.0631389
0.4395 -0.0615849 -0.06200153 -0.06207984 -0.06194904 -0.064106874 -0.06134862 -0.061831094 -0.06315847
0.44 -0.06163082 -0.06203909 -0.06211667 -0.06198857 -0.06412602 -0.061407454 -0.06189067 -0.06317739
0.4405 -0.0616761 -0.06207618 -0.06215304 -0.06202757 -0.0641447 -0.061465707 -0.061950218 -0.063195705
0.441 -0.06172076 -0.06211281 -0.06218895 -0.06206606 -0.064162925 -0.061523363 -0.062009666 -0.06321341
0.4415 -0.0617648 -0.06214899 -0.0622244 -0.06210405 -0.06418071 -0.06158037 -0.062068988 -0.06323053
0.442 -0.06180823 -0.06218471 -0.06225941 -0.06214153 -0.06419805 -0.06163673 -0.062128127 -0.063247085
0.4425 -0.06185106 -0.06221999 -0.06229397 -0.06217852 -0.06421497 -0.061692387 -0.062187046 -0.063263066
0.443 -0.06189329 -0.06225483 -0.0623281 -0.06221502 -0.06423147 -0.061747346 -0.06224569 -0.06327852
0.4435 -0.06193495 -0.06228924 -0.0623618 -0.06225103 -0.06424755 -0.061801575 -0.06230402 -0.06329344
0.444 -0.06197602 -0.06232322 -0.06239507 -0.06228658 -0.06426324 -0.061855063 -0.062361997 -0.063307844
0.4445 -0.06201653 -0.06235677 -0.06242792 -0.06232165 -0.06427853 -0.061907757 -0.062419567 -0.06332176
0.445 -0.06205649 -0.06238991 -0.06246036 -0.06235626 -0.06429344 -0.06195967 -0.06247671 -0.0633352
0.4455 -0.06209589 -0.06242264 -0.06249239 -0.06239042 -0.064307965 -0.062010787 -0.06253337 -0.06334816
0.446 -0.06213474 -0.06245496 -0.06252401 -0.06242412 -0.06432212 -0.062061075 -0.06258952 -0.06336067
0.4465 -0.06217307 -0.06248687 -0.06255524 -0.06245739 -0.06433591 -0.062110536 -0.062645115 -0.06337273
0.447 -0.06221086 -0.06251839 -0.06258607 -0.06249021 -0.06434935 -0.062159147 -0.06270013 -0.063384384
0.4475 -0.06224813 -0.06254951 -0.06261651 -0.06252261 -0.06436244 -0.0622069 -0.06275453 -0.06339562
0.448 -0.0622849 -0.06258025 -0.06264657 -0.06255458 -0.06437518 -0.062253788 -0.06280828 -0.06340645
0.4485 -0.06232115 -0.0626106 -0.06267625 -0.06258612 -0.064387575 -0.062299803 -0.06286136 -0.0634169
0.449 -0.06235691 -0.06264057 -0.06270555 -0.06261726 -0.06439965 -0.062344946 -0.062913746 -0.06342697
0.4495 -0.06239218 -0.06267017 -0.06273448 -0.06264798 -0.0644114 -0.0623892 -0.06296539 -0.06343668
0.45 -0.06242696 -0.0626994 -0.06276305 -0.0626783 -0.06442282 -0.062432565 -0.06301631 -0.063446045
0.4505 -0.06246127 -0.06272827 -0.06279126 -0.06270823 -0.06443394 -0.06247504 -0.063066445 -0.06345507
0.451 -0.0624951 -0.06275677 -0.06281911 -0.06273776 -0.06444475 -0.062516615 -0.0631158 -0.06346376
0.4515 -0.06252847 -0.06278492 -0.06284661 -0.0627669 -0.064455256 -0.0625573 -0.063164346 -0.06347215
0.452 -0.06256139 -0.06281272 -0.06287376 -0.06279566 -0.06446546 -0.062597096 -0.063212074 -0.06348022
0.4525 -0.06259385 -0.06284017 -0.06290057 -0.06282405 -0.064475395 -0.06263601 -0.06325897 -0.063488
0.453 -0.06262587 -0.06286728 -0.06292704 -0.06285206 -0.06448504 -0.06267404 -0.06330502 -0.063495494
0.4535 -0.06265746 -0.06289405 -0.06295318 -0.06287971 -0.0644944 -0.06271118 -0.063350216 -0.06350272
0.454 -0.06268861 -0.06292048 -0.06297899 -0.06290699 -0.0645035 -0.06274745 -0.06339455 -0.06350968
0.4545 -0.06271933 -0.06294658 -0.06300447 -0.06293392 -0.06451233 -0.06278284 -0.06343801 -0.06351638
0.455 -0.06274964 -0.06297236 -0.06302963 -0.06296049 -0.0645209 -0.06281738 -0.0634806 -0.06352283
0.4555 -0.06277953 -0.06299782 -0.06305447 -0.06298672 -0.064529225 -0.06285107 -0.06352231 -0.06352906
0.456 -0.06280901 -0.06302295 -0.063079 -0.06301261 -0.064537294 -0.0628839 -0.06356314 -0.06353504
0.4565 -0.06283809 -0.06304778 -0.06310321 -0.06303815 -0.064545125 -0.06291591 -0.06360309 -0.0635408
0.457 -0.06286678 -0.06307229 -0.06312713 -0.06306336 -0.06455272 -0.062947065 -0.06364216 -0.06354637
0.4575 -0.06289508 -0.0630965 -0.06315073 -0.06308825 -0.06456008 -0.062977426 -0.063680336 -0.06355171
0.458 -0.06292298 -0.0631204 -0.06317405 -0.06311281 -0.064567216 -0.06300698 -0.06371765 -0.06355685
0.4585 -0.06295051 -0.063144 -0.06319706 -0.06313704 -0.06457414 -0.063035734 -0.0637541 -0.06356181
0.459 -0.06297767 -0.06316731 -0.06321979 -0.06316096 -0.064580835 -0.06306372 -0.063789666 -0.06356658
0.4595 -0.06300446 -0.06319033 -0.06324223 -0.06318457 -0.064587325 -0.063090935 -0.063824385 -0.06357118
0.46 -0.06303088 -0.06321306 -0.06326439 -0.06320787 -0.06459361 -0.06311738 -0.06385823 -0.06357561
0.4605 -0.06305694 -0.0632355 -0.06328626 -0.06323087 -0.06459971 -0.06314309 -0.063891254 -0.06357987
0.461 -0.06308265 -0.06325766 -0.06330786 -0.06325357 -0.06460559 -0.06316807 -0.063923426 -0.06358397
0.4615 -0.06310801 -0.06327955 -0.06332919 -0.06327597 -0.0646113 -0.06319232 -0.06395477 -0.06358792
0.462 -0.06313303 -0.06330116 -0.06335025 -0.06329808 -0.06461683 -0.06321589 -0.0639853 -0.06359172
0.4625 -0.06315771 -0.0633225 -0.06337104 -0.0633199 -0.064622164 -0.063238755 -0.064015016 -0.06359538
0.463 -0.06318205 -0.06334358 -0.06339157 -0.06334144 -0.06462734 -0.06326094 -0.06404395 -0.06359889
0.4635 -0.06320606 -0.06336439 -0.06341184 -0.0633627 -0.06463235 -0.06328249 -0.06407209 -0.06360228
0.464 -0.06322975 -0.06338494 -0.06343185 -0.06338368 -0.06463718 -0.06330338 -0.06409945 -0.06360555
0.4645 -0.06325312 -0.06340523 -0.06345161 -0.06340439 -0.064641856 -0.06332363 -0.06412606 -0.06360868
0.465 -0.06327617 -0.06342527 -0.06347112 -0.06342483 -0.06464638 -0.06334328 -0.06415191 -0.06361171
0.4655 -0.06329891 -0.06344505 -0.06349039 -0.063445 -0.064650744 -0.06336231 -0.064177044 -0.063614614
0.466 -0.06332134 -0.06346459 -0.06350941 -0.06346491 -0.06465497 -0.063380755 -0.06420145 -0.06361741
0.4665 -0.06334347 -0.06348388 -0.06352819 -0.06348457 -0.06465905 -0.06339863 -0.06422515 -0.063620105
0.467 -0.0633653 -0.06350293 -0.06354673 -0.06350396 -0.064663 -0.063415945 -0.06424816 -0.0636227
0.4675 -0.06338684 -0.06352175 -0.06356504 -0.06352311 -0.06466681 -0.06343271 -0.06427049 -0.063625194
0.468 -0.06340808 -0.06354032 -0.06358312 -0.06354201 -0.06467048 -0.063448936 -0.064292155 -0.0636276
0.4685 -0.06342904 -0.06355867 -0.06360097 -0.06356066 -0.064674035 -0.06346465 -0.06431316 -0.0636299
0.469 -0.06344972 -0.06357678 -0.0636186 -0.06357907 -0.06467746 -0.06347985 -0.06433354 -0.06363213
0.4695 -0.06347012 -0.06359467 -0.063636 -0.06359724 -0.064680785 -0.06349457 -0.0643533 -0.06363427
0.47 -0.06349024 -0.06361233 -0.06365318 -0.06361518 -0.064683974 -0.06350881 -0.06437245 -0.06363632
0.4705 -0.06351009 -0.06362977 -0.06367015 -0.06363288 -0.06468706 -0.06352257 -0.06439101 -0.06363831
0.471 -0.06352968 -0.06364699 -0.0636869 -0.06365035 -0.06469004 -0.06353589 -0.06440899 -0.06364021
0.4715 -0.063549 -0.063664 -0.06370344 -0.0636676 -0.064692914 -0.063548766 -0.06442641 -0.06364205
0.472 -0.06356806 -0.06368079 -0.06371977 -0.06368462 -0.064695686 -0.0635612 -0.06444326 -0.06364381
0.4725 -0.06358687 -0.06369737 -0.06373589 -0.06370143 -0.06469836 -0.06357324 -0.06445959 -0.06364551
0.473 -0.06360542 -0.06371375 -0.06375181 -0.06371801 -0.064700946 -0.063584864 -0.0644754 -0.06364714
0.4735 -0.06362373 -0.06372992 -0.06376753 -0.06373438 -0.06470343 -0.0635961 -0.0644907 -0.063648716
0.474 -0.06364178 -0.06374588 -0.06378306 -0.06375054 -0.064705834 -0.06360695 -0.06450549 -0.06365022
0.4745 -0.0636596 -0.06376165 -0.06379838 -0.06376649 -0.06470814 -0.06361744 -0.06451981 -0.06365168
0.475 -0.06367718 -0.06377721 -0.06381351 -0.06378224 -0.06471038 -0.06362756 -0.06453366 -0.06365308
0.4755 -0.06369452 -0.06379258 -0.06382845 -0.06379778 -0.064712524 -0.063637346 -0.06454705 -0.06365442
0.476 -0.06371163 -0.06380776 -0.0638432 -0.06381311 -0.06471461 -0.06364678 -0.064559996 -0.06365573
0.4765 -0.06372851 -0.06382275 -0.06385777 -0.06382826 -0.0647166 -0.0636559 -0.06457251 -0.06365697
0.477 -0.06374516 -0.06383755 -0.06387215 -0.0638432 -0.06471853 -0.063664705 -0.06458461 -0.06365816
0.4775 -0.0637616 -0.06385216 -0.06388635 -0.06385795 -0.06472039 -0.0636732 -0.06459631 -0.06365932
0.478 -0.06377781 -0.06386659 -0.06390037 -0.06387252 -0.06472218 -0.06368138 -0.064607605 -0.06366043
0.4785 -0.0637938 -0.06388084 -0.06391422 -0.06388689 -0.0647239 -0.0636893 -0.06461852 -0.0636615
0.479 -0.06380958 -0.06389491 -0.06392789 -0.06390108 -0.06472556 -0.06369693 -0.06462907 -0.06366253
0.4795 -0.06382515 -0.06390881 -0.06394138 -0.06391508 -0.06472717 -0.0637043 -0.064639255 -0.063663505
0.48 -0.06384051 -0.06392253 -0.06395471 -0.06392891 -0.06472871 -0.0637114 -0.06464909 -0.063664466
0.4805 -0.06385567 -0.06393607 -0.06396787 -0.06394255 -0.0647302 -0.06371824 -0.06465858 -0.063665375
0.481 -0.06387063 -0.06394945 -0.06398086 -0.06395602 -0.06473163 -0.063724846 -0.06466775 -0.063666254
0.4815 -0.06388538 -0.06396266 -0.06399368 -0.06396932 -0.064733 -0.06373121 -0.064676605 -0.0636671
0.482 -0.06389994 -0.0639757 -0.06400635 -0.06398245 -0.064734325 -0.063737355 -0.06468514 -0.063667916
0.4825 -0.0639143 -0.06398858 -0.06401886 -0.0639954 -0.06473561 -0.06374326 -0.064693384 -0.0636687
0.483 -0.06392848 -0.0640013 -0.0640312 -0.06400819 -0.06473684 -0.06374898 -0.06470134 -0.06366944
0.4835 -0.06394246 -0.06401385 -0.0640434 -0.06402081 -0.06473803 -0.063754484 -0.064709015 -0.063670166
0.484 -0.06395626 -0.06402625 -0.06405543 -0.06403328 -0.06473917 -0.0637598 -0.06471642 -0.06367086
0.4845 -0.06396987 -0.06403849 -0.06406732 -0.06404558 -0.06474027 -0.0637649 -0.06472356 -0.06367153
0.485 -0.06398331 -0.06405058 -0.06407906 -0.06405772 -0.06474133 -0.063769825 -0.06473045 -0.06367217
0.4855 -0.06399656 -0.06406252 -0.06409064 -0.06406971 -0.06474234 -0.06377457 -0.0647371 -0.06367279
0.486 -0.06400964 -0.06407431 -0.06410209 -0.06408154 -0.064743325 -0.06377914 -0.064743504 -0.06367339
0.4865 -0.06402254 -0.06408595 -0.06411338 -0.06409322 -0.064744264 -0.06378355 -0.06474967 -0.06367396
0.487 -0.06403528 -0.06409744 -0.06412454 -0.06410475 -0.06474517 -0.06378779 -0.06475563 -0.06367451
0.4875 -0.06404784 -0.06410879 -0.06413555 -0.06411613 -0.064746045 -0.063791886 -0.06476137 -0.063675046
0.488 -0.06406024 -0.06411999 -0.06414643 -0.06412737 -0.06474689 -0.063795835 -0.064766906 -0.06367555
0.4885 -0.06407247 -0.06413106 -0.06415716 -0.06413846 -0.0647477 -0.06379963 -0.06477224 -0.06367604
0.489 -0.06408454 -0.06414199 -0.06416777 -0.06414941 -0.06474848 -0.06380328 -0.06477738 -0.06367651
0.4895 -0.06409645 -0.06415277 -0.06417823 -0.06416021 -0.064749226 -0.06380679 -0.06478233 -0.06367696
0.49 -0.0641082 -0.06416343 -0.06418857 -0.06417088 -0.06474995 -0.063810185 -0.06478711 -0.06367739
0.4905 -0.0641198 -0.06417394 -0.06419878 -0.06418142 -0.06475064 -0.06381344 -0.06479171 -0.06367782
0.491 -0.06413124 -0.06418433 -0.06420885 -0.06419181 -0.064751305 -0.063816585 -0.06479614 -0.06367822
0.4915 -0.06414253 -0.06419459 -0.0642188 -0.06420208 -0.06475195 -0.06381961 -0.064800404 -0.06367861
0.492 -0.06415367 -0.06420471 -0.06422863 -0.06421221 -0.06475257 -0.06382252 -0.064804524 -0.06367898
0.4925 -0.06416467 -0.06421471 -0.06423833 -0.06422221 -0.06475317 -0.063825324 -0.06480849 -0.06367933
0.493 -0.06417552 -0.06422459 -0.06424791 -0.06423208 -0.06475374 -0.06382802 -0.0648123 -0.06367968
0.4935 -0.06418622 -0.06423434 -0.06425736 -0.06424183 -0.06475429 -0.06383062 -0.06481597 -0.06368
0.494 -0.06419679 -0.06424396 -0.0642667 -0.06425145 -0.064754814 -0.06383313 -0.064819515 -0.06368032
0.4945 -0.06420721 -0.06425347 -0.06427592 -0.06426095 -0.06475532 -0.06383553 -0.06482293 -0.06368062
0.495 -0.0642175 -0.06426286 -0.06428503 -0.06427032 -0.06475581 -0.06383784 -0.064826205 -0.06368092
0.4955 -0.06422765 -0.06427212 -0.06429401 -0.06427958 -0.06475628 -0.06384008 -0.064829364 -0.0636812
0.496 -0.06423766 -0.06428128 -0.06430289 -0.06428872 -0.06475674 -0.06384222 -0.064832404 -0.06368147
0.4965 -0.06424755 -0.06429031 -0.06431165 -0.06429774 -0.064757176 -0.06384429 -0.06483534 -0.06368174
0.497 -0.0642573 -0.06429924 -0.06432031 -0.06430664 -0.06475759 -0.063846275 -0.064838156 -0.06368198
0.4975 -0.06426693 -0.06430805 -0.06432885 -0.06431543 -0.064757995 -0.06384818 -0.064840876 -0.06368222
0.498 -0.06427642 -0.06431675 -0.06433729 -0.06432411 -0.064758375 -0.06385002 -0.06484348 -0.06368246
0.4985 -0.0642858 -0.06432534 -0.06434562 -0.06433268 -0.06475875 -0.06385179 -0.064845994 -0.063682675
0.499 -0.06429505 -0.06433382 -0.06435384 -0.06434114 -0.06475911 -0.063853495 -0.06484842 -0.0636829
0.4995 -0.06430417 -0.06434219 -0.06436196 -0.06434949 -0.064759456 -0.06385513 -0.06485075 -0.0636831
0.5 -0.06431318 -0.06435046 -0.06436998 -0.06435773 -0.06475979 -0.06385671 -0.064853 -0.0636833
