0.0 -0.065 -0.065 -0.065 -0.065 -0.053045794 -0.07674986 -0.06401372 -0.054394245
0.0005 -0.065 -0.065 -0.065 -0.065 -0.060124837 -0.070454426 -0.058549397 -0.06262506
0.001 -0.065 -0.065 -0.065 -0.065 -0.06329603 -0.06803383 -0.056759797 -0.066123575
0.0015 -0.065 -0.065 -0.065 -0.065 -0.064856865 -0.06714535 -0.056748927 -0.06714086
0.002 -0.065 -0.065 -0.065 -0.065 -0.06568032 -0.0668856 -0.05741992 -0.06700068
0.0025 -0.065 -0.065 -0.065 -0.065 -0.066109575 -0.066895455 -0.05825224 -0.06642111
0.003 -0.065 -0.065 -0.065 -0.065 -0.06630039 -0.06701674 -0.05904787 -0.06575123
0.0035 -0.065 -0.065 -0.065 -0.065 -0.06634179 -0.06717202 -0.05975606 -0.06513877
0.004 -0.065 -0.065 -0.065 -0.065 -0.06629401 -0.067321666 -0.06037978 -0.06463231
0.0045 -0.065 -0.065 -0.065 -0.065 -0.06619966 -0.067446545 -0.06093452 -0.06423643
0.005 -0.065 -0.065 -0.065 -0.065 -0.06608777 -0.06753953 -0.06143412 -0.06393896
0.0055 -0.065 -0.065 -0.065 -0.065 -0.06597667 -0.0676002 -0.061887786 -0.06372314
0.006 -0.065 -0.065 -0.065 -0.065 -0.06587684 -0.06763171 -0.062301118 -0.06357276
0.0065 -0.065 -0.065 -0.065 -0.065 -0.06579326 -0.06763862 -0.06267753 -0.06347379
0.007 -0.065 -0.065 -0.065 -0.065 -0.06572743 -0.067625836 -0.06301953 -0.06341472
0.0075 -0.065 -0.065 -0.065 -0.065 -0.065678746 -0.067597814 -0.06332922 -0.06338632
0.008 -0.065 -0.065 -0.065 -0.065 -0.06564553 -0.06755842 -0.06360881 -0.06338124
0.0085 -0.065 -0.065 -0.065 -0.065 -0.06562563 -0.06751081 -0.06386052 -0.06339368
0.009 -0.065 -0.065 -0.065 -0.065 -0.06561678 -0.06745748 -0.06408663 -0.06341915
0.0095 -0.065 -0.065 -0.065 -0.065 -0.06561683 -0.06740039 -0.06428941 -0.06345403
0.01 -0.065 -0.065 -0.065 -0.065 -0.06562386 -0.067341 -0.06447108 -0.06349555
0.0105 -0.065 -0.065 -0.065 -0.065 -0.06563618 -0.067280434 -0.06463371 -0.06354152
0.011 -0.065 -0.065 -0.065 -0.065 -0.065652385 -0.06721951 -0.06477922 -0.063590266
0.0115 -0.065 -0.065 -0.065 -0.065 -0.0656713 -0.06715882 -0.06490941 -0.06364052
0.012 -0.065 -0.065 -0.065 -0.065 -0.06569195 -0.06709879 -0.065025866 -0.06369129
0.0125 -0.065 -0.065 -0.065 -0.065 -0.065713555 -0.067039736 -0.06513005 -0.0637418
0.013 -0.065 -0.065 -0.065 -0.065 -0.06573551 -0.06698187 -0.06522325 -0.06379154
0.0135 -0.065 -0.065 -0.065 -0.065 -0.06575731 -0.06692533 -0.06530662 -0.06384008
0.014 -0.065 -0.065 -0.065 -0.065 -0.0657786 -0.06687021 -0.065381214 -0.063887134
0.0145 -0.065 -0.065 -0.065 -0.065 -0.065799065 -0.066816546 -0.06544794 -0.06393254
0.015 -0.065 -0.065 -0.065 -0.065 -0.06581852 -0.06676437 -0.065507606 -0.063976124
0.0155 -0.065 -0.065 -0.065 -0.065 -0.065836795 -0.06671368 -0.065560944 -0.064017855
0.016 -0.065 -0.065 -0.065 -0.065 -0.06585378 -0.066664465 -0.0656086 -0.064057685
0.0165 -0.065 -0.065 -0.065 -0.065 -0.065869436 -0.066616714 -0.06565116 -0.0640956
0.017 -0.065 -0.065 -0.065 -0.065 -0.0658837 -0.06657038 -0.06568913 -0.06413166
0.0175 -0.065 -0.065 -0.065 -0.065 -0.06589658 -0.066525444 -0.065722965 -0.064165875
0.018 -0.065 -0.065 -0.065 -0.065 -0.06590806 -0.066481866 -0.06575307 -0.064198285
0.0185 -0.065 -0.065 -0.065 -0.065 -0.06591817 -0.06643962 -0.065779835 -0.06422895
0.019 -0.065 -0.065 -0.065 -0.065 -0.06592694 -0.06639863 -0.06580356 -0.064257964
0.0195 -0.065 -0.065 -0.065 -0.065 -0.06593443 -0.066358894 -0.06582453 -0.06428537
0.02 -0.065 -0.065 -0.065 -0.065 -0.065940656 -0.06632037 -0.065843046 -0.06431122
0.0205 -0.065 -0.065 -0.065 -0.065 -0.065945685 -0.06628299 -0.06585931 -0.064335614
0.021 -0.065 -0.065 -0.065 -0.065 -0.06594955 -0.066246726 -0.06587354 -0.064358585
0.0215 -0.065 -0.065 -0.065 -0.065 -0.065952316 -0.066211544 -0.065885924 -0.06438021
0.022 -0.065 -0.065 -0.065 -0.065 -0.065954044 -0.06617741 -0.06589665 -0.064400576
0.0225 -0.065 -0.065 -0.065 -0.065 -0.06595476 -0.06614429 -0.06590585 -0.06441971
0.023 -0.065 -0.065 -0.065 -0.065 -0.06595454 -0.06611212 -0.06591368 -0.064437695
0.0235 -0.065 -0.065 -0.065 -0.065 -0.06595343 -0.0660809 -0.065920234 -0.06445457
0.024 -0.065 -0.065 -0.065 -0.065 -0.06595148 -0.066050574 -0.06592566 -0.06447041
0.0245 -0.065 -0.065 -0.065 -0.065 -0.06594874 -0.06602113 -0.06593005 -0.06448525
0.025 -0.065 -0.065 -0.065 -0.065 -0.06594524 -0.06599249 -0.06593349 -0.06449914
0.0255 -0.065 -0.065 -0.065 -0.065 -0.06594105 -0.06596467 -0.065936066 -0.06451215
0.026 -0.065 -0.065 -0.065 -0.065 -0.06593621 -0.0659376 -0.065937854 -0.0645243
0.0265 -0.065 -0.065 -0.065 -0.065 -0.065930754 -0.06591131 -0.065938935 -0.06453563
0.027 -0.065 -0.065 -0.065 -0.065 -0.06592472 -0.06588569 -0.06593934 -0.06454622
0.0275 -0.065 -0.065 -0.065 -0.065 -0.06591813 -0.06586078 -0.06593916 -0.06455606
0.028 -0.065 -0.065 -0.065 -0.065 -0.06591104 -0.065836504 -0.06593841 -0.06456522
0.0285 -0.065 -0.065 -0.065 -0.065 -0.06590351 -0.06581287 -0.06593719 -0.064573735
0.029 -0.065 -0.065 -0.065 -0.065 -0.0658955 -0.06578983 -0.0659355 -0.064581595
0.0295 -0.065 -0.065 -0.065 -0.065 -0.06588712 -0.06576739 -0.06593339 -0.064588904
0.03 -0.065 -0.065 -0.065 -0.065 -0.06587835 -0.0657455 -0.06593089 -0.06459564
0.0305 -0.065 -0.065 -0.065 -0.065 -0.065869235 -0.06572415 -0.06592806 -0.064601846
0.031 -0.065 -0.065 -0.065 -0.065 -0.0658598 -0.06570332 -0.0659249 -0.064607546
0.0315 -0.065 -0.065 -0.065 -0.065 -0.06585007 -0.06568297 -0.06592144 -0.06461277
0.032 -0.065 -0.065 -0.065 -0.065 -0.065840065 -0.06566309 -0.065917715 -0.06461753
0.0325 -0.065 -0.065 -0.065 -0.065 -0.065829806 -0.06564368 -0.06591375 -0.06462188
0.033 -0.065 -0.065 -0.065 -0.065 -0.06581932 -0.0656247 -0.065909564 -0.0646258
0.0335 -0.065 -0.065 -0.065 -0.065 -0.065808624 -0.06560613 -0.06590516 -0.06462936
0.034 -0.065 -0.065 -0.065 -0.065 -0.06579773 -0.065587975 -0.06590058 -0.06463254
0.0345 -0.065 -0.065 -0.065 -0.065 -0.06578667 -0.065570205 -0.06589583 -0.06463538
0.035 -0.065 -0.065 -0.065 -0.065 -0.065775454 -0.065552816 -0.06589094 -0.064637884
0.0355 -0.065 -0.065 -0.065 -0.065 -0.06576409 -0.06553577 -0.06588587 -0.06464008
0.036 -0.065 -0.065 -0.065 -0.065 -0.06575259 -0.06551907 -0.065880686 -0.06464197
0.0365 -0.065 -0.065 -0.065 -0.065 -0.06574097 -0.065502696 -0.06587539 -0.06464358
0.037 -0.065 -0.065 -0.065 -0.065 -0.065729275 -0.065486655 -0.065869994 -0.06464492
0.0375 -0.065 -0.065 -0.065 -0.065 -0.06571749 -0.06547091 -0.0658645 -0.06464602
0.038 -0.065 -0.065 -0.065 -0.065 -0.06570561 -0.06545545 -0.0658589 -0.06464688
0.0385 -0.065 -0.065 -0.065 -0.065 -0.06569367 -0.06544027 -0.06585324 -0.06464751
0.039 -0.065 -0.065 -0.065 -0.065 -0.06568168 -0.065425366 -0.0658475 -0.06464794
0.0395 -0.065 -0.065 -0.065 -0.065 -0.06566965 -0.06541075 -0.06584171 -0.06464814
0.04 -0.065 -0.065 -0.065 -0.065 -0.065657586 -0.06539635 -0.06583585 -0.064648174
0.0405 -0.065 -0.065 -0.065 -0.065 -0.06564548 -0.0653822 -0.06582995 -0.064647995
0.041 -0.065 -0.065 -0.065 -0.065 -0.065633364 -0.0653683 -0.065824 -0.06464767
0.0415 -0.065 -0.065 -0.065 -0.065 -0.06562124 -0.06535462 -0.06581801 -0.064647175
0.042 -0.065 -0.065 -0.065 -0.065 -0.06560909 -0.065341145 -0.06581199 -0.06464653
0.0425 -0.065 -0.065 -0.065 -0.065 -0.06559695 -0.0653279 -0.065805934 -0.06464572
0.043 -0.065 -0.065 -0.065 -0.065 -0.06558483 -0.06531486 -0.06579987 -0.064644784
0.0435 -0.065 -0.065 -0.065 -0.065 -0.06557272 -0.06530201 -0.065793775 -0.064643726
0.044 -0.065 -0.065 -0.065 -0.065 -0.065560624 -0.06528933 -0.06578766 -0.06464253
0.0445 -0.065 -0.065 -0.065 -0.065 -0.06554854 -0.06527686 -0.06578153 -0.06464122
0.045 -0.065 -0.065 -0.065 -0.065 -0.065536514 -0.06526456 -0.065775394 -0.06463981
0.0455 -0.065 -0.065 -0.065 -0.065 -0.065524496 -0.06525244 -0.065769255 -0.064638294
0.046 -0.065 -0.065 -0.065 -0.065 -0.06551252 -0.06524047 -0.0657631 -0.06463668
0.0465 -0.065 -0.065 -0.065 -0.065 -0.06550059 -0.06522868 -0.06575696 -0.064634964
0.047 -0.065 -0.065 -0.065 -0.065 -0.0654887 -0.06521705 -0.065750815 -0.06463316
0.0475 -0.065 -0.065 -0.065 -0.065 -0.06547688 -0.065205544 -0.06574468 -0.064631306
0.048 -0.065 -0.065 -0.065 -0.065 -0.065465085 -0.06519421 -0.06573854 -0.06462933
0.0485 -0.065 -0.065 -0.065 -0.065 -0.06545336 -0.06518301 -0.06573242 -0.06462732
0.049 -0.065 -0.065 -0.065 -0.065 -0.06544169 -0.06517197 -0.065726295 -0.06462523
0.0495 -0.065 -0.065 -0.065 -0.065 -0.065430075 -0.06516105 -0.06572019 -0.06462309
0.05 -0.065 -0.065 -0.065 -0.065 -0.06541853 -0.065150276 -0.06571409 -0.06462086
0.0505 -0.065 -0.065 -0.065 -0.065 -0.06540705 -0.06513963 -0.06570803 -0.06461858
0.051 -0.065 -0.065 -0.065 -0.065 -0.06539562 -0.0651291 -0.06570197 -0.06461626
0.0515 -0.065 -0.065 -0.065 -0.065 -0.06538428 -0.065118715 -0.06569593 -0.06461389
0.052 -0.065 -0.065 -0.065 -0.065 -0.06537299 -0.06510843 -0.0656899 -0.06461147
0.0525 -0.065 -0.065 -0.065 -0.065 -0.06536178 -0.065098256 -0.0656839 -0.06460901
0.053 -0.065 -0.065 -0.065 -0.065 -0.06535065 -0.06508821 -0.065677926 -0.064606525
0.0535 -0.065 -0.065 -0.065 -0.065 -0.06533958 -0.06507827 -0.06567195 -0.064603984
0.054 -0.065 -0.065 -0.065 -0.065 -0.0653286 -0.06506845 -0.06566602 -0.06460142
0.0545 -0.065 -0.065 -0.065 -0.065 -0.06531769 -0.06505872 -0.065660104 -0.06459883
0.055 -0.065 -0.065 -0.065 -0.065 -0.065306865 -0.06504911 -0.06565423 -0.064596206
0.0555 -0.065 -0.065 -0.065 -0.065 -0.0652961 -0.0650396 -0.06564836 -0.06459353
0.056 -0.065 -0.065 -0.065 -0.065 -0.06528543 -0.0650302 -0.065642536 -0.064590864
0.0565 -0.065 -0.065 -0.065 -0.065 -0.065274835 -0.06502089 -0.06563673 -0.06458816
0.057 -0.065 -0.065 -0.065 -0.065 -0.065264314 -0.06501167 -0.06563096 -0.06458543
0.0575 -0.065 -0.065 -0.065 -0.065 -0.06525388 -0.065002546 -0.065625206 -0.064582705
0.058 -0.065 -0.065 -0.065 -0.065 -0.065243535 -0.06499352 -0.06561948 -0.064579956
0.0585 -0.065 -0.065 -0.065 -0.065 -0.06523326 -0.0649846 -0.06561381 -0.06457719
0.059 -0.065 -0.065 -0.065 -0.065 -0.06522309 -0.06497576 -0.065608166 -0.06457442
0.0595 -0.065 -0.065 -0.065 -0.065 -0.06521298 -0.064967014 -0.06560254 -0.064571634
0.06 -0.065 -0.065 -0.065 -0.065 -0.06520296 -0.064958334 -0.06559694 -0.06456883
0.0605 -0.065 -0.065 -0.065 -0.065 -0.06519302 -0.064949766 -0.06559138 -0.06456602
0.061 -0.065 -0.065 -0.065 -0.065 -0.06518316 -0.064941265 -0.06558585 -0.06456323
0.0615 -0.065 -0.065 -0.065 -0.065 -0.06517339 -0.06493285 -0.06558035 -0.06456039
0.062 -0.065 -0.065 -0.065 -0.065 -0.0651637 -0.06492452 -0.065574884 -0.06455758
0.0625 -0.065 -0.065 -0.065 -0.065 -0.06515409 -0.06491627 -0.06556946 -0.06455474
0.063 -0.065 -0.065 -0.065 -0.065 -0.065144576 -0.06490811 -0.06556405 -0.06455192
0.0635 -0.065 -0.065 -0.065 -0.065 -0.06513514 -0.064900026 -0.0655587 -0.06454909
0.064 -0.065 -0.065 -0.065 -0.065 -0.06512579 -0.06489201 -0.06555339 -0.06454627
0.0645 -0.065 -0.065 -0.065 -0.065 -0.06511651 -0.06488407 -0.06554808 -0.06454345
0.065 -0.065 -0.065 -0.065 -0.065 -0.06510732 -0.06487621 -0.06554283 -0.06454063
0.0655 -0.065 -0.065 -0.065 -0.065 -0.06509821 -0.06486842 -0.0655376 -0.06453781
0.066 -0.065 -0.065 -0.065 -0.065 -0.06508918 -0.06486071 -0.065532416 -0.064534985
0.0665 -0.065 -0.065 -0.065 -0.065 -0.06508024 -0.06485307 -0.06552726 -0.06453217
0.067 -0.065 -0.065 -0.065 -0.065 -0.065071374 -0.0648455 -0.065522134 -0.06452938
0.0675 -0.065 -0.065 -0.065 -0.065 -0.0650626 -0.064838 -0.06551705 -0.06452657
0.068 -0.065 -0.065 -0.065 -0.065 -0.06505389 -0.06483057 -0.065512 -0.06452378
0.0685 -0.065 -0.065 -0.065 -0.065 -0.06504527 -0.064823225 -0.065506995 -0.06452099
0.069 -0.065 -0.065 -0.065 -0.065 -0.06503674 -0.06481594 -0.06550201 -0.06451823
0.0695 -0.065 -0.065 -0.065 -0.065 -0.065028265 -0.06480871 -0.06549706 -0.064515434
0.07 -0.065 -0.065 -0.065 -0.065 -0.06501989 -0.06480155 -0.06549215 -0.064512685
0.0705 -0.065 -0.065 -0.065 -0.065 -0.06501158 -0.064794466 -0.06548729 -0.06450994
0.071 -0.065 -0.065 -0.065 -0.065 -0.06500335 -0.06478743 -0.06548244 -0.06450721
0.0715 -0.065 -0.065 -0.065 -0.065 -0.0649952 -0.06478048 -0.06547764 -0.06450446
0.072 -0.065 -0.065 -0.065 -0.065 -0.06498713 -0.06477358 -0.065472886 -0.06450175
0.0725 -0.065 -0.065 -0.065 -0.065 -0.06497915 -0.06476675 -0.06546816 -0.06449905
0.073 -0.065 -0.065 -0.065 -0.065 -0.06497122 -0.06475998 -0.06546347 -0.06449635
0.0735 -0.065 -0.065 -0.065 -0.065 -0.06496337 -0.064753264 -0.06545879 -0.06449368
0.074 -0.065 -0.065 -0.065 -0.065 -0.064955615 -0.064746626 -0.06545417 -0.064491004
0.0745 -0.065 -0.065 -0.065 -0.065 -0.06494793 -0.06474003 -0.06544958 -0.06448836
0.075 -0.065 -0.065 -0.065 -0.065 -0.0649403 -0.064733505 -0.06544502 -0.06448572
0.0755 -0.065 -0.065 -0.065 -0.065 -0.06493276 -0.06472705 -0.065440506 -0.06448309
0.076 -0.065 -0.065 -0.065 -0.065 -0.0649253 -0.064720646 -0.06543602 -0.06448046
0.0765 -0.065 -0.065 -0.065 -0.065 -0.06491791 -0.0647143 -0.06543158 -0.06447789
0.077 -0.065 -0.065 -0.065 -0.065 -0.06491058 -0.064707994 -0.065427154 -0.06447529
0.0775 -0.065 -0.065 -0.065 -0.065 -0.06490333 -0.064701766 -0.06542277 -0.064472735
0.078 -0.065 -0.065 -0.065 -0.065 -0.06489614 -0.0646956 -0.06541844 -0.06447017
0.0785 -0.065 -0.065 -0.065 -0.065 -0.06488903 -0.06468948 -0.06541413 -0.064467624
0.079 -0.065 -0.065 -0.065 -0.065 -0.064881995 -0.06468341 -0.06540984 -0.064465106
0.0795 -0.065 -0.065 -0.065 -0.065 -0.06487502 -0.0646774 -0.06540561 -0.0644626
0.08 -0.065 -0.065 -0.065 -0.065 -0.06486811 -0.06467146 -0.0654014 -0.0644601
0.0805 -0.065 -0.065 -0.065 -0.065 -0.06486128 -0.064665556 -0.0653972 -0.06445763
0.081 -0.065 -0.065 -0.065 -0.065 -0.0648545 -0.06465971 -0.065393075 -0.06445517
0.0815 -0.065 -0.065 -0.065 -0.065 -0.06484781 -0.064653926 -0.06538898 -0.06445272
0.082 -0.065 -0.065 -0.065 -0.065 -0.064841166 -0.06464819 -0.065384895 -0.06445027
0.0825 -0.065 -0.065 -0.065 -0.065 -0.064834595 -0.064642504 -0.06538086 -0.064447865
0.083 -0.065 -0.065 -0.065 -0.065 -0.064828105 -0.06463687 -0.06537685 -0.064445466
0.0835 -0.065 -0.065 -0.065 -0.065 -0.06482165 -0.06463129 -0.06537287 -0.064443074
0.084 -0.065 -0.065 -0.065 -0.065 -0.06481529 -0.06462577 -0.06536895 -0.06444072
0.0845 -0.065 -0.065 -0.065 -0.065 -0.06480898 -0.06462029 -0.06536503 -0.06443837
0.085 -0.065 -0.065 -0.065 -0.065 -0.064802736 -0.06461486 -0.06536116 -0.06443603
0.0855 -0.065 -0.065 -0.065 -0.065 -0.06479656 -0.06460949 -0.06535733 -0.06443372
0.086 -0.065 -0.065 -0.065 -0.065 -0.06479042 -0.06460415 -0.065353505 -0.06443142
0.0865 -0.065 -0.065 -0.065 -0.065 -0.06478436 -0.06459889 -0.065349735 -0.06442915
0.087 -0.065 -0.065 -0.065 -0.065 -0.06477836 -0.06459364 -0.06534599 -0.06442688
0.0875 -0.065 -0.065 -0.065 -0.065 -0.06477243 -0.064588465 -0.06534227 -0.06442463
0.088 -0.065 -0.065 -0.065 -0.065 -0.06476655 -0.06458332 -0.0653386 -0.064422406
0.0885 -0.065 -0.065 -0.065 -0.065 -0.06476072 -0.064578235 -0.065334946 -0.06442018
0.089 -0.065 -0.065 -0.065 -0.065 -0.06475498 -0.0645732 -0.06533133 -0.064418
0.0895 -0.065 -0.065 -0.065 -0.065 -0.06474927 -0.06456819 -0.065327734 -0.06441581
0.09 -0.065 -0.065 -0.065 -0.065 -0.06474362 -0.06456325 -0.06532419 -0.06441364
0.0905 -0.065 -0.065 -0.065 -0.065 -0.064738035 -0.06455835 -0.06532067 -0.0644115
0.091 -0.065 -0.065 -0.065 -0.065 -0.0647325 -0.064553484 -0.06531716 -0.06440936
0.0915 -0.065 -0.065 -0.065 -0.065 -0.06472703 -0.06454867 -0.0653137 -0.06440725
0.092 -0.065 -0.065 -0.065 -0.065 -0.0647216 -0.0645439 -0.065310255 -0.06440514
0.0925 -0.065 -0.065 -0.065 -0.065 -0.06471625 -0.06453919 -0.06530686 -0.06440307
0.093 -0.065 -0.065 -0.065 -0.065 -0.06471093 -0.064534515 -0.065303504 -0.06440101
0.0935 -0.065 -0.065 -0.065 -0.065 -0.06470567 -0.06452987 -0.06530014 -0.06439896
0.094 -0.065 -0.065 -0.065 -0.065 -0.06470047 -0.06452528 -0.06529682 -0.064396925
0.0945 -0.065 -0.065 -0.065 -0.065 -0.06469532 -0.06452073 -0.065293536 -0.0643949
0.095 -0.065 -0.065 -0.065 -0.065 -0.06469022 -0.064516224 -0.06529028 -0.0643929
0.0955 -0.065 -0.065 -0.065 -0.065 -0.06468518 -0.06451176 -0.06528705 -0.06439093
0.096 -0.065 -0.065 -0.065 -0.065 -0.06468019 -0.06450734 -0.065283865 -0.06438895
0.0965 -0.065 -0.065 -0.065 -0.065 -0.06467525 -0.064502954 -0.06528069 -0.06438701
0.097 -0.065 -0.065 -0.065 -0.065 -0.064670354 -0.06449861 -0.06527753 -0.064385064
0.0975 -0.065 -0.065 -0.065 -0.065 -0.064665504 -0.0644943 -0.06527442 -0.06438315
0.098 -0.065 -0.065 -0.065 -0.065 -0.06466071 -0.06449005 -0.06527133 -0.06438123
0.0985 -0.065 -0.065 -0.065 -0.065 -0.06465596 -0.06448583 -0.06526827 -0.06437935
0.099 -0.065 -0.065 -0.065 -0.065 -0.06465127 -0.064481646 -0.06526524 -0.06437748
0.0995 -0.065 -0.065 -0.065 -0.065 -0.06464662 -0.0644775 -0.06526223 -0.064375624
0.1 -0.065 -0.065 -0.065 -0.065 -0.042953655 -0.07302669 -0.087550215 -0.031159358
0.1005 -0.05395411 -0.05424113 -0.0503403 -0.04905331 -0.042961314 -0.05295512 -0.07403966 -0.021690935
0.101 -0.03890795 -0.03747828 -0.03240716 -0.03278831 -0.039441787 -0.03191416 -0.060549993 -0.012807429
0.1015 -0.02814193 -0.01790903 -0.01727841 -0.02045658 -0.035440274 -0.010437727 -0.047176756 -0.0049771927
0.102 -0.02069542 0.003178119 -0.004227219 -0.009795039 -0.031155705 0.011369452 -0.033709716 0.002352871
0.1025 -0.0150448 0.0250925 0.007807406 0.0001286696 -0.026737183 0.033361554 -0.02017032 0.009410176
0.103 -0.01028089 0.0474125 0.01940331 0.009585489 -0.022250684 0.055431634 -0.0065930933 0.016304791
0.1035 -0.005937762 0.06993615 0.03085921 0.0186779 -0.01772906 0.07750501 0.00699237 0.02308923
0.104 -0.00178744 0.09256156 0.04231596 0.02745464 -0.013190141 0.099528834 0.020562962 0.029788647
0.1045 0.002247947 0.1152241 0.05373037 0.03590317 -0.008644681 0.121463984 0.034100175 0.036414716
0.105 0.006173272 0.1378681 0.06514498 0.04397101 -0.004099738 0.14327972 0.047588713 0.04297239
0.1055 0.01004466 0.1604401 0.07662013 0.05175869 0.00043948367 0.16495103 0.061015382 0.049463075
0.106 0.01390944 0.1828917 0.08816177 0.05932093 0.0049689114 0.18645671 0.07436852 0.055886272
0.1065 0.01777463 0.2051775 0.09972897 0.06667168 0.009485148 0.20777825 0.08763754 0.062240448
0.107 0.02162822 0.2272565 0.1113051 0.07379875 0.013985164 0.22889927 0.10081287 0.06852354
0.1075 0.02547291 0.2490907 0.1228791 0.08072575 0.018466312 0.24980536 0.113885865 0.07473324
0.108 0.02931324 0.2706478 0.134441 0.08746946 0.022926103 0.2704837 0.12684865 0.080867186
0.1085 0.03314654 0.2919015 0.1459791 0.09403694 0.027362265 0.29092276 0.1396941 0.08692308
0.109 0.03696713 0.3124343 0.1574776 0.1004319 0.031772718 0.3111124 0.15241583 0.09289867
0.1095 0.04076905 0.3318113 0.1689008 0.1066564 0.03615547 0.33104402 0.16500822 0.09879197
0.11 0.04454797 0.3506541 0.1802432 0.112717 0.040508725 0.35070977 0.17746614 0.10460113
0.1105 0.04830111 0.3692651 0.1915119 0.1186187 0.044830732 0.3701029 0.18978523 0.1103245
0.111 0.0520266 0.3877729 0.2027119 0.1243664 0.049119897 0.38921806 0.20196165 0.11596069
0.1115 0.05572328 0.4062089 0.2138441 0.1299648 0.053374723 0.4080505 0.2139922 0.121508524
0.112 0.05939041 0.424555 0.2249059 0.1354189 0.057593904 0.4265965 0.22587405 0.12696704
0.1125 0.06302755 0.4427713 0.2358928 0.1407335 0.06177608 0.4448531 0.23760508 0.13233553
0.113 0.06663443 0.4608112 0.2467994 0.1459072 0.06592011 0.46281812 0.24918337 0.13761337
0.1135 0.07021071 0.4786304 0.2576206 0.1509458 0.0700249 0.48049018 0.26060754 0.14280035
0.114 0.07375616 0.4961907 0.2683517 0.1558612 0.0740895 0.49786815 0.2718767 0.14789627
0.1145 0.07727063 0.5134613 0.2789883 0.1606582 0.07811298 0.5149518 0.28299022 0.15290123
0.115 0.08075414 0.5304188 0.2895263 0.1653407 0.08209445 0.5317416 0.29394776 0.15781538
0.1155 0.08419939 0.5470457 0.2999613 0.1699053 0.08603328 0.5482378 0.3047492 0.16263916
0.116 0.08759454 0.5633286 0.3102875 0.1743514 0.089928664 0.56444156 0.31539476 0.16737306
0.1165 0.090956 0.579261 0.320505 0.1786939 0.09378005 0.5803542 0.325885 0.17201774
0.117 0.09429381 0.5948416 0.330614 0.1829395 0.09758689 0.59597754 0.33622056 0.17657398
0.1175 0.09760871 0.6100723 0.3406131 0.1870861 0.101348676 0.61131346 0.3464023 0.18104263
0.118 0.1008762 0.6249548 0.3504918 0.1910754 0.10506501 0.62636423 0.356431 0.18542473
0.1185 0.1040922 0.6394943 0.360248 0.1949488 0.10873545 0.6411321 0.36630803 0.18972133
0.119 0.1072797 0.6536994 0.3698906 0.198749 0.11235965 0.65561986 0.37603462 0.19393353
0.1195 0.1104494 0.6675795 0.3794235 0.2024867 0.11593739 0.6698297 0.38561183 0.19806264
0.12 0.1136016 0.6811439 0.3888463 0.2061625 0.11946837 0.68376505 0.3950414 0.20210992
0.1205 0.1167332 0.6944018 0.3981572 0.2097751 0.122952394 0.69742835 0.4043246 0.2060766
0.121 0.11984 0.7073618 0.4073548 0.2133231 0.1263893 0.71082294 0.41346323 0.20996423
0.1215 0.1229189 0.7200324 0.416438 0.216806 0.12977898 0.7239516 0.42245853 0.2137741
0.122 0.125968 0.7324218 0.4254062 0.2202238 0.13312125 0.7368175 0.43131232 0.2175077
0.1225 0.1289829 0.7445375 0.4342586 0.2235679 0.13641614 0.74942374 0.44002634 0.22116645
0.123 0.1319381 0.7563843 0.442988 0.2267024 0.13966355 0.76177347 0.44860214 0.22475185
0.1235 0.134828 0.76797 0.4515957 0.2295728 0.14286354 0.77386975 0.4570412 0.22826539
0.124 0.137682 0.7793027 0.4600885 0.2324538 0.14601606 0.78571594 0.46534562 0.2317086
0.1245 0.1405222 0.79039 0.4684708 0.2353647 0.1491212 0.79731524 0.47351676 0.23508294
0.125 0.1433522 0.8012392 0.4767436 0.2382883 0.152179 0.808671 0.48155653 0.23838986
0.1255 0.1461675 0.8118568 0.4849067 0.2412044 0.1551897 0.81978583 0.48946637 0.24163102
0.126 0.1489617 0.8222489 0.4929595 0.2438531 0.15815327 0.83066356 0.4972481 0.24480774
0.1265 0.1517288 0.832421 0.5009015 0.2464207 0.16106996 0.84130716 0.50490344 0.24792154
0.127 0.1544651 0.8423772 0.5087306 0.2490344 0.1639399 0.85171974 0.5124337 0.25097382
0.1275 0.1571698 0.8521225 0.5164472 0.2516867 0.16676337 0.86190474 0.519841 0.25396612
0.128 0.1598441 0.8616628 0.5240549 0.2543572 0.16954052 0.8718655 0.5271268 0.25689983
0.1285 0.1624875 0.8710027 0.5315551 0.2567362 0.1722717 0.881605 0.53429264 0.25977632
0.129 0.1650902 0.8801468 0.5389477 0.2590714 0.1749571 0.8911265 0.5413402 0.26259696
0.1295 0.1676391 0.8890772 0.545286 0.2614595 0.1775971 0.9004334 0.548271 0.26536307
0.13 0.1701525 0.8977716 0.5513828 0.2638907 0.11367784 0.84320354 0.5069983 0.24901198
0.1305 0.1616056 0.8955019 0.5431775 0.2504226 0.14249924 0.8619325 0.5260356 0.24947856
0.131 0.1490345 0.887058 0.532039 0.236646 0.15540847 0.8633561 0.534551 0.2384962
0.1315 0.140696 0.875648 0.5237691 0.2267498 0.16231892 0.8595619 0.5370746 0.22499059
0.132 0.1356394 0.8625636 0.5175544 0.2184752 0.16399956 0.8526888 0.5355053 0.21158062
0.1325 0.1323437 0.8484564 0.5123085 0.2109155 0.16268447 0.84384215 0.5315094 0.19964328
0.133 0.1298968 0.8336845 0.507356 0.2037836 0.159801 0.833192 0.52600616 0.18928392
0.1335 0.127827 0.8184406 0.5014926 0.1969812 0.15624481 0.8210064 0.5195964 0.18037884
0.134 0.1259175 0.8028566 0.4955299 0.1904649 0.15250602 0.8075838 0.5126511 0.17271094
0.1345 0.1240898 0.7870702 0.4898689 0.1842108 0.14882842 0.79322803 0.5053987 0.16605602
0.135 0.1223064 0.7711935 0.4844376 0.1782013 0.14531729 0.7782111 0.49797904 0.16021219
0.1355 0.120546 0.7553115 0.4790991 0.1724214 0.14200544 0.7627609 0.490479 0.15500998
0.136 0.1187961 0.7394881 0.4737514 0.1668578 0.13889012 0.74706125 0.4829529 0.15031262
0.1365 0.1170484 0.7237715 0.468336 0.1614984 0.13595304 0.7312583 0.4754359 0.14601217
0.137 0.1152962 0.7081988 0.4628268 0.1563321 0.13317087 0.71546423 0.46795148 0.14202474
0.1375 0.1135418 0.6927989 0.4572176 0.1513486 0.13052008 0.69976604 0.46051556 0.1382854
0.138 0.1117865 0.6775945 0.4515134 0.1465387 0.12797919 0.6842295 0.45313972 0.13474448
0.1385 0.1100307 0.6626037 0.4457249 0.1418936 0.12552977 0.66890407 0.44583237 0.13136376
0.139 0.1082748 0.6478404 0.4398645 0.1374052 0.12315626 0.65382564 0.43859977 0.12811416
0.1395 0.1065192 0.6333159 0.4339453 0.1330658 0.120846026 0.63902044 0.43144655 0.124973476
0.14 0.1047645 0.6190383 0.4279797 0.1288682 0.11858868 0.62450624 0.4243766 0.121924624
0.1405 0.1030112 0.605014 0.421979 0.1248056 0.116376005 0.6102942 0.4173925 0.11895485
0.141 0.10126 0.5912471 0.4159534 0.1208718 0.11420133 0.59639096 0.410496 0.11605422
0.1415 0.09951167 0.5777406 0.4099121 0.1170609 0.11205944 0.5827993 0.4036886 0.11321528
0.142 0.09776683 0.5644957 0.4038632 0.1133671 0.109946124 0.56951845 0.39697093 0.11043239
0.1425 0.09602616 0.5515127 0.3978139 0.1097852 0.107858084 0.55654585 0.390343 0.10770126
0.143 0.09429032 0.538791 0.3917703 0.1063102 0.10579274 0.5438771 0.3838051 0.105018556
0.1435 0.09255994 0.526329 0.3857384 0.1029375 0.10374803 0.53150606 0.3773563 0.1023819
0.144 0.09083561 0.5141247 0.379723 0.09966262 0.10172235 0.51942647 0.37099606 0.09978934
0.1445 0.08911791 0.5021754 0.3737286 0.09648133 0.09971436 0.5076302 0.3647232 0.09723942
0.145 0.08740737 0.4904778 0.3677595 0.09338971 0.09772318 0.49610993 0.35853666 0.094731
0.1455 0.08570451 0.4790286 0.3618191 0.09038401 0.09574794 0.48485717 0.35243487 0.09226327
0.146 0.08400979 0.4678239 0.3559108 0.08746069 0.093788125 0.47386357 0.34641647 0.089835405
0.1465 0.08232368 0.4568596 0.3500375 0.08461642 0.09184318 0.46312085 0.34047973 0.08744685
0.147 0.08064659 0.4461316 0.3442021 0.08184802 0.089912884 0.4526209 0.33462316 0.08509712
0.1475 0.07897894 0.4356356 0.3384069 0.07915248 0.08799692 0.4423553 0.32884485 0.08278562
0.148 0.07732108 0.425367 0.3326541 0.07652697 0.08609515 0.43231645 0.32314336 0.08051209
0.1485 0.07567339 0.4153215 0.3269459 0.07396879 0.08420747 0.42249647 0.31751686 0.07827604
0.149 0.07403618 0.4054945 0.3212839 0.07147538 0.082333826 0.41288802 0.31196374 0.076076984
0.1495 0.07240976 0.3958815 0.31567 0.0690443 0.08047426 0.4034841 0.30648237 0.07391463
0.15 0.07079443 0.3864779 0.3101056 0.06667326 0.0786288 0.39427772 0.30107117 0.071788535
0.1505 0.06919046 0.3772793 0.304592 0.06436007 0.07679745 0.38526258 0.29572868 0.069698095
0.151 0.06759808 0.3682811 0.2991305 0.06210262 0.0749804 0.37643245 0.2904535 0.06764306
0.1515 0.06601754 0.3594791 0.2937222 0.05989896 0.073177755 0.36778143 0.2852441 0.06562288
0.152 0.06444906 0.3508689 0.2883681 0.05774719 0.07138967 0.35930407 0.2800994 0.06363711
0.1525 0.06289282 0.3424461 0.2830691 0.05564551 0.06961622 0.35099515 0.27501804 0.061685126
0.153 0.06134902 0.3342066 0.2778259 0.05359223 0.06785769 0.34284964 0.2699989 0.059766617
0.1535 0.05981781 0.3261462 0.2726392 0.05158569 0.066114254 0.33486304 0.265041 0.057880964
0.154 0.05829937 0.3182609 0.2675096 0.04962436 0.06438603 0.32703087 0.26014334 0.05602761
0.1545 0.05679382 0.3105467 0.2624376 0.04770675 0.06267334 0.31934905 0.255305 0.054206174
0.155 0.05530129 0.3029996 0.2574237 0.04583145 0.060976274 0.31181368 0.25052506 0.05241592
0.1555 0.05382191 0.2956159 0.2524682 0.04399709 0.059295148 0.30442122 0.24580298 0.05065648
0.156 0.05235576 0.2883918 0.2475713 0.0422024 0.057630062 0.29716805 0.24113788 0.04892716
0.1565 0.05090294 0.2813237 0.2427334 0.04044613 0.05598127 0.2900512 0.23652913 0.0472275
0.157 0.04946353 0.274408 0.2379545 0.0387271 0.054349028 0.28306752 0.23197623 0.04555696
0.1575 0.0480376 0.2676412 0.2332349 0.03704419 0.052733466 0.2762141 0.22747864 0.043914985
0.158 0.04662521 0.2610199 0.2285745 0.0353963 0.051134817 0.2694883 0.22303583 0.042301025
0.1585 0.04522641 0.2545408 0.2239733 0.03378241 0.04955323 0.2628877 0.21864744 0.040714543
0.159 0.04384123 0.2482005 0.2194313 0.03220151 0.047988936 0.2564097 0.21431299 0.03915507
0.1595 0.04246971 0.241996 0.2149484 0.03065266 0.046442054 0.25005212 0.21003218 0.03762203
0.16 0.04111188 0.2359241 0.2105245 0.02913493 0.044912778 0.24381277 0.20580469 0.036114927
0.1605 0.03976774 0.2299818 0.2061595 0.02764746 0.043401293 0.23768967 0.20163022 0.034633335
0.161 0.0384373 0.2241661 0.2018531 0.02618939 0.04190764 0.23168069 0.19750847 0.033176582
0.1615 0.03712056 0.2184742 0.197605 0.02475992 0.040432 0.2257841 0.1934392 0.031744387
0.162 0.03581753 0.2129032 0.1934151 0.02335827 0.03897453 0.21999809 0.18942223 0.030336197
0.1625 0.03452817 0.2074504 0.189283 0.02198368 0.037535265 0.21432093 0.18545727 0.028951522
0.163 0.03325247 0.2021131 0.1852085 0.02063544 0.036114328 0.20875087 0.18154408 0.027590003
0.1635 0.03199042 0.1968887 0.1811911 0.01931285 0.034711786 0.20328638 0.17768256 0.026251163
0.164 0.03074196 0.1917747 0.1772304 0.01801524 0.03332764 0.19792587 0.17387234 0.02493449
0.1645 0.02950708 0.1867684 0.1733262 0.01674197 0.031961992 0.19266781 0.17011333 0.023639705
0.165 0.02828572 0.1818676 0.169478 0.01549243 0.030614868 0.18751073 0.16640528 0.022366345
0.1655 0.02707784 0.1770697 0.1656854 0.014266 0.029286265 0.18245316 0.16274798 0.021113958
0.166 0.02588339 0.1723726 0.1619478 0.01306211 0.027976178 0.17749369 0.15914121 0.01988225
0.1665 0.02470231 0.167774 0.158265 0.01188021 0.02668459 0.17263088 0.15558477 0.018670853
0.167 0.02353454 0.1632715 0.1546363 0.01071976 0.025411438 0.1678634 0.15207829 0.017479282
0.1675 0.02238003 0.1588631 0.1510613 0.009580236 0.024156705 0.16318983 0.14862165 0.016307253
0.168 0.02123869 0.1545467 0.1475395 0.008461136 0.02292034 0.15860885 0.14521451 0.015154462
0.1685 0.02011046 0.1503203 0.1440703 0.007361976 0.0217022 0.15411906 0.1418566 0.014020484
0.169 0.01899528 0.1461817 0.1406534 0.006282287 0.020502254 0.14971918 0.13854761 0.01290505
0.1695 0.01789305 0.1421291 0.137288 0.005221613 0.019320313 0.14540783 0.13528718 0.011807796
0.17 0.0168037 0.1381605 0.1339738 0.004179517 0.018156338 0.14118373 0.13207507 0.01072843
0.1705 0.01572715 0.1342741 0.1307101 0.003155572 0.017010074 0.13704553 0.1289108 0.009666521
0.171 0.01466331 0.130468 0.1274963 0.002149367 0.015881497 0.13299185 0.12579404 0.00862195
0.1715 0.0136121 0.1267405 0.124332 0.001160502 0.014770366 0.12902145 0.12272446 0.0075942986
0.172 0.01257342 0.1230899 0.1212166 0.0001885917 0.013676465 0.12513289 0.119701505 0.00658324
0.1725 0.01154719 0.1195144 0.1181495 -0.0007667397 0.012599666 0.121324986 0.116724834 0.0055885203
0.173 0.01053331 0.1160123 0.1151302 -0.001705855 0.011539735 0.11759628 0.11379397 0.0046098493
0.1735 0.00953169 0.1125821 0.112158 -0.002629108 0.01049643 0.113945514 0.110908434 0.003646884
0.174 0.008542227 0.1092223 0.1092324 -0.003536839 0.009469591 0.11037131 0.108067736 0.0026993714
0.1745 0.007564826 0.1059311 0.1063528 -0.004429381 0.008458864 0.10687232 0.105271354 0.0017669685
0.175 0.006599387 0.1027072 0.1035187 -0.005307057 0.007464133 0.10344727 0.10251881 0.0008494891
0.1755 0.00564581 0.099549 0.1007294 -0.006170178 0.0064850673 0.100094765 0.09980948 -5.346164e-05
0.176 0.004703993 0.09645516 0.09798443 -0.00701905 0.005521439 0.09681353 0.09714292 -0.0009420626
0.1765 0.003773833 0.09342423 0.09528318 -0.007853968 0.0045729093 0.093602195 0.09451848 -0.0018167384
0.177 0.002855226 0.09045484 0.09262508 -0.008675219 0.0036392957 0.09045941 0.091935605 -0.0026776455
0.1775 0.001948069 0.08754566 0.09000955 -0.009483082 0.0027202927 0.08738391 0.08939375 -0.003525149
0.178 0.001052255 0.08469538 0.08743602 -0.01027783 0.0018156059 0.08437431 0.08689223 -0.004359465
0.1785 0.0001676784 0.08190271 0.08490393 -0.01105972 0.0009249225 0.08142936 0.08443053 -0.0051809587
0.179 -0.0007057664 0.07916642 0.08241269 -0.01182903 4.8048794e-05 0.07854769 0.082008034 -0.0059897713
0.1795 -0.001568187 0.07648527 0.07996176 -0.01258598 -0.00081539154 0.07572803 0.07962407 -0.0067863204
0.18 -0.00241969 0.07385807 0.07755057 -0.01333084 -0.001665622 0.072969064 0.07727806 -0.0075707175
0.1805 -0.003260383 0.07128367 0.07517856 -0.01406383 -0.0025029555 0.07026957 0.074969396 -0.008343402
0.181 -0.004090374 0.06876091 0.07284517 -0.01478519 -0.0033276677 0.067628235 0.072697476 -0.009104487
0.1815 -0.004909772 0.0662887 0.07054985 -0.01549514 -0.004140038 0.06504381 0.070461646 -0.009854328
0.182 -0.005718683 0.06386594 0.06829206 -0.0161939 -0.0049403347 0.062515035 0.068261296 -0.01059318
0.1825 -0.006517217 0.06149157 0.06607126 -0.01688169 -0.0057288297 0.060040712 0.066095814 -0.011321235
0.183 -0.007305481 0.05916455 0.0638869 -0.01755871 -0.006505791 0.0576196 0.06396459 -0.012038801
0.1835 -0.008083584 0.05688387 0.06173844 -0.01822517 -0.007271493 0.05525054 0.061867043 -0.01274607
0.184 -0.008851633 0.05464854 0.05962537 -0.01888126 -0.00802619 0.052932337 0.059802577 -0.013443362
0.1845 -0.009609736 0.05245759 0.05754715 -0.01952718 -0.008770118 0.050663844 0.057770595 -0.01413082
0.185 -0.010358 0.05031007 0.05550325 -0.02016312 -0.009503547 0.04844387 0.05577047 -0.0148087405
0.1855 -0.01109653 0.04820506 0.05349318 -0.02078926 -0.01022668 0.04627134 0.053801715 -0.015477333
0.186 -0.01182544 0.04614166 0.0515164 -0.02140579 -0.010939751 0.044145137 0.0518637 -0.016136747
0.1865 -0.01254484 0.04411897 0.04957243 -0.02201286 -0.011643017 0.04206419 0.049955904 -0.016787287
0.187 -0.01325482 0.04213614 0.04766075 -0.02261067 -0.012336645 0.04002747 0.0480778 -0.017429072
0.1875 -0.01395549 0.04019232 0.04578087 -0.02319937 -0.013020914 0.038033858 0.046228804 -0.01806235
0.188 -0.01464697 0.03828669 0.04393231 -0.02377913 -0.013695959 0.036082417 0.044408455 -0.018687334
0.1885 -0.01532935 0.03641843 0.04211457 -0.02435011 -0.014361981 0.034172118 0.042616203 -0.01930413
0.189 -0.01600274 0.03458677 0.04032717 -0.02491246 -0.015019193 0.032301992 0.040851563 -0.019912992
0.1895 -0.01666724 0.03279093 0.03856965 -0.02546634 -0.01566777 0.030471101 0.03911405 -0.020514008
0.19 -0.01732296 0.03103016 0.03684154 -0.0260119 -0.016307862 0.028678514 0.03740319 -0.02110741
0.1905 -0.01797 0.02930372 0.03514236 -0.02654927 -0.016939653 0.026923344 0.035718553 -0.02169333
0.191 -0.01860846 0.02761088 0.03347167 -0.02707861 -0.017563296 0.025204696 0.03405965 -0.022271898
0.1915 -0.01923844 0.02595095 0.03182901 -0.02760006 -0.018178929 0.023521692 0.032426067 -0.022843305
0.192 -0.01986004 0.02432324 0.03021394 -0.02811374 -0.018786732 0.021873534 0.030817367 -0.023407664
0.1925 -0.02047337 0.02272708 0.02862601 -0.0286198 -0.019386804 0.02025938 0.029233113 -0.023965094
0.193 -0.02107852 0.0211618 0.0270648 -0.02911836 -0.019979281 0.018678442 0.027672961 -0.024515714
0.1935 -0.02167559 0.01962676 0.02552986 -0.02960956 -0.020564314 0.017129958 0.026136473 -0.025059674
0.194 -0.02226468 0.01812134 0.02402078 -0.03009351 -0.021142006 0.015613154 0.024623275 -0.025597084
0.1945 -0.02284589 0.01664491 0.02253715 -0.03057034 -0.021712478 0.014127314 0.023133025 -0.026128013
0.195 -0.02341931 0.01519689 0.02107854 -0.03104017 -0.022275839 0.012671709 0.02166532 -0.0266526
0.1955 -0.02398504 0.01377667 0.01964455 -0.03150311 -0.0228322 0.011245675 0.020219855 -0.027170915
0.196 -0.02454317 0.01238368 0.01823478 -0.03195929 -0.023381636 0.009848505 0.01879625 -0.027683053
0.1965 -0.0250938 0.01101736 0.01684883 -0.03240881 -0.023924273 0.00847958 0.017394222 -0.028189112
0.197 -0.02563702 0.009677164 0.01548632 -0.03285178 -0.024460182 0.0071382374 0.016013391 -0.028689165
0.1975 -0.02617292 0.008362549 0.01414685 -0.03328832 -0.024989478 0.0058238655 0.014653496 -0.029183317
0.198 -0.0267016 0.007072988 0.01283005 -0.03371852 -0.025512222 0.0045358613 0.01331421 -0.02967162
0.1985 -0.02722314 0.005807969 0.01153555 -0.0341425 -0.026028521 0.003273636 0.011995219 -0.03015418
0.199 -0.02773764 0.004566987 0.01026298 -0.03456035 -0.026538413 0.002036631 0.010696277 -0.030630995
0.1995 -0.02824518 0.00334955 0.009011965 -0.03497217 -0.02704205 0.00082428753 0.009417035 -0.031102214
0.2 -0.02874585 0.002155175 0.007782159 -0.03537806 -0.027539425 -0.0003639534 0.0081572905 -0.031567838
0.2005 -0.02923975 0.0009833931 0.006573206 -0.03577811 -0.028030615 -0.0015285611 0.006916724 -0.03202792
0.201 -0.02972695 -0.0001662581 0.005384758 -0.03617243 -0.028515752 -0.0026701093 0.005695097 -0.03248259
0.2015 -0.03020754 -0.001294229 0.004216474 -0.0365611 -0.028994884 -0.0037890673 0.0044921488 -0.032931846
0.202 -0.03068161 -0.002400961 0.003068016 -0.03694421 -0.029468033 -0.004885912 0.0033076108 -0.03337575
0.2025 -0.03114924 -0.003486885 0.001939053 -0.03732186 -0.029935315 -0.00596112 0.0021412596 -0.033814374
0.203 -0.03161051 -0.004552423 0.0008292564 -0.03769412 -0.030396745 -0.0070151463 0.0009928569 -0.03424773
0.2035 -0.03206551 -0.005597988 -0.0002616942 -0.03806108 -0.030852426 -0.008048445 -0.0001378581 -0.0346759
0.204 -0.03251432 -0.006623984 -0.001334116 -0.03842283 -0.0313024 -0.009061456 -0.0012511164 -0.035098884
0.2045 -0.03295702 -0.007630807 -0.002388322 -0.03877945 -0.031746715 -0.010054588 -0.0023471043 -0.035516787
0.205 -0.03339368 -0.008618843 -0.003424619 -0.03913101 -0.032185458 -0.011028238 -0.0034261048 -0.03592961
0.2055 -0.0338244 -0.00958847 -0.004443309 -0.03947761 -0.032618668 -0.011982836 -0.0044882894 -0.03633746
0.206 -0.03424923 -0.01054006 -0.005444691 -0.03981931 -0.03304641 -0.0129188 -0.005533904 -0.036740284
0.2065 -0.03466827 -0.01147397 -0.006429057 -0.04015619 -0.033468734 -0.013836473 -0.0065631643 -0.03713819
0.207 -0.03508159 -0.01239056 -0.007396695 -0.04048833 -0.033885658 -0.014736235 -0.007576257 -0.037531186
0.2075 -0.03548926 -0.01329018 -0.008347891 -0.0408158 -0.03429729 -0.015618406 -0.008573368 -0.03791933
0.208 -0.03589135 -0.01417316 -0.009282922 -0.04113867 -0.034703646 -0.016483434 -0.009554744 -0.03830264
0.2085 -0.03628795 -0.01503983 -0.01020206 -0.04145701 -0.03510482 -0.017331615 -0.010520577 -0.03868116
0.209 -0.03667913 -0.01589053 -0.01110559 -0.0417709 -0.03550082 -0.018163294 -0.011471078 -0.039054956
0.2095 -0.03706495 -0.01672557 -0.01199376 -0.04208039 -0.03589173 -0.018978797 -0.012406409 -0.039424058
0.21 -0.03744549 -0.01754526 -0.01286684 -0.04238557 -0.036277592 -0.019778475 -0.013326775 -0.039788473
0.2105 -0.03782082 -0.0183499 -0.01372509 -0.04268648 -0.03665844 -0.020562619 -0.014232382 -0.04014827
0.211 -0.038191 -0.0191398 -0.01456876 -0.0429832 -0.03703435 -0.021331519 -0.015123386 -0.04050346
0.2115 -0.03855611 -0.01991525 -0.0153981 -0.0432758 -0.037405357 -0.022085525 -0.016000018 -0.04085413
0.212 -0.03891622 -0.02067652 -0.01621335 -0.04356433 -0.037771538 -0.022824936 -0.016862445 -0.041200284
0.2125 -0.03927139 -0.02142391 -0.01701476 -0.04384885 -0.038132895 -0.023549989 -0.017710835 -0.041541945
0.213 -0.03962168 -0.02215768 -0.01780256 -0.04412943 -0.038489528 -0.024261013 -0.018545397 -0.041879166
0.2135 -0.03996717 -0.0228781 -0.018577 -0.04440612 -0.038841456 -0.024958275 -0.019366302 -0.04221199
0.214 -0.04030792 -0.02358544 -0.01933828 -0.04467899 -0.039188735 -0.02564203 -0.020173706 -0.042540472
0.2145 -0.04064399 -0.02427995 -0.02008665 -0.04494808 -0.039531425 -0.026312582 -0.020967804 -0.042864624
0.215 -0.04097545 -0.02496188 -0.02082233 -0.04521346 -0.03986954 -0.026970163 -0.021748759 -0.04318447
0.2155 -0.04130235 -0.02563148 -0.02154552 -0.04547518 -0.040203176 -0.027615033 -0.02251678 -0.043500077
0.216 -0.04162476 -0.02628899 -0.02225645 -0.0457333 -0.040532354 -0.02824743 -0.023271993 -0.04381145
0.2165 -0.04194274 -0.02693465 -0.02295533 -0.04598787 -0.040857155 -0.028867655 -0.024014596 -0.04411869
0.217 -0.04225635 -0.02756868 -0.02364237 -0.04623894 -0.041177567 -0.02947589 -0.024744745 -0.044421773
0.2175 -0.04256566 -0.02819131 -0.02431777 -0.04648656 -0.04149366 -0.030072384 -0.025462594 -0.044720728
0.218 -0.04287071 -0.02880277 -0.02498172 -0.04673078 -0.041805528 -0.030657366 -0.026168339 -0.04501565
0.2185 -0.04317156 -0.02940327 -0.02563443 -0.04697166 -0.04211318 -0.031231083 -0.026862137 -0.045306582
0.219 -0.04346828 -0.02999302 -0.0262761 -0.04720925 -0.04241665 -0.03179376 -0.027544148 -0.045593496
0.2195 -0.04376092 -0.03057223 -0.0269069 -0.04744358 -0.042715993 -0.03234559 -0.02821453 -0.04587644
0.22 -0.04404953 -0.03114111 -0.02752703 -0.04767471 -0.04301129 -0.03288679 -0.028873444 -0.046155524
0.2205 -0.04433417 -0.03169984 -0.02813668 -0.04790269 -0.043302547 -0.033417586 -0.02952104 -0.04643072
0.221 -0.0446149 -0.03224864 -0.02873602 -0.04812756 -0.043589838 -0.033938173 -0.030157506 -0.046702098
0.2215 -0.04489177 -0.03278768 -0.02932523 -0.04834936 -0.043873183 -0.034448754 -0.030782968 -0.046969686
0.222 -0.04516482 -0.03331716 -0.02990449 -0.04856815 -0.044152647 -0.034949522 -0.031397596 -0.04723348
0.2225 -0.04543412 -0.03383726 -0.03047397 -0.04878396 -0.044428255 -0.035440683 -0.03200153 -0.047493573
0.223 -0.04569972 -0.03434816 -0.03103384 -0.04899684 -0.04470007 -0.035922416 -0.032594956 -0.047750015
0.2235 -0.04596166 -0.03485004 -0.03158426 -0.04920683 -0.04496814 -0.036394898 -0.033177987 -0.048002813
0.224 -0.04621999 -0.03534306 -0.03212539 -0.04941397 -0.0452325 -0.03685835 -0.033750795 -0.048252005
0.2245 -0.04647477 -0.0358274 -0.03265741 -0.0496183 -0.045493174 -0.037312903 -0.034313507 -0.04849763
0.225 -0.04672604 -0.03630321 -0.03318046 -0.04981987 -0.045750257 -0.037758775 -0.034866296 -0.048739728
0.2255 -0.04697386 -0.03677067 -0.0336947 -0.05001871 -0.04600376 -0.038196128 -0.03540932 -0.048978332
0.226 -0.04721827 -0.03722994 -0.03420028 -0.05021486 -0.04625375 -0.038625114 -0.03594269 -0.049213555
0.2265 -0.04745931 -0.03768115 -0.03469735 -0.05040836 -0.046500213 -0.039045896 -0.03646657 -0.049445312
0.227 -0.04769704 -0.03812448 -0.03518606 -0.05059925 -0.046743248 -0.03945867 -0.036981083 -0.049673732
0.2275 -0.04793149 -0.03856006 -0.03566656 -0.05078756 -0.046982862 -0.03986358 -0.03748638 -0.04989877
0.228 -0.04816272 -0.03898805 -0.03613898 -0.05097334 -0.047219124 -0.040260755 -0.037982613 -0.050120573
0.2285 -0.04839077 -0.03940859 -0.03660347 -0.05115661 -0.047452062 -0.040650398 -0.03846991 -0.050339084
0.229 -0.04861568 -0.03982181 -0.03706016 -0.05133742 -0.047681727 -0.041032623 -0.038948413 -0.050554406
0.2295 -0.04883749 -0.04022785 -0.03750919 -0.0515158 -0.047908142 -0.04140762 -0.03941826 -0.05076651
0.23 -0.04905626 -0.04062685 -0.03795068 -0.05169178 -0.048131365 -0.04177548 -0.03987958 -0.050975483
0.2305 -0.04927201 -0.04101895 -0.03838478 -0.05186539 -0.04835142 -0.04213639 -0.040332496 -0.051181365
0.231 -0.0494848 -0.04140426 -0.0388116 -0.05203668 -0.048568357 -0.04249047 -0.040777154 -0.05138414
0.2315 -0.04969466 -0.04178292 -0.03923128 -0.05220567 -0.04878221 -0.042837847 -0.041213695 -0.051583905
0.232 -0.04990164 -0.04215504 -0.03964394 -0.0523724 -0.04899305 -0.043178692 -0.041642226 -0.051780652
0.2325 -0.05010577 -0.04252076 -0.04004969 -0.05253689 -0.049200874 -0.0435131 -0.042062886 -0.051974464
0.233 -0.05030709 -0.04288019 -0.04044866 -0.05269918 -0.049405754 -0.043841217 -0.042475805 -0.052165363
0.2335 -0.05050565 -0.04323345 -0.04084096 -0.0528593 -0.049607687 -0.04416317 -0.042881094 -0.052353386
0.234 -0.05070147 -0.04358065 -0.04122671 -0.05301728 -0.04980674 -0.04447909 -0.043278895 -0.05253851
0.2345 -0.05089461 -0.0439219 -0.04160603 -0.05317315 -0.050002933 -0.044789076 -0.043669313 -0.052720804
0.235 -0.05108509 -0.04425732 -0.04197902 -0.05332694 -0.05019633 -0.04509326 -0.04405248 -0.052900363
0.2355 -0.05127295 -0.04458701 -0.04234579 -0.05347868 -0.050386954 -0.045391783 -0.04442852 -0.053077165
0.236 -0.05145823 -0.04491107 -0.04270645 -0.0536284 -0.050574828 -0.045684718 -0.044797532 -0.05325124
0.2365 -0.05164097 -0.04522961 -0.04306111 -0.05377612 -0.050760005 -0.045972217 -0.04515966 -0.05342264
0.237 -0.0518212 -0.04554274 -0.04340986 -0.05392187 -0.0509425 -0.046254355 -0.045515005 -0.053591397
0.2375 -0.05199895 -0.04585054 -0.04375282 -0.05406568 -0.051122375 -0.04653127 -0.045863684 -0.053757537
0.238 -0.05217426 -0.04615313 -0.04409007 -0.05420758 -0.051299658 -0.04680306 -0.046205807 -0.053921122
0.2385 -0.05234717 -0.04645059 -0.04442173 -0.0543476 -0.05147439 -0.047069833 -0.046541497 -0.054082166
0.239 -0.0525177 -0.04674301 -0.04474788 -0.05448575 -0.051646564 -0.047331654 -0.046870835 -0.05424067
0.2395 -0.05268589 -0.0470305 -0.04506862 -0.05462208 -0.05181626 -0.047588706 -0.04719398 -0.054396708
0.24 -0.05285177 -0.04731313 -0.04538404 -0.05475659 -0.051983498 -0.047841 -0.047510996 -0.05455032
0.2405 -0.05301538 -0.047591 -0.04569424 -0.05488931 -0.0521483 -0.048088685 -0.04782202 -0.05470151
0.241 -0.05317675 -0.0478642 -0.0459993 -0.05502028 -0.052310713 -0.048331823 -0.048127122 -0.054850347
0.2415 -0.0533359 -0.0481328 -0.04629931 -0.05514952 -0.05247077 -0.048570547 -0.04842644 -0.054996815
0.242 -0.05349287 -0.04839689 -0.04659436 -0.05527704 -0.05262849 -0.048804905 -0.04872005 -0.055140954
0.2425 -0.05364768 -0.04865656 -0.04688454 -0.05540287 -0.05278393 -0.049035005 -0.049008064 -0.05528285
0.243 -0.05380038 -0.04891188 -0.04716993 -0.05552704 -0.052937083 -0.049260944 -0.04929061 -0.055422466
0.2435 -0.05395098 -0.04916293 -0.0474506 -0.05564957 -0.053088017 -0.04948279 -0.049567733 -0.055559885
0.244 -0.05409952 -0.0494098 -0.04772665 -0.05577048 -0.053236738 -0.04970064 -0.04983957 -0.055695117
0.2445 -0.05424603 -0.04965254 -0.04799814 -0.05588979 -0.05338327 -0.04991456 -0.05010618 -0.055828143
0.245 -0.05439052 -0.04989124 -0.04826517 -0.05600753 -0.05352769 -0.05012464 -0.050367717 -0.055959098
0.2455 -0.05453304 -0.05012597 -0.0485278 -0.05612371 -0.05366997 -0.050330967 -0.050624225 -0.056087922
0.246 -0.05467361 -0.05035681 -0.04878611 -0.05623836 -0.05381019 -0.050533608 -0.050875813 -0.056214694
0.2465 -0.05481226 -0.05058381 -0.04904017 -0.0563515 -0.05394835 -0.05073264 -0.051122546 -0.05633941
0.247 -0.05494901 -0.05080705 -0.04929007 -0.05646315 -0.054084472 -0.05092812 -0.051364545 -0.056462143
0.2475 -0.05508389 -0.0510266 -0.04953586 -0.05657333 -0.054218605 -0.051120143 -0.05160189 -0.05658288
0.248 -0.05521692 -0.05124252 -0.04977761 -0.05668205 -0.054350786 -0.05130879 -0.051834684 -0.056701668
0.2485 -0.05534813 -0.05145488 -0.05001541 -0.05678935 -0.054481 -0.051494114 -0.052062966 -0.056818508
0.249 -0.05547755 -0.05166373 -0.05024931 -0.05689524 -0.05460932 -0.05167617 -0.052286863 -0.056933515
0.2495 -0.05560521 -0.05186915 -0.05047938 -0.05699973 -0.05473575 -0.05185503 -0.052506432 -0.057046615
0.25 -0.05573111 -0.05207119 -0.05070569 -0.05710285 -0.054860316 -0.052030798 -0.052721776 -0.057157844
0.2505 -0.0558553 -0.05226991 -0.0509283 -0.05720462 -0.05498305 -0.052203484 -0.052932963 -0.05726727
0.251 -0.05597779 -0.05246538 -0.05114728 -0.05730505 -0.055103973 -0.05237318 -0.05314007 -0.05737493
0.2515 -0.05609861 -0.05265764 -0.05136268 -0.05740416 -0.055223145 -0.052539956 -0.053343188 -0.057480827
0.252 -0.05621778 -0.05284675 -0.05157456 -0.05750197 -0.055340536 -0.052703824 -0.053542364 -0.05758498
0.2525 -0.05633533 -0.05303278 -0.051783 -0.0575985 -0.055456214 -0.052864887 -0.053737707 -0.057687428
0.253 -0.05645127 -0.05321577 -0.05198804 -0.05769376 -0.055570178 -0.05302319 -0.053929277 -0.057788186
0.2535 -0.05656563 -0.05339578 -0.05218974 -0.05778778 -0.05568248 -0.05317879 -0.054117154 -0.05788731
0.254 -0.05667843 -0.05357285 -0.05238816 -0.05788056 -0.05579312 -0.053331736 -0.05430139 -0.057984795
0.2545 -0.05678969 -0.05374705 -0.05258336 -0.05797213 -0.05590213 -0.0534821 -0.054482087 -0.05808066
0.255 -0.05689943 -0.05391842 -0.05277539 -0.0580625 -0.05600955 -0.053629912 -0.054659285 -0.058174975
0.2555 -0.05700768 -0.05408701 -0.0529643 -0.05815169 -0.05611538 -0.053775232 -0.05483308 -0.058267713
0.256 -0.05711446 -0.05425286 -0.05315015 -0.05823972 -0.056219667 -0.053918105 -0.055003505 -0.058358923
0.2565 -0.05721978 -0.05441604 -0.05333298 -0.05832659 -0.05632241 -0.0540586 -0.055170663 -0.058448605
0.257 -0.05732366 -0.05457657 -0.05351286 -0.05841232 -0.05642364 -0.054196753 -0.055334583 -0.058536828
0.2575 -0.05742614 -0.05473452 -0.05368983 -0.05849694 -0.056523383 -0.054332603 -0.055495366 -0.05862355
0.258 -0.05752722 -0.05488992 -0.05386393 -0.05858045 -0.056621656 -0.054466203 -0.055653047 -0.058708865
0.2585 -0.05762692 -0.05504281 -0.05403522 -0.05866287 -0.056718495 -0.054597575 -0.055807684 -0.05879276
0.259 -0.05772527 -0.05519325 -0.05420375 -0.05874422 -0.056813892 -0.05472681 -0.055959348 -0.058875233
0.2595 -0.05782228 -0.05534127 -0.05436956 -0.0588245 -0.056907903 -0.054853924 -0.05610812 -0.05895635
0.26 -0.05791797 -0.05548691 -0.0545327 -0.05890374 -0.057000555 -0.054978967 -0.05625403 -0.059036143
0.2605 -0.05801236 -0.05563022 -0.0546932 -0.05898195 -0.05709182 -0.05510196 -0.056397133 -0.059114564
0.261 -0.05810547 -0.05577124 -0.05485113 -0.05905913 -0.05718176 -0.055222966 -0.05653751 -0.059191708
0.2615 -0.05819731 -0.05591 -0.05500652 -0.05913532 -0.057270397 -0.055342022 -0.056675196 -0.05926755
0.262 -0.05828791 -0.05604654 -0.0551594 -0.0592105 -0.057357717 -0.055459153 -0.05681026 -0.05934213
0.2625 -0.05837727 -0.05618091 -0.05530984 -0.05928472 -0.057443768 -0.055574417 -0.05694274 -0.059415467
0.263 -0.05846543 -0.05631313 -0.05545786 -0.05935796 -0.057528567 -0.055687826 -0.057072684 -0.059487574
0.2635 -0.05855239 -0.05644325 -0.0556035 -0.05943025 -0.05761212 -0.055799432 -0.05720017 -0.059558492
0.264 -0.05863817 -0.0565713 -0.05574682 -0.0595016 -0.057694465 -0.055909276 -0.057325233 -0.05962822
0.2645 -0.05872278 -0.05669732 -0.05588784 -0.05957203 -0.057775605 -0.05601738 -0.05744793 -0.059696767
0.265 -0.05880625 -0.05682134 -0.0560266 -0.05964154 -0.057855584 -0.056123782 -0.057568282 -0.0597642
0.2655 -0.05888859 -0.05694339 -0.05616314 -0.05971014 -0.05793437 -0.05622852 -0.057686366 -0.059830464
0.266 -0.05896981 -0.05706351 -0.05629751 -0.05977786 -0.05801203 -0.056331616 -0.057802223 -0.05989564
0.2665 -0.05904993 -0.05718173 -0.05642973 -0.05984469 -0.058088563 -0.056433097 -0.057915878 -0.059959732
0.267 -0.05912897 -0.05729809 -0.05655984 -0.05991066 -0.058163986 -0.056533013 -0.05802742 -0.06002274
0.2675 -0.05920693 -0.05741261 -0.05668788 -0.05997577 -0.058238316 -0.0566314 -0.058136854 -0.06008469
0.268 -0.05928385 -0.05752532 -0.05681388 -0.06004004 -0.058311578 -0.056728248 -0.05824423 -0.06014562
0.2685 -0.05935972 -0.05763626 -0.05693787 -0.06010347 -0.058383778 -0.056823626 -0.058349594 -0.06020553
0.269 -0.05943456 -0.05774546 -0.0570599 -0.06016608 -0.058454946 -0.05691754 -0.058452994 -0.060264442
0.2695 -0.05950839 -0.05785294 -0.05717998 -0.06022788 -0.058525074 -0.057010017 -0.058554456 -0.060322348
0.27 -0.05958123 -0.05795874 -0.05729816 -0.06028888 -0.05859421 -0.057101108 -0.058654044 -0.0603793
0.2705 -0.05965308 -0.05806288 -0.05741446 -0.06034909 -0.05866235 -0.057190817 -0.05875177 -0.060435306
0.271 -0.05972396 -0.05816539 -0.05752893 -0.06040852 -0.05872952 -0.057279173 -0.05884771 -0.060490362
0.2715 -0.05979388 -0.05826629 -0.05764157 -0.06046718 -0.058795728 -0.057366207 -0.058941852 -0.060544536
0.272 -0.05986286 -0.05836562 -0.05775244 -0.06052508 -0.058860995 -0.057451934 -0.05903426 -0.060597762
0.2725 -0.05993091 -0.0584634 -0.05786155 -0.06058223 -0.05892533 -0.057536393 -0.059124973 -0.060650133
0.273 -0.05999804 -0.05855965 -0.05796894 -0.06063864 -0.058988735 -0.057619594 -0.05921402 -0.060701594
0.2735 -0.06006426 -0.05865441 -0.05807464 -0.06069432 -0.05905126 -0.057701558 -0.05930142 -0.060752228
0.274 -0.06012959 -0.05874769 -0.05817866 -0.06074929 -0.0591129 -0.05778232 -0.059387233 -0.06080201
0.2745 -0.06019404 -0.05883953 -0.05828105 -0.06080354 -0.059173666 -0.057861898 -0.059471495 -0.06085097
0.275 -0.06025762 -0.05892994 -0.05838183 -0.06085709 -0.05923357 -0.05794031 -0.059554204 -0.06089911
0.2755 -0.06032035 -0.05901894 -0.05848101 -0.06090995 -0.059292637 -0.058017593 -0.059635427 -0.060946476
0.276 -0.06038223 -0.05910657 -0.05857864 -0.06096213 -0.059350878 -0.058093727 -0.059715178 -0.06099304
0.2765 -0.06044327 -0.05919284 -0.05867474 -0.06101363 -0.0594083 -0.058168773 -0.05979348 -0.061038837
0.277 -0.0605035 -0.05927778 -0.05876933 -0.06106447 -0.059464913 -0.058242742 -0.059870392 -0.06108387
0.2775 -0.06056291 -0.05936141 -0.05886243 -0.06111465 -0.059520736 -0.058315635 -0.059945915 -0.061128154
0.278 -0.06062152 -0.05944375 -0.05895407 -0.06116418 -0.05957579 -0.058387507 -0.060020078 -0.06117171
0.2785 -0.06067935 -0.05952482 -0.05904428 -0.06121308 -0.059630074 -0.05845833 -0.060092933 -0.061214563
0.279 -0.0607364 -0.05960464 -0.05913307 -0.06126134 -0.0596836 -0.05852817 -0.06016449 -0.061256696
0.2795 -0.06079268 -0.05968323 -0.05922048 -0.06130898 -0.059736397 -0.058597013 -0.06023476 -0.061298136
0.28 -0.0608482 -0.05976062 -0.05930652 -0.06135601 -0.059788473 -0.058664877 -0.06030381 -0.06133892
0.2805 -0.06090298 -0.05983682 -0.05939122 -0.06140243 -0.059839807 -0.05873178 -0.060371622 -0.061379008
0.281 -0.06095702 -0.05991185 -0.0594746 -0.06144826 -0.059890456 -0.058797736 -0.06043825 -0.06141845
0.2815 -0.06101034 -0.05998573 -0.05955667 -0.06149349 -0.0599404 -0.058862783 -0.060503714 -0.061457243
0.282 -0.06106294 -0.06005848 -0.05963747 -0.06153814 -0.059989672 -0.05892691 -0.060568016 -0.061495397
0.2825 -0.06111483 -0.06013012 -0.05971701 -0.06158222 -0.06003828 -0.05899015 -0.06063122 -0.06153294
0.283 -0.06116603 -0.06020067 -0.05979532 -0.06162573 -0.06008622 -0.05905253 -0.060693327 -0.061569896
0.2835 -0.06121655 -0.06027014 -0.0598724 -0.06166867 -0.060133502 -0.05911404 -0.060754348 -0.06160621
0.284 -0.06126638 -0.06033855 -0.05994829 -0.06171107 -0.06018015 -0.05917468 -0.060814302 -0.06164196
0.2845 -0.06131555 -0.06040592 -0.06002301 -0.06175292 -0.060226195 -0.05923452 -0.060873244 -0.06167713
0.285 -0.06136405 -0.06047226 -0.06009656 -0.06179423 -0.060271583 -0.059293523 -0.060931176 -0.061711706
0.2855 -0.06141191 -0.0605376 -0.06016897 -0.06183502 -0.06031637 -0.05935173 -0.060988117 -0.061745748
0.286 -0.06145913 -0.06060194 -0.06024027 -0.06187527 -0.060360573 -0.05940914 -0.061044086 -0.061779235
0.2865 -0.06150571 -0.06066531 -0.06031046 -0.06191501 -0.060404193 -0.059465766 -0.0610991 -0.0618122
0.287 -0.06155167 -0.06072772 -0.06037957 -0.06195424 -0.06044721 -0.059521627 -0.061153185 -0.061844617
0.2875 -0.06159702 -0.06078918 -0.0604476 -0.06199297 -0.060489677 -0.059576735 -0.06120636 -0.061876517
0.288 -0.06164176 -0.06084972 -0.06051459 -0.06203119 -0.06053158 -0.059631106 -0.061258644 -0.06190792
0.2885 -0.0616859 -0.06090934 -0.06058055 -0.06206893 -0.060572915 -0.05968474 -0.061310057 -0.061938815
0.289 -0.06172945 -0.06096806 -0.06064549 -0.06210618 -0.060613737 -0.059737664 -0.06136061 -0.06196925
0.2895 -0.06177242 -0.06102589 -0.06070943 -0.06214295 -0.060654 -0.059789885 -0.06141031 -0.061999153
0.29 -0.06181481 -0.06108286 -0.06077239 -0.06217926 -0.060693733 -0.059841383 -0.06145918 -0.0620286
0.2905 -0.06185664 -0.06113896 -0.06083437 -0.06221509 -0.06073298 -0.05989223 -0.061507273 -0.062057618
0.291 -0.06189791 -0.06119422 -0.06089541 -0.06225047 -0.060771678 -0.05994238 -0.06155454 -0.06208611
0.2915 -0.06193863 -0.06124865 -0.06095551 -0.06228539 -0.06080991 -0.05999187 -0.06160104 -0.0621142
0.292 -0.0619788 -0.06130227 -0.06101469 -0.06231986 -0.060847625 -0.060040724 -0.061646786 -0.062141836
0.2925 -0.06201844 -0.06135508 -0.06107296 -0.0623539 -0.060884863 -0.06008892 -0.061691787 -0.062169053
0.293 -0.06205755 -0.0614071 -0.06113034 -0.06238749 -0.06092161 -0.06013648 -0.061736044 -0.062195808
0.2935 -0.06209614 -0.06145834 -0.06118684 -0.06242066 -0.060957905 -0.060183425 -0.061779596 -0.062222164
0.294 -0.06213421 -0.06150882 -0.06124248 -0.0624534 -0.060993735 -0.060229763 -0.06182244 -0.062248114
0.2945 -0.06217177 -0.06155854 -0.06129727 -0.06248572 -0.06102911 -0.060275484 -0.0618646 -0.062273663
0.295 -0.06220884 -0.06160751 -0.06135122 -0.06251763 -0.06106403 -0.060320634 -0.061906096 -0.062298816
0.2955 -0.06224541 -0.06165576 -0.06140435 -0.06254912 -0.061098516 -0.060365178 -0.0619469 -0.06232358
0.296 -0.06228149 -0.06170329 -0.06145667 -0.06258022 -0.061132558 -0.06040914 -0.06198707 -0.06234796
0.2965 -0.0623171 -0.06175011 -0.06150819 -0.06261092 -0.06116619 -0.06045255 -0.062026616 -0.062371984
0.297 -0.06235223 -0.06179623 -0.06155893 -0.06264122 -0.061199386 -0.06049538 -0.062065512 -0.062395617
0.2975 -0.06238689 -0.06184167 -0.0616089 -0.06267114 -0.061232165 -0.06053767 -0.062103804 -0.062418886
0.298 -0.06242109 -0.06188644 -0.06165811 -0.06270067 -0.06126456 -0.060579423 -0.0621415 -0.062441822
0.2985 -0.06245483 -0.06193054 -0.06170657 -0.06272982 -0.06129653 -0.060620625 -0.062178604 -0.06246439
0.299 -0.06248813 -0.06197398 -0.06175429 -0.06275861 -0.061328124 -0.060661312 -0.06221513 -0.062486652
0.2995 -0.06252099 -0.06201679 -0.0618013 -0.06278702 -0.06135931 -0.060701475 -0.06225109 -0.062508546
0.3 -0.0625534 -0.06205895 -0.06184759 -0.06281507 -0.061390113 -0.06074114 -0.0622865 -0.0625301
0.3005 -0.06258539 -0.0621005 -0.06189318 -0.06284276 -0.061420552 -0.060780294 -0.062321357 -0.062551364
0.301 -0.06261695 -0.06214143 -0.06193808 -0.0628701 -0.061450616 -0.06081894 -0.06235567 -0.062572286
0.3015 -0.06264809 -0.06218176 -0.0619823 -0.06289709 -0.061480306 -0.060857106 -0.062389474 -0.0625929
0.302 -0.06267882 -0.06222149 -0.06202585 -0.06292373 -0.061509643 -0.060894776 -0.06242275 -0.06261322
0.3025 -0.06270914 -0.06226064 -0.06206875 -0.06295004 -0.06153863 -0.060931988 -0.062455516 -0.06263322
0.303 -0.06273906 -0.06229921 -0.062111 -0.062976 -0.061567254 -0.060968723 -0.062487792 -0.06265294
0.3035 -0.06276859 -0.06233721 -0.06215262 -0.06300164 -0.061595544 -0.061004993 -0.06251958 -0.06267238
0.304 -0.06279772 -0.06237466 -0.0621936 -0.06302695 -0.061623503 -0.061040826 -0.062550895 -0.062691495
0.3045 -0.06282646 -0.06241155 -0.06223397 -0.06305193 -0.06165111 -0.06107619 -0.06258173 -0.062710345
0.305 -0.06285482 -0.0624479 -0.06227374 -0.0630766 -0.06167839 -0.0611111 -0.06261211 -0.06272893
0.3055 -0.06288281 -0.06248372 -0.0623129 -0.06310095 -0.06170535 -0.06114559 -0.06264202 -0.062747225
0.306 -0.06291043 -0.06251902 -0.06235148 -0.06312499 -0.06173198 -0.061179645 -0.06267151 -0.06276525
0.3065 -0.06293768 -0.0625538 -0.06238948 -0.06314872 -0.06175831 -0.061213285 -0.062700555 -0.06278304
0.307 -0.06296457 -0.06258807 -0.06242691 -0.06317215 -0.061784316 -0.061246485 -0.062729165 -0.06280054
0.3075 -0.0629911 -0.06262184 -0.06246378 -0.06319529 -0.061810043 -0.061279297 -0.06275736 -0.06281783
0.308 -0.06301728 -0.06265511 -0.0625001 -0.06321812 -0.061835445 -0.0613117 -0.06278513 -0.06283483
0.3085 -0.06304312 -0.0626879 -0.06253588 -0.06324067 -0.061860546 -0.061343692 -0.06281251 -0.06285158
0.309 -0.06306861 -0.06272021 -0.06257112 -0.06326293 -0.061885357 -0.061375275 -0.06283946 -0.06286812
0.3095 -0.06309377 -0.06275205 -0.06260583 -0.0632849 -0.061909884 -0.06140648 -0.06286605 -0.0628844
0.31 -0.0631186 -0.06278343 -0.06264003 -0.06330659 -0.061934114 -0.061437294 -0.06289224 -0.06290046
0.3105 -0.06314309 -0.06281435 -0.06267372 -0.06332801 -0.06195809 -0.06146773 -0.06291805 -0.062916316
0.311 -0.06316726 -0.06284482 -0.0627069 -0.06334916 -0.061981767 -0.061497793 -0.06294349 -0.06293191
0.3115 -0.06319112 -0.06287485 -0.06273959 -0.06337003 -0.06200519 -0.06152749 -0.06296858 -0.0629473
0.312 -0.06321466 -0.06290445 -0.0627718 -0.06339064 -0.06202833 -0.06155682 -0.06299329 -0.06296245
0.3125 -0.06323788 -0.06293361 -0.06280353 -0.06341099 -0.062051207 -0.06158579 -0.06301767 -0.06297742
0.313 -0.0632608 -0.06296235 -0.06283478 -0.06343107 -0.062073834 -0.061614394 -0.06304167 -0.06299218
0.3135 -0.06328342 -0.06299068 -0.06286557 -0.06345091 -0.062096186 -0.061642673 -0.063065365 -0.063006714
0.314 -0.06330574 -0.06301859 -0.06289591 -0.06347049 -0.062118296 -0.061670575 -0.0630887 -0.06302105
0.3145 -0.06332777 -0.0630461 -0.06292579 -0.06348982 -0.062140148 -0.061698154 -0.06311172 -0.06303517
0.315 -0.0633495 -0.06307322 -0.06295523 -0.0635089 -0.062161766 -0.06172539 -0.06313442 -0.06304914
0.3155 -0.06337095 -0.06309994 -0.06298424 -0.06352774 -0.062183134 -0.061752297 -0.06315679 -0.063062884
0.316 -0.06339212 -0.06312628 -0.06301282 -0.06354634 -0.06220425 -0.06177888 -0.06317886 -0.06307645
0.3165 -0.063413 -0.06315223 -0.06304097 -0.06356471 -0.062225156 -0.061805118 -0.06320059 -0.063089825
0.317 -0.06343361 -0.06317782 -0.06306871 -0.06358284 -0.0622458 -0.061831057 -0.06322205 -0.063103005
0.3175 -0.06345395 -0.06320303 -0.06309604 -0.06360074 -0.062266238 -0.061856683 -0.06324322 -0.06311604
0.318 -0.06347402 -0.06322789 -0.06312297 -0.06361841 -0.06228642 -0.061881993 -0.063264064 -0.06312888
0.3185 -0.06349383 -0.06325238 -0.0631495 -0.06363586 -0.06230641 -0.061906993 -0.06328464 -0.06314154
0.319 -0.06351338 -0.06327652 -0.06317564 -0.06365308 -0.062326152 -0.061931692 -0.06330493 -0.06315403
0.3195 -0.06353267 -0.06330032 -0.06320139 -0.06367009 -0.06234568 -0.061956093 -0.06332494 -0.063166335
0.32 -0.0635517 -0.06332378 -0.06322677 -0.06368688 -0.062365003 -0.061980203 -0.06334469 -0.06317851
0.3205 -0.06357049 -0.0633469 -0.06325177 -0.06370346 -0.062384114 -0.06200401 -0.06336416 -0.063190505
0.321 -0.06358903 -0.06336968 -0.06327641 -0.06371982 -0.062402997 -0.062027544 -0.063383356 -0.06320232
0.3215 -0.06360732 -0.06339215 -0.06330069 -0.06373598 -0.06242168 -0.062050793 -0.0634023 -0.063214004
0.322 -0.06362538 -0.06341429 -0.0633246 -0.06375194 -0.06244016 -0.062073756 -0.063420996 -0.06322552
0.3225 -0.06364319 -0.06343611 -0.06334817 -0.06376769 -0.062458448 -0.062096447 -0.06343943 -0.06323689
0.323 -0.06366078 -0.06345762 -0.0633714 -0.06378324 -0.06247652 -0.06211885 -0.06345761 -0.0632481
0.3235 -0.06367813 -0.06347883 -0.06339428 -0.06379859 -0.062494397 -0.062141 -0.06347555 -0.06325915
0.324 -0.06369525 -0.06349973 -0.06341683 -0.06381375 -0.06251207 -0.062162865 -0.06349324 -0.06327005
0.3245 -0.06371215 -0.06352034 -0.06343905 -0.06382871 -0.06252958 -0.062184498 -0.063510716 -0.063280836
0.325 -0.06372883 -0.06354065 -0.06346094 -0.06384349 -0.06254688 -0.062205844 -0.06352794 -0.06329145
0.3255 -0.06374529 -0.06356067 -0.06348252 -0.06385808 -0.062564 -0.062226955 -0.06354496 -0.06330195
0.326 -0.06376153 -0.06358041 -0.06350378 -0.06387248 -0.06258093 -0.06224781 -0.06356174 -0.06331229
0.3265 -0.06377756 -0.06359987 -0.06352473 -0.0638867 -0.06259768 -0.0622684 -0.06357829 -0.063322514
0.327 -0.06379338 -0.06361905 -0.06354538 -0.06390074 -0.06261425 -0.062288754 -0.063594624 -0.0633326
0.3275 -0.06380899 -0.06363796 -0.06356572 -0.0639146 -0.06263064 -0.062308867 -0.063610755 -0.06334256
0.328 -0.0638244 -0.0636566 -0.06358577 -0.06392828 -0.06264686 -0.062328734 -0.06362668 -0.06335241
0.3285 -0.0638396 -0.06367497 -0.06360553 -0.06394179 -0.06266289 -0.062348366 -0.063642375 -0.063362084
0.329 -0.06385461 -0.06369309 -0.063625 -0.06395514 -0.06267877 -0.062367763 -0.063657865 -0.06337166
0.3295 -0.06386942 -0.06371095 -0.06364419 -0.06396831 -0.06269446 -0.06238694 -0.06367317 -0.063381106
0.33 -0.06388403 -0.06372856 -0.0636631 -0.06398131 -0.06271 -0.062405866 -0.06368825 -0.06339044
0.3305 -0.06389845 -0.06374591 -0.06368174 -0.06399415 -0.062725365 -0.062424585 -0.06370316 -0.06339966
0.331 -0.06391269 -0.06376303 -0.06370011 -0.06400683 -0.06274058 -0.06244308 -0.06371786 -0.06340876
0.3315 -0.06392674 -0.0637799 -0.06371821 -0.06401934 -0.06275562 -0.06246136 -0.06373238 -0.06341773
0.332 -0.0639406 -0.06379653 -0.06373605 -0.0640317 -0.06277051 -0.06247941 -0.063746706 -0.06342659
0.3325 -0.06395429 -0.06381293 -0.06375363 -0.0640439 -0.06278523 -0.06249726 -0.06376085 -0.06343533
0.333 -0.06396779 -0.06382909 -0.06377096 -0.06405594 -0.0627998 -0.06251489 -0.06377481 -0.06344397
0.3335 -0.06398112 -0.06384503 -0.06378803 -0.06406784 -0.06281422 -0.06253232 -0.06378859 -0.06345251
0.334 -0.06399427 -0.06386075 -0.06380487 -0.06407958 -0.06282848 -0.06254954 -0.06380219 -0.063460946
0.3345 -0.06400725 -0.06387624 -0.06382145 -0.06409117 -0.06284259 -0.062566556 -0.06381564 -0.06346926
0.335 -0.06402007 -0.06389152 -0.0638378 -0.06410262 -0.062856555 -0.06258337 -0.06382889 -0.063477464
0.3355 -0.06403271 -0.06390658 -0.06385392 -0.06411392 -0.062870376 -0.06259998 -0.06384199 -0.0634856
0.336 -0.06404519 -0.06392143 -0.0638698 -0.06412508 -0.06288405 -0.0626164 -0.06385492 -0.06349358
0.3365 -0.06405751 -0.06393607 -0.06388545 -0.0641361 -0.06289757 -0.06263263 -0.06386767 -0.06350149
0.337 -0.06406966 -0.06395051 -0.06390088 -0.06414697 -0.06291095 -0.062648654 -0.06388028 -0.063509315
0.3375 -0.06408166 -0.06396474 -0.06391609 -0.06415771 -0.06292421 -0.06266451 -0.063892715 -0.06351702
0.338 -0.0640935 -0.06397877 -0.06393108 -0.06416832 -0.06293732 -0.06268017 -0.06390501 -0.06352464
0.3385 -0.06410519 -0.06399261 -0.06394586 -0.06417879 -0.062950276 -0.06269564 -0.06391712 -0.063532144
0.339 -0.06411672 -0.06400626 -0.06396042 -0.06418912 -0.062963106 -0.06271094 -0.06392911 -0.063539565
0.3395 -0.0641281 -0.06401971 -0.06397477 -0.06419933 -0.06297582 -0.06272606 -0.06394093 -0.063546896
0.34 -0.06413934 -0.06403298 -0.06398892 -0.06420941 -0.062988386 -0.062741 -0.06395261 -0.06355417
0.3405 -0.06415042 -0.06404606 -0.06400287 -0.06421936 -0.06300083 -0.062755756 -0.06396414 -0.063561305
0.341 -0.06416137 -0.06405895 -0.06401661 -0.06422918 -0.06301312 -0.06277034 -0.06397553 -0.06356837
0.3415 -0.06417217 -0.06407167 -0.06403016 -0.06423888 -0.0630253 -0.062784754 -0.06398678 -0.06357534
0.342 -0.06418283 -0.06408421 -0.06404352 -0.06424846 -0.06303735 -0.06279901 -0.06399789 -0.06358224
0.3425 -0.06419335 -0.06409658 -0.06405669 -0.06425791 -0.063049294 -0.06281309 -0.064008854 -0.063589066
0.343 -0.06420373 -0.06410877 -0.06406967 -0.06426725 -0.06306109 -0.062827006 -0.06401968 -0.063595794
0.3435 -0.06421398 -0.06412079 -0.06408246 -0.06427647 -0.06307277 -0.06284077 -0.06403038 -0.06360243
0.344 -0.0642241 -0.06413265 -0.06409507 -0.06428557 -0.06308433 -0.062854365 -0.064040944 -0.063609
0.3445 -0.06423408 -0.06414434 -0.06410751 -0.06429455 -0.06309576 -0.0628678 -0.06405138 -0.063615486
0.345 -0.06424394 -0.06415587 -0.06411976 -0.06430343 -0.063107096 -0.06288108 -0.064061694 -0.06362189
0.3455 -0.06425366 -0.06416724 -0.06413184 -0.06431219 -0.063118294 -0.062894195 -0.06407187 -0.06362823
0.346 -0.06426326 -0.06417845 -0.06414375 -0.06432084 -0.06312938 -0.062907174 -0.06408193 -0.06363449
0.3465 -0.06427273 -0.06418951 -0.06415549 -0.06432938 -0.06314035 -0.062920004 -0.06409186 -0.063640654
0.347 -0.06428208 -0.06420041 -0.06416707 -0.06433781 -0.063151225 -0.06293267 -0.06410168 -0.06364676
0.3475 -0.06429131 -0.06421116 -0.06417848 -0.06434613 -0.06316197 -0.062945195 -0.06411135 -0.0636528
0.348 -0.06430042 -0.06422177 -0.06418972 -0.06435436 -0.06317261 -0.06295757 -0.06412093 -0.063658744
0.3485 -0.06430941 -0.06423222 -0.06420081 -0.06436247 -0.06318314 -0.062969804 -0.06413039 -0.06366464
0.349 -0.06431829 -0.06424253 -0.06421175 -0.06437049 -0.06319355 -0.062981896 -0.064139724 -0.06367046
0.3495 -0.06432705 -0.0642527 -0.06422252 -0.0643784 -0.06320385 -0.06299385 -0.064148955 -0.06367616
0.35 -0.06433569 -0.06426273 -0.06423315 -0.06438621 -0.06321408 -0.06300567 -0.06415807 -0.063681886
0.3505 -0.06434422 -0.06427262 -0.06424362 -0.06439393 -0.06322417 -0.06301735 -0.06416708 -0.06368749
0.351 -0.06435265 -0.06428237 -0.06425395 -0.06440154 -0.06323417 -0.0630289 -0.06417596 -0.063693024
0.3515 -0.06436096 -0.06429199 -0.06426413 -0.06440906 -0.063244075 -0.063040316 -0.06418477 -0.063698515
0.352 -0.06436916 -0.06430148 -0.06427417 -0.06441649 -0.06325386 -0.06305158 -0.06419344 -0.06370391
0.3525 -0.06437726 -0.06431083 -0.06428406 -0.06442382 -0.06326355 -0.06306275 -0.06420203 -0.06370927
0.353 -0.06438526 -0.06432006 -0.06429382 -0.06443106 -0.063273154 -0.06307376 -0.064210504 -0.063714564
0.3535 -0.06439314 -0.06432916 -0.06430344 -0.06443821 -0.06328264 -0.06308466 -0.06421888 -0.06371978
0.354 -0.06440093 -0.06433813 -0.06431292 -0.06444527 -0.063292034 -0.06309542 -0.06422714 -0.06372492
0.3545 -0.06440862 -0.06434698 -0.06432228 -0.06445224 -0.06330133 -0.06310606 -0.06423533 -0.06373003
0.355 -0.0644162 -0.06435571 -0.06433149 -0.06445912 -0.06331054 -0.06311658 -0.06424339 -0.06373507
0.3555 -0.06442369 -0.06436432 -0.06434058 -0.06446591 -0.063319646 -0.06312699 -0.06425138 -0.063740045
0.356 -0.06443108 -0.06437281 -0.06434955 -0.06447262 -0.06332868 -0.06313727 -0.06425926 -0.06374499
0.3565 -0.06443838 -0.06438119 -0.06435838 -0.06447924 -0.06333759 -0.063147426 -0.064267054 -0.06374984
0.357 -0.06444558 -0.06438945 -0.0643671 -0.06448578 -0.06334643 -0.063157484 -0.06427476 -0.063754655
0.3575 -0.06445269 -0.06439759 -0.06437569 -0.06449224 -0.06335517 -0.063167416 -0.06428237 -0.0637594
0.358 -0.0644597 -0.06440563 -0.06438416 -0.06449861 -0.06336382 -0.06317723 -0.06428987 -0.06376408
0.3585 -0.06446663 -0.06441355 -0.06439251 -0.06450491 -0.06337239 -0.06318693 -0.064297296 -0.06376872
0.359 -0.06447346 -0.06442137 -0.06440074 -0.06451113 -0.06338085 -0.06319654 -0.06430465 -0.06377329
0.3595 -0.06448021 -0.06442908 -0.06440886 -0.06451726 -0.06338926 -0.06320603 -0.06431191 -0.06377786
0.36 -0.06448687 -0.06443668 -0.06441687 -0.06452332 -0.06339756 -0.0632154 -0.06431907 -0.06378231
0.3605 -0.06449344 -0.06444418 -0.06442476 -0.06452931 -0.06340578 -0.06322468 -0.06432616 -0.063786745
0.361 -0.06449993 -0.06445158 -0.06443255 -0.06453522 -0.06341391 -0.06323383 -0.06433315 -0.063791126
0.3615 -0.06450633 -0.06445888 -0.06444022 -0.06454105 -0.06342197 -0.0632429 -0.06434007 -0.06379546
0.362 -0.06451265 -0.06446607 -0.06444779 -0.06454681 -0.06342993 -0.06325185 -0.064346895 -0.063799724
0.3625 -0.06451889 -0.06447317 -0.06445525 -0.0645525 -0.06343782 -0.0632607 -0.06435366 -0.063803956
0.363 -0.06452505 -0.06448017 -0.06446261 -0.06455811 -0.06344563 -0.06326945 -0.064360335 -0.063808136
0.3635 -0.06453113 -0.06448708 -0.06446987 -0.06456366 -0.06345336 -0.06327811 -0.06436693 -0.06381227
0.364 -0.06453713 -0.06449389 -0.06447702 -0.06456913 -0.063461006 -0.06328666 -0.06437344 -0.06381634
0.3645 -0.06454305 -0.06450061 -0.06448408 -0.06457454 -0.06346859 -0.063295126 -0.06437989 -0.06382039
0.365 -0.0645489 -0.06450724 -0.06449104 -0.06457988 -0.06347607 -0.063303486 -0.06438626 -0.063824356
0.3655 -0.06455467 -0.06451378 -0.0644979 -0.06458515 -0.06348349 -0.06331175 -0.06439255 -0.06382831
0.366 -0.06456036 -0.06452023 -0.06450467 -0.06459035 -0.06349084 -0.06331992 -0.06439878 -0.06383219
0.3665 -0.06456599 -0.06452659 -0.06451134 -0.06459549 -0.0634981 -0.06332801 -0.06440492 -0.06383605
0.367 -0.06457154 -0.06453286 -0.06451792 -0.06460057 -0.06350529 -0.063336 -0.064411 -0.06383987
0.3675 -0.06457702 -0.06453905 -0.06452441 -0.06460558 -0.0635124 -0.0633439 -0.064417005 -0.06384362
0.368 -0.06458242 -0.06454516 -0.0645308 -0.06461053 -0.06351946 -0.06335171 -0.06442294 -0.06384733
0.3685 -0.06458776 -0.06455118 -0.06453711 -0.06461541 -0.063526414 -0.06335941 -0.06442879 -0.06385102
0.369 -0.06459303 -0.06455712 -0.06454334 -0.06462023 -0.063533336 -0.06336707 -0.06443462 -0.063854665
0.3695 -0.06459823 -0.06456298 -0.06454947 -0.064625 -0.063540176 -0.0633746 -0.06444034 -0.063858256
0.37 -0.06460337 -0.06456876 -0.06455553 -0.0646297 -0.063546926 -0.06338207 -0.064446 -0.0638618
0.3705 -0.06460843 -0.06457447 -0.06456149 -0.06463434 -0.06355362 -0.063389435 -0.064451605 -0.06386532
0.371 -0.06461344 -0.06458009 -0.06456738 -0.06463893 -0.06356025 -0.063396744 -0.06445714 -0.063868806
0.3715 -0.06461837 -0.06458564 -0.06457318 -0.06464345 -0.063566804 -0.063403964 -0.06446262 -0.063872226
0.372 -0.06462325 -0.06459111 -0.06457891 -0.06464792 -0.06357329 -0.06341109 -0.064468026 -0.06387562
0.3725 -0.06462806 -0.06459651 -0.06458455 -0.06465234 -0.06357972 -0.06341815 -0.06447338 -0.06387897
0.373 -0.06463281 -0.06460184 -0.06459012 -0.0646567 -0.063586086 -0.06342512 -0.064478666 -0.06388229
0.3735 -0.0646375 -0.0646071 -0.06459561 -0.064661 -0.06359238 -0.063432015 -0.064483896 -0.06388558
0.374 -0.06464212 -0.06461228 -0.06460103 -0.06466525 -0.0635986 -0.06343882 -0.06448905 -0.06388882
0.3745 -0.06464669 -0.0646174 -0.06460637 -0.06466945 -0.06360477 -0.06344557 -0.06449416 -0.06389201
0.375 -0.0646512 -0.06462244 -0.06461163 -0.06467359 -0.063610874 -0.06345223 -0.06449921 -0.06389519
0.3755 -0.06465565 -0.06462742 -0.06461683 -0.06467768 -0.06361692 -0.06345882 -0.06450419 -0.06389832
0.376 -0.06466005 -0.06463233 -0.06462195 -0.06468172 -0.06362291 -0.06346533 -0.06450914 -0.063901424
0.3765 -0.06466438 -0.06463717 -0.06462701 -0.06468571 -0.06362883 -0.06347178 -0.06451401 -0.0639045
0.377 -0.06466867 -0.06464195 -0.06463199 -0.06468965 -0.06363468 -0.06347814 -0.064518824 -0.063907534
0.3775 -0.06467289 -0.06464667 -0.0646369 -0.06469354 -0.06364048 -0.063484445 -0.06452359 -0.063910514
0.378 -0.06467706 -0.06465132 -0.06464175 -0.06469738 -0.06364622 -0.06349069 -0.064528316 -0.06391347
0.3785 -0.06468118 -0.06465591 -0.06464653 -0.06470117 -0.0636519 -0.06349684 -0.064532965 -0.06391639
0.379 -0.06468525 -0.06466043 -0.06465125 -0.06470491 -0.06365753 -0.063502945 -0.06453758 -0.06391929
0.3795 -0.06468926 -0.0646649 -0.0646559 -0.06470861 -0.063663095 -0.06350896 -0.06454214 -0.06392217
0.38 -0.06469322 -0.0646693 -0.06466049 -0.06471226 -0.063668594 -0.063514926 -0.06454663 -0.06392498
0.3805 -0.06469713 -0.06467365 -0.06466501 -0.06471586 -0.06367405 -0.06352081 -0.0645511 -0.063927785
0.381 -0.06470099 -0.06467794 -0.06466948 -0.06471942 -0.06367945 -0.06352662 -0.06455548 -0.063930556
0.3815 -0.0647048 -0.06468217 -0.06467388 -0.06472294 -0.06368478 -0.06353238 -0.064559825 -0.06393328
0.382 -0.06470857 -0.06468634 -0.06467822 -0.06472641 -0.06369007 -0.06353807 -0.064564124 -0.06393598
0.3825 -0.06471228 -0.06469046 -0.0646825 -0.06472983 -0.06369531 -0.063543715 -0.064568385 -0.06393867
0.383 -0.06471594 -0.06469452 -0.06468673 -0.06473322 -0.0637005 -0.06354928 -0.06457259 -0.06394132
0.3835 -0.06471956 -0.06469853 -0.06469089 -0.06473656 -0.06370561 -0.06355478 -0.06457674 -0.06394392
0.384 -0.06472313 -0.06470249 -0.064695 -0.06473986 -0.06371069 -0.06356025 -0.06458086 -0.063946515
0.3845 -0.06472666 -0.06470639 -0.06469906 -0.06474312 -0.06371571 -0.06356563 -0.064584926 -0.06394907
0.385 -0.06473014 -0.06471024 -0.06470305 -0.06474633 -0.06372069 -0.063570954 -0.064588934 -0.0639516
0.3855 -0.06473358 -0.06471404 -0.064707 -0.06474951 -0.063725606 -0.06357622 -0.064592905 -0.0639541
0.386 -0.06473697 -0.06471778 -0.06471089 -0.06475265 -0.06373046 -0.06358142 -0.06459684 -0.06395656
0.3865 -0.06474032 -0.06472148 -0.06471472 -0.06475574 -0.06373529 -0.06358658 -0.06460072 -0.06395901
0.387 -0.06474362 -0.06472513 -0.06471851 -0.0647588 -0.06374007 -0.06359167 -0.06460455 -0.063961424
0.3875 -0.06474689 -0.06472873 -0.06472224 -0.06476182 -0.06374479 -0.0635967 -0.06460835 -0.06396383
0.388 -0.06475011 -0.06473228 -0.06472593 -0.0647648 -0.063749455 -0.06360169 -0.064612105 -0.06396617
0.3885 -0.06475329 -0.06473578 -0.06472956 -0.06476775 -0.06375408 -0.063606605 -0.064615816 -0.06396851
0.389 -0.06475643 -0.06473924 -0.06473314 -0.06477065 -0.06375868 -0.06361148 -0.0646195 -0.063970834
0.3895 -0.06475953 -0.06474265 -0.06473668 -0.06477352 -0.06376321 -0.063616306 -0.06462313 -0.06397313
0.39 -0.06476258 -0.06474601 -0.06474016 -0.06477636 -0.0637677 -0.06362107 -0.06462672 -0.063975394
0.3905 -0.0647656 -0.06474933 -0.0647436 -0.06477916 -0.063772134 -0.06362578 -0.06463026 -0.063977614
0.391 -0.06476859 -0.06475261 -0.064747 -0.06478192 -0.06377652 -0.06363043 -0.06463377 -0.06397983
0.3915 -0.06477153 -0.06475584 -0.06475034 -0.06478465 -0.06378088 -0.06363505 -0.064637244 -0.063982025
0.392 -0.06477443 -0.06475903 -0.06475364 -0.06478735 -0.063785195 -0.06363961 -0.06464067 -0.06398419
0.3925 -0.0647773 -0.06476218 -0.0647569 -0.06479001 -0.06378945 -0.063644126 -0.06464407 -0.06398633
0.393 -0.06478013 -0.06476528 -0.06476011 -0.06479263 -0.06379366 -0.06364859 -0.06464742 -0.06398843
0.3935 -0.06478293 -0.06476834 -0.06476328 -0.06479523 -0.06379785 -0.06365299 -0.064650744 -0.06399053
0.394 -0.06478569 -0.06477137 -0.06476641 -0.06479779 -0.063801974 -0.06365736 -0.06465402 -0.0639926
0.3945 -0.06478841 -0.06477435 -0.06476949 -0.06480032 -0.06380606 -0.06366167 -0.06465726 -0.06399463
0.395 -0.0647911 -0.06477729 -0.06477254 -0.06480282 -0.06381012 -0.06366594 -0.06466049 -0.06399667
0.3955 -0.06479375 -0.0647802 -0.06477554 -0.06480529 -0.06381412 -0.06367015 -0.064663656 -0.06399867
0.396 -0.06479637 -0.06478306 -0.0647785 -0.06480772 -0.0638181 -0.06367434 -0.06466679 -0.06400065
0.3965 -0.06479896 -0.06478589 -0.06478142 -0.06481013 -0.063822 -0.063678466 -0.06466988 -0.0640026
0.397 -0.06480152 -0.06478868 -0.0647843 -0.0648125 -0.06382589 -0.06368254 -0.06467296 -0.06400453
0.3975 -0.06480404 -0.06479143 -0.06478714 -0.06481485 -0.06382975 -0.06368659 -0.064676 -0.06400646
0.398 -0.06480653 -0.06479415 -0.06478995 -0.06481716 -0.06383355 -0.06369057 -0.064679 -0.06400835
0.3985 -0.06480898 -0.06479683 -0.06479272 -0.06481945 -0.06383732 -0.06369452 -0.06468196 -0.064010225
0.399 -0.06481141 -0.06479947 -0.06479545 -0.06482171 -0.06384104 -0.063698426 -0.06468491 -0.06401206
0.3995 -0.0648138 -0.06480208 -0.06479814 -0.06482394 -0.06384475 -0.0637023 -0.06468782 -0.06401392
0.4 -0.06481617 -0.06480466 -0.06480079 -0.06482614 -0.063848376 -0.063706115 -0.06469068 -0.06401571
0.4005 -0.0648185 -0.0648072 -0.06480342 -0.06482832 -0.063852005 -0.063709885 -0.06469351 -0.06401751
0.401 -0.0648208 -0.06480971 -0.064806 -0.06483046 -0.06385557 -0.06371363 -0.06469633 -0.06401927
0.4015 -0.06482308 -0.06481218 -0.06480855 -0.06483258 -0.06385911 -0.063717335 -0.0646991 -0.06402101
0.402 -0.06482532 -0.06481462 -0.06481107 -0.06483468 -0.06386262 -0.063721 -0.064701855 -0.06402275
0.4025 -0.06482754 -0.06481703 -0.06481355 -0.06483674 -0.063866094 -0.06372461 -0.06470456 -0.06402446
0.403 -0.06482973 -0.06481941 -0.064816 -0.06483878 -0.06386952 -0.06372819 -0.06470724 -0.06402616
0.4035 -0.06483189 -0.06482175 -0.06481842 -0.0648408 -0.06387293 -0.06373173 -0.0647099 -0.06402785
0.404 -0.06483402 -0.06482407 -0.0648208 -0.06484279 -0.06387629 -0.06373524 -0.064712524 -0.0640295
0.4045 -0.06483613 -0.06482635 -0.06482315 -0.06484476 -0.06387964 -0.063738704 -0.06471513 -0.064031154
0.405 -0.06483821 -0.06482861 -0.06482547 -0.0648467 -0.06388292 -0.06374212 -0.06471771 -0.06403276
0.4055 -0.06484026 -0.06483083 -0.06482776 -0.06484861 -0.06388617 -0.06374551 -0.06472026 -0.06403437
0.406 -0.06484228 -0.06483303 -0.06483002 -0.0648505 -0.06388942 -0.06374887 -0.06472277 -0.06403598
0.4065 -0.06484428 -0.06483519 -0.06483225 -0.06485237 -0.06389262 -0.06375218 -0.06472525 -0.06403754
0.407 -0.06484626 -0.06483733 -0.06483445 -0.06485422 -0.06389576 -0.06375547 -0.064727716 -0.064039074
0.4075 -0.06484821 -0.06483944 -0.06483662 -0.06485604 -0.06389891 -0.063758716 -0.06473015 -0.06404063
0.408 -0.06485013 -0.06484152 -0.06483876 -0.06485784 -0.063902 -0.06376191 -0.06473255 -0.06404214
0.4085 -0.06485203 -0.06484357 -0.06484087 -0.06485962 -0.063905075 -0.06376509 -0.06473494 -0.06404365
0.409 -0.06485391 -0.0648456 -0.06484295 -0.06486137 -0.06390811 -0.06376824 -0.06473729 -0.06404514
0.4095 -0.06485576 -0.0648476 -0.06484501 -0.0648631 -0.063911125 -0.06377132 -0.06473963 -0.06404662
0.41 -0.06485759 -0.06484958 -0.06484704 -0.06486481 -0.06391408 -0.06377441 -0.064741924 -0.06404806
0.4105 -0.06485939 -0.06485152 -0.06484904 -0.0648665 -0.06391704 -0.06377745 -0.064744204 -0.06404951
0.411 -0.06486117 -0.06485345 -0.06485101 -0.06486817 -0.06391993 -0.06378046 -0.06474645 -0.06405093
0.4115 -0.06486293 -0.06485534 -0.06485296 -0.06486982 -0.06392282 -0.063783415 -0.06474869 -0.06405233
0.412 -0.06486467 -0.06485722 -0.06485488 -0.06487145 -0.06392568 -0.063786365 -0.064750895 -0.06405373
0.4125 -0.06486638 -0.06485906 -0.06485678 -0.06487305 -0.06392851 -0.06378928 -0.06475307 -0.0640551
0.413 -0.06486807 -0.06486089 -0.06485865 -0.06487464 -0.0639313 -0.063792154 -0.064755216 -0.06405646
0.4135 -0.06486975 -0.06486269 -0.0648605 -0.0648762 -0.06393407 -0.063795 -0.06475736 -0.064057805
0.414 -0.06487139 -0.06486446 -0.06486232 -0.06487775 -0.06393681 -0.06379781 -0.06475946 -0.06405915
0.4145 -0.06487302 -0.06486621 -0.06486412 -0.06487928 -0.06393951 -0.0638006 -0.06476155 -0.06406045
0.415 -0.06487463 -0.06486794 -0.06486589 -0.06488079 -0.06394221 -0.06380336 -0.06476362 -0.06406176
0.4155 -0.06487622 -0.06486965 -0.06486764 -0.06488227 -0.06394485 -0.06380608 -0.06476565 -0.06406306
0.416 -0.06487779 -0.06487133 -0.06486937 -0.06488375 -0.06394748 -0.06380878 -0.06476768 -0.06406434
0.4165 -0.06487933 -0.064873 -0.06487107 -0.0648852 -0.06395008 -0.06381145 -0.06476967 -0.06406559
0.417 -0.06488086 -0.06487464 -0.06487275 -0.06488663 -0.063952655 -0.06381409 -0.06477166 -0.06406685
0.4175 -0.06488237 -0.06487625 -0.06487441 -0.06488805 -0.0639552 -0.063816704 -0.064773604 -0.06406808
0.418 -0.06488386 -0.06487785 -0.06487605 -0.06488945 -0.06395772 -0.06381928 -0.06477555 -0.0640693
0.4185 -0.06488533 -0.06487943 -0.06487766 -0.06489083 -0.063960224 -0.06382184 -0.06477745 -0.06407052
0.419 -0.06488678 -0.06488099 -0.06487926 -0.06489219 -0.0639627 -0.063824356 -0.064779356 -0.064071715
0.4195 -0.06488821 -0.06488252 -0.06488083 -0.06489354 -0.06396514 -0.06382687 -0.06478122 -0.0640729
0.42 -0.06488962 -0.06488404 -0.06488238 -0.06489487 -0.06396755 -0.06382935 -0.06478308 -0.06407406
0.4205 -0.06489102 -0.06488553 -0.06488391 -0.06489618 -0.06396996 -0.06383179 -0.064784914 -0.06407523
0.421 -0.0648924 -0.06488701 -0.06488542 -0.06489747 -0.063972324 -0.06383421 -0.06478672 -0.064076364
0.4215 -0.06489376 -0.06488847 -0.06488691 -0.06489876 -0.06397466 -0.0638366 -0.064788505 -0.0640775
0.422 -0.0648951 -0.0648899 -0.06488838 -0.06490002 -0.06397699 -0.06383897 -0.06479028 -0.064078614
0.4225 -0.06489643 -0.06489132 -0.06488984 -0.06490127 -0.06397928 -0.06384131 -0.06479204 -0.06407972
0.423 -0.06489774 -0.06489272 -0.06489127 -0.0649025 -0.06398156 -0.06384364 -0.064793766 -0.064080805
0.4235 -0.06489903 -0.0648941 -0.06489268 -0.06490372 -0.06398381 -0.06384593 -0.064795494 -0.06408191
0.424 -0.06490031 -0.06489547 -0.06489408 -0.06490492 -0.06398605 -0.0638482 -0.06479719 -0.06408297
0.4245 -0.06490157 -0.06489681 -0.06489545 -0.06490611 -0.06398826 -0.06385046 -0.06479886 -0.06408405
0.425 -0.06490281 -0.06489814 -0.06489681 -0.06490728 -0.06399042 -0.06385267 -0.064800516 -0.064085074
0.4255 -0.06490404 -0.06489945 -0.06489815 -0.06490844 -0.06399259 -0.063854866 -0.06480216 -0.064086124
0.426 -0.06490525 -0.06490075 -0.06489947 -0.06490958 -0.06399472 -0.06385705 -0.06480378 -0.06408715
0.4265 -0.06490645 -0.06490203 -0.06490078 -0.06491071 -0.06399685 -0.063859195 -0.064805396 -0.06408819
0.427 -0.06490763 -0.06490329 -0.06490207 -0.06491182 -0.06399892 -0.06386132 -0.06480698 -0.064089164
0.4275 -0.0649088 -0.06490453 -0.06490334 -0.06491292 -0.064000994 -0.06386342 -0.06480856 -0.06409016
0.428 -0.06490995 -0.06490576 -0.06490459 -0.06491401 -0.064003065 -0.06386551 -0.06481013 -0.06409115
0.4285 -0.06491109 -0.06490697 -0.06490583 -0.06491508 -0.06400509 -0.063867554 -0.06481166 -0.06409214
0.429 -0.06491222 -0.06490817 -0.06490705 -0.06491614 -0.0640071 -0.0638696 -0.06481318 -0.064093105
0.4295 -0.06491332 -0.06490935 -0.06490825 -0.06491719 -0.064009085 -0.063871615 -0.06481469 -0.06409406
0.43 -0.06491442 -0.06491051 -0.06490944 -0.06491822 -0.06401106 -0.06387361 -0.06481618 -0.064095005
0.4305 -0.0649155 -0.06491166 -0.06491062 -0.06491924 -0.06401301 -0.06387558 -0.06481765 -0.06409593
0.431 -0.06491657 -0.0649128 -0.06491177 -0.06492025 -0.06401494 -0.06387754 -0.06481911 -0.06409685
0.4315 -0.06491762 -0.06491392 -0.06491292 -0.06492125 -0.06401685 -0.06387946 -0.06482056 -0.06409778
0.432 -0.06491866 -0.06491502 -0.06491404 -0.06492223 -0.064018734 -0.06388136 -0.06482198 -0.06409867
0.4325 -0.06491969 -0.06491612 -0.06491516 -0.0649232 -0.064020604 -0.06388326 -0.06482339 -0.064099565
0.433 -0.0649207 -0.06491719 -0.06491625 -0.06492416 -0.06402247 -0.06388513 -0.06482479 -0.064100444
0.4335 -0.0649217 -0.06491826 -0.06491734 -0.0649251 -0.0640243 -0.06388698 -0.064826176 -0.06410132
0.434 -0.06492269 -0.06491931 -0.06491841 -0.06492604 -0.06402611 -0.06388882 -0.06482755 -0.06410219
0.4345 -0.06492367 -0.06492034 -0.06491946 -0.06492696 -0.06402789 -0.06389062 -0.064828895 -0.06410304
0.435 -0.06492463 -0.06492136 -0.06492051 -0.06492787 -0.06402967 -0.063892424 -0.06483024 -0.06410389
0.4355 -0.06492558 -0.06492237 -0.06492153 -0.06492877 -0.06403142 -0.0638942 -0.06483157 -0.06410472
0.436 -0.06492652 -0.06492337 -0.06492255 -0.06492966 -0.06403318 -0.063895956 -0.06483289 -0.064105555
0.4365 -0.06492745 -0.06492435 -0.06492355 -0.06493054 -0.064034894 -0.0638977 -0.06483418 -0.064106375
0.437 -0.06492836 -0.06492532 -0.06492454 -0.0649314 -0.06403659 -0.063899405 -0.06483546 -0.0641072
0.4375 -0.06492927 -0.06492628 -0.06492551 -0.06493226 -0.064038284 -0.06390111 -0.064836726 -0.064107984
0.438 -0.06493016 -0.06492722 -0.06492647 -0.06493311 -0.06403996 -0.063902795 -0.06483798 -0.0641088
0.4385 -0.06493104 -0.06492816 -0.06492742 -0.06493394 -0.064041585 -0.06390445 -0.06483923 -0.06410956
0.439 -0.06493191 -0.06492908 -0.06492836 -0.06493476 -0.06404324 -0.0639061 -0.06484045 -0.06411036
0.4395 -0.06493277 -0.06492999 -0.06492929 -0.06493558 -0.064044856 -0.06390773 -0.06484167 -0.06411112
0.44 -0.06493362 -0.06493088 -0.0649302 -0.06493638 -0.06404646 -0.063909344 -0.06484288 -0.06411189
0.4405 -0.06493446 -0.06493177 -0.0649311 -0.06493717 -0.064048044 -0.06391094 -0.06484406 -0.06411263
0.441 -0.06493528 -0.06493264 -0.06493199 -0.06493796 -0.0640496 -0.06391252 -0.06484524 -0.064113386
0.4415 -0.0649361 -0.0649335 -0.06493286 -0.06493873 -0.06405116 -0.06391409 -0.06484641 -0.064114116
0.442 -0.0649369 -0.06493436 -0.06493373 -0.0649395 -0.0640527 -0.063915625 -0.06484756 -0.06411484
0.4425 -0.0649377 -0.0649352 -0.06493459 -0.06494025 -0.064054206 -0.06391716 -0.0648487 -0.06411556
0.443 -0.06493849 -0.06493603 -0.06493543 -0.064941 -0.064055726 -0.063918665 -0.06484982 -0.06411627
0.4435 -0.06493926 -0.06493684 -0.06493626 -0.06494173 -0.0640572 -0.06392016 -0.06485095 -0.06411697
0.444 -0.06494003 -0.06493765 -0.06493708 -0.06494246 -0.06405868 -0.06392164 -0.06485205 -0.06411767
0.4445 -0.06494078 -0.06493845 -0.06493789 -0.06494318 -0.06406014 -0.063923106 -0.06485313 -0.06411837
0.445 -0.06494153 -0.06493924 -0.06493869 -0.06494388 -0.0640616 -0.06392456 -0.06485423 -0.064119056
0.4455 -0.06494227 -0.06494002 -0.06493948 -0.06494458 -0.06406303 -0.06392599 -0.06485529 -0.06411974
0.446 -0.06494299 -0.06494078 -0.06494026 -0.06494527 -0.06406441 -0.063927405 -0.06485634 -0.064120375
0.4465 -0.06494371 -0.06494154 -0.06494103 -0.06494596 -0.06406582 -0.06392881 -0.06485739 -0.064121045
0.447 -0.06494442 -0.06494229 -0.06494179 -0.06494663 -0.0640672 -0.0639302 -0.06485842 -0.06412169
0.4475 -0.06494512 -0.06494302 -0.06494254 -0.0649473 -0.064068586 -0.063931584 -0.064859465 -0.06412235
0.448 -0.06494581 -0.06494375 -0.06494328 -0.06494795 -0.064069934 -0.06393293 -0.06486046 -0.06412298
0.4485 -0.0649465 -0.06494447 -0.06494401 -0.0649486 -0.06407128 -0.06393429 -0.06486148 -0.064123616
0.449 -0.06494717 -0.06494518 -0.06494473 -0.06494924 -0.06407261 -0.06393561 -0.064862475 -0.06412425
0.4495 -0.06494784 -0.06494588 -0.06494544 -0.06494988 -0.064073935 -0.063936934 -0.06486345 -0.06412487
0.45 -0.06494849 -0.06494657 -0.06494614 -0.0649505 -0.064075224 -0.063938245 -0.06486441 -0.06412548
0.4505 -0.06494914 -0.06494726 -0.06494683 -0.06495112 -0.06407652 -0.06393952 -0.06486538 -0.0641261
0.451 -0.06494978 -0.06494793 -0.06494752 -0.06495173 -0.064077795 -0.06394079 -0.064866334 -0.064126685
0.4515 -0.06495041 -0.06494859 -0.06494819 -0.06495233 -0.064079046 -0.063942045 -0.06486727 -0.06412729
0.452 -0.06495104 -0.06494925 -0.06494886 -0.06495292 -0.0640803 -0.063943304 -0.0648682 -0.064127885
0.4525 -0.06495166 -0.0649499 -0.06494951 -0.06495351 -0.06408153 -0.06394452 -0.06486912 -0.06412846
0.453 -0.06495226 -0.06495054 -0.06495016 -0.06495409 -0.06408276 -0.063945755 -0.06487003 -0.06412904
0.4535 -0.06495287 -0.06495117 -0.0649508 -0.06495466 -0.064083986 -0.06394696 -0.06487093 -0.064129636
0.454 -0.06495346 -0.06495179 -0.06495143 -0.06495523 -0.06408517 -0.06394817 -0.064871825 -0.06413018
0.4545 -0.06495404 -0.06495241 -0.06495206 -0.06495578 -0.064086355 -0.06394934 -0.064872704 -0.06413074
0.455 -0.06495462 -0.06495301 -0.06495267 -0.06495633 -0.06408754 -0.063950524 -0.06487359 -0.064131305
0.4555 -0.06495519 -0.06495361 -0.06495328 -0.06495688 -0.06408871 -0.06395167 -0.06487445 -0.064131856
0.456 -0.06495576 -0.0649542 -0.06495388 -0.06495742 -0.06408986 -0.06395283 -0.06487531 -0.06413239
0.4565 -0.06495632 -0.06495479 -0.06495447 -0.06495795 -0.06409098 -0.06395396 -0.06487615 -0.06413292
0.457 -0.06495687 -0.06495537 -0.06495506 -0.06495847 -0.064092115 -0.06395508 -0.06487699 -0.064133465
0.4575 -0.06495741 -0.06495593 -0.06495563 -0.06495899 -0.06409323 -0.0639562 -0.06487782 -0.06413399
0.458 -0.06495794 -0.0649565 -0.0649562 -0.0649595 -0.06409435 -0.063957304 -0.06487865 -0.06413451
0.4585 -0.06495847 -0.06495705 -0.06495676 -0.06496 -0.06409544 -0.06395839 -0.06487946 -0.06413502
0.459 -0.064959 -0.0649576 -0.06495732 -0.0649605 -0.06409651 -0.063959464 -0.06488027 -0.064135514
0.4595 -0.06495951 -0.06495814 -0.06495786 -0.06496099 -0.06409759 -0.06396053 -0.06488106 -0.064136036
0.46 -0.06496002 -0.06495867 -0.0649584 -0.06496148 -0.06409864 -0.06396159 -0.06488185 -0.06413652
0.4605 -0.06496052 -0.0649592 -0.06495894 -0.06496196 -0.064099684 -0.06396263 -0.06488261 -0.06413701
0.461 -0.06496102 -0.06495972 -0.06495946 -0.06496243 -0.06410073 -0.06396367 -0.064883396 -0.064137496
0.4615 -0.06496151 -0.06496023 -0.06495998 -0.0649629 -0.064101756 -0.06396468 -0.06488415 -0.064137995
0.462 -0.064962 -0.06496074 -0.06496049 -0.06496336 -0.06410277 -0.063965686 -0.0648849 -0.06413844
0.4625 -0.06496247 -0.06496124 -0.064961 -0.06496382 -0.064103775 -0.06396669 -0.06488565 -0.064138934
0.463 -0.06496295 -0.06496173 -0.0649615 -0.06496427 -0.064104766 -0.06396768 -0.06488639 -0.064139396
0.4635 -0.06496341 -0.06496222 -0.06496199 -0.06496472 -0.064105764 -0.06396866 -0.06488712 -0.06413986
0.464 -0.06496387 -0.0649627 -0.06496248 -0.06496516 -0.06410673 -0.063969634 -0.06488784 -0.06414033
0.4645 -0.06496433 -0.06496317 -0.06496296 -0.06496559 -0.0641077 -0.063970596 -0.06488855 -0.064140774
0.465 -0.06496477 -0.06496364 -0.06496343 -0.06496602 -0.06410865 -0.063971534 -0.06488926 -0.064141214
0.4655 -0.06496522 -0.0649641 -0.0649639 -0.06496644 -0.0641096 -0.06397247 -0.06488997 -0.064141646
0.466 -0.06496565 -0.06496456 -0.06496436 -0.06496686 -0.06411053 -0.06397341 -0.06489065 -0.0641421
0.4665 -0.06496609 -0.06496501 -0.06496482 -0.06496727 -0.06411147 -0.06397433 -0.06489134 -0.06414253
0.467 -0.06496651 -0.06496546 -0.06496527 -0.06496768 -0.06411238 -0.06397524 -0.06489201 -0.06414296
0.4675 -0.06496693 -0.0649659 -0.06496571 -0.06496808 -0.06411328 -0.06397614 -0.06489268 -0.06414338
0.468 -0.06496735 -0.06496633 -0.06496615 -0.06496848 -0.06411419 -0.06397703 -0.06489335 -0.064143814
0.4685 -0.06496776 -0.06496676 -0.06496658 -0.06496887 -0.06411507 -0.06397791 -0.064894006 -0.06414422
0.469 -0.06496816 -0.06496718 -0.06496701 -0.06496926 -0.06411594 -0.06397878 -0.064894654 -0.06414464
0.4695 -0.06496856 -0.0649676 -0.06496743 -0.06496964 -0.06411682 -0.06397964 -0.0648953 -0.06414504
0.47 -0.06496896 -0.06496801 -0.06496785 -0.06497002 -0.064117685 -0.0639805 -0.06489594 -0.06414544
0.4705 -0.06496935 -0.06496842 -0.06496826 -0.06497039 -0.064118534 -0.06398134 -0.06489657 -0.064145856
0.471 -0.06496974 -0.06496882 -0.06496866 -0.06497076 -0.06411938 -0.06398218 -0.06489719 -0.06414625
0.4715 -0.06497012 -0.06496921 -0.06496906 -0.06497113 -0.06412022 -0.063983016 -0.0648978 -0.06414662
0.472 -0.06497049 -0.0649696 -0.06496946 -0.06497149 -0.06412102 -0.06398383 -0.06489841 -0.064147
0.4725 -0.06497086 -0.06496999 -0.06496985 -0.06497184 -0.06412184 -0.06398463 -0.06489901 -0.06414738
0.473 -0.06497123 -0.06497037 -0.06497023 -0.06497219 -0.06412265 -0.06398544 -0.064899616 -0.064147756
0.4735 -0.06497159 -0.06497075 -0.06497061 -0.06497254 -0.06412346 -0.06398623 -0.064900205 -0.064148135
0.474 -0.06497195 -0.06497112 -0.06497099 -0.06497288 -0.06412426 -0.06398702 -0.064900786 -0.064148515
0.4745 -0.0649723 -0.06497149 -0.06497136 -0.06497322 -0.06412503 -0.0639878 -0.06490137 -0.064148866
0.475 -0.06497265 -0.06497185 -0.06497172 -0.06497355 -0.06412581 -0.06398856 -0.06490193 -0.06414922
0.4755 -0.06497299 -0.0649722 -0.06497209 -0.06497388 -0.06412657 -0.06398932 -0.06490251 -0.06414957
0.476 -0.06497333 -0.06497256 -0.06497244 -0.06497421 -0.06412734 -0.06399009 -0.064903066 -0.06414994
0.4765 -0.06497366 -0.06497291 -0.06497279 -0.06497453 -0.064128086 -0.06399082 -0.06490362 -0.06415028
0.477 -0.06497399 -0.06497325 -0.06497314 -0.06497484 -0.06412883 -0.063991554 -0.06490415 -0.06415063
0.4775 -0.06497432 -0.06497359 -0.06497348 -0.06497516 -0.064129576 -0.06399229 -0.064904705 -0.06415098
0.478 -0.06497464 -0.06497392 -0.06497382 -0.06497547 -0.064130306 -0.063993014 -0.06490525 -0.06415132
0.4785 -0.06497496 -0.06497425 -0.06497415 -0.06497577 -0.06413103 -0.06399374 -0.06490579 -0.06415166
0.479 -0.06497528 -0.06497458 -0.06497448 -0.06497607 -0.06413174 -0.06399444 -0.064906314 -0.06415199
0.4795 -0.06497559 -0.0649749 -0.06497481 -0.06497637 -0.064132445 -0.06399514 -0.064906836 -0.06415233
0.48 -0.06497589 -0.06497522 -0.06497513 -0.06497667 -0.06413314 -0.06399582 -0.06490734 -0.06415264
0.4805 -0.0649762 -0.06497554 -0.06497545 -0.06497696 -0.06413384 -0.06399651 -0.06490785 -0.06415297
0.481 -0.06497649 -0.06497585 -0.06497576 -0.06497724 -0.06413452 -0.063997194 -0.06490836 -0.06415329
0.4815 -0.06497679 -0.06497615 -0.06497607 -0.06497753 -0.0641352 -0.06399785 -0.06490885 -0.064153604
0.482 -0.06497708 -0.06497645 -0.06497637 -0.06497781 -0.06413588 -0.06399852 -0.064909354 -0.064153925
0.4825 -0.06497737 -0.06497675 -0.06497667 -0.06497808 -0.064136535 -0.06399918 -0.06490984 -0.06415422
0.483 -0.06497765 -0.06497705 -0.06497697 -0.06497835 -0.064137205 -0.06399983 -0.06491032 -0.064154536
0.4835 -0.06497793 -0.06497734 -0.06497726 -0.06497862 -0.064137846 -0.06400047 -0.0649108 -0.06415483
0.484 -0.06497821 -0.06497763 -0.06497755 -0.06497889 -0.06413848 -0.06400111 -0.06491127 -0.06415513
0.4845 -0.06497848 -0.06497791 -0.06497784 -0.06497915 -0.06413913 -0.06400174 -0.06491174 -0.06415544
0.485 -0.06497875 -0.06497819 -0.06497812 -0.06497941 -0.06413976 -0.06400235 -0.064912215 -0.06415573
0.4855 -0.06497902 -0.06497847 -0.0649784 -0.06497967 -0.06414038 -0.064002976 -0.06491266 -0.06415601
0.486 -0.06497928 -0.06497874 -0.06497867 -0.06497992 -0.064141005 -0.06400359 -0.06491312 -0.0641563
0.4865 -0.06497954 -0.06497901 -0.06497895 -0.06498017 -0.06414161 -0.0640042 -0.06491357 -0.064156584
0.487 -0.0649798 -0.06497927 -0.06497921 -0.06498042 -0.06414221 -0.06400479 -0.06491401 -0.06415686
0.4875 -0.06498005 -0.06497954 -0.06497948 -0.06498066 -0.06414282 -0.06400538 -0.06491445 -0.06415716
0.488 -0.0649803 -0.06497979 -0.06497974 -0.0649809 -0.06414341 -0.064005956 -0.06491488 -0.06415743
0.4885 -0.06498055 -0.06498005 -0.06498 -0.06498114 -0.064144 -0.06400654 -0.064915314 -0.06415772
0.489 -0.06498079 -0.0649803 -0.06498025 -0.06498137 -0.06414458 -0.06400711 -0.06491574 -0.06415797
0.4895 -0.06498104 -0.06498055 -0.0649805 -0.06498161 -0.064145155 -0.06400768 -0.06491616 -0.064158246
0.49 -0.06498127 -0.0649808 -0.06498075 -0.06498184 -0.06414573 -0.064008236 -0.06491658 -0.06415851
0.4905 -0.06498151 -0.06498104 -0.06498099 -0.06498206 -0.064146295 -0.06400879 -0.064917 -0.06415877
0.491 -0.06498174 -0.06498128 -0.06498123 -0.06498228 -0.06414685 -0.06400934 -0.0649174 -0.06415902
0.4915 -0.06498197 -0.06498152 -0.06498147 -0.06498251 -0.06414739 -0.06400988 -0.064917795 -0.064159274
0.492 -0.0649822 -0.06498175 -0.06498171 -0.06498272 -0.06414794 -0.06401043 -0.064918205 -0.064159535
0.4925 -0.06498242 -0.06498198 -0.06498194 -0.06498294 -0.064148486 -0.06401096 -0.0649186 -0.06415977
0.493 -0.06498264 -0.06498221 -0.06498217 -0.06498315 -0.06414902 -0.064011484 -0.064918995 -0.064160034
0.4935 -0.06498286 -0.06498244 -0.0649824 -0.06498336 -0.064149536 -0.064012006 -0.06491938 -0.06416027
0.494 -0.06498307 -0.06498266 -0.06498262 -0.06498357 -0.064150095 -0.06401251 -0.06491977 -0.064160526
0.4945 -0.06498328 -0.06498288 -0.06498284 -0.06498377 -0.064150594 -0.06401303 -0.06492014 -0.064160764
0.495 -0.06498349 -0.06498309 -0.06498306 -0.06498397 -0.06415112 -0.06401355 -0.06492053 -0.06416101
0.4955 -0.0649837 -0.06498331 -0.06498327 -0.06498417 -0.064151615 -0.06401405 -0.0649209 -0.064161226
0.496 -0.0649839 -0.06498352 -0.06498349 -0.06498437 -0.06415212 -0.06401453 -0.06492126 -0.064161465
0.4965 -0.06498411 -0.06498373 -0.0649837 -0.06498456 -0.06415261 -0.06401502 -0.06492163 -0.06416168
0.497 -0.06498431 -0.06498393 -0.0649839 -0.06498476 -0.064153105 -0.06401551 -0.064922 -0.06416192
0.4975 -0.0649845 -0.06498414 -0.06498411 -0.06498495 -0.0641536 -0.06401599 -0.06492236 -0.06416216
0.498 -0.0649847 -0.06498434 -0.06498431 -0.06498513 -0.06415407 -0.064016476 -0.064922705 -0.06416237
0.4985 -0.06498489 -0.06498453 -0.06498451 -0.06498532 -0.06415454 -0.06401693 -0.06492303 -0.06416257
0.499 -0.06498508 -0.06498473 -0.0649847 -0.0649855 -0.06415503 -0.0640174 -0.06492339 -0.064162806
0.4995 -0.06498526 -0.06498492 -0.0649849 -0.06498568 -0.06415549 -0.06401786 -0.06492373 -0.064163014
0.5 -0.06498545 -0.06498511 -0.06498509 -0.06498586 -0.06415594 -0.06401832 -0.064924076 -0.06416322
