5.936952680349349976e-02 3.151530027389526367e-02
2.322868630290031433e-02 2.488730102777481079e-02
2.052530832588672638e-02 2.357039973139762878e-02
1.791362278163433075e-02 2.312731556594371796e-02
1.548911072313785553e-02 2.070972695946693420e-02
1.458600722253322601e-02 1.772708818316459656e-02
1.317813061177730560e-02 1.434422470629215240e-02
1.086634397506713867e-02 1.266844291239976883e-02
1.062184851616621017e-02 1.205908786505460739e-02
1.139072701334953308e-02 1.328236050903797150e-02
9.898548945784568787e-03 1.140286494046449661e-02
7.889829576015472412e-03 9.698836132884025574e-03
7.476476486772298813e-03 9.388280101120471954e-03
7.018536329269409180e-03 9.237541817128658295e-03
5.883780308067798615e-03 8.109403774142265320e-03
5.438468419015407562e-03 5.936168134212493896e-03
5.232881288975477219e-03 5.702017806470394135e-03
4.557895008474588394e-03 6.596781313419342041e-03
4.765562713146209717e-03 4.946972709149122238e-03
5.069557577371597290e-03 7.564066909253597260e-03
5.170102696865797043e-03 6.084739230573177338e-03
6.086904089897871017e-03 6.494667381048202515e-03
5.753067322075366974e-03 7.788418326526880264e-03
5.476047284901142120e-03 5.459701176732778549e-03
3.292486537247896194e-03 4.458206705749034882e-03
3.443841356784105301e-03 4.466687329113483429e-03
2.723814686760306358e-03 4.700426477938890457e-03
2.236057538539171219e-03 3.137543331831693649e-03
2.048265887424349785e-03 2.977904397994279861e-03
1.861651660874485970e-03 3.402655478566884995e-03
1.745664514601230621e-03 3.202524036169052124e-03
2.130492357537150383e-03 3.567765932530164719e-03
2.572485012933611870e-03 6.583574227988719940e-03
3.763871733099222183e-03 3.244024235755205154e-03
2.660713624209165573e-03 6.068762857466936111e-03
3.607099177315831184e-03 3.565541002899408340e-03
2.513138344511389732e-03 3.624588716775178909e-03
2.137461211532354355e-03 2.993838163092732430e-03
1.879538758657872677e-03 2.665217500180006027e-03
1.943699666298925877e-03 3.064140211790800095e-03
1.635364606045186520e-03 2.625080756843090057e-03
1.435625599697232246e-03 2.520629437640309334e-03
1.368992379866540432e-03 2.489298814907670021e-03
1.243983046151697636e-03 2.298350678756833076e-03
1.180113409645855427e-03 2.171084983274340630e-03
1.134864753112196922e-03 2.081407234072685242e-03
1.120669068768620491e-03 2.360095037147402763e-03
1.060025766491889954e-03 2.003068104386329651e-03
9.620704804547131062e-04 2.168280538171529770e-03
9.378489339724183083e-04 1.960043096914887428e-03
1.042148098349571228e-03 1.955211628228425980e-03
9.986736113205552101e-04 1.951951533555984497e-03
9.782185079529881477e-04 2.188054844737052917e-03
1.018983428366482258e-03 2.032052725553512573e-03
1.249840948730707169e-03 1.729484880343079567e-03
1.243646605871617794e-03 3.211101982742547989e-03
1.299516414292156696e-03 2.786186989396810532e-03
1.910565420985221863e-03 1.979856984689831734e-03
1.482175546698272228e-03 2.343536820262670517e-03
1.357498811557888985e-03 1.859929645434021950e-03
1.426321570761501789e-03 2.222595270723104477e-03
1.371777732856571674e-03 1.844153390266001225e-03
1.094913110136985779e-03 2.045310568064451218e-03
1.082184142433106899e-03 1.603360869921743870e-03
9.001718135550618172e-04 1.736399368382990360e-03
9.888503700494766235e-04 1.747310161590576172e-03
9.824562584981322289e-04 1.761733787134289742e-03
8.219218580052256584e-04 1.376536674797534943e-03
6.629008566960692406e-04 1.389250392094254494e-03
6.787512684240937233e-04 1.217124983668327332e-03
7.279741694219410419e-04 1.100037945434451103e-03
6.524942000396549702e-04 1.156727434135973454e-03
7.717136759310960770e-04 1.377940061502158642e-03
7.520479266531765461e-04 1.270194654352962971e-03
5.873358459211885929e-04 1.433016965165734291e-03
7.342646713368594646e-04 1.814549439586699009e-03
9.842126164585351944e-04 1.634342945180833340e-03
1.045406097546219826e-03 1.394272083416581154e-03
1.025911536999046803e-03 1.985803712159395218e-03
1.301868236623704433e-03 1.149909105151891708e-03
7.807154906913638115e-04 1.419061794877052307e-03
1.068514538928866386e-03 1.906941644847393036e-03
9.787827730178833008e-04 2.011967357248067856e-03
1.025686739012598991e-03 1.291194697842001915e-03
6.775509682483971119e-04 1.019526738673448563e-03
6.752011249773204327e-04 1.703431480564177036e-03
9.658684139139950275e-04 1.549800857901573181e-03
1.362369395792484283e-03 9.668784332461655140e-04
1.212917268276214600e-03 2.553748432546854019e-03
1.627247780561447144e-03 2.435447182506322861e-03
9.473238023929297924e-04 1.244913088157773018e-03
7.557938806712627411e-04 1.542217680253088474e-03
9.220349602401256561e-04 1.396890031173825264e-03
8.419885998591780663e-04 1.064374344423413277e-03
1.473204465582966805e-03 1.446761074475944042e-03
1.227067550644278526e-03 1.932535669766366482e-03
1.250323490239679813e-03 1.402660505846142769e-03
8.008005097508430481e-04 1.158632687292993069e-03
6.401794962584972382e-04 8.038262021727859974e-04
4.907100810669362545e-04 6.139857578091323376e-04
3.657127381302416325e-04 7.466934621334075928e-04
3.399934794288128614e-04 6.336619844660162926e-04
3.216247423551976681e-04 8.300326880998909473e-04
3.654440224636346102e-04 6.090189563110470772e-04
2.954322844743728638e-04 5.686260410584509373e-04
2.566526818554848433e-04 5.541634745895862579e-04
2.887100563384592533e-04 5.506827728822827339e-04
3.045286575797945261e-04 6.701514357700943947e-04
2.917566453106701374e-04 5.245864158496260643e-04
2.790401631500571966e-04 4.835505096707493067e-04
2.294159930897876620e-04 4.900218918919563293e-04
2.941552374977618456e-04 5.014716298319399357e-04
2.521382702980190516e-04 4.976607160642743111e-04
2.099295088555663824e-04 4.492164589464664459e-04
1.888129336293786764e-04 4.891009302809834480e-04
2.007609291467815638e-04 4.317359998822212219e-04
1.960561348823830485e-04 4.039235063828527927e-04
1.858030009316280484e-04 3.953131963498890400e-04
1.871699496405199170e-04 4.292432568036019802e-04
1.789078087313100696e-04 4.561706446111202240e-04
1.958654756890609860e-04 5.790411378256976604e-04
3.188790869899094105e-04 6.242931704036891460e-04
2.514393127057701349e-04 4.465302336029708385e-04
2.823961549438536167e-04 6.030329968780279160e-04
2.723130746744573116e-04 4.867544921580702066e-04
2.594916149973869324e-04 5.702347261831164360e-04
2.305756352143362164e-04 4.399334138724952936e-04
2.189366350648924708e-04 4.676518437918275595e-04
2.097771503031253815e-04 4.551742749754339457e-04
1.920616196002811193e-04 3.821818099822849035e-04
1.688914198894053698e-04 3.870371438097208738e-04
1.572288165334612131e-04 3.454005345702171326e-04
1.474872988183051348e-04 2.872939803637564182e-04
1.498202182119712234e-04 3.858734271489083767e-04
1.690865319687873125e-04 4.377156146802008152e-04
1.938736531883478165e-04 5.223568296059966087e-04
2.328944101464003325e-04 3.846335748676210642e-04
2.548283082433044910e-04 3.531376714818179607e-04
2.196648565586656332e-04 3.647876146715134382e-04
2.035594079643487930e-04 4.149677115492522717e-04
2.189091464970260859e-04 3.666517732199281454e-04
1.689073687884956598e-04 4.295279795769602060e-04
2.445423742756247520e-04 5.718530155718326569e-04
3.156904713250696659e-04 4.848824755754321814e-04
3.156515012960880995e-04 3.724854323081672192e-04
2.223548654001206160e-04 2.617902355268597603e-04
1.617656089365482330e-04 3.277547075413167477e-04
1.290442014578729868e-04 3.009297652170062065e-04
1.499746431363746524e-04 2.844355185516178608e-04
1.113926555262878537e-04 2.967580803669989109e-04
1.179478931589983404e-04 2.517887041904032230e-04
1.078178393072448671e-04 2.724215737544000149e-04
1.107175339711830020e-04 3.046276397071778774e-04
1.259339915122836828e-04 3.358580288477241993e-04
1.274235837627202272e-04 2.707962412387132645e-04
9.720260277390480042e-05 2.449028543196618557e-04
9.859040437731891870e-05 2.443313715048134327e-04
9.863777086138725281e-05 2.597243583295494318e-04
1.022521537379361689e-04 2.240356552647426724e-04
1.145349378930404782e-04 2.631246170494705439e-04
1.120965462177991867e-04 2.493298961780965328e-04
1.078477798728272319e-04 2.508071193005889654e-04
9.390401100972667336e-05 2.450142928864806890e-04
1.076947228284552693e-04 2.645300701260566711e-04
1.277309202123433352e-04 2.613416290841996670e-04
1.371882390230894089e-04 2.390842855675145984e-04
1.237248216057196259e-04 2.508259203750640154e-04
1.199959442601539195e-04 3.078847657889127731e-04
1.326000055996701121e-04 4.220933769829571247e-04
1.823476777644827962e-04 3.393967344891279936e-04
2.136670518666505814e-04 3.431258082855492830e-04
1.648610923439264297e-04 3.222958184778690338e-04
2.284721413161605597e-04 2.694705908652395010e-04
2.351493167225271463e-04 3.507737710606306791e-04
3.875886905007064342e-04 6.456334958784282207e-04
5.049570463597774506e-04 5.009029991924762726e-04
4.739668802358210087e-04 6.243048119358718395e-04
5.318683688528835773e-04 5.967089091427624226e-04
5.040089599788188934e-04 4.272813093848526478e-04
3.714127524290233850e-04 7.611227920278906822e-04
4.292939265724271536e-04 5.913629429414868355e-04
5.416542990133166313e-04 1.061513787135481834e-03
5.993136437609791756e-04 5.422362009994685650e-04
4.862349596805870533e-04 4.514321626629680395e-04
5.026689614169299603e-04 7.153531769290566444e-04
1.567221945151686668e-03 1.398120308294892311e-03
1.442010048776865005e-03 1.925660530105233192e-03
2.184543292969465256e-03 8.785599842667579651e-03
5.535264499485492706e-03 2.501962939277291298e-03
3.231638576835393906e-03 3.603611839935183525e-03
2.353803720325231552e-03 1.135908416472375393e-03
1.577553106471896172e-03 2.228815807029604912e-03
1.284311874769628048e-03 1.022850628942251205e-03
8.756482857279479504e-04 6.907909992150962353e-04
8.268087985925376415e-04 1.307980739511549473e-03
7.321553421206772327e-04 7.777668070048093796e-04
8.458831580355763435e-04 7.416460430249571800e-04
5.541834398172795773e-04 5.623364704661071301e-04
4.122155369259417057e-04 6.806057645007967949e-04
4.072863084729760885e-04 4.645810404326766729e-04
3.291415341664105654e-04 4.559973604045808315e-04
2.660155878402292728e-04 5.644119228236377239e-04
2.771893923636525869e-04 3.473509859759360552e-04
2.069182955892756581e-04 3.208894631825387478e-04
1.902242365758866072e-04 3.562193887773901224e-04
1.756819983711466193e-04 3.214610333088785410e-04
1.643536670599132776e-04 2.828027063515037298e-04
1.868479885160923004e-04 2.954898518510162830e-04
1.521080994280055165e-04 2.679012832231819630e-04
1.428435498382896185e-04 3.549438260961323977e-04
1.621063856873661280e-04 3.653588064480572939e-04
1.424126821802929044e-04 2.672338450793176889e-04
1.542574609629809856e-04 2.778318594209849834e-04
2.456802467349916697e-04 2.914135693572461605e-04
3.083235933445394039e-04 3.249320434406399727e-04
3.738710656762123108e-04 2.767615078482776880e-04
2.408750588074326515e-04 6.801246781833469868e-04
3.014160320162773132e-04 4.697816330008208752e-04
2.621674211695790291e-04 3.383081057108938694e-04
2.380389778409153223e-04 3.090873069595545530e-04
2.209877420682460070e-04 2.728573454078286886e-04
1.534024195279926062e-04 3.716840292327105999e-04
1.544914703117683530e-04 3.583600628189742565e-04
1.630484184715896845e-04 2.542358706705272198e-04
1.434114237781614065e-04 2.661981270648539066e-04
2.029922761721536517e-04 2.761995419859886169e-04
1.762839674483984709e-04 2.392812457401305437e-04
1.208687681355513632e-04 3.188192786183208227e-04
1.342740579275414348e-04 2.453725610394030809e-04
1.045827521011233330e-04 2.613966935314238071e-04
1.328858197666704655e-04 1.957553904503583908e-04
1.027443213388323784e-04 2.099981065839529037e-04
8.490846812492236495e-05 2.477607922628521919e-04
1.018026378005743027e-04 2.419446100248023868e-04
9.040593431564047933e-05 2.436262584524229169e-04
1.026528989314101636e-04 3.155713784508407116e-04
1.214025105582550168e-04 2.509871846996247768e-04
9.954932465916499496e-05 2.481651026755571365e-04
9.988874808186665177e-05 2.220412716269493103e-04
8.572345541324466467e-05 2.082925784634426236e-04
8.973044168669730425e-05 2.011807227972894907e-04
7.662207644898444414e-05 1.870452542789280415e-04
8.159689605236053467e-05 1.876705791801214218e-04
7.343375182244926691e-05 1.818867458496242762e-04
7.003742211963981390e-05 1.807643566280603409e-04
6.884870526846498251e-05 1.997038198169320822e-04
6.727388972649350762e-05 2.013037737924605608e-04
6.031064549461007118e-05 1.973686012206599116e-04
6.304951239144429564e-05 1.796564756659790874e-04
5.952398714725859463e-05 1.584531564731150866e-04
5.757889084634371102e-05 1.897016773000359535e-04
5.782006337540224195e-05 1.628331228857859969e-04
5.762298678746446967e-05 1.684478484094142914e-04
6.095493517932482064e-05 1.922880765050649643e-04
6.768793537048622966e-05 1.799850433599203825e-04
6.483347533503547311e-05 1.949508732650429010e-04
6.464635953307151794e-05 1.777939905878156424e-04
5.513451105798594654e-05 1.667347678449004889e-04
5.924907236476428807e-05 1.765429915394634008e-04
5.636077185044996440e-05 1.811503607314080000e-04
6.360858969856053591e-05 1.778100413503125310e-04
6.300413224380463362e-05 1.821832847781479359e-04
6.420605495804920793e-05 1.905514509417116642e-04
6.342217966448515654e-05 2.053448406513780355e-04
6.456390838138759136e-05 1.838187745306640863e-04
6.576807936653494835e-05 1.787335786502808332e-04
6.525161734316498041e-05 1.916882611112669110e-04
1.027729740599170327e-04 2.264636568725109100e-04
1.085821422748267651e-04 1.742798922350630164e-04
8.726523810764774680e-05 1.763477921485900879e-04
8.393255120608955622e-05 1.458285551052540541e-04
7.372499385382980108e-05 1.664535084273666143e-04
5.687220254912972450e-05 1.533220784040167928e-04
6.138625030871480703e-05 1.678400585660710931e-04
6.040673906682059169e-05 1.481227664044126868e-04
5.917106682318262756e-05 1.813561684684827924e-04
5.919722752878442407e-05 1.857895840657874942e-04
1.017892645904794335e-04 1.724566973280161619e-04
1.623093121452257037e-04 1.596350484760478139e-04
1.960894296644255519e-04 3.582438803277909756e-04
1.947197888512164354e-04 3.881390148308128119e-04
1.886499376269057393e-04 4.240795096848160028e-04
2.456477377563714981e-04 2.060915139736607671e-04
1.325430494034662843e-04 3.282098623458296061e-04
1.326938509009778500e-04 2.161622105631977320e-04
1.179633327410556376e-04 2.081204147543758154e-04
8.476786024402827024e-05 2.120101999025791883e-04
1.144551642937585711e-04 1.952921156771481037e-04
1.095316038117744029e-04 3.655589534901082516e-04
2.581157023087143898e-04 5.157253472134470940e-04
3.106601943727582693e-04 4.849849210586398840e-04
3.931758983526378870e-04 8.586727781221270561e-04
6.569796241819858551e-04 6.190649000927805901e-04
4.635369405150413513e-04 6.015250692144036293e-04
5.104534211568534374e-04 5.590499495156109333e-04
2.964485320262610912e-04 2.624189655762165785e-04
1.689183409325778484e-04 2.624535118229687214e-04
1.554417394800111651e-04 2.647860092110931873e-04
2.185183402616530657e-04 2.315140300197526813e-04
3.849368949886411428e-04 2.256508741993457079e-04
2.111016074195504189e-04 4.413222777657210827e-04
2.649436355568468571e-04 3.961912007071077824e-04
1.865763915702700615e-04 2.152071974705904722e-04
1.409334799973294139e-04 2.693862188607454300e-04
1.960526424227282405e-04 2.193052787333726883e-04
1.750739465933293104e-04 2.675215073395520449e-04
2.746964455582201481e-04 2.854990889318287373e-04
2.107426553266122937e-04 3.766386944334954023e-04
2.098619297612458467e-04 4.979891818948090076e-04
2.206773933721706271e-04 2.018089435296133161e-04
2.379910583840683103e-04 2.221700706286355853e-04
1.611664629308506846e-04 1.984418195206671953e-04
1.650303165661171079e-04 2.274538855999708176e-04
1.661199203226715326e-04 2.626447821967303753e-04
1.377110893372446299e-04 2.221835311502218246e-04
1.220143167302012444e-04 2.262439520563930273e-04
1.446496753487735987e-04 2.677079173736274242e-04
1.584713900228962302e-04 2.854269987437874079e-04
1.334261905867606401e-04 2.812362799886614084e-04
1.551297318655997515e-04 3.720130189321935177e-04
1.994792837649583817e-04 3.041731542907655239e-04
1.986306451726704836e-04 2.533267834223806858e-04
1.865224912762641907e-04 1.863799407146871090e-04
1.712143130134791136e-04 2.193392429035156965e-04
1.704180904198437929e-04 2.715065202210098505e-04
1.686157920630648732e-04 2.379188081249594688e-04
1.340690359938889742e-04 2.649692469276487827e-04
1.087671407731249928e-04 2.636179560795426369e-04
1.024037264869548380e-04 1.669972698437049985e-04
9.318295633420348167e-05 1.352329272776842117e-04
8.167260966729372740e-05 1.535557239549234509e-04
7.529943104600533843e-05 1.598441449459642172e-04
6.380754348356276751e-05 1.276106195291504264e-04
6.162120553199201822e-05 1.429686963092535734e-04
6.460229633376002312e-05 1.405713119311258197e-04
7.382797775790095329e-05 1.856310700532048941e-04
1.107641728594899178e-04 3.029547515325248241e-04
1.273413945455104113e-04 3.566678497008979321e-04
1.645063457544893026e-04 2.187627833336591721e-04
1.357079891022294760e-04 3.695506602525711060e-04
2.467659069225192070e-04 2.340087667107582092e-04
1.961127563845366240e-04 1.674368686508387327e-04
1.725442125461995602e-04 2.163046738132834435e-04
1.560268283355981112e-04 4.204251454211771488e-04
3.321133262943476439e-04 4.356034623924642801e-04
4.030433483421802521e-04 2.151813387172296643e-04
3.270538290962576866e-04 2.351403236389160156e-04
2.451115287840366364e-04 1.924130483530461788e-04
1.842874771682545543e-04 2.405593695584684610e-04
1.642922288738191128e-04 3.015190304722636938e-04
1.899733470054343343e-04 1.741112500894814730e-04
1.157320075435563922e-04 1.865739468485116959e-04
8.164448081515729427e-05 1.842624042183160782e-04
9.852233051788061857e-05 3.317479568067938089e-04
3.080412861891090870e-04 6.970675894990563393e-04
5.259807803668081760e-04 9.707875433377921581e-04
6.991729605942964554e-04 6.409425986930727959e-04
3.480496816337108612e-04 8.353361045010387897e-04
4.380152677185833454e-04 2.515281084924936295e-04
2.857414365280419588e-04 3.774125943891704082e-04
2.171914384234696627e-04 3.406945033930242062e-04
1.899951312225311995e-04 3.506545035634189844e-04
1.791117538232356310e-04 2.284481597598642111e-04
1.935689651872962713e-04 1.917503541335463524e-04
1.100011504604481161e-04 1.602471311343833804e-04
8.814320608507841825e-05 1.435211452189832926e-04
7.504139648517593741e-05 1.703633752185851336e-04
6.471779488492757082e-05 1.234501251019537449e-04
6.970188405830413103e-05 1.490649592597037554e-04
7.496157195419073105e-05 1.333145628450438380e-04
6.843176379334181547e-05 1.423329522367566824e-04
6.359373219311237335e-05 1.604842254891991615e-04
9.497567953076213598e-05 1.489630813011899590e-04
8.093720680335536599e-05 1.424924848834052682e-04
9.521020547254011035e-05 1.599006645847111940e-04
1.003580546239390969e-04 1.913367304950952530e-04
8.870354213286191225e-05 1.951170706888660789e-04
9.480431617703288794e-05 1.645449374336749315e-04
9.685306577011942863e-05 1.464113593101501465e-04
6.847260374343022704e-05 1.541511883260682225e-04
8.213389810407534242e-05 1.359089219477027655e-04
9.610845881979912519e-05 1.562362012919038534e-04
8.666058420203626156e-05 1.564701378811150789e-04
6.307358853518962860e-05 1.233838556800037622e-04
5.393697574618272483e-05 1.227584143634885550e-04
4.749642539536580443e-05 1.382447371724992990e-04
4.225824523018673062e-05 1.060326030710712075e-04
3.608044789871200919e-05 1.151797114289365709e-04
3.617247421061620116e-05 1.090450532501563430e-04
3.528835804900154471e-05 1.004154328256845474e-04
3.374622974661178887e-05 1.044344026013277471e-04
3.321906842757016420e-05 9.883398888632655144e-05
3.486038622213527560e-05 9.718219371279701591e-05
3.575091250240802765e-05 1.047374898917041719e-04
4.364878986962139606e-05 1.000406118691898882e-04
3.821556310867890716e-05 1.034867964335717261e-04
3.486512650852091610e-05 1.103496397263370454e-04
3.395731619093567133e-05 9.087832586374133825e-05
3.295286296634003520e-05 1.013619621517136693e-04
3.437360646785236895e-05 9.591029811417683959e-05
3.488333823042921722e-05 1.064525567926466465e-04
3.351864143041893840e-05 1.032653381116688251e-04
3.297626244602724910e-05 8.903867274057120085e-05
2.945251799246761948e-05 9.587623935658484697e-05
3.544503852026537061e-05 9.947305079549551010e-05
3.794446820393204689e-05 9.260390652343630791e-05
3.485108391032554209e-05 1.015398520394228399e-04
3.457017737673595548e-05 1.036112662404775620e-04
3.412647492950782180e-05 9.397313988301903009e-05
3.446097980486229062e-05 1.101625166484154761e-04
3.414603997953236103e-05 1.031307619996368885e-04
3.459388972260057926e-05 1.096267733373679221e-04
6.012918311171233654e-05 1.353433908661827445e-04
7.280468707904219627e-05 1.311008527409285307e-04
1.249762426596134901e-04 1.114815022447146475e-04
1.605015422683209181e-04 3.705509006977081299e-04
1.445318048354238272e-04 2.529324847273528576e-04
1.235647068824619055e-04 2.058215904980897903e-04
1.333308464381843805e-04 1.108568831114098430e-04
9.630370914237573743e-05 1.331411331193521619e-04
6.277969805523753166e-05 1.338605361524969339e-04
8.767659164732322097e-05 1.782895997166633606e-04
9.305545245297253132e-05 1.740278530633077025e-04
1.013379660435020924e-04 1.852137647802010179e-04
1.096549895009957254e-04 1.394596474710851908e-04
1.292895030928775668e-04 2.116374234901741147e-04
2.182704920414835215e-04 4.704746534116566181e-04
3.192456206306815147e-04 2.091245696647092700e-04
2.931847120635211468e-04 1.989711308851838112e-04
3.583241486921906471e-04 5.126550095155835152e-04
3.628362901508808136e-04 6.351160118356347084e-04
4.249812627676874399e-04 6.231083534657955170e-04
2.534104569349437952e-04 5.165112670511007309e-04
5.217600846663117409e-04 2.587789786048233509e-04
2.331533178221434355e-04 2.985761093441396952e-04
3.462967288214713335e-04 4.231198690831661224e-04
3.060732269659638405e-04 2.856159699149429798e-04
1.750653173075988889e-04 5.681090406142175198e-04
2.952643553726375103e-04 2.380803634878247976e-04
1.968457363545894623e-04 2.885981812141835690e-04
1.250176283065229654e-04 1.564034319017082453e-04
1.405305665684863925e-04 2.449991297908127308e-04
2.406159474048763514e-04 1.891971769509837031e-04
1.820552570279687643e-04 1.505096151959151030e-04
3.211629518773406744e-04 5.233472329564392567e-04
3.096902801189571619e-04 4.743200843222439289e-04
4.156259237788617611e-04 6.475255941040813923e-04
4.374071140773594379e-04 4.086170229129493237e-04
2.737478935159742832e-04 4.556844360195100307e-04
2.602178719826042652e-04 2.281072083860635757e-04
1.695777173154056072e-04 2.021195396082475781e-04
1.564551785122603178e-04 2.822549140546470881e-04
2.605714544188231230e-04 1.957528293132781982e-04
1.994830381590873003e-04 2.229100791737437248e-04
2.008314186241477728e-04 1.975075283553451300e-04
1.568371662870049477e-04 1.932110462803393602e-04
1.372189290123060346e-04 1.818658347474411130e-04
8.630731463199481368e-05 1.911681174533441663e-04
1.122674657381139696e-04 2.582648885436356068e-04
1.018930342979729176e-04 1.429089461453258991e-04
5.610202060779556632e-05 1.574172201799228787e-04
1.189659451483748853e-04 1.679837441770359874e-04
8.418123616138473153e-05 2.349572023376822472e-04
1.009352854453027248e-04 1.674833183642476797e-04
9.610339475329965353e-05 1.843602804001420736e-04
8.039014210226014256e-05 1.250769855687394738e-04
7.231163908727467060e-05 1.179960527224466205e-04
8.373825403396040201e-05 1.137229119194671512e-04
6.683419633191078901e-05 1.132814941229298711e-04
1.283727615373209119e-04 1.860628108261153102e-04
1.989165757549926639e-04 1.929103164002299309e-04
2.233812992926687002e-04 2.358418714720755816e-04
3.048914368264377117e-04 7.075547473505139351e-04
4.141786484979093075e-04 4.829965473618358374e-04
2.622561878524720669e-04 7.179065723903477192e-04
3.285500279162079096e-04 3.871666849590837955e-04
3.118924214504659176e-04 4.650244954973459244e-04
4.276672261767089367e-04 6.356686935760080814e-04
1.031719148159027100e-03 5.744408699683845043e-04
1.249924651347100735e-03 5.668424419127404690e-04
8.234400302171707153e-04 1.053492771461606026e-03
2.216054126620292664e-03 6.784117314964532852e-03
5.947593599557876587e-03 1.209821365773677826e-02
6.627692840993404388e-03 4.577518440783023834e-03
3.483169479295611382e-03 3.590555395931005478e-03
3.284660633653402328e-03 1.794916344806551933e-03
2.143702469766139984e-03 2.229581354185938835e-03
1.714214915409684181e-03 1.162645639851689339e-03
1.200508442707359791e-03 1.958993030712008476e-03
1.221377169713377953e-03 1.063716365024447441e-03
6.747459992766380310e-04 8.974898373708128929e-04
5.954298540018498898e-04 8.729976834729313850e-04
5.595010006800293922e-04 4.275572136975824833e-04
3.529780951794236898e-04 7.129776058718562126e-04
4.619726096279919147e-04 4.942730884067714214e-04
5.135447136126458645e-04 9.184282389469444752e-04
5.324625526554882526e-04 4.593192716129124165e-04
4.250469210091978312e-04 6.723524420522153378e-04
3.583072102628648281e-04 3.748556482605636120e-04
2.623156760819256306e-04 3.868792555294930935e-04
2.310841373400762677e-04 2.147817576769739389e-04
1.857585011748597026e-04 4.420132318045943975e-04
1.864077203208580613e-04 2.405506966169923544e-04
1.542611571494489908e-04 2.222824550699442625e-04
1.290056097786873579e-04 2.028569288086146116e-04
1.019933479255996644e-04 2.039641549345105886e-04
1.098747379728592932e-04 3.136681043542921543e-04
1.866282982518896461e-04 3.251728485338389874e-04
1.730318472255021334e-04 2.814994659274816513e-04
1.443297078367322683e-04 1.712446974124759436e-04
1.062099108821712434e-04 1.692074874881654978e-04
8.141693251673132181e-05 1.639613910811021924e-04
7.769986405037343502e-05 1.741707383189350367e-04
7.243636355269700289e-05 1.632212661206722260e-04
6.932680844329297543e-05 1.532552123535424471e-04
6.730911263730376959e-05 1.671504287514835596e-04
7.358458242379128933e-05 1.375922001898288727e-04
6.306786963250488043e-05 1.536152849439531565e-04
6.506907811854034662e-05 1.692109362920746207e-04
6.987695087445899844e-05 2.010324678849428892e-04
8.133177470881491899e-05 1.655327941989526153e-04
1.427851238986477256e-04 2.268964017275720835e-04
1.485226966906338930e-04 1.824701903387904167e-04
1.267010957235470414e-04 1.738201390253379941e-04
1.070918297045864165e-04 1.959518704097718000e-04
9.738681546878069639e-05 1.407499948982149363e-04
6.852575461380183697e-05 1.367263903375715017e-04
6.081170795368961990e-05 1.473062438890337944e-04
5.304322621668688953e-05 1.349009835394099355e-04
5.086003147880546749e-05 1.262224686797708273e-04
4.723292659036815166e-05 1.379396271659061313e-04
4.796971916221082211e-05 1.310774387093260884e-04
4.664769949158653617e-05 1.210594637086614966e-04
4.754151086672209203e-05 1.334936532657593489e-04
4.959121724823489785e-05 1.245712628588080406e-04
4.513583189691416919e-05 1.403857895638793707e-04
6.897990533616393805e-05 1.759635633789002895e-04
7.609058957314118743e-05 1.422287605237215757e-04
5.682357732439413667e-05 1.260890130652114749e-04
5.605304613709449768e-05 1.200803089886903763e-04
4.931359944748692214e-05 1.177983722300268710e-04
4.252496000844985247e-05 1.123844776884652674e-04
5.026039434596896172e-05 1.047090772772207856e-04
4.967198037775233388e-05 1.248555781785398722e-04
5.062032869318500161e-05 1.029688428388908505e-04
4.172139961156062782e-05 1.180699109681881964e-04
4.323873872635886073e-05 1.162179542006924748e-04
4.926884503220207989e-05 1.018697512336075306e-04
5.822077946504577994e-05 1.241898280568420887e-04
7.139256922528147697e-05 1.100203371606767178e-04
4.918849299428984523e-05 1.013592554954811931e-04
3.958959860028699040e-05 1.037134570651687682e-04
3.756726800929754972e-05 1.176817822852171957e-04
4.112302849534898996e-05 9.706748096505180001e-05
3.575662412913516164e-05 9.563037747284397483e-05
3.355831358931027353e-05 9.957902511814609170e-05
3.546796142472885549e-05 1.014271183521486819e-04
3.349229882587678730e-05 1.046682446030899882e-04
3.550765541149303317e-05 1.008043182082474232e-04
3.747871232917532325e-05 9.754915663506835699e-05
3.565190127119421959e-05 9.416203101864084601e-05
4.066884866915643215e-05 1.036717585520818830e-04
3.919659138773567975e-05 9.442069131182506680e-05
3.699323133332654834e-05 1.058457419276237488e-04
3.501406172290444374e-05 1.008678227663040161e-04
3.953344639739952981e-05 1.053878950187936425e-04
4.713802627520635724e-05 1.199842881760559976e-04
3.999226100859232247e-05 9.422547009307891130e-05
4.505791730480268598e-05 1.082889139070175588e-04
4.964487015968188643e-05 1.155504505732096732e-04
3.896507769240997732e-05 8.914895443012937903e-05
3.187110996805131435e-05 9.272851457353681326e-05
4.492203152040019631e-05 1.171041076304391026e-04
5.128961129230447114e-05 8.716001320863142610e-05
3.635106986621394753e-05 1.037095644278451800e-04
5.551666254177689552e-05 1.305042387684807181e-04
4.587226430885493755e-05 1.198714016936719418e-04
4.705272658611647785e-05 1.220194826601073146e-04
4.303571768105030060e-05 1.058376292348839343e-04
3.835188181255944073e-05 9.087545186048373580e-05
3.188740083714947104e-05 8.504461584379896522e-05
2.712233617785386741e-05 8.201149466913193464e-05
2.776561086648143828e-05 8.808194252196699381e-05
3.116518564638681710e-05 8.629550575278699398e-05
3.000860488100443035e-05 7.853411079850047827e-05
2.817590211634524167e-05 8.341007924173027277e-05
2.667063017725013196e-05 8.093706856016069651e-05
2.988812593684997410e-05 8.160870493156835437e-05
3.220968574169091880e-05 8.370159775950014591e-05
3.894067049259319901e-05 8.143054583342745900e-05
3.567189196473918855e-05 8.696551958564668894e-05
3.085284333792515099e-05 8.505746518494561315e-05
2.849845986929722130e-05 8.702885679667815566e-05
3.692550308187492192e-05 8.893954509403556585e-05
4.321870437706820667e-05 1.048719495884142816e-04
6.226331606740131974e-05 1.280830620089545846e-04
6.108918023528531194e-05 9.242411761078983545e-05
3.926325371139682829e-05 9.261564264306798577e-05
3.844471939373761415e-05 8.466994768241420388e-05
4.231635102769359946e-05 1.022410579025745392e-04
5.188822251511737704e-05 1.090398291125893593e-04
3.976550578954629600e-05 9.888792556012049317e-05
8.957562386058270931e-05 2.387628483120352030e-04
2.140466531272977591e-04 4.377217846922576427e-04
5.033163470216095448e-04 6.957735749892890453e-04
4.631942720152437687e-04 5.400570225901901722e-04
5.480415420606732368e-04 3.341371193528175354e-04
3.783223219215869904e-04 3.822265134658664465e-04
3.065495693590492010e-04 3.763601707760244608e-04
3.176399040967226028e-04 5.310582928359508514e-04
4.129653680138289928e-04 4.289948847144842148e-04
4.166233411524444818e-04 4.051186551805585623e-04
3.381255373824387789e-04 4.508236306719481945e-04
2.186678175348788500e-04 3.974473511334508657e-04
3.561479097697883844e-04 1.847845705924555659e-04
2.607944479677826166e-04 3.551151312422007322e-04
1.872518623713403940e-04 1.957158092409372330e-04
1.305150508414953947e-04 2.203096228186041117e-04
1.560763630550354719e-04 2.752208674792200327e-04
1.284966710954904556e-04 2.235152496723458171e-04
1.330310187768191099e-04 1.888563856482505798e-04
1.291878870688378811e-04 2.174386754631996155e-04
1.216647797264158726e-04 1.675798121141269803e-04
1.484386448282748461e-04 1.645292795728892088e-04
2.641887986101210117e-04 3.451409866102039814e-04
2.618289436213672161e-04 5.562428850680589676e-04
5.747590912505984306e-04 8.308590622618794441e-04
4.079546779394149780e-04 1.253486610949039459e-03
6.482934113591909409e-04 5.756054306402802467e-04
4.908294649794697762e-04 3.095850406680256128e-04
4.510988947004079819e-04 6.888284115120768547e-04
4.036022291984409094e-04 3.275308408774435520e-04
2.732111024670302868e-04 3.595160669647157192e-04
2.871588512789458036e-04 2.330214047105982900e-04
2.476379158906638622e-04 2.461830154061317444e-04
1.505935215391218662e-04 1.944062096299603581e-04
1.338348811259493232e-04 1.460311032133176923e-04
1.039217895595356822e-04 1.423132198397070169e-04
9.840098209679126740e-05 1.023916047415696084e-04
9.094328561332076788e-05 1.308968494413420558e-04
8.238897862611338496e-05 1.249075139639899135e-04
6.236961053218692541e-05 1.210781265399418771e-04
4.713168164016678929e-05 1.023290460580028594e-04
4.567360156215727329e-05 9.840275015449151397e-05
4.611352778738364577e-05 8.337489998666569591e-05
4.016714592580683529e-05 7.986868877196684480e-05
3.352325074956752360e-05 7.403617928503081203e-05
3.188178379787132144e-05 8.814311877358704805e-05
3.341802948853000998e-05 7.982893293956294656e-05
3.162708890158683062e-05 8.153638918884098530e-05
3.264332917751744390e-05 7.989480218384414911e-05
2.837766623997595161e-05 7.547068526037037373e-05
2.857135041267611086e-05 7.487298717023804784e-05
2.938777652161661536e-05 6.865414616186171770e-05
2.945226515294052660e-05 7.313451351365074515e-05
3.138318425044417381e-05 7.727395131951197982e-05
2.986577419505920261e-05 6.798414688091725111e-05
3.052999090868979692e-05 7.097466732375323772e-05
3.037698661501053721e-05 6.735548959113657475e-05
3.011098851857241243e-05 8.425487612839788198e-05
3.694138285936787724e-05 7.716625987086445093e-05
3.223805833840742707e-05 6.631966243730857968e-05
5.525883898371830583e-05 9.353713539894670248e-05
8.536656241631135345e-05 1.169341994682326913e-04
1.089169891201891005e-04 1.608845777809619904e-04
8.716357115190476179e-05 1.276081311516463757e-04
7.193169585661962628e-05 1.069403806468471885e-04
8.684092608746141195e-05 2.600951702333986759e-04
1.354145206278190017e-04 2.687767555471509695e-04
1.269095519091933966e-04 1.383868511766195297e-04
1.053238083841279149e-04 1.234362425748258829e-04
7.261228165589272976e-05 9.340104588773101568e-05
4.467549297260120511e-05 8.773789886618033051e-05
4.474120942177250981e-05 9.477393905399367213e-05
5.280577897792682052e-05 7.693417137488722801e-05
3.402612128411419690e-05 8.538276597391813993e-05
3.387284959899261594e-05 6.611782737309113145e-05
2.986567233165260404e-05 7.297062256839126348e-05
3.751299300347454846e-05 7.833803829271346331e-05
3.939411908504553139e-05 8.359178900718688965e-05
4.573069600155577064e-05 1.079478170140646398e-04
7.462220673914998770e-05 1.703410816844552755e-04
8.009051089175045490e-05 6.298846710706129670e-05
5.669657912221737206e-05 8.576190157327800989e-05
5.837605567649006844e-05 1.169928582385182381e-04
5.261022670310921967e-05 9.218749619321897626e-05
4.937274934491142631e-05 8.873435581335797906e-05
3.853781163343228400e-05 7.754556281724944711e-05
3.418063352000899613e-05 1.019359697238542140e-04
8.865517156664282084e-05 2.066659799311310053e-04
8.992259972728788853e-05 1.668936893111094832e-04
7.735157851129770279e-05 1.022051073960028589e-04
7.300222932826727629e-05 7.984747935552150011e-05
7.994343468453735113e-05 8.802676893537864089e-05
6.874011160107329488e-05 9.201995271723717451e-05
1.021752614178694785e-04 1.166699439636431634e-04
8.183765748981386423e-05 1.480588398408144712e-04
8.859352237777784467e-05 9.940292511601001024e-05
7.620625547133386135e-05 9.812468488235026598e-05
6.207792466739192605e-05 1.151470205513760448e-04
9.686961857369169593e-05 9.931395470630377531e-05
9.091583342524245381e-05 1.766199275152757764e-04
8.842485112836584449e-05 1.428342366125434637e-04
1.084050600184127688e-04 1.993542100535705686e-04
1.279604766750708222e-04 1.398516760673373938e-04
1.638213288970291615e-04 1.427496608812361956e-04
1.369208766845986247e-04 2.147953055100515485e-04
1.856738963397219777e-04 1.193406642414629459e-04
1.703111920505762100e-04 2.251668774988502264e-04
2.345921529922634363e-04 3.178260230924934149e-04
2.081623242702335119e-04 4.190087202005088329e-04
2.707412349991500378e-04 5.326690152287483215e-04
3.502338076941668987e-04 6.522622425109148026e-04
5.640568560920655727e-04 2.108262560795992613e-04
3.584051446523517370e-04 1.767791982274502516e-04
3.981874906457960606e-04 1.856432063505053520e-04
2.279134059790521860e-04 4.618401580955833197e-04
2.829008735716342926e-04 3.836489340756088495e-04
2.255468862131237984e-04 1.395484141539782286e-04
1.233964867424219847e-04 1.274892420042306185e-04
1.028469559969380498e-04 1.201785489683970809e-04
1.020061899907886982e-04 1.200825572595931590e-04
7.589974120492115617e-05 1.366470823995769024e-04
1.104568145819939673e-04 1.181469560833647847e-04
9.991483238991349936e-05 9.509584197076037526e-05
8.764216181589290500e-05 9.411795326741412282e-05
1.039005583152174950e-04 1.948964054463431239e-04
8.312398858834058046e-05 1.293480891035869718e-04
9.526674693915992975e-05 9.904809121508151293e-05
1.221370039274916053e-04 7.410690886899828911e-05
1.372092519886791706e-04 1.386394433211535215e-04
2.024122513830661774e-04 4.601931723300367594e-04
2.890460891649127007e-04 2.710351545829325914e-04
2.281471097376197577e-04 2.716491580940783024e-04
2.495163935236632824e-04 2.684877545107156038e-04
1.525440893601626158e-04 3.758050152100622654e-04
2.330310235265642405e-04 2.996586263179779053e-04
1.840306213125586510e-04 2.312976430403068662e-04
1.973391044884920120e-04 2.268546668346971273e-04
2.057577221421524882e-04 4.592186305671930313e-04
1.797779405023902655e-04 4.607769660651683807e-04
2.600880397949367762e-04 2.358933415962383151e-04
1.591063046362251043e-04 2.495204680599272251e-04
1.505652908235788345e-04 1.461022620787844062e-04
1.178624370368197560e-04 2.398389915470033884e-04
1.194919459521770477e-04 1.630569749977439642e-04
1.332291576545685530e-04 1.081930095097050071e-04
1.282290031667798758e-04 1.317279384238645434e-04
1.284486061194911599e-04 1.316545531153678894e-04
9.648899140302091837e-05 8.405266999034211040e-05
5.718765896745026112e-05 1.906135585159063339e-04
9.574372961651533842e-05 1.798196026356890798e-04
1.122255707741715014e-04 2.559630083851516247e-04
2.124357706634327769e-04 7.894333684816956520e-04
4.196779336780309677e-04 4.702380974777042866e-04
4.710257053375244141e-04 1.947819691849872470e-04
3.507443761918693781e-04 3.959860769100487232e-04
9.389502811245620251e-04 4.074228927493095398e-04
1.283853314816951752e-03 3.379004774615168571e-03
4.124120343476533890e-03 4.579554311931133270e-03
2.525567077100276947e-03 4.139498807489871979e-03
2.454600296914577484e-03 2.399632241576910019e-03
2.466160571202635765e-03 1.625875709578394890e-03
1.492024981416761875e-03 1.460856292396783829e-03
1.748327515088021755e-03 1.054743421263992786e-03
8.353780722245573997e-04 1.112562720663845539e-03
6.285159033723175526e-04 9.433675440959632397e-04
6.540650501847267151e-04 6.907438510097563267e-04
4.593452322296798229e-04 5.420871311798691750e-04
4.573241749312728643e-04 4.672654904425144196e-04
3.917262947652488947e-04 4.611657350324094296e-04
2.829900477081537247e-04 5.701961927115917206e-04
5.275095463730394840e-04 5.027143051847815514e-04
5.686964141204953194e-04 2.499316760804504156e-04
3.420712600927799940e-04 4.457963223103433847e-04
4.836866282857954502e-04 1.490104361437261105e-03
1.038092421367764473e-03 5.204598419368267059e-04
6.575174047611653805e-04 5.618714494630694389e-04
3.430984506849199533e-04 5.744558293372392654e-04
5.155702237971127033e-04 3.113349666818976402e-04
3.070201782975345850e-04 4.048632981721311808e-04
2.898289822041988373e-04 2.669811656232923269e-04
1.877533068181946874e-04 1.539279910502955317e-04
1.444513763999566436e-04 2.202873147325590253e-04
1.304215547861531377e-04 1.779574522515758872e-04
1.555168273625895381e-04 1.274550741072744131e-04
1.387064548907801509e-04 2.941461862064898014e-04
1.541530073154717684e-04 2.106186002492904663e-04
1.414819562342017889e-04 1.453036966267973185e-04
1.072708982974290848e-04 2.881916298065334558e-04
1.946758275153115392e-04 1.462958462070673704e-04
1.223865256179124117e-04 1.574728375999256968e-04
9.958030568668618798e-05 1.448500843252986670e-04
8.017829532036557794e-05 9.063680772669613361e-05
5.542471262742765248e-05 9.227766713593155146e-05
4.667406028602272272e-05 1.286822516703978181e-04
5.188215800444595516e-05 9.454040264245122671e-05
4.094731048098765314e-05 9.241234511137008667e-05
4.118583819945342839e-05 1.095930128940381110e-04
5.152193625690415502e-05 1.014055669656954706e-04
5.706929368898272514e-05 1.034763627103529871e-04
6.361350096995010972e-05 1.439925108570605516e-04
8.915008220355957747e-05 1.616844529053196311e-04
1.792999973986297846e-04 1.730566145852208138e-04
1.443494693376123905e-04 5.527968751266598701e-04
3.703597467392683029e-04 2.996115363202989101e-04
4.029117408208549023e-04 6.167037645354866982e-04
3.973163547925651073e-04 8.256619912572205067e-04
4.360691527836024761e-04 2.906133595388382673e-04
4.100861551705747843e-04 6.529128877446055412e-04
3.627209807746112347e-04 2.147996856365352869e-04
2.933070354629307985e-04 3.561397315934300423e-04
2.451353648211807013e-04 3.162509819958359003e-04
2.330829884158447385e-04 4.621358530130237341e-04
2.554953098297119141e-04 3.046022029593586922e-04
2.791645529214292765e-04 3.096039872616529465e-04
2.988684864249080420e-04 3.776624507736414671e-04
1.691225188551470637e-04 1.838454336393624544e-04
1.521389058325439692e-04 1.879283954622223973e-04
1.576650975039228797e-04 3.951243706978857517e-04
1.812595728551968932e-04 1.898245682241395116e-04
1.931805454660207033e-04 1.421547494828701019e-04
1.886268146336078644e-04 2.531312638893723488e-04
1.984884293051436543e-04 2.563745365478098392e-04
1.244117447640746832e-04 1.647403987590223551e-04
1.061363582266494632e-04 1.221350248670205474e-04
7.011517300270497799e-05 8.251961844507604837e-05
4.649681795854121447e-05 8.883132977643981576e-05
4.342211104813031852e-05 8.472059562336653471e-05
3.750015821424312890e-05 8.648134826216846704e-05
3.969069439335726202e-05 8.182239980669692159e-05
3.826630563708022237e-05 6.836616375949233770e-05
3.960222966270521283e-05 7.272278890013694763e-05
3.631088839028961957e-05 1.026679674396291375e-04
3.688583819894120097e-05 7.242221181513741612e-05
4.567658470477908850e-05 8.161294681485742331e-05
4.153534246142953634e-05 1.224445877596735954e-04
5.116720058140344918e-05 1.188188762171193957e-04
7.778453436912968755e-05 6.489681254606693983e-05
4.025616362923756242e-05 7.551754970336332917e-05
3.613267108448781073e-05 1.042223520926199853e-04
4.131016612518578768e-05 7.505751273129135370e-05
5.268457971396856010e-05 8.328793046530336142e-05
3.228841887903399765e-05 5.631196108879521489e-05
2.567845149314962327e-05 6.290516466833651066e-05
2.392693204456008971e-05 6.185012171044945717e-05
2.206610224675387144e-05 6.372528878273442388e-05
2.239113018731586635e-05 6.543610652443021536e-05
2.412827416264917701e-05 5.836415948579087853e-05
2.136256443918682635e-05 6.273626058828085661e-05
2.285919799760449678e-05 6.448201747843995690e-05
2.245952236989978701e-05 6.204158125910907984e-05
2.280860098835546523e-05 5.809951107949018478e-05
2.112701986334286630e-05 6.118132296251133084e-05
2.340997889405116439e-05 6.018046406097710133e-05
2.774737367872148752e-05 5.807941852253861725e-05
2.441768083372153342e-05 6.693439354421570897e-05
2.429494816169608384e-05 5.631262320093810558e-05
2.143521305697504431e-05 5.875265924260020256e-05
2.070689879474230111e-05 6.119464524090290070e-05
2.257923551951535046e-05 5.733152647735551000e-05
2.087364919134415686e-05 5.557880649575963616e-05
1.980389424716122448e-05 5.572252484853379428e-05
1.871851418400183320e-05 5.510881237569265068e-05
1.887940379674546421e-05 5.736104867537505925e-05
1.906964826048351824e-05 5.595752008957788348e-05
1.975738632609136403e-05 5.975800013402476907e-05
2.046925328613724560e-05 6.810335617046803236e-05
2.397311436652671546e-05 6.106259388616308570e-05
2.593514000182040036e-05 6.900940206833183765e-05
3.296152499387972057e-05 7.726404146524146199e-05
3.624808596214279532e-05 8.992719085654243827e-05
4.887044269707985222e-05 1.019500923575833440e-04
4.185744546703062952e-05 7.001355697866529226e-05
2.724103978835046291e-05 5.735810918849892914e-05
2.663037230377085507e-05 5.390814476413652301e-05
2.484440301486756653e-05 5.988994962535798550e-05
2.887615664803888649e-05 6.278530781855806708e-05
2.512003629817627370e-05 6.793274951633065939e-05
2.817153290379792452e-05 5.961825809208676219e-05
2.468795901222620159e-05 5.988762131892144680e-05
3.237054261262528598e-05 7.692590588703751564e-05
3.546549123711884022e-05 8.690954564372077584e-05
3.640422801254317164e-05 5.201394742471165955e-05
2.589497853477951139e-05 5.980623973300680518e-05
3.055955312447622418e-05 6.492649117717519403e-05
3.350265615154057741e-05 6.325387948891147971e-05
3.130310869892127812e-05 6.413056689780205488e-05
2.490366750862449408e-05 6.875408143969252706e-05
2.069419679173734039e-05 5.024055280955508351e-05
1.790848727978300303e-05 4.964457548339851201e-05
1.681149115029256791e-05 4.587132934830151498e-05
1.719786450848914683e-05 4.703803278971463442e-05
1.693755802989471704e-05 5.356187466531991959e-05
1.778925980033818632e-05 4.894114681519567966e-05
1.507662364019779488e-05 4.806656215805560350e-05
1.461995270801708102e-05 4.644533692044205964e-05
1.400419841957045719e-05 4.861398701905272901e-05
1.601026815478689969e-05 5.526138556888327003e-05
1.821370824472978711e-05 4.875842932960949838e-05
1.660843190620653331e-05 4.706357867689803243e-05
1.448887906008167192e-05 4.469756822800263762e-05
1.391572914144489914e-05 4.638788959709927440e-05
1.400572091370122507e-05 4.405586878419853747e-05
1.576804970682132989e-05 5.475473517435602844e-05
2.350056638533715159e-05 6.943884363863617182e-05
2.560907705628778785e-05 5.515691009350121021e-05
2.361177394050173461e-05 5.895867798244580626e-05
2.913113530667033046e-05 7.963280950207263231e-05
3.701625973917543888e-05 1.216072123497724533e-04
9.157572640106081963e-05 6.426106847357004881e-05
8.109882764983922243e-05 6.600558117497712374e-05
3.610637213569134474e-05 7.604392885696142912e-05
4.275461105862632394e-05 7.452338468283414841e-05
3.505732820485718548e-05 5.728612450184300542e-05
4.633569551515392959e-05 9.194410813506692648e-05
6.789532926632091403e-05 1.184339052997529507e-04
6.329191091936081648e-05 1.005145022645592690e-04
6.147466774564236403e-05 1.478485064581036568e-04
7.851103873690590262e-05 1.120343222282826900e-04
6.760688847862184048e-05 5.937157038715668023e-05
4.860520857619121671e-05 9.463346941629424691e-05
1.053145824698731303e-04 1.199523539980873466e-04
1.212727875099517405e-04 1.706187613308429718e-04
1.851950364653021097e-04 4.659353871829807758e-04
1.721818553050979972e-04 2.720735210459679365e-04
2.937107929028570652e-04 2.872788463719189167e-04
3.171585849486291409e-04 2.647574001457542181e-04
2.305552770849317312e-04 2.150613872800022364e-04
1.919725473271682858e-04 3.596808819565922022e-04
2.167612983612343669e-04 1.957603526534512639e-04
1.683141599642112851e-04 6.109186797402799129e-04
4.585717688314616680e-04 1.444928580895066261e-03
6.612610304728150368e-04 3.493233816698193550e-04
4.487116239033639431e-04 2.345981047255918384e-04
4.307230992708355188e-04 4.784135962836444378e-04
2.989503263961523771e-04 4.618440871126949787e-04
3.652867744676768780e-04 4.494092427194118500e-04
2.897972008213400841e-04 3.379484987817704678e-04
3.112882550340145826e-04 3.398846893105655909e-04
2.230926475021988153e-04 3.535369469318538904e-04
2.389713918091729283e-04 1.283988531213253736e-04
1.361861650366336107e-04 1.579477102495729923e-04
3.034044348169118166e-04 1.044225646182894707e-04
2.810020814649760723e-04 2.578578132670372725e-04
1.688884512986987829e-04 2.080973936244845390e-04
3.125168441329151392e-04 1.826103107305243611e-04
3.720532986335456371e-04 2.740144263952970505e-04
3.001464647240936756e-04 2.480388793628662825e-04
2.731372078415006399e-04 1.115218983613885939e-04
2.612778334878385067e-04 2.138284471584483981e-04
1.998007937800139189e-04 2.045706205535680056e-04
1.479156489949673414e-04 1.273086236324161291e-04
1.236921962117776275e-04 2.855095954146236181e-04
1.393254788126796484e-04 2.525964227970689535e-04
1.350036473013460636e-04 1.602544944034889340e-04
8.939382678363472223e-05 1.030096318572759628e-04
1.284592290176078677e-04 1.703293382888659835e-04
1.596429792698472738e-04 2.038608799921348691e-04
1.029397026286460459e-04 7.380019087577238679e-05
5.321795470081269741e-05 6.670029688393697143e-05
4.962264938512817025e-05 7.095704495441168547e-05
4.323400935390964150e-05 6.622225919272750616e-05
7.190994074335321784e-05 1.080097863450646400e-04
8.076992526184767485e-05 1.154706114903092384e-04
6.003498128848150373e-05 1.265444734599441290e-04
6.807140016462653875e-05 8.126708416966721416e-05
1.250097702722996473e-04 2.070574555546045303e-04
1.507687702542170882e-04 1.089203287847340107e-04
8.619898289907723665e-05 1.708722847979515791e-04
1.504976826254278421e-04 1.042565127136185765e-04
1.095113839255645871e-04 1.496286422479897738e-04
9.434768435312435031e-05 8.501101547153666615e-05
9.424333984497934580e-05 1.161785185104236007e-04
8.822143718134611845e-05 1.604066346772015095e-04
1.349940575892105699e-04 7.575746712973341346e-05
8.524325676262378693e-05 1.007884129649028182e-04
5.913522909395396709e-05 1.092499223886989057e-04
6.434454553527757525e-05 7.924692181404680014e-05
5.152543963049538434e-05 6.441001460188999772e-05
4.283767702872864902e-05 6.659889186266809702e-05
3.897828719345852733e-05 7.159774395404383540e-05
3.781764098675921559e-05 6.086283246986567974e-05
3.228822606615722179e-05 5.787189002148807049e-05
2.484009564795996994e-05 4.979249206371605396e-05
2.024982677539810538e-05 5.054491339251399040e-05
2.042716732830740511e-05 4.979866935173049569e-05
2.126705658156424761e-05 5.101975330035202205e-05
2.317139114893507212e-05 5.223304469836875796e-05
2.164490615541581064e-05 4.741766679217107594e-05
1.871484892035368830e-05 4.389421155792661011e-05
1.655847518122754991e-05 5.325186793925240636e-05
1.709500247670803219e-05 7.050376007100567222e-05
2.264891736558638513e-05 6.033459794707596302e-05
2.258612039440777153e-05 4.797897418029606342e-05
1.812454138416796923e-05 4.750914740725420415e-05
1.741957021295093000e-05 4.280595385353080928e-05
1.455070196243468672e-05 4.446291495696641505e-05
1.601346957613714039e-05 4.562698813970200717e-05
1.506208354840055108e-05 4.681221616920083761e-05
