0.0 -0.065 -0.065 -0.065 -0.065 -0.06745041 -0.06680799 -0.07127707 -0.06580421
0.005 -0.065 -0.065 -0.065 -0.065 -0.065513946 -0.06215109 -0.061163213 -0.06758349
0.01 -0.065 -0.065 -0.065 -0.065 -0.06378178 -0.062420566 -0.059005715 -0.06717807
0.015 -0.065 -0.065 -0.065 -0.065 -0.06297396 -0.063549265 -0.05945774 -0.066434786
0.02 -0.065 -0.065 -0.065 -0.065 -0.062823266 -0.06437683 -0.060617894 -0.06562184
0.025 -0.065 -0.065 -0.065 -0.065 -0.06302479 -0.064727575 -0.061829362 -0.06482625
0.03 -0.065 -0.065 -0.065 -0.065 -0.06337455 -0.06470939 -0.06286912 -0.06410066
0.035 -0.065 -0.065 -0.065 -0.065 -0.063755184 -0.06446912 -0.06367681 -0.06347543
0.04 -0.065 -0.065 -0.065 -0.065 -0.064105734 -0.06412421 -0.064257585 -0.062962696
0.045 -0.065 -0.065 -0.065 -0.065 -0.06439919 -0.06375381 -0.064642414 -0.06256175
0.05 -0.065 -0.065 -0.065 -0.065 -0.06462797 -0.0634057 -0.064870104 -0.06226433
0.055 -0.065 -0.065 -0.065 -0.065 -0.06479497 -0.063105375 -0.064978704 -0.06205837
0.06 -0.065 -0.065 -0.065 -0.065 -0.064908184 -0.062863626 -0.06500164 -0.06193051
0.065 -0.065 -0.065 -0.065 -0.065 -0.06497738 -0.06268205 -0.064966485 -0.061867535
0.07 -0.065 -0.065 -0.065 -0.065 -0.06501238 -0.06255688 -0.06489485 -0.061857242
0.075 -0.065 -0.065 -0.065 -0.065 -0.065022096 -0.062481575 -0.06480301 -0.061888713
0.08 -0.065 -0.065 -0.065 -0.065 -0.065014094 -0.062448494 -0.06470278 -0.06195248
0.085 -0.065 -0.065 -0.065 -0.065 -0.064994544 -0.062449887 -0.06460235 -0.062040467
0.09 -0.065 -0.065 -0.065 -0.065 -0.06496826 -0.062478475 -0.06450714 -0.062145934
0.095 -0.065 -0.065 -0.065 -0.065 -0.064938925 -0.06252783 -0.06442042 -0.06226335
0.1 -0.065 -0.065 -0.065 -0.065 -0.050947838 -0.067830935 -0.058715634 -0.05184001
0.105 0.006173272 0.1378681 0.06514498 0.04397101 -0.0024614148 0.14599997 0.065622196 0.035466515
0.11 0.04454797 0.3506541 0.1802432 0.112717 0.042732608 0.3586719 0.18724419 0.109491155
0.115 0.08075414 0.5304188 0.2895263 0.1653407 0.08167976 0.53888154 0.298312 0.16581915
0.12 0.1136016 0.6811439 0.3888463 0.2061625 0.11553611 0.6867618 0.3972268 0.20908435
0.125 0.1433522 0.8012392 0.4767436 0.2382883 0.1451801 0.80691653 0.48375475 0.24312519
0.13 0.1701525 0.8977716 0.5513828 0.2638907 0.17119165 0.90428334 0.5584944 0.27051502
0.135 0.1935351 0.9751181 0.6151746 0.2870631 0.1940087 0.98327386 0.62245035 0.29294127
0.14 0.2146321 1.039227 0.6742983 0.3070938 0.21236445 1.0485487 0.67728466 0.30246747
0.145 0.1617902 0.8875592 0.5921097 0.2145543 0.1730481 0.88813996 0.60805523 0.2253675
0.15 0.1392476 0.7145132 0.5180253 0.1595001 0.1439042 0.71832246 0.52486295 0.16731642
0.155 0.1178293 0.5688083 0.4439217 0.1194932 0.11855106 0.5739933 0.44604403 0.123765126
0.16 0.0974593 0.4510023 0.3745713 0.08908878 0.09606005 0.45628446 0.3747673 0.090830326
0.165 0.07862431 0.3563336 0.3119303 0.06517684 0.07616477 0.36115783 0.3115576 0.06545526
0.17 0.06148591 0.2801436 0.2565766 0.04588928 0.05861373 0.28430337 0.25622857 0.04545179
0.175 0.0460679 0.2186371 0.2083747 0.03004052 0.043157127 0.22207464 0.20827009 0.02932372
0.18 0.03231443 0.1688214 0.166828 0.01683745 0.029563617 0.17155425 0.16701059 0.016060274
0.185 0.02012374 0.1283443 0.1312779 0.005724213 0.017624673 0.13043822 0.13171786 0.004974831
0.19 0.009370329 0.09535131 0.1010175 -0.003704284 0.007153187 0.096904814 0.101662114 -0.0044068024
0.195 -8.051317e-05 0.06837529 0.07535576 -0.01175295 -0.0020188615 0.06950526 0.07615258 -0.01241992
0.2 -0.008363503 0.04625146 0.05365062 -0.01865738 -0.0100426 0.04707983 0.05455655 -0.019308608
0.205 -0.01560779 0.02805227 0.03532444 -0.02460351 -0.017053854 0.028694943 0.036307365 -0.02525634
0.21 -0.0219338 0.01303695 0.01986837 -0.0297407 -0.023174502 0.013596125 0.020905629 -0.030405622
0.215 -0.02745171 0.0006122411 0.006840696 -0.03419062 -0.028513543 0.0011719912 0.007916704 -0.03487058
0.22 -0.03226095 -0.009698311 -0.004137988 -0.0380536 -0.033168014 -0.009073481 -0.0030342042 -0.038745068
0.225 -0.03645035 -0.01827841 -0.01339111 -0.04141315 -0.03722396 -0.017542794 -0.0122676715 -0.04210795
0.23 -0.04009867 -0.02543795 -0.02119287 -0.04433937 -0.040757347 -0.024562672 -0.020056203 -0.045026496
0.235 -0.04327534 -0.03142794 -0.02777477 -0.04689148 -0.043835007 -0.030398127 -0.026630387 -0.047558755
0.24 -0.04604132 -0.03645223 -0.03333169 -0.04911979 -0.04651551 -0.035264082 -0.032184444 -0.049755156
0.245 -0.04844994 -0.04067694 -0.0380274 -0.05106728 -0.04885011 -0.039334904 -0.03688164 -0.05165965
0.25 -0.05054775 -0.04423773 -0.04199925 -0.05277075 -0.050883546 -0.042752065 -0.040858805 -0.053310648
0.255 -0.0523753 -0.0472458 -0.04536241 -0.05426188 -0.052654818 -0.0456305 -0.044230547 -0.054741666
0.26 -0.05396788 -0.04979249 -0.04821337 -0.05556798 -0.0541979 -0.048063666 -0.047092788 -0.05598198
0.265 -0.05535616 -0.05195308 -0.05063299 -0.05671267 -0.055542376 -0.050127726 -0.04952575 -0.05705711
0.27 -0.05656676 -0.05378977 -0.052689 -0.05771639 -0.056713983 -0.05188486 -0.051596623 -0.057989284
0.275 -0.05762282 -0.0553541 -0.0544382 -0.05859691 -0.057735145 -0.053385973 -0.053361688 -0.058797784
0.28 -0.05854443 -0.05668887 -0.05592824 -0.05936967 -0.05862536 -0.05467289 -0.054868113 -0.059499376
0.285 -0.05934901 -0.05782975 -0.05719909 -0.06004811 -0.059401605 -0.05577997 -0.056155514 -0.06010855
0.29 -0.06005169 -0.05880651 -0.05828437 -0.06064393 -0.060078643 -0.05673564 -0.057257164 -0.06063787
0.295 -0.06066562 -0.05964407 -0.05921232 -0.06116736 -0.06066936 -0.05756341 -0.05820113 -0.06109819
0.3 -0.06120221 -0.06036333 -0.06000673 -0.06162732 -0.061184954 -0.058282837 -0.059010994 -0.061498873
0.305 -0.06167138 -0.06098188 -0.06068765 -0.06203161 -0.061635163 -0.058910202 -0.059706714 -0.06184803
0.31 -0.06208176 -0.06151454 -0.06127198 -0.06238705 -0.06202849 -0.0594591 -0.060305145 -0.062152606
0.315 -0.06244083 -0.06197381 -0.06177402 -0.06269962 -0.062372312 -0.059940927 -0.060820542 -0.062418643
0.32 -0.06275513 -0.06237029 -0.06220585 -0.06297453 -0.06267308 -0.06036526 -0.061265018 -0.06265131
0.325 -0.06303032 -0.06271295 -0.0625777 -0.06321637 -0.062936366 -0.06074019 -0.06164881 -0.062855065
0.33 -0.06327136 -0.06300942 -0.06289826 -0.06342915 -0.063167065 -0.061072517 -0.06198066 -0.06303375
0.335 -0.06348254 -0.06326619 -0.06317488 -0.0636164 -0.06336939 -0.061368003 -0.062267974 -0.06319073
0.34 -0.06366762 -0.0634888 -0.06341384 -0.06378121 -0.06354703 -0.061631553 -0.06251709 -0.06332882
0.345 -0.06382987 -0.06368196 -0.06362047 -0.06392628 -0.063703194 -0.061867297 -0.06273338 -0.063450485
0.35 -0.06397216 -0.06384973 -0.06379931 -0.064054 -0.06384064 -0.06207882 -0.06292144 -0.06355788
0.355 -0.06409696 -0.06399555 -0.06395424 -0.06416645 -0.06396182 -0.06226916 -0.06308521 -0.06365285
0.36 -0.06420646 -0.06412241 -0.06408857 -0.06426548 -0.0640688 -0.062440883 -0.063228026 -0.06373694
0.365 -0.06430255 -0.06423284 -0.06420515 -0.06435269 -0.06416342 -0.06259623 -0.06335279 -0.06381155
0.37 -0.0643869 -0.06432905 -0.0643064 -0.06442951 -0.06424724 -0.06273714 -0.06346193 -0.063877866
0.375 -0.06446096 -0.06441292 -0.06439441 -0.06449717 -0.06432165 -0.06286523 -0.063557595 -0.06393692
0.38 -0.064526 -0.06448608 -0.06447096 -0.06455678 -0.06438784 -0.06298195 -0.06364156 -0.06398959
0.385 -0.06458312 -0.06454993 -0.0645376 -0.0646093 -0.06444684 -0.06308856 -0.06371542 -0.06403665
0.39 -0.06463331 -0.0646057 -0.06459564 -0.06465557 -0.06449954 -0.063186124 -0.06378047 -0.06407878
0.395 -0.06467741 -0.06465442 -0.06464623 -0.06469634 -0.064546734 -0.06327556 -0.06383788 -0.06411657
0.4 -0.06471617 -0.06469702 -0.06469036 -0.06473228 -0.06458908 -0.06335773 -0.06388864 -0.06415051
0.405 -0.06475024 -0.06473428 -0.06472887 -0.06476395 -0.064627185 -0.063433334 -0.063933626 -0.06418105
0.41 -0.06478019 -0.06476689 -0.06476249 -0.06479186 -0.06466155 -0.06350301 -0.06397353 -0.06420859
0.415 -0.06480653 -0.06479543 -0.06479187 -0.06481646 -0.064692594 -0.06356731 -0.06400904 -0.06423344
0.42 -0.06482969 -0.06482042 -0.06481754 -0.06483815 -0.064720735 -0.06362675 -0.064040676 -0.06425592
0.425 -0.06485006 -0.06484232 -0.06484 -0.06485727 -0.06474629 -0.06368174 -0.06406891 -0.06427629
0.43 -0.06486799 -0.06486152 -0.06485964 -0.06487412 -0.06476955 -0.06373269 -0.06409416 -0.06429476
0.435 -0.06488375 -0.06487835 -0.06487684 -0.06488898 -0.064790785 -0.06377995 -0.0641168 -0.06431155
0.44 -0.06489763 -0.0648931 -0.06489189 -0.06490208 -0.06481019 -0.063823804 -0.06413712 -0.06432681
0.445 -0.06490984 -0.06490605 -0.06490508 -0.06491363 -0.064827986 -0.06386456 -0.064155415 -0.06434074
0.45 -0.06492059 -0.06491741 -0.06491664 -0.06492382 -0.064844325 -0.063902445 -0.064171895 -0.06435342
0.455 -0.06493005 -0.06492739 -0.06492678 -0.0649328 -0.06485936 -0.06393772 -0.0641868 -0.06436503
0.46 -0.06493837 -0.06493615 -0.06493566 -0.06494072 -0.06487323 -0.063970566 -0.064200275 -0.06437563
0.465 -0.06494571 -0.06494384 -0.06494346 -0.06494771 -0.06488603 -0.064001165 -0.064212486 -0.06438534
0.47 -0.06495216 -0.0649506 -0.0649503 -0.06495387 -0.06489788 -0.0640297 -0.06422358 -0.06439425
0.475 -0.06495785 -0.06495653 -0.0649563 -0.0649593 -0.06490885 -0.06405634 -0.064233676 -0.06440242
0.48 -0.06496285 -0.06496175 -0.06496157 -0.0649641 -0.06491903 -0.06408118 -0.06424287 -0.06440994
0.485 -0.06496726 -0.06496634 -0.0649662 -0.06496832 -0.0649285 -0.06410439 -0.06425126 -0.06441684
0.49 -0.06497115 -0.06497037 -0.06497027 -0.06497205 -0.06493729 -0.064126074 -0.06425893 -0.064423196
0.495 -0.06497457 -0.06497392 -0.06497384 -0.06497534 -0.064945504 -0.06414633 -0.06426597 -0.06442905
0.5 -0.06497759 -0.06497703 -0.06497698 -0.06497824 -0.06495315 -0.064165264 -0.0642724 -0.06443446
