0.0 -0.065 -0.065 -0.065 -0.065 -0.06457253 -0.07955704 -0.05617685 -0.05796425
0.0005 -0.06497798 -0.05428989 -0.05192283 -0.06486425 -0.06419263 -0.058762543 -0.04460347 -0.057599206
0.001 -0.06488158 -0.03778811 -0.03703755 -0.06464734 -0.063909136 -0.036920823 -0.033227663 -0.05735866
0.0015 -0.06475591 -0.01864253 -0.02407513 -0.0644337 -0.06368963 -0.014419489 -0.021997929 -0.057217743
0.002 -0.06462464 0.001932679 -0.01244413 -0.06421317 -0.0635115 0.008461036 -0.010879181 -0.057155695
0.0025 -0.06448889 0.02328854 -0.001463937 -0.06397945 -0.06335881 0.031516053 0.00015307963 -0.057155166
0.003 -0.06434606 0.04502311 0.009223079 -0.06373021 -0.06322024 0.05459512 0.011116087 -0.05720164
0.0035 -0.0641911 0.06694057 0.01980536 -0.06346146 -0.06308777 0.07758764 0.022022188 -0.05728297
0.004 -0.06403058 0.08893947 0.03037235 -0.06317899 -0.062955745 0.10041205 0.032880068 -0.0573889
0.0045 -0.06386835 0.1109543 0.04096151 -0.06288685 -0.06282025 0.123008676 0.043695807 -0.057510853
0.005 -0.06370336 0.132932 0.05155869 -0.06258598 -0.06267859 0.14533383 0.054473393 -0.057641577
0.0055 -0.06352269 0.1548211 0.062085 -0.06227237 -0.06252904 0.1673559 0.065215245 -0.057774972
0.006 -0.06332942 0.1765724 0.07262493 -0.06194881 -0.062370498 0.18905237 0.075922444 -0.0579059
0.0065 -0.06312862 0.1981417 0.08319241 -0.06161817 -0.06220235 0.2104075 0.08659516 -0.058030047
0.007 -0.06292446 0.2194892 0.09377132 -0.06125375 -0.06202433 0.23141041 0.097232565 -0.058143817
0.0075 -0.06270384 0.2405815 0.1043542 -0.06083091 -0.0618364 0.2520543 0.10783316 -0.058244213
0.008 -0.06247521 0.2613875 0.114925 -0.06041996 -0.06163869 0.2723349 0.11839488 -0.058328785
0.0085 -0.06224753 0.281881 0.1254704 -0.06002551 -0.06143143 0.29225025 0.12891509 -0.058395542
0.009 -0.06202216 0.3020411 0.1359802 -0.05964294 -0.06121489 0.3117999 0.13939083 -0.058442876
0.0095 -0.06179747 0.3218519 0.1464452 -0.05926787 -0.060989384 0.33098456 0.14981873 -0.058469556
0.01 -0.06157133 0.3413016 0.1568571 -0.05889707 -0.06075524 0.34980586 0.16019519 -0.058474675
0.0105 -0.06134203 0.360382 0.1672083 -0.05852822 -0.06051276 0.36826608 0.17051648 -0.058457572
0.011 -0.06110843 0.3790877 0.1774918 -0.05815975 -0.060262237 0.38636783 0.18077858 -0.05841784
0.0115 -0.06086986 0.3974161 0.1877014 -0.05779059 -0.06000395 0.4041144 0.19097744 -0.058355294
0.012 -0.06062603 0.4153665 0.1978317 -0.05742004 -0.059738144 0.42150906 0.20110904 -0.058269903
0.0125 -0.06037687 0.4329399 0.2078779 -0.05704767 -0.05946503 0.4385555 0.21116932 -0.05816181
0.013 -0.06012246 0.450139 0.2178358 -0.05667325 -0.05918482 0.45525762 0.22115426 -0.058031257
0.0135 -0.05986294 0.4669672 0.2277019 -0.0562967 -0.058897674 0.4716194 0.2310599 -0.05787867
0.014 -0.0595985 0.4834292 0.2374729 -0.05591801 -0.0586038 0.48764476 0.24088244 -0.05770453
0.0145 -0.05932921 0.4995301 0.2471458 -0.0555371 -0.0583033 0.50333816 0.25061822 -0.05750939
0.015 -0.05905524 0.5152757 0.2567185 -0.05515396 -0.057996318 0.5187038 0.26026368 -0.057293877
0.0155 -0.05877689 0.5306723 0.2661892 -0.05476894 -0.05768296 0.5337462 0.26981562 -0.057058692
0.016 -0.05849446 0.5457263 0.2755561 -0.05438237 -0.057363383 0.5484697 0.27927077 -0.05680456
0.0165 -0.05820824 0.5604446 0.284818 -0.05399446 -0.05703768 0.56287915 0.28862637 -0.056532234
0.017 -0.05791843 0.5748338 0.2939734 -0.05360544 -0.05670598 0.5769791 0.29787964 -0.05624252
0.0175 -0.05762522 0.5889009 0.3030215 -0.05321548 -0.056368396 0.59077424 0.3070281 -0.055936214
0.018 -0.05732877 0.6026529 0.3119612 -0.05282477 -0.056025058 0.60426944 0.3160696 -0.05561413
0.0185 -0.05702923 0.6160967 0.3207633 -0.05243349 -0.055676114 0.6174696 0.32500213 -0.05527708
0.019 -0.05672835 0.6292165 0.3287357 -0.05204831 -0.055321664 0.6303795 0.3338238 -0.0549259
0.0195 -0.05642844 0.6420027 0.3365716 -0.05166613 -0.054961883 0.6430042 0.34253317 -0.05456137
0.02 -0.05612694 0.6544813 0.344616 -0.05128223 -0.054596912 0.6553486 0.35112882 -0.05418429
0.0205 -0.0558219 0.6666776 0.3528377 -0.05089642 -0.054226927 0.6674177 0.35960972 -0.05379547
0.021 -0.05551282 0.6786094 0.3611373 -0.05050918 -0.05385208 0.6792167 0.36797488 -0.053395677
0.0215 -0.0552 0.6902881 0.3694298 -0.05012101 -0.053472552 0.6907504 0.37622356 -0.05298565
0.022 -0.05488397 0.7017206 0.3776582 -0.04973238 -0.053088523 0.7020239 0.3843553 -0.052566107
0.0225 -0.05456525 0.712912 0.3857884 -0.04934364 -0.0527002 0.7130423 0.3923697 -0.05213781
0.023 -0.05424439 0.7238657 0.393802 -0.04895512 -0.05230777 0.7238106 0.40026653 -0.051701415
0.0235 -0.05392174 0.7345851 0.4016905 -0.04856709 -0.05191146 0.73433375 0.4080457 -0.051257603
0.024 -0.05359749 0.7450736 0.4094508 -0.04817977 -0.051511437 0.7446167 0.41570747 -0.050807018
0.0245 -0.05327176 0.7553345 0.4170836 -0.04779335 -0.051107958 0.7546645 0.42325205 -0.050350294
0.025 -0.0529447 0.7653717 0.4245907 -0.04740799 -0.050701246 0.76448184 0.43067974 -0.049888015
0.0255 -0.05261623 0.7751889 0.4319747 -0.04702497 -0.050291486 0.7740739 0.43799102 -0.049420763
0.026 -0.05228559 0.7847894 0.4392369 -0.04664608 -0.049878925 0.7834452 0.4451865 -0.048949093
0.0265 -0.0519535 0.7941775 0.4463814 -0.04626738 -0.049463764 0.7926006 0.45226693 -0.04847353
0.027 -0.05162085 0.8033582 0.4534118 -0.04588916 -0.04904627 0.80154485 0.45923305 -0.047994602
0.0275 -0.05128801 0.8123364 0.4603308 -0.04551194 -0.04862666 0.8102825 0.46608573 -0.047512777
0.028 -0.05095502 0.8211166 0.4671406 -0.04513604 -0.048205137 0.8188183 0.472826 -0.047028486
0.0285 -0.05062183 0.8297034 0.473843 -0.04476176 -0.04778196 0.8271566 0.47945487 -0.046542224
0.029 -0.05028896 0.8381005 0.4804384 -0.04439517 -0.04735733 0.83530205 0.48597324 -0.046054393
0.0295 -0.04995669 0.8463115 0.4869279 -0.04403174 -0.046931475 0.84325886 0.49238247 -0.04556541
0.03 -0.04962408 0.8543414 0.493315 -0.04366834 -0.04650461 0.85103136 0.49868357 -0.04507562
0.0305 -0.04929085 0.8621949 0.499602 -0.04330511 -0.046076965 0.8586239 0.5048779 -0.04458541
0.031 -0.048957 0.8698764 0.5057901 -0.04294316 -0.04564876 0.86604047 0.51096666 -0.044095155
0.0315 -0.04862209 0.8773894 0.5118786 -0.042587 -0.045220174 0.87328523 0.5169511 -0.04360511
0.032 -0.04828655 0.8847373 0.5178693 -0.04223133 -0.04479143 0.8803623 0.52283263 -0.04311564
0.0325 -0.04795113 0.8919246 0.5237649 -0.04187567 -0.044362724 0.8872755 0.5286126 -0.042627014
0.033 -0.04761627 0.8989551 0.5295668 -0.04152075 -0.04393425 0.8940287 0.5342923 -0.04213951
0.0335 -0.0472821 0.9058328 0.5352761 -0.04116708 -0.0435062 0.9006257 0.5398732 -0.041653406
0.034 -0.04694859 0.9125613 0.5408938 -0.04081499 -0.043078773 0.9070701 0.5453565 -0.04116893
0.0345 -0.0466157 0.919144 0.5464209 -0.04046469 -0.04265212 0.91336566 0.55074394 -0.040686317
0.035 -0.04628343 0.9255844 0.5518583 -0.04011638 -0.04222642 0.919516 0.5560367 -0.04020579
0.0355 -0.04595179 0.9318857 0.5572072 -0.03977017 -0.04180189 0.9255244 0.56123626 -0.03972757
0.036 -0.04562081 0.9380509 0.5624687 -0.03942618 -0.041378647 0.9313944 0.56634396 -0.03925184
0.0365 -0.04529055 0.9440833 0.5676439 -0.03908448 -0.040956844 0.9371292 0.5713614 -0.038778763
0.037 -0.04496106 0.9499858 0.5727338 -0.03874515 -0.040536646 0.94273216 0.5762898 -0.038308524
0.0375 -0.04463241 0.9557614 0.5777397 -0.03840823 -0.0401182 0.94820637 0.5811306 -0.037841294
0.038 -0.04430464 0.9614128 0.5826627 -0.03807377 -0.039701644 0.9535549 0.5858854 -0.037377197
0.0385 -0.0439778 0.966943 0.5875038 -0.03774174 -0.039287094 0.95878106 0.5905554 -0.03691637
0.039 -0.04365183 0.9723546 0.5922642 -0.03741208 -0.03887473 0.9638875 0.595142 -0.036458995
0.0395 -0.04332682 0.9776503 0.5969451 -0.03708486 -0.038464636 0.9688774 0.5996467 -0.036005132
0.04 -0.04300291 0.9828328 0.6015475 -0.03676015 -0.038056925 0.9737533 0.6040708 -0.03555493
0.0405 -0.04268018 0.9879046 0.6060725 -0.03643797 -0.037651762 0.97851795 0.6084156 -0.03510848
0.041 -0.04235863 0.9928682 0.6105212 -0.03611821 -0.037249155 0.98317426 0.6126825 -0.034665838
0.0415 -0.04204107 0.9977097 0.6140929 -0.03580016 -0.036849268 0.9877247 0.6168729 -0.034227155
0.042 -0.0417336 1.00239 0.617106 -0.03548333 -0.03645221 0.99217194 0.6209879 -0.033792466
0.0425 -0.04142892 1.006931 0.620504 -0.03516908 -0.036058027 0.99651843 0.62502897 -0.03336187
0.043 -0.04112243 1.011366 0.6243204 -0.03485793 -0.035666835 1.0007668 0.62899745 -0.032935444
0.0435 -0.04081332 1.015717 0.6283992 -0.03454994 -0.035278697 1.0049188 0.63289446 -0.03251319
0.044 -0.04050239 1.019996 0.6325932 -0.03424501 -0.034893733 1.0089777 0.6367213 -0.032095224
0.0445 -0.04019075 1.024206 0.6368015 -0.03394303 -0.03451193 1.0129452 0.6404792 -0.03168157
0.045 -0.03987933 1.028349 0.6409639 -0.03364558 -0.034133423 1.0168233 0.6441694 -0.03127228
0.0455 -0.03956913 1.03242 0.6450456 -0.03335919 -0.033758238 1.0206146 0.64779305 -0.030867342
0.046 -0.03926087 1.036419 0.6490337 -0.03307457 -0.03338642 1.0243212 0.6513515 -0.030466847
0.0465 -0.03895447 1.040345 0.652926 -0.03278987 -0.03301806 1.0279449 0.6548458 -0.030070804
0.047 -0.03864992 1.044197 0.6567241 -0.03250561 -0.032653175 1.0314878 0.65827703 -0.029679228
0.0475 -0.03834723 1.047973 0.6604313 -0.03222233 -0.03229183 1.0349519 0.66164637 -0.029292174
0.048 -0.03804639 1.051675 0.6640522 -0.03194046 -0.03193409 1.0383391 0.66495496 -0.028909616
0.0485 -0.0377474 1.055301 0.6675912 -0.03166027 -0.031579927 1.0416512 0.6682039 -0.0285316
0.049 -0.03745024 1.058853 0.6710527 -0.031382 -0.031229395 1.0448899 0.67139435 -0.028158076
0.0495 -0.03715493 1.062331 0.674441 -0.03110579 -0.030882567 1.0480573 0.67452705 -0.027789105
0.05 -0.03686148 1.065737 0.6777594 -0.03083176 -0.035017204 1.05518 0.6702038 -0.027329322
0.0505 -0.03657971 1.058692 0.6808224 -0.03068375 -0.03702124 1.0502694 0.66948956 -0.02688725
0.051 -0.03632468 1.046476 0.6834328 -0.03059942 -0.037808843 1.0383327 0.6708529 -0.026461184
0.0515 -0.036077 1.032021 0.6857409 -0.03051154 -0.03795775 1.0228193 0.6732061 -0.02606045
0.052 -0.03583261 1.016382 0.6878381 -0.03043068 -0.03778591 1.005686 0.6759341 -0.025691267
0.0525 -0.03559181 1.000075 0.6897762 -0.03036085 -0.037457187 0.9879485 0.678726 -0.025356133
0.053 -0.03535535 0.9833818 0.6915849 -0.03030299 -0.037054114 0.97011226 0.68143713 -0.025055353
0.0535 -0.03512376 0.9664811 0.6932823 -0.03025693 -0.036618125 0.9524239 0.6840056 -0.024787862
0.054 -0.03489732 0.949498 0.6948806 -0.03022208 -0.03617044 0.93500155 0.68641007 -0.024552103
0.0545 -0.03467617 0.9325269 0.6963886 -0.03019771 -0.03572223 0.917901 0.6886478 -0.02434631
0.055 -0.03446033 0.9156416 0.6978134 -0.03018309 -0.035279613 0.9011465 0.69072473 -0.024168666
0.0555 -0.0342498 0.898901 0.6991611 -0.03017752 -0.03484607 0.88474745 0.6926497 -0.024017427
0.056 -0.03404454 0.8823523 0.7004368 -0.03018033 -0.034423742 0.86870545 0.6944331 -0.023890909
0.0565 -0.03384451 0.8660331 0.701645 -0.0301909 -0.034014 0.8530183 0.69608486 -0.02378754
0.057 -0.03364964 0.849973 0.7027898 -0.03020864 -0.03361769 0.8376817 0.6976145 -0.023705844
0.0575 -0.03345989 0.8341952 0.7038749 -0.030233 -0.033235453 0.82269067 0.6990312 -0.023644436
0.058 -0.03327519 0.8187175 0.7049036 -0.0302635 -0.03286764 0.80803925 0.7003429 -0.02360205
0.0585 -0.03309547 0.8035528 0.7058789 -0.03029966 -0.03251444 0.79372156 0.7015574 -0.023577396
0.059 -0.03292068 0.7887107 0.7068036 -0.03034105 -0.032176033 0.77973145 0.70268154 -0.023569424
0.0595 -0.03275074 0.7741972 0.7076801 -0.03038726 -0.03185244 0.76606286 0.70372164 -0.02357703
0.06 -0.0325856 0.7600159 0.7085109 -0.03043791 -0.031543568 0.7527093 0.70468354 -0.02359924
0.0605 -0.03242518 0.7461683 0.7092981 -0.03049265 -0.03124934 0.7396649 0.70557266 -0.023635041
0.061 -0.03226942 0.7326538 0.7100437 -0.03055116 -0.030969594 0.72692335 0.7063939 -0.023683626
0.0615 -0.03211825 0.7194708 0.7107495 -0.03061313 -0.030704118 0.7144788 0.70715183 -0.02374411
0.062 -0.0319716 0.7066161 0.7114174 -0.03067828 -0.030452702 0.70232487 0.7078507 -0.023815725
0.0625 -0.03182939 0.6940858 0.712049 -0.03074634 -0.030215029 0.690456 0.7084943 -0.023897696
0.063 -0.03169157 0.6818751 0.7126459 -0.03081706 -0.029990856 0.6788659 0.7090863 -0.023989324
0.0635 -0.03155805 0.6699787 0.7132094 -0.03089022 -0.029779859 0.6675491 0.70963013 -0.024089944
0.064 -0.03142877 0.6583909 0.713741 -0.0309656 -0.029581696 0.6564997 0.71012896 -0.024198938
0.0645 -0.03130365 0.6471053 0.7142421 -0.03104299 -0.029396065 0.64571214 0.71058553 -0.024315666
0.065 -0.03118263 0.6361157 0.7147137 -0.03112221 -0.029222585 0.63518083 0.7110027 -0.024439577
0.0655 -0.03106563 0.6254154 0.7151573 -0.03120309 -0.029060926 0.62490034 0.71138287 -0.024570156
0.066 -0.03095258 0.6149976 0.7155738 -0.03128545 -0.028910734 0.61486524 0.7117286 -0.02470686
0.0665 -0.03084342 0.6048557 0.7159644 -0.03136915 -0.028771657 0.6050703 0.7120419 -0.024849217
0.067 -0.03073806 0.5949828 0.7163301 -0.03145405 -0.028643332 0.5955101 0.712325 -0.024996776
0.0675 -0.03063644 0.5853722 0.7166719 -0.03154 -0.028525393 0.5861798 0.7125797 -0.025149088
0.068 -0.03053849 0.576017 0.7169907 -0.03162689 -0.028417509 0.5770742 0.7128079 -0.025305744
0.0685 -0.03044413 0.5669108 0.7172875 -0.0317146 -0.028319295 0.5681884 0.71301126 -0.025466371
0.069 -0.0303533 0.5580467 0.7175631 -0.03180301 -0.028230447 0.55951756 0.7131915 -0.02563059
0.0695 -0.03026593 0.5494186 0.7178184 -0.03189203 -0.028150592 0.55105686 0.71335 -0.025798034
0.07 -0.03018195 0.5410199 0.7180541 -0.03198157 -0.028079383 0.54280156 0.71348816 -0.02596837
0.0705 -0.03010128 0.5328444 0.7182712 -0.03207152 -0.028016523 0.53474724 0.71360743 -0.026141305
0.071 -0.03002387 0.5248861 0.7184702 -0.03216182 -0.027961671 0.52688926 0.71370894 -0.026316542
0.0715 -0.02994964 0.5171391 0.718652 -0.03225237 -0.027914487 0.51922315 0.71379393 -0.026493777
0.072 -0.02987853 0.5095975 0.7188172 -0.03234312 -0.027874693 0.5117447 0.7138634 -0.026672754
0.0725 -0.02981047 0.5022556 0.7189665 -0.03243398 -0.027841967 0.50444955 0.71391857 -0.026853215
0.073 -0.02974539 0.495108 0.7191005 -0.0325249 -0.027816027 0.4973335 0.7139603 -0.027034987
0.0735 -0.02968322 0.4881492 0.7192199 -0.03261582 -0.027796566 0.49039248 0.7139895 -0.027217742
0.074 -0.02962392 0.4813741 0.7193253 -0.03270668 -0.027783297 0.48362258 0.71400714 -0.027401302
0.0745 -0.0295674 0.4747775 0.7194172 -0.03279743 -0.027776 0.4770197 0.7140138 -0.027585503
0.075 -0.02951361 0.4683546 0.7194962 -0.03288803 -0.027774341 0.47058 0.7140106 -0.027770136
0.0755 -0.02946249 0.4621004 0.7195628 -0.03297843 -0.027778089 0.46429977 0.71399796 -0.027955
0.076 -0.02941397 0.4560103 0.7196176 -0.03306858 -0.027786996 0.45817527 0.7139766 -0.02813996
0.0765 -0.02936799 0.4500798 0.719661 -0.03315845 -0.027800802 0.45220283 0.7139474 -0.028324839
0.077 -0.02932449 0.4443044 0.7196936 -0.03324801 -0.027819306 0.44637886 0.7139107 -0.028509494
0.0775 -0.02928342 0.4386799 0.7197158 -0.03333721 -0.02784225 0.44069996 0.71386725 -0.028693806
0.078 -0.02924471 0.4332021 0.719728 -0.03342604 -0.027869418 0.43516275 0.7138175 -0.028877605
0.0785 -0.02920831 0.4278669 0.7197308 -0.03351445 -0.027900625 0.4297637 0.7137618 -0.029060807
0.079 -0.02917416 0.4226705 0.7197244 -0.03360243 -0.027935613 0.42449978 0.7137009 -0.029243272
0.0795 -0.02914221 0.4176089 0.7197093 -0.03368994 -0.027974218 0.41936746 0.713635 -0.029424902
0.08 -0.02911239 0.4126785 0.719686 -0.03377698 -0.028016247 0.4143639 0.71356475 -0.029605594
0.0805 -0.02908466 0.4078757 0.7196547 -0.03386351 -0.028061476 0.40948585 0.71349037 -0.02978525
0.081 -0.02905897 0.403197 0.7196158 -0.03394951 -0.028109767 0.40473035 0.71341234 -0.029963817
0.0815 -0.02903525 0.398639 0.7195698 -0.03403498 -0.028160945 0.40009448 0.7133309 -0.030141149
0.082 -0.02901346 0.3941983 0.7195169 -0.03411989 -0.028214846 0.39557537 0.7132466 -0.030317236
0.0825 -0.02899355 0.3898719 0.7194574 -0.03420422 -0.02827128 0.3911701 0.7131594 -0.030491967
0.083 -0.02897547 0.3856566 0.7193917 -0.03428797 -0.028330117 0.38687614 0.7130698 -0.030665327
0.0835 -0.02895916 0.3815494 0.71932 -0.03437113 -0.02839119 0.38269046 0.712978 -0.030837182
0.084 -0.02894459 0.3775472 0.7192428 -0.03445367 -0.028454386 0.37861064 0.7128843 -0.031007532
0.0845 -0.02893169 0.3736474 0.7191601 -0.0345356 -0.028519534 0.37463412 0.71278894 -0.031176317
0.085 -0.02892044 0.3698471 0.7190724 -0.0346169 -0.028586533 0.3707583 0.71269214 -0.031343486
0.0855 -0.02891077 0.3661437 0.7189799 -0.03469756 -0.028655205 0.3669807 0.71259403 -0.031509
0.086 -0.02890265 0.3625344 0.7188828 -0.03477758 -0.02872546 0.36329892 0.71249485 -0.0316728
0.0865 -0.02889603 0.3590169 0.7187813 -0.03485696 -0.028797217 0.35971063 0.7123947 -0.03183489
0.087 -0.02889087 0.3555886 0.7186758 -0.03493568 -0.028870314 0.35621354 0.712294 -0.03199522
0.0875 -0.02888713 0.3522471 0.7185664 -0.03501374 -0.028944664 0.35280532 0.71219254 -0.032153774
0.088 -0.02888475 0.3489901 0.7184534 -0.03509114 -0.029020168 0.34948385 0.71209073 -0.032310504
0.0885 -0.02888372 0.3458154 0.7183369 -0.03516787 -0.0290967 0.34624693 0.7119887 -0.032465402
0.089 -0.02888397 0.3427207 0.7182172 -0.03524394 -0.029174179 0.34309253 0.7118864 -0.032618467
0.0895 -0.02888548 0.3397039 0.7180944 -0.03531933 -0.02925253 0.34001848 0.71178406 -0.03276966
0.09 -0.02888821 0.336763 0.7179688 -0.03539405 -0.029331654 0.33702287 0.7116818 -0.032918986
0.0905 -0.02889211 0.3338959 0.7178405 -0.0354681 -0.02941148 0.33410373 0.7115797 -0.03306639
0.091 -0.02889715 0.3311007 0.7177098 -0.03554147 -0.029491894 0.3312591 0.7114778 -0.03321192
0.0915 -0.0289033 0.3283755 0.7175766 -0.03561418 -0.029572845 0.3284872 0.7113762 -0.033355553
0.092 -0.02891052 0.3257183 0.7174414 -0.0356862 -0.029654235 0.32578608 0.71127504 -0.03349727
0.0925 -0.02891878 0.3231275 0.7173041 -0.03575756 -0.029736064 0.32315403 0.71117437 -0.03363708
0.093 -0.02892803 0.3206013 0.7171649 -0.03582824 -0.0298182 0.32058927 0.71107423 -0.033774976
0.0935 -0.02893826 0.3181379 0.717024 -0.03589825 -0.029900618 0.31809017 0.7109746 -0.033910964
0.094 -0.02894941 0.3157357 0.7168816 -0.03596759 -0.0299832 0.31565508 0.71087563 -0.03404505
0.0945 -0.02896148 0.3133932 0.7167376 -0.03603627 -0.030065946 0.31328222 0.7107774 -0.034177203
0.095 -0.02897441 0.3111087 0.7165924 -0.03610428 -0.03014882 0.31097022 0.71068 -0.034307484
0.0955 -0.02898819 0.3088807 0.7164459 -0.03617163 -0.030231692 0.3087174 0.7105832 -0.034435835
0.096 -0.02900278 0.3067077 0.7162984 -0.03623832 -0.030314542 0.30652228 0.71048725 -0.034562323
0.0965 -0.02901815 0.3045884 0.7161499 -0.03630436 -0.030397363 0.30438346 0.71039224 -0.034686934
0.097 -0.02903428 0.3025213 0.7160005 -0.03636974 -0.03048008 0.30229944 0.710298 -0.034809653
0.0975 -0.02905114 0.300505 0.7158503 -0.03643447 -0.03056264 0.3002688 0.71020466 -0.034930516
0.098 -0.02906869 0.2985383 0.7156995 -0.03649855 -0.030645028 0.29829025 0.7101122 -0.035049554
0.0985 -0.02908692 0.2966198 0.7155481 -0.036562 -0.030727163 0.2963624 0.7100207 -0.035166714
0.099 -0.0291058 0.2947483 0.7153963 -0.0366248 -0.030809045 0.294484 0.70993024 -0.035282064
0.0995 -0.0291253 0.2929226 0.7152441 -0.03668697 -0.030890666 0.2926537 0.70984066 -0.03539561
0.1 -0.0291454 0.2911415 0.7150915 -0.03674851 -0.023990855 0.28554854 0.7126947 -0.025509294
0.1005 -0.01814186 0.2894513 0.7165223 -0.02099915 -0.017467182 0.28114545 0.7147629 -0.015767913
0.101 -0.003209059 0.2880119 0.7194292 -0.005014069 -0.0112207495 0.27838632 0.71636665 -0.0062155984
0.1015 0.007416058 0.2867784 0.7215439 0.007054545 -0.005193334 0.27665305 0.71769124 0.0031239502
0.102 0.0146963 0.2856789 0.7229258 0.01745891 0.0006513223 0.27557176 0.7188477 0.012239028
0.1025 0.0201734 0.2846726 0.7239335 0.02710217 0.006336972 0.27491087 0.7199035 0.021125007
0.103 0.02474878 0.2837388 0.7247607 0.03625291 0.011879794 0.27452412 0.7209004 0.029781621
0.1035 0.02889582 0.2828664 0.7255256 0.0450159 0.017291375 0.27431795 0.7218646 0.038211
0.104 0.03284715 0.28205 0.7262831 0.05344764 0.022580266 0.27423188 0.72281176 0.046416868
0.1045 0.03671287 0.281287 0.7270515 0.06157829 0.027753092 0.27422622 0.72375196 0.054403838
0.105 0.04052074 0.280574 0.7278285 0.06939238 0.03281519 0.27427474 0.72469115 0.06217694
0.1055 0.04428543 0.2799075 0.7286085 0.07691048 0.03777101 0.2743601 0.72563267 0.06974147
0.106 0.04802388 0.2791492 0.7293948 0.08417748 0.042624377 0.27447036 0.72657835 0.07710287
0.1065 0.05174238 0.2776523 0.7301688 0.09121 0.04737869 0.27459767 0.7275288 0.084266484
0.107 0.05543993 0.2759971 0.7309258 0.09802157 0.052037038 0.27473643 0.7284843 0.09123771
0.1075 0.05911359 0.274511 0.7316797 0.1046216 0.056602143 0.27488276 0.72944427 0.09802179
0.108 0.06276012 0.2733126 0.7324407 0.1110172 0.06107671 0.27503398 0.7304084 0.104623884
0.1085 0.06637686 0.2724172 0.7332137 0.1172156 0.06546315 0.27518812 0.7313759 0.11104904
0.109 0.06996197 0.2717937 0.7339996 0.1232235 0.06976385 0.2753438 0.732346 0.11730221
0.1095 0.07351416 0.2713951 0.7347975 0.1290396 0.073980935 0.27549994 0.73331785 0.12338817
0.11 0.07703254 0.2711725 0.7356054 0.1346779 0.07811659 0.27565578 0.7342907 0.12931159
0.1105 0.08051667 0.271082 0.7364212 0.1401495 0.08217285 0.27581075 0.7352638 0.13507704
0.111 0.08396635 0.2710873 0.7372427 0.1454612 0.08615164 0.27596447 0.7362364 0.14068897
0.1115 0.08738162 0.2711594 0.7380683 0.150619 0.09005486 0.2761165 0.7372078 0.1461517
0.112 0.09076252 0.2712763 0.7388965 0.1556286 0.09388431 0.27626655 0.7381772 0.15146942
0.1125 0.09410875 0.2714212 0.7397258 0.1604954 0.09764177 0.2764146 0.7391441 0.15664622
0.113 0.0974202 0.2715827 0.7405554 0.165225 0.10132893 0.27656046 0.74010795 0.16168612
0.1135 0.100697 0.2717528 0.7413846 0.1698228 0.10494744 0.27670392 0.74106824 0.16659294
0.114 0.1039391 0.2719265 0.7422126 0.1741953 0.108498864 0.27684513 0.7420243 0.1713705
0.1145 0.1071463 0.2721007 0.7430392 0.1783268 0.11198478 0.27698392 0.7429757 0.17602246
0.115 0.1103184 0.2722739 0.7438637 0.1823933 0.115406655 0.27712032 0.7439222 0.1805524
0.1155 0.1134557 0.2724454 0.744686 0.1864036 0.11876594 0.27725437 0.7448633 0.18496378
0.116 0.1165582 0.2726154 0.745506 0.1903487 0.12206405 0.27738616 0.7457986 0.18925999
0.1165 0.1196259 0.2727844 0.7463233 0.1942214 0.12530237 0.27751562 0.7467278 0.1934443
0.117 0.122659 0.2729532 0.7471378 0.197992 0.12848222 0.277643 0.74765086 0.19751994
0.1175 0.1256436 0.2731227 0.7479485 0.2014586 0.13160485 0.27776822 0.7485672 0.20148997
0.118 0.1285786 0.2732936 0.748754 0.2048649 0.13467154 0.2778915 0.7494767 0.20535745
0.1185 0.1314814 0.2734667 0.7495561 0.2082579 0.13768354 0.27801284 0.7503792 0.20912533
0.119 0.1343581 0.273643 0.7503555 0.2116112 0.14064205 0.27813244 0.75127435 0.21279643
0.1195 0.1372078 0.2738229 0.7511523 0.214922 0.1435481 0.27825034 0.7521622 0.21637355
0.12 0.1400286 0.2740073 0.7519463 0.2181611 0.1464029 0.27836668 0.7530426 0.21985938
0.1205 0.1428184 0.2741957 0.752737 0.2211111 0.14920756 0.2784817 0.75391525 0.22325654
0.121 0.1455757 0.2743889 0.7535242 0.2240274 0.15196308 0.2785954 0.7547802 0.22656761
0.1215 0.1482991 0.2745882 0.7543075 0.2269485 0.15467057 0.27870792 0.7556373 0.22979505
0.122 0.1509887 0.2747945 0.755087 0.2298671 0.15733099 0.27881944 0.7564864 0.23294123
0.1225 0.1536449 0.2750082 0.7558625 0.2327693 0.15994534 0.2789301 0.7573277 0.23600854
0.123 0.1562635 0.2752295 0.756634 0.2356414 0.16251454 0.27903998 0.7581607 0.2389992
0.1235 0.1588446 0.2754585 0.7574012 0.2384738 0.16503954 0.2791492 0.75898576 0.24191551
0.124 0.1613877 0.275695 0.758164 0.2412606 0.16752124 0.27925798 0.7598028 0.24475949
0.1245 0.1638838 0.2759361 0.7586723 0.2439763 0.16996056 0.27936634 0.76061165 0.24753328
0.125 0.1662998 0.2761286 0.7578526 0.2465858 0.1723583 0.27947444 0.7614124 0.2502389
0.1255 0.1686707 0.2762637 0.7572735 0.2491335 0.1747154 0.27958247 0.76220506 0.2528783
0.126 0.171025 0.276378 0.7573367 0.2516159 0.17703259 0.27969044 0.76298964 0.2554534
0.1265 0.173369 0.2765042 0.7579048 0.2540511 0.17931074 0.27979857 0.7637661 0.25796604
0.127 0.1756831 0.2766583 0.7587735 0.2564194 0.18155053 0.27990684 0.7645345 0.260418
0.1275 0.1779636 0.2768472 0.7597865 0.2587344 0.18375278 0.28001544 0.7652948 0.262811
0.128 0.1802276 0.2770715 0.7608507 0.2610193 0.18591827 0.28012446 0.7660471 0.26514676
0.1285 0.1824804 0.2773281 0.7619134 0.2632778 0.18804768 0.28023407 0.76679146 0.2674269
0.129 0.1847191 0.2776123 0.7629471 0.265507 0.19014174 0.28034422 0.76752794 0.26965305
0.1295 0.1869385 0.2779192 0.7639399 0.2677035 0.19220111 0.28045502 0.76825655 0.27182674
0.13 0.1891341 0.2782439 0.7648887 0.2698647 0.1942265 0.2805666 0.7689772 0.27394938
0.1305 0.1913029 0.2785827 0.7657955 0.2719887 0.19621855 0.28067908 0.7696901 0.27602255
0.131 0.1934429 0.278932 0.766664 0.2740742 0.19817787 0.28079244 0.7703953 0.27804756
0.1315 0.1955522 0.2792894 0.7674968 0.2761203 0.20010519 0.2809068 0.77109283 0.28002584
0.132 0.1976008 0.2796502 0.7682493 0.2781189 0.20200104 0.28102222 0.77178276 0.28195864
0.1325 0.1995781 0.2800096 0.7689163 0.2800513 0.20386603 0.28113875 0.77246517 0.28384727
0.133 0.2015151 0.2803616 0.7695603 0.2819035 0.20570081 0.2812564 0.7731401 0.28569305
0.1335 0.2034395 0.2807067 0.7702247 0.2836975 0.20750588 0.28137532 0.7738075 0.28749707
0.134 0.2053589 0.281052 0.7709124 0.2854671 0.2092818 0.28149548 0.7744677 0.2892606
0.1345 0.2072718 0.2814014 0.7716149 0.2872206 0.21102917 0.28161693 0.7751206 0.29098472
0.135 0.2091717 0.2817565 0.7723228 0.2889559 0.21274853 0.28173968 0.77576625 0.29267055
0.1355 0.2110507 0.2821175 0.7730283 0.2906655 0.21444032 0.28186378 0.77640474 0.29431915
0.136 0.2128818 0.2824837 0.7737205 0.2923127 0.21610513 0.28198928 0.7770362 0.29593155
0.1365 0.2146729 0.2828537 0.7743985 0.2939215 0.21774346 0.2821162 0.7776606 0.29750875
0.137 0.2164447 0.2832268 0.7750676 0.2955127 0.21935576 0.28224453 0.7782781 0.2990517
0.1375 0.2180956 0.2836023 0.7757304 0.2970897 0.22094256 0.28237435 0.7788887 0.30056143
0.138 0.2195477 0.2839799 0.7763861 0.2986498 0.22250423 0.28250554 0.7794925 0.3020388
0.1385 0.2210539 0.284359 0.7770345 0.3001899 0.22404137 0.28263822 0.7800896 0.30348462
0.139 0.222654 0.2847393 0.7776762 0.3017084 0.22555435 0.2827724 0.78067994 0.30489987
0.1395 0.2243201 0.2851206 0.7783114 0.3032046 0.22704357 0.282908 0.7812638 0.30628532
0.14 0.2260166 0.2855025 0.7789404 0.3046774 0.22850955 0.283045 0.78184116 0.30764174
0.1405 0.2277159 0.2858849 0.7795631 0.3061255 0.22995266 0.2831835 0.78241205 0.30896997
0.141 0.2294003 0.2862677 0.7801795 0.3075483 0.23137331 0.28332347 0.7829766 0.3102708
0.1415 0.23106 0.2866507 0.7807896 0.3089466 0.23277193 0.28346482 0.78353477 0.3115449
0.142 0.2326906 0.2870337 0.7813936 0.3103207 0.23414892 0.28360757 0.7840867 0.312793
0.1425 0.2342902 0.2874167 0.7819915 0.3116711 0.23550466 0.28375176 0.7846326 0.3140158
0.143 0.235859 0.2877993 0.7825835 0.3129978 0.23683944 0.28389728 0.7851721 0.31521392
0.1435 0.2373976 0.2881814 0.7831696 0.3143011 0.23815379 0.28404418 0.7857058 0.31638813
0.144 0.2389071 0.2885628 0.78375 0.3155814 0.23944795 0.28419232 0.7862335 0.3175389
0.1445 0.240389 0.2889435 0.7843246 0.316839 0.24072233 0.28434187 0.7867552 0.31866693
0.145 0.2418444 0.2893235 0.7848936 0.3180745 0.24197721 0.28449264 0.787271 0.31977284
0.1455 0.2432735 0.2896991 0.7851983 0.3192863 0.24321306 0.28464463 0.7877812 0.3208571
0.146 0.2446349 0.2900131 0.784127 0.3204232 0.24443012 0.28479782 0.7882856 0.32192034
0.1465 0.2459067 0.2902527 0.7832913 0.3214707 0.24562877 0.28495228 0.7887844 0.32296315
0.147 0.2471468 0.2904612 0.7831148 0.3224929 0.2468093 0.28510782 0.78927743 0.32398593
0.1475 0.248395 0.2906741 0.783464 0.3235186 0.24797201 0.28526443 0.789765 0.32498926
0.148 0.2496514 0.2909003 0.7834314 0.3245492 0.24911726 0.28542215 0.79024714 0.32597363
0.1485 0.250871 0.2910839 0.7825275 0.3255602 0.25024527 0.28558084 0.7907238 0.3269395
0.149 0.2520548 0.2912353 0.7821723 0.3265195 0.2513564 0.28574058 0.79119515 0.3278873
0.1495 0.2532348 0.2913943 0.7824832 0.3274567 0.25245094 0.28590128 0.79166114 0.32881755
0.15 0.2544276 0.2915875 0.7832456 0.3284007 0.25115377 0.29023185 0.79037595 0.32185417
0.1505 0.2544884 0.2918029 0.7834084 0.3185543 0.25007907 0.29283494 0.78960097 0.3153551
0.151 0.252741 0.2919611 0.782811 0.3085559 0.24915993 0.2942358 0.78917533 0.30924803
0.1515 0.2511442 0.2920739 0.782578 0.3013138 0.24834627 0.2948275 0.7889786 0.30348042
0.152 0.2500936 0.2921694 0.7826976 0.295271 0.24760205 0.29489222 0.78892374 0.29801285
0.1525 0.2494304 0.2922617 0.7829784 0.2897766 0.24690217 0.29462692 0.7889507 0.29281524
0.153 0.2489728 0.2923546 0.7832975 0.284622 0.24622953 0.2941657 0.7890185 0.2878638
0.1535 0.2486077 0.2924477 0.7835976 0.2797366 0.24557284 0.2935979 0.78910035 0.28313914
0.154 0.2482751 0.2925387 0.7838571 0.2750898 0.24492472 0.29298207 0.7891792 0.278625
0.1545 0.2479458 0.2926255 0.7840714 0.2706629 0.2442806 0.29235545 0.7892442 0.27430743
0.155 0.2476063 0.2927061 0.7842426 0.2664414 0.24363771 0.2917411 0.78928936 0.27017412
0.1555 0.2472508 0.2927791 0.7843754 0.2624125 0.24299434 0.2911529 0.78931147 0.26621413
0.156 0.246877 0.2928436 0.7844752 0.2585648 0.24234974 0.29059836 0.789309 0.26241747
0.1565 0.2464847 0.292899 0.7845468 0.2548877 0.2417036 0.29008117 0.7892821 0.2587751
0.157 0.2460745 0.2929452 0.7845946 0.2513714 0.24105585 0.28960252 0.78923124 0.25527856
0.1575 0.2456472 0.292982 0.7846224 0.2480062 0.24040684 0.28916195 0.7891576 0.25192016
0.158 0.2452036 0.2930098 0.7846331 0.2447686 0.23975676 0.28875813 0.7890625 0.2486927
0.1585 0.2447441 0.2930286 0.7846291 0.2416574 0.23910603 0.28838933 0.7889473 0.24558945
0.159 0.2442701 0.2930389 0.7846126 0.2386748 0.23845503 0.28805336 0.7888138 0.24260406
0.1595 0.2437834 0.2930411 0.7845853 0.235816 0.23780423 0.28774804 0.7886634 0.2397307
0.16 0.2432853 0.2930356 0.7845486 0.233075 0.23715398 0.28747123 0.78849745 0.23696385
0.1605 0.2427769 0.2930229 0.7845037 0.2304454 0.2365047 0.28722075 0.78831756 0.23429836
0.161 0.2422591 0.2930034 0.7844515 0.2279214 0.2358568 0.28699455 0.788125 0.23172928
0.1615 0.2417328 0.2929776 0.7843927 0.2254973 0.23521054 0.28679082 0.7879212 0.22925211
0.162 0.2411987 0.2929459 0.7843281 0.2231679 0.23456633 0.28660765 0.78770715 0.22686256
0.1625 0.2406576 0.2929087 0.7842581 0.2209281 0.23392445 0.28644338 0.78748417 0.22455655
0.163 0.2401101 0.2928663 0.7841832 0.2187734 0.23328522 0.28629658 0.7872534 0.2223302
0.1635 0.239557 0.292819 0.7841038 0.2166994 0.23264888 0.28616557 0.78701556 0.22017999
0.164 0.2389989 0.2927672 0.7840203 0.2147019 0.2320157 0.28604916 0.7867719 0.21810247
0.1645 0.2384364 0.2927112 0.7839329 0.2127771 0.23138589 0.28594607 0.7865231 0.21609442
0.165 0.23787 0.2926512 0.7838419 0.2109212 0.23075965 0.28585514 0.78627014 0.2141528
0.1655 0.2373002 0.292586 0.7837476 0.209131 0.2301372 0.28577533 0.78601366 0.21227472
0.166 0.2367276 0.2925138 0.78365 0.2074031 0.22951868 0.2857056 0.78575444 0.21045749
0.1665 0.2361527 0.2924371 0.7835493 0.2057345 0.22890434 0.2856451 0.7854929 0.20869853
0.167 0.2355757 0.2923574 0.7834459 0.2041224 0.22829425 0.28559294 0.78523004 0.20699532
0.1675 0.234997 0.2922755 0.7833398 0.2025639 0.22768858 0.28554842 0.784966 0.20534568
0.168 0.2344168 0.2921918 0.7832313 0.2010561 0.22708744 0.2855107 0.78470165 0.20374735
0.1685 0.2338356 0.2921064 0.7831205 0.1995971 0.22649097 0.2854792 0.7844372 0.20219819
0.169 0.2332542 0.2920194 0.7830077 0.1981849 0.22589922 0.28545323 0.78417325 0.20069627
0.1695 0.2326729 0.2919307 0.7828929 0.1968174 0.22531235 0.2854323 0.78391016 0.19923975
0.17 0.2320924 0.2918404 0.7827764 0.1954928 0.22473043 0.28541592 0.78364813 0.19782679
0.1705 0.2315127 0.2917485 0.7826582 0.1942092 0.22415352 0.2854035 0.7833878 0.19645573
0.171 0.2309343 0.2916551 0.7825385 0.1929648 0.22358167 0.28539458 0.78312916 0.19512491
0.1715 0.2303574 0.2915601 0.7824173 0.1917581 0.22301495 0.28538886 0.78287256 0.19383283
0.172 0.2297823 0.2914636 0.7822948 0.1905874 0.22245342 0.2853859 0.7826184 0.192578
0.1725 0.2292091 0.2913657 0.7821711 0.1894513 0.2218971 0.28538534 0.7823669 0.19135904
0.173 0.2286381 0.2912664 0.7820462 0.1883484 0.22134602 0.28538677 0.78211796 0.19017462
0.1735 0.2280696 0.2911658 0.7819203 0.1872772 0.22080031 0.28539005 0.7818719 0.18902345
0.174 0.2275037 0.2910639 0.7817934 0.1862366 0.22025985 0.28539482 0.7816291 0.18790437
0.1745 0.2269406 0.2909608 0.7816657 0.1852254 0.21972477 0.28540078 0.7813895 0.18681616
0.175 0.2263806 0.2908567 0.7815371 0.1842424 0.21919504 0.28540775 0.7811531 0.18575776
0.1755 0.2258237 0.2907515 0.7814078 0.1832866 0.21867067 0.28541553 0.78092015 0.1847281
0.176 0.2252702 0.2906453 0.7812779 0.1823568 0.21815172 0.28542385 0.78069067 0.18372618
0.1765 0.2247202 0.2905382 0.7811474 0.1814522 0.21763813 0.28543255 0.78046495 0.18275103
0.177 0.2241738 0.2904303 0.7810164 0.1805718 0.21712992 0.28544155 0.7802428 0.18180178
0.1775 0.2236312 0.2903216 0.780885 0.1797147 0.21662709 0.2854506 0.7800243 0.18087746
0.178 0.2230925 0.2902122 0.7807532 0.1788801 0.21612966 0.28545952 0.7798095 0.17997731
0.1785 0.2225578 0.2901021 0.7806211 0.1780671 0.21563756 0.28546828 0.7795985 0.17910047
0.179 0.2220273 0.2899914 0.7804888 0.1772751 0.2151508 0.2854767 0.77939117 0.17824617
0.1795 0.221501 0.2898802 0.7803562 0.1765032 0.2146694 0.28548464 0.7791875 0.1774137
0.18 0.220979 0.2897685 0.7802235 0.1757509 0.21419334 0.2854921 0.7789877 0.17660233
0.1805 0.2204614 0.2896564 0.7800908 0.1750173 0.21372253 0.2854989 0.77879167 0.17581137
0.181 0.2199482 0.2895438 0.779958 0.1743019 0.21325707 0.28550497 0.7785994 0.1750402
0.1815 0.2194397 0.289431 0.7798253 0.1736041 0.2127968 0.28551033 0.7784107 0.17428815
0.182 0.2189357 0.2893178 0.7796926 0.1729233 0.21234179 0.28551474 0.77822566 0.17355464
0.1825 0.2184365 0.2892044 0.77956 0.172259 0.21189201 0.28551832 0.7780442 0.17283908
0.183 0.2179419 0.2890908 0.7794276 0.1716105 0.21144733 0.28552088 0.7778665 0.17214096
0.1835 0.2174522 0.2889771 0.7792953 0.1709774 0.21100783 0.28552246 0.7776922 0.17145966
0.184 0.2169672 0.2888632 0.7791633 0.1703593 0.2105734 0.28552294 0.7775214 0.17079476
0.1845 0.2164871 0.2887493 0.7790316 0.1697556 0.21014407 0.28552228 0.77735394 0.1701457
0.185 0.2160119 0.2886353 0.7789001 0.1691659 0.2097198 0.28552055 0.77718997 0.16951205
0.1855 0.2155416 0.2885214 0.7787691 0.1685897 0.20930055 0.2855176 0.7770293 0.16889332
0.186 0.2150763 0.2884074 0.7786383 0.1680268 0.20888627 0.2855135 0.7768718 0.16828911
0.1865 0.2146159 0.2882935 0.778508 0.1674765 0.20847696 0.2855081 0.7767175 0.16769895
0.187 0.2141605 0.2881798 0.7783781 0.1669387 0.20807254 0.28550154 0.7765664 0.16712244
0.1875 0.21371 0.2880661 0.7782487 0.1664128 0.20767295 0.2854937 0.7764183 0.16655925
0.188 0.2132646 0.2879527 0.7781198 0.1658987 0.20727822 0.28548458 0.7762733 0.1660089
0.1885 0.2128241 0.2878394 0.7779914 0.1653958 0.20688826 0.2854742 0.77613115 0.1654711
0.189 0.2123887 0.2877263 0.7778635 0.164904 0.20650306 0.28546253 0.7759918 0.16494548
0.1895 0.2119582 0.2876135 0.7777362 0.1644228 0.20612258 0.28544953 0.7758553 0.16443172
0.19 0.2115327 0.2875009 0.7776095 0.163952 0.20574677 0.28543532 0.77572155 0.16392946
0.1905 0.2111122 0.2873887 0.7774833 0.1634914 0.20537558 0.2854198 0.77559036 0.16343838
0.191 0.2106967 0.2872768 0.7773578 0.1630405 0.20500895 0.28540292 0.7754618 0.16295819
0.1915 0.2102861 0.2871652 0.777233 0.1625992 0.20464689 0.2853848 0.7753357 0.16248861
0.192 0.2098805 0.287054 0.7771088 0.1621671 0.20428938 0.28536537 0.77521205 0.16202934
0.1925 0.2094797 0.2869431 0.7769853 0.1617441 0.20393625 0.28534463 0.7750908 0.16158012
0.193 0.2090839 0.2868327 0.7768625 0.1613299 0.20358759 0.28532264 0.7749718 0.16114064
0.1935 0.208693 0.2867227 0.7767404 0.1609243 0.20324329 0.2852994 0.774855 0.16071068
0.194 0.2083069 0.2866132 0.776619 0.160527 0.20290333 0.28527486 0.7747404 0.16028999
0.1945 0.2079256 0.2865041 0.7764984 0.1601378 0.2025677 0.2852491 0.7746279 0.15987834
0.195 0.2075492 0.2863955 0.7763785 0.1597565 0.2022363 0.2852221 0.7745175 0.15947548
0.1955 0.2071775 0.2862874 0.7762593 0.1593829 0.2019091 0.2851939 0.774409 0.15908118
0.196 0.2068106 0.2861798 0.776141 0.1590169 0.20158607 0.28516445 0.77430236 0.15869524
0.1965 0.2064484 0.2860727 0.7760234 0.1586581 0.20126718 0.2851338 0.7741976 0.15831746
0.197 0.2060909 0.2859662 0.7759066 0.1583065 0.20095238 0.28510198 0.7740946 0.15794758
0.1975 0.205738 0.2858602 0.7757907 0.1579618 0.20064163 0.28506905 0.7739933 0.15758547
0.198 0.2053898 0.2857548 0.7756755 0.157624 0.20033488 0.28503492 0.7738937 0.15723093
0.1985 0.2050461 0.2856499 0.7755612 0.1572927 0.20003211 0.28499964 0.7737957 0.15688376
0.199 0.204707 0.2855457 0.7754477 0.1569679 0.19973323 0.28496334 0.7736993 0.15654378
0.1995 0.2043723 0.285442 0.775335 0.1566494 0.19943824 0.28492588 0.7736043 0.15621078
0.2 0.2040422 0.285339 0.7752231 0.1563371 0.19932535 0.2833545 0.76429033 0.15608309
0.2005 0.2037059 0.2849056 0.7622267 0.1560198 0.1991851 0.28173116 0.75481856 0.15593919
0.201 0.2033298 0.283785 0.74782 0.1556907 0.19902548 0.2800189 0.74523866 0.15578239
0.2015 0.2029338 0.282193 0.7355764 0.155364 0.19885135 0.27820346 0.7355875 0.15561539
0.202 0.2025351 0.2802872 0.7248123 0.1550398 0.1986658 0.2762829 0.72589254 0.15544036
0.2025 0.2021393 0.2781625 0.7148112 0.1547175 0.19847089 0.27426177 0.7161759 0.15525892
0.203 0.2017465 0.2758735 0.7051518 0.1543969 0.19826779 0.27214757 0.7064551 0.15507251
0.2035 0.2013559 0.2734536 0.6956291 0.1540778 0.19805741 0.2699491 0.69674456 0.15488215
0.204 0.2009664 0.270925 0.6861547 0.1537601 0.19784051 0.2676752 0.6870562 0.1546887
0.2045 0.2005774 0.2683043 0.676696 0.1534438 0.19761738 0.2653343 0.67740023 0.15449288
0.205 0.2001885 0.2656048 0.6672454 0.1531288 0.19738853 0.26293427 0.6677853 0.1542952
0.2055 0.1997996 0.2628378 0.6578055 0.1528151 0.19715416 0.26048234 0.6582189 0.15409604
0.206 0.1994106 0.2600133 0.6483826 0.1525026 0.1969145 0.25798488 0.6487075 0.15389577
0.2065 0.1990217 0.2571399 0.6389842 0.1521915 0.19666976 0.25544766 0.63925654 0.1536946
0.207 0.1986327 0.2542254 0.629618 0.1518816 0.19642013 0.2528759 0.6298709 0.15349264
0.2075 0.1982438 0.2512769 0.6202911 0.1515729 0.19616571 0.25027415 0.6205546 0.15329008
0.208 0.1978551 0.2483007 0.61101 0.1512655 0.19590673 0.2476466 0.61131155 0.15308686
0.2085 0.1974666 0.2453023 0.601781 0.1509594 0.19564316 0.24499694 0.60214466 0.15288304
0.209 0.1970784 0.2422869 0.5926097 0.1506545 0.19537523 0.24232855 0.5930567 0.15267862
0.2095 0.1966906 0.239259 0.583501 0.1503509 0.19510299 0.23964435 0.58404994 0.15247354
0.21 0.1963032 0.2362229 0.5744595 0.1500485 0.19482657 0.23694709 0.5751266 0.15226775
0.2105 0.1959163 0.2331823 0.5654896 0.1497474 0.19454604 0.23423925 0.5662883 0.15206118
0.211 0.19553 0.2301407 0.5565949 0.1494476 0.19426152 0.23152307 0.5575364 0.15185371
0.2115 0.1951443 0.227101 0.5477788 0.1491491 0.19397303 0.2288005 0.54887235 0.15164529
0.212 0.1947593 0.2240661 0.5390445 0.1488518 0.1936807 0.22607344 0.5402972 0.15143575
0.2125 0.1943751 0.2210386 0.5303947 0.1485559 0.19338465 0.22334364 0.53181183 0.15122502
0.213 0.1939917 0.2180208 0.5218319 0.1482612 0.1930849 0.22061262 0.523417 0.151013
0.2135 0.1936092 0.2150148 0.5133582 0.1479679 0.1927816 0.21788186 0.51511323 0.15079962
0.214 0.1932277 0.2120224 0.5049757 0.1476759 0.19247484 0.21515271 0.5069013 0.15058474
0.2145 0.1928472 0.2090455 0.496686 0.1473853 0.19216466 0.2124264 0.49878144 0.15036826
0.215 0.1924677 0.2060855 0.4884907 0.147096 0.19185126 0.2097041 0.4907539 0.1501501
0.2155 0.1920893 0.203144 0.4803911 0.1468081 0.19153467 0.206987 0.48281896 0.14993018
0.216 0.1917122 0.2002222 0.4723882 0.1465216 0.19121498 0.204276 0.47497684 0.14970843
0.2165 0.1913362 0.1973214 0.4644831 0.1462364 0.19089237 0.20157218 0.46722758 0.14948474
0.217 0.1909616 0.1944425 0.4566765 0.1459527 0.19056684 0.19887641 0.45957124 0.1492591
0.2175 0.1905883 0.1915866 0.4489691 0.1456704 0.19023862 0.19618961 0.4520077 0.14903143
0.218 0.1902163 0.1887545 0.4413613 0.1453895 0.18990779 0.19351259 0.44453704 0.14880171
0.2185 0.1898459 0.185947 0.4338536 0.1451101 0.18957445 0.19084617 0.43715906 0.14856988
0.219 0.1894768 0.1831648 0.4264462 0.1448321 0.18923876 0.18819118 0.4298736 0.14833592
0.2195 0.1891094 0.1804087 0.4191393 0.1445557 0.1889008 0.18554819 0.42268056 0.1480998
0.22 0.1887434 0.177679 0.4119328 0.1442807 0.18856075 0.1829181 0.41557968 0.14786148
0.2205 0.1883791 0.1749764 0.4048268 0.1440072 0.18821871 0.18030143 0.4085707 0.147621
0.221 0.1880165 0.1723013 0.3978211 0.1437352 0.1878748 0.17769894 0.40165347 0.14737836
0.2215 0.1876555 0.169654 0.3909155 0.1434648 0.1875292 0.1751112 0.39482754 0.14713357
0.222 0.1872963 0.167035 0.3841096 0.1431959 0.18718201 0.17253894 0.3880927 0.14688666
0.2225 0.1869389 0.1644445 0.3774031 0.1429286 0.18683332 0.16998264 0.3814485 0.14663762
0.223 0.1865833 0.1618828 0.3707956 0.1426628 0.18648344 0.16744292 0.37489468 0.14638653
0.2235 0.1862295 0.1593501 0.3642866 0.1423986 0.18613231 0.16492033 0.3684309 0.1461334
0.224 0.1858776 0.1568466 0.3578755 0.142136 0.18578023 0.16241539 0.3620566 0.1458783
0.2245 0.1855276 0.1543723 0.3515617 0.141875 0.18542722 0.15992859 0.35577154 0.14562128
0.225 0.1851795 0.1519275 0.3453445 0.1416156 0.18507347 0.15746054 0.34957516 0.14536239
0.2255 0.1848334 0.1495121 0.3392233 0.1413578 0.18471912 0.15501162 0.34346706 0.14510171
0.226 0.1844894 0.1471264 0.3331972 0.1411016 0.18436429 0.15258235 0.3374468 0.14483929
0.2265 0.1841473 0.1447701 0.3272657 0.1408471 0.18400913 0.15017316 0.33151382 0.14457522
0.227 0.1838073 0.1424435 0.3214277 0.1405942 0.1836538 0.14778444 0.32566768 0.1443096
0.2275 0.1834694 0.1401464 0.3156826 0.140343 0.18329844 0.14541668 0.3199079 0.14404248
0.228 0.1831336 0.1378788 0.3100293 0.1400935 0.18294314 0.14307019 0.31423384 0.14377396
0.2285 0.1827999 0.1356407 0.3044671 0.1398456 0.18258804 0.14074537 0.308645 0.14350413
0.229 0.1824683 0.1334319 0.298995 0.1395994 0.18223327 0.13844264 0.30314088 0.14323309
0.2295 0.1821389 0.1312523 0.2936121 0.1393549 0.18187901 0.13616228 0.29772085 0.14296094
0.23 0.1818117 0.1291019 0.2883174 0.139112 0.18152535 0.13390467 0.29238427 0.14268777
0.2305 0.1814868 0.1269805 0.2831099 0.1388709 0.18117246 0.13167 0.2871306 0.14241366
0.231 0.181164 0.1248879 0.2779887 0.1386315 0.18082032 0.12945867 0.28195918 0.14213878
0.2315 0.1808435 0.1228241 0.2729527 0.1383937 0.18046919 0.12727088 0.27686936 0.14186317
0.232 0.1805252 0.1207888 0.2680009 0.1381577 0.18011913 0.12510693 0.27186054 0.14158697
0.2325 0.1802092 0.1187818 0.2631324 0.1379234 0.17977032 0.12296701 0.26693195 0.14131023
0.233 0.1798955 0.116803 0.2583461 0.1376908 0.17942277 0.120851345 0.262083 0.14103313
0.2335 0.179584 0.1148521 0.2536409 0.1374599 0.17907664 0.118760146 0.257313 0.14075574
0.234 0.1792749 0.112929 0.2490158 0.1372308 0.17873204 0.11669359 0.25262117 0.14047815
0.2345 0.1789681 0.1110334 0.2444698 0.1370034 0.17838907 0.11465179 0.24800684 0.14020048
0.235 0.1786636 0.1091651 0.2400018 0.1367777 0.17804778 0.11263492 0.24346922 0.13992284
0.2355 0.1783615 0.1073238 0.2356108 0.1365537 0.17770836 0.11064307 0.23900764 0.13964535
0.236 0.1780616 0.1055094 0.2312957 0.1363315 0.17737079 0.10867637 0.23462127 0.13936807
0.2365 0.1777642 0.1037216 0.2270554 0.136111 0.17703518 0.106734894 0.2303093 0.13909112
0.237 0.1774691 0.1019601 0.222889 0.1358922 0.1767017 0.10481871 0.22607104 0.13881461
0.2375 0.1771763 0.1002247 0.2187953 0.1356752 0.17637032 0.10292787 0.22190572 0.1385386
0.238 0.1768859 0.09851505 0.2147734 0.1354599 0.17604119 0.101062395 0.2178124 0.13826324
0.2385 0.1765979 0.09683099 0.2108221 0.1352463 0.17571434 0.099222325 0.2137904 0.13798858
0.239 0.1763122 0.09517221 0.2069405 0.1350344 0.17538986 0.09740765 0.2098388 0.13771476
0.2395 0.1760289 0.09353845 0.2031275 0.1348243 0.17506781 0.095618315 0.2059568 0.13744183
0.24 0.175748 0.09192944 0.1993821 0.1346159 0.17474827 0.093854345 0.20214354 0.13716988
0.2405 0.1754694 0.0903449 0.1957032 0.1344092 0.17443123 0.09211568 0.19839822 0.13689901
0.241 0.1751933 0.08878456 0.1920899 0.1342043 0.17411682 0.09040219 0.19471993 0.1366293
0.2415 0.1749195 0.08724813 0.1885412 0.134001 0.17380506 0.08871389 0.19110782 0.13636081
0.242 0.174648 0.08573534 0.1850559 0.1337995 0.17349601 0.087050624 0.18756105 0.13609365
0.2425 0.174379 0.08424591 0.1816333 0.1335997 0.17318967 0.08541233 0.18407874 0.13582787
0.243 0.1741122 0.08277957 0.1782722 0.1334015 0.17288613 0.08379883 0.18066002 0.13556354
0.2435 0.1738479 0.08133602 0.1749716 0.1332051 0.17258543 0.08221007 0.17730398 0.13530073
0.244 0.1735859 0.07991498 0.1717307 0.1330104 0.17228758 0.08064587 0.17400974 0.13503952
0.2445 0.1733263 0.07851618 0.1685485 0.1328174 0.17199257 0.07910604 0.17077644 0.13477999
0.245 0.173069 0.07713934 0.1654239 0.132626 0.17170054 0.07759047 0.1676032 0.13452217
0.2455 0.1728141 0.07578416 0.1623562 0.1324364 0.17141142 0.076098986 0.16448914 0.13426612
0.246 0.1725615 0.07445038 0.1593442 0.1322484 0.1711253 0.07463137 0.16143334 0.1340119
0.2465 0.1723112 0.07313772 0.1563872 0.1320621 0.17084211 0.07318742 0.15843491 0.13375957
0.247 0.1720633 0.07184588 0.1534842 0.1318775 0.17056197 0.071766965 0.15549298 0.13350917
0.2475 0.1718177 0.07057461 0.1506343 0.1316945 0.17028484 0.0703698 0.15260665 0.13326074
0.248 0.1715744 0.06932361 0.1478367 0.1315131 0.17001072 0.06899563 0.14977504 0.13301435
0.2485 0.1713334 0.06809262 0.1450904 0.1313334 0.1697396 0.067644335 0.14699732 0.13277002
0.249 0.1710947 0.06688135 0.1423946 0.1311554 0.16947156 0.06631557 0.14427255 0.13252778
0.2495 0.1708582 0.06568955 0.1397483 0.130979 0.16920656 0.06500914 0.14159988 0.1322877
0.25 0.1706241 0.06451693 0.1371509 0.1308042 0.1689446 0.06372479 0.13897842 0.13204977
0.2505 0.1703922 0.06336323 0.1346014 0.130631 0.1686857 0.062462352 0.13640735 0.13181405
0.251 0.1701626 0.06222818 0.132099 0.1304594 0.16842988 0.061221458 0.13388579 0.13158055
0.2515 0.1699352 0.06111152 0.1296429 0.1302895 0.16817707 0.060001887 0.13141285 0.13134931
0.252 0.1697101 0.06001298 0.1272324 0.1301211 0.1679273 0.058803357 0.12898774 0.13112037
0.2525 0.1694871 0.0589323 0.1248665 0.1299543 0.16768056 0.0576256 0.12660958 0.13089372
0.253 0.1692664 0.05786922 0.1225445 0.1297891 0.16743687 0.056468375 0.12427755 0.13066937
0.2535 0.169048 0.05682349 0.1202657 0.1296255 0.16719618 0.055331387 0.121990785 0.1304474
0.254 0.1688316 0.05579485 0.1180293 0.1294634 0.16695848 0.054214366 0.11974855 0.13022773
0.2545 0.1686175 0.05478305 0.1158346 0.1293029 0.16672376 0.053117014 0.117549986 0.13001047
0.255 0.1684056 0.05378784 0.1136808 0.1291439 0.16649204 0.052039035 0.11539428 0.12979555
0.2555 0.1681958 0.05280897 0.1115671 0.1289865 0.16626325 0.050980218 0.11328064 0.12958305
0.256 0.1679881 0.0518462 0.1094929 0.1288306 0.16603744 0.049940206 0.111208305 0.12937294
0.2565 0.1677826 0.05089928 0.1074575 0.1286762 0.16581455 0.04891873 0.1091765 0.12916522
0.257 0.1675792 0.04996798 0.1054602 0.1285233 0.16559455 0.047915556 0.107184425 0.12895988
0.2575 0.1673779 0.04905205 0.1035002 0.1283719 0.16537744 0.04693035 0.105231345 0.12875696
0.258 0.1671786 0.04815127 0.101577 0.128222 0.16516319 0.045962818 0.103316486 0.12855642
0.2585 0.1669815 0.04726539 0.09968983 0.1280735 0.16495177 0.045012705 0.10143916 0.1283583
0.259 0.1667864 0.0463942 0.09783805 0.1279266 0.16474319 0.0440797 0.0995986 0.12816258
0.2595 0.1665934 0.04553746 0.09602103 0.1277811 0.1645374 0.04316359 0.0977941 0.12796928
0.26 0.1664024 0.04469495 0.09423814 0.127637 0.16433439 0.042264022 0.096024975 0.12777837
0.2605 0.1662134 0.04386645 0.09248875 0.1274944 0.16413409 0.04138077 0.09429051 0.1275898
0.261 0.1660264 0.04305174 0.09077226 0.1273532 0.16393659 0.040513523 0.092590004 0.12740365
0.2615 0.1658415 0.0422506 0.08908806 0.1272135 0.16374171 0.03966198 0.09092282 0.12721984
0.262 0.1656585 0.04146282 0.08743557 0.1270751 0.16354954 0.03882595 0.08928825 0.1270384
0.2625 0.1654774 0.04068819 0.08581419 0.1269382 0.16336 0.03800506 0.08768563 0.1268593
0.263 0.1652983 0.0399265 0.08422336 0.1268026 0.16317311 0.037199147 0.08611438 0.12668256
0.2635 0.1651212 0.03917754 0.08266252 0.1266685 0.16298875 0.036407836 0.084573805 0.12650815
0.264 0.164946 0.03844112 0.08113111 0.1265357 0.16280699 0.03563098 0.083063334 0.12633602
0.2645 0.1647726 0.03771703 0.07962858 0.1264042 0.16262779 0.034868248 0.08158234 0.12616621
0.265 0.1646012 0.03700507 0.07815441 0.1262741 0.16245106 0.034119375 0.080130205 0.12599866
0.2655 0.1644316 0.03630505 0.07670806 0.1261454 0.1622768 0.033384137 0.078706324 0.1258334
0.266 0.1642639 0.03561678 0.07528902 0.126018 0.16210502 0.032662265 0.07731016 0.12567037
0.2665 0.1640981 0.03494006 0.07389679 0.1258918 0.16193566 0.031953506 0.07594113 0.12550959
0.267 0.163934 0.03427472 0.07253085 0.1257671 0.1617687 0.03125765 0.074598655 0.125351
0.2675 0.1637718 0.03362056 0.07119073 0.1256436 0.16160408 0.030574419 0.0732822 0.12519462
0.268 0.1636114 0.0329774 0.06987594 0.1255214 0.1614418 0.029903583 0.071991235 0.12504043
0.2685 0.1634528 0.03234507 0.068586 0.1254004 0.16128182 0.029244937 0.07072523 0.124888375
0.269 0.1632959 0.03172339 0.06732046 0.1252808 0.16112411 0.028598227 0.06948365 0.12473847
0.2695 0.1631408 0.03111218 0.06607884 0.1251624 0.16096866 0.027963199 0.06826602 0.12459071
0.27 0.1629874 0.03051127 0.06486071 0.1250452 0.16081545 0.02733963 0.06707178 0.12444502
0.2705 0.1628358 0.02992049 0.06366562 0.1249293 0.16066444 0.026727356 0.065900505 0.12430142
0.271 0.1626858 0.02933968 0.06249315 0.1248146 0.1605156 0.026126117 0.064751685 0.12415986
0.2715 0.1625376 0.02876868 0.06134285 0.1247011 0.16036889 0.025535695 0.06362486 0.12402037
0.272 0.162391 0.02820731 0.06021432 0.1245889 0.16022426 0.024955891 0.062519565 0.123882875
0.2725 0.1622461 0.02765542 0.05910715 0.1244778 0.16008174 0.024386503 0.06143537 0.12374738
0.273 0.1621028 0.02711285 0.05802092 0.1243679 0.15994129 0.023827322 0.0603718 0.12361388
0.2735 0.1619612 0.02657945 0.05695525 0.1242592 0.15980282 0.02327814 0.059328437 0.12348233
0.274 0.1618212 0.02605507 0.05590975 0.1241517 0.15966639 0.02273877 0.05830486 0.12335269
0.2745 0.1616827 0.02553955 0.05488404 0.1240453 0.15953195 0.022209026 0.057300672 0.12322496
0.275 0.1615459 0.02503275 0.05387773 0.1239401 0.15939945 0.021688677 0.05631543 0.1230991
0.2755 0.1614107 0.02453452 0.05289046 0.123836 0.15926883 0.021177605 0.05534877 0.122975156
0.276 0.161277 0.02404472 0.05192188 0.123733 0.15914011 0.020675585 0.05440028 0.122853026
0.2765 0.1611448 0.02356321 0.05097162 0.1236311 0.15901327 0.020182438 0.053469583 0.1227327
0.277 0.1610142 0.02308984 0.05003934 0.1235303 0.15888825 0.019697972 0.052556336 0.12261419
0.2775 0.1608851 0.02262449 0.04912469 0.1234307 0.1587651 0.019222036 0.051660106 0.12249747
0.278 0.1607574 0.02216702 0.04822735 0.1233321 0.15864372 0.018754445 0.050780587 0.12238251
0.2785 0.1606313 0.02171729 0.04734698 0.1232346 0.15852407 0.018295072 0.04991743 0.12226924
0.279 0.1605066 0.02127517 0.04648325 0.1231382 0.15840617 0.017843701 0.04907027 0.12215772
0.2795 0.1603834 0.02084054 0.04563585 0.1230428 0.15829 0.017400198 0.04823879 0.12204787
0.28 0.1602616 0.02041327 0.04480448 0.1229485 0.15817553 0.016964428 0.047422662 0.121939704
0.2805 0.1601413 0.01999323 0.04398882 0.1228552 0.1580627 0.016536184 0.04662156 0.121833146
0.281 0.1600224 0.01958031 0.04318857 0.1227629 0.1579515 0.016115345 0.045835152 0.12172826
0.2815 0.1599048 0.01917437 0.04240344 0.1226716 0.15784195 0.015701778 0.04506316 0.12162493
0.282 0.1597887 0.01877532 0.04163314 0.1225814 0.157734 0.015295297 0.044305287 0.12152322
0.2825 0.1596739 0.01838301 0.04087739 0.1224921 0.15762761 0.014895827 0.043561213 0.12142302
0.283 0.1595604 0.01799736 0.04013591 0.1224039 0.15752277 0.014503159 0.04283066 0.121324405
0.2835 0.1594483 0.01761823 0.03940842 0.1223166 0.15741947 0.014117219 0.04211334 0.12122731
0.284 0.1593376 0.01724552 0.03869467 0.1222303 0.15731767 0.013737768 0.041409 0.12113169
0.2845 0.1592281 0.01687912 0.03799438 0.1221449 0.15721735 0.013364784 0.04071737 0.12103754
0.285 0.1591199 0.01651892 0.0373073 0.1220605 0.15711847 0.012998141 0.04003817 0.12094487
0.2855 0.1590131 0.01616482 0.03663317 0.1219771 0.15702108 0.012637652 0.039371148 0.12085363
0.286 0.1589075 0.01581671 0.03597176 0.1218945 0.15692508 0.012283213 0.038716063 0.12076379
0.2865 0.1588031 0.01547449 0.0353228 0.1218129 0.15683049 0.011934683 0.038072646 0.12067537
0.287 0.1587 0.01513806 0.03468607 0.1217322 0.1567373 0.011591978 0.037440687 0.12058832
0.2875 0.1585982 0.01480732 0.03406134 0.1216524 0.15664542 0.0112550035 0.036819935 0.12050262
0.288 0.1584975 0.01448218 0.03344836 0.1215736 0.15655488 0.010923594 0.036210164 0.120418236
0.2885 0.1583981 0.01416254 0.03284692 0.1214956 0.15646568 0.010597669 0.035611115 0.12033521
0.289 0.1582999 0.01384829 0.0322568 0.1214184 0.15637779 0.0102771 0.03502263 0.12025346
0.2895 0.1582028 0.01353936 0.03167777 0.1213422 0.15629119 0.009961821 0.03444445 0.12017299
0.29 0.1581069 0.01323566 0.03110963 0.1212668 0.15620583 0.009651668 0.033876374 0.12009381
0.2905 0.1580122 0.01293708 0.03055217 0.1211922 0.1561217 0.009346575 0.033318207 0.120015845
0.291 0.1579186 0.01264355 0.03000518 0.1211185 0.15603882 0.009046428 0.03276974 0.11993912
0.2915 0.1578261 0.01235497 0.02946846 0.1210457 0.15595713 0.008751176 0.03223075 0.1198636
0.292 0.1577347 0.01207127 0.02894181 0.1209737 0.15587667 0.008460671 0.031701103 0.11978927
0.2925 0.1576445 0.01179235 0.02842505 0.1209024 0.15579736 0.008174799 0.03118056 0.11971611
0.293 0.1575553 0.01151814 0.02791798 0.120832 0.15571916 0.00789354 0.030668944 0.119644105
0.2935 0.1574673 0.01124856 0.02742041 0.1207624 0.15564215 0.007616766 0.03016609 0.11957325
0.294 0.1573803 0.01098352 0.02693216 0.1206936 0.15556625 0.0073443875 0.029671833 0.11950348
0.2945 0.1572943 0.01072295 0.02645306 0.1206256 0.15549144 0.007076323 0.02918598 0.11943485
0.295 0.1572094 0.01046678 0.02598293 0.1205583 0.15541774 0.0068125054 0.028708354 0.11936732
0.2955 0.1571255 0.01021492 0.0255216 0.1204919 0.15534508 0.006552808 0.028238803 0.11930083
0.296 0.1570427 0.009967298 0.0250689 0.1204261 0.1552735 0.0062971935 0.02777718 0.11923541
0.2965 0.1569609 0.009723849 0.02462466 0.1203612 0.15520296 0.006045565 0.027323306 0.11917101
0.297 0.15688 0.009484498 0.02418872 0.120297 0.15513343 0.0057978705 0.026877038 0.11910766
0.2975 0.1568002 0.009249174 0.02376092 0.1202335 0.15506488 0.005553998 0.026438206 0.1190453
0.298 0.1567213 0.009017808 0.02334111 0.1201707 0.15499741 0.0053138956 0.026006691 0.118983954
0.2985 0.1566434 0.008790332 0.02292913 0.1201087 0.15493086 0.0050774813 0.025582343 0.11892359
0.299 0.1565664 0.008566679 0.02252483 0.1200474 0.1548653 0.0048446804 0.025164992 0.118864164
0.2995 0.1564904 0.008346783 0.02212807 0.1199868 0.15480068 0.0046154335 0.024754554 0.11880571
0.3 0.1564154 0.008130581 0.02173871 0.1199269 0.15075627 0.004775837 0.023770928 0.115251794
0.3005 0.1464603 0.007893473 0.02061037 0.1148693 0.14682233 0.004774958 0.022827595 0.111788526
0.301 0.1343655 0.007554192 0.01883641 0.1097325 0.14298725 0.00466989 0.021908201 0.108410224
0.3015 0.1263857 0.007136185 0.0174498 0.1057387 0.13924283 0.004496984 0.021003053 0.1051126
0.302 0.1211722 0.006672992 0.01638627 0.1021993 0.13558316 0.0042791963 0.02010654 0.10189219
0.3025 0.117357 0.006182854 0.01548789 0.09885553 0.1320037 0.004030913 0.019215614 0.098746076
0.303 0.1142049 0.005674998 0.01466507 0.09563084 0.12850109 0.0037612543 0.018328846 0.09567174
0.3035 0.1113716 0.005154387 0.01387638 0.09250108 0.12507236 0.003475763 0.017445669 0.09266691
0.304 0.1087019 0.004624014 0.01310391 0.08945678 0.12171506 0.0031779334 0.016566083 0.0897295
0.3045 0.1061259 0.004085905 0.01234016 0.08649284 0.11842706 0.0028699115 0.015690401 0.0868576
0.305 0.1036119 0.003541577 0.01158201 0.08360567 0.11520644 0.0025530308 0.014818981 0.08404936
0.3055 0.1011449 0.002992234 0.01082822 0.0807923 0.11205133 0.002228126 0.0139523 0.081303135
0.306 0.09871756 0.002438868 0.01007833 0.07805002 0.108960085 0.0018956587 0.013090827 0.0786172
0.3065 0.096326 0.001882319 0.009332214 0.07537634 0.10593108 0.0015560463 0.012235001 0.07598999
0.307 0.09396813 0.001323301 0.008589867 0.07276891 0.102962784 0.0012094378 0.011385158 0.07342
0.3075 0.09164267 0.0007624323 0.007851357 0.07022545 0.10005375 0.0008560717 0.01054167 0.07090573
0.308 0.08934877 0.0002002472 0.007116769 0.06774381 0.09720253 0.00049607456 0.009704798 0.0684458
0.3085 0.08708583 -0.0003627873 0.006386196 0.06532192 0.094407775 0.00012958795 0.0088747665 0.06603883
0.309 0.08485337 -0.0009262619 0.005659729 0.06295778 0.091668196 -0.00024326146 0.008051768 0.06368348
0.3095 0.082651 -0.001489816 0.00493746 0.0606495 0.08898247 -0.00062229484 0.0072359443 0.061378453
0.31 0.08047837 -0.002053129 0.004219474 0.05839524 0.08634939 -0.0010073707 0.0064274147 0.059122536
0.3105 0.07833515 -0.002615917 0.003505852 0.05619325 0.083767764 -0.0013983324 0.005626254 0.056914497
0.311 0.07622104 -0.003177925 0.00279667 0.05404185 0.0812364 -0.0017950237 0.0048325136 0.054753166
0.3115 0.07413574 -0.003738923 0.002092001 0.05193944 0.07875418 -0.0021972284 0.004046239 0.05263741
0.312 0.07207896 -0.004298705 0.001391912 0.04988446 0.07632 -0.002604805 0.0032674 0.050566103
0.3125 0.07005042 -0.004857082 0.0006964664 0.04787543 0.07393279 -0.0030175596 0.002496034 0.048538182
0.313 0.06804984 -0.005413884 5.722258e-06 0.04591094 0.07159149 -0.0034352392 0.0017321035 0.046552617
0.3135 0.06607692 -0.005968952 -0.0006802653 0.04398963 0.06929513 -0.0038576946 0.000975579 0.04460835
0.314 0.0641314 -0.006522143 -0.001361445 0.04211018 0.06704267 -0.0042847022 0.00022642314 0.042704407
0.3145 0.06221299 -0.007073323 -0.002037771 0.04027136 0.064833246 -0.0047160164 -0.00051541626 0.040839862
0.315 0.06032141 -0.00762237 -0.002709198 0.03847195 0.06266583 -0.0051514506 -0.0012499839 0.039013732
0.3155 0.05845637 -0.008169169 -0.003375687 0.0367108 0.06053952 -0.0055907965 -0.0019773692 0.03722513
0.316 0.05661761 -0.008713614 -0.004037201 0.03498682 0.058453493 -0.0060338303 -0.0026976094 0.035473164
0.3165 0.05480483 -0.009255607 -0.004693707 0.03329893 0.056406833 -0.006480314 -0.0034107566 0.033756953
0.317 0.05301775 -0.009795054 -0.005345174 0.03164612 0.054398693 -0.006930031 -0.004116878 0.032075662
0.3175 0.05125609 -0.01033187 -0.005991574 0.03002739 0.05242829 -0.0073828027 -0.0048160776 0.030428473
0.318 0.04951957 -0.01086597 -0.006632883 0.02844183 0.050494775 -0.007838331 -0.005508393 0.028814588
0.3185 0.0478079 -0.01139729 -0.007269079 0.0268885 0.048597418 -0.00829646 -0.0061939023 0.027233232
0.319 0.0461208 -0.01192575 -0.007900143 0.02536654 0.046735443 -0.008756973 -0.0068726614 0.025683653
0.3195 0.04445799 -0.01245128 -0.008526058 0.02387512 0.044908077 -0.009219639 -0.007544752 0.024165075
0.32 0.04281918 -0.01297383 -0.00914681 0.02241342 0.043114625 -0.009684235 -0.008210216 0.022676822
0.3205 0.04120409 -0.01349333 -0.009762387 0.02098066 0.04135436 -0.010150604 -0.00886913 0.021218162
0.321 0.03961244 -0.01400973 -0.01037278 0.01957609 0.039626613 -0.010618493 -0.009521574 0.019788433
0.3215 0.03804395 -0.01452299 -0.01097798 0.01819898 0.037930682 -0.011087701 -0.010167573 0.018386956
0.322 0.03649833 -0.01503304 -0.01157798 0.01684864 0.036265925 -0.011558048 -0.010807209 0.01701307
0.3225 0.03497531 -0.01553985 -0.01217278 0.0155244 0.034631707 -0.012029327 -0.011440538 0.015666168
0.323 0.0334746 -0.01604338 -0.01276238 0.01422559 0.03302736 -0.012501352 -0.012067597 0.0143455975
0.3235 0.03199594 -0.01654359 -0.01334678 0.0129516 0.03145232 -0.0129739195 -0.012688462 0.013050783
0.324 0.03053904 -0.01704043 -0.01392598 0.01170181 0.029905967 -0.013446875 -0.013303172 0.011781123
0.3245 0.02910362 -0.01753389 -0.01449998 0.01047564 0.028387696 -0.013920024 -0.013911802 0.010536056
0.325 0.02768941 -0.01802392 -0.01506879 0.009272514 0.026896968 -0.014393188 -0.014514379 0.009315025
0.3255 0.02629615 -0.0185105 -0.01563242 0.008091887 0.025433183 -0.0148662105 -0.015110947 0.008117471
0.326 0.02492355 -0.01899361 -0.01619088 0.006933225 0.023995839 -0.015338935 -0.015701573 0.0069428794
0.3265 0.02357135 -0.01947321 -0.01674417 0.005796013 0.022584371 -0.015811175 -0.016286287 0.005790729
0.327 0.02223927 -0.01994929 -0.01729231 0.004679752 0.021198258 -0.016282797 -0.016865145 0.004660506
0.3275 0.02092706 -0.02042183 -0.01783532 0.003583959 0.019837 -0.016753644 -0.017438184 0.0035517327
0.328 0.01963445 -0.02089082 -0.01837319 0.002508163 0.018500097 -0.017223567 -0.01800545 0.0024639107
0.3285 0.01836117 -0.02135622 -0.01890596 0.001451911 0.017187044 -0.017692424 -0.018566974 0.0013965927
0.329 0.01710697 -0.02181803 -0.01943364 0.0004147611 0.015897386 -0.018160082 -0.019122813 0.00034930184
0.3295 0.01587159 -0.02227625 -0.01995624 -0.0006037137 0.0146306455 -0.018626407 -0.019672982 -0.0006783791
0.33 0.01465476 -0.02273085 -0.02047378 -0.001603929 0.013386354 -0.019091293 -0.020217553 -0.001686912
0.3305 0.01345624 -0.02318183 -0.02098629 -0.002586289 0.012164079 -0.019554578 -0.020756539 -0.002676703
0.331 0.01227577 -0.02362918 -0.02149379 -0.003551183 0.010963388 -0.020016171 -0.021289982 -0.0036481693
0.3315 0.0111131 -0.02407289 -0.02199629 -0.004498994 0.009783827 -0.020475939 -0.021817923 -0.0046017095
0.332 0.00996799 -0.02451296 -0.02249382 -0.005430091 0.008624993 -0.020933807 -0.022340402 -0.0055377297
0.3325 0.008840186 -0.0249494 -0.0229864 -0.006344832 0.007486485 -0.021389648 -0.022857461 -0.006456591
0.333 0.007729447 -0.02538218 -0.02347406 -0.007243568 0.006367892 -0.021843374 -0.02336913 -0.007358685
0.3335 0.006635534 -0.02581132 -0.02395683 -0.008126638 0.0052688196 -0.022294901 -0.023875456 -0.008244377
0.334 0.005558206 -0.02623682 -0.02443472 -0.008994373 0.004188895 -0.022744112 -0.024376445 -0.009114005
0.3345 0.004497228 -0.02665867 -0.02490776 -0.009847094 0.0031277314 -0.023190908 -0.024872154 -0.009967923
0.335 0.003452366 -0.02707688 -0.02537599 -0.01068512 0.002084963 -0.023635246 -0.02536261 -0.010806475
0.3355 0.00242339 -0.02749146 -0.02583943 -0.01150874 0.00106024 -0.024077035 -0.02584786 -0.011629991
0.336 0.001410069 -0.0279024 -0.0262981 -0.01231827 5.3189695e-05 -0.02451621 -0.02632793 -0.012438778
0.3365 0.0004121779 -0.02830972 -0.02675204 -0.01311398 -0.0009365007 -0.02495268 -0.02680286 -0.013233174
0.337 -0.0005705071 -0.02871342 -0.02720128 -0.01389617 -0.0019092038 -0.025386386 -0.027272675 -0.014013473
0.3375 -0.001538207 -0.0291135 -0.02764584 -0.0146651 -0.002865225 -0.02581726 -0.027737424 -0.014779974
0.338 -0.002491142 -0.02950999 -0.02808576 -0.01542105 -0.0038049035 -0.026245274 -0.028197136 -0.015532959
0.3385 -0.003429527 -0.02990288 -0.02852107 -0.01616427 -0.004728548 -0.026670344 -0.028651841 -0.016272731
0.339 -0.004353576 -0.03029218 -0.02895179 -0.01689502 -0.005636461 -0.02709242 -0.029101588 -0.016999554
0.3395 -0.005263501 -0.03067792 -0.02937796 -0.01761355 -0.006528966 -0.027511463 -0.029546395 -0.017713707
0.34 -0.00615951 -0.03106009 -0.02979962 -0.01832009 -0.007406339 -0.027927414 -0.029986322 -0.018415447
0.3405 -0.007041809 -0.03143872 -0.03021679 -0.01901488 -0.008268893 -0.02834025 -0.030421369 -0.01910505
0.341 -0.007910602 -0.03181381 -0.0306295 -0.01969816 -0.009116884 -0.028749913 -0.030851606 -0.019782744
0.3415 -0.008766091 -0.03218538 -0.0310378 -0.02037015 -0.009950615 -0.029156372 -0.031277053 -0.020448793
0.342 -0.009608473 -0.03255345 -0.03144171 -0.02103106 -0.010770351 -0.029559612 -0.03169775 -0.02110343
0.3425 -0.01043795 -0.03291802 -0.03184126 -0.02168111 -0.011576358 -0.029959582 -0.032113735 -0.021746885
0.343 -0.0112547 -0.03327911 -0.03223649 -0.02232051 -0.012368895 -0.030356258 -0.032525033 -0.022379387
0.3435 -0.01205893 -0.03363674 -0.03262743 -0.02294947 -0.013148218 -0.030749626 -0.032931693 -0.02300118
0.344 -0.01285083 -0.03399093 -0.03301412 -0.02356817 -0.013914589 -0.031139657 -0.033333734 -0.023612455
0.3445 -0.01363057 -0.03434169 -0.03339659 -0.02417682 -0.014668245 -0.031526312 -0.033731215 -0.024213433
0.345 -0.01439835 -0.03468904 -0.03377487 -0.02477561 -0.015409417 -0.031909615 -0.034124162 -0.024804339
0.3455 -0.01515434 -0.035033 -0.034149 -0.02536471 -0.01613836 -0.03228952 -0.034512613 -0.025385346
0.346 -0.01589873 -0.03537358 -0.03451901 -0.02594432 -0.016855292 -0.032666035 -0.034896605 -0.025956675
0.3465 -0.01663169 -0.03571081 -0.03488494 -0.02651461 -0.017560437 -0.0330391 -0.035276175 -0.026518513
0.347 -0.01735339 -0.0360447 -0.03524682 -0.02707575 -0.018254034 -0.033408776 -0.035651363 -0.027071048
0.3475 -0.01806401 -0.03637527 -0.03560469 -0.02762792 -0.01893628 -0.03377501 -0.0360222 -0.02761447
0.348 -0.01876371 -0.03670255 -0.03595858 -0.02817127 -0.019607387 -0.034137808 -0.03638873 -0.028148945
0.3485 -0.01945267 -0.03702654 -0.03630852 -0.02870596 -0.020267583 -0.034497164 -0.036750983 -0.028674673
0.349 -0.02013104 -0.03734728 -0.03665455 -0.02923217 -0.020917043 -0.03485308 -0.037109002 -0.029191807
0.3495 -0.020799 -0.03766479 -0.03699671 -0.02975004 -0.02155599 -0.035205565 -0.037462827 -0.029700518
0.35 -0.02145669 -0.03797907 -0.03733502 -0.03025972 -0.022184614 -0.035554618 -0.037812483 -0.030200977
0.3505 -0.02210428 -0.03829016 -0.03766953 -0.03076136 -0.022803105 -0.035900228 -0.038158026 -0.030693341
0.351 -0.02274193 -0.03859807 -0.03800026 -0.03125511 -0.023411643 -0.036242396 -0.038499482 -0.031177767
0.3515 -0.02336978 -0.03890284 -0.03832726 -0.0317411 -0.02401042 -0.03658114 -0.03883689 -0.031654406
0.352 -0.02398799 -0.03920447 -0.03865055 -0.03221948 -0.024599612 -0.036916476 -0.039170288 -0.03212341
0.3525 -0.02459671 -0.03950299 -0.03897017 -0.03269038 -0.025179394 -0.03724841 -0.039499708 -0.032584928
0.353 -0.02519608 -0.03979842 -0.03928616 -0.03315394 -0.02574994 -0.037576944 -0.0398252 -0.0330391
0.3535 -0.02578626 -0.04009078 -0.03959855 -0.03361028 -0.026311416 -0.037902087 -0.04014679 -0.03348606
0.354 -0.02636737 -0.04038011 -0.03990737 -0.03405953 -0.026863996 -0.038223855 -0.04046452 -0.033925954
0.3545 -0.02693956 -0.04066641 -0.04021266 -0.03450182 -0.027407829 -0.03854227 -0.04077843 -0.03435891
0.355 -0.02750298 -0.04094971 -0.04051444 -0.03493727 -0.027943086 -0.03885733 -0.041088555 -0.034785062
0.3555 -0.02805776 -0.04123004 -0.04081277 -0.03536599 -0.028469913 -0.03916905 -0.041394934 -0.03520454
0.356 -0.02860402 -0.04150741 -0.04110766 -0.03578811 -0.028988466 -0.03947747 -0.0416976 -0.035617463
0.3565 -0.02914191 -0.04178185 -0.04139915 -0.03620374 -0.029498894 -0.039782587 -0.041996595 -0.036023956
0.357 -0.02967156 -0.04205338 -0.04168727 -0.03661299 -0.03000135 -0.04008443 -0.042291954 -0.036424138
0.3575 -0.03019308 -0.04232203 -0.04197207 -0.03701597 -0.030495964 -0.04038299 -0.04258371 -0.036818124
0.358 -0.03070662 -0.04258782 -0.04225356 -0.03741279 -0.030982893 -0.04067831 -0.042871915 -0.03720604
0.3585 -0.0312123 -0.04285076 -0.04253179 -0.03780356 -0.03146226 -0.040970404 -0.043156583 -0.03758797
0.359 -0.03171022 -0.0431109 -0.04280679 -0.03818837 -0.0319342 -0.041259296 -0.04343777 -0.037964046
0.3595 -0.03220053 -0.04336823 -0.04307858 -0.03856734 -0.032398853 -0.04154501 -0.043715492 -0.038334377
0.36 -0.03268334 -0.0436228 -0.04334721 -0.03894055 -0.032856345 -0.041827567 -0.043989815 -0.03869905
0.3605 -0.03315876 -0.04387462 -0.04361269 -0.03930811 -0.033306807 -0.042106964 -0.044260748 -0.03905818
0.361 -0.03362691 -0.04412371 -0.04387508 -0.03967011 -0.03375035 -0.042383265 -0.04452834 -0.03941186
0.3615 -0.0340879 -0.04437011 -0.04413439 -0.04002664 -0.034187112 -0.042656463 -0.044792622 -0.039760195
0.362 -0.03454186 -0.04461383 -0.04439066 -0.0403778 -0.0346172 -0.042926583 -0.045053624 -0.040103275
0.3625 -0.03498887 -0.04485489 -0.04464392 -0.04072368 -0.035040736 -0.043193653 -0.0453114 -0.040441196
0.363 -0.03542907 -0.04509332 -0.04489421 -0.04106436 -0.035457835 -0.043457706 -0.045565963 -0.040774055
0.3635 -0.03586254 -0.04532914 -0.04514154 -0.04139994 -0.035868607 -0.043718763 -0.045817364 -0.041101925
0.364 -0.0362894 -0.04556237 -0.04538596 -0.04173049 -0.036273167 -0.043976832 -0.046065643 -0.041424915
0.3645 -0.03670975 -0.04579304 -0.04562749 -0.0420561 -0.036671612 -0.044231966 -0.046310805 -0.041743092
0.365 -0.0371237 -0.04602117 -0.04586617 -0.04237685 -0.03706406 -0.04448417 -0.046552915 -0.042056553
0.3655 -0.03753134 -0.04624679 -0.04610202 -0.04269282 -0.037450608 -0.04473347 -0.046791986 -0.042365376
0.366 -0.03793277 -0.04646991 -0.04633508 -0.0430041 -0.03783136 -0.04497989 -0.04702808 -0.042669643
0.3665 -0.03832809 -0.04669055 -0.04656537 -0.04331075 -0.03820641 -0.045223482 -0.0472612 -0.04296943
0.367 -0.0387174 -0.04690875 -0.04679293 -0.04361285 -0.03857586 -0.045464225 -0.047491394 -0.043264814
0.3675 -0.03910079 -0.04712452 -0.04701778 -0.04391048 -0.03893981 -0.04570218 -0.047718693 -0.043555874
0.368 -0.03947834 -0.04733789 -0.04723995 -0.0442037 -0.039298348 -0.045937367 -0.04794313 -0.04384268
0.3685 -0.03985017 -0.04754887 -0.04745947 -0.0444926 -0.039651565 -0.046169803 -0.048164733 -0.044125307
0.369 -0.04021635 -0.0477575 -0.04767638 -0.04477724 -0.039999556 -0.046399515 -0.048383545 -0.04440382
0.3695 -0.04057697 -0.04796378 -0.04789069 -0.04505768 -0.040342405 -0.046626553 -0.048599593 -0.04467831
0.37 -0.04093212 -0.04816775 -0.04810244 -0.04533401 -0.0406802 -0.046850916 -0.04881291 -0.04494882
0.3705 -0.04128188 -0.04836943 -0.04831165 -0.04560628 -0.041013032 -0.047072634 -0.049023524 -0.045215428
0.371 -0.04162635 -0.04856884 -0.04851836 -0.04587455 -0.041340973 -0.047291733 -0.049231473 -0.045478195
0.3715 -0.0419656 -0.04876599 -0.04872258 -0.0461389 -0.04166411 -0.047508266 -0.049436774 -0.04573719
0.372 -0.04229971 -0.04896092 -0.04892436 -0.04639939 -0.041982524 -0.04772222 -0.04963948 -0.04599248
0.3725 -0.04262877 -0.04915364 -0.0491237 -0.04665607 -0.04229629 -0.04793363 -0.049839605 -0.046244107
0.373 -0.04295286 -0.04934418 -0.04932065 -0.046909 -0.042605493 -0.04814255 -0.050037183 -0.046492152
0.3735 -0.04327205 -0.04953255 -0.04951523 -0.04715826 -0.0429102 -0.04834898 -0.050232243 -0.04673666
0.374 -0.04358641 -0.04971878 -0.04970746 -0.04740388 -0.04321049 -0.048552938 -0.05042482 -0.046977706
0.3745 -0.04389604 -0.04990289 -0.04989738 -0.04764594 -0.043506436 -0.048754483 -0.05061494 -0.047215328
0.375 -0.04420099 -0.0500849 -0.050085 -0.04788449 -0.043798104 -0.04895361 -0.050802633 -0.047449593
0.3755 -0.04450134 -0.05026483 -0.05027035 -0.04811958 -0.04408557 -0.04915037 -0.05098793 -0.047680553
0.376 -0.04479717 -0.0504427 -0.05045346 -0.04835127 -0.044368897 -0.049344756 -0.051170852 -0.04790826
0.3765 -0.04508855 -0.05061853 -0.05063435 -0.04857961 -0.044648156 -0.049536813 -0.051351443 -0.048132762
0.377 -0.04537553 -0.05079234 -0.05081305 -0.04880466 -0.044923414 -0.04972659 -0.05152972 -0.04835412
0.3775 -0.04565821 -0.05096416 -0.05098959 -0.04902646 -0.045194734 -0.04991408 -0.05170571 -0.04857238
0.378 -0.04593663 -0.051134 -0.05116398 -0.04924506 -0.04546218 -0.050099313 -0.051879443 -0.048787594
0.3785 -0.04621087 -0.05130189 -0.05133625 -0.04946052 -0.045725815 -0.050282307 -0.052050952 -0.048999798
0.379 -0.046481 -0.05146784 -0.05150643 -0.04967288 -0.0459857 -0.050463095 -0.052220255 -0.04920906
0.3795 -0.04674707 -0.05163187 -0.05167454 -0.0498822 -0.04624189 -0.05064172 -0.052387383 -0.04941541
0.38 -0.04700915 -0.051794 -0.0518406 -0.05008851 -0.046494454 -0.05081819 -0.05255236 -0.049618907
0.3805 -0.04726731 -0.05195426 -0.05200464 -0.05029187 -0.046743445 -0.050992522 -0.05271522 -0.04981959
0.381 -0.0475216 -0.05211266 -0.05216669 -0.05049232 -0.046988916 -0.05116474 -0.05287598 -0.050017495
0.3815 -0.04777208 -0.05226922 -0.05232675 -0.05068991 -0.04723093 -0.051334884 -0.053034674 -0.050212674
0.382 -0.04801882 -0.05242396 -0.05248486 -0.05088467 -0.047469534 -0.051502973 -0.05319132 -0.050405167
0.3825 -0.04826187 -0.0525769 -0.05264104 -0.05107666 -0.047704786 -0.051669016 -0.05334595 -0.05059502
0.383 -0.04850128 -0.05272805 -0.0527953 -0.05126591 -0.047936738 -0.05183305 -0.053498577 -0.050782263
0.3835 -0.04873713 -0.05287745 -0.05294769 -0.05145247 -0.048165444 -0.051995106 -0.05364924 -0.05096695
0.384 -0.04896946 -0.0530251 -0.0530982 -0.05163638 -0.04839095 -0.052155174 -0.053797953 -0.05114911
0.3845 -0.04919832 -0.05317102 -0.05324688 -0.05181768 -0.048613314 -0.05231332 -0.053944744 -0.05132879
0.385 -0.04942377 -0.05331524 -0.05339373 -0.0519964 -0.048832577 -0.05246954 -0.054089643 -0.051506016
0.3855 -0.04964587 -0.05345777 -0.05353878 -0.0521726 -0.04904879 -0.05262386 -0.054232668 -0.051680833
0.386 -0.04986466 -0.05359862 -0.05368205 -0.05234629 -0.049261995 -0.052776307 -0.054373838 -0.051853284
0.3865 -0.0500802 -0.05373782 -0.05382356 -0.05251754 -0.04947225 -0.05292689 -0.054513186 -0.052023396
0.387 -0.05029254 -0.05387539 -0.05396333 -0.05268636 -0.049679592 -0.05307564 -0.054650724 -0.0521912
0.3875 -0.05050172 -0.05401134 -0.05410139 -0.0528528 -0.04988407 -0.05322258 -0.05478649 -0.052356742
0.388 -0.0507078 -0.05414568 -0.05423774 -0.05301689 -0.050085723 -0.05336774 -0.054920483 -0.052520048
0.3885 -0.05091082 -0.05427845 -0.05437242 -0.05317867 -0.050284594 -0.05351112 -0.055052742 -0.05268115
0.389 -0.05111084 -0.05440964 -0.05450544 -0.05333817 -0.05048073 -0.053652763 -0.05518329 -0.05284009
0.3895 -0.05130789 -0.05453929 -0.05463683 -0.05349543 -0.050674174 -0.053792678 -0.05531214 -0.052996892
0.39 -0.05150203 -0.05466741 -0.05476659 -0.05365047 -0.050864965 -0.053930894 -0.05543932 -0.053151596
0.3905 -0.05169329 -0.054794 -0.05489475 -0.05380335 -0.051053137 -0.054067403 -0.055564843 -0.053304225
0.391 -0.05188173 -0.0549191 -0.05502133 -0.05395408 -0.051238738 -0.054202266 -0.055688746 -0.05345481
0.3915 -0.05206738 -0.05504272 -0.05514635 -0.05410269 -0.051421802 -0.054335468 -0.055811033 -0.05360339
0.392 -0.0522503 -0.05516487 -0.05526983 -0.05424923 -0.05160237 -0.05446706 -0.055931725 -0.05374998
0.3925 -0.05243051 -0.05528557 -0.05539178 -0.05439371 -0.051780477 -0.05459703 -0.056050852 -0.053894617
0.393 -0.05260807 -0.05540483 -0.05551222 -0.05453618 -0.05195616 -0.05472542 -0.05616843 -0.054037333
0.3935 -0.05278302 -0.05552268 -0.05563118 -0.05467665 -0.052129462 -0.05485224 -0.056284472 -0.05417815
0.394 -0.05295539 -0.05563912 -0.05574866 -0.05481517 -0.05230041 -0.054977506 -0.05639901 -0.0543171
0.3945 -0.05312522 -0.05575418 -0.05586468 -0.05495176 -0.052469037 -0.055101246 -0.05651205 -0.054454204
0.395 -0.05329256 -0.05586786 -0.05597928 -0.05508644 -0.052635387 -0.05522348 -0.056623623 -0.054589495
0.3955 -0.05345744 -0.05598018 -0.05609245 -0.05521925 -0.052799486 -0.05534421 -0.05673374 -0.054722995
0.396 -0.0536199 -0.05609117 -0.05620422 -0.05535021 -0.05296137 -0.055463474 -0.056842424 -0.054854736
0.3965 -0.05377998 -0.05620083 -0.0563146 -0.05547935 -0.05312107 -0.055581287 -0.05694969 -0.054984733
0.397 -0.05393771 -0.05630917 -0.05642361 -0.0556067 -0.053278625 -0.05569763 -0.057055555 -0.055113018
0.3975 -0.05409313 -0.05641622 -0.05653127 -0.05573228 -0.05343406 -0.055812575 -0.05716004 -0.055239614
0.398 -0.05424627 -0.05652199 -0.0566376 -0.05585612 -0.053587403 -0.055926107 -0.05726316 -0.05536454
0.3985 -0.05439717 -0.05662649 -0.0567426 -0.05597825 -0.05373869 -0.056038257 -0.057364933 -0.05548783
0.399 -0.05454587 -0.05672973 -0.0568463 -0.05609868 -0.053887952 -0.05614902 -0.057465374 -0.055609502
0.3995 -0.05469239 -0.05683174 -0.05694871 -0.05621745 -0.054035217 -0.05625844 -0.057564504 -0.055729575
0.4 -0.05483678 -0.05693251 -0.05704985 -0.05633458 -0.05418051 -0.05636652 -0.05766235 -0.055848077
0.4005 -0.05497906 -0.05703208 -0.05714973 -0.05645009 -0.05432386 -0.056473278 -0.057758912 -0.05596503
0.401 -0.05511926 -0.05713045 -0.05724837 -0.05656401 -0.0544653 -0.056578726 -0.05785421 -0.056080453
0.4015 -0.05525742 -0.05722764 -0.05734578 -0.05667635 -0.05460486 -0.056682885 -0.05794826 -0.056194365
0.402 -0.05539357 -0.05732365 -0.05744198 -0.05678715 -0.05474256 -0.05678577 -0.05804108 -0.056306794
0.4025 -0.05552774 -0.05741851 -0.05753698 -0.05689642 -0.054878425 -0.056887396 -0.05813269 -0.05641775
0.403 -0.05565996 -0.05751222 -0.05763079 -0.05700419 -0.055012487 -0.05698777 -0.0582231 -0.05652727
0.4035 -0.05579026 -0.0576048 -0.05772344 -0.05711047 -0.055144772 -0.057086922 -0.05831232 -0.056635357
0.404 -0.05591867 -0.05769626 -0.05781493 -0.0572153 -0.055275302 -0.05718486 -0.058400378 -0.056742042
0.4045 -0.05604521 -0.05778662 -0.05790528 -0.05731869 -0.055404104 -0.057281606 -0.058487277 -0.05684734
0.405 -0.05616992 -0.05787588 -0.05799451 -0.05742065 -0.055531204 -0.05737716 -0.058573045 -0.056951277
0.4055 -0.05629282 -0.05796406 -0.05808262 -0.05752122 -0.055656623 -0.057471547 -0.058657683 -0.057053857
0.406 -0.05641394 -0.05805118 -0.05816963 -0.05762041 -0.05578039 -0.05756478 -0.05874122 -0.05715511
0.4065 -0.0565333 -0.05813724 -0.05825556 -0.05771825 -0.05590252 -0.05765687 -0.058823656 -0.057255052
0.407 -0.05665095 -0.05822226 -0.05834041 -0.05781474 -0.05602304 -0.057747822 -0.058905013 -0.057353698
0.4075 -0.05676689 -0.05830624 -0.0584242 -0.05790992 -0.056141973 -0.057837665 -0.0589853 -0.05745107
0.408 -0.05688116 -0.05838921 -0.05850695 -0.05800379 -0.05625934 -0.057926424 -0.059064537 -0.05754718
0.4085 -0.05699377 -0.05847117 -0.05858866 -0.05809638 -0.05637517 -0.058014072 -0.05914273 -0.05764205
0.409 -0.05710477 -0.05855213 -0.05866935 -0.05818771 -0.05648948 -0.058100652 -0.059219897 -0.057735696
0.4095 -0.05721416 -0.05863211 -0.05874903 -0.0582778 -0.056602284 -0.05818619 -0.059296057 -0.05782814
0.41 -0.05732198 -0.05871111 -0.05882772 -0.05836665 -0.056713615 -0.058270663 -0.05937121 -0.05791939
0.4105 -0.05742825 -0.05878916 -0.05890542 -0.05845429 -0.056823485 -0.058354106 -0.059445377 -0.05800946
0.411 -0.05753299 -0.05886625 -0.05898214 -0.05854075 -0.056931917 -0.058436524 -0.05951857 -0.058098372
0.4115 -0.05763622 -0.0589424 -0.05905791 -0.05862602 -0.057038933 -0.058517937 -0.0595908 -0.058186144
0.412 -0.05773797 -0.05901763 -0.05913273 -0.05871014 -0.05714455 -0.05859834 -0.059662085 -0.058272783
0.4125 -0.05783826 -0.05909194 -0.05920661 -0.05879311 -0.057248786 -0.058677785 -0.05973243 -0.05835831
0.413 -0.05793711 -0.05916534 -0.05927957 -0.05887495 -0.057351667 -0.05875624 -0.059801847 -0.058442738
0.4135 -0.05803455 -0.05923785 -0.05935161 -0.05895569 -0.057453204 -0.058833726 -0.05987036 -0.05852608
0.414 -0.05813059 -0.05930947 -0.05942276 -0.05903533 -0.057553418 -0.05891027 -0.05993797 -0.058608353
0.4145 -0.05822525 -0.05938021 -0.059493 -0.05911389 -0.05765233 -0.05898587 -0.060004678 -0.05868958
0.415 -0.05831856 -0.05945009 -0.05956237 -0.05919138 -0.057749953 -0.05906056 -0.06007052 -0.05876976
0.4155 -0.05841053 -0.05951912 -0.05963087 -0.05926783 -0.057846308 -0.05913432 -0.06013549 -0.05884891
0.416 -0.0585012 -0.0595873 -0.05969851 -0.05934324 -0.057941414 -0.059207182 -0.060199603 -0.05892705
0.4165 -0.05859056 -0.05965465 -0.0597653 -0.05941763 -0.058035288 -0.059279144 -0.06026288 -0.059004195
0.417 -0.05867865 -0.05972117 -0.05983126 -0.05949102 -0.058127943 -0.05935023 -0.06032532 -0.059080347
0.4175 -0.05876549 -0.05978687 -0.05989638 -0.05956341 -0.058219396 -0.059420444 -0.060386933 -0.059155528
0.418 -0.05885109 -0.05985178 -0.05996069 -0.05963483 -0.058309667 -0.059489794 -0.060447738 -0.059229746
0.4185 -0.05893546 -0.05991588 -0.06002419 -0.05970528 -0.058398765 -0.059558295 -0.060507737 -0.059303015
0.419 -0.05901864 -0.0599792 -0.0600869 -0.05977478 -0.058486715 -0.059625953 -0.060566947 -0.059375353
0.4195 -0.05910064 -0.06004174 -0.06014881 -0.05984335 -0.058573525 -0.059692785 -0.060625374 -0.059446763
0.42 -0.05918147 -0.06010352 -0.06020995 -0.05991099 -0.05865921 -0.059758797 -0.06068303 -0.05951726
0.4205 -0.05926115 -0.06016453 -0.06027032 -0.05997772 -0.058743797 -0.059823997 -0.06073993 -0.059586868
0.421 -0.0593397 -0.0602248 -0.06032994 -0.06004356 -0.05882729 -0.059888396 -0.060796075 -0.05965558
0.4215 -0.05941713 -0.06028432 -0.0603888 -0.0601085 -0.058909707 -0.059952013 -0.060851485 -0.059723422
0.422 -0.05949347 -0.06034312 -0.06044693 -0.06017258 -0.05899106 -0.06001484 -0.060906153 -0.059790395
0.4225 -0.05956873 -0.06040119 -0.06050432 -0.06023579 -0.05907137 -0.060076904 -0.060960103 -0.05985652
0.423 -0.05964292 -0.06045854 -0.06056099 -0.06029816 -0.059150644 -0.060138196 -0.06101334 -0.0599218
0.4235 -0.05971606 -0.06051519 -0.06061695 -0.06035968 -0.05922889 -0.060198747 -0.06106587 -0.05998625
0.424 -0.05978816 -0.06057114 -0.06067221 -0.06042038 -0.05930614 -0.060258556 -0.061117716 -0.060049884
0.4245 -0.05985925 -0.06062641 -0.06072677 -0.06048027 -0.059382394 -0.060317628 -0.061168864 -0.060112707
0.425 -0.05992933 -0.06068099 -0.06078065 -0.06053936 -0.059457667 -0.060375962 -0.06121934 -0.060174726
0.4255 -0.05999843 -0.06073489 -0.06083384 -0.06059765 -0.05953198 -0.06043359 -0.06126915 -0.060235962
0.426 -0.06006655 -0.06078814 -0.06088637 -0.06065516 -0.059605334 -0.06049051 -0.0613183 -0.060296424
0.4265 -0.0601337 -0.06084073 -0.06093824 -0.06071191 -0.05967775 -0.060546726 -0.061366796 -0.06035611
0.427 -0.06019992 -0.06089266 -0.06098945 -0.06076789 -0.059749234 -0.06060226 -0.061414655 -0.060415037
0.4275 -0.0602652 -0.06094396 -0.06104002 -0.06082312 -0.059819806 -0.060657114 -0.06146188 -0.060473226
0.428 -0.06032956 -0.06099462 -0.06108996 -0.06087762 -0.059889473 -0.060711283 -0.061508477 -0.06053067
0.4285 -0.06039302 -0.06104466 -0.06113926 -0.06093139 -0.05995825 -0.060764782 -0.061554454 -0.060587384
0.429 -0.06045558 -0.06109408 -0.06118795 -0.06098444 -0.060026146 -0.060817644 -0.06159983 -0.060643382
0.4295 -0.06051727 -0.06114289 -0.06123602 -0.06103678 -0.060093172 -0.060869835 -0.0616446 -0.060698666
0.43 -0.06057809 -0.06119109 -0.06128348 -0.06108843 -0.060159344 -0.06092139 -0.061688773 -0.060753252
0.4305 -0.06063805 -0.0612387 -0.06133035 -0.06113939 -0.06022467 -0.060972303 -0.06173236 -0.060807146
0.431 -0.06069718 -0.06128572 -0.06137663 -0.06118966 -0.06028916 -0.061022602 -0.06177537 -0.06086036
0.4315 -0.06075548 -0.06133216 -0.06142232 -0.06123927 -0.06035283 -0.06107229 -0.06181781 -0.060912896
0.432 -0.06081296 -0.06137802 -0.06146744 -0.06128822 -0.060415685 -0.061121345 -0.06185969 -0.06096477
0.4325 -0.06086964 -0.06142332 -0.06151199 -0.06133651 -0.06047774 -0.061169818 -0.061901007 -0.06101599
0.433 -0.06092552 -0.06146805 -0.06155598 -0.06138417 -0.060539003 -0.061217673 -0.06194178 -0.061066553
0.4335 -0.06098062 -0.06151223 -0.06159942 -0.06143119 -0.060599487 -0.06126495 -0.06198201 -0.06111648
0.434 -0.06103496 -0.06155586 -0.06164231 -0.06147758 -0.060659204 -0.061311636 -0.06202171 -0.061165776
0.4345 -0.06108853 -0.06159895 -0.06168465 -0.06152336 -0.060718153 -0.061357763 -0.06206087 -0.061214447
0.435 -0.06114136 -0.06164151 -0.06172647 -0.06156853 -0.060776353 -0.06140332 -0.062099513 -0.0612625
0.4355 -0.06119345 -0.06168354 -0.06176775 -0.0616131 -0.06083381 -0.061448302 -0.06213765 -0.061309945
0.436 -0.06124481 -0.06172505 -0.06180852 -0.06165708 -0.060890544 -0.061492734 -0.062175274 -0.06135679
0.4365 -0.06129546 -0.06176604 -0.06184877 -0.06170047 -0.06094655 -0.061536625 -0.0622124 -0.061403044
0.437 -0.0613454 -0.06180653 -0.06188851 -0.06174329 -0.06100185 -0.06157996 -0.062249027 -0.061448716
0.4375 -0.06139465 -0.06184651 -0.06192776 -0.06178555 -0.061056443 -0.06162277 -0.06228517 -0.061493807
0.438 -0.06144322 -0.06188599 -0.06196651 -0.06182724 -0.06111034 -0.061665058 -0.06232083 -0.061538324
0.4385 -0.0614911 -0.06192499 -0.06200477 -0.06186838 -0.061163556 -0.061706822 -0.062356018 -0.061582282
0.439 -0.06153833 -0.0619635 -0.06204254 -0.06190898 -0.061216097 -0.061748065 -0.062390737 -0.06162569
0.4395 -0.0615849 -0.06200153 -0.06207984 -0.06194904 -0.061267972 -0.061788797 -0.062424988 -0.061668545
0.44 -0.06163082 -0.06203909 -0.06211667 -0.06198857 -0.061319187 -0.061829038 -0.062458783 -0.061710853
0.4405 -0.0616761 -0.06207618 -0.06215304 -0.06202757 -0.06136975 -0.061868764 -0.062492132 -0.061752632
0.441 -0.06172076 -0.06211281 -0.06218895 -0.06206606 -0.061419677 -0.061908025 -0.062525034 -0.06179388
0.4415 -0.0617648 -0.06214899 -0.0622244 -0.06210405 -0.061468966 -0.061946787 -0.062557496 -0.06183461
0.442 -0.06180823 -0.06218471 -0.06225941 -0.06214153 -0.061517633 -0.061985068 -0.062589526 -0.06187482
0.4425 -0.06185106 -0.06221999 -0.06229397 -0.06217852 -0.061565682 -0.062022865 -0.06262113 -0.06191453
0.443 -0.06189329 -0.06225483 -0.0623281 -0.06221502 -0.061613124 -0.062060207 -0.06265231 -0.06195373
0.4435 -0.06193495 -0.06228924 -0.0623618 -0.06225103 -0.06165997 -0.062097088 -0.062683076 -0.061992444
0.444 -0.06197602 -0.06232322 -0.06239507 -0.06228658 -0.061706215 -0.06213351 -0.06271343 -0.06203066
0.4445 -0.06201653 -0.06235677 -0.06242792 -0.06232165 -0.06175188 -0.062169485 -0.06274337 -0.062068403
0.445 -0.06205649 -0.06238991 -0.06246036 -0.06235626 -0.061796963 -0.06220501 -0.062772915 -0.062105663
0.4455 -0.06209589 -0.06242264 -0.06249239 -0.06239042 -0.06184148 -0.06224009 -0.06280206 -0.062142447
0.446 -0.06213474 -0.06245496 -0.06252401 -0.06242412 -0.061885435 -0.062274743 -0.06283082 -0.062178776
0.4465 -0.06217307 -0.06248687 -0.06255524 -0.06245739 -0.06192883 -0.06230896 -0.0628592 -0.062214643
0.447 -0.06221086 -0.06251839 -0.06258607 -0.06249021 -0.06197168 -0.062342755 -0.0628872 -0.062250055
0.4475 -0.06224813 -0.06254951 -0.06261651 -0.06252261 -0.062013984 -0.062376134 -0.06291482 -0.06228502
0.448 -0.0622849 -0.06258025 -0.06264657 -0.06255458 -0.06205576 -0.0624091 -0.062942065 -0.062319547
0.4485 -0.06232115 -0.0626106 -0.06267625 -0.06258612 -0.062096998 -0.062441666 -0.062968954 -0.062353633
0.449 -0.06235691 -0.06264057 -0.06270555 -0.06261726 -0.062137723 -0.062473804 -0.06299548 -0.062387295
0.4495 -0.06239218 -0.06267017 -0.06273448 -0.06264798 -0.062177934 -0.06250556 -0.063021645 -0.062420532
0.45 -0.06242696 -0.0626994 -0.06276305 -0.0626783 -0.062217638 -0.06253692 -0.06304747 -0.062453344
0.4505 -0.06246127 -0.06272827 -0.06279126 -0.06270823 -0.06225684 -0.06256789 -0.063072935 -0.062485747
0.451 -0.0624951 -0.06275677 -0.06281911 -0.06273776 -0.062295545 -0.062598474 -0.063098066 -0.06251774
0.4515 -0.06252847 -0.06278492 -0.06284661 -0.0627669 -0.062333763 -0.06262869 -0.06312285 -0.06254932
0.452 -0.06256139 -0.06281272 -0.06287376 -0.06279566 -0.062371496 -0.06265852 -0.063147314 -0.06258051
0.4525 -0.06259385 -0.06284017 -0.06290057 -0.06282405 -0.062408756 -0.06268797 -0.06317145 -0.062611304
0.453 -0.06262587 -0.06286728 -0.06292704 -0.06285206 -0.062445547 -0.062717065 -0.06319525 -0.06264171
0.4535 -0.06265746 -0.06289405 -0.06295318 -0.06287971 -0.062481873 -0.06274579 -0.063218735 -0.062671736
0.454 -0.06268861 -0.06292048 -0.06297899 -0.06290699 -0.06251774 -0.06277416 -0.06324191 -0.062701374
0.4545 -0.06271933 -0.06294658 -0.06300447 -0.06293392 -0.06255315 -0.06280218 -0.06326476 -0.06273065
0.455 -0.06274964 -0.06297236 -0.06302963 -0.06296049 -0.06258812 -0.06282987 -0.06328731 -0.06275954
0.4555 -0.06277953 -0.06299782 -0.06305447 -0.06298672 -0.06262265 -0.06285718 -0.06330956 -0.06278808
0.456 -0.06280901 -0.06302295 -0.063079 -0.06301261 -0.062656745 -0.06288417 -0.0633315 -0.06281625
0.4565 -0.06283809 -0.06304778 -0.06310321 -0.06303815 -0.06269041 -0.06291081 -0.06335315 -0.06284407
0.457 -0.06286678 -0.06307229 -0.06312713 -0.06306336 -0.06272365 -0.06293712 -0.06337452 -0.06287154
0.4575 -0.06289508 -0.0630965 -0.06315073 -0.06308825 -0.06275647 -0.06296311 -0.06339559 -0.06289865
0.458 -0.06292298 -0.0631204 -0.06317405 -0.06311281 -0.06278888 -0.06298877 -0.06341638 -0.06292543
0.4585 -0.06295051 -0.063144 -0.06319706 -0.06313704 -0.06282088 -0.06301411 -0.06343688 -0.06295186
0.459 -0.06297767 -0.06316731 -0.06321979 -0.06316096 -0.06285247 -0.06303914 -0.06345712 -0.06297797
0.4595 -0.06300446 -0.06319033 -0.06324223 -0.06318457 -0.062883675 -0.063063845 -0.06347707 -0.06300375
0.46 -0.06303088 -0.06321306 -0.06326439 -0.06320787 -0.06291448 -0.06308825 -0.06349675 -0.06302919
0.4605 -0.06305694 -0.0632355 -0.06328626 -0.06323087 -0.062944904 -0.06311235 -0.06351618 -0.06305432
0.461 -0.06308265 -0.06325766 -0.06330786 -0.06325357 -0.062974945 -0.063136145 -0.06353533 -0.06307913
0.4615 -0.06310801 -0.06327955 -0.06332919 -0.06327597 -0.063004605 -0.063159645 -0.063554235 -0.06310363
0.462 -0.06313303 -0.06330116 -0.06335025 -0.06329808 -0.06303389 -0.06318285 -0.063572876 -0.06312782
0.4625 -0.06315771 -0.0633225 -0.06337104 -0.0633199 -0.06306281 -0.06320576 -0.06359127 -0.0631517
0.463 -0.06318205 -0.06334358 -0.06339157 -0.06334144 -0.06309137 -0.06322839 -0.06360941 -0.06317529
0.4635 -0.06320606 -0.06336439 -0.06341184 -0.0633627 -0.06311956 -0.063250735 -0.0636273 -0.06319857
0.464 -0.06322975 -0.06338494 -0.06343185 -0.06338368 -0.0631474 -0.0632728 -0.06364496 -0.06322156
0.4645 -0.06325312 -0.06340523 -0.06345161 -0.06340439 -0.063174896 -0.06329459 -0.06366238 -0.06324425
0.465 -0.06327617 -0.06342527 -0.06347112 -0.06342483 -0.06320204 -0.06331611 -0.06367956 -0.063266665
0.4655 -0.06329891 -0.06344505 -0.06349039 -0.063445 -0.063228846 -0.06333735 -0.0636965 -0.06328879
0.466 -0.06332134 -0.06346459 -0.06350941 -0.06346491 -0.06325531 -0.06335832 -0.06371322 -0.063310646
0.4665 -0.06334347 -0.06348388 -0.06352819 -0.06348457 -0.06328145 -0.063379034 -0.06372971 -0.063332215
0.467 -0.0633653 -0.06350293 -0.06354673 -0.06350396 -0.063307256 -0.06339949 -0.063745975 -0.063353516
0.4675 -0.06338684 -0.06352175 -0.06356504 -0.06352311 -0.06333274 -0.063419685 -0.063762024 -0.06337455
0.468 -0.06340808 -0.06354032 -0.06358312 -0.06354201 -0.0633579 -0.06343964 -0.06377785 -0.063395314
0.4685 -0.06342904 -0.06355867 -0.06360097 -0.06356066 -0.063382745 -0.06345933 -0.063793465 -0.06341582
0.469 -0.06344972 -0.06357678 -0.0636186 -0.06357907 -0.06340728 -0.06347878 -0.063808866 -0.06343606
0.4695 -0.06347012 -0.06359467 -0.063636 -0.06359724 -0.06343151 -0.063497975 -0.06382406 -0.06345604
0.47 -0.06349024 -0.06361233 -0.06365318 -0.06361518 -0.063455425 -0.06351694 -0.06383904 -0.06347578
0.4705 -0.06351009 -0.06362977 -0.06367015 -0.06363288 -0.06347905 -0.06353565 -0.06385382 -0.06349526
0.471 -0.06352968 -0.06364699 -0.0636869 -0.06365035 -0.06350237 -0.06355415 -0.0638684 -0.0635145
0.4715 -0.063549 -0.063664 -0.06370344 -0.0636676 -0.06352541 -0.0635724 -0.06388278 -0.0635335
0.472 -0.06356806 -0.06368079 -0.06371977 -0.06368462 -0.06354815 -0.06359041 -0.06389697 -0.06355225
0.4725 -0.06358687 -0.06369737 -0.06373589 -0.06370143 -0.063570604 -0.06360821 -0.06391096 -0.06357077
0.473 -0.06360542 -0.06371375 -0.06375181 -0.06371801 -0.063592784 -0.06362577 -0.06392476 -0.06358905
0.4735 -0.06362373 -0.06372992 -0.06376753 -0.06373438 -0.06361468 -0.06364313 -0.06393837 -0.063607104
0.474 -0.06364178 -0.06374588 -0.06378306 -0.06375054 -0.063636295 -0.06366025 -0.0639518 -0.063624926
0.4745 -0.0636596 -0.06376165 -0.06379838 -0.06376649 -0.06365765 -0.063677154 -0.06396504 -0.063642524
0.475 -0.06367718 -0.06377721 -0.06381351 -0.06378224 -0.063678734 -0.06369386 -0.063978106 -0.0636599
0.4755 -0.06369452 -0.06379258 -0.06382845 -0.06379778 -0.06369955 -0.063710354 -0.06399099 -0.06367706
0.476 -0.06371163 -0.06380776 -0.0638432 -0.06381311 -0.06372011 -0.063726634 -0.0640037 -0.06369399
0.4765 -0.06372851 -0.06382275 -0.06385777 -0.06382826 -0.06374041 -0.063742705 -0.06401623 -0.06371072
0.477 -0.06374516 -0.06383755 -0.06387215 -0.0638432 -0.06376045 -0.063758574 -0.0640286 -0.06372723
0.4775 -0.0637616 -0.06385216 -0.06388635 -0.06385795 -0.06378025 -0.06377424 -0.064040795 -0.06374353
0.478 -0.06377781 -0.06386659 -0.06390037 -0.06387252 -0.06379979 -0.06378972 -0.06405282 -0.06375963
0.4785 -0.0637938 -0.06388084 -0.06391422 -0.06388689 -0.06381909 -0.06380499 -0.06406468 -0.063775524
0.479 -0.06380958 -0.06389491 -0.06392789 -0.06390108 -0.06383815 -0.06382007 -0.06407639 -0.063791215
0.4795 -0.06382515 -0.06390881 -0.06394138 -0.06391508 -0.06385697 -0.063834965 -0.06408792 -0.063806705
0.48 -0.06384051 -0.06392253 -0.06395471 -0.06392891 -0.06387555 -0.06384967 -0.06409931 -0.063822
0.4805 -0.06385567 -0.06393607 -0.06396787 -0.06394255 -0.0638939 -0.06386419 -0.06411053 -0.0638371
0.481 -0.06387063 -0.06394945 -0.06398086 -0.06395602 -0.06391201 -0.063878514 -0.064121604 -0.06385201
0.4815 -0.06388538 -0.06396266 -0.06399368 -0.06396932 -0.06392991 -0.06389266 -0.06413253 -0.06386674
0.482 -0.06389994 -0.0639757 -0.06400635 -0.06398245 -0.06394757 -0.063906625 -0.0641433 -0.06388128
0.4825 -0.0639143 -0.06398858 -0.06401886 -0.0639954 -0.063965015 -0.06392042 -0.06415392 -0.06389563
0.483 -0.06392848 -0.0640013 -0.0640312 -0.06400819 -0.06398224 -0.06393404 -0.06416439 -0.0639098
0.4835 -0.06394246 -0.06401385 -0.0640434 -0.06402081 -0.06399925 -0.06394747 -0.06417473 -0.06392378
0.484 -0.06395626 -0.06402625 -0.06405543 -0.06403328 -0.06401605 -0.06396074 -0.06418492 -0.0639376
0.4845 -0.06396987 -0.06403849 -0.06406732 -0.06404558 -0.06403264 -0.063973844 -0.06419497 -0.06395124
0.485 -0.06398331 -0.06405058 -0.06407906 -0.06405772 -0.06404901 -0.06398678 -0.06420489 -0.063964695
0.4855 -0.06399656 -0.06406252 -0.06409064 -0.06406971 -0.06406519 -0.06399956 -0.064214654 -0.063977994
0.486 -0.06400964 -0.06407431 -0.06410209 -0.06408154 -0.064081155 -0.064012155 -0.0642243 -0.063991114
0.4865 -0.06402254 -0.06408595 -0.06411338 -0.06409322 -0.06409693 -0.06402461 -0.06423381 -0.06400408
0.487 -0.06403528 -0.06409744 -0.06412454 -0.06410475 -0.0641125 -0.064036906 -0.06424318 -0.06401686
0.4875 -0.06404784 -0.06410879 -0.06413555 -0.06411613 -0.06412788 -0.064049035 -0.064252436 -0.0640295
0.488 -0.06406024 -0.06411999 -0.06414643 -0.06412737 -0.064143054 -0.06406101 -0.064261556 -0.06404197
0.4885 -0.06407247 -0.06413106 -0.06415716 -0.06413846 -0.06415805 -0.06407283 -0.06427054 -0.06405429
0.489 -0.06408454 -0.06414199 -0.06416777 -0.06414941 -0.06417286 -0.06408451 -0.064279415 -0.06406645
0.4895 -0.06409645 -0.06415277 -0.06417823 -0.06416021 -0.064187475 -0.06409603 -0.06428817 -0.06407845
0.49 -0.0641082 -0.06416343 -0.06418857 -0.06417088 -0.064201914 -0.06410742 -0.06429679 -0.0640903
0.4905 -0.0641198 -0.06417394 -0.06419878 -0.06418142 -0.06421617 -0.064118646 -0.0643053 -0.064102
0.491 -0.06413124 -0.06418433 -0.06420885 -0.06419181 -0.06423024 -0.06412974 -0.06431369 -0.06411355
0.4915 -0.06414253 -0.06419459 -0.0642188 -0.06420208 -0.06424414 -0.06414069 -0.064321965 -0.06412496
0.492 -0.06415367 -0.06420471 -0.06422863 -0.06421221 -0.06425787 -0.06415149 -0.064330116 -0.064136215
0.4925 -0.06416467 -0.06421471 -0.06423833 -0.06422221 -0.06427143 -0.06416215 -0.06433816 -0.06414733
0.493 -0.06417552 -0.06422459 -0.06424791 -0.06423208 -0.06428481 -0.064172685 -0.064346105 -0.064158306
0.4935 -0.06418622 -0.06423434 -0.06425736 -0.06424183 -0.06429802 -0.06418308 -0.06435393 -0.064169146
0.494 -0.06419679 -0.06424396 -0.0642667 -0.06425145 -0.06431107 -0.064193346 -0.06436165 -0.064179845
0.4945 -0.06420721 -0.06425347 -0.06427592 -0.06426095 -0.06432396 -0.06420346 -0.064369254 -0.06419041
0.495 -0.0642175 -0.06426286 -0.06428503 -0.06427032 -0.06433669 -0.06421346 -0.06437676 -0.06420083
0.4955 -0.06422765 -0.06427212 -0.06429401 -0.06427958 -0.06434925 -0.06422334 -0.06438416 -0.06421113
0.496 -0.06423766 -0.06428128 -0.06430289 -0.06428872 -0.06436166 -0.06423309 -0.06439146 -0.06422129
0.4965 -0.06424755 -0.06429031 -0.06431165 -0.06429774 -0.06437391 -0.06424271 -0.064398654 -0.06423133
0.497 -0.0642573 -0.06429924 -0.06432031 -0.06430664 -0.06438601 -0.064252205 -0.064405754 -0.064241245
0.4975 -0.06426693 -0.06430805 -0.06432885 -0.06431543 -0.06439795 -0.06426158 -0.06441275 -0.06425103
0.498 -0.06427642 -0.06431675 -0.06433729 -0.06432411 -0.06440975 -0.06427084 -0.06441965 -0.064260684
0.4985 -0.0642858 -0.06432534 -0.06434562 -0.06433268 -0.0644214 -0.06427997 -0.06442645 -0.06427022
0.499 -0.06429505 -0.06433382 -0.06435384 -0.06434114 -0.064432904 -0.064288996 -0.064433165 -0.06427963
0.4995 -0.06430417 -0.06434219 -0.06436196 -0.06434949 -0.06444426 -0.0642979 -0.06443978 -0.06428893
0.5 -0.06431318 -0.06435046 -0.06436998 -0.06435773 -0.06445548 -0.06430668 -0.06444631 -0.06429811
