0.0 -0.065 -0.065 -0.065 -0.065 -0.05082655 -0.07028186 -0.07568361 -0.05065839
0.0005 -0.06499996 -0.064956 -0.06497186 -0.06499956 -0.050769765 -0.06999725 -0.075497694 -0.05058824
0.001 -0.06499953 -0.06477334 -0.06486626 -0.06499726 -0.050694697 -0.06952473 -0.07530122 -0.050489616
0.0015 -0.06499837 -0.06441743 -0.06468762 -0.064993 -0.050599374 -0.06884718 -0.0750914 -0.05035963
0.002 -0.06499638 -0.06387058 -0.06444336 -0.06498676 -0.050483916 -0.06796919 -0.07486662 -0.050198678
0.0025 -0.06499353 -0.06312317 -0.06413771 -0.06497845 -0.05034634 -0.06687374 -0.074624 -0.050003882
0.003 -0.0649898 -0.06216973 -0.06377247 -0.06496797 -0.050188825 -0.06558692 -0.07436292 -0.049778856
0.0035 -0.06498515 -0.06100727 -0.06334811 -0.06495521 -0.050011486 -0.0641129 -0.07408189 -0.049523965
0.004 -0.06497954 -0.0596344 -0.06286453 -0.06494004 -0.049814396 -0.062455617 -0.07377933 -0.049239516
0.0045 -0.06497292 -0.05805089 -0.06232148 -0.06492237 -0.049597606 -0.060618825 -0.07345364 -0.04892579
0.005 -0.06496524 -0.0562574 -0.06171862 -0.06490211 -0.049361173 -0.058606148 -0.07310328 -0.048583057
0.0055 -0.06495644 -0.05425532 -0.06105572 -0.06487916 -0.049105134 -0.056421068 -0.07272668 -0.048211567
0.006 -0.06494647 -0.05204659 -0.06033257 -0.06485345 -0.048829526 -0.054066937 -0.07232234 -0.047811557
0.0065 -0.06493527 -0.04963361 -0.05954905 -0.06482491 -0.04853437 -0.051546976 -0.07188875 -0.04738325
0.007 -0.06492281 -0.04701914 -0.05870513 -0.06479346 -0.048219696 -0.048864298 -0.07142446 -0.046926852
0.0075 -0.06490902 -0.04420623 -0.05780082 -0.06475904 -0.047885515 -0.046021886 -0.07092803 -0.04644257
0.008 -0.06489385 -0.04119817 -0.05683621 -0.0647216 -0.04753184 -0.043022614 -0.07039807 -0.04593058
0.0085 -0.06487727 -0.03799839 -0.05581142 -0.0646811 -0.04715868 -0.039869253 -0.06983321 -0.04539107
0.009 -0.06485881 -0.03461025 -0.05472588 -0.06463717 -0.04676605 -0.036564473 -0.069232136 -0.04482421
0.0095 -0.06483335 -0.03103485 -0.05357175 -0.06458733 -0.04635577 -0.03313174 -0.06859351 -0.044233132
0.01 -0.06480492 -0.02727673 -0.0523568 -0.0645341 -0.04592642 -0.029553238 -0.06791815 -0.043615423
0.0105 -0.06477715 -0.02334124 -0.05108652 -0.06447845 -0.04547761 -0.025830343 -0.067203075 -0.04297081
0.011 -0.06475029 -0.01923308 -0.04976123 -0.06442028 -0.04500935 -0.021965351 -0.066447124 -0.04229943
0.0115 -0.06472359 -0.01495639 -0.04838005 -0.06435939 -0.044521634 -0.017960519 -0.06564918 -0.041601434
0.012 -0.06469627 -0.01051498 -0.04694227 -0.06429561 -0.044014476 -0.013818007 -0.06480817 -0.040876955
0.0125 -0.06466776 -0.005912499 -0.04544755 -0.0642288 -0.043487884 -0.009539913 -0.063923076 -0.04012613
0.013 -0.06463613 -0.001147902 -0.04389312 -0.06415797 -0.04294187 -0.0051282495 -0.0629929 -0.039349094
0.0135 -0.06459741 0.003761784 -0.04227407 -0.06408182 -0.042376433 -0.0005849749 -0.062016733 -0.03854597
0.014 -0.06455668 0.008802049 -0.04060041 -0.06400236 -0.041791603 0.0040879995 -0.06099368 -0.0377169
0.0145 -0.06451604 0.01397232 -0.0388756 -0.0639201 -0.041187387 0.008888878 -0.059922904 -0.036862
0.015 -0.06447555 0.01927677 -0.03709946 -0.06383517 -0.040563814 0.013815843 -0.058803633 -0.035981406
0.0155 -0.06443463 0.02471991 -0.03527109 -0.06374741 -0.039920904 0.018867187 -0.057635106 -0.035075247
0.016 -0.06439263 0.03030451 -0.03338975 -0.06365667 -0.03925869 0.024041243 -0.056416646 -0.034143645
0.0165 -0.06434906 0.0360312 -0.03145509 -0.06356285 -0.03857719 0.029336393 -0.05514759 -0.03318673
0.017 -0.06430359 0.04189878 -0.02946161 -0.06346584 -0.037876457 0.034751043 -0.05382736 -0.032204635
0.0175 -0.06425593 0.04790833 -0.0273646 -0.06336526 -0.037156522 0.040283658 -0.05245541 -0.031197498
0.018 -0.06420578 0.05405648 -0.0252258 -0.06326101 -0.036417436 0.045932747 -0.051031236 -0.030165445
0.0185 -0.06415325 0.06033617 -0.02306239 -0.06315346 -0.035659242 0.051696867 -0.049554355 -0.029108608
0.019 -0.06409846 0.06674122 -0.02086736 -0.06304267 -0.034882 0.05757457 -0.04802439 -0.02802713
0.0195 -0.06404147 0.07326653 -0.01863183 -0.06292861 -0.034085765 0.063564494 -0.04644096 -0.02692115
0.02 -0.06398226 0.07990782 -0.01634986 -0.06281128 -0.033270605 0.06966528 -0.04480375 -0.025790809
0.0205 -0.06391738 0.08666142 -0.01401423 -0.06269042 -0.032436598 0.075875536 -0.043112528 -0.024636269
0.021 -0.06384751 0.09352387 -0.01162792 -0.06256587 -0.031583805 0.08219403 -0.041367013 -0.02345766
0.0215 -0.06377685 0.1004915 -0.009196598 -0.06243803 -0.030712308 0.088619456 -0.039567012 -0.022255138
0.022 -0.06370613 0.1075612 -0.006720288 -0.06230702 -0.0298222 0.09515056 -0.037712414 -0.021028865
0.0225 -0.06363482 0.1147299 -0.004197845 -0.06217283 -0.02891357 0.10178611 -0.035803113 -0.019778999
0.023 -0.06356227 0.1219952 -0.001628507 -0.06203546 -0.027986519 0.108524814 -0.03383907 -0.018505719
0.0235 -0.06348795 0.1293547 0.0009878855 -0.06189489 -0.02704114 0.115365565 -0.031820215 -0.017209169
0.024 -0.06340533 0.1368066 0.00365665 -0.06174621 -0.026077557 0.12230705 -0.02974663 -0.015889551
0.0245 -0.06331365 0.1443494 0.006375541 -0.06158894 -0.025095878 0.12934816 -0.027618352 -0.014547031
0.025 -0.06322048 0.1519807 0.009137396 -0.06142852 -0.02409621 0.13648777 -0.025435451 -0.0131817795
0.0255 -0.06312859 0.1596984 0.01194044 -0.06126678 -0.02307868 0.14372468 -0.023198068 -0.011793986
0.026 -0.06303794 0.1675002 0.01478466 -0.06110393 -0.02204344 0.15105769 -0.020906433 -0.01038387
0.0265 -0.06294761 0.1753842 0.01767023 -0.06093969 -0.020990605 0.15848573 -0.018560693 -0.008951593
0.027 -0.0628566 0.1833485 0.02059708 -0.06077373 -0.01992032 0.16600761 -0.0161611 -0.007497374
0.0275 -0.06276414 0.1913912 0.02356491 -0.06060572 -0.01883274 0.17362218 -0.013707966 -0.0060214214
0.028 -0.06266968 0.1995107 0.02657324 -0.06043544 -0.017728008 0.18132836 -0.0112015605 -0.0045239367
0.0285 -0.06257289 0.2077053 0.0296215 -0.06026268 -0.016606312 0.18912485 -0.008642301 -0.0030051619
0.029 -0.0624736 0.2159733 0.03270907 -0.06008731 -0.015467778 0.19701067 -0.006030448 -0.0014652982
0.0295 -0.0623717 0.224313 0.0358353 -0.05990922 -0.014312603 0.20498458 -0.0033665374 9.5419586e-05
0.03 -0.06226298 0.2327235 0.03900152 -0.05968548 -0.013140943 0.21304551 -0.0006508827 0.0016767643
0.0305 -0.06213469 0.2412052 0.04221118 -0.05942367 -0.011952989 0.22119227 0.0021159798 0.0032784976
0.031 -0.06199992 0.2497553 0.04545725 -0.05917842 -0.010748927 0.22942373 0.0049335957 0.0049003772
0.0315 -0.06186761 0.2583711 0.04873676 -0.05895037 -0.009528939 0.23773873 0.007801421 0.00654215
0.032 -0.06173961 0.2670504 0.05204937 -0.05873474 -0.008293226 0.24613601 0.010718927 0.008203559
0.0325 -0.06161488 0.2757916 0.05539535 -0.05852728 -0.0070419945 0.25461453 0.013685524 0.009884354
0.033 -0.06149175 0.2845932 0.05877487 -0.05832478 -0.0057754517 0.26317292 0.01670061 0.01158426
0.0335 -0.06136875 0.2934539 0.06218334 -0.05812489 -0.0044937953 0.27181014 0.019763589 0.013303023
0.034 -0.06123666 0.3023704 0.06550821 -0.05792337 -0.0031972453 0.280525 0.022873841 0.015040357
0.0345 -0.06109269 0.3113388 0.06885667 -0.05771811 -0.0018860362 0.28931612 0.026030637 0.016795982
0.035 -0.0609466 0.3203594 0.07228597 -0.05751101 -0.00056035817 0.2981825 0.029233411 0.018569645
0.0355 -0.06080256 0.3294334 0.07579358 -0.05730269 0.0007795319 0.30712274 0.032481357 0.020361025
0.036 -0.06066092 0.3385612 0.07936478 -0.05709293 0.0021334104 0.31613564 0.035773784 0.022169847
0.0365 -0.06052066 0.3477427 0.08298604 -0.05688136 0.0035010353 0.32522002 0.03910996 0.023995806
0.037 -0.06038057 0.3569771 0.08664753 -0.05666763 0.004882179 0.33437446 0.042489126 0.025838595
0.0375 -0.06023967 0.3662632 0.09034283 -0.05645145 0.0062765814 0.34359777 0.045910515 0.027697925
0.038 -0.06009726 0.3755996 0.09406794 -0.05623262 0.0076833926 0.35290188 0.04936304 0.029573712
0.0385 -0.0599529 0.3849852 0.09782048 -0.05601102 0.009106673 0.3622816 0.05287298 0.03146943
0.039 -0.05980632 0.3944184 0.1015991 -0.05578654 0.010542449 0.37172693 0.056422316 0.033380758
0.0395 -0.05965735 0.4038981 0.1054029 -0.05555916 0.0119904615 0.38123554 0.060010783 0.035307337
0.04 -0.05950594 0.4134229 0.1092316 -0.05532883 0.01345047 0.3908061 0.06363752 0.03724883
0.0405 -0.05935206 0.4229916 0.1130849 -0.05509557 0.014922161 0.40043715 0.067301504 0.039204877
0.041 -0.0591957 0.432603 0.1169627 -0.05485938 0.01640528 0.4101273 0.071002 0.04117516
0.0415 -0.05903688 0.4422563 0.1208647 -0.0546203 0.017899562 0.4198753 0.07473809 0.043159347
0.042 -0.05887563 0.4519501 0.1247909 -0.05437835 0.019404735 0.42967972 0.07850882 0.045157094
0.0425 -0.05871196 0.4616837 0.1287411 -0.05413357 0.020920519 0.43953922 0.082313396 0.047168065
0.043 -0.0585459 0.4714561 0.1327152 -0.053886 0.022446636 0.44945237 0.0861508 0.04919192
0.0435 -0.05837748 0.4812663 0.1367129 -0.05363567 0.023982827 0.4594179 0.09002026 0.051228333
0.044 -0.05820672 0.4911135 0.140734 -0.05338264 0.0255288 0.4694343 0.09392082 0.053276937
0.0445 -0.05803364 0.5009969 0.1447782 -0.05312694 0.027084272 0.47950014 0.09785152 0.055337403
0.045 -0.05785833 0.5109156 0.1488453 -0.05286861 0.028648969 0.48961404 0.10181146 0.057409372
0.0455 -0.05768083 0.5208689 0.152935 -0.0526077 0.030222591 0.49977466 0.10579968 0.059492487
0.046 -0.05750111 0.530856 0.1570469 -0.05234423 0.03180488 0.50998044 0.10981537 0.061586406
0.0465 -0.05731912 0.540876 0.1611808 -0.05207826 0.033395533 0.52022994 0.11385747 0.06369077
0.047 -0.05713472 0.5509283 0.1653361 -0.05180951 0.034994263 0.53052163 0.117925115 0.06580523
0.0475 -0.05694783 0.5610123 0.1695128 -0.05153798 0.036600802 0.5408546 0.122017406 0.06792945
0.048 -0.05675856 0.5711272 0.1737104 -0.05126393 0.03821489 0.55122685 0.1261335 0.0700631
0.0485 -0.05656705 0.5812723 0.1779289 -0.05098755 0.039836194 0.56163716 0.1302723 0.07220577
0.049 -0.05637338 0.5914469 0.1821677 -0.05070891 0.04146445 0.57208407 0.13443294 0.07435712
0.0495 -0.05617761 0.6016505 0.1864266 -0.05042805 0.043099407 0.58256626 0.13861468 0.07651687
0.05 -0.05597974 0.6118824 0.1907053 -0.05014498 0.044743862 0.59306073 0.14284557 0.07868619
0.0505 -0.05577984 0.622055 0.1950023 -0.04986056 0.046418335 0.6033536 0.14735502 0.080871046
0.051 -0.05557832 0.6319842 0.1993105 -0.04957747 0.04805619 0.6132556 0.15185079 0.08299798
0.0515 -0.05537548 0.6416062 0.2036233 -0.04929585 0.049656715 0.6227467 0.15633878 0.0850651
0.052 -0.05517136 0.6508889 0.2079366 -0.04901571 0.051219385 0.6318319 0.1608136 0.08707219
0.0525 -0.05496602 0.659815 0.2122476 -0.04873721 0.05274443 0.640519 0.16527244 0.08902003
0.053 -0.05475948 0.668375 0.2165543 -0.04846056 0.054232184 0.6488162 0.16971314 0.09090935
0.0535 -0.05455182 0.6765639 0.220855 -0.04818598 0.055683065 0.65673184 0.17413384 0.09274109
0.054 -0.05434312 0.6843792 0.2250937 -0.04791381 0.0570975 0.66427374 0.17853305 0.09451608
0.0545 -0.05413538 0.6918008 0.2287842 -0.04765216 0.05847596 0.67144966 0.18290949 0.09623529
0.055 -0.05393 0.6988223 0.2325043 -0.04739544 0.059818972 0.6782675 0.1872623 0.09789966
0.0555 -0.05372433 0.7054622 0.2364609 -0.04713937 0.061127033 0.68473434 0.1915907 0.09951012
0.056 -0.0535168 0.7117384 0.2406151 -0.04688397 0.062400777 0.6908579 0.19589433 0.10106766
0.0565 -0.05330709 0.7176638 0.2448894 -0.04662981 0.06364076 0.69664526 0.20017296 0.10257329
0.057 -0.05309551 0.7232471 0.2492209 -0.04637746 0.064847514 0.70210326 0.20442623 0.10402793
0.0575 -0.05288249 0.7284946 0.2535683 -0.04612735 0.06602174 0.7072388 0.20865452 0.1054326
0.058 -0.05266846 0.7334114 0.2579073 -0.04587987 0.06716402 0.7120588 0.21285784 0.10678829
0.0585 -0.05245374 0.7380025 0.2622249 -0.04563531 0.06827496 0.7165694 0.21703655 0.10809599
0.059 -0.05223858 0.7422729 0.2665151 -0.04539391 0.069355175 0.72077715 0.2211909 0.10935657
0.0595 -0.05202316 0.7462278 0.2707756 -0.04515587 0.07040538 0.7246883 0.22532171 0.11057113
0.06 -0.0518076 0.7498728 0.2750065 -0.04492134 0.07142614 0.72830904 0.22942936 0.11174059
0.0605 -0.05159201 0.7532139 0.2792088 -0.04469044 0.07241808 0.73164487 0.23351455 0.112865865
0.061 -0.05137647 0.7562573 0.2833839 -0.04446329 0.07338181 0.73470175 0.2375778 0.11394785
0.0615 -0.05116104 0.7590095 0.2875332 -0.04423997 0.07431802 0.7374854 0.2416201 0.11498757
0.062 -0.05094579 0.7614768 0.2916584 -0.04402054 0.075227305 0.74000144 0.24564227 0.115985885
0.0625 -0.05073011 0.7636656 0.2957596 -0.04380832 0.07611026 0.742255 0.24964505 0.11694372
0.063 -0.05051382 0.7655819 0.2998376 -0.04360023 0.07696748 0.74425125 0.2536292 0.11786188
0.0635 -0.0502978 0.7672328 0.3038946 -0.0433947 0.07779957 0.7459955 0.25759578 0.1187413
0.064 -0.0500822 0.7686255 0.3079312 -0.04319483 0.07860713 0.74749243 0.26154548 0.1195828
0.0645 -0.0498666 0.7697662 0.311947 -0.04299985 0.079390734 0.74874735 0.2654794 0.12038724
0.065 -0.04965167 0.7706613 0.3159436 -0.04280708 0.08015093 0.74976456 0.26939815 0.121155396
0.0655 -0.04943793 0.7713173 0.3199219 -0.04261719 0.0808883 0.75054896 0.27330285 0.1218881
0.066 -0.04922548 0.7717405 0.3238821 -0.04243068 0.08160335 0.7511047 0.27719423 0.12258609
0.0665 -0.0490142 0.7719371 0.3278242 -0.04224782 0.08229667 0.7514367 0.28107333 0.123250216
0.067 -0.04880394 0.771913 0.3317483 -0.04206877 0.08296874 0.7515489 0.28494075 0.12388113
0.0675 -0.0485946 0.7716739 0.3356543 -0.04189363 0.0836201 0.7514458 0.2887976 0.12447965
0.068 -0.04838612 0.7712255 0.3395424 -0.04172248 0.084251255 0.7511313 0.29264462 0.12504649
0.0685 -0.04817849 0.7705732 0.3434126 -0.04155535 0.08486268 0.7506094 0.29648238 0.12558226
0.069 -0.04797172 0.7697223 0.347265 -0.04139227 0.08545485 0.74988425 0.30031198 0.12608775
0.0695 -0.04776585 0.768678 0.3510996 -0.04123328 0.08602825 0.74895966 0.3041341 0.12656362
0.07 -0.04756092 0.7674453 0.3549165 -0.04107836 0.0865833 0.7478392 0.30794924 0.12701043
0.0705 -0.04735698 0.766029 0.3587157 -0.04092823 0.08712044 0.7465267 0.31175813 0.12742889
0.071 -0.04715485 0.764433 0.3624957 -0.04078833 0.08764017 0.745026 0.31556162 0.12781963
0.0715 -0.0469544 0.7626618 0.3662569 -0.0406524 0.08814286 0.7433405 0.3193602 0.12818323
0.072 -0.04675484 0.7607206 0.3700011 -0.04051858 0.08862889 0.7414737 0.32315448 0.1285203
0.0725 -0.04655599 0.7586141 0.3737287 -0.04038717 0.08909871 0.7394291 0.32694498 0.12883142
0.073 -0.04635795 0.7563468 0.3774398 -0.04025856 0.0895527 0.73721015 0.33073235 0.12911716
0.0735 -0.04616089 0.7539231 0.3811342 -0.04013305 0.08999117 0.7348199 0.33451676 0.12937802
0.074 -0.04596493 0.7513468 0.3848117 -0.04001087 0.09041457 0.73226213 0.33829895 0.12961462
0.0745 -0.0457702 0.7486221 0.3884725 -0.03989216 0.09082322 0.72953975 0.34207913 0.12982742
0.075 -0.04557676 0.7457525 0.3921164 -0.03977704 0.09121741 0.72665584 0.3458577 0.13001697
0.0755 -0.04538469 0.7427419 0.3957436 -0.03966556 0.09159754 0.723614 0.34963506 0.13018376
0.076 -0.04519403 0.7395937 0.399354 -0.03955779 0.09196389 0.7204169 0.35341132 0.13032827
0.0765 -0.0450048 0.7363115 0.4029479 -0.03945374 0.09231679 0.71706784 0.3571868 0.13045096
0.077 -0.04481705 0.7328987 0.4065253 -0.03935342 0.09265651 0.7135699 0.36096174 0.13055232
0.0775 -0.0446308 0.7293585 0.4100862 -0.03925684 0.09298338 0.709926 0.36473617 0.13063282
0.078 -0.04444607 0.7256941 0.4136309 -0.03916399 0.09329763 0.70613897 0.36851016 0.13069282
0.0785 -0.04426289 0.7219088 0.4171594 -0.03907484 0.09359954 0.702212 0.37228385 0.13073282
0.079 -0.04408127 0.7180055 0.4206718 -0.03898939 0.093889415 0.698148 0.37605727 0.13075323
0.0795 -0.04390124 0.7139872 0.4241682 -0.03890761 0.09416747 0.69394994 0.37983042 0.13075449
0.08 -0.04372281 0.7098568 0.4276488 -0.03882947 0.09443396 0.6896206 0.38360316 0.13073696
0.0805 -0.04354601 0.7056171 0.4311138 -0.03875495 0.0946891 0.6851629 0.3873754 0.13070104
0.081 -0.04337084 0.7012709 0.4345631 -0.03868402 0.09493311 0.68057966 0.39114687 0.13064708
0.0815 -0.04319733 0.6968208 0.437997 -0.03861664 0.09516625 0.6758739 0.3949176 0.13057555
0.082 -0.04302549 0.6922694 0.4414155 -0.03855279 0.09538865 0.67104805 0.39868712 0.1304867
0.0825 -0.04285534 0.6876193 0.4448189 -0.03849243 0.09560059 0.6661054 0.4024553 0.13038097
0.083 -0.04268689 0.6828729 0.4482072 -0.03843553 0.09580219 0.6610484 0.40622166 0.13025865
0.0835 -0.04252016 0.6780326 0.4515805 -0.03838207 0.0959937 0.6558802 0.40998602 0.13012014
0.084 -0.04235515 0.6731008 0.454939 -0.038332 0.09617527 0.6506034 0.41374788 0.12996577
0.0845 -0.04219189 0.6680797 0.4582829 -0.03828529 0.096347034 0.64522076 0.41750675 0.12979582
0.085 -0.04203038 0.6629715 0.4616122 -0.03824192 0.0965092 0.6397352 0.42126223 0.12961064
0.0855 -0.04187063 0.6577784 0.4649272 -0.03820185 0.09666194 0.63414955 0.42501384 0.12941058
0.086 -0.04171266 0.6525025 0.4682278 -0.03816504 0.09680532 0.62846625 0.42876077 0.12919587
0.0865 -0.04155647 0.6471458 0.4715144 -0.03813147 0.096939534 0.6226884 0.43250263 0.12896685
0.087 -0.04140207 0.6417103 0.4747869 -0.0381011 0.09706475 0.616819 0.43623894 0.12872389
0.0875 -0.04124948 0.6361979 0.4780456 -0.03807389 0.09718105 0.61086035 0.43996876 0.12846719
0.088 -0.04109869 0.6306106 0.4812906 -0.03804983 0.09728858 0.60481536 0.4436915 0.12819701
0.0885 -0.04094972 0.6249502 0.484522 -0.03802887 0.09738745 0.59868693 0.44740635 0.12791373
0.089 -0.04080257 0.6192184 0.48774 -0.03801099 0.09747778 0.5924778 0.4511127 0.12761755
0.0895 -0.04065725 0.613417 0.4909447 -0.03799615 0.09755966 0.5861908 0.45480973 0.12730882
0.09 -0.04051376 0.6075476 0.4941362 -0.03798432 0.09763324 0.57982874 0.45849657 0.12698774
0.0905 -0.04037211 0.6016121 0.4973148 -0.03797547 0.097698554 0.57339406 0.46217227 0.12665454
0.091 -0.0402323 0.5956118 0.5004804 -0.03796958 0.09775579 0.56689 0.46583623 0.12630957
0.0915 -0.04009433 0.5895485 0.5036333 -0.0379666 0.09780495 0.5603192 0.46948737 0.12595305
0.092 -0.0399582 0.5834237 0.5067736 -0.03796649 0.09784615 0.5536845 0.4731248 0.12558523
0.0925 -0.03982381 0.5772388 0.5099014 -0.03796914 0.097879454 0.54698825 0.47674745 0.12520629
0.093 -0.03969117 0.5709952 0.513017 -0.03797451 0.09790501 0.54023385 0.48035467 0.1248166
0.0935 -0.03956033 0.5646945 0.5161204 -0.03798265 0.0979228 0.53342354 0.48394525 0.12441629
0.094 -0.03943435 0.5583202 0.5184204 -0.03799274 0.097932994 0.52656066 0.4875183 0.124005705
0.0945 -0.03931716 0.551842 0.5204403 -0.03800431 0.09793556 0.51964736 0.49107265 0.123584956
0.095 -0.03920241 0.5452818 0.5228571 -0.03801862 0.097930685 0.51268697 0.49460763 0.1231544
0.0955 -0.03908668 0.5386659 0.5256651 -0.0380361 0.09791835 0.5056819 0.49812186 0.12271418
0.096 -0.03896948 0.5320111 0.5287283 -0.03805677 0.09789862 0.49863496 0.50161445 0.12226455
0.0965 -0.03885149 0.5253257 0.531925 -0.03808054 0.09787156 0.49154887 0.5050842 0.1218057
0.097 -0.03873363 0.5186123 0.5351733 -0.03810726 0.09783724 0.48442647 0.50853026 0.121337906
0.0975 -0.03861665 0.5118702 0.5384248 -0.03813683 0.09779574 0.47727057 0.5119515 0.120861396
0.098 -0.03850107 0.5050977 0.5416539 -0.03816914 0.09774707 0.4700835 0.51534677 0.120376304
0.0985 -0.03838722 0.4982926 0.5448489 -0.03820412 0.09769133 0.4628683 0.5187151 0.11988291
0.099 -0.03827527 0.4914529 0.5480062 -0.03824167 0.09762852 0.45562747 0.52205527 0.1193814
0.0995 -0.03816523 0.4845768 0.5511264 -0.03828159 0.09755869 0.44836375 0.5253663 0.118872
0.1 -0.03805709 0.4776633 0.5542118 -0.03832381 0.09738712 0.44531086 0.52592725 0.1185258
0.1005 -0.02807899 0.470492 0.5451039 -0.03335732 0.095556274 0.4371222 0.51942724 0.11632453
0.101 -0.01599487 0.462968 0.5351533 -0.02826644 0.09362663 0.42911994 0.512255 0.11404295
0.1015 -0.008035921 0.4553442 0.5269144 -0.02427336 0.09174651 0.42154852 0.5051513 0.11183369
0.102 -0.002838528 0.4477747 0.5197809 -0.020699 0.089919254 0.41437668 0.49815166 0.109698
0.1025 0.0009666967 0.4403516 0.5132033 -0.01728971 0.08814302 0.40759194 0.49125195 0.10763338
0.103 0.004103828 0.4331289 0.5068544 -0.01397533 0.086416915 0.40118745 0.48445034 0.10563859
0.1035 0.006920867 0.426139 0.5005742 -0.01073183 0.084740266 0.3951572 0.47774583 0.1037126
0.104 0.00956926 0.4194027 0.4942949 -0.007554741 0.083112255 0.3894944 0.4711373 0.10185428
0.1045 0.01212796 0.4129343 0.4879953 -0.004431097 0.08153215 0.38419285 0.46462357 0.100062564
0.105 0.01463625 0.4067443 0.4816739 -0.001355043 0.07999919 0.37924594 0.45820367 0.098336324
0.1055 0.01710034 0.4008401 0.4753349 0.001675829 0.078512594 0.37464687 0.4518764 0.09667441
0.106 0.0195185 0.3952262 0.468971 0.004659455 0.07707158 0.3703892 0.44564056 0.09507574
0.1065 0.02190766 0.3899051 0.4626026 0.007598297 0.07567535 0.36646608 0.4394951 0.09353915
0.107 0.02427839 0.384879 0.4562487 0.01049523 0.07432313 0.36287075 0.43343866 0.09206344
0.1075 0.02663079 0.3801486 0.4499173 0.01335193 0.07301414 0.35959658 0.4274704 0.09064755
0.108 0.02896208 0.3757139 0.4436135 0.01616969 0.071747616 0.35663682 0.4215891 0.08929035
0.1085 0.03126967 0.3715735 0.4373416 0.01894965 0.0705228 0.35398492 0.41579378 0.087990716
0.109 0.03355184 0.3677254 0.431106 0.02169294 0.0693389 0.35163406 0.41008335 0.0867475
0.1095 0.03580772 0.3638039 0.4249081 0.02439991 0.068195224 0.3495779 0.4044569 0.085559666
0.11 0.03803637 0.3592317 0.4187236 0.02706846 0.06709103 0.34780964 0.39891353 0.08442609
0.1105 0.04023801 0.3548099 0.4125618 0.02970389 0.06602557 0.34632295 0.39345238 0.083345756
0.111 0.04241361 0.3508904 0.4064462 0.03230823 0.06499821 0.3451116 0.38807273 0.082317635
0.1115 0.04456066 0.347585 0.4003941 0.03487898 0.06400822 0.344169 0.38277367 0.08134067
0.112 0.04666712 0.3448896 0.3944127 0.0374101 0.06305495 0.34348905 0.37755463 0.08041386
0.1125 0.04874479 0.3427526 0.3885084 0.03991182 0.06213777 0.3430657 0.372415 0.07953629
0.113 0.05080421 0.3411069 0.3826852 0.04238834 0.061256025 0.34289268 0.36735415 0.078706935
0.1135 0.0528479 0.3398858 0.3769441 0.04484065 0.060409095 0.34296402 0.36237153 0.07792488
0.114 0.05487324 0.3390308 0.3712831 0.04726832 0.059596363 0.34327376 0.35746655 0.07718916
0.1145 0.05685422 0.3384935 0.3656829 0.04966044 0.058817323 0.34381646 0.35263908 0.076498985
0.115 0.05880221 0.3382347 0.3601579 0.05201545 0.058071394 0.34458628 0.34788874 0.07585345
0.1155 0.06073652 0.3382257 0.3547204 0.05434649 0.057357993 0.3455774 0.343215 0.07525167
0.116 0.06266305 0.3384459 0.349373 0.05666068 0.056676593 0.34678444 0.33861762 0.07469283
0.1165 0.06458047 0.3388796 0.3441141 0.05895914 0.0560267 0.348202 0.33409646 0.07417613
0.117 0.0664855 0.3395155 0.3389417 0.06124159 0.05540781 0.34982482 0.32965133 0.07370077
0.1175 0.06837518 0.3403448 0.333854 0.06350759 0.054819454 0.3516477 0.32528204 0.073266014
0.118 0.0702475 0.3413611 0.3288504 0.06575684 0.054261144 0.35366544 0.32098848 0.07287109
0.1185 0.07210134 0.3425594 0.3239305 0.06798924 0.053732444 0.3558732 0.31677055 0.07251528
0.119 0.07393629 0.3439359 0.3190944 0.07020486 0.053232897 0.35826588 0.31262815 0.07219787
0.1195 0.07575225 0.3454875 0.3143421 0.07240384 0.052762095 0.36083892 0.30856138 0.071918175
0.12 0.07754918 0.3472115 0.3096741 0.07458617 0.052319627 0.3635875 0.3045702 0.071675554
0.1205 0.07932717 0.3491054 0.3050904 0.07675201 0.05190507 0.366507 0.30065447 0.07146929
0.121 0.08108667 0.3511672 0.3005914 0.07890182 0.05151802 0.36959293 0.29681423 0.07129878
0.1215 0.08282822 0.3533948 0.2961773 0.08103605 0.051158126 0.37284088 0.29304957 0.071163386
0.122 0.08455235 0.3557865 0.2918482 0.08315514 0.050825004 0.3762466 0.28936052 0.071062505
0.1225 0.08625951 0.3583402 0.2876042 0.08525948 0.050518285 0.37980586 0.28574705 0.07099554
0.123 0.08795013 0.3610539 0.2834451 0.0873495 0.0502376 0.38351455 0.2822092 0.07096191
0.1235 0.0896246 0.3639254 0.279371 0.08942559 0.049982633 0.38736865 0.27874696 0.07096104
0.124 0.09128331 0.3669524 0.2753816 0.09148817 0.049753044 0.39136428 0.2753605 0.070992425
0.1245 0.09292659 0.3701327 0.2714766 0.09353762 0.049548473 0.39549765 0.2720497 0.07105546
0.125 0.0945548 0.3734639 0.2676557 0.09557432 0.049368646 0.39976507 0.2688147 0.07114966
0.1255 0.09616825 0.3769434 0.2639186 0.09759866 0.049213197 0.40416285 0.26565543 0.07127449
0.126 0.09776726 0.3805689 0.2602648 0.099611 0.049081843 0.4086875 0.2625718 0.07142946
0.1265 0.09935214 0.3843376 0.2566939 0.1016117 0.04897425 0.41333556 0.2595639 0.07161404
0.127 0.1009232 0.3882471 0.2532053 0.1036011 0.04889017 0.41810372 0.2566317 0.071827814
0.1275 0.1024806 0.3922948 0.2497985 0.1055753 0.048829254 0.42298868 0.25377506 0.07207024
0.128 0.1040247 0.3964781 0.2464729 0.1075313 0.04879122 0.42798722 0.25099388 0.07234086
0.1285 0.1055554 0.4007942 0.2432278 0.1094786 0.048775796 0.43309632 0.24828812 0.07263926
0.129 0.1070733 0.4052408 0.2400626 0.1114187 0.048782688 0.43831298 0.24565765 0.07296495
0.1295 0.1085786 0.409815 0.2369766 0.1132728 0.048811648 0.44363442 0.2431024 0.07331754
0.13 0.1100715 0.4145145 0.2339691 0.1150595 0.04886235 0.4490575 0.24062201 0.07369655
0.1305 0.1115524 0.4193366 0.2310392 0.1168756 0.048934538 0.45457968 0.23821649 0.07410158
0.131 0.1130099 0.424278 0.228185 0.1187069 0.04902794 0.46019825 0.23588544 0.07453218
0.1315 0.1144385 0.429336 0.2254034 0.1205437 0.049142268 0.46591046 0.23362869 0.07498798
0.132 0.1158559 0.4345086 0.2226965 0.1223932 0.049277257 0.47171387 0.23144597 0.075468525
0.1325 0.1172714 0.4397938 0.2200656 0.1242545 0.04943267 0.47760603 0.22933698 0.07597348
0.133 0.1186857 0.4451896 0.2175102 0.1261231 0.049608227 0.4835846 0.22730142 0.07650243
0.1335 0.1200964 0.4506936 0.2150291 0.127986 0.049803633 0.48964706 0.22533885 0.07705493
0.134 0.1215008 0.4563037 0.2126209 0.1298439 0.05001868 0.49579147 0.22344908 0.07763071
0.1345 0.1228972 0.4620175 0.2102844 0.1317005 0.050253082 0.50201535 0.22163156 0.07822931
0.135 0.1242849 0.4678328 0.2080187 0.1335553 0.05050656 0.50831676 0.21988583 0.07885036
0.1355 0.1256631 0.4737472 0.2058227 0.1353304 0.050778884 0.5146934 0.21821156 0.07949352
0.136 0.1270318 0.4797579 0.2036953 0.1370116 0.051069785 0.52114356 0.21660829 0.08015844
0.1365 0.1283908 0.4858632 0.2016358 0.1387314 0.051379 0.5276649 0.21507537 0.08084473
0.137 0.1297405 0.4920616 0.1996432 0.140491 0.051706295 0.53425586 0.21361247 0.08155206
0.1375 0.1310738 0.4983513 0.1977162 0.1421401 0.052051406 0.54091454 0.21221888 0.082280055
0.138 0.13238 0.5047301 0.1958525 0.1437707 0.05241408 0.54763913 0.2108942 0.08302842
0.1385 0.1336758 0.5111962 0.1940523 0.1454621 0.052794036 0.55442774 0.20963767 0.08379674
0.139 0.1349715 0.5177475 0.1923164 0.1472051 0.05319107 0.5612788 0.20844886 0.08458473
0.1395 0.1362683 0.5243822 0.190644 0.1489843 0.053604875 0.5681906 0.20732695 0.08539204
0.14 0.1375636 0.5310984 0.1890342 0.1507743 0.054035287 0.5751617 0.20627165 0.08621837
0.1405 0.1388533 0.5378942 0.1874857 0.1525756 0.054481957 0.58219016 0.20528185 0.08706333
0.141 0.1401317 0.5447678 0.1859975 0.1543884 0.054944713 0.589275 0.20435727 0.08792667
0.1415 0.1414014 0.5517177 0.1845683 0.1562083 0.05542327 0.5964143 0.20349702 0.088808015
0.142 0.1426646 0.558742 0.1831974 0.1580319 0.055917386 0.6036066 0.2027004 0.08970706
0.1425 0.1439224 0.5658395 0.181884 0.1598562 0.05642682 0.6108508 0.20196682 0.09062348
0.143 0.145175 0.5730084 0.1806272 0.1616793 0.056951325 0.61814535 0.20129544 0.091556996
0.1435 0.1464214 0.5802473 0.1794263 0.1634993 0.05749068 0.625489 0.20068562 0.0925073
0.144 0.1476576 0.5875546 0.1782804 0.1653147 0.05804458 0.6328801 0.20013645 0.093474016
0.1445 0.1488866 0.594929 0.1771885 0.1671245 0.058612835 0.6403177 0.19964734 0.09445691
0.145 0.1501109 0.6023689 0.17615 0.1689287 0.0591952 0.64780056 0.19921741 0.09545568
0.1455 0.151331 0.6098729 0.1751639 0.1707269 0.059791442 0.6553273 0.19884607 0.09647003
0.146 0.1525471 0.6174396 0.1742294 0.1725189 0.06040131 0.6628969 0.19853234 0.097499624
0.1465 0.1537589 0.6250677 0.1733459 0.1743046 0.061024558 0.670508 0.19827557 0.098544225
0.147 0.1549661 0.6327558 0.1725124 0.176084 0.061660964 0.6781597 0.19807488 0.09960349
0.1475 0.1561687 0.6405026 0.1717282 0.1778574 0.06231029 0.6858506 0.1979295 0.10067716
0.148 0.1573665 0.6483069 0.1709925 0.1796248 0.06297232 0.6935799 0.1978387 0.10176499
0.1485 0.1585592 0.6561674 0.1703044 0.1813861 0.06364679 0.70134616 0.19780159 0.10286665
0.149 0.1597461 0.6640828 0.1696631 0.1831403 0.0643335 0.70914865 0.19781736 0.10398184
0.1495 0.1609098 0.6720501 0.1690655 0.184867 0.0650322 0.7169862 0.19788536 0.10511036
0.15 0.1620476 0.6800686 0.1685094 0.1865712 0.06574549 0.72483814 0.19803101 0.10625328
0.1505 0.1631629 0.6880509 0.1679946 0.1882597 0.066490546 0.732504 0.1984576 0.107414335
0.151 0.1642785 0.695813 0.1675165 0.1899464 0.06719896 0.7397995 0.19885975 0.108518675
0.1515 0.1654071 0.7032908 0.16707 0.1916358 0.067875266 0.7467109 0.19927102 0.10956968
0.152 0.1665488 0.7104518 0.1666196 0.1933223 0.06851593 0.7532344 0.19967276 0.11056386
0.1525 0.1676972 0.717268 0.1658922 0.1950063 0.0691217 0.75937915 0.20006466 0.11150247
0.153 0.1688277 0.7237236 0.1652132 0.1966652 0.06969312 0.76515484 0.20044476 0.11238657
0.1535 0.1699423 0.7298219 0.1646902 0.1983106 0.07023093 0.7705717 0.2008124 0.11321752
0.154 0.171058 0.7355681 0.1642987 0.1999573 0.07073587 0.77563965 0.20116663 0.11399658
0.1545 0.1721806 0.7409665 0.1639931 0.2016072 0.07120857 0.7803676 0.20150661 0.114724874
0.155 0.1733069 0.7460181 0.1637356 0.203244 0.071649745 0.78476477 0.201832 0.11540368
0.1555 0.1744316 0.7507262 0.1635012 0.2048714 0.07206014 0.78884006 0.2021423 0.11603421
0.156 0.175554 0.7550946 0.1632775 0.2064996 0.072440386 0.7926017 0.20243716 0.11661753
0.1565 0.176674 0.7591269 0.163058 0.20813 0.072791174 0.7960576 0.20271641 0.11715478
0.157 0.1777911 0.7628255 0.1628389 0.2097611 0.07311319 0.79921603 0.20298004 0.11764711
0.1575 0.1789044 0.7661964 0.1626186 0.2113911 0.073407024 0.80208397 0.20322782 0.11809549
0.158 0.1800133 0.7692457 0.1623963 0.2130184 0.07367341 0.80466914 0.20346004 0.1185011
0.1585 0.1811172 0.7719792 0.1621722 0.2146417 0.07391293 0.80697834 0.20367652 0.11886482
0.159 0.1822161 0.7744032 0.1619463 0.21626 0.0741262 0.8090184 0.20387772 0.11918773
0.1595 0.1833097 0.7765237 0.1617189 0.2178727 0.074313864 0.81079566 0.20406368 0.119470775
0.16 0.184398 0.7783471 0.1614904 0.219479 0.074476495 0.81231666 0.20423478 0.11971487
0.1605 0.1854792 0.7798799 0.1612607 0.2210752 0.074614644 0.8135872 0.20439112 0.119920924
0.161 0.1865323 0.7811285 0.1610264 0.2226358 0.074728966 0.81461346 0.2045334 0.1200899
0.1615 0.1875668 0.7820991 0.1607877 0.2241793 0.07482 0.8154011 0.20466179 0.12022264
0.162 0.188602 0.7827984 0.1605485 0.2257214 0.074888274 0.8159553 0.20477676 0.12031996
0.1625 0.189644 0.7832331 0.1603103 0.2272649 0.07493433 0.8162817 0.20487872 0.12038271
0.163 0.1906919 0.78341 0.1600727 0.2288089 0.07495876 0.8163854 0.20496827 0.12041174
0.1635 0.1917417 0.7833325 0.1598343 0.2303374 0.074962005 0.81627107 0.20504564 0.12040773
0.164 0.19264 0.7830059 0.1595917 0.2318414 0.07494463 0.81594396 0.20511165 0.12037158
0.1645 0.193423 0.7824398 0.1593455 0.2333403 0.07490711 0.8154086 0.20516667 0.12030399
0.165 0.1942851 0.7816418 0.1590973 0.2348412 0.0748499 0.81466913 0.20521119 0.12020561
0.1655 0.1952441 0.780619 0.1588481 0.2363445 0.074773535 0.81373036 0.20524573 0.12007722
0.166 0.1962721 0.7793773 0.1585976 0.2378487 0.07467842 0.8125962 0.20527095 0.11991948
0.1665 0.1973389 0.7779225 0.1583452 0.2393523 0.07456505 0.8112711 0.20528734 0.11973314
0.167 0.1984218 0.7762599 0.1580903 0.2408537 0.07443391 0.8097589 0.20529556 0.11951877
0.1675 0.1994967 0.7743947 0.1578161 0.242344 0.07428533 0.8080634 0.20529592 0.119277045
0.168 0.2005396 0.77233 0.1575048 0.2438082 0.074119836 0.80618846 0.2052893 0.1190086
0.1685 0.2015716 0.7700708 0.1571961 0.2452648 0.0739378 0.8041377 0.20527607 0.11871405
0.169 0.202603 0.7676231 0.1569006 0.2467221 0.0737396 0.8019146 0.20525682 0.11839394
0.1695 0.2036344 0.7649927 0.1566154 0.2481807 0.0735257 0.79952276 0.20523214 0.11804892
0.17 0.2046635 0.7621848 0.1563348 0.2496394 0.07329647 0.7969655 0.2052027 0.117679566
0.1705 0.205688 0.7592043 0.1560544 0.2510965 0.0730523 0.7942461 0.2051689 0.11728637
0.171 0.2067064 0.7560557 0.155771 0.2525509 0.07279351 0.79136753 0.20513135 0.1168699
0.1715 0.2077168 0.7527434 0.1554827 0.2540011 0.072520524 0.7883332 0.20509055 0.116430685
0.172 0.2087188 0.7492715 0.1551885 0.2554463 0.07223365 0.78514576 0.20504695 0.115969196
0.1725 0.2097133 0.745644 0.1548878 0.2568864 0.071933284 0.7818085 0.20500135 0.11548604
0.173 0.2107012 0.7418648 0.1545802 0.2583216 0.071619794 0.77832437 0.20495427 0.114981666
0.1735 0.2116832 0.7379378 0.1542658 0.2597515 0.07129343 0.7746959 0.2049059 0.11445655
0.174 0.2126597 0.7338668 0.1539444 0.2611757 0.07095456 0.770926 0.20485699 0.11391114
0.1745 0.2136308 0.7296555 0.153616 0.2625934 0.07060355 0.7670175 0.20480809 0.11334598
0.175 0.2145966 0.7253074 0.1532806 0.2640047 0.07024065 0.7629727 0.20475951 0.11276142
0.1755 0.2155573 0.7208261 0.1529381 0.2654102 0.069866195 0.7587944 0.20471177 0.11215797
0.176 0.2165134 0.7162149 0.1525887 0.2668098 0.06948048 0.754485 0.20466548 0.111536056
0.1765 0.2174648 0.7114772 0.1522321 0.2682036 0.06908378 0.7500471 0.20462084 0.11089605
0.177 0.2184118 0.7066163 0.1518685 0.2695916 0.06867644 0.74548304 0.20457858 0.11023846
0.1775 0.2193546 0.7016352 0.1514978 0.270974 0.06825869 0.74079514 0.20453888 0.109563634
0.178 0.2202933 0.6965371 0.15112 0.2723507 0.06783083 0.7359859 0.20450231 0.10887197
0.1785 0.221228 0.691325 0.150735 0.273722 0.067393154 0.73105764 0.2044693 0.10816392
0.179 0.2221588 0.6860017 0.1503429 0.2750877 0.066945866 0.72601247 0.20444012 0.1074398
0.1795 0.2230856 0.6805702 0.1499434 0.2764479 0.066489264 0.72085273 0.20441514 0.10669999
0.18 0.2240085 0.6750331 0.1495367 0.2778028 0.06602363 0.7155806 0.20439494 0.10594493
0.1805 0.2249276 0.6693931 0.1491226 0.2791522 0.06554915 0.71019804 0.20437956 0.1051749
0.181 0.2258428 0.6636529 0.1487012 0.2804964 0.065066084 0.7047074 0.20436954 0.10439028
0.1815 0.2267542 0.657815 0.1482724 0.2818353 0.06457469 0.6991106 0.20436507 0.10359141
0.182 0.2276617 0.6518818 0.1478362 0.283169 0.0640752 0.6934099 0.20436662 0.1027787
0.1825 0.2285655 0.6458558 0.1473925 0.2844976 0.06356786 0.6876073 0.20437437 0.10195243
0.183 0.2294632 0.6397386 0.1469412 0.2858164 0.06305288 0.6817049 0.20438862 0.10111296
0.1835 0.2303316 0.6335293 0.1464775 0.2870939 0.0625304 0.67570424 0.20440948 0.100260526
0.184 0.2311806 0.6272316 0.1460015 0.2883536 0.062000725 0.66960776 0.20443732 0.09939556
0.1845 0.2320317 0.6208492 0.1455186 0.2896157 0.061464053 0.66341734 0.20447236 0.09851831
0.185 0.2328919 0.6143854 0.1450309 0.2908833 0.060920563 0.6571348 0.20451483 0.097629115
0.1855 0.23376 0.6078426 0.1445382 0.2921552 0.06037048 0.6507622 0.20456481 0.09672828
0.186 0.2346328 0.6012208 0.14404 0.2934301 0.059813987 0.6443013 0.20462266 0.09581609
0.1865 0.2355074 0.5945218 0.1435355 0.2947065 0.05925126 0.63775396 0.20468825 0.09489283
0.187 0.2363814 0.5877495 0.1430242 0.2959832 0.058682505 0.63112223 0.2047619 0.09395878
0.1875 0.2372532 0.5809066 0.1425058 0.2972592 0.058107894 0.62440777 0.2048437 0.093014255
0.188 0.2381086 0.5739925 0.1419772 0.298505 0.057527583 0.6176125 0.20493358 0.09205948
0.1885 0.2389153 0.5670062 0.1414047 0.299705 0.056941804 0.6107383 0.20503196 0.09109481
0.189 0.2396949 0.55995 0.1407967 0.3008941 0.056350697 0.60378706 0.20513862 0.09012045
0.1895 0.2404887 0.5528274 0.140198 0.3020955 0.05575439 0.5967603 0.20525366 0.08913666
0.19 0.2413052 0.5456421 0.1396151 0.3033109 0.055153098 0.5896599 0.20537713 0.088143736
0.1905 0.2421394 0.5383969 0.1390422 0.3045374 0.05454698 0.5824882 0.2055091 0.087141946
0.191 0.2429831 0.5310937 0.1384725 0.3057714 0.053936135 0.5752461 0.20564938 0.08613148
0.1915 0.2438295 0.5237338 0.137901 0.3070005 0.053320754 0.56793594 0.20579806 0.08511262
0.192 0.2446745 0.5163185 0.1373244 0.3082152 0.052700993 0.5605594 0.20595509 0.08408564
0.1925 0.2455165 0.5088487 0.1367408 0.3094283 0.052076984 0.5531182 0.20612043 0.08305076
0.193 0.2463553 0.5013254 0.1361494 0.3106437 0.051448856 0.54561424 0.20629394 0.0820082
0.1935 0.2471791 0.4937496 0.1355491 0.3118551 0.05081675 0.538049 0.20647553 0.0809582
0.194 0.2479778 0.4861221 0.1349382 0.3130592 0.050180797 0.53042436 0.20666504 0.079900995
0.1945 0.2487727 0.4784438 0.1343186 0.3142641 0.049541127 0.52274203 0.20686245 0.07883683
0.195 0.2495733 0.4707158 0.1336919 0.3154715 0.048897874 0.5150039 0.20706746 0.07776588
0.1955 0.2503802 0.4629394 0.1330587 0.3166811 0.04825114 0.50721145 0.20727992 0.076688394
0.196 0.2511911 0.4551156 0.1324187 0.3178919 0.047601033 0.4993665 0.2074996 0.07560457
0.1965 0.2520034 0.4472456 0.1317718 0.3191028 0.046947736 0.4914709 0.20772651 0.07451467
0.197 0.2528152 0.4393304 0.1311177 0.3203133 0.046291288 0.4835262 0.20796025 0.073418856
0.1975 0.2536255 0.4313713 0.1304567 0.321523 0.045631845 0.47553435 0.2082006 0.07231736
0.198 0.2544334 0.4233692 0.1297886 0.3227315 0.044969458 0.46749666 0.20844722 0.071210325
0.1985 0.2552386 0.4153231 0.1291136 0.3239382 0.044304285 0.45941517 0.2087 0.07009804
0.199 0.2560405 0.407233 0.1284316 0.3251429 0.043636393 0.45129147 0.20895854 0.068980634
0.1995 0.256839 0.3991022 0.1277426 0.3263453 0.0429659 0.44312724 0.20922256 0.06785832
0.2 0.2576342 0.3909327 0.127047 0.3275415 0.041959155 0.43276027 0.20865065 0.06628896
0.2005 0.2572793 0.3827901 0.125507 0.3178849 0.040761296 0.42348275 0.20640483 0.06460883
0.201 0.2551085 0.374779 0.1231356 0.3079967 0.039633278 0.41474897 0.20428854 0.063026816
0.2015 0.2531026 0.3669825 0.1211716 0.3008322 0.03854849 0.4064546 0.20219973 0.061511856
0.202 0.2516375 0.3594683 0.1196047 0.2948459 0.03750469 0.39858294 0.20013389 0.060060818
0.2025 0.250553 0.3522743 0.118256 0.2893895 0.036500838 0.3911252 0.19808939 0.05867221
0.203 0.2496716 0.3454201 0.1170134 0.2842558 0.035536002 0.3840731 0.19606513 0.057344656
0.2035 0.2488845 0.3389156 0.1158235 0.2793759 0.034609262 0.37741834 0.19405991 0.05607679
0.204 0.248135 0.3327653 0.1146639 0.2747208 0.033719767 0.37115273 0.19207299 0.054867353
0.2045 0.2473961 0.3269706 0.1135255 0.2702735 0.032866675 0.365268 0.19010365 0.05371501
0.205 0.2466555 0.321531 0.1124055 0.2660207 0.03204913 0.35975587 0.18815112 0.052618477
0.2055 0.2459078 0.3164444 0.1113031 0.2619512 0.03126632 0.35460812 0.18621495 0.051576514
0.206 0.245151 0.3117076 0.1102183 0.2580547 0.03051747 0.3498166 0.18429467 0.05058788
0.2065 0.2443848 0.3073164 0.1091517 0.2543216 0.029801805 0.34537333 0.18238997 0.04965138
0.207 0.2436093 0.3032659 0.1081038 0.2507431 0.029118564 0.34127012 0.1805005 0.048765812
0.2075 0.2428252 0.2995507 0.107075 0.2473109 0.028467048 0.3374991 0.17862621 0.047930013
0.208 0.2420331 0.2961649 0.1060659 0.2440171 0.027846549 0.3340526 0.17676702 0.047142897
0.2085 0.2412339 0.2931022 0.105077 0.2408545 0.027256403 0.33092275 0.17492282 0.04640333
0.209 0.2404284 0.2903561 0.1041087 0.2378164 0.026695948 0.3281021 0.17309383 0.04571027
0.2095 0.2396174 0.2879201 0.1031613 0.2348964 0.026164535 0.32558307 0.17128003 0.045062635
0.21 0.2388015 0.2857873 0.1022352 0.2320884 0.025661614 0.3233585 0.16948181 0.044459473
0.2105 0.2379817 0.2839511 0.1013306 0.229387 0.025186535 0.32142103 0.16769925 0.043899756
0.211 0.2371585 0.2824044 0.1004479 0.2267867 0.024738792 0.31976384 0.1659328 0.04338256
0.2115 0.2363327 0.2811406 0.09958722 0.2242827 0.024317805 0.31837985 0.16418281 0.042906936
0.212 0.235505 0.2801529 0.09874884 0.2218703 0.02392308 0.3172624 0.16244969 0.04247201
0.2125 0.2346758 0.2794345 0.09793291 0.2195452 0.023554113 0.3164049 0.16073388 0.04207692
0.213 0.2338459 0.278979 0.09713959 0.2173033 0.023210403 0.31580085 0.15903589 0.04172078
0.2135 0.2330159 0.2787797 0.096369 0.2151407 0.02289151 0.315444 0.15735623 0.041402828
0.214 0.2321861 0.2788304 0.09562127 0.2130538 0.022596981 0.3153281 0.1556955 0.041122247
0.2145 0.2313572 0.2791247 0.09489648 0.2110392 0.022326376 0.31544703 0.15405422 0.04087824
0.215 0.2305296 0.2796564 0.09419472 0.2090937 0.022079293 0.3157951 0.15243307 0.040670116
0.2155 0.2297039 0.2804197 0.09351602 0.2072141 0.021855343 0.31636652 0.15083268 0.040497143
0.216 0.2288803 0.2814085 0.09286045 0.2053977 0.021654125 0.31715554 0.14925358 0.04035859
0.2165 0.2280594 0.2826172 0.09222801 0.2036418 0.021475311 0.31815693 0.14769661 0.040253837
0.217 0.2272416 0.2840401 0.09161874 0.2019439 0.021318521 0.31936517 0.14616239 0.040182207
0.2175 0.2264272 0.2856718 0.09103261 0.2003014 0.021183398 0.3207751 0.14465144 0.04014303
0.218 0.2256166 0.287507 0.09046963 0.1987122 0.021069627 0.3223816 0.14316458 0.040135715
0.2185 0.22481 0.2895403 0.08992976 0.197174 0.020976912 0.32417977 0.14170244 0.040159676
0.219 0.224008 0.2917668 0.08941296 0.195685 0.02090491 0.32616475 0.14026576 0.04021432
0.2195 0.2232106 0.2941816 0.08891921 0.1942431 0.020853352 0.32833192 0.13885516 0.04029909
0.22 0.2224183 0.2967798 0.08844842 0.1928465 0.020821925 0.3306765 0.13747126 0.0404134
0.2205 0.2216313 0.2995567 0.08800055 0.1914935 0.020810392 0.33319432 0.1361149 0.0405568
0.221 0.2208498 0.3025078 0.08757552 0.1901824 0.02081846 0.33588082 0.13478667 0.04072873
0.2215 0.2200741 0.3056287 0.08717324 0.1889118 0.020845849 0.33873168 0.13348702 0.04092865
0.222 0.2193044 0.3089149 0.08679362 0.1876801 0.020892326 0.3417429 0.13221684 0.041156117
0.2225 0.2185409 0.3123625 0.08643658 0.1864859 0.020957638 0.3449104 0.13097659 0.04141063
0.223 0.2177838 0.3159671 0.08610199 0.1853279 0.021041546 0.34823033 0.12976697 0.041691747
0.2235 0.2170333 0.319725 0.08578976 0.1842049 0.021143798 0.35169867 0.12858847 0.04199898
0.224 0.2162896 0.3236321 0.08549977 0.1831156 0.021264207 0.35531196 0.1274418 0.042331945
0.2245 0.2155528 0.3276848 0.08523189 0.1820589 0.021402504 0.3590663 0.12632734 0.042690147
0.225 0.2148231 0.3318794 0.084986 0.1810337 0.02155846 0.36295822 0.12524563 0.04307318
0.2255 0.2141006 0.3362123 0.08476196 0.1800389 0.021731894 0.36698428 0.1241973 0.043480646
0.226 0.2133855 0.34068 0.08455965 0.1790736 0.021922585 0.3711412 0.12318272 0.04391214
0.2265 0.2126778 0.3452791 0.08437891 0.1781369 0.0221303 0.37542552 0.122202404 0.04436725
0.227 0.2119777 0.3500065 0.0842196 0.1772277 0.022354852 0.37983415 0.12125673 0.0448456
0.2275 0.2112852 0.3548588 0.08408157 0.1763454 0.02259602 0.38436395 0.12034612 0.0453468
0.228 0.2106006 0.359833 0.08396468 0.1754889 0.022853639 0.38901183 0.119471036 0.045870487
0.2285 0.2099237 0.364926 0.08386876 0.1746576 0.02312747 0.39377493 0.11863171 0.046416294
0.229 0.2092548 0.370135 0.08379365 0.1738508 0.023417328 0.39865023 0.117828555 0.04698385
0.2295 0.2085939 0.375457 0.0837392 0.1730675 0.023723025 0.40363494 0.11706179 0.04757281
0.23 0.2079411 0.3808892 0.08370524 0.1723073 0.024044354 0.40872633 0.11633178 0.048182804
0.2305 0.2072963 0.3864289 0.0836916 0.1715694 0.024381142 0.41392177 0.115638815 0.04881354
0.231 0.2066597 0.3920735 0.08369811 0.1708531 0.024733175 0.41921854 0.114982925 0.049464624
0.2315 0.2060313 0.3978205 0.0837246 0.170158 0.025100272 0.4246141 0.1143645 0.050135743
0.232 0.2054111 0.4036672 0.08377091 0.1694833 0.025482263 0.430106 0.11378365 0.050826583
0.2325 0.2047992 0.4096113 0.08383685 0.1688286 0.025878947 0.43569192 0.11324053 0.051536825
0.233 0.2041956 0.4156503 0.08392224 0.1681933 0.026290137 0.44136932 0.11273532 0.05226614
0.2335 0.2036003 0.4217821 0.08402693 0.1675768 0.026715633 0.44713578 0.11226796 0.053014185
0.234 0.2030133 0.4280043 0.08415071 0.1669787 0.027155269 0.45298937 0.111838646 0.053780686
0.2345 0.2024346 0.4343147 0.08429342 0.1663985 0.027608816 0.45892748 0.11144731 0.05456529
0.235 0.2018642 0.4407111 0.08445487 0.1658358 0.02807616 0.46494833 0.11109417 0.05536777
0.2355 0.2013022 0.4471916 0.08463489 0.16529 0.028557088 0.47104964 0.11077922 0.05618779
0.236 0.2007485 0.4537541 0.08483329 0.1647608 0.029051397 0.4772294 0.11050216 0.057025034
0.2365 0.2002031 0.4603966 0.08504988 0.1642478 0.029558923 0.4834855 0.110263266 0.057879213
0.237 0.199666 0.4671172 0.0852845 0.1637505 0.030079488 0.48981616 0.11006231 0.058750074
0.2375 0.1991372 0.473914 0.08553695 0.1632686 0.030612882 0.49621925 0.1098992 0.059637282
0.238 0.1986167 0.4807852 0.08580705 0.1628017 0.031158943 0.50269306 0.1097739 0.06054056
0.2385 0.1981044 0.4877291 0.08609461 0.1623494 0.031717468 0.5092356 0.10968623 0.06145965
0.239 0.1976003 0.4947438 0.08639946 0.1619114 0.03228831 0.5158452 0.10963606 0.062394265
0.2395 0.1971045 0.5018277 0.08672142 0.1614874 0.032871258 0.52252007 0.10962323 0.063344106
0.24 0.1966168 0.5089792 0.08706029 0.161077 0.033466157 0.5292585 0.109647624 0.06430897
0.2405 0.1961372 0.5161967 0.08741591 0.1606799 0.03407282 0.5360589 0.109709 0.06528853
0.241 0.1956658 0.5234785 0.08778807 0.1602959 0.03469104 0.5429195 0.1098071 0.066282496
0.2415 0.1952024 0.5308233 0.08817661 0.1599246 0.035320673 0.5498388 0.10994173 0.06729065
0.242 0.194747 0.5382294 0.08858134 0.1595658 0.03596152 0.55681515 0.11011272 0.06831272
0.2425 0.1942996 0.5456955 0.08900209 0.1592191 0.03661341 0.56384706 0.11031964 0.06934844
0.243 0.1938601 0.5532202 0.08943866 0.1588843 0.037276123 0.57093287 0.1105623 0.07039751
0.2435 0.1934285 0.560802 0.08989089 0.1585612 0.037949566 0.57807136 0.11084057 0.07145977
0.244 0.1930048 0.5684397 0.09035859 0.1582495 0.03863347 0.58526075 0.11115388 0.07253486
0.2445 0.1925889 0.5761319 0.09084159 0.1579489 0.039327715 0.59249985 0.11150215 0.0736226
0.245 0.1921807 0.5838773 0.09133971 0.1576593 0.040032092 0.59978724 0.1118849 0.07472269
0.2455 0.1917802 0.5916748 0.09185277 0.1573804 0.040746454 0.6071216 0.11230188 0.075834945
0.246 0.1913873 0.5995232 0.0923806 0.1571119 0.04147063 0.6145016 0.11275285 0.07695909
0.2465 0.191002 0.6074212 0.09292302 0.1568537 0.0422044 0.6219257 0.113237254 0.078094855
0.247 0.1906243 0.6153676 0.09347987 0.1566056 0.042947654 0.62939286 0.11375492 0.07924205
0.2475 0.190254 0.6233615 0.09405096 0.1563673 0.043700155 0.63690174 0.11430537 0.08040039
0.248 0.1898911 0.6314017 0.09463614 0.1561386 0.044461776 0.64445114 0.1148883 0.08156969
0.2485 0.1895356 0.639487 0.09523522 0.1559194 0.045232337 0.65203965 0.11550332 0.082749665
0.249 0.1891874 0.6476166 0.09584804 0.1557095 0.04601163 0.6596662 0.116149984 0.08394009
0.2495 0.1888465 0.6557893 0.09647443 0.1555087 0.046799537 0.66732955 0.11682799 0.08514078
0.25 0.1885127 0.6640043 0.09711424 0.1553167 0.047595892 0.6750289 0.11753697 0.0863515
0.2505 0.1881877 0.6721735 0.09776743 0.1551552 0.048424292 0.6825609 0.11851878 0.08758171
0.251 0.1878804 0.6801129 0.09843292 0.1550593 0.04921629 0.68973744 0.11946992 0.0887564
0.2515 0.1875942 0.6877588 0.09910459 0.1550154 0.0499723 0.6965364 0.12040425 0.089874536
0.252 0.1873264 0.695079 0.09977624 0.1550138 0.050692152 0.70296395 0.1213176 0.09093638
0.2525 0.1870746 0.7020563 0.1004437 0.1550501 0.0513764 0.70902884 0.12220857 0.091942966
0.253 0.1868373 0.7086809 0.1011045 0.1551216 0.052025583 0.71474016 0.12307588 0.09289536
0.2535 0.1866134 0.7149474 0.1017567 0.1552267 0.052640397 0.7201071 0.12391875 0.09379472
0.254 0.1864027 0.7208536 0.1023992 0.1553635 0.053221453 0.72513807 0.12473651 0.09464221
0.2545 0.1862046 0.7263992 0.1030308 0.1555305 0.0537694 0.7298416 0.12552845 0.09543891
0.255 0.1860191 0.7315858 0.1036506 0.1557265 0.05428491 0.7342261 0.12629443 0.09618595
0.2555 0.1858461 0.736416 0.104258 0.1559499 0.05476859 0.7382989 0.12703392 0.096884355
0.256 0.1856853 0.7408937 0.1048522 0.1561996 0.055221085 0.74206805 0.12774691 0.09753524
0.2565 0.1855367 0.7450236 0.1054327 0.1564744 0.05564302 0.7455405 0.12843329 0.09813957
0.257 0.1854001 0.748811 0.105999 0.1567731 0.05603512 0.74872386 0.12909338 0.0986985
0.2575 0.1852754 0.7522616 0.1065506 0.1570947 0.05639791 0.7516247 0.12972698 0.09921293
0.258 0.1851625 0.7553818 0.1070871 0.1574381 0.056732092 0.75424993 0.13033462 0.099683926
0.2585 0.1850612 0.7581779 0.1076083 0.1578025 0.057038266 0.75660586 0.1309165 0.10011241
0.259 0.1849715 0.7606569 0.1081137 0.1581869 0.057317015 0.7586987 0.13147298 0.10049935
0.2595 0.1848932 0.7628254 0.1086031 0.1585905 0.05756898 0.7605345 0.13200453 0.10084568
0.26 0.1848261 0.7646906 0.1090763 0.1590124 0.057794746 0.76211953 0.13251159 0.10115233
0.2605 0.1847702 0.7662595 0.109533 0.159452 0.05799493 0.7634592 0.1329948 0.10142021
0.261 0.1847253 0.7675389 0.1099732 0.1599084 0.058170076 0.76455915 0.13345468 0.10165018
0.2615 0.1846912 0.768536 0.1103966 0.160381 0.058320757 0.76542425 0.13389167 0.101843044
0.262 0.1846679 0.7692576 0.1108031 0.1608691 0.058447573 0.76606035 0.13430658 0.10199973
0.2625 0.1846551 0.7697106 0.1111926 0.1613721 0.05855104 0.7664721 0.13470009 0.102121025
0.263 0.1846528 0.7699017 0.111565 0.1618894 0.058631722 0.7666644 0.13507277 0.102207705
0.2635 0.1846608 0.7698376 0.1119203 0.1624205 0.058690134 0.7666422 0.13542527 0.102260575
0.264 0.1846789 0.7695249 0.1122584 0.1629647 0.05872679 0.76640975 0.13575843 0.10228041
0.2645 0.1847071 0.7689698 0.1125792 0.1635217 0.05874229 0.7659719 0.13607302 0.10226798
0.265 0.1847451 0.7681788 0.1128828 0.1640909 0.058737043 0.7653326 0.13636968 0.10222398
0.2655 0.1847929 0.7671579 0.113169 0.1646718 0.058711547 0.7644961 0.13664904 0.102149114
0.266 0.1848502 0.765913 0.113438 0.1652641 0.058666307 0.7634667 0.1369119 0.102044106
0.2665 0.184917 0.7644502 0.1136897 0.1658672 0.058601823 0.76224804 0.13715911 0.10190962
0.267 0.1849931 0.762775 0.1139241 0.1664809 0.058518548 0.76084435 0.13739151 0.101746395
0.2675 0.1850784 0.7608931 0.1141413 0.1671046 0.05841692 0.759259 0.13760963 0.101555005
0.268 0.1851726 0.7588098 0.1143413 0.1677381 0.058297385 0.7574959 0.13781422 0.10133606
0.2685 0.1852758 0.7565306 0.1145241 0.168381 0.058160435 0.7555584 0.1380063 0.10109031
0.269 0.1853877 0.7540604 0.1146899 0.1690329 0.058006424 0.7534499 0.13818637 0.10081826
0.2695 0.1855082 0.7514044 0.1148386 0.1696935 0.057835836 0.7511741 0.13835528 0.10052055
0.27 0.1856371 0.7485674 0.1149704 0.1703626 0.057649065 0.7487339 0.13851374 0.10019778
0.2705 0.1857744 0.7455543 0.1150853 0.1710399 0.057446484 0.7461326 0.13866243 0.099850446
0.271 0.1859199 0.7423695 0.1151834 0.1717249 0.05722851 0.7433733 0.13880214 0.09947914
0.2715 0.1860734 0.7390176 0.1152647 0.1724176 0.056995574 0.7404592 0.13893369 0.0990845
0.272 0.1862348 0.7355031 0.1153294 0.1731176 0.056747977 0.737393 0.13905755 0.09866692
0.2725 0.186404 0.7318301 0.1153776 0.1738247 0.056486156 0.7341778 0.13917452 0.09822701
0.273 0.1865809 0.7280028 0.1154094 0.1745386 0.056210447 0.7308161 0.13928542 0.09776522
0.2735 0.1867653 0.7240252 0.1154248 0.1752591 0.0559212 0.727311 0.13939068 0.09728213
0.274 0.186957 0.7199013 0.115424 0.1759861 0.055618796 0.7236651 0.1394912 0.09677817
0.2745 0.187156 0.7156349 0.1154071 0.1767192 0.055303548 0.71988106 0.13958746 0.09625381
0.275 0.1873622 0.7112296 0.1153742 0.1774583 0.05497584 0.71596146 0.13968033 0.09570961
0.2755 0.1875752 0.7066892 0.1153255 0.1782028 0.054635923 0.71190846 0.13977015 0.095145896
0.276 0.1877948 0.702017 0.1152609 0.1789523 0.05428422 0.7077253 0.13985783 0.09456329
0.2765 0.1880209 0.6972166 0.1151807 0.1797069 0.053920943 0.7034136 0.13994369 0.09396204
0.277 0.1882535 0.6922912 0.1150849 0.1804668 0.053546477 0.6989763 0.1400285 0.09334275
0.2775 0.1884926 0.687244 0.1149735 0.1812319 0.05316106 0.69441533 0.1401127 0.0927057
0.278 0.1887216 0.6820775 0.1148202 0.1819919 0.05276503 0.68973327 0.14019695 0.09205139
0.2785 0.1889458 0.6767936 0.1146399 0.1827482 0.052358698 0.68493235 0.14028177 0.09138024
0.279 0.1891816 0.6713958 0.1144561 0.1835105 0.051942315 0.6800146 0.14036775 0.090692595
0.2795 0.1894327 0.6658879 0.1142711 0.1842814 0.05151614 0.6749824 0.14045519 0.08998886
0.28 0.1896975 0.6602733 0.1140813 0.1850607 0.0510805 0.66983795 0.14054486 0.08926946
0.2805 0.1899733 0.6545552 0.1138829 0.1858474 0.05063561 0.66458297 0.14063698 0.08853471
0.281 0.1902578 0.6487363 0.113673 0.1866407 0.050181795 0.6592201 0.14073226 0.08778508
0.2815 0.1905493 0.6428192 0.1134499 0.1874398 0.049719248 0.653751 0.14083096 0.087020814
0.282 0.1908468 0.6368064 0.1132128 0.1882442 0.049248237 0.64817774 0.14093354 0.08624233
0.2825 0.1911497 0.6307002 0.1129614 0.1890534 0.048769 0.6425024 0.14104035 0.085449964
0.283 0.1914575 0.624503 0.1126954 0.189867 0.048281807 0.636727 0.14115193 0.08464408
0.2835 0.19177 0.6182169 0.1124151 0.1906846 0.047786895 0.6308534 0.14126864 0.08382502
0.284 0.1920871 0.6118442 0.1121206 0.191506 0.047284435 0.62488353 0.14139059 0.08299306
0.2845 0.1924088 0.6053869 0.1118122 0.1923311 0.046774734 0.6188196 0.14151844 0.0821486
0.285 0.1927349 0.5988472 0.1114899 0.1931595 0.046257954 0.61266303 0.14165235 0.081291914
0.2855 0.1930655 0.5922271 0.1111542 0.1939912 0.045734312 0.606416 0.14179254 0.080423325
0.286 0.1934005 0.5855286 0.1108051 0.1948259 0.045204047 0.60008025 0.14193937 0.07954314
0.2865 0.1937398 0.5787537 0.1104429 0.1956636 0.044667352 0.59365773 0.14209315 0.0786517
0.287 0.1940835 0.5719042 0.1100679 0.1965041 0.04412439 0.5871501 0.1422539 0.07774921
0.2875 0.1944314 0.5649821 0.1096801 0.1973474 0.04357544 0.5805595 0.14242214 0.07683608
0.288 0.1947835 0.5579891 0.1092798 0.1981934 0.04302061 0.57388735 0.14259782 0.075912505
0.2885 0.1951397 0.5509271 0.1088671 0.1990419 0.04246014 0.5671356 0.14278126 0.07497881
0.289 0.1955 0.5437976 0.1084422 0.1998929 0.04189418 0.5603061 0.14297253 0.07403527
0.2895 0.1958642 0.5366025 0.1080054 0.2007463 0.041322943 0.5534005 0.14317185 0.07308218
0.29 0.1962324 0.5293434 0.1075566 0.201602 0.04074658 0.5464207 0.14337927 0.07211977
0.2905 0.1966044 0.5220218 0.1070961 0.20246 0.04016528 0.5393684 0.14359492 0.071148336
0.291 0.1969801 0.5146393 0.106624 0.2033201 0.039579157 0.5322453 0.14381877 0.07016811
0.2915 0.1973596 0.5071974 0.1061405 0.2041824 0.03898843 0.525053 0.14405102 0.06917937
0.292 0.1977426 0.4996976 0.1056458 0.2050468 0.038393263 0.51779366 0.14429173 0.068182394
0.2925 0.1981292 0.4921413 0.1051399 0.2059132 0.037793767 0.5104687 0.14454079 0.067177385
0.293 0.1985193 0.48453 0.104623 0.2067816 0.037190106 0.5030798 0.14479819 0.06616458
0.2935 0.1989126 0.4768649 0.1040953 0.2076518 0.03658242 0.49562868 0.14506394 0.065144256
0.294 0.1993091 0.4691474 0.1035568 0.2085236 0.035970893 0.48811743 0.14533815 0.06411667
0.2945 0.1997087 0.4613789 0.1030077 0.2093972 0.0353556 0.48054716 0.14562047 0.06308198
0.295 0.2001115 0.4535605 0.1024483 0.2102725 0.034736726 0.47292003 0.14591101 0.06204048
0.2955 0.2005174 0.4456934 0.1018785 0.2111495 0.03411438 0.46523753 0.14620963 0.06099238
0.296 0.2009264 0.437779 0.1012985 0.2120282 0.033488687 0.45750138 0.14651617 0.059937876
0.2965 0.2013385 0.4298183 0.1007086 0.2129086 0.03285976 0.44971326 0.14683044 0.058877196
0.297 0.2017536 0.4218124 0.1001087 0.2137906 0.03222778 0.44187507 0.14715251 0.0578106
0.2975 0.2021715 0.4137626 0.09949906 0.2146742 0.03159279 0.43398818 0.14748192 0.056738246
0.298 0.2025924 0.4056697 0.0988798 0.2155593 0.030954946 0.4260545 0.14781862 0.05566037
0.2985 0.2030157 0.397535 0.09825099 0.2164456 0.030314345 0.4180756 0.14816236 0.05457716
0.299 0.2034412 0.3893593 0.09761269 0.2173326 0.029671092 0.4100532 0.14851293 0.05348884
0.2995 0.2038689 0.3811437 0.09696505 0.2182207 0.029025275 0.40198886 0.14886996 0.052395556
0.3 0.2042991 0.3728891 0.09630824 0.21911 0.028684076 0.39149967 0.15224743 0.051436726
0.3005 0.1948509 0.3646154 0.09489677 0.2150027 0.027468447 0.38195315 0.15003553 0.04972362
0.301 0.1832649 0.356334 0.09282767 0.2108186 0.026336562 0.37275985 0.14813194 0.0481099
0.3015 0.175796 0.3481012 0.09113727 0.2077799 0.025231253 0.36379313 0.14626747 0.04653473
0.302 0.1710953 0.339967 0.08976349 0.205198 0.024151739 0.35503983 0.1444444 0.044996563
0.3025 0.1677948 0.331959 0.0885499 0.2028143 0.023097236 0.34649518 0.14266065 0.043494392
0.303 0.1651594 0.3240919 0.08740799 0.2005522 0.02206714 0.33815494 0.14091465 0.042027403
0.3035 0.1628446 0.3163737 0.08629723 0.1983877 0.021060873 0.33001536 0.13920522 0.04059482
0.304 0.1606951 0.308809 0.08520047 0.1963113 0.020077858 0.3220723 0.1375309 0.039195854
0.3045 0.1586413 0.3014005 0.08411084 0.1943181 0.01911756 0.314322 0.1358906 0.03782979
0.305 0.1566512 0.2941494 0.08302584 0.1924044 0.018179428 0.3067605 0.13428307 0.036495846
0.3055 0.1547099 0.2870558 0.08194473 0.1905673 0.01726294 0.2993839 0.13270724 0.035193328
0.306 0.15281 0.2801194 0.08086754 0.1888042 0.016367566 0.29218844 0.13116202 0.033921506
0.3065 0.1509476 0.273339 0.07979459 0.1871127 0.015492771 0.28517014 0.12964636 0.032679636
0.307 0.1491207 0.2667131 0.07872626 0.1854903 0.014638107 0.27832532 0.12815931 0.031467076
0.3075 0.147328 0.2602398 0.077663 0.1839348 0.013803031 0.27165014 0.12669992 0.030283082
0.308 0.1455686 0.2539168 0.07660523 0.1824441 0.012987111 0.2651409 0.12526733 0.029127035
0.3085 0.1438418 0.2477417 0.07555335 0.1810162 0.012189832 0.25879392 0.123860635 0.027998235
0.309 0.1421473 0.241712 0.07450775 0.179649 0.011410795 0.25260565 0.12247916 0.026896078
0.3095 0.1404846 0.2358248 0.07346878 0.1783407 0.010649506 0.24657238 0.121122025 0.025819894
0.31 0.1388534 0.2300774 0.07243678 0.1770894 0.009905551 0.24069059 0.11978855 0.024769086
0.3105 0.1372533 0.2244668 0.07141205 0.1758934 0.009178527 0.23495689 0.1184781 0.023743045
0.311 0.1356841 0.2189901 0.07039488 0.174751 0.008467983 0.22936776 0.11718994 0.022741165
0.3115 0.1341454 0.2136444 0.06938554 0.1736606 0.007773582 0.22392002 0.115923636 0.021762926
0.312 0.1326369 0.2084266 0.06838429 0.1726207 0.007094875 0.21861014 0.114678435 0.020807702
0.3125 0.1311584 0.2033339 0.06739135 0.1716296 0.0064315163 0.21343493 0.11345387 0.019874971
0.313 0.1297095 0.1983633 0.06640694 0.1706862 0.005783122 0.20839122 0.11224941 0.01896419
0.3135 0.12829 0.1935119 0.06543127 0.1697888 0.0051493607 0.20347595 0.11106465 0.018074851
0.314 0.1268996 0.188777 0.06446451 0.1689363 0.0045298524 0.19868588 0.10989902 0.017206412
0.3145 0.125538 0.1841555 0.06350685 0.1681274 0.0039242804 0.19401816 0.10875217 0.016358402
0.315 0.124205 0.1796449 0.06255844 0.1673608 0.0033323169 0.18946972 0.107623704 0.015530329
0.3155 0.1229002 0.1752424 0.06161943 0.1666354 0.0027536452 0.18503776 0.106513225 0.014721718
0.316 0.1216234 0.1709454 0.06068996 0.16595 0.0021879412 0.18071935 0.10542034 0.01393212
0.3165 0.1203742 0.1667512 0.05977015 0.1653037 0.001634907 0.17651172 0.10434476 0.013161052
0.317 0.1191524 0.1626574 0.05886013 0.1646953 0.0010942742 0.17241228 0.103286184 0.012408126
0.3175 0.1179577 0.1586614 0.05795999 0.1641238 0.0005657375 0.16841827 0.10224428 0.0116728805
0.318 0.1167899 0.1547609 0.05706983 0.1635883 4.9021095e-05 0.1645271 0.10121878 0.010954913
0.3185 0.1156485 0.1509534 0.05618974 0.1630878 -0.00045612827 0.16073628 0.10020944 0.010253821
0.319 0.1145334 0.1472367 0.0553198 0.1626216 -0.00094998255 0.15704328 0.09921599 0.009569209
0.3195 0.1134443 0.1436086 0.05446008 0.1621886 -0.0014327876 0.15344568 0.09823821 0.008900691
0.32 0.1123808 0.1400668 0.05361064 0.161788 -0.0019047931 0.14994113 0.09727589 0.0082479045
0.3205 0.1113427 0.1366092 0.05277153 0.1614192 -0.0023662224 0.14652735 0.09632883 0.0076104887
0.321 0.1103297 0.1332338 0.05194282 0.1610812 -0.0028173216 0.14320202 0.09539684 0.0069880784
0.3215 0.1093415 0.1299385 0.05112454 0.1607733 -0.0032583177 0.13996294 0.09447969 0.0063803345
0.322 0.1083778 0.1267214 0.05031671 0.1604949 -0.0036894046 0.13680805 0.0935773 0.0057869367
0.3225 0.1074384 0.1235805 0.04951939 0.1602452 -0.004110817 0.13373518 0.09268945 0.00520755
0.323 0.1065229 0.120514 0.04873258 0.1600235 -0.0045227483 0.13074225 0.091816 0.0046418533
0.3235 0.1056311 0.1175201 0.04795631 0.1598292 -0.0049254 0.12782735 0.090956815 0.004089553
0.324 0.1047626 0.114597 0.04719059 0.1596617 -0.005318977 0.12498844 0.09011174 0.0035503358
0.3245 0.1039173 0.111743 0.04643542 0.1595203 -0.005703643 0.12222372 0.08928069 0.0030239224
0.325 0.1030948 0.1089564 0.04569081 0.1594045 -0.0060795993 0.1195313 0.08846352 0.0025100298
0.3255 0.1022949 0.1062356 0.04495676 0.1593136 -0.006447017 0.116909355 0.0876601 0.0020083748
0.326 0.1015172 0.103579 0.04423326 0.1592472 -0.0068060793 0.1143561 0.086870335 0.0015186854
0.3265 0.1007615 0.100985 0.04352031 0.1592046 -0.0071569458 0.11186987 0.086094104 0.0010407083
0.327 0.1000275 0.09845225 0.04281788 0.1591854 -0.007499773 0.10944903 0.08533136 0.0005741976
0.3275 0.09931502 0.09597913 0.04212595 0.1591891 -0.007834736 0.107091844 0.084581934 0.000118888915
0.328 0.09862368 0.09356429 0.04144452 0.1592151 -0.008161988 0.10479681 0.08384577 -0.00032546
0.3285 0.09795325 0.09120632 0.04077354 0.1592629 -0.008481663 0.10256238 0.0831228 -0.0007590577
0.329 0.09730346 0.08890388 0.04011299 0.1593322 -0.008793917 0.10038704 0.08241292 -0.0011821538
0.3295 0.09667405 0.08665566 0.03946285 0.1594224 -0.009098902 0.098269224 0.08171599 -0.001594983
0.33 0.09606475 0.08446037 0.03882307 0.1595331 -0.009396743 0.09620768 0.08103206 -0.001997728
0.3305 0.0954753 0.08231677 0.03819362 0.159664 -0.009687584 0.094200864 0.08036091 -0.0023906194
0.331 0.09490545 0.08022364 0.03757445 0.1598145 -0.009971563 0.092247486 0.07970255 -0.0027738735
0.3315 0.09435493 0.0781798 0.03696552 0.1599842 -0.010248795 0.09034625 0.07905687 -0.0031476729
0.332 0.09382349 0.0761841 0.0363668 0.1601728 -0.010519411 0.08849582 0.078423806 -0.0035122149
0.3325 0.09331087 0.07423541 0.03577822 0.16038 -0.010783527 0.086694986 0.07780331 -0.0038676858
0.333 0.09281684 0.07233265 0.03519974 0.1606052 -0.011041276 0.084942475 0.077195264 -0.004214287
0.3335 0.09234113 0.07047475 0.03463131 0.1608482 -0.011292767 0.083237156 0.07659959 -0.0045521967
0.334 0.0918835 0.06866068 0.03407288 0.1611085 -0.011538103 0.08157787 0.076016314 -0.0048815645
0.3345 0.09144371 0.06688941 0.03352438 0.161386 -0.011777416 0.079963446 0.07544526 -0.005202595
0.335 0.09102152 0.06515997 0.03298576 0.1616801 -0.012010798 0.0783928 0.07488639 -0.0055154413
0.3355 0.09061669 0.0634714 0.03245696 0.1619907 -0.0122383535 0.0768649 0.074339665 -0.005820263
0.336 0.09022898 0.06182276 0.03193792 0.1623173 -0.012460206 0.07537867 0.07380495 -0.0061172284
0.3365 0.08985815 0.06021314 0.03142858 0.1626596 -0.012676429 0.07393314 0.073282264 -0.006406486
0.337 0.08950398 0.05864166 0.03092887 0.1630174 -0.012887139 0.072527274 0.07277147 -0.0066881888
0.3375 0.08916623 0.05710744 0.03043873 0.1633904 -0.013092425 0.07116014 0.07227249 -0.006962493
0.338 0.08884468 0.05560965 0.02995809 0.1637782 -0.01329238 0.06983079 0.07178532 -0.0072295256
0.3385 0.0885391 0.05414746 0.02948689 0.1641806 -0.013487089 0.06853838 0.07130987 -0.0074894354
0.339 0.08824928 0.05272007 0.02902505 0.1645973 -0.013676669 0.0672819 0.070846 -0.007742375
0.3395 0.08797499 0.0513267 0.02857251 0.1650281 -0.013861172 0.06606062 0.07039373 -0.007988453
0.34 0.08771601 0.04996658 0.0281292 0.1654726 -0.014040705 0.06487362 0.06995294 -0.00822781
0.3405 0.08747213 0.04863898 0.02769505 0.1659307 -0.01421535 0.06372009 0.06952358 -0.008460585
0.341 0.08724313 0.04734317 0.02726998 0.166402 -0.014385182 0.06259929 0.06910556 -0.008686889
0.3415 0.08702882 0.04607844 0.02685392 0.1668863 -0.014550287 0.0615104 0.068698816 -0.008906845
0.342 0.08682897 0.0448441 0.0264468 0.1673834 -0.014710747 0.060452625 0.06830325 -0.0091205835
0.3425 0.08664339 0.04363948 0.02604855 0.1678931 -0.014866635 0.059425294 0.067918815 -0.009328216
0.343 0.08647187 0.04246393 0.02565909 0.1684151 -0.015018024 0.05842769 0.06754542 -0.009529855
0.3435 0.08631421 0.0413168 0.02527834 0.1689491 -0.015164997 0.057459056 0.06718301 -0.009725612
0.344 0.08617022 0.04019748 0.02490624 0.1694951 -0.015307616 0.056518793 0.06683149 -0.00991559
0.3445 0.0860397 0.03910535 0.02454271 0.1700527 -0.015445951 0.055606216 0.06649082 -0.0100999065
0.345 0.08592245 0.03803983 0.02418766 0.1706218 -0.015580077 0.05472067 0.066160865 -0.010278653
0.3455 0.08581829 0.03700032 0.02384104 0.1712021 -0.015710074 0.053861484 0.06584155 -0.01045195
0.346 0.08572702 0.03598627 0.02350275 0.1717935 -0.01583599 0.05302813 0.065532856 -0.010619875
0.3465 0.08564847 0.03499713 0.02317272 0.1723957 -0.015957896 0.052219972 0.06523465 -0.01078254
0.347 0.08558244 0.03403235 0.02285088 0.1730086 -0.016075853 0.051436454 0.06494691 -0.01094003
0.3475 0.08552877 0.03309141 0.02253715 0.1736319 -0.01618994 0.050676957 0.06466948 -0.0110924505
0.348 0.08548726 0.03217381 0.02223145 0.1742655 -0.016300201 0.049940974 0.064402334 -0.011239886
0.3485 0.08545775 0.03127904 0.02193372 0.1749093 -0.016406711 0.049227983 0.06414535 -0.011382423
0.349 0.08544006 0.0304066 0.02164386 0.175563 -0.01650951 0.048537493 0.0638985 -0.011520144
0.3495 0.08543401 0.02955604 0.0213618 0.1762264 -0.016608674 0.0478689 0.06366166 -0.011653144
0.35 0.08543944 0.02872687 0.02108747 0.1768995 -0.01725322 0.046944983 0.060370497 -0.012308199
0.3505 0.08430975 0.02789585 0.019982 0.166745 -0.017773882 0.045089714 0.05827964 -0.012905225
0.351 0.0813784 0.0269826 0.01805131 0.156366 -0.018298365 0.043197498 0.056185372 -0.013508059
0.3515 0.07862563 0.02600579 0.01652784 0.1487141 -0.018814493 0.041339144 0.054122575 -0.014101066
0.352 0.07642694 0.02500033 0.01539736 0.1422448 -0.019321702 0.03951616 0.05209375 -0.014683619
0.3525 0.07462152 0.02398623 0.01447825 0.1363107 -0.01982015 0.03772767 0.05009841 -0.015255932
0.353 0.07303169 0.02297306 0.01365648 0.130705 -0.020309992 0.035972998 0.048136048 -0.015818182
0.3535 0.07154826 0.02196516 0.01287739 0.1253592 -0.02079138 0.034251325 0.04620617 -0.016370557
0.354 0.07011452 0.02096456 0.01211727 0.1202445 -0.021264464 0.032561928 0.044308223 -0.016913254
0.3545 0.06870315 0.01997225 0.01136634 0.1153437 -0.02172939 0.03090413 0.042441763 -0.017446436
0.355 0.06730152 0.01898875 0.01062071 0.1106436 -0.022186311 0.029277198 0.040606253 -0.017970297
0.3555 0.06590405 0.0180144 0.00987887 0.1061329 -0.022635357 0.027680509 0.038801245 -0.018484995
0.356 0.06450848 0.01704938 0.009140304 0.1018009 -0.023076687 0.026113316 0.037026204 -0.018990725
0.3565 0.06311412 0.01609382 0.008404884 0.09763801 -0.023510426 0.02457504 0.035280697 -0.019487632
0.357 0.06172098 0.0151478 0.007672639 0.09363511 -0.023936711 0.023065016 0.033564232 -0.019975891
0.3575 0.06032942 0.01421137 0.006943662 0.08978369 -0.024355672 0.0215827 0.031876378 -0.020455653
0.358 0.05893998 0.01328455 0.00621807 0.0860758 -0.024767451 0.0201274 0.03021662 -0.02092709
0.3585 0.05755321 0.01236735 0.005495983 0.08250395 -0.025172165 0.018698603 0.028584562 -0.021390349
0.359 0.05616972 0.01145973 0.004777525 0.07906116 -0.025569936 0.017295763 0.026979774 -0.021845568
0.3595 0.05479008 0.01056169 0.004062812 0.07574084 -0.025960896 0.01591827 0.025401764 -0.022292912
0.36 0.05341487 0.009673175 0.003351959 0.07253681 -0.026345158 0.014565654 0.02385015 -0.022732513
0.3605 0.05204462 0.008794143 0.002645072 0.0694433 -0.026722847 0.013237342 0.02232448 -0.023164526
0.361 0.05067985 0.007924538 0.001942253 0.06645484 -0.02709407 0.01193285 0.020824365 -0.023589075
0.3615 0.04932105 0.007064301 0.0012436 0.06356633 -0.027458947 0.010651685 0.019349366 -0.024006305
0.362 0.04796867 0.006213368 0.0005492034 0.06077296 -0.027817592 0.009393357 0.017899089 -0.02441635
0.3625 0.04662315 0.00537167 -0.0001408518 0.0580702 -0.028170113 0.0081573725 0.016473114 -0.02481934
0.363 0.0452849 0.004539138 -0.0008264848 0.05545381 -0.028516611 0.0069433227 0.0150711015 -0.025215395
0.3635 0.0439543 0.003715698 -0.00150762 0.05291977 -0.028857198 0.0057507455 0.01369261 -0.025604647
0.364 0.04263171 0.002901274 -0.002184188 0.05046431 -0.029191984 0.0045791566 0.01233726 -0.025987227
0.3645 0.04131745 0.00209579 -0.002856122 0.04808389 -0.029521052 0.0034282133 0.011004724 -0.026363237
0.365 0.04001186 0.001299169 -0.003523362 0.04577516 -0.029844517 0.0022974387 0.009694584 -0.026732806
0.3655 0.03871521 0.0005113326 -0.00418585 0.04353495 -0.030162482 0.001186423 0.008406468 -0.027096057
0.366 0.03742778 -0.0002677985 -0.004843534 0.04136029 -0.030475024 9.483099e-05 0.007140048 -0.02745309
0.3665 0.03614983 -0.001038303 -0.005496365 0.03924837 -0.030782256 -0.0009777918 0.0058949366 -0.027804026
0.367 0.03488159 -0.001800261 -0.0061443 0.03719654 -0.03108426 -0.0020317584 0.0046708137 -0.028148966
0.3675 0.03362328 -0.002553752 -0.006787297 0.03520227 -0.031381134 -0.0030674934 0.003467314 -0.028488027
0.368 0.03237509 -0.003298855 -0.007425319 0.03326321 -0.031672962 -0.0040853024 0.002284117 -0.028821304
0.3685 0.03113722 -0.004035649 -0.008058333 0.03137711 -0.03195983 -0.00508558 0.0011208653 -0.02914891
0.369 0.02990983 -0.004764214 -0.008686308 0.02954185 -0.032241836 -0.006068632 -2.2754073e-05 -0.029470937
0.3695 0.02869308 -0.005484629 -0.009309217 0.02775541 -0.032519057 -0.0070348233 -0.0011470839 -0.029787494
0.37 0.0274871 -0.006196972 -0.009927037 0.02601589 -0.032791574 -0.007984452 -0.0022524223 -0.030098667
0.3705 0.02629203 -0.006901321 -0.01053975 0.02432149 -0.03305947 -0.008917853 -0.003339097 -0.03040456
0.371 0.02510798 -0.007597754 -0.01114733 0.02267049 -0.03332283 -0.009835325 -0.0044074133 -0.030705262
0.3715 0.02393506 -0.008286348 -0.01174976 0.02106127 -0.033581734 -0.010737184 -0.0054576844 -0.031000867
0.372 0.02277335 -0.008967181 -0.01234704 0.01949228 -0.033836246 -0.011623714 -0.0064901933 -0.031291466
0.3725 0.02162293 -0.009640328 -0.01293916 0.01796205 -0.034086455 -0.012495212 -0.0075052455 -0.03157714
0.373 0.02048387 -0.01030587 -0.0135261 0.01646921 -0.03433243 -0.013351962 -0.0085031465 -0.031857986
0.3735 0.01935624 -0.01096387 -0.01410786 0.01501241 -0.034574248 -0.014194246 -0.009484164 -0.032134086
0.374 0.01824008 -0.01161441 -0.01468443 0.0135904 -0.03481198 -0.015022311 -0.01044859 -0.032405518
0.3745 0.01713543 -0.01225757 -0.01525583 0.01220197 -0.0350457 -0.015836455 -0.011396699 -0.032672375
0.375 0.01604233 -0.01289342 -0.01582204 0.01084599 -0.035275467 -0.016636904 -0.012328759 -0.03293472
0.3755 0.01496079 -0.01352203 -0.01638307 0.009521361 -0.03550136 -0.017423935 -0.013245046 -0.03319265
0.376 0.01389084 -0.01414348 -0.01693892 0.008227041 -0.03572344 -0.018197775 -0.014145821 -0.03344623
0.3765 0.01283248 -0.01475783 -0.0174896 0.00696204 -0.035941776 -0.018958684 -0.01503136 -0.03369554
0.377 0.01178571 -0.01536517 -0.01803513 0.005725408 -0.03615643 -0.019706886 -0.015901897 -0.033940658
0.3775 0.01075053 -0.01596555 -0.0185755 0.004516242 -0.03636747 -0.020442627 -0.0167577 -0.034181654
0.378 0.009726923 -0.01655905 -0.01911074 0.003333676 -0.036574952 -0.021166109 -0.017599009 -0.034418598
0.3785 0.008714875 -0.01714575 -0.01964085 0.002176881 -0.036778938 -0.021877576 -0.018426068 -0.03465156
0.379 0.007714361 -0.0177257 -0.02016585 0.001045067 -0.036979493 -0.022577226 -0.019239116 -0.03488061
0.3795 0.00672535 -0.01829899 -0.02068575 -6.25245e-05 -0.037176676 -0.023265302 -0.020038415 -0.035105824
0.38 0.00574781 -0.01886567 -0.02120058 -0.00114662 -0.03737054 -0.023941979 -0.020824172 -0.03532726
0.3805 0.0047817 -0.01942582 -0.02171034 -0.002207915 -0.03756115 -0.02460748 -0.02159661 -0.035544984
0.381 0.003826976 -0.01997951 -0.02221506 -0.003247077 -0.037748553 -0.02526199 -0.022355977 -0.03575906
0.3815 0.002883592 -0.02052679 -0.02271476 -0.004264745 -0.03793281 -0.025905713 -0.02310248 -0.035969555
0.382 0.001951493 -0.02106774 -0.02320947 -0.005261534 -0.038113974 -0.026538841 -0.023836348 -0.036176533
0.3825 0.001030625 -0.02160243 -0.0236992 -0.006238033 -0.0382921 -0.027161561 -0.024557792 -0.036380045
0.383 0.0001209274 -0.02213091 -0.02418397 -0.007194809 -0.038467232 -0.02777405 -0.025267012 -0.03658016
0.3835 -0.0007776624 -0.02265325 -0.02466382 -0.008132406 -0.038639426 -0.028376479 -0.025964223 -0.036776926
0.384 -0.001665211 -0.02316953 -0.02513876 -0.009051348 -0.03880874 -0.028969053 -0.026649639 -0.036970414
0.3845 -0.002541787 -0.02367979 -0.02560883 -0.009952138 -0.038975213 -0.029551916 -0.027323443 -0.037160672
0.385 -0.003407463 -0.0241841 -0.02607405 -0.01083526 -0.0391389 -0.030125257 -0.027985848 -0.037347756
0.3855 -0.004262312 -0.02468254 -0.02653444 -0.01170118 -0.039299846 -0.030689228 -0.028637037 -0.037531722
0.386 -0.005106413 -0.02517515 -0.02699005 -0.01255036 -0.039458096 -0.031244002 -0.029277217 -0.037712626
0.3865 -0.005939844 -0.025662 -0.02744088 -0.01338321 -0.0396137 -0.031789728 -0.029906556 -0.037890516
0.387 -0.006762687 -0.02614316 -0.02788698 -0.01420016 -0.0397667 -0.03232656 -0.030525248 -0.03806545
0.3875 -0.007575024 -0.02661868 -0.02832838 -0.01500162 -0.03991714 -0.03285466 -0.031133477 -0.038237467
0.388 -0.008376941 -0.02708862 -0.0287651 -0.01578797 -0.040065072 -0.033374183 -0.031731423 -0.03840663
0.3885 -0.009168524 -0.02755304 -0.02919718 -0.01655959 -0.04021053 -0.033885244 -0.032319248 -0.038572975
0.389 -0.009949861 -0.028012 -0.02962464 -0.01731684 -0.040353555 -0.03438802 -0.03289713 -0.03873656
0.3895 -0.01072104 -0.02846556 -0.03004752 -0.01806006 -0.0404942 -0.034882665 -0.033465263 -0.038897432
0.39 -0.01148216 -0.02891379 -0.03046586 -0.01878961 -0.040632494 -0.035369262 -0.034023777 -0.03905563
0.3905 -0.0122333 -0.02935672 -0.03087968 -0.0195058 -0.040768478 -0.035847984 -0.03457285 -0.039211202
0.391 -0.01297456 -0.02979443 -0.03128902 -0.02020895 -0.040902197 -0.036318965 -0.035112657 -0.039364196
0.3915 -0.01370603 -0.03022697 -0.03169391 -0.02089937 -0.04103369 -0.036782328 -0.03564334 -0.039514653
0.392 -0.01442781 -0.03065439 -0.03209439 -0.02157736 -0.041162986 -0.037238203 -0.036165055 -0.03966262
0.3925 -0.01513999 -0.03107676 -0.03249048 -0.02224319 -0.041290134 -0.037686724 -0.03667797 -0.039808135
0.393 -0.01584267 -0.03149412 -0.03288223 -0.02289716 -0.041415162 -0.038128003 -0.037182223 -0.039951243
0.3935 -0.01653595 -0.03190653 -0.03326966 -0.02353953 -0.04153811 -0.03856216 -0.037677962 -0.04009198
0.394 -0.01721991 -0.03231405 -0.03365282 -0.02417055 -0.041659012 -0.03898934 -0.03816535 -0.040230393
0.3945 -0.01789467 -0.03271673 -0.03403173 -0.02479049 -0.0417779 -0.039409623 -0.038644508 -0.040366516
0.395 -0.01856031 -0.03311461 -0.03440643 -0.02539958 -0.041894816 -0.039823145 -0.039115585 -0.040500388
0.3955 -0.01921693 -0.03350776 -0.03477696 -0.02599808 -0.04200979 -0.040230013 -0.03957872 -0.04063205
0.396 -0.01986464 -0.03389623 -0.03514336 -0.0265862 -0.04212285 -0.040630333 -0.04003405 -0.040761538
0.3965 -0.02050352 -0.03428007 -0.03550564 -0.02716417 -0.042234033 -0.041024234 -0.04048171 -0.04088889
0.397 -0.02113368 -0.03465932 -0.03586387 -0.02773221 -0.04234337 -0.041411795 -0.040921822 -0.041014135
0.3975 -0.02175522 -0.03503405 -0.03621805 -0.02829053 -0.04245089 -0.041793138 -0.041354526 -0.04113732
0.398 -0.02236823 -0.0354043 -0.03656824 -0.02883934 -0.04255663 -0.042168364 -0.041779947 -0.041258473
0.3985 -0.02297281 -0.03577011 -0.03691447 -0.02937884 -0.042660616 -0.042537563 -0.0421982 -0.041377626
0.399 -0.02356906 -0.03613155 -0.03725678 -0.02990922 -0.042762876 -0.042900845 -0.042609416 -0.041494817
0.3995 -0.02415707 -0.03648866 -0.03759519 -0.03043067 -0.04286344 -0.04325831 -0.043013718 -0.041610077
0.4 -0.02473695 -0.03684148 -0.03792975 -0.03094337 -0.042962343 -0.04361005 -0.04341122 -0.04172344
0.4005 -0.02530714 -0.03719004 -0.03825921 -0.031425 -0.04305738 -0.043952197 -0.043791078 -0.041832633
0.401 -0.02585813 -0.03753406 -0.03857774 -0.03183767 -0.043148763 -0.04428357 -0.044155136 -0.041937776
0.4015 -0.02638657 -0.03787309 -0.0388851 -0.03219488 -0.043236565 -0.044604316 -0.04450368 -0.042038932
0.402 -0.02689485 -0.03820685 -0.03918352 -0.03250638 -0.04332084 -0.04491459 -0.044836998 -0.042136177
0.4025 -0.0273855 -0.03853522 -0.03947452 -0.03277646 -0.04340165 -0.04521455 -0.045155376 -0.042229578
0.403 -0.02786009 -0.03885814 -0.03975886 -0.03300747 -0.043479063 -0.04550435 -0.045459084 -0.042319193
0.4035 -0.0283195 -0.03917558 -0.04003687 -0.03320111 -0.04355313 -0.045784146 -0.045748398 -0.0424051
0.404 -0.02876417 -0.03948753 -0.04030872 -0.03335885 -0.043623917 -0.046054102 -0.04602359 -0.042487353
0.4045 -0.02919435 -0.03979401 -0.04057448 -0.03348204 -0.04369148 -0.046314344 -0.046284918 -0.042566016
0.405 -0.02961019 -0.04009501 -0.04083421 -0.03357196 -0.04375587 -0.046565026 -0.04653264 -0.042641155
0.4055 -0.03001182 -0.04039055 -0.04108793 -0.0336298 -0.04381715 -0.0468063 -0.04676701 -0.042712826
0.406 -0.03039931 -0.04068063 -0.04133569 -0.0336567 -0.043875378 -0.047038294 -0.046988275 -0.042781092
0.4065 -0.03077275 -0.04096527 -0.04157749 -0.03365373 -0.043930598 -0.04726115 -0.04719667 -0.04284601
0.407 -0.03113147 -0.0412432 -0.04181331 -0.03362055 -0.043982867 -0.047475 -0.047392443 -0.042907633
0.4075 -0.03147542 -0.0415147 -0.04204304 -0.03355844 -0.044032235 -0.04767997 -0.047575813 -0.04296602
0.408 -0.03180559 -0.04178068 -0.04226685 -0.0334694 -0.044078752 -0.0478762 -0.047747016 -0.043021224
0.4085 -0.0321225 -0.04204162 -0.04248486 -0.03335463 -0.04412247 -0.048063815 -0.047906272 -0.0430733
0.409 -0.03242626 -0.0422977 -0.04269714 -0.03321499 -0.044163432 -0.048242938 -0.0480538 -0.043122303
0.4095 -0.03271685 -0.04254896 -0.04290373 -0.03305127 -0.044201694 -0.048413698 -0.04818982 -0.04316828
0.41 -0.03299426 -0.04279538 -0.04310464 -0.03286419 -0.044237293 -0.048576206 -0.048314527 -0.043211285
0.4105 -0.03325849 -0.04303692 -0.0432999 -0.03265444 -0.044270284 -0.04873059 -0.048428144 -0.043251365
0.411 -0.03350958 -0.04327352 -0.04348952 -0.03242269 -0.044300705 -0.048876967 -0.048530865 -0.043288574
0.4115 -0.0337476 -0.04350514 -0.04367354 -0.03216956 -0.0443286 -0.049015444 -0.048622884 -0.043322954
0.412 -0.03397263 -0.04373174 -0.04385199 -0.03189567 -0.044354014 -0.049146134 -0.048704393 -0.04335455
0.4125 -0.03418476 -0.04395331 -0.0440249 -0.03160159 -0.04437699 -0.049269155 -0.04877559 -0.043383416
0.413 -0.03438412 -0.04416984 -0.04419231 -0.03128789 -0.044397566 -0.049384616 -0.048836656 -0.04340959
0.4135 -0.0345708 -0.04438132 -0.04435424 -0.03095511 -0.044415787 -0.049492616 -0.048887774 -0.04343312
0.414 -0.03474491 -0.04458777 -0.04451074 -0.03060376 -0.044431694 -0.049593274 -0.048929125 -0.04345405
0.4145 -0.03490659 -0.0447892 -0.04466184 -0.03023434 -0.044445317 -0.04968668 -0.04896088 -0.043472417
0.415 -0.03505594 -0.04498564 -0.04480759 -0.02984733 -0.044456705 -0.049772948 -0.048983213 -0.04348827
0.4155 -0.03519308 -0.0451771 -0.04494801 -0.02944319 -0.04446589 -0.049852166 -0.04899629 -0.04350165
0.416 -0.03531813 -0.04536363 -0.04508316 -0.02902236 -0.044472907 -0.049924448 -0.049000274 -0.04351259
0.4165 -0.03543121 -0.04554524 -0.04521307 -0.02858527 -0.044477798 -0.049989875 -0.04899533 -0.043521132
0.417 -0.03553245 -0.04572197 -0.04533778 -0.02813233 -0.044480592 -0.050048556 -0.048981614 -0.04352732
0.4175 -0.03562196 -0.04589387 -0.04545733 -0.02766393 -0.04448133 -0.05010058 -0.04895928 -0.04353119
0.418 -0.03569986 -0.04606095 -0.04557175 -0.02718047 -0.04448004 -0.050146036 -0.048928484 -0.043532774
0.4185 -0.03576629 -0.04622326 -0.04568111 -0.0266823 -0.044476762 -0.050185025 -0.04888937 -0.04353212
0.419 -0.03582135 -0.04638083 -0.04578542 -0.02616978 -0.04447152 -0.05021762 -0.04884208 -0.043529246
0.4195 -0.03586517 -0.0465337 -0.04588474 -0.02564326 -0.044464357 -0.050243933 -0.048786774 -0.043524206
0.42 -0.03589787 -0.04668191 -0.04597911 -0.02510307 -0.044455297 -0.05026403 -0.048723575 -0.043517023
0.4205 -0.03591958 -0.04682549 -0.04606856 -0.02454952 -0.044444375 -0.050278008 -0.048652627 -0.043507732
0.421 -0.03593042 -0.04696448 -0.04615314 -0.02398294 -0.044431616 -0.050285943 -0.048574056 -0.043496374
0.4215 -0.0359305 -0.04709892 -0.04623289 -0.02340362 -0.044417057 -0.050287936 -0.048488013 -0.043482978
0.422 -0.03591995 -0.04722884 -0.04630785 -0.02281184 -0.04440072 -0.05028405 -0.048394613 -0.043467574
0.4225 -0.03589889 -0.04735427 -0.04637807 -0.02220789 -0.044382643 -0.05027437 -0.048293985 -0.04345019
0.423 -0.03586745 -0.04747527 -0.04644358 -0.02159205 -0.04436285 -0.050258987 -0.048186257 -0.04343087
0.4235 -0.03582573 -0.04759186 -0.04650442 -0.02096457 -0.044341363 -0.050237954 -0.04807154 -0.04340963
0.424 -0.03577387 -0.04770408 -0.04656065 -0.0203257 -0.044318214 -0.050211374 -0.04794997 -0.043386508
0.4245 -0.03571198 -0.04781196 -0.04661229 -0.01967571 -0.044293433 -0.05017931 -0.047821652 -0.043361533
0.425 -0.03564019 -0.04791555 -0.0466594 -0.01901482 -0.04426704 -0.050141837 -0.047686704 -0.043334734
0.4255 -0.0355586 -0.04801487 -0.04670201 -0.01834326 -0.044239067 -0.050099038 -0.047545243 -0.04330614
0.426 -0.03546734 -0.04810997 -0.04674016 -0.01766127 -0.044209532 -0.050050974 -0.047397375 -0.043275774
0.4265 -0.03536653 -0.04820088 -0.0467739 -0.01696907 -0.044178464 -0.049997717 -0.047243204 -0.043243665
0.427 -0.03525629 -0.04828763 -0.04680327 -0.01626685 -0.04414589 -0.04993935 -0.04708284 -0.043209843
0.4275 -0.03513672 -0.04837027 -0.0468283 -0.01555483 -0.04411183 -0.049875926 -0.046916395 -0.043174334
0.428 -0.03500795 -0.04844882 -0.04684904 -0.0148332 -0.044076305 -0.049807526 -0.04674396 -0.043137163
0.4285 -0.03487008 -0.04852332 -0.04686553 -0.01410217 -0.044039346 -0.049734216 -0.04656564 -0.043098353
0.429 -0.03472324 -0.04859381 -0.04687781 -0.01336192 -0.04400097 -0.049656056 -0.046381533 -0.043057933
0.4295 -0.03456754 -0.04866033 -0.04688592 -0.01261264 -0.043961197 -0.049573116 -0.046191733 -0.043015927
0.43 -0.03440309 -0.0487229 -0.0468899 -0.0118545 -0.043920055 -0.049485452 -0.045996338 -0.04297236
0.4305 -0.03423 -0.04878158 -0.0468898 -0.01108769 -0.043877564 -0.049393144 -0.045795437 -0.04292725
0.431 -0.03404838 -0.04883639 -0.04688564 -0.01031237 -0.04383374 -0.049296234 -0.04558912 -0.042880625
0.4315 -0.03385834 -0.04888736 -0.04687748 -0.009528703 -0.04378861 -0.04919481 -0.045377485 -0.042832512
0.432 -0.03365999 -0.04893454 -0.04686535 -0.008736859 -0.043742187 -0.049088906 -0.045160607 -0.042782925
0.4325 -0.03345345 -0.04897796 -0.04684929 -0.007936992 -0.0436945 -0.048978597 -0.04493858 -0.042731892
0.433 -0.03323881 -0.04901766 -0.04682934 -0.007129254 -0.043645564 -0.048863944 -0.044711486 -0.042679437
0.4335 -0.03301617 -0.04905361 -0.04680554 -0.006313785 -0.043595396 -0.048745 -0.044479407 -0.04262557
0.434 -0.03278561 -0.04908581 -0.04677792 -0.005490719 -0.04354402 -0.04862182 -0.044242427 -0.042570323
0.4345 -0.03254724 -0.04911429 -0.04674651 -0.004660197 -0.043491453 -0.04849447 -0.044000626 -0.042513717
0.435 -0.03230117 -0.04913912 -0.04671136 -0.003822361 -0.04343771 -0.04836299 -0.04375407 -0.042455766
0.4355 -0.03204751 -0.04916034 -0.04667251 -0.002977347 -0.04338281 -0.04822745 -0.043502852 -0.042396493
0.436 -0.03178637 -0.04917792 -0.04662985 -0.002125176 -0.043326773 -0.048087902 -0.043247037 -0.042335916
0.4365 -0.03151782 -0.04919188 -0.04658337 -0.001266033 -0.043269612 -0.04794439 -0.042986695 -0.042274058
0.437 -0.03124199 -0.04920234 -0.04653329 -0.0004001358 -0.043211352 -0.047796972 -0.04272191 -0.042210933
0.4375 -0.03095893 -0.04920936 -0.04647965 0.0004724209 -0.043152 -0.04764571 -0.042452745 -0.042146564
0.438 -0.03066799 -0.04921288 -0.04642153 0.001351672 -0.04309158 -0.04749065 -0.04217927 -0.04208097
0.4385 -0.03036949 -0.04921283 -0.04635986 0.002237581 -0.043030106 -0.047331825 -0.041901555 -0.042014163
0.439 -0.03006403 -0.04920928 -0.04629533 0.003129906 -0.042967588 -0.04716931 -0.041619673 -0.041946165
0.4395 -0.02975189 -0.04920235 -0.04622791 0.004028441 -0.042904053 -0.047003143 -0.041333683 -0.041876998
0.44 -0.02943323 -0.04919215 -0.04615741 0.004933036 -0.042839505 -0.046833374 -0.041043647 -0.04180667
0.4405 -0.02910819 -0.04917877 -0.04608373 0.005843567 -0.04277397 -0.046660047 -0.04074963 -0.041735206
0.441 -0.02877688 -0.04916227 -0.04600678 0.006759921 -0.04270745 -0.04648321 -0.040451698 -0.041662615
0.4415 -0.02843939 -0.04914268 -0.04592657 0.007681926 -0.04263997 -0.04630292 -0.040149912 -0.04158892
0.442 -0.0280958 -0.04912002 -0.0458431 0.008609472 -0.042571537 -0.046119206 -0.039844327 -0.041514132
0.4425 -0.02774617 -0.04909436 -0.04575642 0.009542497 -0.042502172 -0.045932125 -0.03953501 -0.04143827
0.443 -0.02739052 -0.04906572 -0.04566654 0.01048093 -0.042431884 -0.045741722 -0.03922201 -0.04136135
0.4435 -0.02702889 -0.04903417 -0.04557353 0.01142471 -0.04236069 -0.04554803 -0.038905382 -0.041283384
0.444 -0.02666383 -0.04900143 -0.04552054 0.01236624 -0.0422886 -0.045351103 -0.038585197 -0.041204393
0.4445 -0.02629827 -0.04896924 -0.04547174 0.01330245 -0.04221563 -0.045150988 -0.038261503 -0.04112439
0.445 -0.02592881 -0.04893586 -0.04540047 0.01424356 -0.04214179 -0.044947714 -0.037934344 -0.04104338
0.4455 -0.02555265 -0.04889976 -0.04530741 0.01519294 -0.042067096 -0.044741333 -0.037603788 -0.04096139
0.446 -0.02516883 -0.04885965 -0.04519892 0.01614922 -0.041991558 -0.044531878 -0.03726987 -0.040878426
0.4465 -0.0247787 -0.04881383 -0.0450815 0.01710471 -0.04191519 -0.044319395 -0.036932655 -0.040794507
0.447 -0.02438294 -0.04876327 -0.04495884 0.01806498 -0.041838 -0.044103928 -0.036592185 -0.040709645
0.4475 -0.02398192 -0.0487076 -0.04483357 0.01902662 -0.04176001 -0.043885507 -0.03624852 -0.040623855
0.448 -0.02357646 -0.04864781 -0.04470693 0.01999125 -0.041681215 -0.04366417 -0.035901688 -0.04053714
0.4485 -0.02316515 -0.04858516 -0.04457806 0.02096484 -0.041601643 -0.04343997 -0.03555176 -0.04044953
0.449 -0.02274704 -0.04852024 -0.04444661 0.02194841 -0.041521296 -0.043212928 -0.03519877 -0.04036103
0.4495 -0.02232208 -0.04845325 -0.0443127 0.02294119 -0.04144019 -0.042983092 -0.03484276 -0.040271647
0.45 -0.02189066 -0.04838421 -0.04417651 0.02394207 -0.04135833 -0.042750496 -0.034483787 -0.0401814
0.4505 -0.02145326 -0.04831308 -0.04403822 0.0249501 -0.041275732 -0.042515177 -0.034121886 -0.0400903
0.451 -0.02101033 -0.04823979 -0.0438979 0.02596448 -0.04119241 -0.042277176 -0.03375711 -0.039998356
0.4515 -0.02056219 -0.04816427 -0.04375556 0.02698457 -0.041108362 -0.04203651 -0.033389486 -0.039905585
0.452 -0.02010909 -0.04808648 -0.0436112 0.02800988 -0.041023605 -0.041793227 -0.033019066 -0.039811995
0.4525 -0.01965121 -0.04800637 -0.04346478 0.02904002 -0.040938154 -0.041547373 -0.0326459 -0.0397176
0.453 -0.01918868 -0.04792392 -0.04331625 0.03007465 -0.040852018 -0.041298963 -0.032270014 -0.039622407
0.4535 -0.0187216 -0.0478391 -0.04316558 0.03111353 -0.0407652 -0.041048042 -0.031891458 -0.039526433
0.454 -0.01825005 -0.04775192 -0.04301275 0.03215644 -0.04067771 -0.040794637 -0.031510256 -0.039429687
0.4545 -0.01777409 -0.04766237 -0.04285771 0.03320322 -0.040589564 -0.040538784 -0.031126466 -0.039332174
0.455 -0.01729379 -0.04757046 -0.04270047 0.03425371 -0.040500768 -0.040280506 -0.03074012 -0.039233916
0.4555 -0.0168092 -0.04747621 -0.042541 0.03530781 -0.04041133 -0.040019847 -0.03035124 -0.03913491
0.456 -0.01632039 -0.04737963 -0.04237932 0.0363654 -0.04032126 -0.039756835 -0.029959884 -0.039035175
0.4565 -0.01582739 -0.04728073 -0.04221541 0.03742641 -0.04023057 -0.0394915 -0.02956608 -0.038934723
0.457 -0.01533028 -0.04717954 -0.04204929 0.03849074 -0.04013926 -0.03922388 -0.029169865 -0.03883356
0.4575 -0.0148291 -0.04707609 -0.04188097 0.03955832 -0.040047348 -0.038953986 -0.028771266 -0.03873169
0.458 -0.01432394 -0.04697039 -0.04171046 0.04062905 -0.03995484 -0.038681865 -0.02837032 -0.038629137
0.4585 -0.01381485 -0.04686247 -0.0415378 0.04170287 -0.039861742 -0.038407538 -0.027967066 -0.038525894
0.459 -0.01330185 -0.04675236 -0.04136298 0.04277976 -0.039768066 -0.038131043 -0.027561545 -0.03842199
0.4595 -0.012785 -0.04664007 -0.04118602 0.04385969 -0.039673813 -0.03785239 -0.027153768 -0.038317412
0.46 -0.01226435 -0.04652564 -0.04100695 0.04494262 -0.039578997 -0.037571624 -0.026743777 -0.038212184
0.4605 -0.01173996 -0.04640908 -0.04082578 0.0460285 -0.03948362 -0.037288763 -0.026331611 -0.03810631
0.461 -0.01121181 -0.04618487 -0.04064078 0.04711816 -0.039387703 -0.037003838 -0.025917288 -0.0379998
0.4615 -0.01067978 -0.04588201 -0.04044887 0.04821145 -0.03929124 -0.036716893 -0.02550086 -0.037892666
0.462 -0.01014414 -0.04558212 -0.04025243 0.04930708 -0.03919424 -0.03642793 -0.025082327 -0.03778491
0.4625 -0.009605071 -0.04531647 -0.04005393 0.05040499 -0.03909672 -0.036136985 -0.024661746 -0.03767655
0.463 -0.00906264 -0.04509329 -0.03985476 0.05150528 -0.03899868 -0.035844088 -0.02423913 -0.037567582
0.4635 -0.00851687 -0.04490998 -0.03965546 0.05260802 -0.038900122 -0.035549253 -0.023814507 -0.03745802
0.464 -0.007968583 -0.04475883 -0.03945639 0.05370706 -0.038801063 -0.03525251 -0.023387916 -0.037347876
0.4645 -0.007420559 -0.04463113 -0.03925852 0.05479657 -0.03870151 -0.0349539 -0.022959374 -0.037237152
0.465 -0.006871146 -0.04452064 -0.03906063 0.05588799 -0.038601458 -0.03465342 -0.022528917 -0.03712586
0.4655 -0.006317921 -0.04442166 -0.0388614 0.05698574 -0.038500927 -0.034351133 -0.022096574 -0.037014008
0.466 -0.005759931 -0.04432934 -0.03866032 0.05809018 -0.038399916 -0.034047022 -0.021662362 -0.0369016
0.4665 -0.005197227 -0.04423981 -0.0384573 0.05920059 -0.038298436 -0.033741124 -0.021226294 -0.036788642
0.467 -0.004630224 -0.04415004 -0.03825239 0.06031628 -0.03819649 -0.033433475 -0.020788435 -0.036675148
0.4675 -0.00405945 -0.04405675 -0.03804571 0.06143831 -0.03809408 -0.03312409 -0.02034878 -0.036561124
0.468 -0.003484947 -0.04395898 -0.03783729 0.0625643 -0.037991226 -0.032812983 -0.019907359 -0.03644657
0.4685 -0.002906729 -0.04385653 -0.03762708 0.0636931 -0.03788792 -0.032500185 -0.019464195 -0.036331497
0.469 -0.002325189 -0.04374922 -0.03741505 0.06482455 -0.037784174 -0.03218572 -0.019019317 -0.036215916
0.4695 -0.001740731 -0.04363691 -0.03720124 0.06595859 -0.037679996 -0.031869613 -0.018572748 -0.036099833
0.47 -0.001153625 -0.04351956 -0.03698567 0.06709511 -0.037575394 -0.03155187 -0.018124513 -0.03598325
0.4705 -0.0005640013 -0.04339722 -0.03676836 0.06823403 -0.037470363 -0.031232532 -0.017674632 -0.03586618
0.471 2.809409e-05 -0.04327001 -0.03654934 0.06937526 -0.03736492 -0.03091161 -0.017223127 -0.035748623
0.4715 0.0006226633 -0.04313811 -0.03632863 0.07051874 -0.03725906 -0.030589126 -0.01677002 -0.03563059
0.472 0.001219754 -0.0430017 -0.03610625 0.07166441 -0.0371528 -0.0302651 -0.016315337 -0.035512086
0.4725 0.0018194 -0.042861 -0.03588219 0.07281222 -0.037046134 -0.029939543 -0.015859097 -0.03539312
0.473 0.002421589 -0.04271626 -0.0356565 0.07396212 -0.03693908 -0.029612489 -0.015401319 -0.03527369
0.4735 0.003026298 -0.04256775 -0.03542918 0.07511404 -0.036831636 -0.02928397 -0.014942035 -0.035153814
0.474 0.003633494 -0.04241574 -0.03520027 0.07626795 -0.036723807 -0.02895397 -0.014481239 -0.035033487
0.4745 0.004243146 -0.04226046 -0.03496978 0.07742379 -0.0366156 -0.028622545 -0.01401899 -0.034912724
0.475 0.004855224 -0.04210215 -0.03473775 0.07858153 -0.036507018 -0.028289683 -0.013555281 -0.034791525
0.4755 0.005469694 -0.04194102 -0.03450419 0.07974114 -0.036398068 -0.02795542 -0.013090134 -0.0346699
0.476 0.006086527 -0.04177726 -0.03426913 0.08090257 -0.036288753 -0.027619757 -0.012623571 -0.034547847
0.4765 0.006705689 -0.04161104 -0.03403259 0.08206581 -0.03617908 -0.027282752 -0.012155615 -0.03442538
0.477 0.00732715 -0.04144251 -0.03379459 0.08323083 -0.03606905 -0.026944373 -0.011686273 -0.034302503
0.4775 0.007950876 -0.0412718 -0.03355515 0.08439759 -0.035958678 -0.026604682 -0.011215597 -0.034179218
0.478 0.008576835 -0.04109905 -0.03331429 0.08556607 -0.035847954 -0.026263654 -0.010743558 -0.03405553
0.4785 0.009204951 -0.04092434 -0.03307204 0.08672919 -0.035736892 -0.025921352 -0.010270201 -0.033931453
0.479 0.00983504 -0.04074779 -0.03282841 0.08789032 -0.035625495 -0.025577739 -0.0097955465 -0.03380698
0.4795 0.01046708 -0.04056946 -0.03258343 0.0890554 -0.035513766 -0.025232885 -0.009319603 -0.033682127
0.48 0.01110115 -0.04038945 -0.03233712 0.09022461 -0.03540171 -0.024886765 -0.008842386 -0.03355689
0.4805 0.01173731 -0.04020781 -0.03208948 0.0913974 -0.035289332 -0.02453944 -0.008363925 -0.03343128
0.481 0.01237557 -0.0400246 -0.03184054 0.09257324 -0.035176635 -0.02419088 -0.007884227 -0.033305302
0.4815 0.01301594 -0.03983986 -0.03159031 0.09375174 -0.035063624 -0.023841124 -0.007403299 -0.033178955
0.482 0.01365838 -0.0396536 -0.03133881 0.09493259 -0.034950305 -0.023490176 -0.006921172 -0.03305225
0.4825 0.01430281 -0.03946587 -0.03108607 0.09611553 -0.03483668 -0.02313808 -0.0064378604 -0.03292519
0.483 0.01494922 -0.03927671 -0.0308321 0.09730039 -0.034722753 -0.02278483 -0.005953379 -0.032797784
0.4835 0.01559757 -0.03908618 -0.03057692 0.098487 -0.034608535 -0.022430442 -0.00546775 -0.03267003
0.484 0.01624785 -0.03889433 -0.03032052 0.09967527 -0.034494016 -0.022074938 -0.004980974 -0.03254193
0.4845 0.01690001 -0.03870119 -0.03006292 0.1008651 -0.03437921 -0.021718323 -0.004493065 -0.0324135
0.485 0.01755401 -0.03850679 -0.02980414 0.1020565 -0.034264117 -0.02136062 -0.0040040687 -0.032284737
0.4855 0.0182098 -0.03831116 -0.02954419 0.1032493 -0.034148745 -0.02100183 -0.0035139546 -0.03215564
0.486 0.01886735 -0.03811433 -0.02928309 0.1044435 -0.034033094 -0.02064199 -0.0030227676 -0.032026228
0.4865 0.01952664 -0.03791631 -0.02902086 0.1056391 -0.033917163 -0.020281084 -0.0025305077 -0.03189649
0.487 0.02018769 -0.03771712 -0.0287575 0.1068361 -0.033800967 -0.01991915 -0.0020372048 -0.031766437
0.4875 0.02085053 -0.03751678 -0.02849303 0.1080344 -0.0336845 -0.019556202 -0.0015428662 -0.03163608
0.488 0.02151509 -0.03731532 -0.02822746 0.1092341 -0.033567775 -0.019192249 -0.0010474995 -0.031505413
0.4885 0.02218128 -0.03711273 -0.02796082 0.110435 -0.033450786 -0.018827297 -0.00055111945 -0.031374447
0.489 0.02284904 -0.03690904 -0.0276931 0.1116372 -0.03333354 -0.018461362 -5.3741038e-05 -0.031243177
0.4895 0.02351834 -0.03670425 -0.02742434 0.1128406 -0.033216037 -0.018094465 0.0004446283 -0.031111613
0.49 0.02418915 -0.0364984 -0.02715453 0.1140453 -0.033098288 -0.017726604 0.00094395876 -0.030979758
0.4905 0.02486145 -0.03629148 -0.0268837 0.1152512 -0.032980293 -0.017357804 0.0014442429 -0.030847616
0.491 0.02553523 -0.03608351 -0.02661186 0.1164582 -0.032862056 -0.016988084 0.0019454807 -0.030715197
0.4915 0.02621048 -0.03587451 -0.02633901 0.1176664 -0.032743577 -0.016617443 0.0024476424 -0.030582495
0.492 0.02688719 -0.03566449 -0.02606518 0.1188757 -0.03262486 -0.016245894 0.0029507428 -0.030449517
0.4925 0.02756534 -0.03545346 -0.02579037 0.1200862 -0.032505907 -0.015873447 0.0034547523 -0.030316265
0.493 0.02824491 -0.03524144 -0.02551459 0.1212978 -0.032386728 -0.015500132 0.0039596334 -0.03018275
0.4935 0.02892583 -0.03502844 -0.02523787 0.1225104 -0.032267317 -0.015125945 0.0044654235 -0.030048968
0.494 0.02960779 -0.03481449 -0.02496026 0.1237238 -0.032147683 -0.014750883 0.0049720854 -0.029914921
0.4945 0.03029078 -0.03459964 -0.02468179 0.1249379 -0.032027826 -0.014374979 0.005479604 -0.029780619
0.495 0.03097498 -0.03438389 -0.02440243 0.1261529 -0.031907756 -0.01399827 0.0059879646 -0.029646069
0.4955 0.03166053 -0.03416723 -0.02412218 0.1273689 -0.031787463 -0.013620712 0.006497182 -0.02951126
0.496 0.03234747 -0.03394968 -0.02384102 0.128586 -0.031666957 -0.013242342 0.0070072263 -0.029376201
0.4965 0.0330358 -0.03373124 -0.02355897 0.1298041 -0.031546246 -0.012863174 0.0075180754 -0.029240906
0.497 0.03372549 -0.03351191 -0.02327603 0.1310233 -0.03142532 -0.012483209 0.0080297515 -0.029105363
0.4975 0.03441653 -0.03329169 -0.02299221 0.1322435 -0.0313042 -0.0121025 0.008542202 -0.02896959
0.498 0.03510887 -0.0330706 -0.02270753 0.1334648 -0.03118287 -0.011720985 0.009055443 -0.028833577
0.4985 0.03580248 -0.03284863 -0.022422 0.1346871 -0.031061342 -0.011338718 0.009569466 -0.028697332
0.499 0.03649735 -0.0326258 -0.02213564 0.1359104 -0.03093962 -0.010955714 0.010084249 -0.028560864
0.4995 0.03719343 -0.03240211 -0.02184844 0.1371347 -0.030817702 -0.010571964 0.010599785 -0.028424166
0.5 0.03789071 -0.03217757 -0.02156043 0.13836 -0.031208033 -0.010540262 0.008304007 -0.028784674
