0.0 -0.065 -0.065 -0.065 -0.065 -0.056813642 -0.0780341 -0.061806712 -0.069087766
0.001 -0.06090621 -0.06484828 -0.06249897 -0.04319335 -0.061175384 -0.078055546 -0.056092147 -0.056397367
0.002 -0.05592998 -0.06437797 -0.06037679 -0.02795412 -0.060891293 -0.07688845 -0.05614187 -0.040100563
0.003 -0.0525111 -0.06379341 -0.05915437 -0.01540028 -0.059148006 -0.07544323 -0.057491753 -0.024188519
0.004 -0.04956134 -0.06316275 -0.05811615 -0.004012673 -0.05668574 -0.073876336 -0.05891176 -0.009685587
0.005 -0.04670446 -0.06250231 -0.05710366 0.00643822 -0.053796142 -0.07220231 -0.059990775 0.0032356754
0.006 -0.0438665 -0.06182063 -0.0561459 0.01601931 -0.050640613 -0.0704374 -0.060601063 0.014682353
0.007 -0.04104191 -0.06111696 -0.0551653 0.02481375 -0.047316834 -0.06860848 -0.060738347 0.024846219
0.008 -0.03821364 -0.06039485 -0.054152 0.03296294 -0.043886386 -0.06674456 -0.060450505 0.03392624
0.009 -0.03538688 -0.05965236 -0.05312698 0.04049995 -0.04039047 -0.064871885 -0.059802737 0.04210011
0.01 -0.03257269 -0.05889337 -0.05210087 0.04749718 -0.036858626 -0.06301209 -0.05886134 0.04951694
0.011 -0.02976335 -0.05812859 -0.05107183 0.05405664 -0.033313587 -0.061182044 -0.057687007 0.0562983
0.012 -0.02696233 -0.05736075 -0.05004336 0.06021362 -0.029773848 -0.059394296 -0.056332678 0.06254207
0.013 -0.02417969 -0.0565897 -0.04901965 0.06599392 -0.02625493 -0.057658024 -0.054843333 0.06832682
0.014 -0.02142119 -0.05581119 -0.04800275 0.07143096 -0.022770071 -0.05597933 -0.0532567 0.07371553
0.015 -0.01869187 -0.05502973 -0.04699341 0.0765403 -0.019330576 -0.05436222 -0.051604096 0.07875904
0.016 -0.01599766 -0.05424835 -0.04599221 0.08134835 -0.015946083 -0.052808847 -0.04991133 0.08349847
0.017 -0.01334165 -0.05346754 -0.04499974 0.08588022 -0.012624683 -0.05132006 -0.04819952 0.08796743
0.018 -0.01072511 -0.05240148 -0.04400883 0.09016047 -0.009373145 -0.049895495 -0.046485916 0.09219336
0.019 -0.008149379 -0.05124788 -0.04301481 0.09420642 -0.006196946 -0.0485342 -0.04478434 0.09619888
0.02 -0.005616474 -0.05028436 -0.04203518 0.09803481 -0.003100507 -0.047234483 -0.043105833 0.10000291
0.021 -0.003127391 -0.04948692 -0.0410745 0.1016629 -8.7181106e-05 -0.04599441 -0.041459035 0.10362122
0.022 -0.0006830024 -0.04878666 -0.04013126 0.1051055 0.0028405357 -0.04481158 -0.03985075 0.107067294
0.023 0.001716073 -0.04812975 -0.03920313 0.1083589 0.0056809243 -0.043683507 -0.03828605 0.11035248
0.024 0.004068917 -0.04748403 -0.03828849 0.1114588 0.008432964 -0.04260759 -0.036768552 0.11348667
0.025 0.006374795 -0.04683372 -0.03738645 0.1144177 0.01109623 -0.041581273 -0.03530099 0.116478555
0.026 0.008633039 -0.046173 -0.03649672 0.1172421 0.013670811 -0.040601905 -0.03388492 0.11933573
0.027 0.01084321 -0.04550134 -0.03561939 0.1199391 0.016157264 -0.039667007 -0.03252133 0.12206512
0.028 0.01300546 -0.04482068 -0.03475454 0.1225158 0.0185565 -0.038774032 -0.031210482 0.12467276
0.029 0.01511992 -0.0441338 -0.03390229 0.1249794 0.020869756 -0.037920702 -0.02995222 0.1271644
0.03 0.01718672 -0.04344355 -0.03306285 0.1273366 0.023098545 -0.037104707 -0.028745916 0.12954524
0.031 0.0192064 -0.04275255 -0.03223639 0.1295936 0.025244558 -0.036323935 -0.02759067 0.13182014
0.032 0.02117894 -0.04206303 -0.03142308 0.1317561 0.027309773 -0.035576403 -0.026485369 0.13399363
0.033 0.02310441 -0.04137684 -0.03062304 0.1338295 0.02929614 -0.034860168 -0.025428683 0.1360701
0.034 0.02498322 -0.04069547 -0.02983636 0.1358186 0.031205883 -0.03417352 -0.024419159 0.13805363
0.035 0.02681591 -0.0400201 -0.02906311 0.1377278 0.033041187 -0.03351481 -0.023455195 0.13994807
0.036 0.02860203 -0.03935177 -0.02830349 0.1395605 0.034804344 -0.032882404 -0.02253522 0.14175722
0.037 0.03034249 -0.03869127 -0.0275575 0.1413207 0.036497653 -0.032274917 -0.021657541 0.14348468
0.038 0.03203904 -0.0380391 -0.02682492 0.143013 0.038123496 -0.031691015 -0.020820513 0.14513388
0.039 0.03369251 -0.0373956 -0.02610567 0.144641 0.03968416 -0.031129427 -0.020022444 0.14670813
0.04 0.0353035 -0.03676105 -0.02539969 0.1462078 0.041181967 -0.030588992 -0.019261688 0.14821073
0.041 0.03687266 -0.03613565 -0.02470694 0.1477166 0.04261922 -0.030068673 -0.018536672 0.1496447
0.042 0.03840067 -0.03551958 -0.02402732 0.14917 0.04399819 -0.029567376 -0.01784569 0.15101299
0.043 0.03988827 -0.03491297 -0.02336074 0.1505706 0.04532107 -0.029084235 -0.017187282 0.15231854
0.044 0.04133621 -0.03431591 -0.0227071 0.151921 0.04659003 -0.02861835 -0.016559891 0.15356413
0.045 0.04274528 -0.03372848 -0.02206627 0.1532232 0.047807224 -0.028168902 -0.015962102 0.15475237
0.046 0.04411626 -0.03315071 -0.02143813 0.1544795 0.04897467 -0.027735077 -0.015392438 0.15588576
0.047 0.04544998 -0.03258263 -0.02082255 0.1556918 0.050094426 -0.02731625 -0.014849618 0.15696687
0.048 0.04674724 -0.03202423 -0.02021937 0.1568622 0.051168315 -0.026911642 -0.014332294 0.15799806
0.049 0.04800884 -0.03147551 -0.01962846 0.1579922 0.05219838 -0.026520714 -0.0138392 0.15898147
0.05 0.04923559 -0.03093647 -0.01904965 0.1590837 0.053186327 -0.026142836 -0.01336921 0.15991941
0.051 0.05042744 -0.03040705 -0.01848285 0.1601375 0.054133944 -0.025777452 -0.012921125 0.16081396
0.052 0.05156268 -0.02988709 -0.01794203 0.1609419 0.0550429 -0.025424048 -0.012493923 0.16166711
0.053 0.05258382 -0.02937877 -0.01744547 0.1615547 0.05591482 -0.025082089 -0.012086481 0.16248071
0.054 0.05361365 -0.02888257 -0.01693135 0.1623421 0.05675131 -0.024751175 -0.011697859 0.16325665
0.055 0.05465778 -0.02839598 -0.01640982 0.163221 0.057553835 -0.024430774 -0.01132708 0.16399667
0.056 0.0556923 -0.02791781 -0.01589416 0.1641321 0.058323853 -0.024120517 -0.010973312 0.16470245
0.057 0.05670403 -0.02744789 -0.01538953 0.1650435 0.05906275 -0.023820058 -0.010635637 0.16537565
0.058 0.05768807 -0.02698658 -0.01489705 0.1659384 0.059771866 -0.023528926 -0.010313243 0.16601771
0.059 0.05864327 -0.02653455 -0.01441655 0.1668079 0.06045244 -0.023246799 -0.01000537 0.16663012
0.06 0.0595703 -0.02609165 -0.01394751 0.1676486 0.06110573 -0.022973351 -0.009711303 0.16721427
0.061 0.06047015 -0.02565757 -0.0134894 0.1684594 0.061732896 -0.022708282 -0.009430349 0.16777155
0.062 0.06134377 -0.025232 -0.01304176 0.1692403 0.06233506 -0.022451207 -0.00916183 0.16830319
0.063 0.06219205 -0.02481474 -0.01260424 0.1699923 0.06291326 -0.02220191 -0.00890512 0.16881034
0.064 0.0630158 -0.02440562 -0.01217655 0.1707166 0.06346858 -0.021960076 -0.008659616 0.16929427
0.065 0.06381578 -0.02400453 -0.01175843 0.1714145 0.06400196 -0.02172546 -0.008424774 0.169756
0.066 0.0645927 -0.02361137 -0.01134967 0.1720874 0.06451435 -0.021497712 -0.008200079 0.1701966
0.067 0.06534723 -0.02322607 -0.01095007 0.1727367 0.06500666 -0.021276738 -0.0079849735 0.17061704
0.068 0.06608001 -0.02284853 -0.01055944 0.1733636 0.0654797 -0.02106224 -0.007779002 0.1710183
0.069 0.06679167 -0.02247867 -0.01017761 0.1739691 0.06593436 -0.02085393 -0.0075817257 0.17140129
0.07 0.0674828 -0.0221164 -0.009804395 0.1745544 0.06637138 -0.020651631 -0.0073927194 0.17176685
0.071 0.06815277 -0.02176151 -0.009440529 0.1750973 0.0667915 -0.020455215 -0.007211536 0.17211586
0.072 0.06877851 -0.02141414 -0.009094017 0.1751795 0.06719548 -0.020264424 -0.007037781 0.17244896
0.073 0.06938416 -0.02107504 -0.008753478 0.1754584 0.067583986 -0.020079046 -0.0068711117 0.17276707
0.074 0.06998842 -0.02074352 -0.008415227 0.1758957 0.067957625 -0.019898929 -0.006711215 0.17307076
0.075 0.07058415 -0.02041901 -0.008082273 0.1764053 0.068317086 -0.019723903 -0.0065576658 0.17336074
0.076 0.07116544 -0.02010124 -0.007756409 0.1769411 0.06866292 -0.019553818 -0.006410256 0.17363775
0.077 0.07172966 -0.01979012 -0.007438226 0.1774779 0.06899573 -0.019388434 -0.0062686577 0.17390227
0.078 0.07227555 -0.01948568 -0.007126618 0.1780024 0.06931602 -0.019227684 -0.0061326027 0.17415491
0.079 0.07280564 -0.01918637 -0.006797481 0.1785102 0.06962439 -0.01907143 -0.0060017332 0.17439625
0.08 0.07332126 -0.01889248 -0.006494372 0.1789995 0.06992125 -0.01891943 -0.0058759227 0.17462683
0.081 0.0738222 -0.01860564 -0.006209973 0.1794694 0.07020713 -0.018771611 -0.0057548806 0.1748471
0.082 0.07430858 -0.01832599 -0.005934263 0.1799201 0.07048244 -0.018627841 -0.0056383684 0.17505759
0.083 0.07477738 -0.0180531 -0.005664253 0.1803502 0.070747636 -0.018487994 -0.0055261925 0.17525876
0.084 0.07522279 -0.01778655 -0.005400406 0.1807593 0.07100317 -0.018351953 -0.0054181516 0.17545098
0.085 0.07565812 -0.01752618 -0.005141246 0.1811513 0.07124938 -0.018219605 -0.005314037 0.17563471
0.086 0.0760764 -0.0172719 -0.004888181 0.1815242 0.07148669 -0.018090766 -0.005213648 0.17581025
0.087 0.07649168 -0.01702328 -0.004639574 0.1818863 0.07171542 -0.017965376 -0.00511688 0.17597812
0.088 0.0769012 -0.01678002 -0.004395701 0.1822378 0.07193594 -0.017843354 -0.005023539 0.17613864
0.089 0.07730072 -0.01654198 -0.004157112 0.1825785 0.0721486 -0.017724559 -0.004933454 0.17629203
0.09 0.07768865 -0.01630912 -0.003924006 0.1829086 0.0723537 -0.017608922 -0.0048464835 0.17643878
0.091 0.07806441 -0.0160814 -0.003696394 0.183227 0.072551526 -0.017496325 -0.0047624707 0.17657906
0.092 0.0784171 -0.01585884 -0.003475395 0.1835176 0.07274241 -0.017386697 -0.004681319 0.17671323
0.093 0.07876166 -0.01564149 -0.003259717 0.1838042 0.07292657 -0.017279927 -0.0046028867 0.17684153
0.094 0.07910352 -0.01542914 -0.003048331 0.1840887 0.07310434 -0.017175939 -0.004527062 0.17696428
0.095 0.07943857 -0.01522163 -0.002841549 0.1843684 0.07327591 -0.01707466 -0.004453726 0.17708173
0.096 0.07976432 -0.01501882 -0.00263958 0.1846418 0.07344154 -0.016976014 -0.0043828264 0.17719406
0.097 0.08008043 -0.01482062 -0.002442435 0.1849085 0.0736015 -0.016879871 -0.0043141544 0.17730156
0.098 0.08038706 -0.01462693 -0.002250033 0.1851679 0.07375598 -0.016786203 -0.0042476803 0.17740443
0.099 0.08068459 -0.01443768 -0.002062257 0.1854198 0.073905215 -0.016694989 -0.0041832924 0.17750284
0.1 0.08097338 -0.01425278 -0.001878988 0.1856641 0.090301864 -0.028495748 -0.0068705007 0.1578719
0.101 0.07740798 0.01164705 -0.003159976 0.1645058 0.09265616 -0.01113103 -0.008954927 0.14737645
0.102 0.07336155 0.04760815 -0.002507875 0.1501412 0.09548511 0.024680398 -0.0066209286 0.13492185
0.103 0.07106077 0.08586861 -9.929324e-05 0.1386212 0.09640715 0.0658854 -0.0024438053 0.123550214
0.104 0.06933079 0.124817 0.003091292 0.1284044 0.09552888 0.10849398 0.0026435703 0.114448
0.105 0.06777255 0.1637579 0.006828364 0.1192561 0.09337883 0.15100643 0.008099593 0.107468
0.106 0.06637891 0.2022061 0.0111287 0.1110849 0.090463735 0.1928018 0.013776809 0.10203495
0.107 0.06507345 0.239792 0.01586465 0.1037623 0.08715954 0.23354411 0.019678801 0.097613715
0.108 0.0638587 0.2762491 0.0209851 0.09721594 0.08372133 0.2730076 0.025842376 0.09382222
0.109 0.06277832 0.3114182 0.02658684 0.09138792 0.08031493 0.31103355 0.03229574 0.09042112
0.11 0.06182158 0.3452185 0.03264138 0.08620645 0.07704483 0.34751827 0.03905177 0.08727465
0.111 0.06097872 0.3776203 0.03910174 0.08160822 0.07397487 0.38240567 0.04611221 0.08431391
0.112 0.06024683 0.4086299 0.04593555 0.07753851 0.07114222 0.41567865 0.05347295 0.08150958
0.113 0.05962644 0.4382785 0.05312168 0.07394962 0.068566866 0.44735143 0.061127782 0.07885439
0.114 0.05911901 0.4666128 0.06064512 0.07079963 0.06625753 0.4774613 0.069070816 0.07635205
0.115 0.05872597 0.4936892 0.06849392 0.06805149 0.064215556 0.5060629 0.07729666 0.074011035
0.116 0.05844827 0.5195687 0.07665751 0.0656723 0.062437683 0.53322226 0.08580117 0.07184111
0.117 0.05828624 0.5443141 0.08512593 0.0636327 0.060917377 0.55901325 0.094580546 0.069851615
0.118 0.05824043 0.5679877 0.09388954 0.06190647 0.059646137 0.58351433 0.10363145 0.068050645
0.119 0.05831051 0.5906502 0.1029384 0.06046894 0.058614157 0.6068057 0.112950444 0.0664446
0.12 0.05847632 0.612358 0.1122572 0.05927384 0.05781082 0.6289674 0.12253365 0.06503826
0.121 0.05875501 0.6331672 0.1218425 0.05832642 0.057225205 0.65007806 0.13237701 0.06383472
0.122 0.05914029 0.6531295 0.1316829 0.05760029 0.056846134 0.67021406 0.14247565 0.0628356
0.123 0.05965603 0.6722992 0.1417772 0.05710878 0.056662574 0.68944824 0.1528241 0.062041126
0.124 0.06029777 0.6907256 0.1521161 0.05683328 0.05666372 0.7078499 0.1634164 0.061450295
0.125 0.06105458 0.7084534 0.1626886 0.05675509 0.05683908 0.72548425 0.174246 0.061061077
0.126 0.06192035 0.7255239 0.1734852 0.05685889 0.057178564 0.7424118 0.18530567 0.060870416
0.127 0.06289212 0.7419761 0.1844976 0.05713189 0.057672545 0.7586895 0.19658776 0.0608745
0.128 0.06396809 0.7578466 0.1957177 0.05756306 0.058311827 0.7743695 0.20808406 0.061068766
0.129 0.06514675 0.7731697 0.2071383 0.05814269 0.05908762 0.7894997 0.219786 0.061448045
0.13 0.06642653 0.787978 0.2187518 0.05886209 0.060990475 0.7999074 0.23536094 0.07199267
0.131 0.06776125 0.7764442 0.2297847 0.05940433 0.058379374 0.7850766 0.23880829 0.07533311
0.132 0.06915645 0.7538976 0.2399743 0.06001715 0.060189255 0.7590135 0.24866436 0.073652215
0.133 0.07064031 0.7282792 0.2499079 0.0607167 0.061835304 0.73095393 0.2576381 0.07239138
0.134 0.07220655 0.7016266 0.2597737 0.06149118 0.06376528 0.70294774 0.26683152 0.07152473
0.135 0.0738514 0.6748626 0.2696434 0.06225717 0.06578909 0.6756833 0.27615845 0.07105518
0.136 0.07557255 0.6485383 0.2795553 0.06307187 0.06789946 0.64938366 0.28568804 0.07089236
0.137 0.07736877 0.6230069 0.289535 0.06403023 0.07008264 0.6241427 0.29542744 0.07097813
0.138 0.07923853 0.5984923 0.2996009 0.06509931 0.07233199 0.60000986 0.30537224 0.07127463
0.139 0.08118011 0.5751285 0.3097662 0.06625977 0.07464061 0.577014 0.3155076 0.07175896
0.14 0.0831912 0.552986 0.3200404 0.06750013 0.07700182 0.5551692 0.32581627 0.0724163
0.141 0.08527075 0.5320938 0.3304306 0.06881469 0.079409175 0.53447706 0.33628142 0.07323591
0.142 0.08741792 0.5124521 0.3409419 0.07020001 0.081856914 0.51492894 0.34688848 0.07420925
0.143 0.08963105 0.4940406 0.3515779 0.07163442 0.08433979 0.49650756 0.35762513 0.07532864
0.144 0.09190818 0.4768262 0.3623407 0.07313759 0.086853504 0.4791887 0.3684821 0.07658685
0.145 0.09424873 0.4607672 0.3732317 0.074715 0.089394204 0.4629428 0.37945175 0.077976875
0.146 0.09665119 0.4458167 0.3842503 0.07635571 0.09195884 0.44773588 0.39052826 0.07949189
0.147 0.0991127 0.4319227 0.395393 0.0780558 0.094544776 0.4335313 0.40170717 0.08112521
0.148 0.1016349 0.419039 0.4066665 0.07982452 0.09714986 0.42029026 0.41298485 0.08287021
0.149 0.1042158 0.4071182 0.4180698 0.08163888 0.09977228 0.4079732 0.42435873 0.08472069
0.15 0.1068529 0.3961098 0.4296004 0.08334495 0.102388315 0.3965513 0.43582368 0.08665418
0.151 0.1091379 0.3859499 0.440481 0.08498947 0.104587905 0.38621053 0.4472903 0.088359915
0.152 0.1106624 0.3764289 0.4497324 0.08639049 0.106413685 0.3769311 0.45817214 0.09001789
0.153 0.1118864 0.3675524 0.4599324 0.08760985 0.10804894 0.36837485 0.46874523 0.091458715
0.154 0.1129416 0.3593566 0.4704624 0.08864709 0.1094848 0.360455 0.47896022 0.09270718
0.155 0.1138317 0.3518007 0.4808125 0.08948088 0.110733815 0.35312164 0.48882496 0.093767785
0.156 0.114565 0.3448206 0.4908096 0.09009987 0.11180321 0.3463313 0.4983436 0.09465011
0.157 0.1151222 0.3383559 0.5004202 0.0904068 0.11270023 0.3400442 0.50752455 0.095362596
0.158 0.1155605 0.3323553 0.5096633 0.09067755 0.11343146 0.33422354 0.5163755 0.09591355
0.159 0.1158926 0.3267769 0.5185633 0.09087352 0.114002876 0.32883504 0.5249047 0.096310966
0.16 0.1161041 0.3215853 0.5271382 0.09096429 0.114419915 0.3238467 0.5331199 0.096562214
0.161 0.1161886 0.3167498 0.5354025 0.09093643 0.11468773 0.319229 0.5410291 0.096674375
0.162 0.116146 0.3122432 0.543368 0.09078526 0.11481113 0.3149543 0.54864013 0.096653916
0.163 0.1159787 0.308041 0.5510441 0.09051154 0.11479444 0.31099692 0.55596036 0.096506886
0.164 0.1156903 0.304121 0.5584391 0.09011903 0.11464191 0.3073328 0.5629976 0.0962388
0.165 0.1152845 0.3004626 0.5655603 0.08961201 0.114357404 0.30393982 0.5697596 0.09585481
0.166 0.1147644 0.2970468 0.5724146 0.08899515 0.11394451 0.3007971 0.57625335 0.09535966
0.167 0.1141334 0.293856 0.5790083 0.08827326 0.113406695 0.2978852 0.5824868 0.094757654
0.168 0.1133945 0.2908737 0.5853479 0.08745113 0.1127472 0.29518586 0.588467 0.094052784
0.169 0.1125508 0.2880845 0.5914397 0.08653334 0.11196903 0.2926822 0.5942013 0.09324867
0.17 0.1116052 0.2854742 0.59729 0.08552423 0.11107505 0.29035822 0.59969723 0.09234867
0.171 0.1105606 0.2830295 0.6029051 0.08442793 0.11006794 0.28819898 0.6049618 0.09135591
0.172 0.1094196 0.2807381 0.6082912 0.08324828 0.10895028 0.28619045 0.6100023 0.090273134
0.173 0.1081852 0.2785883 0.6134547 0.0819889 0.107724525 0.28431943 0.6148257 0.0891029
0.174 0.1068598 0.2765695 0.6184016 0.08065317 0.10639293 0.2825734 0.61943936 0.08784757
0.175 0.105446 0.2746714 0.6231382 0.07924428 0.10495771 0.28094074 0.62385005 0.086509235
0.176 0.1039464 0.2728848 0.6276707 0.0777652 0.103420936 0.27941027 0.62806463 0.085089855
0.177 0.1023634 0.2712009 0.632005 0.07621875 0.101784624 0.27797163 0.63209033 0.08359117
0.178 0.1006994 0.2696117 0.636147 0.07460757 0.100050695 0.27661481 0.63593364 0.08201475
0.179 0.09895675 0.2681094 0.6401028 0.07293418 0.09822092 0.27533063 0.63960147 0.08036203
0.18 0.09713772 0.2666872 0.643878 0.07120093 0.09629714 0.27411008 0.64310056 0.078634284
0.181 0.09524454 0.2653383 0.6474782 0.06941006 0.09428107 0.27294478 0.6464379 0.076832645
0.182 0.09327937 0.2640567 0.6509091 0.0675637 0.092174284 0.27182683 0.6496197 0.07495809
0.183 0.09124433 0.2628368 0.6541761 0.06566387 0.08997845 0.2707488 0.65265286 0.0730116
0.184 0.08914145 0.2616733 0.6572845 0.0637125 0.08769522 0.26970357 0.655544 0.07099385
0.185 0.08697276 0.2605611 0.6602394 0.0617114 0.0853261 0.26868436 0.6582997 0.0689056
0.186 0.08474019 0.2594959 0.6630459 0.05966233 0.08287267 0.267685 0.66092634 0.066747405
0.187 0.08244564 0.2584732 0.665709 0.05756694 0.0803365 0.26669952 0.66343105 0.0645198
0.188 0.08009096 0.2574892 0.6682335 0.05542684 0.07771921 0.26572242 0.66582 0.062223174
0.189 0.07767793 0.2565402 0.670624 0.05324354 0.07502235 0.26474854 0.6680998 0.059857927
0.19 0.07520831 0.2556229 0.672885 0.05101849 0.0722476 0.26377317 0.6702775 0.05742439
0.191 0.07268378 0.2547339 0.6750211 0.04875309 0.0693967 0.26279184 0.6723594 0.05492282
0.192 0.070106 0.2538705 0.6770364 0.04644868 0.06647138 0.26180068 0.67435247 0.05235351
0.193 0.06747656 0.2530299 0.6789352 0.04410654 0.06347353 0.26079598 0.6762633 0.04971662
0.194 0.06479703 0.2522095 0.6807214 0.0417279 0.060405098 0.25977463 0.6780988 0.047012478
0.195 0.0620689 0.2514071 0.682399 0.03931393 0.057268143 0.25873393 0.67986614 0.044241346
0.196 0.05929365 0.2506205 0.6839718 0.03686579 0.054064915 0.25767148 0.6815721 0.041403435
0.197 0.0564727 0.2498477 0.6854435 0.03438454 0.050797753 0.2565853 0.68322325 0.038499117
0.198 0.05360743 0.2490868 0.6868175 0.03187125 0.047469117 0.25547403 0.68482697 0.035528854
0.199 0.05069918 0.2483361 0.6880974 0.02932693 0.044081748 0.25433645 0.68638986 0.032493077
0.2 0.04774927 0.247594 0.6892865 0.02675255 0.04091099 0.25916535 0.69389296 0.030657656
0.201 0.04489406 0.2455103 0.6632229 0.02420708 0.041077457 0.25984 0.6736977 0.03662896
0.202 0.04228648 0.2414926 0.6415121 0.02178714 0.040747993 0.25123054 0.6582203 0.033461288
0.203 0.03981474 0.2365721 0.6230894 0.01946255 0.039757818 0.24343324 0.63924086 0.031462632
0.204 0.03741642 0.2311303 0.6052665 0.01722167 0.038411096 0.23565471 0.6194694 0.028942443
0.205 0.03507074 0.2253304 0.5874698 0.01505864 0.036702335 0.22810039 0.59933186 0.026236124
0.206 0.03277149 0.2192725 0.5696604 0.01296877 0.034707993 0.2207134 0.5792235 0.023370855
0.207 0.0305167 0.2130313 0.5518929 0.01094789 0.032502294 0.21347597 0.55932003 0.020422824
0.208 0.02830549 0.2066657 0.5342283 0.008992219 0.030159077 0.2063666 0.5397295 0.017444454
0.209 0.02613728 0.2002233 0.5167202 0.007098285 0.027741702 0.19937184 0.5205169 0.014479183
0.21 0.02401155 0.1937425 0.4994137 0.005262912 0.025300613 0.19248423 0.5017228 0.0115611255
0.211 0.02192781 0.1872546 0.4823464 0.003483182 0.022873467 0.18570119 0.48337173 0.00871639
0.212 0.01988557 0.1807854 0.4655492 0.001756417 0.020486778 0.17902407 0.46547812 0.0059642643
0.213 0.01788435 0.1743558 0.4490479 8.015127e-05 0.018158054 0.17245662 0.44804966 0.003317982
0.214 0.01592364 0.1679831 0.4328631 -0.001547888 0.01589779 0.16600406 0.43108952 0.0007857159
0.215 0.01400295 0.1616817 0.4170115 -0.003129798 0.013711425 0.15967235 0.4145984 -0.0016285852
0.216 0.01212175 0.1554632 0.4015063 -0.004667522 0.011600783 0.15346742 0.3985749 -0.003924094
0.217 0.01027955 0.1493373 0.3863576 -0.006162859 0.009565407 0.14739493 0.38301623 -0.006102547
0.218 0.008475812 0.1433117 0.3715729 -0.007617483 0.007603435 0.14145967 0.36791867 -0.008167379
0.219 0.006710014 0.1373929 0.3571572 -0.00903295 0.005712187 0.13566583 0.35327786 -0.010123238
0.22 0.004981623 0.131586 0.3431137 -0.01041072 0.0038886275 0.1300166 0.33908826 -0.011975445
0.221 0.003290105 0.125895 0.329444 -0.01175214 0.002129754 0.124514274 0.3253439 -0.013729684
0.222 0.001634917 0.120323 0.3161479 -0.0130585 0.0004326012 0.11916048 0.31203812 -0.01539164
0.223 1.551628e-05 0.1148723 0.3032241 -0.01433098 -0.0012055188 0.11395595 0.29916364 -0.016966969
0.224 -0.001568645 0.1095446 0.2906701 -0.01557073 -0.0027870815 0.1089007 0.2867124 -0.018461116
0.225 -0.003118115 0.104341 0.2784826 -0.0167788 -0.004314283 0.10399415 0.27467597 -0.019879155
0.226 -0.004633448 0.09926192 0.2666572 -0.0179562 -0.0057891626 0.099235184 0.26304543 -0.0212259
0.227 -0.006115194 0.09430756 0.2551891 -0.01910388 -0.007213561 0.09462207 0.2518112 -0.022505809
0.228 -0.007563909 0.08947761 0.2440728 -0.02022275 -0.00858918 0.09015267 0.24096368 -0.023723066
0.229 -0.008980147 0.08477144 0.233302 -0.02131367 -0.009917675 0.08582427 0.23049267 -0.024881527
0.23 -0.01036446 0.08018816 0.2228705 -0.02237745 -0.01120072 0.081633784 0.2203876 -0.025984786
0.231 -0.01171741 0.0757266 0.2127714 -0.02341488 -0.01243997 0.07757757 0.21063785 -0.02703626
0.232 -0.01303954 0.0713854 0.2029976 -0.0244267 -0.013637213 0.07365165 0.20123242 -0.028039068
0.233 -0.0143314 0.06716298 0.1935418 -0.02541362 -0.014794329 0.06985157 0.19216006 -0.028996192
0.234 -0.01559355 0.06305765 0.1843965 -0.02637634 -0.01591337 0.06617249 0.18340929 -0.029910412
0.235 -0.01682652 0.05906753 0.1755542 -0.02731551 -0.016996482 0.06260932 0.17496862 -0.030784328
0.236 -0.01803088 0.05519066 0.1670072 -0.02823176 -0.018045984 0.059156664 0.1668262 -0.031620406
0.237 -0.01920714 0.05142498 0.1587477 -0.0291257 -0.019064289 0.055809177 0.15897016 -0.032420814
0.238 -0.02035586 0.04776835 0.1507681 -0.02999791 -0.020053804 0.05256129 0.1513887 -0.03318774
0.239 -0.02147756 0.04421857 0.1430605 -0.03084895 -0.021016985 0.049407683 0.1440703 -0.033923067
0.24 -0.02257277 0.04077338 0.1356172 -0.03167938 -0.02195618 0.046343222 0.13700339 -0.03462856
0.241 -0.02364202 0.0374305 0.1284308 -0.03248971 -0.02287365 0.043362953 0.13017686 -0.035305876
0.242 -0.02468583 0.0341876 0.1214935 -0.03328046 -0.023771469 0.040462352 0.12358011 -0.035956543
0.243 -0.02570471 0.03104234 0.1147979 -0.03405211 -0.024651444 0.03763724 0.11720301 -0.036581986
0.244 -0.02669917 0.0279924 0.1083367 -0.03480515 -0.02551518 0.034883827 0.11103602 -0.037183546
0.245 -0.02766971 0.02503542 0.1021026 -0.03554003 -0.02636399 0.032198705 0.10507019 -0.037762493
0.246 -0.02861684 0.02216906 0.09608845 -0.0362572 -0.02719896 0.029578865 0.099297225 -0.038320035
0.247 -0.02954103 0.019391 0.0902873 -0.03695711 -0.028020889 0.027021587 0.09370957 -0.038857378
0.248 -0.03044279 0.01669892 0.08469231 -0.03764016 -0.028830346 0.024524517 0.08830011 -0.039375637
0.249 -0.03132258 0.01409053 0.07929677 -0.03830677 -0.029627737 0.02208557 0.083062366 -0.039875902
0.25 -0.03218088 0.01156358 0.07409413 -0.03895734 -0.03041326 0.019702867 0.07799041 -0.040359214
0.251 -0.03301816 0.009115813 0.06907799 -0.03959225 -0.031187002 0.017374769 0.07307875 -0.040826596
0.252 -0.03383488 0.006745034 0.06424214 -0.04021189 -0.03194893 0.015099756 0.06832224 -0.04127903
0.253 -0.03463148 0.004449071 0.05958048 -0.04081661 -0.03269894 0.012876511 0.06371613 -0.041717406
0.254 -0.03540841 0.002225788 0.0550871 -0.04140678 -0.0334369 0.010703757 0.059255973 -0.042142645
0.255 -0.03616612 7.309007e-05 0.05075626 -0.04198275 -0.034162626 0.008580409 0.05493754 -0.04255554
0.256 -0.03690503 -0.00201108 0.04658234 -0.04254485 -0.03487596 0.0065053627 0.050756797 -0.042956896
0.257 -0.03762556 -0.004028738 0.04255992 -0.04309342 -0.035576742 0.00447762 0.04670997 -0.043347448
0.258 -0.03832815 -0.005981858 0.03868371 -0.04362877 -0.036264837 0.0024962947 0.04279329 -0.04372786
0.259 -0.03901318 -0.007872369 0.03494859 -0.04415122 -0.03694014 0.0005604476 0.03900321 -0.044098794
0.26 -0.03968108 -0.00970216 0.03134961 -0.04466108 -0.037602562 -0.0013308004 0.035336256 -0.044460855
0.261 -0.04033223 -0.01147307 0.02788193 -0.04515865 -0.038252093 -0.0031782538 0.03178899 -0.044814553
0.262 -0.04096703 -0.01318691 0.02454089 -0.04564421 -0.038888734 -0.004982762 0.028358161 -0.045160443
0.263 -0.04158585 -0.01484543 0.02132198 -0.04611806 -0.039512504 -0.0067450777 0.025040485 -0.04549899
0.264 -0.04218908 -0.01645033 0.01822083 -0.04658046 -0.040123492 -0.008466005 0.021832824 -0.045830652
0.265 -0.04277706 -0.01800329 0.01523319 -0.0470317 -0.04072179 -0.010146305 0.018732011 -0.046155818
0.266 -0.04335018 -0.01950593 0.01235499 -0.04747203 -0.04130754 -0.011786699 0.015735045 -0.0464749
0.267 -0.04390878 -0.02095984 0.009582248 -0.04790171 -0.041880883 -0.013387896 0.012838885 -0.04678822
0.268 -0.04445321 -0.02236654 0.006911152 -0.04832101 -0.042442005 -0.014950644 0.010040641 -0.047096144
0.269 -0.04498381 -0.02372753 0.004338002 -0.04873015 -0.04299109 -0.016475633 0.007337399 -0.04739897
0.27 -0.0455009 -0.02504428 0.001859227 -0.04912938 -0.043528333 -0.017963521 0.004726365 -0.04769697
0.271 -0.04600482 -0.02631819 -0.0005286219 -0.04951895 -0.04405397 -0.019415017 0.0022047535 -0.047990434
0.272 -0.04649589 -0.02755063 -0.002828876 -0.04989907 -0.044568192 -0.020830747 -0.00023009628 -0.048279613
0.273 -0.04697442 -0.02874293 -0.005044749 -0.05026997 -0.045071222 -0.02221137 -0.0025808215 -0.04856474
0.274 -0.04744071 -0.0298964 -0.007179343 -0.05063187 -0.045563288 -0.023557521 -0.00485 -0.048846018
0.275 -0.04789506 -0.03101227 -0.009235651 -0.05098498 -0.046044618 -0.024869785 -0.007040128 -0.04912364
0.276 -0.04833777 -0.03209178 -0.01121656 -0.05132952 -0.046515405 -0.026148774 -0.009153679 -0.049397834
0.277 -0.04876913 -0.03313611 -0.01312486 -0.05166569 -0.046975896 -0.027395107 -0.011193015 -0.04966874
0.278 -0.04918941 -0.03414639 -0.01496322 -0.05199368 -0.04742629 -0.028609317 -0.013160497 -0.049936533
0.279 -0.04959888 -0.03512374 -0.01673425 -0.05231369 -0.047866784 -0.029791977 -0.015058339 -0.05020136
0.28 -0.04999782 -0.03606923 -0.01844044 -0.05262591 -0.04829759 -0.030943636 -0.016888805 -0.050463352
0.281 -0.05038649 -0.03698392 -0.02008418 -0.05293052 -0.0487189 -0.032064818 -0.018654019 -0.05072263
0.282 -0.05076515 -0.03786879 -0.02166781 -0.05322772 -0.0491309 -0.033156086 -0.020356067 -0.050979327
0.283 -0.05113404 -0.03872485 -0.02319354 -0.05351767 -0.049533777 -0.034217924 -0.02199699 -0.051233537
0.284 -0.05149341 -0.03955303 -0.02466355 -0.05380054 -0.049927704 -0.03525082 -0.023578808 -0.051485334
0.285 -0.0518435 -0.04035425 -0.02607989 -0.05407652 -0.050312836 -0.036255296 -0.025103383 -0.051734824
0.286 -0.05218454 -0.04112939 -0.02744456 -0.05434576 -0.05068937 -0.037231825 -0.026572675 -0.051982045
0.287 -0.05251677 -0.04187933 -0.0287595 -0.05460842 -0.051057428 -0.038180895 -0.027988426 -0.052227095
0.288 -0.05284039 -0.04260489 -0.03002655 -0.05486466 -0.051417187 -0.039102957 -0.02935246 -0.052469995
0.289 -0.05315564 -0.04330688 -0.03124749 -0.05511464 -0.05176878 -0.039998498 -0.030666523 -0.052710786
0.29 -0.05346273 -0.04398607 -0.03242404 -0.0553585 -0.052112356 -0.04086797 -0.031932242 -0.05294951
0.291 -0.05376185 -0.04464322 -0.03355786 -0.0555964 -0.052448057 -0.04171181 -0.03315129 -0.053186182
0.292 -0.05405322 -0.04527906 -0.03465053 -0.05582847 -0.052776016 -0.042530492 -0.034325242 -0.053420804
0.293 -0.05433703 -0.0458943 -0.0357036 -0.05605487 -0.05309637 -0.043324463 -0.03545565 -0.05365339
0.294 -0.05461348 -0.04648962 -0.03671853 -0.05627571 -0.05340924 -0.04409419 -0.036544003 -0.05388393
0.295 -0.05488275 -0.04706567 -0.03769675 -0.05649114 -0.05371476 -0.04484009 -0.037591774 -0.054112397
0.296 -0.05514502 -0.0476231 -0.03863962 -0.05670129 -0.05401305 -0.04556261 -0.038600363 -0.05433879
0.297 -0.05540049 -0.04816252 -0.03954846 -0.05690628 -0.054304242 -0.046262212 -0.03957116 -0.054563057
0.298 -0.05564931 -0.04868454 -0.04042454 -0.05710625 -0.054588452 -0.04693935 -0.04050549 -0.054785177
0.299 -0.05589167 -0.04918972 -0.04126906 -0.0573013 -0.054865777 -0.047594436 -0.041404624 -0.05500509
0.3 -0.05612772 -0.04967863 -0.04208322 -0.05749157 -0.055136375 -0.04822797 -0.042269878 -0.055222765
0.301 -0.05635764 -0.0501518 -0.04286813 -0.05767716 -0.055400323 -0.04884036 -0.043102406 -0.05543813
0.302 -0.05658157 -0.05060976 -0.04362488 -0.05785819 -0.055657767 -0.0494321 -0.043903425 -0.05565113
0.303 -0.05679968 -0.05105301 -0.04435451 -0.05803477 -0.0559088 -0.05000361 -0.044674054 -0.05586172
0.304 -0.05701211 -0.05148204 -0.04505804 -0.05820701 -0.05615353 -0.050555333 -0.04541542 -0.0560698
0.305 -0.05721902 -0.05189731 -0.04573643 -0.05837501 -0.05639208 -0.05108777 -0.046128564 -0.05627533
0.306 -0.05742053 -0.05229929 -0.04639061 -0.05853888 -0.05662456 -0.051601343 -0.046814542 -0.056478225
0.307 -0.0576168 -0.05268841 -0.04702148 -0.05869872 -0.05685107 -0.052096527 -0.047474366 -0.056678414
0.308 -0.05780796 -0.0530651 -0.04762989 -0.05885462 -0.057071723 -0.052573778 -0.048108973 -0.05687582
0.309 -0.05799414 -0.05342977 -0.04821669 -0.05900668 -0.05728662 -0.053033557 -0.048719306 -0.05707039
0.31 -0.05817548 -0.05378282 -0.04878266 -0.05915499 -0.057495862 -0.053476326 -0.049306273 -0.057262026
0.311 -0.05835209 -0.05412462 -0.04932858 -0.05929965 -0.05769956 -0.05390253 -0.04987073 -0.057450686
0.312 -0.0585241 -0.05445556 -0.04985518 -0.05944075 -0.057897814 -0.054312617 -0.05041351 -0.05763628
0.313 -0.05869163 -0.05477599 -0.05036318 -0.05957836 -0.058090717 -0.05470708 -0.050935447 -0.05781876
0.314 -0.05885479 -0.05508625 -0.05085326 -0.05971258 -0.058278367 -0.05508633 -0.051437274 -0.057998054
0.315 -0.05901371 -0.05538668 -0.05132608 -0.05984349 -0.05846087 -0.05545084 -0.051919766 -0.058174122
0.316 -0.05916849 -0.0556776 -0.05178227 -0.05997118 -0.05863834 -0.055801034 -0.052383676 -0.058346868
0.317 -0.05931923 -0.05595933 -0.05222244 -0.06009571 -0.058810845 -0.056137383 -0.052829634 -0.058516286
0.318 -0.05946605 -0.05623216 -0.05264718 -0.06021716 -0.05897849 -0.056460295 -0.053258352 -0.058682323
0.319 -0.05960905 -0.0564964 -0.05305705 -0.06033562 -0.059141375 -0.05677021 -0.053670447 -0.058844935
0.32 -0.05974832 -0.05675232 -0.05345261 -0.06045115 -0.05929958 -0.05706755 -0.054066557 -0.059004083
0.321 -0.05988397 -0.05700019 -0.05383436 -0.06056383 -0.05945322 -0.057352733 -0.054447282 -0.05915975
0.322 -0.06001608 -0.05724027 -0.05420281 -0.06067373 -0.059602365 -0.057626177 -0.054813165 -0.059311904
0.323 -0.06014475 -0.05747283 -0.05455845 -0.06078091 -0.059747107 -0.057888277 -0.055164777 -0.059460536
0.324 -0.06027008 -0.05769811 -0.05490175 -0.06088544 -0.059887547 -0.058139432 -0.055502653 -0.05960562
0.325 -0.06039214 -0.05791634 -0.05523314 -0.06098739 -0.06002377 -0.058380038 -0.055827305 -0.05974717
0.326 -0.06051102 -0.05812775 -0.05555307 -0.06108682 -0.060155854 -0.058610473 -0.056139193 -0.0598852
0.327 -0.06062682 -0.05833257 -0.05586195 -0.06118379 -0.060283907 -0.05883111 -0.05643882 -0.06001968
0.328 -0.06073959 -0.05853101 -0.05616017 -0.06127836 -0.06040799 -0.059042305 -0.05672664 -0.060150616
0.329 -0.06084944 -0.05872328 -0.05644813 -0.06137059 -0.060528215 -0.05924442 -0.057003092 -0.06027805
0.33 -0.06095642 -0.05890957 -0.0567262 -0.06146054 -0.060644653 -0.059437796 -0.057268586 -0.060402013
0.331 -0.06106063 -0.05909009 -0.05699472 -0.06154826 -0.06075739 -0.059622776 -0.05752354 -0.060522504
0.332 -0.06116212 -0.05926502 -0.05725405 -0.06163382 -0.060866527 -0.059799697 -0.05776833 -0.06063957
0.333 -0.06126098 -0.05943453 -0.05750451 -0.06171726 -0.060972124 -0.059968837 -0.058003373 -0.06075324
0.334 -0.06135726 -0.05959881 -0.05774642 -0.06179863 -0.06107428 -0.060130544 -0.05822897 -0.060863554
0.335 -0.06145104 -0.05975802 -0.05798009 -0.06187798 -0.06117306 -0.0602851 -0.05844552 -0.060970552
0.336 -0.06154239 -0.05991233 -0.05820582 -0.06195538 -0.061268568 -0.0604328 -0.058653347 -0.061074287
0.337 -0.06163136 -0.06006189 -0.05842388 -0.06203085 -0.061360873 -0.060573928 -0.058852777 -0.061174802
0.338 -0.06171802 -0.06020686 -0.05863455 -0.06210446 -0.061450064 -0.060708743 -0.059044145 -0.061272148
0.339 -0.06180243 -0.06034738 -0.0588381 -0.06217624 -0.061536208 -0.060837515 -0.059227712 -0.061366387
0.34 -0.06188465 -0.06048359 -0.05903477 -0.06224625 -0.0616194 -0.060960498 -0.059403803 -0.061457567
0.341 -0.06196474 -0.06061564 -0.05922482 -0.06231452 -0.06169972 -0.061077937 -0.059572708 -0.061545752
0.342 -0.06204274 -0.06074366 -0.05940847 -0.0623811 -0.06177722 -0.06119007 -0.059734665 -0.061631013
0.343 -0.06211873 -0.06086778 -0.05958595 -0.06244603 -0.06185199 -0.061297122 -0.05988996 -0.06171339
0.344 -0.06219274 -0.06098811 -0.05975748 -0.06250936 -0.061924122 -0.061399303 -0.060038857 -0.061792962
0.345 -0.06226483 -0.06110478 -0.05992328 -0.06257111 -0.061993666 -0.06149683 -0.06018158 -0.061869804
0.346 -0.06233505 -0.06121792 -0.06008353 -0.06263133 -0.062060714 -0.06158991 -0.06031838 -0.061943956
0.347 -0.06240345 -0.06132762 -0.06023844 -0.06269006 -0.062125325 -0.06167873 -0.06044949 -0.062015496
0.348 -0.06247008 -0.061434 -0.0603882 -0.06274734 -0.06218759 -0.061763488 -0.06057512 -0.062084496
0.349 -0.06253498 -0.06153716 -0.06053298 -0.06280319 -0.06224756 -0.06184435 -0.06069549 -0.06215102
0.35 -0.0625982 -0.06163721 -0.06067296 -0.06285766 -0.062305313 -0.0619215 -0.06081079 -0.06221512
0.351 -0.06265979 -0.06173424 -0.06080831 -0.06291078 -0.062360913 -0.061995097 -0.06092123 -0.062276877
0.352 -0.06271978 -0.06182835 -0.06093919 -0.06296259 -0.06241443 -0.0620653 -0.061027013 -0.06233637
0.353 -0.06277822 -0.06191963 -0.06106575 -0.0630131 -0.06246593 -0.06213226 -0.0611283 -0.06239365
0.354 -0.06283514 -0.06200817 -0.06118815 -0.06306237 -0.062515475 -0.06219613 -0.06122529 -0.062448777
0.355 -0.06289059 -0.06209405 -0.06130652 -0.06311041 -0.06256313 -0.062257037 -0.061318137 -0.062501825
0.356 -0.06294461 -0.06217736 -0.06142102 -0.06315727 -0.06260896 -0.062315136 -0.061407015 -0.06255286
0.357 -0.06299723 -0.06225819 -0.06153176 -0.06320296 -0.06265301 -0.06237053 -0.061492074 -0.06260195
0.358 -0.06304849 -0.0623366 -0.06163889 -0.06324752 -0.06269537 -0.06242336 -0.06157349 -0.06264912
0.359 -0.06309843 -0.06241267 -0.06174253 -0.06329097 -0.06273606 -0.062473737 -0.061651386 -0.06269448
0.36 -0.06314707 -0.06248648 -0.06184279 -0.06333334 -0.062775165 -0.06252177 -0.06172593 -0.06273807
0.361 -0.06319446 -0.06255809 -0.06193979 -0.06337467 -0.06281273 -0.06256758 -0.061797243 -0.06277995
0.362 -0.06324063 -0.06262758 -0.06203365 -0.06341497 -0.06284883 -0.06261126 -0.061865464 -0.06282018
0.363 -0.0632856 -0.06269501 -0.06212447 -0.06345427 -0.06288347 -0.0626529 -0.061930723 -0.062858805
0.364 -0.06332941 -0.06276044 -0.06221235 -0.06349259 -0.06291673 -0.0626926 -0.061993126 -0.06289589
0.365 -0.0633721 -0.06282394 -0.06229741 -0.06352997 -0.06294865 -0.06273045 -0.06205281 -0.062931485
0.366 -0.06341368 -0.06288557 -0.06237972 -0.06356641 -0.0629793 -0.06276653 -0.062109876 -0.062965654
0.367 -0.06345419 -0.06294537 -0.06245939 -0.06360196 -0.06300871 -0.062800944 -0.062164437 -0.062998444
0.368 -0.06349365 -0.06300342 -0.0625365 -0.06363662 -0.063036926 -0.06283374 -0.062216602 -0.0630299
0.369 -0.0635321 -0.06305976 -0.06261114 -0.06367042 -0.063063994 -0.06286502 -0.062266458 -0.063060075
0.37 -0.06356956 -0.06311445 -0.0626834 -0.06370338 -0.06308994 -0.06289483 -0.062314127 -0.063089
0.371 -0.06360605 -0.06316753 -0.06275336 -0.06373553 -0.06311483 -0.062923245 -0.062359676 -0.063116744
0.372 -0.0636416 -0.06321906 -0.06282109 -0.06376687 -0.0631387 -0.06295034 -0.06240322 -0.06314334
0.373 -0.06367624 -0.06326908 -0.06288666 -0.06379744 -0.063161574 -0.06297617 -0.062444814 -0.06316884
0.374 -0.06370999 -0.06331764 -0.06295016 -0.06382726 -0.0631835 -0.0630008 -0.062484577 -0.06319326
0.375 -0.06374287 -0.06336478 -0.06301164 -0.06385633 -0.06320452 -0.06302429 -0.06252255 -0.063216686
0.376 -0.0637749 -0.06341056 -0.06307118 -0.06388468 -0.063224666 -0.063046664 -0.062558845 -0.06323913
0.377 -0.06380611 -0.063455 -0.06312885 -0.06391233 -0.06324396 -0.063068 -0.062593505 -0.063260615
0.378 -0.06383651 -0.06349815 -0.0631847 -0.06393929 -0.063262455 -0.06308834 -0.06262663 -0.06328121
0.379 -0.06386614 -0.06354005 -0.06323879 -0.06396558 -0.063280165 -0.063107744 -0.06265826 -0.06330093
0.38 -0.063895 -0.06358073 -0.06329118 -0.06399122 -0.06329712 -0.06312623 -0.06268848 -0.06331981
0.381 -0.06392312 -0.06362024 -0.06334194 -0.06401622 -0.06331339 -0.063143864 -0.06271732 -0.0633379
0.382 -0.06395052 -0.06365861 -0.06339111 -0.06404061 -0.063328944 -0.06316067 -0.06274489 -0.063355215
0.383 -0.06397722 -0.06369587 -0.06343874 -0.06406438 -0.063343845 -0.06317669 -0.062771216 -0.06337179
0.384 -0.06400323 -0.06373205 -0.06348489 -0.06408757 -0.063358106 -0.06319197 -0.06279635 -0.063387655
0.385 -0.06402857 -0.0637672 -0.0635296 -0.06411019 -0.06337176 -0.06320652 -0.06282035 -0.06340284
0.386 -0.06405327 -0.06380133 -0.06357293 -0.06413224 -0.06338483 -0.06322041 -0.06284325 -0.06341738
0.387 -0.06407733 -0.06383449 -0.06361491 -0.06415374 -0.06339734 -0.06323366 -0.06286514 -0.06343129
0.388 -0.06410077 -0.06386669 -0.0636556 -0.06417472 -0.06340932 -0.06324628 -0.06288603 -0.0634446
0.389 -0.06412361 -0.06389797 -0.06369503 -0.06419517 -0.06342078 -0.06325832 -0.06290595 -0.06345734
0.39 -0.06414587 -0.06392836 -0.06373324 -0.06421511 -0.06343174 -0.06326979 -0.062924996 -0.06346952
0.391 -0.06416756 -0.06395788 -0.06377028 -0.06423456 -0.06344222 -0.06328073 -0.062943175 -0.06348117
0.392 -0.06418869 -0.06398656 -0.06380618 -0.06425353 -0.06345227 -0.06329116 -0.06296052 -0.06349232
0.393 -0.06420928 -0.06401442 -0.06384098 -0.06427202 -0.06346187 -0.063301116 -0.062977076 -0.06350298
0.394 -0.06422935 -0.06404149 -0.06387472 -0.06429006 -0.06347106 -0.06331059 -0.06299286 -0.0635132
0.395 -0.0642489 -0.06406778 -0.06390742 -0.06430765 -0.063479856 -0.06331964 -0.063007966 -0.06352294
0.396 -0.06426795 -0.06409333 -0.06393913 -0.06432481 -0.063488245 -0.06332825 -0.06302236 -0.06353228
0.397 -0.06428651 -0.06411816 -0.06396987 -0.06434153 -0.0634963 -0.06333649 -0.06303611 -0.0635412
0.398 -0.0643046 -0.06414229 -0.06399968 -0.06435785 -0.06350398 -0.06334433 -0.06304922 -0.06354972
0.399 -0.06432222 -0.06416573 -0.06402858 -0.06437376 -0.06351133 -0.06335181 -0.06306173 -0.06355788
0.4 -0.0643394 -0.06418851 -0.06405661 -0.06438927 -0.06351835 -0.06335894 -0.06307367 -0.06356567
0.401 -0.06435614 -0.06421064 -0.06408379 -0.0644044 -0.06352507 -0.063365735 -0.06308507 -0.06357313
0.402 -0.06437245 -0.06423216 -0.06411015 -0.06441915 -0.0635315 -0.06337221 -0.06309595 -0.063580245
0.403 -0.06438834 -0.06425306 -0.06413571 -0.06443354 -0.06353765 -0.06337839 -0.06310633 -0.06358707
0.404 -0.06440383 -0.06427338 -0.06416051 -0.06444757 -0.06354352 -0.06338429 -0.06311624 -0.063593574
0.405 -0.06441892 -0.06429313 -0.06418456 -0.06446126 -0.06354913 -0.063389905 -0.063125685 -0.063599795
0.406 -0.06443362 -0.06431233 -0.06420789 -0.0644746 -0.0635545 -0.06339527 -0.0631347 -0.06360575
0.407 -0.06444796 -0.06433098 -0.06423052 -0.06448761 -0.06355963 -0.06340038 -0.063143305 -0.06361142
0.408 -0.06446192 -0.06434912 -0.06425247 -0.0645003 -0.06356453 -0.06340526 -0.06315152 -0.06361685
0.409 -0.06447553 -0.06436674 -0.06427377 -0.06451268 -0.06356921 -0.06340991 -0.06315935 -0.06362204
0.41 -0.0644888 -0.06438388 -0.06429444 -0.06452475 -0.06357369 -0.063414335 -0.06316683 -0.063627
0.411 -0.06450172 -0.06440053 -0.06431449 -0.06453652 -0.06357797 -0.063418575 -0.06317396 -0.063631736
0.412 -0.06451432 -0.06441673 -0.06433394 -0.064548 -0.06358206 -0.063422605 -0.06318076 -0.063636266
0.413 -0.06452659 -0.06443247 -0.06435282 -0.06455919 -0.06358597 -0.06342645 -0.06318724 -0.06364061
0.414 -0.06453855 -0.06444777 -0.06437114 -0.0645701 -0.06358971 -0.06343012 -0.06319343 -0.06364474
0.415 -0.06455021 -0.06446265 -0.06438891 -0.06458075 -0.06359328 -0.06343361 -0.063199356 -0.063648686
0.416 -0.06456157 -0.06447712 -0.06440616 -0.06459113 -0.06359668 -0.063436955 -0.06320499 -0.063652456
0.417 -0.06457265 -0.06449118 -0.06442291 -0.06460125 -0.06359994 -0.06344013 -0.06321037 -0.06365606
0.418 -0.06458344 -0.06450486 -0.06443916 -0.06461113 -0.06360304 -0.06344317 -0.063215494 -0.063659504
0.419 -0.06459395 -0.06451815 -0.06445493 -0.06462075 -0.063606024 -0.06344608 -0.0632204 -0.0636628
0.42 -0.0646042 -0.06453108 -0.06447024 -0.06463014 -0.06360887 -0.06344884 -0.06322506 -0.06366595
0.421 -0.06461419 -0.06454366 -0.06448511 -0.0646393 -0.063611574 -0.06345147 -0.063229516 -0.063668944
0.422 -0.06462392 -0.06455588 -0.06449954 -0.06464823 -0.06361416 -0.06345397 -0.06323376 -0.06367181
0.423 -0.06463341 -0.06456777 -0.06451354 -0.06465694 -0.06361665 -0.06345637 -0.06323783 -0.06367454
0.424 -0.06464266 -0.06457933 -0.06452714 -0.06466543 -0.063619025 -0.063458666 -0.06324169 -0.06367717
0.425 -0.06465167 -0.06459058 -0.06454034 -0.06467371 -0.06362128 -0.06346085 -0.063245386 -0.06367968
0.426 -0.06466045 -0.06460151 -0.06455316 -0.06468179 -0.06362344 -0.06346293 -0.06324891 -0.063682064
0.427 -0.06466901 -0.06461215 -0.06456561 -0.06468966 -0.06362551 -0.06346491 -0.06325227 -0.063684344
0.428 -0.06467735 -0.06462249 -0.06457769 -0.06469734 -0.06362748 -0.06346681 -0.06325547 -0.06368653
0.429 -0.06468548 -0.06463255 -0.06458943 -0.06470483 -0.06362936 -0.06346862 -0.06325853 -0.063688606
0.43 -0.06469341 -0.06464234 -0.06460083 -0.06471214 -0.06363116 -0.06347034 -0.06326145 -0.063690595
0.431 -0.06470113 -0.06465185 -0.0646119 -0.06471926 -0.063632876 -0.06347199 -0.06326422 -0.06369249
0.432 -0.06470866 -0.06466111 -0.06462264 -0.06472621 -0.063634515 -0.06347355 -0.06326688 -0.0636943
0.433 -0.06471599 -0.06467012 -0.06463308 -0.06473299 -0.06363609 -0.06347505 -0.06326941 -0.063696034
0.434 -0.06472314 -0.06467887 -0.06464322 -0.06473959 -0.06363759 -0.06347648 -0.06327182 -0.063697696
0.435 -0.06473011 -0.0646874 -0.06465307 -0.06474604 -0.063639015 -0.063477844 -0.063274115 -0.06369928
0.436 -0.06473691 -0.06469568 -0.06466264 -0.06475232 -0.06364037 -0.06347914 -0.06327632 -0.06370078
0.437 -0.06474353 -0.06470375 -0.06467193 -0.06475845 -0.06364168 -0.06348038 -0.06327842 -0.06370222
0.438 -0.06474998 -0.06471159 -0.06468096 -0.06476443 -0.06364293 -0.063481554 -0.063280426 -0.0637036
0.439 -0.06475627 -0.06471922 -0.06468973 -0.06477026 -0.06364411 -0.06348269 -0.063282326 -0.063704915
0.44 -0.0647624 -0.06472665 -0.06469825 -0.06477594 -0.06364524 -0.06348376 -0.06328415 -0.06370616
0.441 -0.06476837 -0.06473387 -0.06470652 -0.06478148 -0.063646324 -0.06348479 -0.06328588 -0.06370735
0.442 -0.0647742 -0.0647409 -0.06471456 -0.06478689 -0.06364736 -0.063485764 -0.06328755 -0.0637085
0.443 -0.06477987 -0.06474774 -0.06472238 -0.06479216 -0.06364836 -0.0634867 -0.06328913 -0.06370959
0.444 -0.06478541 -0.06475439 -0.06472997 -0.0647973 -0.063649304 -0.063487604 -0.063290626 -0.063710645
0.445 -0.0647908 -0.06476087 -0.06473735 -0.06480232 -0.0636502 -0.063488446 -0.06329207 -0.06371163
0.446 -0.06479606 -0.06476717 -0.06474451 -0.06480721 -0.063651055 -0.06348925 -0.06329345 -0.06371258
0.447 -0.06480118 -0.0647733 -0.06475148 -0.06481198 -0.06365189 -0.06349003 -0.06329475 -0.06371349
0.448 -0.06480618 -0.06477926 -0.06475825 -0.06481663 -0.063652664 -0.06349077 -0.063296005 -0.063714355
0.449 -0.06481104 -0.06478506 -0.06476483 -0.06482116 -0.06365342 -0.06349148 -0.0632972 -0.06371519
0.45 -0.06481579 -0.06479071 -0.06477122 -0.06482558 -0.063654125 -0.06349214 -0.06329833 -0.063715965
0.451 -0.06482041 -0.06479621 -0.06477743 -0.0648299 -0.06365481 -0.063492775 -0.06329942 -0.063716725
0.452 -0.06482492 -0.06480156 -0.06478347 -0.0648341 -0.06365546 -0.06349339 -0.063300446 -0.06371745
0.453 -0.06482932 -0.06480676 -0.06478934 -0.06483821 -0.06365609 -0.063493975 -0.06330144 -0.063718125
0.454 -0.0648336 -0.06481183 -0.06479505 -0.06484221 -0.06365668 -0.06349453 -0.063302375 -0.06371878
0.455 -0.06483778 -0.06481676 -0.06480059 -0.06484611 -0.06365725 -0.06349506 -0.06330328 -0.063719414
0.456 -0.06484185 -0.06482155 -0.06480598 -0.06484992 -0.0636578 -0.06349558 -0.06330413 -0.06372001
0.457 -0.06484582 -0.06482622 -0.06481122 -0.06485363 -0.06365832 -0.06349606 -0.06330495 -0.06372058
0.458 -0.06484968 -0.06483077 -0.06481632 -0.06485725 -0.063658796 -0.06349652 -0.06330571 -0.06372113
0.459 -0.06485345 -0.06483519 -0.06482127 -0.06486078 -0.063659266 -0.06349696 -0.06330646 -0.06372166
0.46 -0.06485713 -0.0648395 -0.06482609 -0.06486422 -0.06365973 -0.06349739 -0.06330718 -0.06372215
0.461 -0.06486071 -0.06484369 -0.06483077 -0.06486758 -0.06366015 -0.06349778 -0.06330785 -0.06372262
0.462 -0.0648642 -0.06484777 -0.06483532 -0.06487085 -0.06366056 -0.06349817 -0.06330851 -0.063723065
0.463 -0.06486761 -0.06485174 -0.06483974 -0.06487404 -0.06366096 -0.063498534 -0.0633091 -0.06372351
0.464 -0.06487092 -0.0648556 -0.06484405 -0.06487716 -0.06366133 -0.06349888 -0.0633097 -0.06372392
0.465 -0.06487416 -0.06485937 -0.06484823 -0.06488019 -0.06366168 -0.063499205 -0.06331025 -0.06372431
0.466 -0.06487731 -0.06486303 -0.0648523 -0.06488315 -0.06366203 -0.063499525 -0.0633108 -0.06372468
0.467 -0.06488038 -0.06486659 -0.06485625 -0.06488604 -0.06366236 -0.06349983 -0.06331131 -0.063725054
0.468 -0.06488338 -0.06487006 -0.0648601 -0.06488886 -0.06366266 -0.06350013 -0.06331179 -0.06372538
0.469 -0.0648863 -0.06487344 -0.06486384 -0.06489161 -0.06366295 -0.063500404 -0.063312255 -0.063725725
0.47 -0.06488915 -0.06487673 -0.06486748 -0.06489429 -0.063663244 -0.06350066 -0.06331271 -0.06372603
0.471 -0.06489192 -0.06487993 -0.06487102 -0.0648969 -0.063663505 -0.06350092 -0.06331312 -0.06372633
0.472 -0.06489463 -0.06488305 -0.06487446 -0.06489945 -0.06366377 -0.06350115 -0.06331353 -0.06372662
0.473 -0.06489727 -0.06488608 -0.0648778 -0.06490193 -0.06366402 -0.06350138 -0.06331392 -0.06372689
0.474 -0.06489984 -0.06488904 -0.06488106 -0.06490436 -0.06366424 -0.0635016 -0.063314274 -0.06372715
0.475 -0.06490235 -0.06489192 -0.06488422 -0.06490672 -0.06366447 -0.06350181 -0.06331463 -0.063727394
0.476 -0.06490479 -0.06489472 -0.0648873 -0.06490902 -0.06366468 -0.063502 -0.06331496 -0.063727625
0.477 -0.06490717 -0.06489744 -0.0648903 -0.06491127 -0.0636649 -0.06350221 -0.06331528 -0.06372786
0.478 -0.06490949 -0.0649001 -0.06489321 -0.06491347 -0.06366509 -0.06350238 -0.06331559 -0.06372808
0.479 -0.06491176 -0.06490268 -0.06489605 -0.0649156 -0.06366528 -0.06350255 -0.06331588 -0.06372827
0.48 -0.06491397 -0.0649052 -0.0648988 -0.06491769 -0.06366546 -0.06350272 -0.06331616 -0.063728474
0.481 -0.06491612 -0.06490765 -0.06490148 -0.06491972 -0.063665636 -0.06350288 -0.06331643 -0.06372867
0.482 -0.06491821 -0.06491004 -0.06490409 -0.06492171 -0.063665785 -0.06350303 -0.06331668 -0.06372884
0.483 -0.06492026 -0.06491236 -0.06490663 -0.06492364 -0.06366594 -0.06350317 -0.06331691 -0.06372902
0.484 -0.06492225 -0.06491462 -0.0649091 -0.06492553 -0.06366609 -0.0635033 -0.06331715 -0.063729174
0.485 -0.0649242 -0.06491683 -0.0649115 -0.06492737 -0.06366623 -0.06350343 -0.06331737 -0.06372933
0.486 -0.06492609 -0.06491897 -0.06491384 -0.06492916 -0.063666366 -0.06350355 -0.063317575 -0.06372948
0.487 -0.06492794 -0.06492106 -0.06491611 -0.06493091 -0.0636665 -0.06350367 -0.063317776 -0.06372962
0.488 -0.06492974 -0.0649231 -0.06491833 -0.06493262 -0.06366663 -0.06350379 -0.06331796 -0.06372976
0.489 -0.06493149 -0.06492508 -0.06492048 -0.06493428 -0.06366674 -0.06350389 -0.06331815 -0.06372989
0.49 -0.06493321 -0.06492701 -0.06492257 -0.06493591 -0.06366686 -0.063504 -0.06331833 -0.06373001
0.491 -0.06493487 -0.06492889 -0.06492461 -0.06493749 -0.063666955 -0.06350409 -0.06331848 -0.06373013
0.492 -0.0649365 -0.06493072 -0.06492659 -0.06493903 -0.06366705 -0.06350419 -0.06331863 -0.06373025
0.493 -0.06493809 -0.0649325 -0.06492852 -0.06494054 -0.063667156 -0.06350428 -0.063318804 -0.063730344
0.494 -0.06493963 -0.06493423 -0.0649304 -0.06494201 -0.063667245 -0.06350437 -0.06331893 -0.06373045
0.495 -0.06494114 -0.06493592 -0.06493223 -0.06494344 -0.06366734 -0.06350445 -0.06331908 -0.063730545
0.496 -0.06494261 -0.06493757 -0.06493401 -0.06494484 -0.06366741 -0.063504525 -0.0633192 -0.063730635
0.497 -0.06494404 -0.06493917 -0.06493574 -0.0649462 -0.063667506 -0.06350461 -0.06331933 -0.06373073
0.498 -0.06494544 -0.06494074 -0.06493742 -0.06494753 -0.06366757 -0.06350467 -0.063319445 -0.06373081
0.499 -0.0649468 -0.06494226 -0.06493906 -0.06494882 -0.06366765 -0.06350474 -0.063319564 -0.063730896
0.5 -0.06494813 -0.06494374 -0.06494066 -0.06495009 -0.063667715 -0.0635048 -0.063319676 -0.06373097
