0.0 -0.065 -0.065 -0.065 -0.065 0.11978809 0.36526394 0.118162684 0.117411435
0.0005 -0.05511906 -0.06497472 -0.06425375 -0.06000112 0.14417425 0.07848208 0.12735009 -0.006292388
0.001 -0.04309708 -0.06484117 -0.06285445 -0.05492066 0.1045536 0.0208195 0.13631144 0.11307028
0.0015 -0.03518887 -0.06462445 -0.06183534 -0.05098261 0.17987522 0.094025835 0.099778794 0.05507963
0.002 -0.03004616 -0.06435921 -0.0611325 -0.04749894 0.15306816 0.0796995 0.0489041 0.020824656
0.0025 -0.02630098 -0.06406423 -0.06058822 -0.04421088 0.15215534 0.094803885 0.11530488 0.060474105
0.003 -0.02321828 -0.06374894 -0.06011302 -0.04104154 0.1315557 0.10658614 0.14874262 0.10368419
0.0035 -0.02045357 -0.06341835 -0.05966556 -0.03796673 0.15478864 0.09091213 0.11206674 0.033253215
0.004 -0.01785162 -0.06307538 -0.05922797 -0.03497682 0.14805126 0.08872196 0.07321941 0.037075162
0.0045 -0.01534266 -0.06272186 -0.05879265 -0.0320666 0.15183437 0.08655082 0.11373434 0.07403774
0.005 -0.01289653 -0.06235884 -0.05835678 -0.02923289 0.14387253 0.089561746 0.12691528 0.07517152
0.0055 -0.01050781 -0.06198563 -0.05791971 -0.02647518 0.1493471 0.095301375 0.10483014 0.04151489
0.006 -0.008161975 -0.06160462 -0.05748122 -0.02378961 0.1488212 0.09366524 0.093872644 0.051262476
0.0065 -0.005847336 -0.06121775 -0.05704079 -0.0211718 0.15041095 0.086967096 0.11279466 0.067231774
0.007 -0.003559917 -0.06082619 -0.05659826 -0.01861885 0.14619175 0.08951524 0.11612537 0.06380817
0.0075 -0.001299393 -0.06043073 -0.0561548 -0.01612843 0.14859718 0.093723476 0.10554043 0.05064272
0.008 0.0009242405 -0.06003206 -0.05573594 -0.01370542 0.14940149 0.09184007 0.101740785 0.055391535
0.0085 0.003103787 -0.05963101 -0.05531886 -0.01134972 0.14930755 0.08872788 0.1102409 0.06222932
0.009 0.005253349 -0.05922816 -0.05488995 -0.009051318 0.14733648 0.090653464 0.11194766 0.06057643
0.0095 0.007377967 -0.05882292 -0.0544494 -0.006804928 0.14859983 0.0923751 0.10684132 0.054799996
0.01 0.009469591 -0.0584141 -0.05400171 -0.004609508 0.14916277 0.09110513 0.10494908 0.05659814
0.0105 0.01153594 -0.05800302 -0.05354962 -0.002465468 0.14883268 0.08985779 0.108993866 0.06010037
0.011 0.0135826 -0.05759047 -0.05309455 -0.0003699574 0.14801556 0.09087196 0.11003963 0.059359647
0.0115 0.01560896 -0.05717685 -0.05263828 0.00167908 0.1486122 0.09161532 0.10740601 0.056467988
0.012 0.01761171 -0.05676235 -0.05218363 0.003683122 0.14890537 0.090982735 0.10645879 0.057256795
0.0125 0.01958998 -0.05634707 -0.05172938 0.005643473 0.14868379 0.09041776 0.10850526 0.05914619
0.013 0.02154299 -0.05593109 -0.05127499 0.007561253 0.14833686 0.09089081 0.10905393 0.058714718
0.0135 0.02346988 -0.055474 -0.05082035 0.009437739 0.14860585 0.09126 0.10766549 0.057242945
0.014 0.02537034 -0.0548659 -0.05036132 0.01127556 0.14876279 0.090952456 0.10722669 0.05765926
0.0145 0.02724395 -0.05422825 -0.04989842 0.01307375 0.14863852 0.090670764 0.108272366 0.058642074
0.015 0.02909041 -0.05362102 -0.04943526 0.01483282 0.14847901 0.09090258 0.10853367 0.058377847
0.0155 0.03090993 -0.05306498 -0.04897425 0.016554 0.1486044 0.09109342 0.1078139 0.05764556
0.016 0.03270291 -0.05256178 -0.04851657 0.0182385 0.14868978 0.090934336 0.10761688 0.057871893
0.0165 0.03446977 -0.0521048 -0.04806257 0.01988742 0.14862123 0.09079285 0.108145855 0.058367424
0.017 0.03621096 -0.05168471 -0.04761217 0.02150181 0.14854491 0.09091246 0.10826752 0.05821625
0.0175 0.03792688 -0.05129212 -0.0471651 0.02308266 0.14860636 0.09100895 0.107900016 0.057855077
0.018 0.03961791 -0.05091882 -0.04672104 0.02463091 0.14865136 0.09092492 0.10781083 0.05797513
0.0185 0.04128441 -0.05055811 -0.04627969 0.02614746 0.14861384 0.09085521 0.10807746 0.05822304
0.019 0.04292674 -0.05020481 -0.04584081 0.02763317 0.14857712 0.09091741 0.10813422 0.05814059
0.0195 0.04454523 -0.04985508 -0.0454042 0.02908886 0.14860806 0.09096505 0.10794742 0.057961762
0.02 0.04614019 -0.04950622 -0.04496972 0.03051533 0.14863095 0.09092112 0.10790666 0.058024764
0.0205 0.04771192 -0.04915638 -0.0445373 0.03191334 0.14861083 0.090887204 0.10804143 0.058149032
0.021 0.04926073 -0.04880441 -0.04410688 0.03328362 0.14859325 0.09091923 0.10806776 0.058104694
0.0215 0.05078691 -0.04844969 -0.04367845 0.0346269 0.14860886 0.09094256 0.10797275 0.05801569
0.022 0.05229075 -0.04809192 -0.04325202 0.03594384 0.14862034 0.09091991 0.1079542 0.058048822
0.0225 0.05377251 -0.0477311 -0.0428276 0.03723512 0.14860973 0.09090331 0.10802243 0.058111183
0.023 0.05523249 -0.0473674 -0.04240524 0.03850137 0.14860126 0.09091979 0.10803462 0.058087498
0.0235 0.05667095 -0.0470011 -0.04198498 0.03974321 0.14860922 0.09093122 0.10798625 0.058043033
0.024 0.05808818 -0.04663255 -0.04156686 0.04096124 0.14861488 0.09091954 0.107977934 0.058060646
0.0245 0.05948443 -0.04626213 -0.04115094 0.04215604 0.1486094 0.09091145 0.108012475 0.058091767
0.025 0.06085998 -0.04589023 -0.04073727 0.04332818 0.14860523 0.09091985 0.10801799 0.058079176
0.0255 0.06221509 -0.04551725 -0.0403259 0.04447818 0.14860934 0.090925545 0.10799339 0.058056995
0.026 0.06355004 -0.04514356 -0.03991688 0.04560657 0.14861214 0.09091951 0.10798968 0.058066286
0.0265 0.06486507 -0.04476952 -0.03951027 0.04671388 0.14860928 0.090915516 0.108007245 0.058081895
0.027 0.06616046 -0.04439544 -0.0391061 0.04780057 0.14860725 0.09091984 0.10800963 0.058075175
0.0275 0.06743646 -0.04402164 -0.03870442 0.04886715 0.1486094 0.09092258 0.10799717 0.058064103
0.028 0.06869333 -0.04364837 -0.03830527 0.04991406 0.14861068 0.09091954 0.10799562 0.058069043
0.0285 0.06993132 -0.0432759 -0.0379087 0.05094176 0.14860928 0.09091768 0.10800443 0.058076784
0.029 0.0711507 -0.04290444 -0.03751473 0.05195068 0.14860827 0.09091978 0.1080055 0.05807326
0.0295 0.07235171 -0.04253418 -0.0371234 0.05294125 0.14860934 0.09092112 0.10799917 0.05806768
0.03 0.0735346 -0.04216531 -0.03673475 0.05391387 0.14861003 0.090919554 0.1079985 0.0580704
0.0305 0.07469961 -0.04179801 -0.0363488 0.05486894 0.14860931 0.0909186 0.10800306 0.058074206
0.031 0.07584694 -0.0414325 -0.03596558 0.05580678 0.14860877 0.09091975 0.10800337 0.058072343
0.0315 0.07696505 -0.04106858 -0.03559181 0.05672168 0.14860931 0.09092043 0.1080003 0.058069654
0.032 0.07804614 -0.04070677 -0.03522881 0.05761119 0.14860967 0.090919584 0.10800003 0.058071017
0.0325 0.07911125 -0.04034781 -0.03486628 0.05848446 0.14860928 0.09091917 0.10800225 0.058072865
0.033 0.08016972 -0.03999183 -0.03450168 0.05934472 0.14860898 0.0909197 0.10800245 0.05807194
0.0335 0.081222 -0.0396386 -0.03413577 0.06019262 0.14860934 0.09092006 0.10800079 0.058070563
0.034 0.08226563 -0.0392879 -0.03376999 0.06102805 0.14860949 0.09091967 0.10800067 0.058071278
0.0345 0.08329797 -0.03893955 -0.03340553 0.0618508 0.14860928 0.090919405 0.108001865 0.05807218
0.035 0.08431706 -0.03859346 -0.0330432 0.06266073 0.14860919 0.09091969 0.108001955 0.058071725
0.0355 0.08532169 -0.03824956 -0.0326835 0.06345778 0.14860934 0.09091985 0.10800106 0.058071032
0.036 0.08631122 -0.03790784 -0.03232672 0.06424194 0.1486094 0.09091969 0.108001046 0.058071397
0.0365 0.08728553 -0.03756828 -0.03197297 0.06501333 0.14860931 0.09091954 0.10800161 0.05807185
0.037 0.08824467 -0.03723089 -0.03162233 0.06577208 0.14860925 0.09091967 0.10800172 0.058071636
0.0375 0.08918873 -0.03689571 -0.03127479 0.06651832 0.14860928 0.09091975 0.108001254 0.058071293
0.038 0.09011788 -0.03656277 -0.03093036 0.06725219 0.14860931 0.0909196 0.10800124 0.058071494
0.0385 0.09103233 -0.03623214 -0.030589 0.06797385 0.14860928 0.09091966 0.10800154 0.058071733
0.039 0.09193234 -0.03590385 -0.03025069 0.06868348 0.14860928 0.09091964 0.10800151 0.058071576
0.0395 0.09281816 -0.03557795 -0.02991541 0.06938128 0.14860931 0.09091973 0.10800133 0.058071397
0.04 0.09369005 -0.03525447 -0.02958313 0.07006743 0.14860934 0.09091976 0.108001344 0.058071516
0.0405 0.09454828 -0.03493346 -0.02925383 0.07074213 0.14860928 0.090919614 0.10800151 0.0580716
0.041 0.09539309 -0.03461494 -0.02892749 0.07140559 0.14860928 0.09091967 0.10800148 0.05807156
0.0415 0.09622472 -0.03429893 -0.02860409 0.072058 0.14860928 0.0909197 0.10800142 0.058071494
0.042 0.09704341 -0.03398545 -0.02828362 0.07269958 0.14860931 0.09091967 0.10800137 0.0580715
0.0425 0.09784939 -0.03367452 -0.02796606 0.07333051 0.14860934 0.0909197 0.10800143 0.05807156
0.043 0.09864285 -0.03336615 -0.0276514 0.073951 0.14860931 0.09091964 0.10800142 0.05807154
0.0435 0.09942402 -0.03306035 -0.02733963 0.07456124 0.14860928 0.09091964 0.10800142 0.05807156
0.044 0.1001931 -0.03275712 -0.02703074 0.07516143 0.14860931 0.09091972 0.108001344 0.0580715
0.0445 0.1009503 -0.03245648 -0.02672471 0.07575176 0.14860931 0.09091967 0.10800142 0.05807156
0.045 0.1016957 -0.03215842 -0.02642153 0.0763324 0.14860928 0.09091969 0.10800145 0.05807157
0.0455 0.1024296 -0.03186294 -0.02612119 0.07690355 0.14860931 0.09091969 0.1080014 0.058071516
0.046 0.1031522 -0.03157004 -0.02582368 0.07746537 0.14860928 0.09091966 0.10800143 0.05807154
0.0465 0.1038636 -0.03127972 -0.02552899 0.07801806 0.14860931 0.09091973 0.1080014 0.05807153
0.047 0.1045641 -0.03099198 -0.0252371 0.07856177 0.14860928 0.0909197 0.10800143 0.05807157
0.0475 0.1052537 -0.03070681 -0.02494801 0.07909667 0.14860931 0.09091967 0.10800142 0.058071546
0.048 0.1059326 -0.03042421 -0.02466169 0.07962294 0.14860931 0.09091963 0.1080014 0.05807153
0.0485 0.1066011 -0.03014416 -0.02437815 0.08014072 0.14860931 0.09091973 0.1080014 0.058071546
0.049 0.1072592 -0.02986667 -0.02409736 0.08065018 0.14860928 0.09091967 0.10800145 0.058071584
0.0495 0.1079071 -0.02959173 -0.0238193 0.08115148 0.14860931 0.0909197 0.10800143 0.058071516
0.05 0.1085449 -0.02931921 -0.02354405 0.08164306 0.14860928 0.09091964 0.10800143 0.05807156
0.0505 0.1091719 -0.02904907 -0.02327194 0.08212325 0.14860931 0.09091973 0.10800137 0.058071494
0.051 0.1097884 -0.02878149 -0.02300274 0.08259535 0.14860925 0.09091966 0.10800142 0.05807157
0.0515 0.1103952 -0.02851654 -0.02273615 0.08306082 0.14860931 0.09091964 0.10800143 0.05807154
0.052 0.1109931 -0.0282542 -0.02247203 0.08351996 0.14860931 0.09091967 0.10800139 0.05807156
0.0525 0.111582 -0.02799443 -0.0222104 0.08397268 0.14860928 0.09091967 0.10800143 0.058071546
0.053 0.112162 -0.02773719 -0.02195129 0.08441883 0.14860931 0.0909197 0.10800146 0.058071546
0.0535 0.1127331 -0.02748243 -0.02169475 0.08485838 0.14860931 0.09091964 0.10800149 0.05807157
0.054 0.1132955 -0.02723013 -0.02144077 0.08529141 0.14860934 0.09091969 0.10800143 0.058071516
0.0545 0.1138494 -0.02698024 -0.02118936 0.08571797 0.14860931 0.09091975 0.10800142 0.058071516
0.055 0.1143948 -0.02673276 -0.0209405 0.08613814 0.14860928 0.09091969 0.10800142 0.05807157
0.0555 0.1149321 -0.02648766 -0.02069419 0.08655198 0.14860931 0.09091966 0.10800148 0.05807156
0.056 0.1154612 -0.02624492 -0.0204504 0.08695957 0.14860931 0.09091966 0.10800137 0.058071516
0.0565 0.1159809 -0.02600453 -0.02020974 0.08734127 0.14860931 0.09091972 0.10800136 0.0580715
0.057 0.1164521 -0.02576681 -0.01998611 0.08761464 0.14860925 0.09091966 0.10800145 0.0580716
0.0575 0.1168859 -0.02553237 -0.01977064 0.08789192 0.14860931 0.09091966 0.10800146 0.05807153
0.058 0.1173194 -0.02530106 -0.01955226 0.0881941 0.14860931 0.09091966 0.1080014 0.058071546
0.0585 0.117765 -0.02507248 -0.01932949 0.08850793 0.14860931 0.0909197 0.10800136 0.05807147
0.059 0.1182177 -0.0248463 -0.01910415 0.08883275 0.14860925 0.09091969 0.10800146 0.058071606
0.0595 0.1186586 -0.02462246 -0.01887981 0.08916168 0.14860928 0.09091964 0.10800146 0.058071546
0.06 0.1190961 -0.02440097 -0.01865721 0.08949432 0.14860931 0.09091966 0.10800139 0.0580715
0.0605 0.1195377 -0.0241818 -0.01843587 0.0898239 0.14860931 0.09091975 0.10800136 0.05807151
0.061 0.1199833 -0.02396487 -0.01821592 0.09015521 0.14860925 0.09091969 0.10800145 0.058071606
0.0615 0.1204299 -0.02375008 -0.0179977 0.0904891 0.14860928 0.09091967 0.10800148 0.05807157
0.062 0.1208746 -0.02353734 -0.01778153 0.09082434 0.14860931 0.090919614 0.10800136 0.058071494
0.0625 0.1213151 -0.02332661 -0.01756762 0.09115955 0.14860931 0.09091966 0.10800139 0.0580715
0.063 0.1217498 -0.02311784 -0.0173561 0.09149358 0.14860928 0.09091967 0.10800145 0.058071606
0.0635 0.1221781 -0.02291102 -0.01714702 0.09182553 0.14860931 0.09091967 0.10800143 0.05807154
0.064 0.1225994 -0.02270613 -0.01694037 0.09215474 0.14860931 0.09091964 0.10800136 0.05807148
0.0645 0.1230136 -0.02250319 -0.01673613 0.09248067 0.14860931 0.09091972 0.1080014 0.05807156
0.065 0.1234209 -0.02230219 -0.01653426 0.09280294 0.14860931 0.09091969 0.10800145 0.058071584
0.0655 0.1238214 -0.02210314 -0.01633472 0.09312127 0.14860931 0.0909197 0.10800143 0.05807151
0.066 0.1242151 -0.02190604 -0.01613745 0.09343544 0.14860931 0.09091964 0.10800142 0.05807153
0.0665 0.1246024 -0.02171089 -0.01594243 0.09374531 0.14860928 0.0909197 0.1080014 0.058071516
0.067 0.1249834 -0.02151769 -0.01574961 0.09405078 0.14860931 0.09091963 0.10800143 0.05807157
0.0675 0.1253583 -0.02132645 -0.01555895 0.0943518 0.14860928 0.09091964 0.10800142 0.058071546
0.068 0.1257272 -0.02113716 -0.01537043 0.09464832 0.14860931 0.09091969 0.108001344 0.05807147
0.0685 0.1260902 -0.02094982 -0.01518401 0.09494035 0.14860928 0.0909197 0.1080014 0.058071576
0.069 0.1264476 -0.02076442 -0.01499966 0.09522791 0.14860928 0.09091966 0.10800143 0.0580716
0.0695 0.1267995 -0.02058095 -0.01481737 0.095511 0.14860931 0.09091967 0.10800142 0.058071546
0.07 0.1271459 -0.02039942 -0.0146371 0.09578969 0.14860931 0.0909197 0.10800133 0.058071487
0.0705 0.127487 -0.02021979 -0.01445884 0.09606401 0.14860928 0.0909197 0.10800139 0.058071584
0.071 0.1278229 -0.02004208 -0.01428255 0.09633402 0.14860928 0.0909197 0.10800142 0.058071554
0.0715 0.1281536 -0.01986625 -0.01410824 0.09659977 0.14860928 0.09091966 0.10800139 0.058071516
0.072 0.1284793 -0.01969231 -0.01393586 0.09686134 0.14860931 0.09091966 0.1080014 0.05807157
0.0725 0.1288 -0.01952024 -0.01376541 0.09711879 0.14860928 0.0909197 0.1080014 0.058071524
0.073 0.1291156 -0.01935002 -0.01359686 0.09737215 0.14860931 0.09091966 0.10800137 0.058071516
0.0735 0.1294263 -0.01918164 -0.01343021 0.0976215 0.14860931 0.09091967 0.10800142 0.05807157
0.074 0.1297323 -0.01901509 -0.01326542 0.09786689 0.14860931 0.0909197 0.10800136 0.05807151
0.0745 0.1300337 -0.01885035 -0.01310248 0.09810842 0.14860931 0.09091973 0.10800143 0.05807156
0.075 0.1303307 -0.01868741 -0.01294138 0.09834605 0.14860931 0.09091972 0.10800146 0.058071584
0.0755 0.1306231 -0.01852624 -0.01278211 0.0985797 0.14860931 0.09091967 0.10800146 0.05807153
0.076 0.1309111 -0.01836682 -0.01262466 0.09880965 0.14860931 0.09091969 0.10800139 0.058071524
0.0765 0.1311948 -0.01820917 -0.01246899 0.09903611 0.14860931 0.09091972 0.10800143 0.05807153
0.077 0.1314716 -0.01805327 -0.01231519 0.09920122 0.14860928 0.09091969 0.10800142 0.058071554
0.0775 0.1317045 -0.01789889 -0.01214443 0.09928012 0.14860931 0.09091967 0.10800146 0.058071546
0.078 0.1318882 -0.01774589 -0.01197744 0.09937186 0.14860931 0.09091972 0.10800137 0.058071524
0.0785 0.1320711 -0.01759469 -0.01182314 0.09949353 0.14860928 0.09091975 0.10800137 0.058071494
0.079 0.1322747 -0.01744557 -0.01167796 0.09964215 0.14860925 0.09091963 0.10800146 0.05807163
0.0795 0.1324997 -0.01729859 -0.01153806 0.09981118 0.14860937 0.09091969 0.10800148 0.058071524
0.08 0.1327402 -0.01715373 -0.01140101 0.09996184 0.14860931 0.0909197 0.10800136 0.058071464
0.0805 0.1329894 -0.01701116 -0.01126558 0.1000311 0.14860928 0.09091973 0.10800142 0.05807154
0.081 0.1332418 -0.01687061 -0.01113123 0.1001339 0.14860928 0.09091966 0.10800148 0.05807159
0.0815 0.1334941 -0.01673182 -0.01099773 0.1002526 0.14860931 0.09091966 0.10800151 0.058071554
0.082 0.1337441 -0.01659459 -0.01086505 0.1002978 0.14860931 0.0909197 0.10800137 0.058071487
0.0825 0.1339904 -0.01645885 -0.01073327 0.1003843 0.14860928 0.09091969 0.1080014 0.058071546
0.083 0.1342326 -0.01632454 -0.01060245 0.100518 0.14860928 0.09091969 0.10800148 0.058071576
0.0835 0.1344705 -0.01619162 -0.01047265 0.1006858 0.14860928 0.09091966 0.10800146 0.05807156
0.084 0.1347042 -0.01606007 -0.01034395 0.1008764 0.14860931 0.09091966 0.10800136 0.05807148
0.0845 0.1349337 -0.01592987 -0.0102164 0.1010817 0.14860928 0.09091972 0.1080014 0.058071576
0.085 0.1351591 -0.01580102 -0.01009007 0.1012957 0.14860928 0.09091967 0.10800143 0.05807157
0.0855 0.1353807 -0.01567352 -0.009964985 0.1015143 0.14860931 0.09091967 0.10800145 0.05807154
0.086 0.1355985 -0.01554735 -0.009841184 0.1017344 0.14860931 0.09091967 0.1080014 0.058071524
0.0865 0.1358127 -0.01542253 -0.009718686 0.1019537 0.14860928 0.09091969 0.10800139 0.05807153
0.087 0.1360235 -0.01529903 -0.009597503 0.1021709 0.14860928 0.09091967 0.10800143 0.058071584
0.0875 0.1362309 -0.01517687 -0.009477644 0.1023849 0.14860931 0.09091963 0.10800148 0.058071554
0.088 0.1364351 -0.01505602 -0.00935911 0.1025949 0.14860931 0.090919614 0.10800142 0.058071524
0.0885 0.1366361 -0.01493649 -0.009241901 0.1028006 0.14860931 0.09091969 0.10800139 0.0580715
0.089 0.136834 -0.01481828 -0.009126012 0.1030016 0.14860931 0.09091966 0.10800148 0.05807159
0.0895 0.1370289 -0.01470136 -0.009011437 0.1031979 0.14860931 0.09091966 0.10800148 0.058071576
0.09 0.1372209 -0.01458573 -0.008898169 0.1033894 0.14860931 0.0909197 0.108001344 0.058071464
0.0905 0.1374098 -0.0144714 -0.00878621 0.103576 0.14860928 0.09091969 0.10800142 0.05807154
0.091 0.1375956 -0.01435836 -0.008675603 0.1037576 0.14860931 0.09091967 0.10800149 0.058071613
0.0915 0.1377782 -0.01424662 -0.008566345 0.1039344 0.14860931 0.09091967 0.10800142 0.0580715
0.092 0.137958 -0.01413617 -0.00845838 0.1041067 0.14860928 0.09091967 0.10800143 0.0580715
0.0925 0.1381353 -0.01402699 -0.008351653 0.104275 0.14860928 0.09091972 0.10800139 0.058071554
0.093 0.1383102 -0.01391907 -0.008246134 0.1044394 0.14860934 0.09091964 0.1080014 0.05807154
0.0935 0.1384812 -0.01381238 -0.008141809 0.1046 0.14860928 0.09091967 0.1080014 0.05807154
0.094 0.1386453 -0.01370691 -0.008038703 0.1047569 0.14860931 0.0909197 0.10800137 0.0580715
0.0945 0.1388065 -0.01360263 -0.007936824 0.1049102 0.14860928 0.09091969 0.10800145 0.058071576
0.095 0.1389663 -0.01349954 -0.007836143 0.1050601 0.14860931 0.09091966 0.10800146 0.05807156
0.0955 0.1391251 -0.01339766 -0.007736635 0.1051993 0.14860931 0.09091967 0.10800146 0.05807154
0.096 0.1392817 -0.01329718 -0.007638346 0.105325 0.14860931 0.0909197 0.1080014 0.0580715
0.0965 0.1394357 -0.01319813 -0.0075413 0.1054496 0.14860928 0.09091972 0.10800139 0.058071546
0.097 0.1395874 -0.01310045 -0.007445444 0.1055751 0.14860928 0.09091967 0.10800146 0.05807159
0.0975 0.1397371 -0.01300403 -0.007350716 0.1057013 0.14860928 0.09091969 0.1080014 0.058071524
0.098 0.1398853 -0.01290876 -0.007257077 0.1058276 0.14860931 0.09091966 0.10800137 0.058071524
0.0985 0.140032 -0.01281458 -0.007164508 0.1059535 0.14860931 0.09091973 0.10800142 0.05807153
0.099 0.1401772 -0.01272142 -0.007073002 0.1060787 0.14860928 0.09091967 0.10800145 0.05807157
0.0995 0.1403209 -0.01262925 -0.006982552 0.1062026 0.14860931 0.09091966 0.10800149 0.058071554
0.1 0.1404631 -0.01253805 -0.006893153 0.1063252 0.13312405 1.0055048 0.5172144 0.19182214
0.1005 0.1318773 -0.002070746 -0.006497063 0.1123863 0.10106007 0.82815343 0.23525858 0.24654967
0.101 0.1229709 0.01349618 -0.005467599 0.1185883 0.09704504 0.720054 0.27710816 0.04251235
0.1015 0.1179829 0.03117198 -0.004174923 0.1231392 0.016251825 0.77754045 0.27501217 0.12021935
0.102 0.1151942 0.04985438 -0.002766019 0.1269333 0.072291456 0.69911695 0.30168414 0.1351499
0.1025 0.1134171 0.0690616 -0.00125283 0.1303762 0.061568625 0.7120371 0.2685697 0.12932557
0.103 0.1121001 0.08856015 0.0003633261 0.1336018 0.050833993 0.70291543 0.26536763 0.11767009
0.1035 0.1109938 0.1082161 0.002064972 0.1366399 0.051211387 0.7180101 0.27786905 0.12644562
0.104 0.1099815 0.1279351 0.00383274 0.139502 0.05672475 0.71793693 0.28099504 0.12657538
0.1045 0.1090395 0.1476404 0.005681258 0.14222 0.056419946 0.7185084 0.28086963 0.12439969
0.105 0.1081609 0.1672663 0.00761342 0.144809 0.055181243 0.718956 0.28319556 0.12480812
0.1055 0.1073373 0.1867546 0.00962449 0.1472779 0.05546061 0.71982 0.28613293 0.12559134
0.106 0.106571 0.2060559 0.01172262 0.1496356 0.05597391 0.7206806 0.28815892 0.12567559
0.1065 0.1058566 0.2251282 0.01390178 0.1518883 0.055998124 0.7214772 0.29007742 0.12564035
0.107 0.1051871 0.2439357 0.01615303 0.1540411 0.056011952 0.722441 0.29237315 0.12586816
0.1075 0.1045565 0.2624488 0.01846866 0.1560993 0.056186058 0.7233605 0.29465488 0.12606955
0.108 0.1039604 0.2806441 0.0208428 0.1580674 0.05635058 0.72425914 0.29684225 0.12621135
0.1085 0.1033957 0.2985033 0.02326683 0.1599506 0.056461193 0.7251418 0.29903525 0.126363
0.109 0.1028604 0.3160108 0.02569632 0.1617535 0.056577392 0.7260347 0.3012589 0.12653336
0.1095 0.1023527 0.3331564 0.02817118 0.1634807 0.056706995 0.7269288 0.30347836 0.12669887
0.11 0.1018715 0.3499358 0.03070914 0.1651275 -0.028966859 0.3288731 -0.026054986 -0.15534402
0.1105 0.1002708 0.3663245 0.03247299 0.1558816 -0.07135956 0.34827197 -0.07941871 -0.060697928
0.111 0.09689362 0.3822437 0.033472 0.1464026 0.06638538 0.61662024 0.22907487 0.0626339
0.1115 0.09372191 0.397715 0.034927 0.1396328 0.06439304 0.63789696 0.30788237 -0.008560654
0.112 0.09112844 0.4127775 0.03681473 0.1340207 0.018497542 0.7013733 0.10351529 -0.20822936
0.1125 0.08895006 0.4274562 0.03894923 0.1289174 -0.041537628 0.6235298 0.12858045 -0.044066988
0.113 0.08700753 0.4417666 0.04121403 0.1241164 0.024779186 0.5524155 0.28564814 0.06710401
0.1135 0.08519056 0.4557197 0.04355277 0.1195499 0.036095288 0.6022136 0.19997859 -0.068268485
0.114 0.08344163 0.4693247 0.04594042 0.1151902 0.0028252713 0.6648509 0.0902886 -0.15076706
0.1145 0.08173271 0.4825902 0.04836608 0.1110213 -0.0050470326 0.6164072 0.19262692 -0.012346305
0.115 0.08005055 0.4955247 0.05082485 0.1070309 0.031221513 0.58201385 0.2829703 0.022501126
0.1155 0.07838895 0.5081364 0.05331435 0.1032088 0.02255056 0.6291342 0.18638957 -0.09299001
0.116 0.07674463 0.5204336 0.05583312 0.09954366 -0.0061378926 0.648065 0.12443315 -0.104315154
0.1165 0.07511212 0.5324241 0.05837817 0.096017 0.006560918 0.6019579 0.22024453 -0.0031197518
0.117 0.07349295 0.5441158 0.06094964 0.09263084 0.028216198 0.59457487 0.262459 -0.0074091554
0.1175 0.07189109 0.5555175 0.06354888 0.08938232 0.016859662 0.6410339 0.18038991 -0.09662332
0.118 0.07030782 0.5666375 0.06617584 0.08626455 -0.0043415837 0.6392425 0.16014597 -0.07494132
0.1185 0.06874296 0.5774838 0.06882981 0.08327013 0.012522578 0.60198575 0.2397624 -0.004447095
0.119 0.06719566 0.5880642 0.07150986 0.08039033 0.023467727 0.6075399 0.2484617 -0.028851077
0.1195 0.06566172 0.5983851 0.07421321 0.07760979 0.011724211 0.6428294 0.18288371 -0.09053295
0.12 0.06414257 0.6084541 0.07693998 0.07493221 -0.0003202092 0.6315477 0.18867221 -0.05528494
0.1205 0.0626416 0.6182791 0.07969139 0.0723563 0.015429005 0.60572004 0.25036505 -0.009892955
0.121 0.06115985 0.6278676 0.08246733 0.06987714 0.01986757 0.61868584 0.23998141 -0.043650657
0.1215 0.05969711 0.6372267 0.08526712 0.06748935 0.008253269 0.64215636 0.19230175 -0.08068297
0.122 0.05825286 0.646363 0.08808996 0.06518788 0.00359915 0.62692726 0.21235132 -0.042616382
0.1225 0.05682666 0.6552829 0.09093514 0.06296811 0.01622329 0.610873 0.25558317 -0.017277025
0.123 0.05541823 0.6639927 0.09380202 0.06082582 0.016755559 0.6267838 0.23574162 -0.05252576
0.1235 0.05402741 0.6724983 0.09669004 0.05875711 0.0065367557 0.64036554 0.20534417 -0.06980206
0.124 0.05265415 0.6808056 0.09959867 0.05675842 0.006899921 0.62496114 0.2314738 -0.03518407
0.1245 0.05129844 0.6889202 0.1025275 0.05482642 0.015899066 0.61680174 0.25821048 -0.025183216
0.125 0.04996031 0.6968476 0.1054759 0.05295801 0.014012188 0.6323664 0.23565713 -0.056450166
0.1255 0.04863977 0.7045932 0.1084437 0.0511503 0.0061599314 0.63837284 0.2199162 -0.059619367
0.126 0.04733685 0.7121621 0.1114302 0.04940058 0.009272648 0.6249342 0.24632165 -0.03167305
0.1265 0.04605155 0.7195595 0.1144352 0.04770633 0.014996871 0.62274086 0.25996014 -0.032344826
0.127 0.04478389 0.7267901 0.1174582 0.04606514 0.01178655 0.63600326 0.23923403 -0.05662515
0.1275 0.04353383 0.7338587 0.1204988 0.04447478 0.0066379327 0.6368205 0.23459944 -0.0511292
0.128 0.04230136 0.74077 0.1235566 0.04293311 0.010706242 0.6263726 0.25763443 -0.030948393
0.1285 0.04108643 0.7475285 0.1266312 0.04143815 0.013813689 0.62816447 0.26201677 -0.03791739
0.129 0.039889 0.7541384 0.1297223 0.039988 0.010184001 0.6382329 0.24566087 -0.054348752
0.1295 0.038709 0.760604 0.1328295 0.03858087 0.0074979737 0.6360119 0.24842456 -0.04471112
0.13 0.03754636 0.7669295 0.1359524 0.03721508 0.011362843 0.628827 0.26634917 -0.031951077
0.1305 0.03640101 0.7731187 0.1390907 0.03588902 0.012559392 0.6328018 0.26510066 -0.041544564
0.131 0.03527285 0.7791755 0.142244 0.03460117 0.009200025 0.6395894 0.25402552 -0.050819673
0.1315 0.0341618 0.7851036 0.1454119 0.0333501 0.008377224 0.6360367 0.2608663 -0.040324412
0.132 0.03306775 0.7909068 0.1485942 0.03213442 0.0114531405 0.6318619 0.27340713 -0.033749074
0.1325 0.03199059 0.7965885 0.1517905 0.03095286 0.011389937 0.6365818 0.26951417 -0.043286286
0.133 0.03093021 0.8021522 0.1550005 0.02980416 0.008726785 0.6405307 0.26346388 -0.046977676
0.1335 0.0298865 0.8076011 0.1582239 0.02868715 0.009063248 0.63684684 0.27178222 -0.03767077
0.134 0.02885932 0.8129385 0.1614604 0.02760073 0.011176765 0.6351059 0.27962333 -0.035616495
0.1345 0.02784857 0.8181675 0.1647096 0.02654381 0.010409307 0.63958216 0.27523732 -0.043485634
0.135 0.02685409 0.8232911 0.1679713 0.02551539 0.008598201 0.6413962 0.27326488 -0.04344459
0.1355 0.02587576 0.8283124 0.1712452 0.0245145 0.009475019 0.63830477 0.28130773 -0.036319695
0.136 0.02491344 0.8332341 0.1745309 0.02354022 0.010700166 0.6382853 0.2856097 -0.03707958
0.1365 0.02396699 0.8380591 0.1778284 0.02259166 0.009664245 0.6419701 0.28204027 -0.042618036
0.137 0.02303626 0.84279 0.1811372 0.02166798 0.008644722 0.6424003 0.282924 -0.04054477
0.1375 0.0221211 0.8474295 0.1844571 0.02076839 0.009620115 0.64022815 0.28973848 -0.035808682
0.138 0.02122137 0.8519801 0.1877878 0.01989211 0.010150742 0.64123577 0.29175466 -0.03791447
0.1385 0.02033692 0.8564443 0.1911291 0.0190384 0.009147599 0.6439433 0.28959352 -0.041160345
0.139 0.01946759 0.8608244 0.1944808 0.01820657 0.008732405 0.6436469 0.29214904 -0.038367517
0.1395 0.01861323 0.8651229 0.1978426 0.01739593 0.009552829 0.64242905 0.29742128 -0.035722032
0.14 0.01777367 0.8693419 0.2012142 0.01660585 0.009616526 0.6438915 0.29824328 -0.038101457
0.1405 0.01694877 0.8734837 0.2045955 0.01583571 0.008813631 0.64568675 0.29755837 -0.039503686
0.141 0.01613836 0.8775504 0.2079863 0.01508491 0.008778125 0.645155 0.30083096 -0.036843255
0.1415 0.01534228 0.8815441 0.2113862 0.01435288 0.009342929 0.64474547 0.3046732 -0.035742775
0.142 0.01456037 0.8854669 0.2147951 0.01363907 0.009148374 0.6462619 0.30510393 -0.03775488
0.1425 0.01379248 0.8893205 0.2182128 0.01294297 0.008599795 0.6473449 0.30565017 -0.03791432
0.143 0.01303843 0.8931071 0.2216391 0.01226406 0.008745991 0.64688736 0.30899146 -0.03581807
0.1435 0.01229807 0.8968283 0.2250737 0.01160187 0.009056229 0.64705795 0.3117353 -0.035672083
0.144 0.01157123 0.9004861 0.2285166 0.01095592 0.008764481 0.6484004 0.31226498 -0.037049636
0.1445 0.01085775 0.9040822 0.2319674 0.01032577 0.008446513 0.6490122 0.31366798 -0.03653372
0.145 0.01015747 0.9076182 0.235426 0.009710985 0.008634534 0.64877844 0.3167258 -0.03511501
0.1455 0.009470224 0.9110958 0.2388923 0.00911115 0.008744612 0.6492963 0.31875804 -0.03542252
0.146 0.008795848 0.9145166 0.242366 0.008525864 0.008459125 0.6503781 0.31960973 -0.03616132
0.1465 0.008134182 0.9178821 0.2458469 0.007954743 0.008309606 0.65073615 0.32149878 -0.035403065
0.147 0.007485063 0.921194 0.249335 0.007397412 0.008461155 0.6507581 0.32415184 -0.03457818
0.1475 0.006848331 0.9244536 0.25283 0.006853514 0.008442117 0.6514319 0.3258092 -0.03499031
0.148 0.006223824 0.9276624 0.2563318 0.006322702 0.008213803 0.6522616 0.32701793 -0.03522969
0.1485 0.005611382 0.9308217 0.2598402 0.005804641 0.008163616 0.6525272 0.3291019 -0.03449808
0.149 0.005010845 0.933933 0.2633551 0.005299009 0.0082501415 0.65276664 0.33137515 -0.034096234
0.1495 0.004422056 0.9369975 0.2668763 0.004805494 0.00816606 0.65346724 0.33289623 -0.034420677
0.15 0.003844856 0.9400166 0.2704037 0.004323794 -0.08402985 0.085099526 0.18483472 -0.19363116
0.1505 0.003269258 0.932613 0.2737482 0.003729781 -0.10081521 0.06610949 0.32725772 0.06146144
0.151 0.002680067 0.9200655 0.2767097 0.003085586 -0.0080862865 0.042228892 0.25940725 0.02783218
0.1515 0.002096532 0.9053058 0.2794361 0.002458315 -0.0082044825 0.00027131662 0.0008342117 -0.17847385
0.152 0.00152259 0.88939 0.2820165 0.001837135 -0.024986047 0.10376577 0.18652421 -0.031169895
0.1525 0.0009577966 0.8728315 0.2845007 0.0012178 -0.058110647 0.16561958 0.38534522 0.1130411
0.153 0.000401261 0.8559132 0.2869168 0.0005991083 -0.013974518 0.15522756 0.2613747 -0.12566873
0.1535 -0.0001476872 0.838813 0.289281 -1.899716e-05 -0.06486611 0.10858473 0.07730208 -0.15225849
0.154 -0.0006894736 0.8216557 0.2916042 -0.0006361613 -0.024022814 0.04824628 0.22585075 0.026097372
0.1545 -0.001224362 0.8045351 0.2938939 -0.001251899 -0.035456523 0.050526164 0.33577794 0.07650838
0.155 -0.001752527 0.7875247 0.2961559 -0.001865704 -0.022489555 0.14316268 0.23684794 -0.121038556
0.1555 -0.002274092 0.770683 0.298395 -0.002477094 -0.06468772 0.1623852 0.14473845 -0.0932117
0.156 -0.00278916 0.7540566 0.3006152 -0.003085617 -0.025636736 0.08117138 0.26569647 0.016126558
0.1565 -0.003297817 0.7376827 0.3028201 -0.003690864 -0.039546255 0.068962775 0.3110141 0.019926377
0.157 -0.003800143 0.7215907 0.3050127 -0.00429246 -0.036749054 0.12611452 0.24686632 -0.08614056
0.1575 -0.004296213 0.7058033 0.3071957 -0.004890069 -0.05329243 0.1361833 0.19451351 -0.054968208
0.158 -0.0047861 0.6903378 0.3093714 -0.005483384 -0.02679921 0.08453881 0.26663408 -0.0027757175
0.1585 -0.005269873 0.6752071 0.3115419 -0.006072131 -0.041510433 0.09323052 0.29721093 -0.004567232
0.159 -0.005747599 0.6604199 0.3137092 -0.006656062 -0.042187985 0.13222834 0.26804295 -0.057463363
0.1595 -0.006219711 0.6459819 0.315874 -0.007239635 -0.04682401 0.12899616 0.2307182 -0.047561474
0.16 -0.006686876 0.6318953 0.3180366 -0.007820746 -0.032724746 0.09167446 0.264677 -0.018115338
0.1605 -0.007148183 0.6181618 0.3202004 -0.008394518 -0.04137558 0.09898653 0.29270825 -0.009187568
0.161 -0.007603259 0.6047812 0.3223674 -0.008960824 -0.04143957 0.12783535 0.28212035 -0.040317476
0.1615 -0.008052167 0.5917517 0.3245386 -0.009520028 -0.04349949 0.1298737 0.25302956 -0.04660855
0.162 -0.008495084 0.5790701 0.3267148 -0.01007242 -0.037316784 0.10619439 0.27026495 -0.025550243
0.1625 -0.008932185 0.5667322 0.3288967 -0.01061817 -0.040904976 0.10575628 0.29600638 -0.011910975
0.163 -0.009363612 0.5547329 0.3310849 -0.01115741 -0.040700547 0.12384905 0.2914035 -0.03370466
0.1635 -0.009789473 0.5430666 0.3332802 -0.01169021 -0.042405464 0.12924883 0.26890367 -0.043566074
0.164 -0.01020985 0.531727 0.335483 -0.01221659 -0.039138574 0.11518941 0.2796578 -0.026863106
0.1645 -0.01062482 0.5207078 0.337694 -0.01273659 -0.040096376 0.112572655 0.30093086 -0.015660696
0.165 -0.01103443 0.5100022 0.3399137 -0.01325021 -0.040643178 0.125017 0.29881582 -0.031629495
0.1655 -0.01143873 0.4996032 0.3421425 -0.01375745 -0.04211125 0.1303463 0.28336495 -0.03934159
0.166 -0.01183778 0.489504 0.3443811 -0.01425831 -0.039761953 0.120827064 0.29049334 -0.026935125
0.1665 -0.01223161 0.4796974 0.3466297 -0.0147528 -0.039675876 0.11811772 0.30598506 -0.019503675
0.167 -0.01262026 0.4701763 0.3488888 -0.0152409 -0.040640682 0.12743847 0.30572864 -0.030145166
0.1675 -0.01300379 0.4609338 0.3511587 -0.01572263 -0.04165177 0.13217866 0.29660526 -0.035270385
0.168 -0.01338223 0.4519627 0.3534398 -0.01619799 -0.03995517 0.12592672 0.30127043 -0.027320381
0.1685 -0.01375561 0.4432563 0.3557323 -0.01666699 -0.039682657 0.12375815 0.31187925 -0.02259718
0.169 -0.01412399 0.4348077 0.3580365 -0.01712964 -0.040552225 0.1302534 0.31305507 -0.02880216
0.1695 -0.01448739 0.4266102 0.3603526 -0.01758595 -0.041094217 0.13405727 0.30835617 -0.032193266
0.17 -0.01484587 0.4186572 0.362681 -0.01803594 -0.039983775 0.13053168 0.31140104 -0.027670132
0.1705 -0.01519945 0.4109422 0.3650217 -0.01847963 -0.039754905 0.12923451 0.31874642 -0.02454715
0.171 -0.01554817 0.4034591 0.367375 -0.01891706 -0.04035097 0.13355063 0.32083482 -0.027863277
0.1715 -0.01589208 0.3962015 0.3697411 -0.01934823 -0.040621124 0.13645789 0.31887203 -0.030209215
0.172 -0.01623121 0.3891634 0.37212 -0.0197732 -0.039949078 0.13479538 0.32104376 -0.027755493
0.1725 -0.0165656 0.382339 0.3745119 -0.02019198 -0.039743625 0.134199 0.32634267 -0.025601584
0.173 -0.01689528 0.3757226 0.376917 -0.02060461 -0.04008528 0.13710144 0.3288128 -0.027327485
0.1735 -0.01722029 0.3693086 0.3793353 -0.02101113 -0.040238116 0.13940394 0.32851052 -0.02895106
0.174 -0.01754066 0.3630914 0.3817669 -0.02141159 -0.0398415 0.13890348 0.33036903 -0.027616214
0.1745 -0.01785643 0.3570659 0.3842119 -0.02180602 -0.03964562 0.13878751 0.33437377 -0.026162231
0.175 -0.01816765 0.3512269 0.3866704 -0.02219446 -0.039814565 0.14082414 0.33687624 -0.027059762
0.1755 -0.01847433 0.3455693 0.3891425 -0.02257696 -0.03990391 0.14270447 0.33758828 -0.028109487
0.176 -0.01877651 0.3400883 0.3916281 -0.02295357 -0.039655816 0.14289275 0.3394127 -0.02737745
0.1765 -0.01907424 0.3347792 0.3941273 -0.02332434 -0.039480403 0.14314352 0.34259203 -0.026462559
0.177 -0.01936754 0.3296373 0.3966402 -0.02368931 -0.039547615 0.14468512 0.34499416 -0.026918748
0.1775 -0.01965645 0.3246581 0.3991667 -0.02404853 -0.03958579 0.14624794 0.34631857 -0.027537087
0.178 -0.01994099 0.3198374 0.4017069 -0.02440205 -0.039413303 0.14681953 0.34818864 -0.027145244
0.1785 -0.02022121 0.3151709 0.4042608 -0.02474993 -0.039264776 0.14734721 0.35084978 -0.02660934
0.179 -0.02049714 0.3106544 0.4068283 -0.02509222 -0.039270297 0.14862072 0.35313508 -0.026822997
0.1795 -0.02076881 0.3062841 0.4094095 -0.02542897 -0.03926477 0.14995928 0.35480934 -0.027160002
0.18 -0.02103624 0.3020559 0.4120043 -0.02576023 -0.03913279 0.15074067 0.3567245 -0.026963692
0.1805 -0.02129965 0.2979651 0.4144765 -0.026086 -0.039007477 0.15145996 0.35907394 -0.026665282
0.181 -0.0215642 0.2939795 0.4162334 -0.02640525 -0.038972355 0.1525902 0.36125985 -0.026751049
0.1815 -0.02182831 0.2900898 0.4181319 -0.02671862 -0.038933117 0.15378365 0.36311263 -0.0269265
0.182 -0.0220871 0.2863135 0.4203982 -0.02702695 -0.038822807 0.15467969 0.36505464 -0.026837384
0.1825 -0.02233898 0.2826643 0.4229599 -0.02733048 -0.03871212 0.15552238 0.36722395 -0.02667718
0.183 -0.02258418 0.2791487 0.4257064 -0.02762925 -0.038649872 0.15657964 0.36933002 -0.026705272
0.1835 -0.02282347 0.2757669 0.4285526 -0.02792326 -0.038586967 0.15768617 0.37125832 -0.026796298
0.184 -0.02305763 0.2725159 0.4314443 -0.02821248 -0.038486123 0.15864256 0.3732093 -0.026761604
0.1845 -0.02328726 0.2693907 0.4343509 -0.02849689 -0.03838192 0.15955997 0.3752739 -0.026680589
0.185 -0.02351274 0.266386 0.4372567 -0.0287765 -0.038301818 0.16058436 0.37731564 -0.026690122
0.1855 -0.02373432 0.2634961 0.4401554 -0.02905132 -0.038222596 0.16164297 0.37926346 -0.0267404
0.186 -0.02395216 0.2607161 0.4430453 -0.02932138 -0.038123444 0.1626293 0.38120973 -0.026733017
0.1865 -0.02416632 0.2580413 0.4459275 -0.02958671 -0.038020167 0.16359025 0.38320813 -0.026698934
0.187 -0.02437685 0.2554675 0.448804 -0.02984735 -0.037928134 0.16460264 0.3851971 -0.026708107
0.1875 -0.02458377 0.2529909 0.4516776 -0.03010334 -0.037836876 0.16563687 0.38713667 -0.026741328
0.188 -0.0247871 0.2506081 0.4545505 -0.03035471 -0.03773503 0.16663799 0.3890674 -0.026749821
0.1885 -0.02498684 0.2483161 0.4574251 -0.03060153 -0.037629537 0.1676241 0.39101824 -0.026745137
0.189 -0.02518301 0.2461121 0.4603033 -0.03084384 -0.037528593 0.1686342 0.39296293 -0.026760919
0.1895 -0.02537561 0.2439935 0.4631866 -0.03108169 -0.037427913 0.16965717 0.3948807 -0.026790211
0.19 -0.02556467 0.2419579 0.4660764 -0.03131512 -0.037321202 0.17066588 0.39678842 -0.02681038
0.1905 -0.02575019 0.2400031 0.4689736 -0.0315442 -0.03721164 0.17166674 0.39870042 -0.026825298
0.191 -0.02593219 0.2381269 0.4718791 -0.03176896 -0.037103385 0.17267841 0.4006062 -0.02685014
0.1915 -0.0261107 0.2363274 0.4747936 -0.03198947 -0.036994528 0.17369728 0.4024958 -0.026882708
0.192 -0.02628574 0.2346025 0.4777175 -0.03220577 -0.036882166 0.17471051 0.40437573 -0.026913133
0.1925 -0.02645733 0.2329504 0.4806511 -0.03241791 -0.036767494 0.1757201 0.40625256 -0.026942441
0.193 -0.0266255 0.2313693 0.4835948 -0.03262595 -0.036652446 0.17673463 0.40812263 -0.026977029
0.1935 -0.02679026 0.2298575 0.4865488 -0.03282993 -0.036536448 0.1777529 0.40998122 -0.027016502
0.194 -0.02695166 0.2284132 0.4895131 -0.03302991 -0.03641799 0.1787694 0.4118306 -0.0270568
0.1945 -0.02710971 0.2270348 0.4924878 -0.03322593 -0.036297627 0.17978443 0.4136737 -0.027097853
0.195 -0.02726443 0.2257207 0.495473 -0.03341805 -0.03617619 0.18080167 0.4155095 -0.027142392
0.1955 -0.02741587 0.2244693 0.4984687 -0.0336063 -0.036053494 0.181821 0.41733578 -0.027190445
0.196 -0.02756404 0.2232791 0.5014749 -0.03379075 -0.035928927 0.1828401 0.4191533 -0.02724035
0.1965 -0.02770897 0.2221486 0.5044916 -0.03397144 -0.03580261 0.1838587 0.42096323 -0.027292024
0.197 -0.02785069 0.2210763 0.5075186 -0.03414841 -0.03567487 0.1848784 0.42276528 -0.027346505
0.1975 -0.02798923 0.2200609 0.510556 -0.03432171 -0.03554584 0.18589921 0.42455864 -0.02740372
0.198 -0.02812461 0.2191009 0.5136036 -0.03449139 -0.035415053 0.18692032 0.42634353 -0.027463311
0.1985 -0.02825686 0.218195 0.5166614 -0.03465749 -0.035282765 0.18794139 0.4281203 -0.02752494
0.199 -0.02838602 0.2173419 0.5197293 -0.03482007 -0.03514885 0.18896309 0.42988896 -0.027589228
0.1995 -0.02851209 0.2165403 0.5228073 -0.03497915 -0.03501366 0.18998541 0.4316492 -0.027655886
0.2 -0.02863513 0.2157889 0.5258951 -0.0351348 -0.024898924 0.62817425 0.27884504 0.20015094
0.2005 -0.0287559 0.2251333 0.5162687 -0.03517412 0.11471104 0.6644883 0.0646578 -0.21803103
0.201 -0.02889313 0.2389353 0.5055562 -0.03516648 -0.058625452 0.5800346 0.04308229 -0.100589566
0.2015 -0.0290466 0.2544758 0.4971906 -0.03516496 0.0392404 0.6002567 0.23135388 0.022475056
0.202 -0.0292031 0.2708544 0.4904082 -0.03515886 0.0059744976 0.57496196 0.20393315 0.015832383
0.2025 -0.02935691 0.2876514 0.4844478 -0.03514459 0.037936702 0.62607443 0.04444232 -0.1864405
0.203 -0.02950698 0.3046375 0.4788627 -0.03512143 -0.035250887 0.60579896 0.05973307 -0.05652041
0.2035 -0.0296538 0.3216674 0.4734323 -0.03508968 0.03699789 0.56335944 0.23418334 0.033719942
0.204 -0.02979807 0.338638 0.4680576 -0.03504996 0.027606364 0.59632736 0.16692126 -0.051587008
0.2045 -0.02994031 0.3554714 0.4626986 -0.03500297 0.009102277 0.6411084 0.04530222 -0.15489051
0.205 -0.03008085 0.3721071 0.4573415 -0.03494941 -0.015371536 0.59332544 0.10968927 -0.030394033
0.2055 -0.03021984 0.3884975 0.451984 -0.03488996 0.033767626 0.56436056 0.21118295 0.011432923
0.206 -0.03035737 0.4046056 0.4466283 -0.03482523 0.023492247 0.60760397 0.13644084 -0.07971023
0.2065 -0.03049349 0.4204025 0.4412782 -0.03475579 0.0017975904 0.631224 0.06308267 -0.1198066
0.207 -0.0306282 0.4358666 0.4359382 -0.03468218 -0.0009283256 0.5876514 0.13566065 -0.022762433
0.2075 -0.03076151 0.4509818 0.4306128 -0.03460488 0.02948188 0.57411623 0.19117337 -0.012142688
0.208 -0.03089342 0.465737 0.4253062 -0.03452433 0.018853102 0.6143145 0.11926221 -0.08926845
0.2085 -0.03102391 0.4801247 0.4200225 -0.03444095 0.00033422187 0.6196344 0.08171115 -0.09404636
0.209 -0.031153 0.4941412 0.4147655 -0.03435512 0.007486932 0.5846924 0.14859772 -0.022131674
0.2095 -0.03128068 0.5077849 0.4095387 -0.03426719 0.02592279 0.5839248 0.17312232 -0.030793354
0.21 -0.03140694 0.5210569 0.4043454 -0.03417747 0.015078314 0.61614025 0.11089259 -0.0903234
0.2105 -0.03153177 0.5339596 0.3991885 -0.03408626 0.0017053839 0.61084014 0.098215304 -0.07613875
0.211 -0.03165519 0.5464972 0.3940709 -0.03399383 0.0122039765 0.58479375 0.15403083 -0.025176369
0.2115 -0.03177719 0.558675 0.388995 -0.03390043 0.022825383 0.5915627 0.1582363 -0.044639237
0.212 -0.03189776 0.5704989 0.3839631 -0.03380628 0.0123058 0.6149991 0.108131416 -0.08697844
0.2125 -0.03201692 0.581976 0.3789775 -0.0337116 0.0040524304 0.6046177 0.11152709 -0.06398115
0.213 -0.03213465 0.5931134 0.37404 -0.03361658 0.014798887 0.58654916 0.15480345 -0.030159421
0.2135 -0.03225096 0.603919 0.3691524 -0.03352138 0.020163722 0.5970858 0.1465601 -0.054377154
0.214 -0.03236586 0.6144007 0.3643162 -0.03342618 0.010513574 0.6125369 0.109050386 -0.08158239
0.2145 -0.03247934 0.6245669 0.3595328 -0.03333112 0.0065382626 0.6004482 0.121663235 -0.05611617
0.215 -0.03259141 0.6344259 0.3548036 -0.03323632 0.016044687 0.5890536 0.1527403 -0.03596121
0.2155 -0.03270208 0.6439859 0.3501296 -0.03314192 0.017881751 0.6007243 0.13789481 -0.060632475
0.216 -0.03281134 0.6532553 0.3455118 -0.03304801 0.009612389 0.6096615 0.11208191 -0.0756006
0.2165 -0.03291921 0.6622424 0.3409511 -0.03295472 0.008772533 0.5978857 0.12888518 -0.051514618
0.217 -0.03302568 0.6709555 0.3364482 -0.03286211 0.016426798 0.5917658 0.14920506 -0.041745
0.2175 -0.03313076 0.6794025 0.3320038 -0.03277028 0.015982281 0.6028347 0.1319401 -0.06408504
0.218 -0.03323446 0.6875915 0.3276184 -0.0326793 0.009402968 0.6068703 0.116056 -0.069944836
0.2185 -0.03333679 0.6955302 0.3232924 -0.03258924 0.010583498 0.5965382 0.13358402 -0.049329065
0.219 -0.03343775 0.7032261 0.3190261 -0.03250016 0.016277257 0.5943258 0.1451557 -0.046938762
0.2195 -0.03353734 0.7106868 0.3148199 -0.0324121 0.014485624 0.6037943 0.128277 -0.065440945
0.22 -0.03363558 0.7179195 0.3106739 -0.03232512 0.009658709 0.6044371 0.12017112 -0.06511622
0.2205 -0.03373247 0.7249313 0.3065883 -0.03223926 0.011929546 0.59607166 0.13624498 -0.048835948
0.221 -0.03382803 0.7317289 0.302563 -0.03215456 0.01582862 0.5965157 0.14122432 -0.05122523
0.2215 -0.03392225 0.7383191 0.2985981 -0.03207104 0.013388138 0.6039534 0.12641183 -0.06536346
0.222 -0.03401515 0.7447083 0.2946934 -0.03198873 0.010175034 0.6024816 0.123927705 -0.061317734
0.2225 -0.03410674 0.7509029 0.2908489 -0.03190767 0.012846008 0.5961998 0.13737696 -0.049429588
0.223 -0.03419702 0.7569089 0.2870643 -0.03182786 0.015244599 0.5982385 0.13778636 -0.054496154
0.2235 -0.03428601 0.7627322 0.2833395 -0.03174933 0.0126548745 0.6036119 0.1258483 -0.064419255
0.224 -0.03437371 0.7683785 0.2796741 -0.03167208 0.010791913 0.60102344 0.12706062 -0.05855591
0.2245 -0.03446013 0.7738535 0.2760679 -0.03159614 0.013404373 0.59668434 0.1374529 -0.05062715
0.225 -0.03454529 0.7791624 0.2725204 -0.03152149 0.014637031 0.59948516 0.13502064 -0.056790724
0.2255 -0.03462919 0.7843105 0.2690314 -0.03144816 0.012227416 0.60300636 0.12614086 -0.0630509
0.226 -0.03471184 0.7893028 0.2656003 -0.03137614 0.011399612 0.60002244 0.12947503 -0.0567223
0.2265 -0.03479326 0.7941443 0.2622267 -0.03130543 0.013687044 0.59733844 0.13687474 -0.052067965
0.227 -0.03487345 0.7988395 0.2589102 -0.03123604 0.014077421 0.60030293 0.13296586 -0.058237493
0.2275 -0.03495242 0.8033931 0.2556503 -0.03116795 0.012036413 0.6023084 0.12692404 -0.06157487
0.228 -0.03503019 0.8078095 0.2524464 -0.03110116 0.011933308 0.59940696 0.13119012 -0.05565168
0.2285 -0.03510677 0.812093 0.249298 -0.03103568 0.013772748 0.59802735 0.135959 -0.053503655
0.229 -0.03518216 0.8162478 0.2462045 -0.03097148 0.013605747 0.60076857 0.13156933 -0.05900748
0.2295 -0.03525638 0.8202778 0.2431654 -0.03090857 0.0120122805 0.6016309 0.12792096 -0.06019496
0.23 -0.03532945 0.8241868 0.2401801 -0.03084692 0.012362536 0.59909314 0.13229236 -0.05516243
0.2305 -0.03540136 0.8279788 0.2372479 -0.03078653 0.013729662 0.59866315 0.13493553 -0.05478143
0.231 -0.03547213 0.8316572 0.2343682 -0.0307274 0.013238307 0.60096806 0.13072765 -0.05927921
0.2315 -0.03554178 0.8352257 0.2315405 -0.03066949 0.0120933615 0.6010398 0.12893984 -0.05902437
0.232 -0.03561032 0.8386876 0.228764 -0.03061281 0.012681056 0.59899795 0.13290077 -0.055081435
0.2325 -0.03567775 0.8420461 0.2260382 -0.03055733 0.013612639 0.59919757 0.13395694 -0.05582422
0.233 -0.03574409 0.8453046 0.2233624 -0.03050304 0.012974434 0.6009835 0.13031712 -0.059216708
0.2335 -0.03580935 0.848466 0.2207359 -0.03044993 0.012229871 0.60056543 0.12986138 -0.058108844
0.234 -0.03587354 0.8515334 0.218158 -0.03039798 0.012897447 0.59904724 0.13314131 -0.05525908
0.2345 -0.03593667 0.8545097 0.2156281 -0.03034718 0.0134628825 0.5996115 0.13311183 -0.056609906
0.235 -0.03599876 0.8573976 0.2131456 -0.0302975 0.012802944 0.6008851 0.13021496 -0.05895681
0.2355 -0.03605982 0.8601998 0.2107097 -0.03024893 0.012385093 0.6002136 0.13062331 -0.05744846
0.236 -0.03611986 0.862919 0.2083198 -0.03020145 0.01302819 0.59918004 0.13313085 -0.055575907
0.2365 -0.03617888 0.8655578 0.2059752 -0.03015504 0.013308976 0.59990656 0.13244006 -0.05715286
0.237 -0.03623692 0.8681185 0.2036752 -0.0301097 0.012706738 0.600728 0.13031265 -0.058604576
0.2375 -0.03629396 0.8706035 0.2014192 -0.03006539 0.012534738 0.59997475 0.13120478 -0.05701568
0.238 -0.03635003 0.8730152 0.1992064 -0.03002211 0.013092577 0.5993496 0.1329678 -0.055943787
0.2385 -0.03640514 0.8753558 0.1970363 -0.02997983 0.01316908 0.60009664 0.1319474 -0.057488114
0.239 -0.0364593 0.8776275 0.1949081 -0.02993853 0.012667347 0.60055226 0.13052186 -0.05823431
0.2395 -0.03651252 0.8798322 0.1928213 -0.0298982 0.012664512 0.5998308 0.1316131 -0.056768782
0.24 -0.03656482 0.8819722 0.190775 -0.02985882 0.0131096095 0.5995234 0.13272923 -0.05630313
0.2405 -0.0366162 0.8840493 0.1887687 -0.02982038 0.013052709 0.6002017 0.13161778 -0.057659805
0.241 -0.03666667 0.8860654 0.1868017 -0.02978284 0.012667056 0.6003843 0.13077658 -0.057893403
0.2415 -0.03671626 0.8880224 0.1848734 -0.0297462 0.0127679 0.5997604 0.1318709 -0.056662418
0.242 -0.03676497 0.889922 0.1829831 -0.02971044 0.013095781 0.599681 0.13247016 -0.05661831
0.2425 -0.03681281 0.8917661 0.1811302 -0.02967554 0.012963433 0.60024357 0.13142383 -0.057712667
0.243 -0.03685979 0.8935562 0.1793141 -0.02964148 0.01269076 0.6002393 0.1310314 -0.05760748
0.2435 -0.03690592 0.8952939 0.177534 -0.02960825 0.012843989 0.59974277 0.13200876 -0.056653634
0.244 -0.03695123 0.896981 0.1757895 -0.02957583 0.013064615 0.5998116 0.13222685 -0.056872144
0.2445 -0.03699571 0.8986188 0.1740798 -0.0295442 0.012900382 0.6002419 0.13133389 -0.057687163
0.245 -0.03703938 0.9002089 0.1724044 -0.02951334 0.012726549 0.600124 0.13125855 -0.057386234
0.2455 -0.03708225 0.9017527 0.1707627 -0.02948324 0.012895044 0.59975934 0.13205826 -0.056705408
0.246 -0.03712433 0.9032515 0.169154 -0.02945388 0.013026264 0.59991133 0.13201943 -0.057060994
0.2465 -0.03716563 0.9047068 0.1675779 -0.02942525 0.012860239 0.6002142 0.13131738 -0.05761651
0.247 -0.03720617 0.9061198 0.1660336 -0.02939732 0.012765825 0.6000396 0.13144425 -0.057228595
0.2475 -0.03724595 0.9074917 0.1645206 -0.02937009 0.012925301 0.5997949 0.13204837 -0.056788653
0.248 -0.03728499 0.9088239 0.1630384 -0.02934354 0.012987625 0.5999815 0.13185659 -0.0571895
0.2485 -0.03732329 0.9101175 0.1615864 -0.02931765 0.012838487 0.6001734 0.1313475 -0.057525933
0.249 -0.03736088 0.9113736 0.1601641 -0.0292924 0.012802891 0.599983 0.13158435 -0.057126917
0.2495 -0.03739774 0.9125934 0.1587708 -0.02926779 0.01293958 0.5998385 0.13200325 -0.056882106
0.25 -0.03743391 0.9137779 0.1574061 -0.0292438 -0.09492882 0.022301164 -0.03880524 -0.1998792
0.2505 -0.03747922 0.9045499 0.1558805 -0.02934424 -0.101676136 -0.023063578 0.14479846 0.062448807
0.251 -0.03754871 0.8901877 0.1539936 -0.0295067 -0.013112478 -0.055981018 0.0069668666 0.011368118
0.2515 -0.037623 0.873623 0.1518927 -0.02966379 -0.003929198 -0.11786844 -0.2687333 -0.19167995
0.252 -0.037698 0.8559117 0.1496667 -0.02982604 -0.033822924 0.02552542 -0.050616838 -0.027414575
0.2525 -0.03777402 0.8375669 0.147365 -0.02999745 -0.050841548 0.07082407 0.16519037 0.10623014
0.253 -0.0378518 0.8188714 0.1450152 -0.03017895 -0.033289153 0.077022195 0.031686418 -0.11865085
0.2535 -0.03793187 0.800003 0.1426334 -0.03037036 -0.048740458 0.009494271 -0.20479146 -0.20627202
0.254 -0.03801453 0.7810862 0.1402299 -0.03057106 -0.034531415 -0.046706244 -0.05694578 0.014967144
0.2545 -0.0380999 0.7622147 0.1378119 -0.03078034 -0.02146887 -0.061610267 0.11432648 0.08902943
0.255 -0.038188 0.7434617 0.1353849 -0.03099745 -0.037309416 0.05303686 -0.0075587183 -0.11132348
0.2555 -0.03827884 0.7248857 0.1329533 -0.0312217 -0.048734903 0.07663463 -0.15221679 -0.16400869
0.256 -0.03837238 0.7065331 0.1305209 -0.03145241 -0.033361465 -0.008739572 -0.05168418 -0.005665548
0.2565 -0.03846858 0.6884409 0.1280908 -0.03168897 -0.02527931 -0.04822108 0.07357456 0.036296174
0.257 -0.03856737 0.6706384 0.1256657 -0.03193079 -0.04282154 0.02738973 -0.0061907396 -0.081978306
0.2575 -0.03866871 0.653148 0.123248 -0.03217735 -0.04183697 0.05449139 -0.119417615 -0.12579677
0.258 -0.03877254 0.6359869 0.1208397 -0.03242813 -0.029961778 -0.004783582 -0.06845475 -0.03249546
0.2585 -0.0388788 0.6191678 0.1184426 -0.03268267 -0.028554054 -0.02687034 0.04132895 0.012440402
0.259 -0.03898743 0.6026996 0.1160583 -0.03294056 -0.042909622 0.030207124 0.009611346 -0.05809211
0.2595 -0.03909837 0.5865878 0.1136881 -0.03320138 -0.040161476 0.047967188 -0.09180207 -0.113018535
0.26 -0.03921155 0.5708355 0.1113331 -0.03346478 -0.031940192 -0.0027340055 -0.082273416 -0.05513286
0.2605 -0.03932693 0.5554437 0.1089946 -0.03373039 -0.030192554 -0.02393075 0.017446294 0.0054240003
0.261 -0.03944444 0.5404116 0.1066733 -0.03399791 -0.038908634 0.019357204 0.018411405 -0.03958359
0.2615 -0.03956401 0.5257368 0.10437 -0.03426703 -0.039670695 0.047181293 -0.07356668 -0.105935365
0.262 -0.03968558 0.5114159 0.1020854 -0.03453748 -0.03466992 0.009277172 -0.087713785 -0.070381075
0.2625 -0.0398091 0.4974444 0.09982016 -0.03480899 -0.03142559 -0.018832982 0.0011394843 -0.0017533302
0.263 -0.0399345 0.4838172 0.09757478 -0.03508134 -0.036142293 0.0077692196 0.021176018 -0.02941841
0.2635 -0.04006172 0.4705286 0.09534972 -0.0353543 -0.039924964 0.041850712 -0.06020098 -0.09705807
0.264 -0.04019069 0.4575723 0.09314537 -0.03562765 -0.035729427 0.017064739 -0.088163994 -0.07773377
0.2645 -0.04032136 0.4449418 0.09096207 -0.03590121 -0.031753857 -0.013138063 -0.013030432 -0.010888569
0.265 -0.04045367 0.4326302 0.08880012 -0.0361748 -0.034835573 0.002297625 0.019850358 -0.0246896
0.2655 -0.04058755 0.4206305 0.08665976 -0.03644825 -0.04025108 0.037379168 -0.047533937 -0.08715278
0.266 -0.04072294 0.4089358 0.08454122 -0.0367214 -0.036217213 0.021498224 -0.08517704 -0.08157213
0.2665 -0.04085979 0.3975387 0.08244465 -0.03699411 -0.032070242 -0.008986644 -0.026082285 -0.020906292
0.267 -0.04099803 0.3864322 0.08037022 -0.03726625 -0.034097835 -0.0012758784 0.01570294 -0.021782005
0.2675 -0.04113761 0.375609 0.07831804 -0.03753769 -0.039934516 0.033007026 -0.036072813 -0.077013135
0.268 -0.04127847 0.3650622 0.07628819 -0.03780831 -0.036587644 0.02512383 -0.08027131 -0.083824754
0.2685 -0.04142054 0.3547847 0.07428074 -0.03807802 -0.03273033 -0.004461281 -0.037132002 -0.030922715
0.269 -0.04156378 0.3447696 0.07229574 -0.0383467 -0.033712417 -0.0036092587 0.010210685 -0.02023369
0.2695 -0.04170812 0.3350101 0.07033321 -0.03861427 -0.03917185 0.027814288 -0.026570193 -0.06756423
0.27 -0.04185352 0.3254995 0.06839317 -0.03888064 -0.036937494 0.02740509 -0.07449632 -0.084428936
0.2705 -0.04199991 0.3162313 0.06647559 -0.03914573 -0.033448413 0.00024806336 -0.045857467 -0.039950863
0.271 -0.04214724 0.3071991 0.06458045 -0.03940947 -0.03349057 -0.0045055933 0.0039234757 -0.020262912
0.2715 -0.04229546 0.2983965 0.06270772 -0.03967179 -0.038306057 0.022754468 -0.019204669 -0.05943976
0.272 -0.04244451 0.2898175 0.06085734 -0.03993262 -0.037319288 0.028456813 -0.06808732 -0.08341937
0.2725 -0.04259435 0.2814561 0.05902926 -0.04019192 -0.034082714 0.0045349523 -0.052244164 -0.047627456
0.273 -0.04274491 0.2733065 0.05722338 -0.04044963 -0.033354826 -0.00446178 -0.0029822737 -0.021780133
0.2735 -0.04289616 0.2653631 0.05543963 -0.04070569 -0.03747119 0.01820568 -0.013998903 -0.052658025
0.274 -0.04304804 0.2576202 0.05367791 -0.04096007 -0.03764526 0.02860347 -0.061242618 -0.08102341
0.2745 -0.0432005 0.2500725 0.05193813 -0.04121272 -0.03462401 0.008400172 -0.056446694 -0.054008108
0.275 -0.0433535 0.2427148 0.05022015 -0.04146361 -0.033338152 -0.0036854744 -0.010188296 -0.02455891
0.2755 -0.04350699 0.235542 0.04852388 -0.0417127 -0.03672769 0.014206998 -0.010770097 -0.04710182
0.276 -0.04366092 0.2285492 0.04684917 -0.04195996 -0.037831202 0.027900493 -0.054290704 -0.07756668
0.2765 -0.04381524 0.2217314 0.0451959 -0.04220537 -0.035080664 0.011811376 -0.05876518 -0.05914391
0.277 -0.04396992 0.2150841 0.04356392 -0.0424489 -0.033441618 -0.0022824444 -0.017326675 -0.028253384
0.2775 -0.04412491 0.2086026 0.0419531 -0.04269052 -0.03610018 0.010866325 -0.009242557 -0.04272374
0.278 -0.04428017 0.2022827 0.04036327 -0.04293022 -0.037861913 0.026496023 -0.047553338 -0.07344561
0.2785 -0.04443565 0.1961198 0.0387943 -0.04316799 -0.035476092 0.0146865025 -0.059502162 -0.06305535
0.279 -0.04459132 0.19011 0.03724601 -0.04340379 -0.03363496 -0.0004510358 -0.024067976 -0.032483403
0.2795 -0.04474713 0.184249 0.03571825 -0.04363763 -0.0355864 0.008222356 -0.009161279 -0.03949315
0.28 -0.04490305 0.1785331 0.03421084 -0.04386949 -0.037754178 0.024606382 -0.041311957 -0.06901722
0.2805 -0.04505904 0.1729582 0.03272362 -0.04409936 -0.035827152 0.01699914 -0.058925398 -0.06577915
0.281 -0.04521507 0.1675208 0.03125641 -0.04432724 -0.033887498 0.0016352125 -0.030144103 -0.036928125
0.2815 -0.04537108 0.1622171 0.02980904 -0.04455311 -0.035181813 0.006257862 -0.010282122 -0.037367515
0.282 -0.04552706 0.1570437 0.02838133 -0.04477697 -0.037537523 0.022416797 -0.035787053 -0.064558074
0.2825 -0.04568296 0.1519971 0.0269731 -0.04499882 -0.036134034 0.018734377 -0.057291932 -0.06738006
0.283 -0.04583876 0.147074 0.02558416 -0.04521866 -0.034171943 0.0038450994 -0.03537012 -0.04133344
0.2835 -0.04599442 0.1422711 0.02421432 -0.04543648 -0.03488236 0.004943475 -0.012357578 -0.036276784
0.284 -0.0461499 0.1375854 0.02286341 -0.04565229 -0.037247308 0.02009245 -0.031122766 -0.06028018
0.2845 -0.04630518 0.1330138 0.02153124 -0.04586609 -0.03638954 0.01989099 -0.054852836 -0.0679623
0.285 -0.04646023 0.1285532 0.02021761 -0.04607787 -0.034467015 0.0060660765 -0.039643116 -0.045498993
0.2855 -0.04661502 0.1242009 0.01892234 -0.04628765 -0.0346805 0.0042252764 -0.015140176 -0.036113158
0.286 -0.04676951 0.1199539 0.01764522 -0.04649543 -0.036917333 0.01777786 -0.027394839 -0.05634352
0.2865 -0.04692369 0.1158096 0.01638608 -0.04670121 -0.036585614 0.020498317 -0.051850148 -0.0676665
0.287 -0.04707752 0.1117654 0.01514472 -0.046905 -0.034758504 0.008205939 -0.04292705 -0.049272556
0.2875 -0.04723098 0.1078185 0.01392094 -0.04710681 -0.03456595 0.0040272214 -0.018387958 -0.036738288
0.288 -0.04738405 0.1039666 0.01271456 -0.04730664 -0.036576554 0.015588239 -0.024621926 -0.052863736
0.2885 -0.04753669 0.1002072 0.01152537 -0.04750449 -0.03671601 0.020610534 -0.04851263 -0.06665526
0.289 -0.04768889 0.09653788 0.01035319 -0.04770039 -0.03503698 0.010190845 -0.04523974 -0.052545425
0.2895 -0.04784062 0.09295636 0.009197823 -0.04789434 -0.034526672 0.0042631403 -0.02187284 -0.03799599
0.29 -0.04799186 0.0894604 0.008059071 -0.04808634 -0.03624819 0.0136114955 -0.022775419 -0.04991868
0.2905 -0.04814258 0.0860478 0.006936744 -0.04827642 -0.0367788 0.020298969 -0.045049004 -0.06509954
0.291 -0.04829278 0.08271644 0.00583065 -0.04846457 -0.035295893 0.011961326 -0.046641238 -0.05524832
0.2915 -0.04844242 0.07946426 0.004740595 -0.04865081 -0.03454957 0.004843481 -0.025390066 -0.039723016
0.292 -0.04859149 0.07628925 0.003666388 -0.04883515 -0.035949163 0.011909638 -0.021788724 -0.04755248
0.2925 -0.04873996 0.07318944 0.002607839 -0.04901761 -0.03677705 0.019646604 -0.041641705 -0.06316794
0.293 -0.04888783 0.07016294 0.001564756 -0.04919818 -0.03553039 0.01347284 -0.04722237 -0.05734815
0.2935 -0.04903507 0.06720788 0.0005369509 -0.0493769 -0.03462131 0.005680196 -0.02876512 -0.041759104
0.294 -0.04918167 0.06432247 -0.0004757658 -0.04955377 -0.03569048 0.0105197355 -0.02156727 -0.04577889
0.2945 -0.04932761 0.06150496 -0.001473582 -0.0497288 -0.03671836 0.018741302 -0.03844241 -0.061017856
0.295 -0.04947287 0.05875363 -0.002456683 -0.049902 -0.03573652 0.014696449 -0.04709492 -0.058844257
0.2955 -0.04961744 0.05606682 -0.003425257 -0.05007339 -0.034729064 0.0066907704 -0.031858362 -0.04395505
0.296 -0.04976131 0.05344292 -0.004379486 -0.05024299 -0.035478164 0.0094563365 -0.021997176 -0.04458476
0.2965 -0.04990446 0.05088035 -0.005319555 -0.0504108 -0.036613766 0.017669689 -0.035569422 -0.05878929
0.297 -0.05004688 0.04837758 -0.006245647 -0.05057684 -0.0359108 0.015619148 -0.04638333 -0.05976377
0.2975 -0.05018855 0.04593312 -0.007157941 -0.05074112 -0.03486107 0.007800646 -0.034566708 -0.046178658
0.298 -0.05032946 0.04354551 -0.008056618 -0.05090366 -0.035314202 0.008715037 -0.022952832 -0.043933704
0.2985 -0.05046961 0.04121334 -0.008941856 -0.05106448 -0.036476128 0.016512908 -0.03310699 -0.05660141
0.299 -0.05060898 0.03893524 -0.009813833 -0.05122358 -0.036050417 0.016242899 -0.045217372 -0.06015658
0.2995 -0.05074756 0.03670987 -0.01067272 -0.05138097 -0.03500707 0.008943804 -0.036823012 -0.04831831
0.3 -0.05088533 0.03453591 -0.0115187 -0.05153669 0.048354886 0.6487812 0.10781174 0.09572776
0.3005 -0.05101247 0.04279043 -0.01216309 -0.0515669 0.082771905 0.61816686 0.033274405 -0.16941825
0.301 -0.05111392 0.05619476 -0.01240602 -0.05153402 0.0036835894 0.5894016 0.14286104 -0.106846176
0.3015 -0.05120908 0.07181718 -0.01239562 -0.05150546 0.0152453855 0.6289665 0.29056948 0.057412498
0.302 -0.05130203 0.08860144 -0.0122214 -0.05146814 0.008739568 0.604191 0.14631164 -0.05671621
0.3025 -0.05138336 0.1060357 -0.01192952 -0.05136071 0.009144925 0.5859889 -0.009313308 -0.17026025
0.303 -0.05145058 0.1238374 -0.01154903 -0.05124287 -0.012070991 0.5771967 0.11792984 -0.012935892
0.3035 -0.05151448 0.1418273 -0.01110123 -0.05113249 0.041670866 0.57371664 0.25205928 0.037564695
0.304 -0.05157936 0.1598799 -0.01059791 -0.05102741 0.028944112 0.6286283 0.12012816 -0.11121738
0.3045 -0.05164545 0.1779009 -0.01004647 -0.05092432 -0.011117548 0.6305502 0.03577473 -0.13453084
0.305 -0.05171155 0.1958167 -0.009452392 -0.0508207 -0.0010833219 0.5731911 0.16237581 0.009498939
0.3055 -0.05177637 0.2135687 -0.008820206 -0.05071481 0.037363622 0.5696352 0.20784017 -0.0032156073
0.306 -0.05183884 0.2311103 -0.008153882 -0.05060551 0.018742964 0.6278422 0.090433456 -0.12168832
0.3065 -0.05189824 0.2484044 -0.007456969 -0.05049213 -0.008502493 0.6194826 0.070424445 -0.09222301
0.307 -0.0519541 0.2654217 -0.006732661 -0.05037427 0.012253672 0.57437587 0.17683622 0.0043659955
0.3075 -0.05200617 0.2821394 -0.005983839 -0.05025178 0.031037547 0.58418435 0.17950699 -0.035166316
0.308 -0.05205433 0.2985404 -0.005213098 -0.05012464 0.011512443 0.6273739 0.0847119 -0.1145245
0.3085 -0.05209855 0.3146118 -0.004422781 -0.04999297 -0.004026344 0.60678464 0.096471064 -0.06643183
0.309 -0.05213886 0.3303447 -0.003615 -0.04985693 0.017812658 0.5755829 0.17637604 -0.0065985173
0.3095 -0.05217529 0.3457332 -0.002791669 -0.04971675 0.025879517 0.59545326 0.15683219 -0.054506466
0.31 -0.05220793 0.3607742 -0.00195452 -0.04957268 0.008003857 0.62334996 0.088401295 -0.10267148
0.3105 -0.05223685 0.3754665 -0.001105127 -0.049425 0.0012299046 0.59940684 0.11585937 -0.05222562
0.311 -0.05226213 0.3898107 -0.0002449272 -0.04927398 0.019566368 0.5800284 0.17095244 -0.018673457
0.3115 -0.0522831 0.4038091 0.0006254351 -0.04911916 0.021478787 0.60219854 0.14077163 -0.06557812
0.312 -0.05229408 0.4174653 0.001508694 -0.04895569 0.006504748 0.6175095 0.09532858 -0.09036158
0.3125 -0.05229912 0.4307836 0.002399588 -0.04878737 0.0057427045 0.59516984 0.1287927 -0.044799343
0.313 -0.05230259 0.4437688 0.003294694 -0.04861768 0.01979483 0.5852817 0.1635322 -0.029930912
0.3135 -0.05230571 0.4564262 0.00419309 -0.04844769 0.018035568 0.6059283 0.13030979 -0.07122813
0.314 -0.05230825 0.4687619 0.005094516 -0.04827758 0.0062729754 0.61202484 0.10344248 -0.07941934
0.3145 -0.05230955 0.4807822 0.005998739 -0.04810729 0.009155944 0.5930829 0.13679036 -0.041676477
0.315 -0.05230902 0.4924936 0.006905405 -0.04793674 0.019211441 0.5901001 0.15562111 -0.039602637
0.3155 -0.05230618 0.503903 0.00781406 -0.04776587 0.015410751 0.60743886 0.12414008 -0.073107384
0.316 -0.05230077 0.5150173 0.008724181 -0.04759466 0.006884584 0.6074852 0.111382864 -0.07047219
0.3165 -0.05229264 0.5258436 0.009635225 -0.04742313 0.011571366 0.5925303 0.14108956 -0.041403703
0.317 -0.05228173 0.5363889 0.01054664 -0.04725132 0.01821741 0.59412074 0.14825067 -0.047372706
0.3175 -0.05226806 0.5466602 0.0114579 -0.04707928 0.013506006 0.6074827 0.12121109 -0.07249575
0.318 -0.05225168 0.5566644 0.0123685 -0.04690708 0.007940486 0.6039638 0.11837178 -0.06364954
0.3185 -0.05223265 0.5664084 0.01327795 -0.0467348 0.013149582 0.59296983 0.14269158 -0.042902507
0.319 -0.05221105 0.575899 0.01418579 -0.04656252 0.017071027 0.597223 0.14197323 -0.053181157
0.3195 -0.05218696 0.5851428 0.0150916 -0.04639032 0.012248896 0.6066682 0.120577164 -0.07043563
0.32 -0.05216047 0.5941463 0.01599499 -0.04621829 0.009141136 0.6014111 0.1240535 -0.05882168
0.3205 -0.05213165 0.6029161 0.01689557 -0.0460465 0.014064379 0.5939827 0.14247832 -0.04534237
0.321 -0.05210059 0.6114583 0.01779299 -0.04587504 0.015936341 0.59942114 0.13702226 -0.057168566
0.3215 -0.05206736 0.619779 0.01868693 -0.04570398 0.011537336 0.605436 0.12140762 -0.06772389
0.322 -0.05203203 0.6278843 0.01957707 -0.04553339 0.010289323 0.5997058 0.12833929 -0.055709824
0.3225 -0.05199467 0.6357801 0.02046313 -0.04536334 0.014488373 0.59525055 0.14118087 -0.048108876
0.323 -0.05195535 0.6434719 0.02134484 -0.04519389 0.014917824 0.6008243 0.13341329 -0.059608728
0.3235 -0.05191413 0.6509653 0.02222194 -0.0450251 0.011246145 0.6040911 0.123036556 -0.064917356
0.324 -0.05187109 0.6582657 0.02309419 -0.04485704 0.01127357 0.598693 0.13131607 -0.053970315
0.3245 -0.05182627 0.6653784 0.02396137 -0.04468974 0.014573988 0.59654284 0.13936025 -0.05078336
0.325 -0.05177974 0.6723086 0.02482328 -0.04452327 0.014073703 0.60158765 0.13101703 -0.06083539
0.3255 -0.05173156 0.679061 0.02567971 -0.04435767 0.011248317 0.6028271 0.12497332 -0.062362775
0.326 -0.05168178 0.6856407 0.02653049 -0.04419297 0.012047499 0.59821063 0.13317418 -0.053253002
0.3265 -0.05163046 0.6920522 0.02737546 -0.04402922 0.01444624 0.5977111 0.13741553 -0.05311486
0.327 -0.05157766 0.6983002 0.02821444 -0.04386645 0.01342557 0.6018772 0.12962383 -0.061185583
0.3275 -0.05152342 0.704389 0.02904729 -0.0437047 0.011430763 0.60174996 0.12688625 -0.0602412
0.328 -0.0514678 0.7103231 0.02987389 -0.043544 0.012608599 0.59810555 0.13414845 -0.053237587
0.3285 -0.05141086 0.7161065 0.03069409 -0.04338437 0.014201891 0.5986762 0.13560444 -0.054984294
0.329 -0.05135263 0.7217434 0.03150779 -0.04322584 0.0129677765 0.6018469 0.1289962 -0.06096206
0.3295 -0.05129318 0.7272378 0.03231488 -0.04306843 0.011703033 0.6009029 0.12857676 -0.05861398
0.33 -0.05123255 0.7325933 0.03311526 -0.04291217 0.012979545 0.5982443 0.1344775 -0.05365386
0.3305 -0.05117078 0.7378139 0.03390885 -0.04275706 0.013911638 0.59941095 0.13407111 -0.05636777
0.331 -0.05110473 0.7429024 0.03465052 -0.04260439 0.012677163 0.6016257 0.12890527 -0.06041278
0.3315 -0.05102822 0.7478602 0.03535635 -0.0424527 0.011999536 0.6002873 0.12994763 -0.05746475
0.332 -0.05094851 0.7526912 0.0360799 -0.04229998 0.013195001 0.5985182 0.13437623 -0.054290026
0.3325 -0.05087038 0.7574004 0.03682401 -0.04214745 0.013623882 0.5999242 0.13287404 -0.0573031
0.333 -0.05079505 0.7619921 0.03758031 -0.04199586 0.012521341 0.6013127 0.12915233 -0.059724867
0.3335 -0.05072189 0.7664702 0.03834037 -0.04184698 0.012277726 0.59987915 0.13097477 -0.05673156
0.334 -0.05064922 0.7708383 0.03909756 -0.04170141 0.013292946 0.598846 0.13402265 -0.05499257
0.3345 -0.0505769 0.7750979 0.03979777 -0.04155574 0.013367981 0.6002457 0.13201255 -0.0578622
0.335 -0.05050532 0.7792497 0.04045906 -0.04141045 0.012465522 0.60097814 0.12957907 -0.05902753
0.3355 -0.05043431 0.7832968 0.04114065 -0.04126603 0.012514077 0.5996418 0.13168019 -0.056331836
0.336 -0.05036343 0.7872435 0.04184468 -0.04112271 0.0133087225 0.5991714 0.13355303 -0.05565989
0.3365 -0.05029233 0.7910933 0.04256144 -0.04098058 0.013159089 0.60041493 0.1314503 -0.058130085
0.337 -0.0502208 0.7948494 0.04328165 -0.04083972 0.012477264 0.6006669 0.13006926 -0.05840046
0.3375 -0.05014875 0.7985143 0.04399891 -0.04070016 0.012698844 0.59953463 0.13211259 -0.05617933
0.338 -0.05007612 0.8020904 0.0447094 -0.04056193 0.01327268 0.59946007 0.13306329 -0.05623337
0.3385 -0.05000295 0.8055799 0.04541108 -0.04042505 0.013001412 0.60047245 0.131132 -0.058190607
0.339 -0.04992923 0.8089848 0.04610303 -0.04028953 0.012529049 0.6004038 0.13054496 -0.05788455
0.3395 -0.04985502 0.812307 0.04678496 -0.04015538 0.012832064 0.59951895 0.13233095 -0.056194603
0.34 -0.04978036 0.8155487 0.04745696 -0.04002259 0.013208874 0.59969497 0.13261434 -0.05668719
0.3405 -0.04970527 0.8187116 0.04811929 -0.03989117 0.012892295 0.60045564 0.13099778 -0.05811782
0.341 -0.04962979 0.8217977 0.04877224 -0.0397611 0.012599617 0.60019845 0.13096008 -0.05749263
0.3415 -0.04955397 0.824809 0.04941616 -0.0396324 0.012919333 0.5995608 0.1323947 -0.056310818
0.342 -0.04947784 0.8277473 0.05005135 -0.03950503 0.013134945 0.5998712 0.13223913 -0.05701848
0.3425 -0.04940144 0.8306144 0.05067808 -0.03937901 0.012824807 0.6003953 0.13099068 -0.057971403
0.343 -0.04932478 0.833412 0.05129661 -0.03925431 0.012674049 0.6000508 0.13129309 -0.057219036
0.3435 -0.04924791 0.8361421 0.05190715 -0.03913093 0.012969017 0.5996335 0.13235709 -0.05647628
0.344 -0.04917085 0.8388062 0.05250987 -0.03900885 0.013062753 0.5999925 0.1319497 -0.057238825
0.3445 -0.04909363 0.8414062 0.05310493 -0.03888806 0.012790177 0.60031474 0.13106206 -0.057795875
0.345 -0.04901628 0.8439435 0.05369248 -0.03876856 0.012742672 0.5999544 0.13153955 -0.057047583
0.3455 -0.04893881 0.8464198 0.05427263 -0.03865032 0.0129904 0.5997172 0.13226148 -0.056653924
0.346 -0.04886126 0.8488368 0.05484548 -0.03853334 0.012999482 0.60006696 0.1317442 -0.057367288
0.3465 -0.04878364 0.8511958 0.05541114 -0.03841761 0.012779426 0.6002309 0.13117382 -0.057621658
0.347 -0.04870598 0.8534983 0.05596967 -0.03830311 0.0128002055 0.5998999 0.13170663 -0.056957066
0.3475 -0.0486283 0.8557459 0.05652117 -0.03818984 0.012992218 0.59979856 0.1321407 -0.056819864
0.348 -0.04855062 0.8579399 0.05706571 -0.03807777 0.012948409 0.6001047 0.13161245 -0.05742558
0.3485 -0.04847296 0.8600817 0.05760334 -0.0379669 0.012784433 0.6001538 0.13129792 -0.057467222
0.349 -0.04839534 0.8621725 0.05813415 -0.03785722 0.012844771 0.59987664 0.13180673 -0.056925938
0.3495 -0.04831778 0.8642138 0.0586582 -0.03774871 0.01298188 0.59986967 0.13201773 -0.056960493
0.35 -0.04824029 0.8662067 0.05917554 -0.03764137 -0.09496429 0.022362262 -0.03902609 -0.20005712
0.3505 -0.04817272 0.8577741 0.05949739 -0.03765901 -0.10169868 -0.02309969 0.14482655 0.06256717
0.351 -0.04813014 0.8441947 0.05942377 -0.03773922 -0.013094194 -0.056028873 0.0071414188 0.011499327
0.3515 -0.04809314 0.8284001 0.0591027 -0.0378146 -0.003927551 -0.11782898 -0.26876497 -0.19179328
0.352 -0.04805766 0.8114465 0.05862357 -0.03789572 -0.03383924 0.02556293 -0.050744183 -0.027502887
0.3525 -0.048024 0.7938473 0.05803641 -0.03798654 -0.050843872 0.07076606 0.16522187 0.10633263
0.353 -0.04799292 0.7758852 0.05736932 -0.03808803 -0.03328039 0.076993994 0.03178761 -0.11859964
0.3535 -0.04796494 0.7577384 0.05663899 -0.03819997 -0.04874482 0.00953678 -0.20481318 -0.2063373
0.354 -0.04794037 0.7395314 0.05585621 -0.03832178 -0.03453916 -0.04668969 -0.05701991 0.014921322
0.3545 -0.04791928 0.7213585 0.05502882 -0.03845667 -0.021466881 -0.06164059 0.11433506 0.08907728
0.355 -0.04790207 0.7032928 0.05416224 -0.03860202 -0.03730115 0.05301009 -0.0074969903 -0.11128911
0.3555 -0.04788847 0.6853926 0.05326192 -0.03875338 -0.04874107 0.0766647 -0.15221325 -0.16403434
0.356 -0.04787829 0.6677045 0.0523323 -0.03891018 -0.033364557 -0.008725882 -0.051734515 -0.00570355
0.3565 -0.04787147 0.6502658 0.05137702 -0.03907227 -0.025277125 -0.04823681 0.073562086 0.036315866
0.357 -0.04786801 0.6331059 0.05039921 -0.03923942 -0.042815283 0.027368266 -0.0061447844 -0.08194507
0.3575 -0.0478679 0.6162475 0.04940166 -0.03941133 -0.041842245 0.05451026 -0.11940081 -0.1258045
0.358 -0.0478711 0.599708 0.04838687 -0.03958767 -0.029963503 -0.0047692955 -0.06849233 -0.03253158
0.3585 -0.04787758 0.5835002 0.04735707 -0.03976811 -0.02855312 -0.02687753 0.041306444 0.01244577
0.359 -0.04788727 0.567633 0.04631429 -0.03995231 -0.0429046 0.030186236 0.009645738 -0.058060624
0.3595 -0.04790012 0.5521124 0.04526035 -0.04013991 -0.0401653 0.0479765 -0.09177848 -0.11301564
0.36 -0.04791608 0.5369415 0.04419688 -0.0403306 -0.031941555 -0.0027189665 -0.0823011 -0.05516576
0.3605 -0.04793507 0.5221215 0.04312538 -0.04052406 -0.030192476 -0.023931295 0.01741895 0.005420089
0.361 -0.04795703 0.5076516 0.04204718 -0.04071999 -0.03890438 0.019337572 0.018436395 -0.03955536
0.3615 -0.04798189 0.4935296 0.04096353 -0.0409181 -0.039673433 0.04718387 -0.07353983 -0.105925955
0.362 -0.0480096 0.4797524 0.03987553 -0.04111813 -0.03467115 0.009292044 -0.08773274 -0.07040927
0.3625 -0.04804009 0.4663155 0.03878421 -0.04131983 -0.031425893 -0.018830098 0.0011101663 -0.0017631389
0.363 -0.04807329 0.453214 0.03769052 -0.04152296 -0.036138766 0.007751979 0.021192543 -0.029394476
0.3635 -0.04810914 0.4404422 0.03659532 -0.0417273 -0.03992665 0.041848995 -0.0601731 -0.097044624
0.364 -0.04814759 0.4279941 0.0354994 -0.04193264 -0.03573063 0.01707875 -0.08817523 -0.07775669
0.3645 -0.04818855 0.4158633 0.0344035 -0.04213878 -0.03175451 -0.0131331235 -0.013059624 -0.010902315
0.365 -0.04823197 0.404043 0.03330831 -0.04234556 -0.034832794 0.0022830963 0.019859456 -0.024670279
0.3655 -0.0482778 0.3925265 0.03221445 -0.04255279 -0.040251717 0.03737434 -0.047506668 -0.087136805
0.366 -0.04832595 0.3813066 0.0311225 -0.04276032 -0.03621844 0.021510636 -0.08518175 -0.0815898
0.3665 -0.04837638 0.3703765 0.03003302 -0.042968 -0.032071166 -0.008980241 -0.026109822 -0.020922452
0.367 -0.04842902 0.3597291 0.02894651 -0.0431757 -0.03409568 -0.0012873486 0.015705742 -0.021767322
0.3675 -0.04848381 0.3493573 0.02786343 -0.04338329 -0.03993427 0.03299997 -0.036047406 -0.076996036
0.368 -0.04854068 0.3392542 0.02678424 -0.04359065 -0.03658892 0.025134066 -0.080270626 -0.0838373
0.3685 -0.04859958 0.3294129 0.02570935 -0.04379766 -0.032731365 -0.0044539347 -0.037156753 -0.030939914
0.369 -0.04866045 0.3198266 0.02463912 -0.04400423 -0.033710808 -0.0036176555 0.010208257 -0.020223588
0.3695 -0.04872322 0.3104886 0.02357393 -0.04421027 -0.039170958 0.027805839 -0.026547588 -0.067547
0.37 -0.04878784 0.3013924 0.0225141 -0.04441567 -0.03693878 0.027412983 -0.074491285 -0.084436685
0.3705 -0.04885425 0.2925316 0.02145995 -0.04462036 -0.033449534 0.00025590882 -0.045878686 -0.039968032
0.371 -0.04892238 0.2838998 0.02041176 -0.04482427 -0.033489402 -0.004511211 0.003916882 -0.02025712
0.3715 -0.04899219 0.2754909 0.01936982 -0.04502731 -0.03830479 0.02274537 -0.019185461 -0.059423238
0.372 -0.04906361 0.2672988 0.01833436 -0.04522944 -0.037320495 0.028462261 -0.06807891 -0.083422795
0.3725 -0.04913659 0.2593178 0.01730562 -0.04543057 -0.034083795 0.0045430623 -0.05226151 -0.047643766
0.373 -0.04921107 0.2515421 0.01628383 -0.04563067 -0.033354037 -0.0044649355 -0.002992019 -0.021778274
0.3735 -0.04928701 0.2439662 0.01526918 -0.04582967 -0.037469767 0.01819653 -0.013983466 -0.052642744
0.374 -0.04936434 0.2365845 0.01426186 -0.04602753 -0.037646268 0.028606605 -0.06123177 -0.08102313
0.3745 -0.04944301 0.229392 0.01326206 -0.04622421 -0.03462504 0.008408129 -0.056460075 -0.05402295
0.375 -0.04952297 0.2223833 0.01226992 -0.04641966 -0.033337694 -0.0036865585 -0.010200225 -0.0245604
0.3755 -0.04960417 0.2155536 0.0112856 -0.04661386 -0.03672623 0.014198303 -0.010758452 -0.047088247
0.376 -0.04968656 0.2088979 0.01030923 -0.04680675 -0.037831966 0.027901543 -0.05427832 -0.07756339
0.3765 -0.04977008 0.2024116 0.009340951 -0.04699832 -0.03508163 0.01181896 -0.058774732 -0.059156872
0.377 -0.0498547 0.1960901 0.008380863 -0.04718853 -0.03344146 -0.0022818558 -0.017339788 -0.028257594
0.3775 -0.04994035 0.1899288 0.007429074 -0.04737736 -0.036098838 0.010858476 -0.009234585 -0.04271213
0.378 -0.050027 0.1839236 0.006485682 -0.04756478 -0.037862338 0.026495218 -0.047540225 -0.07344001
0.3785 -0.05011459 0.1780701 0.00555077 -0.04775078 -0.03547698 0.014693402 -0.059508152 -0.0630662
0.379 -0.05020309 0.1723643 0.004624417 -0.04793534 -0.033635072 -0.00044909865 -0.024081446 -0.032489605
0.3795 -0.05029244 0.1668022 0.00370669 -0.04811844 -0.03558521 0.008215565 -0.009156652 -0.039483644
0.38 -0.05038261 0.1613799 0.002797652 -0.04830006 -0.03775429 0.024604142 -0.041298904 -0.06901008
0.3805 -0.05047354 0.1560937 0.001897354 -0.04848019 -0.035827994 0.017005142 -0.0589282 -0.0657877
0.381 -0.0505652 0.15094 0.001005843 -0.04865882 -0.033887766 0.0016381107 -0.030157126 -0.036935657
0.3815 -0.05065755 0.1459152 0.0001231577 -0.04883595 -0.035180792 0.00625233 -0.0102805495 -0.037360206
0.382 -0.05075055 0.1410159 -0.0007506692 -0.04901155 -0.037537336 0.022413509 -0.03577464 -0.06455005
0.3825 -0.05084414 0.1362386 -0.001615612 -0.04918563 -0.036134835 0.018739365 -0.057291962 -0.06738627
0.383 -0.05093831 0.1315803 -0.002471649 -0.04935818 -0.034172334 0.0038487017 -0.03538213 -0.0413417
0.3835 -0.05103301 0.1270377 -0.003318767 -0.0495292 -0.034881532 0.0049391985 -0.012358613 -0.03627173
0.384 -0.05112819 0.1226077 -0.004156956 -0.04969868 -0.03724692 0.020088423 -0.03111156 -0.060271777
0.3845 -0.05122383 0.1182874 -0.004986211 -0.04986662 -0.036390256 0.01989482 -0.054850556 -0.06796622
0.385 -0.0513199 0.1140739 -0.005806534 -0.05003302 -0.03446748 0.0060700923 -0.039653666 -0.045507442
0.3855 -0.05141634 0.1099644 -0.00661793 -0.05019787 -0.034679864 0.004222274 -0.015143372 -0.036110226
0.386 -0.05151314 0.1059561 -0.007420409 -0.05036119 -0.0369168 0.017773442 -0.027385123 -0.056335215
0.3865 -0.05161026 0.1020464 -0.008213983 -0.05052297 -0.036586203 0.020501 -0.051846035 -0.06766836
0.387 -0.05170766 0.09823263 -0.008998672 -0.05068321 -0.034759033 0.0082101375 -0.042935856 -0.049280718
0.3875 -0.05180532 0.09451236 -0.009774496 -0.05084192 -0.03456548 0.0040253885 -0.018392794 -0.036737323
0.388 -0.0519032 0.09088312 -0.01054148 -0.0509991 -0.036575936 0.015583746 -0.024614044 -0.052855927
0.3885 -0.05200128 0.08734255 -0.01129965 -0.05115475 -0.036716457 0.020612076 -0.04850716 -0.06665528
0.389 -0.05209952 0.08388832 -0.01204905 -0.05130889 -0.035037532 0.010195032 -0.045246728 -0.052552983
0.3895 -0.0521979 0.0805182 -0.0127897 -0.05146151 -0.03452639 0.0042623766 -0.021878831 -0.037996702
0.39 -0.05229639 0.07723001 -0.01352164 -0.05161262 -0.036247544 0.013607152 -0.02276934 -0.04991162
0.3905 -0.05239495 0.07402162 -0.01424492 -0.05176223 -0.036779106 0.020299487 -0.0450427 -0.06509802
0.391 -0.05249358 0.07089096 -0.01495957 -0.05191035 -0.035296425 0.011965308 -0.046646334 -0.055255007
0.3915 -0.05259223 0.06783604 -0.01566564 -0.05205697 -0.034549445 0.004843615 -0.025396682 -0.039725106
0.392 -0.05269089 0.0648549 -0.01636318 -0.05220212 -0.03594853 0.011905652 -0.021784447 -0.04754636
0.3925 -0.05278953 0.06194564 -0.01705224 -0.0523458 -0.036777213 0.01964625 -0.041634984 -0.06316525
0.393 -0.05288813 0.05910641 -0.01773286 -0.05248801 -0.03553089 0.013476435 -0.04722569 -0.05735383
0.3935 -0.05298666 0.05633542 -0.01840511 -0.05262877 -0.034621302 0.0056810305 -0.028771989 -0.04176219
0.394 -0.0530851 0.05363092 -0.01906904 -0.05276808 -0.03568992 0.010516226 -0.02156473 -0.045773834
0.3945 -0.05318344 0.05099122 -0.0197247 -0.05290596 -0.03671839 0.018740196 -0.038435675 -0.06101432
0.395 -0.05328164 0.04841465 -0.02037216 -0.05304241 -0.03573699 0.014699604 -0.047096588 -0.058848776
0.3955 -0.0533797 0.0458996 -0.02101147 -0.05317744 -0.034729145 0.006692238 -0.031865083 -0.043958887
0.396 -0.05347759 0.04344452 -0.02164269 -0.05331107 -0.035477675 0.009453423 -0.02199617 -0.044580825
0.3965 -0.05357529 0.04104788 -0.02226589 -0.0534433 -0.03661365 0.017668039 -0.03556297 -0.058785234
0.397 -0.05367278 0.0387082 -0.02288112 -0.05357415 -0.035911247 0.01562177 -0.046383582 -0.059767142
0.3975 -0.05377004 0.03642403 -0.02348846 -0.05370362 -0.03486125 0.007802464 -0.034572937 -0.046182875
0.398 -0.05386707 0.03419397 -0.02408797 -0.05383172 -0.03531377 0.008712754 -0.022953205 -0.04393092
0.3985 -0.05396383 0.03201666 -0.02467972 -0.05395847 -0.03647591 0.016510889 -0.03310109 -0.05659714
0.399 -0.05406032 0.02989076 -0.02526377 -0.05408388 -0.036050823 0.016244926 -0.045216404 -0.06015876
0.3995 -0.05415652 0.02781498 -0.02584019 -0.05420795 -0.035007283 0.008945875 -0.036828555 -0.048322663
0.4 -0.05425242 0.02578807 -0.02640905 -0.05433071 -0.03519723 0.008274481 -0.024305947 -0.043768812
0.4005 -0.05434799 0.02380878 -0.02697042 -0.05445215 -0.036318414 0.015340764 -0.031101204 -0.054546382
0.401 -0.05444323 0.02187595 -0.02752437 -0.05457229 -0.03615386 0.01658491 -0.043724038 -0.060090728
0.4015 -0.05453813 0.01998839 -0.02807096 -0.05469114 -0.03515858 0.010066003 -0.03859835 -0.05028939
0.402 -0.05463266 0.01814498 -0.02861028 -0.05480872 -0.035124816 0.008107699 -0.025926493 -0.044024926
0.4025 -0.05472682 0.01634461 -0.02914238 -0.05492503 -0.036153413 0.0142182335 -0.029584177 -0.052706648
0.403 -0.05482059 0.01458623 -0.02966735 -0.05504009 -0.03621992 0.016668811 -0.042029597 -0.05964158
0.4035 -0.05491397 0.01286877 -0.03018525 -0.0551539 -0.03530807 0.011116259 -0.03987787 -0.052017044
0.404 -0.05500694 0.01119123 -0.03069616 -0.05526648 -0.03509178 0.008173861 -0.027694173 -0.0446205
0.4045 -0.05509949 0.009552622 -0.03120014 -0.05537784 -0.035991468 0.013191249 -0.028544582 -0.05112967
0.405 -0.05519161 0.007951972 -0.03169727 -0.05548799 -0.036250386 0.016532347 -0.04024587 -0.058895476
0.4055 -0.05528329 0.006388346 -0.03218763 -0.05559694 -0.035450034 0.012059875 -0.040686972 -0.05346172
0.406 -0.05537452 0.004860829 -0.03267127 -0.05570471 -0.035092436 0.008430358 -0.029500566 -0.045472767
0.4065 -0.05546529 0.003368533 -0.03314829 -0.0558113 -0.035840847 0.012294754 -0.027955092 -0.049846906
0.407 -0.0555556 0.001910591 -0.03361874 -0.05591672 -0.036248263 0.0162169 -0.038471825 -0.05793711
0.4075 -0.05564543 0.0004861575 -0.0340827 -0.05602099 -0.03557993 0.012870241 -0.04106448 -0.054600082
0.408 -0.05573478 -0.0009055888 -0.03454024 -0.05612412 -0.03512059 0.008833166 -0.031252436 -0.046499655
0.4085 -0.05582364 -0.002265449 -0.03499143 -0.05622612 -0.035707578 0.011551052 -0.027771555 -0.048871305
0.409 -0.05591201 -0.003594203 -0.03543635 -0.05632699 -0.036218088 0.0157663 -0.03679041 -0.0568474
0.4095 -0.05599986 -0.004892611 -0.03587507 -0.05642676 -0.03569425 0.013530359 -0.041063286 -0.055427123
0.41 -0.05608721 -0.006161413 -0.03630766 -0.05652543 -0.03517002 0.009339318 -0.03287422 -0.04762363
0.4105 -0.05617404 -0.00740133 -0.03673418 -0.05662302 -0.035595506 0.010971088 -0.027937494 -0.048199747
0.411 -0.05626035 -0.008613065 -0.03715471 -0.05671952 -0.03616549 0.015224405 -0.035267003 -0.05570018
0.4115 -0.05634613 -0.009797303 -0.03756933 -0.05681496 -0.03579047 0.014032498 -0.04074522 -0.055953406
0.412 -0.05643137 -0.01095471 -0.03797809 -0.05690935 -0.03523469 0.009908233 -0.034308888 -0.048774943
0.4125 -0.05651608 -0.01208593 -0.03838108 -0.05700269 -0.0355066 0.010555625 -0.028388985 -0.04781552
0.413 -0.05660024 -0.01319161 -0.03877835 -0.057095 -0.036096565 0.0146326795 -0.03394916 -0.05455961
0.4135 -0.05668385 -0.01427236 -0.03916998 -0.05718628 -0.035866946 0.01437743 -0.040176906 -0.056202333
0.414 -0.05676692 -0.01532877 -0.03955604 -0.05727655 -0.035309054 0.010503463 -0.03551764 -0.049893823
0.4145 -0.05684942 -0.01636144 -0.03993659 -0.05736582 -0.03544116 0.010297433 -0.029058628 -0.047691107
0.415 -0.05693137 -0.01737094 -0.0403117 -0.05745409 -0.03601753 0.014028199 -0.032866813 -0.053479016
0.4155 -0.05701275 -0.01835781 -0.04068145 -0.05754139 -0.035923027 0.014573071 -0.039425917 -0.05620678
0.416 -0.05709357 -0.01932262 -0.04104589 -0.05762771 -0.03538815 0.01109305 -0.036479212 -0.050931644
0.4165 -0.05717383 -0.02026587 -0.0414051 -0.05771307 -0.035398282 0.010182697 -0.029879339 -0.047791004
0.417 -0.05725351 -0.0211881 -0.04175913 -0.05779748 -0.03593416 0.013442896 -0.03203409 -0.05250012
0.4175 -0.05733261 -0.02208979 -0.04210806 -0.05788094 -0.035958953 0.014633425 -0.038557507 -0.056006182
0.418 -0.05741114 -0.02297144 -0.04245195 -0.05796348 -0.03546773 0.011650495 -0.037187524 -0.051851563
0.4185 -0.0574891 -0.02383353 -0.04279086 -0.05804509 -0.03537605 0.0101931915 -0.030787475 -0.048074655
0.419 -0.05756647 -0.02467651 -0.04312486 -0.05812579 -0.035851497 0.012902271 -0.031450875 -0.05165298
0.4195 -0.05764326 -0.02550085 -0.04345402 -0.05820558 -0.035975855 0.01457683 -0.03763204 -0.055643443
0.42 -0.05771948 -0.02630699 -0.04377838 -0.05828449 -0.03554424 0.012154914 -0.037649788 -0.05262839
0.4205 -0.05779511 -0.02709535 -0.04409802 -0.0583625 -0.03537193 0.010307692 -0.031725295 -0.048499096
0.421 -0.05787015 -0.02786635 -0.04441301 -0.05843965 -0.035773717 0.012425482 -0.031105064 -0.0509567
0.4215 -0.05794461 -0.02862041 -0.04472339 -0.05851592 -0.035975687 0.01442451 -0.03670288 -0.05516227
0.422 -0.05801849 -0.02935793 -0.04502923 -0.05859135 -0.035614744 0.012590952 -0.037883796 -0.053247824
0.4225 -0.05809178 -0.03007928 -0.04533059 -0.05866592 -0.03538298 0.010503817 -0.032642998 -0.0490214
0.423 -0.05816448 -0.03078486 -0.04562753 -0.05873966 -0.03570397 0.012025319 -0.03097517 -0.05042019
0.4235 -0.0582366 -0.03147503 -0.04592011 -0.05881256 -0.035960954 0.014199074 -0.035815023 -0.05460498
0.424 -0.05830813 -0.03215016 -0.04620839 -0.05888465 -0.035677083 0.012948833 -0.037915327 -0.053705417
0.4245 -0.05837908 -0.03281058 -0.04649242 -0.05895592 -0.035406075 0.01075884 -0.033499606 -0.049600814
0.425 -0.05844944 -0.03345666 -0.04677227 -0.05902639 -0.035644382 0.011708651 -0.031032868 -0.050043404
0.4255 -0.05851922 -0.03408871 -0.04704798 -0.05909607 -0.035934612 0.013923213 -0.035004325 -0.054010615
0.426 -0.05858841 -0.03470708 -0.04731962 -0.05916496 -0.03572963 0.013223883 -0.037775613 -0.0540053
0.4265 -0.05865702 -0.03531207 -0.04758724 -0.05923307 -0.035438105 0.011051271 -0.03426387 -0.050200343
0.427 -0.05872505 -0.03590399 -0.0478509 -0.05930042 -0.03559626 0.011477098 -0.031245299 -0.049818702
0.4275 -0.0587925 -0.03648316 -0.04811064 -0.059367 -0.03589973 0.013618428 -0.034297235 -0.053413656
0.428 -0.05885937 -0.03704986 -0.04836653 -0.05943283 -0.035771534 0.0134161115 -0.037499018 -0.054158434
0.4285 -0.05892566 -0.03760438 -0.04861862 -0.05949791 -0.0354761 0.011361215 -0.03491389 -0.050787933
0.429 -0.05899137 -0.038147 -0.04886695 -0.05956226 -0.035559986 0.011327859 -0.031577446 -0.049732506
0.4295 -0.0590565 -0.038678 -0.04911159 -0.05962588 -0.03585944 0.013304219 -0.033711024 -0.05284309
0.43 -0.05912107 -0.03919765 -0.04935258 -0.05968878 -0.035802398 0.01352936 -0.037120827 -0.054181162
0.4305 -0.05918506 -0.0397062 -0.04958997 -0.05975097 -0.035517316 0.011671286 -0.03543689 -0.051337253
0.431 -0.05924848 -0.04020391 -0.04982382 -0.05981245 -0.035535358 0.011254679 -0.0319942 -0.049766786
0.4315 -0.05931133 -0.04069102 -0.05005417 -0.05987324 -0.035816617 0.012997374 -0.033254378 -0.052321907
0.432 -0.05937361 -0.04116779 -0.05028107 -0.05993333 -0.035822432 0.01357067 -0.036675476 -0.054093394
0.4325 -0.05943533 -0.04163444 -0.05050458 -0.05999274 -0.03555934 0.011966776 -0.035828315 -0.05182806
0.433 -0.05949649 -0.0420912 -0.05072473 -0.06005148 -0.03552156 0.011248648 -0.03246195 -0.04990061
0.4335 -0.05955708 -0.04253831 -0.05094159 -0.06010955 -0.035773836 0.012711629 -0.032928415 -0.05186706
0.434 -0.05961712 -0.04297598 -0.05115518 -0.06016696 -0.035832316 0.013549559 -0.036195107 -0.05391726
0.4345 -0.05967661 -0.04340442 -0.05136557 -0.06022372 -0.035600156 0.012236044 -0.03609056 -0.052246146
0.435 -0.05973554 -0.04382385 -0.05157279 -0.06027983 -0.035517443 0.011299107 -0.03294999 -0.05011162
0.4355 -0.05979392 -0.04423446 -0.05177689 -0.0603353 -0.0357332 0.012457415 -0.03272786 -0.051489696
0.436 -0.05985175 -0.04463646 -0.05197792 -0.06039014 -0.03583315 0.01347689 -0.035708345 -0.053675383
0.4365 -0.05990904 -0.04503004 -0.05217592 -0.06044435 -0.03563804 0.012470458 -0.036231913 -0.052583132
0.437 -0.05996578 -0.04541539 -0.05237093 -0.06049795 -0.03552159 0.011394456 -0.033431686 -0.05037732
0.4375 -0.06002199 -0.0457927 -0.052563 -0.06055093 -0.035696413 0.0122419 -0.032642193 -0.051195327
0.438 -0.06007765 -0.04616214 -0.05275216 -0.06060331 -0.035826247 0.013364412 -0.035239555 -0.053390037
0.4385 -0.06013279 -0.04652389 -0.05293847 -0.06065509 -0.035671696 0.012664475 -0.036265142 -0.05283585
0.439 -0.06018739 -0.04687813 -0.05312196 -0.06070628 -0.035532422 0.011522964 -0.03388486 -0.050676234
0.4395 -0.06024147 -0.04722502 -0.05330267 -0.06075688 -0.035664633 0.012069307 -0.03265708 -0.050984748
0.44 -0.06029501 -0.04756472 -0.05348065 -0.06080691 -0.035813183 0.013223946 -0.034808226 -0.053081892
0.4405 -0.06034804 -0.0478974 -0.05365593 -0.06085636 -0.035700247 0.012815196 -0.036206074 -0.053005766
0.441 -0.06040055 -0.04822321 -0.05382855 -0.06090525 -0.035548307 0.0116731 -0.034292378 -0.050988603
0.4415 -0.06045254 -0.04854231 -0.05399855 -0.06095358 -0.035638593 0.011940874 -0.032755695 -0.050854556
0.442 -0.06050402 -0.04885484 -0.05416598 -0.06100135 -0.03579553 0.013066769 -0.03442911 -0.05276945
0.4425 -0.06055499 -0.04916095 -0.05433086 -0.06104858 -0.035723154 0.012922376 -0.03607238 -0.05309799
0.443 -0.06060546 -0.04946078 -0.05449323 -0.06109526 -0.03556766 0.011834208 -0.034641944 -0.051297296
0.4435 -0.06065542 -0.04975447 -0.05465314 -0.06114141 -0.035618614 0.011855632 -0.03291989 -0.050798178
0.444 -0.06070488 -0.05004216 -0.05481061 -0.06118703 -0.035774916 0.012903191 -0.03411194 -0.052468292
0.4445 -0.06075384 -0.05032397 -0.05496569 -0.06123213 -0.035740174 0.012987807 -0.03588245 -0.0531206
0.445 -0.06080232 -0.05060003 -0.05511841 -0.0612767 -0.03558907 0.011996932 -0.034926184 -0.051588103
0.4455 -0.0608503 -0.05087048 -0.0552688 -0.06132077 -0.035604678 0.0118107125 -0.03313128 -0.050806437
0.446 -0.06089779 -0.05113544 -0.0554169 -0.06136433 -0.035752796 0.012742117 -0.033862017 -0.052191053
0.4465 -0.06094481 -0.05139502 -0.05556274 -0.06140739 -0.035751443 0.013014965 -0.035654448 -0.053083736
0.447 -0.06099134 -0.05164934 -0.05570636 -0.06144995 -0.03561115 0.01215326 -0.035141952 -0.051849943
0.4475 -0.0610374 -0.05189852 -0.05584778 -0.06149202 -0.035596438 0.011801742 -0.03337208 -0.050868567
0.448 -0.06108298 -0.05214267 -0.05598705 -0.06153361 -0.035730503 0.012590919 -0.033680506 -0.05194717
0.4485 -0.0611281 -0.0523819 -0.0561242 -0.06157472 -0.035757326 0.013008647 -0.035405464 -0.05299875
0.449 -0.06117275 -0.05261631 -0.05625924 -0.06161535 -0.03563276 0.012296706 -0.03528989 -0.052074842
0.4495 -0.06121693 -0.05284601 -0.05639223 -0.06165551 -0.035593376 0.0118233 -0.033626027 -0.050972916
0.45 -0.06126066 -0.05307111 -0.05652318 -0.06169522 -0.035709184 0.0124553405 -0.0335652 -0.051742997
0.4505 -0.06130394 -0.05329169 -0.05665213 -0.06173446 -0.035758376 0.012974538 -0.03515076 -0.052877463
0.451 -0.06134676 -0.05350787 -0.05677911 -0.06177325 -0.03565297 0.012422547 -0.035373844 -0.052257944
0.4515 -0.06138913 -0.05371972 -0.05690414 -0.06181159 -0.035594746 0.011869431 -0.033878826 -0.051107794
0.452 -0.06143106 -0.05392736 -0.05702726 -0.06184949 -0.035689715 0.012339368 -0.03351096 -0.051581882
0.4525 -0.06147255 -0.05413086 -0.0571485 -0.06188695 -0.035755266 0.012918718 -0.034903474 -0.052731525
0.453 -0.0615136 -0.05433031 -0.05726788 -0.06192398 -0.035671063 0.0125275925 -0.03540013 -0.052397203
0.4535 -0.06155422 -0.05452581 -0.05738544 -0.06196058 -0.03559981 0.011934005 -0.03411851 -0.05126177
0.454 -0.0615944 -0.05471744 -0.05750119 -0.06199676 -0.03567271 0.012245424 -0.033510573 -0.051464632
0.4545 -0.06163416 -0.05490527 -0.05761517 -0.06203251 -0.03574886 0.012847323 -0.034674294 -0.052571956
0.455 -0.0616735 -0.0550894 -0.0577274 -0.06206785 -0.035686493 0.012610085 -0.035376705 -0.05249299
0.4555 -0.06171241 -0.0552699 -0.05783791 -0.06210279 -0.035607666 0.012010891 -0.03433568 -0.051424347
0.456 -0.06175091 -0.05544684 -0.05794673 -0.06213731 -0.035658628 0.012174483 -0.03355544 -0.051389884
0.4565 -0.061789 -0.0556203 -0.05805388 -0.06217144 -0.035739962 0.012766361 -0.034471266 -0.05240856
0.457 -0.06182667 -0.05579036 -0.05815938 -0.06220517 -0.03569898 0.012669738 -0.035312675 -0.052547608
0.4575 -0.06186394 -0.05595708 -0.05826327 -0.06223851 -0.0356175 0.012094483 -0.034523554 -0.05158646
0.458 -0.06190081 -0.05612055 -0.05836556 -0.06227146 -0.03564769 0.012126245 -0.033636175 -0.051354345
0.4585 -0.06193728 -0.05628082 -0.05846628 -0.06230403 -0.035729386 0.012681201 -0.034299918 -0.05224976
0.459 -0.06197335 -0.05643796 -0.05856546 -0.06233622 -0.035708386 0.0127073005 -0.03521771 -0.052565157
0.4595 -0.06200903 -0.05659205 -0.05866311 -0.06236803 -0.03562858 0.012179695 -0.03467784 -0.05174031
0.46 -0.06204433 -0.05674313 -0.05875927 -0.06239947 -0.035639852 0.012099288 -0.03374309 -0.05135341
0.4605 -0.06207924 -0.05689129 -0.05885395 -0.06243055 -0.035717953 0.012596667 -0.034163408 -0.052102465
0.461 -0.06211376 -0.05703657 -0.05894717 -0.06246127 -0.035714734 0.012724578 -0.035101272 -0.052550733
0.4615 -0.06214791 -0.05717904 -0.05903897 -0.06249163 -0.035640135 0.012262229 -0.034796454 -0.051879864
0.462 -0.06218168 -0.05731876 -0.05912935 -0.06252163 -0.035635043 0.012091555 -0.03386689 -0.051381633
0.4625 -0.06221508 -0.05745578 -0.05921834 -0.06255129 -0.035706338 0.01251667 -0.034062706 -0.05197187
0.463 -0.06224812 -0.05759016 -0.05930597 -0.06258059 -0.035718195 0.012723912 -0.03497245 -0.052510154
0.4635 -0.06228079 -0.05772195 -0.05939225 -0.06260956 -0.03565154 0.012338582 -0.034879513 -0.052000735
0.464 -0.0623131 -0.05785121 -0.05947721 -0.06263819 -0.03563298 0.012100309 -0.03399887 -0.051432915
0.4645 -0.06234505 -0.057978 -0.05956086 -0.06266648 -0.035695113 0.012444381 -0.033996858 -0.051861607
0.465 -0.06237664 -0.05810236 -0.05964322 -0.06269444 -0.035719108 0.012708202 -0.03483937 -0.05244954
0.4655 -0.06240789 -0.05822433 -0.05972432 -0.06272208 -0.03566228 0.012405999 -0.03492876 -0.0521001
0.466 -0.06243878 -0.05834398 -0.05980418 -0.06274939 -0.03563331 0.012122411 -0.034131415 -0.05150112
0.4665 -0.06246933 -0.05846135 -0.0598828 -0.06277638 -0.035684757 0.012382045 -0.03396345 -0.051773623
0.467 -0.06249954 -0.05857649 -0.05996022 -0.06280306 -0.035717808 0.012680694 -0.034709103 -0.052375093
0.4675 -0.06252942 -0.05868944 -0.06003645 -0.06282942 -0.035671964 0.012462765 -0.034947194 -0.052176617
0.468 -0.06255895 -0.05880024 -0.06011151 -0.06285548 -0.035635635 0.012154721 -0.034258105 -0.051580306
0.4685 -0.06258816 -0.05890894 -0.06018541 -0.06288123 -0.03567569 0.012331005 -0.033958904 -0.051708613
0.469 -0.06261704 -0.05901559 -0.06025818 -0.06290668 -0.035714693 0.012644537 -0.03458748 -0.05229253
0.4695 -0.06264559 -0.05912022 -0.06032983 -0.06293183 -0.03568028 0.012507863 -0.03493894 -0.052230336
0.47 -0.06267382 -0.05922288 -0.06040037 -0.06295668 -0.035639517 0.012194041 -0.034373738 -0.051664844
0.4705 -0.06270173 -0.05932361 -0.06046984 -0.06298124 -0.035668075 0.012291968 -0.033978768 -0.051665995
0.471 -0.06272932 -0.05942244 -0.06053823 -0.06300552 -0.035710227 0.012602847 -0.03447888 -0.052207176
0.4715 -0.06275661 -0.05951941 -0.06060558 -0.06302951 -0.03568705 0.012540951 -0.034908675 -0.05226233
0.472 -0.06278358 -0.05961457 -0.06067189 -0.06305321 -0.035644524 0.012237329 -0.03447459 -0.051749863
0.4725 -0.06281025 -0.05970794 -0.06073718 -0.06307664 -0.035662103 0.012264796 -0.034018166 -0.051644154
0.473 -0.06283661 -0.05979957 -0.06080147 -0.06309979 -0.035704814 0.012558557 -0.034386463 -0.052123558
0.4735 -0.06286267 -0.05988949 -0.06086477 -0.06312267 -0.03569224 0.0125624165 -0.034861423 -0.052274562
0.474 -0.06288844 -0.05997773 -0.0609271 -0.06314528 -0.035650212 0.012281898 -0.034558155 -0.05183116
0.4745 -0.06291391 -0.06006433 -0.06098847 -0.06316763 -0.035657734 0.012248937 -0.03407205 -0.05164086
0.475 -0.06293909 -0.06014932 -0.0610489 -0.06318971 -0.0356989 0.012514215 -0.034312136 -0.052045453
0.4755 -0.06296398 -0.06023274 -0.0611084 -0.06321153 -0.03569582 0.012573078 -0.034802146 -0.052269574
0.476 -0.06298858 -0.06031461 -0.06116699 -0.06323309 -0.035656236 0.012325391 -0.034623213 -0.051905423
0.4765 -0.0630129 -0.06039496 -0.06122468 -0.0632544 -0.03565494 0.012243293 -0.034135573 -0.05165331
0.477 -0.06303695 -0.06047383 -0.06128148 -0.06327546 -0.03569283 0.012471974 -0.034256436 -0.05197565
0.4775 -0.06306071 -0.06055124 -0.06133741 -0.06329626 -0.035697866 0.012574151 -0.034735568 -0.052250408
0.478 -0.0630842 -0.06062723 -0.06139248 -0.06331683 -0.035662223 0.012365904 -0.03466963 -0.051970314
0.4785 -0.06310742 -0.06070181 -0.06144671 -0.06333715 -0.035653654 0.012246486 -0.034204118 -0.051678337
0.479 -0.06313038 -0.06077503 -0.0615001 -0.06335723 -0.035686925 0.012433462 -0.034219064 -0.051916152
0.4795 -0.06315306 -0.06084691 -0.06155267 -0.06337707 -0.035698533 0.012567129 -0.034666188 -0.05222028
0.48 -0.06317549 -0.06091747 -0.06160444 -0.06339668 -0.03566794 0.012401998 -0.034698196 -0.052024156
0.4805 -0.06319765 -0.06098674 -0.06165542 -0.06341605 -0.035653606 0.01225704 -0.034273513 -0.051712714
0.481 -0.06321956 -0.06105474 -0.06170561 -0.0634352 -0.03568145 0.012399979 -0.034198917 -0.051868208
0.4815 -0.06324121 -0.0611215 -0.06175503 -0.06345412 -0.03569802 0.012553636 -0.034597673 -0.052182425
0.482 -0.06326261 -0.06118705 -0.0618037 -0.06347281 -0.03567312 0.012432605 -0.0347104 -0.0520661
0.4825 -0.06328376 -0.06125141 -0.06185162 -0.06349128 -0.03565465 0.012273107 -0.034340344 -0.051753305
0.483 -0.06330466 -0.06131459 -0.0618988 -0.06350954 -0.035676587 0.012372341 -0.03419418 -0.05183227
0.4835 -0.06332532 -0.06137663 -0.06194526 -0.06352758 -0.035696536 0.0125354305 -0.03453321 -0.052139826
0.484 -0.06334574 -0.06143755 -0.06199101 -0.0635454 -0.03567759 0.012457192 -0.03470824 -0.0520961
0.4845 -0.06336592 -0.06149736 -0.06203606 -0.06356301 -0.035656553 0.0122931115 -0.034401856 -0.05179719
0.485 -0.06338586 -0.0615561 -0.06208042 -0.06358042 -0.035672493 0.012350868 -0.034202643 -0.051808108
0.4855 -0.06340557 -0.06161378 -0.0621241 -0.06359761 -0.035694294 0.01251401 -0.034475215 -0.052095313
0.486 -0.06342505 -0.06167041 -0.06216711 -0.06361461 -0.035681278 0.012475535 -0.034694172 -0.05211463
0.4865 -0.0634443 -0.06172603 -0.06220946 -0.0636314 -0.035659082 0.012315489 -0.034455903 -0.05184172
0.487 -0.06346332 -0.06178065 -0.06225116 -0.06364799 -0.03566923 0.012335647 -0.034221686 -0.051794954
0.4875 -0.06348212 -0.0618343 -0.06229223 -0.06366438 -0.035691537 0.012491018 -0.034425475 -0.052051343
0.488 -0.06350069 -0.06188698 -0.06233267 -0.06368058 -0.035684124 0.0124877095 -0.034670793 -0.052122653
0.4885 -0.06351905 -0.06193872 -0.06237249 -0.06369658 -0.035662018 0.012338754 -0.034501128 -0.05188463
0.489 -0.06353719 -0.06198953 -0.0624117 -0.0637124 -0.035666797 0.0123264305 -0.034248747 -0.051791728
0.4895 -0.06355512 -0.06203944 -0.06245031 -0.06372802 -0.035688493 0.012467794 -0.034385003 -0.05200992
0.49 -0.06357283 -0.06208846 -0.06248833 -0.06374346 -0.035686128 0.012494173 -0.034640677 -0.052121464
0.4905 -0.06359034 -0.06213661 -0.06252577 -0.06375872 -0.035665154 0.012361627 -0.034536757 -0.05192414
0.491 -0.06360764 -0.0621839 -0.06256264 -0.06377379 -0.035665203 0.012322605 -0.03428126 -0.051796988
0.4915 -0.06362473 -0.06223036 -0.06259894 -0.06378869 -0.035685323 0.012445454 -0.034354307 -0.051972643
0.492 -0.06364162 -0.06227599 -0.06263469 -0.06380341 -0.035687316 0.012495525 -0.034606375 -0.052112587
0.4925 -0.06365831 -0.06232081 -0.0626699 -0.06381795 -0.0356683 0.012383144 -0.034562595 -0.05195891
0.493 -0.0636748 -0.06236485 -0.06270457 -0.06383231 -0.035664406 0.012323581 -0.034316756 -0.05180906
0.4935 -0.0636911 -0.0624081 -0.0627387 -0.06384651 -0.0356822 0.012424961 -0.034333237 -0.051940646
0.494 -0.0637072 -0.0624506 -0.06277232 -0.06386054 -0.035687767 0.012492485 -0.034570225 -0.052097697
0.4945 -0.0637231 -0.06249234 -0.06280543 -0.06387439 -0.035671316 0.012402426 -0.034579016 -0.05198799
0.495 -0.06373882 -0.06253336 -0.06283803 -0.06388809 -0.035664286 0.012328487 -0.034353055 -0.051826335
0.4955 -0.06375436 -0.06257365 -0.06287013 -0.06390162 -0.0356793 0.012407016 -0.034321286 -0.051914603
0.496 -0.0637697 -0.06261324 -0.06290175 -0.06391498 -0.035687603 0.01248594 -0.034534253 -0.05207844
0.4965 -0.06378486 -0.06265214 -0.06293288 -0.06392819 -0.035674065 0.012418926 -0.034586705 -0.05201095
0.497 -0.06379985 -0.06269035 -0.06296354 -0.06394124 -0.035664733 0.012336474 -0.03438831 -0.051847123
0.4975 -0.06381465 -0.0627279 -0.06299373 -0.06395413 -0.035676714 0.012392063 -0.03431753 -0.051894777
0.498 -0.06382927 -0.0627648 -0.06302346 -0.06396687 -0.035686903 0.012476765 -0.0345001 -0.052056484
0.4985 -0.06384372 -0.06280105 -0.06305274 -0.06397946 -0.03567646 0.012432277 -0.034586765 -0.052027665
0.499 -0.063858 -0.06283668 -0.06308158 -0.06399189 -0.035665676 0.012346648 -0.034421004 -0.051869877
0.4995 -0.0638721 -0.06287168 -0.06310998 -0.06400418 -0.03567451 0.012380306 -0.03432087 -0.051881112
0.5 -0.06388604 -0.06290608 -0.06313794 -0.06401632 -0.035685778 0.012465786 -0.034469195 -0.052033316
