0.0 -0.065 -0.065 -0.065 -0.065 -0.05951398 -0.07171986 -0.066370994 -0.074701935
0.0005 -0.065 -0.065 -0.065 -0.065 -0.060739662 -0.068821914 -0.067604855 -0.07132459
0.001 -0.065 -0.065 -0.065 -0.065 -0.061655357 -0.06702056 -0.06816174 -0.069126785
0.0015 -0.065 -0.065 -0.065 -0.065 -0.062364705 -0.06581507 -0.06832748 -0.06765993
0.002 -0.065 -0.065 -0.065 -0.065 -0.06292765 -0.06497181 -0.068257466 -0.0666719
0.0025 -0.065 -0.065 -0.065 -0.065 -0.06338207 -0.064369775 -0.06804354 -0.0660093
0.003 -0.065 -0.065 -0.065 -0.065 -0.06375353 -0.06393994 -0.06774305 -0.06557337
0.0035 -0.065 -0.065 -0.065 -0.065 -0.06406015 -0.06363921 -0.06739318 -0.0652979
0.004 -0.065 -0.065 -0.065 -0.065 -0.064315245 -0.06343837 -0.06701862 -0.065137036
0.0045 -0.065 -0.065 -0.065 -0.065 -0.0645289 -0.06331629 -0.066636 -0.06505829
0.005 -0.065 -0.065 -0.065 -0.065 -0.06470891 -0.063256845 -0.06625664 -0.06503819
0.0055 -0.065 -0.065 -0.065 -0.065 -0.06486143 -0.06324732 -0.06588816 -0.06505958
0.006 -0.065 -0.065 -0.065 -0.065 -0.06499134 -0.06327746 -0.06553564 -0.06510973
0.0065 -0.065 -0.065 -0.065 -0.065 -0.06510261 -0.06333885 -0.065202415 -0.06517917
0.007 -0.065 -0.065 -0.065 -0.065 -0.06519843 -0.063424565 -0.06489048 -0.0652608
0.0075 -0.065 -0.065 -0.065 -0.065 -0.06528144 -0.06352883 -0.06460096 -0.065349296
0.008 -0.065 -0.065 -0.065 -0.065 -0.065353796 -0.06364688 -0.064334296 -0.065440685
0.0085 -0.065 -0.065 -0.065 -0.065 -0.065417275 -0.06377476 -0.06409044 -0.065531984
0.009 -0.065 -0.065 -0.065 -0.065 -0.06547337 -0.06390917 -0.06386899 -0.06562102
0.0095 -0.065 -0.065 -0.065 -0.065 -0.0655233 -0.06404742 -0.06366934 -0.06570616
0.01 -0.065 -0.065 -0.065 -0.065 -0.06556809 -0.06418728 -0.06349063 -0.06578632
0.0105 -0.065 -0.065 -0.065 -0.065 -0.0656086 -0.06432693 -0.06333197 -0.065860696
0.011 -0.065 -0.065 -0.065 -0.065 -0.06564553 -0.0644649 -0.063192345 -0.065928794
0.0115 -0.065 -0.065 -0.065 -0.065 -0.0656795 -0.06460001 -0.063070714 -0.06599034
0.012 -0.065 -0.065 -0.065 -0.065 -0.06571098 -0.064731345 -0.062966 -0.06604523
0.0125 -0.065 -0.065 -0.065 -0.065 -0.06574039 -0.064858146 -0.062877126 -0.06609347
0.013 -0.065 -0.065 -0.065 -0.065 -0.06576807 -0.06497987 -0.062803045 -0.06613517
0.0135 -0.065 -0.065 -0.065 -0.065 -0.06579432 -0.06509612 -0.062742725 -0.06617051
0.014 -0.065 -0.065 -0.065 -0.065 -0.06581935 -0.06520658 -0.062695146 -0.06619974
0.0145 -0.065 -0.065 -0.065 -0.065 -0.06584338 -0.065311074 -0.06265935 -0.066223145
0.015 -0.065 -0.065 -0.065 -0.065 -0.06586657 -0.0654095 -0.06263441 -0.06624102
0.0155 -0.065 -0.065 -0.065 -0.065 -0.06588902 -0.06550181 -0.06261942 -0.06625369
0.016 -0.065 -0.065 -0.065 -0.065 -0.065910876 -0.06558804 -0.06261354 -0.06626149
0.0165 -0.065 -0.065 -0.065 -0.065 -0.06593219 -0.06566824 -0.06261597 -0.06626476
0.017 -0.065 -0.065 -0.065 -0.065 -0.06595305 -0.065742545 -0.06262595 -0.06626383
0.0175 -0.065 -0.065 -0.065 -0.065 -0.065973505 -0.06581106 -0.06264278 -0.066259034
0.018 -0.065 -0.065 -0.065 -0.065 -0.065993585 -0.06587396 -0.06266576 -0.06625068
0.0185 -0.065 -0.065 -0.065 -0.065 -0.066013336 -0.06593141 -0.062694296 -0.066239096
0.019 -0.065 -0.065 -0.065 -0.065 -0.06603277 -0.06598361 -0.06272778 -0.06622457
0.0195 -0.065 -0.065 -0.065 -0.065 -0.06605189 -0.06603078 -0.06276564 -0.06620739
0.02 -0.065 -0.065 -0.065 -0.065 -0.066070735 -0.0660731 -0.062807396 -0.06618783
0.0205 -0.065 -0.065 -0.065 -0.065 -0.06608929 -0.066110805 -0.06285257 -0.066166155
0.021 -0.065 -0.065 -0.065 -0.065 -0.06610755 -0.066144094 -0.06290069 -0.0661426
0.0215 -0.065 -0.065 -0.065 -0.065 -0.06612553 -0.06617318 -0.06295137 -0.0661174
0.022 -0.065 -0.065 -0.065 -0.065 -0.06614321 -0.066198304 -0.06300423 -0.06609077
0.0225 -0.065 -0.065 -0.065 -0.065 -0.06616059 -0.06621964 -0.06305891 -0.06606291
0.023 -0.065 -0.065 -0.065 -0.065 -0.066177666 -0.06623741 -0.06311509 -0.06603401
0.0235 -0.065 -0.065 -0.065 -0.065 -0.06619442 -0.06625183 -0.06317246 -0.06600425
0.024 -0.065 -0.065 -0.065 -0.065 -0.06621085 -0.06626307 -0.06323077 -0.06597377
0.0245 -0.065 -0.065 -0.065 -0.065 -0.066226944 -0.066271335 -0.06328975 -0.06594275
0.025 -0.065 -0.065 -0.065 -0.065 -0.066242695 -0.06627679 -0.06334917 -0.06591131
0.0255 -0.065 -0.065 -0.065 -0.065 -0.06625809 -0.066279635 -0.063408844 -0.065879576
0.026 -0.065 -0.065 -0.065 -0.065 -0.06627311 -0.066280015 -0.06346856 -0.065847665
0.0265 -0.065 -0.065 -0.065 -0.065 -0.06628776 -0.06627812 -0.063528135 -0.06581569
0.027 -0.065 -0.065 -0.065 -0.065 -0.066302024 -0.06627409 -0.06358743 -0.06578374
0.0275 -0.065 -0.065 -0.065 -0.065 -0.0663159 -0.06626807 -0.06364629 -0.0657519
0.028 -0.065 -0.065 -0.065 -0.065 -0.06632937 -0.0662602 -0.06370461 -0.06572027
0.0285 -0.065 -0.065 -0.065 -0.065 -0.06634243 -0.06625064 -0.06376225 -0.065688886
0.029 -0.065 -0.065 -0.065 -0.065 -0.06635508 -0.06623949 -0.06381912 -0.06565784
0.0295 -0.065 -0.065 -0.065 -0.065 -0.0663673 -0.06622688 -0.063875124 -0.06562717
0.03 -0.065 -0.065 -0.065 -0.065 -0.0663791 -0.066212915 -0.06393017 -0.06559695
0.0305 -0.065 -0.065 -0.065 -0.065 -0.06639047 -0.06619773 -0.063984215 -0.0655672
0.031 -0.065 -0.065 -0.065 -0.065 -0.06640141 -0.06618141 -0.064037174 -0.065537974
0.0315 -0.065 -0.065 -0.065 -0.065 -0.066411905 -0.06616403 -0.064088985 -0.06550929
0.032 -0.065 -0.065 -0.065 -0.065 -0.066421956 -0.066145726 -0.06413962 -0.06548119
0.0325 -0.065 -0.065 -0.065 -0.065 -0.066431575 -0.06612657 -0.06418904 -0.0654537
0.033 -0.065 -0.065 -0.065 -0.065 -0.066440746 -0.066106625 -0.06423721 -0.065426834
0.0335 -0.065 -0.065 -0.065 -0.065 -0.06644947 -0.06608599 -0.06428408 -0.06540061
0.034 -0.065 -0.065 -0.065 -0.065 -0.06645775 -0.06606472 -0.064329654 -0.065375045
0.0345 -0.065 -0.065 -0.065 -0.065 -0.066465594 -0.06604289 -0.06437391 -0.065350145
0.035 -0.065 -0.065 -0.065 -0.065 -0.066472985 -0.06602056 -0.064416826 -0.065325916
0.0355 -0.065 -0.065 -0.065 -0.065 -0.066479936 -0.065997794 -0.0644584 -0.065302365
0.036 -0.065 -0.065 -0.065 -0.065 -0.066486456 -0.06597464 -0.06449865 -0.0652795
0.0365 -0.065 -0.065 -0.065 -0.065 -0.06649253 -0.06595115 -0.06453754 -0.06525731
0.037 -0.065 -0.065 -0.065 -0.065 -0.06649817 -0.06592739 -0.06457509 -0.0652358
0.0375 -0.065 -0.065 -0.065 -0.065 -0.066503376 -0.06590337 -0.0646113 -0.06521496
0.038 -0.065 -0.065 -0.065 -0.065 -0.06650816 -0.065879166 -0.06464617 -0.0651948
0.0385 -0.065 -0.065 -0.065 -0.065 -0.06651252 -0.06585479 -0.06467972 -0.0651753
0.039 -0.065 -0.065 -0.065 -0.065 -0.06651645 -0.06583029 -0.06471197 -0.06515646
0.0395 -0.065 -0.065 -0.065 -0.065 -0.066519976 -0.06580571 -0.06474294 -0.065138265
0.04 -0.065 -0.065 -0.065 -0.065 -0.06652309 -0.06578106 -0.06477262 -0.06512071
0.0405 -0.065 -0.065 -0.065 -0.065 -0.066525795 -0.06575639 -0.06480105 -0.06510378
0.041 -0.065 -0.065 -0.065 -0.065 -0.0665281 -0.06573171 -0.064828224 -0.06508746
0.0415 -0.065 -0.065 -0.065 -0.065 -0.06653001 -0.06570705 -0.06485419 -0.065071754
0.042 -0.065 -0.065 -0.065 -0.065 -0.06653153 -0.06568244 -0.06487895 -0.06505664
0.0425 -0.065 -0.065 -0.065 -0.065 -0.06653267 -0.06565789 -0.06490254 -0.06504209
0.043 -0.065 -0.065 -0.065 -0.065 -0.06653343 -0.06563343 -0.06492497 -0.065028116
0.0435 -0.065 -0.065 -0.065 -0.065 -0.06653382 -0.06560908 -0.064946264 -0.0650147
0.044 -0.065 -0.065 -0.065 -0.065 -0.06653385 -0.06558483 -0.06496647 -0.06500181
0.0445 -0.065 -0.065 -0.065 -0.065 -0.06653352 -0.06556072 -0.06498557 -0.06498945
0.045 -0.065 -0.065 -0.065 -0.065 -0.066532835 -0.06553675 -0.06500363 -0.064977586
0.0455 -0.065 -0.065 -0.065 -0.065 -0.06653181 -0.06551295 -0.065020666 -0.06496623
0.046 -0.065 -0.065 -0.065 -0.065 -0.06653044 -0.06548931 -0.065036684 -0.064955354
0.0465 -0.065 -0.065 -0.065 -0.065 -0.06652874 -0.06546585 -0.06505173 -0.064944945
0.047 -0.065 -0.065 -0.065 -0.065 -0.06652671 -0.06544258 -0.065065816 -0.06493499
0.0475 -0.065 -0.065 -0.065 -0.065 -0.066524364 -0.065419495 -0.06507897 -0.06492547
0.048 -0.065 -0.065 -0.065 -0.065 -0.066521704 -0.06539664 -0.065091215 -0.06491637
0.0485 -0.065 -0.065 -0.065 -0.065 -0.06651875 -0.06537398 -0.06510259 -0.0649077
0.049 -0.065 -0.065 -0.065 -0.065 -0.06651549 -0.06535154 -0.065113105 -0.064899415
0.0495 -0.065 -0.065 -0.065 -0.065 -0.06651194 -0.065329306 -0.065122806 -0.06489152
0.05 -0.065 -0.065 -0.065 -0.065 -0.0665081 -0.06530732 -0.065131694 -0.064883985
0.0505 -0.065 -0.065 -0.065 -0.065 -0.06650399 -0.06528556 -0.0651398 -0.06487682
0.051 -0.065 -0.065 -0.065 -0.065 -0.066499606 -0.06526404 -0.06514716 -0.06486999
0.0515 -0.065 -0.065 -0.065 -0.065 -0.06649495 -0.065242745 -0.06515379 -0.0648635
0.052 -0.065 -0.065 -0.065 -0.065 -0.06649004 -0.0652217 -0.06515971 -0.064857334
0.0525 -0.065 -0.065 -0.065 -0.065 -0.06648488 -0.06520088 -0.06516495 -0.06485146
0.053 -0.065 -0.065 -0.065 -0.065 -0.06647948 -0.06518031 -0.065169536 -0.0648459
0.0535 -0.065 -0.065 -0.065 -0.065 -0.06647384 -0.065159984 -0.06517349 -0.06484062
0.054 -0.065 -0.065 -0.065 -0.065 -0.06646797 -0.0651399 -0.065176815 -0.064835615
0.0545 -0.065 -0.065 -0.065 -0.065 -0.066461876 -0.065120056 -0.06517956 -0.06483088
0.055 -0.065 -0.065 -0.065 -0.065 -0.06645556 -0.06510047 -0.06518173 -0.0648264
0.0555 -0.065 -0.065 -0.065 -0.065 -0.06644903 -0.065081105 -0.06518334 -0.064822145
0.056 -0.065 -0.065 -0.065 -0.065 -0.0664423 -0.06506201 -0.065184444 -0.064818144
0.0565 -0.065 -0.065 -0.065 -0.065 -0.066435374 -0.065043144 -0.065185025 -0.06481436
0.057 -0.065 -0.065 -0.065 -0.065 -0.06642825 -0.065024525 -0.06518513 -0.06481078
0.0575 -0.065 -0.065 -0.065 -0.065 -0.06642094 -0.065006144 -0.06518476 -0.06480742
0.058 -0.065 -0.065 -0.065 -0.065 -0.06641345 -0.06498801 -0.06518394 -0.064804256
0.0585 -0.065 -0.065 -0.065 -0.065 -0.06640577 -0.06497011 -0.06518268 -0.064801276
0.059 -0.065 -0.065 -0.065 -0.065 -0.066397935 -0.064952455 -0.06518102 -0.06479847
0.0595 -0.065 -0.065 -0.065 -0.065 -0.066389926 -0.06493504 -0.06517896 -0.064795844
0.06 -0.065 -0.065 -0.065 -0.065 -0.06638177 -0.064917855 -0.06517655 -0.064793386
0.0605 -0.065 -0.065 -0.065 -0.065 -0.06637345 -0.06490091 -0.06517373 -0.06479108
0.061 -0.065 -0.065 -0.065 -0.065 -0.06636499 -0.06488419 -0.0651706 -0.06478893
0.0615 -0.065 -0.065 -0.065 -0.065 -0.06635638 -0.064867705 -0.06516713 -0.06478692
0.062 -0.065 -0.065 -0.065 -0.065 -0.066347644 -0.06485145 -0.065163344 -0.06478504
0.0625 -0.065 -0.065 -0.065 -0.065 -0.06633877 -0.064835414 -0.06515926 -0.064783305
0.063 -0.065 -0.065 -0.065 -0.065 -0.06632976 -0.064819604 -0.065154895 -0.06478168
0.0635 -0.065 -0.065 -0.065 -0.065 -0.06632064 -0.064804 -0.06515027 -0.06478018
0.064 -0.065 -0.065 -0.065 -0.065 -0.066311404 -0.06478863 -0.06514539 -0.06477879
0.0645 -0.065 -0.065 -0.065 -0.065 -0.06630206 -0.06477348 -0.065140255 -0.06477751
0.065 -0.065 -0.065 -0.065 -0.065 -0.0662926 -0.064758524 -0.065134905 -0.064776324
0.0655 -0.065 -0.065 -0.065 -0.065 -0.06628304 -0.064743795 -0.065129325 -0.06477524
0.066 -0.065 -0.065 -0.065 -0.065 -0.066273384 -0.06472927 -0.06512354 -0.064774245
0.0665 -0.065 -0.065 -0.065 -0.065 -0.06626363 -0.06471495 -0.06511759 -0.064773336
0.067 -0.065 -0.065 -0.065 -0.065 -0.066253796 -0.06470084 -0.065111436 -0.06477252
0.0675 -0.065 -0.065 -0.065 -0.065 -0.06624387 -0.06468694 -0.06510511 -0.06477177
0.068 -0.065 -0.065 -0.065 -0.065 -0.066233866 -0.06467323 -0.065098636 -0.0647711
0.0685 -0.065 -0.065 -0.065 -0.065 -0.066223785 -0.06465972 -0.065092005 -0.064770505
0.069 -0.065 -0.065 -0.065 -0.065 -0.06621364 -0.064646415 -0.06508523 -0.06476997
0.0695 -0.065 -0.065 -0.065 -0.065 -0.066203415 -0.064633295 -0.06507834 -0.0647695
0.07 -0.065 -0.065 -0.065 -0.065 -0.06619313 -0.064620376 -0.06507133 -0.06476909
0.0705 -0.065 -0.065 -0.065 -0.065 -0.066182785 -0.06460764 -0.065064214 -0.06476873
0.071 -0.065 -0.065 -0.065 -0.065 -0.066172384 -0.06459509 -0.065057 -0.064768426
0.0715 -0.065 -0.065 -0.065 -0.065 -0.06616193 -0.06458272 -0.06504968 -0.06476817
0.072 -0.065 -0.065 -0.065 -0.065 -0.06615143 -0.064570524 -0.06504229 -0.06476797
0.0725 -0.065 -0.065 -0.065 -0.065 -0.06614088 -0.06455852 -0.06503481 -0.06476781
0.073 -0.065 -0.065 -0.065 -0.065 -0.066130295 -0.06454669 -0.065027274 -0.06476769
0.0735 -0.065 -0.065 -0.065 -0.065 -0.06611966 -0.06453502 -0.06501967 -0.0647676
0.074 -0.065 -0.065 -0.065 -0.065 -0.066109 -0.06452353 -0.06501202 -0.064767554
0.0745 -0.065 -0.065 -0.065 -0.065 -0.0660983 -0.06451222 -0.06500431 -0.06476754
0.075 -0.065 -0.065 -0.065 -0.065 -0.066087574 -0.06450106 -0.064996555 -0.06476756
0.0755 -0.065 -0.065 -0.065 -0.065 -0.06607683 -0.06449009 -0.06498877 -0.064767614
0.076 -0.065 -0.065 -0.065 -0.065 -0.06606605 -0.06447927 -0.06498097 -0.06476769
0.0765 -0.065 -0.065 -0.065 -0.065 -0.06605525 -0.06446861 -0.06497314 -0.06476779
0.077 -0.065 -0.065 -0.065 -0.065 -0.066044435 -0.0644581 -0.06496527 -0.06476792
0.0775 -0.065 -0.065 -0.065 -0.065 -0.06603361 -0.06444776 -0.0649574 -0.06476807
0.078 -0.065 -0.065 -0.065 -0.065 -0.06602277 -0.06443757 -0.06494955 -0.06476823
0.0785 -0.065 -0.065 -0.065 -0.065 -0.06601192 -0.064427525 -0.064941674 -0.064768426
0.079 -0.065 -0.065 -0.065 -0.065 -0.06600106 -0.06441763 -0.064933814 -0.06476863
0.0795 -0.065 -0.065 -0.065 -0.065 -0.0659902 -0.0644079 -0.06492594 -0.06476885
0.08 -0.065 -0.065 -0.065 -0.065 -0.06597934 -0.0643983 -0.0649181 -0.06476909
0.0805 -0.065 -0.065 -0.065 -0.065 -0.06596848 -0.06438885 -0.06491026 -0.064769335
0.081 -0.065 -0.065 -0.065 -0.065 -0.06595762 -0.064379536 -0.06490245 -0.0647696
0.0815 -0.065 -0.065 -0.065 -0.065 -0.06594677 -0.064370364 -0.06489466 -0.06476988
0.082 -0.065 -0.065 -0.065 -0.065 -0.065935925 -0.06436135 -0.0648869 -0.06477016
0.0825 -0.065 -0.065 -0.065 -0.065 -0.065925084 -0.06435245 -0.06487915 -0.06477045
0.083 -0.065 -0.065 -0.065 -0.065 -0.06591426 -0.0643437 -0.06487147 -0.06477076
0.0835 -0.065 -0.065 -0.065 -0.065 -0.06590344 -0.06433507 -0.0648638 -0.06477107
0.084 -0.065 -0.065 -0.065 -0.065 -0.06589265 -0.06432657 -0.06485619 -0.064771384
0.0845 -0.065 -0.065 -0.065 -0.065 -0.06588187 -0.06431821 -0.0648486 -0.06477171
0.085 -0.065 -0.065 -0.065 -0.065 -0.06587111 -0.06430997 -0.06484106 -0.06477203
0.0855 -0.065 -0.065 -0.065 -0.065 -0.065860376 -0.06430186 -0.064833574 -0.06477237
0.086 -0.065 -0.065 -0.065 -0.065 -0.065849654 -0.06429387 -0.06482612 -0.0647727
0.0865 -0.065 -0.065 -0.065 -0.065 -0.06583896 -0.06428601 -0.06481874 -0.06477304
0.087 -0.065 -0.065 -0.065 -0.065 -0.06582829 -0.06427826 -0.06481139 -0.06477338
0.0875 -0.065 -0.065 -0.065 -0.065 -0.065817654 -0.06427062 -0.06480411 -0.06477372
0.088 -0.065 -0.065 -0.065 -0.065 -0.06580705 -0.06426311 -0.064796895 -0.06477406
0.0885 -0.065 -0.065 -0.065 -0.065 -0.065796465 -0.06425572 -0.06478973 -0.0647744
0.089 -0.065 -0.065 -0.065 -0.065 -0.06578592 -0.064248435 -0.064782634 -0.06477475
0.0895 -0.065 -0.065 -0.065 -0.065 -0.06577541 -0.06424126 -0.064775586 -0.064775094
0.09 -0.065 -0.065 -0.065 -0.065 -0.06576493 -0.0642342 -0.064768605 -0.06477544
0.0905 -0.065 -0.065 -0.065 -0.065 -0.06575449 -0.06422726 -0.06476168 -0.06477578
0.091 -0.065 -0.065 -0.065 -0.065 -0.06574407 -0.06422042 -0.06475484 -0.06477612
0.0915 -0.065 -0.065 -0.065 -0.065 -0.065733716 -0.064213686 -0.064748056 -0.064776465
0.092 -0.065 -0.065 -0.065 -0.065 -0.06572339 -0.06420705 -0.06474135 -0.0647768
0.0925 -0.065 -0.065 -0.065 -0.065 -0.06571311 -0.06420052 -0.0647347 -0.06477714
0.093 -0.065 -0.065 -0.065 -0.065 -0.065702856 -0.06419409 -0.064728126 -0.06477747
0.0935 -0.065 -0.065 -0.065 -0.065 -0.065692656 -0.06418776 -0.064721614 -0.0647778
0.094 -0.065 -0.065 -0.065 -0.065 -0.0656825 -0.06418153 -0.0647152 -0.064778134
0.0945 -0.065 -0.065 -0.065 -0.065 -0.06567239 -0.0641754 -0.06470883 -0.064778455
0.095 -0.065 -0.065 -0.065 -0.065 -0.065662324 -0.064169355 -0.06470254 -0.064778775
0.0955 -0.065 -0.065 -0.065 -0.065 -0.06565231 -0.064163424 -0.064696334 -0.064779095
0.096 -0.065 -0.065 -0.065 -0.065 -0.065642335 -0.064157575 -0.064690195 -0.06477941
0.0965 -0.065 -0.065 -0.065 -0.065 -0.06563242 -0.06415181 -0.06468413 -0.06477972
0.097 -0.065 -0.065 -0.065 -0.065 -0.065622546 -0.06414614 -0.06467814 -0.06478003
0.0975 -0.065 -0.065 -0.065 -0.065 -0.06561272 -0.064140566 -0.06467222 -0.064780325
0.098 -0.065 -0.065 -0.065 -0.065 -0.06560295 -0.06413508 -0.06466638 -0.06478063
0.0985 -0.065 -0.065 -0.065 -0.065 -0.06559323 -0.06412968 -0.06466062 -0.06478093
0.099 -0.065 -0.065 -0.065 -0.065 -0.06558356 -0.06412436 -0.064654924 -0.06478122
0.0995 -0.065 -0.065 -0.065 -0.065 -0.06557395 -0.064119115 -0.06464931 -0.0647815
0.1 -0.065 -0.065 -0.065 -0.065 -0.065557316 -0.064118706 -0.06464425 -0.06476998
0.1005 -0.06495845 -0.0649554 -0.06493943 -0.06493368 -0.065470085 -0.06415512 -0.06463857 -0.06464087
0.101 -0.06476983 -0.06476719 -0.06470129 -0.06468842 -0.06531375 -0.06415274 -0.06459949 -0.06440325
0.1015 -0.06445138 -0.06439593 -0.06429705 -0.06430224 -0.065090135 -0.06405519 -0.06450235 -0.0640636
0.102 -0.06404303 -0.06382072 -0.06375165 -0.06380187 -0.0648012 -0.06382061 -0.06432854 -0.063626654
0.1025 -0.06356985 -0.06302987 -0.06308012 -0.06319848 -0.06444897 -0.06341824 -0.06406383 -0.06309604
0.103 -0.06304464 -0.06201652 -0.06228941 -0.0624978 -0.064035356 -0.062825665 -0.06369734 -0.062474627
0.1035 -0.06247358 -0.0607766 -0.0613822 -0.06170385 -0.063562244 -0.06202675 -0.06322068 -0.061764847
0.104 -0.06185963 -0.05930789 -0.06035924 -0.06082002 -0.06303141 -0.061010174 -0.06262743 -0.060968794
0.1045 -0.06120427 -0.05760944 -0.05922055 -0.05984945 -0.062444523 -0.0597682 -0.061912514 -0.060088392
0.105 -0.06050831 -0.05568132 -0.05796589 -0.05879504 -0.061803132 -0.058295786 -0.06107215 -0.059125412
0.1055 -0.05977224 -0.0535244 -0.05659504 -0.05765957 -0.06110871 -0.056590017 -0.060103357 -0.05808154
0.106 -0.05899546 -0.0511396 -0.05510615 -0.0564449 -0.060362615 -0.054649502 -0.059003927 -0.05695843
0.1065 -0.0581744 -0.04852565 -0.05349352 -0.05515083 -0.059566133 -0.052474067 -0.057772256 -0.05575765
0.107 -0.05731369 -0.04568513 -0.05176502 -0.05378135 -0.058720473 -0.050064486 -0.05640719 -0.054480758
0.1075 -0.05641626 -0.04262386 -0.04992385 -0.05234126 -0.057826765 -0.047422186 -0.054907978 -0.053129293
0.108 -0.05548244 -0.03934503 -0.04796982 -0.05083363 -0.05688607 -0.044549156 -0.053274192 -0.051704735
0.1085 -0.05451179 -0.0358519 -0.04590214 -0.04926075 -0.055899397 -0.04144778 -0.0515057 -0.050208572
0.109 -0.0535038 -0.03214952 -0.04372035 -0.04762395 -0.054867722 -0.03812076 -0.049602553 -0.048642255
0.1095 -0.05245815 -0.02824209 -0.04142436 -0.04592458 -0.053791948 -0.034571074 -0.047565095 -0.047007203
0.11 -0.05137475 -0.02413329 -0.03901442 -0.04416415 -0.052672938 -0.03080181 -0.045393772 -0.04530482
0.1105 -0.05025371 -0.0198266 -0.03649102 -0.0423442 -0.051511526 -0.02681622 -0.04308916 -0.04353649
0.111 -0.04909524 -0.01532544 -0.0338548 -0.04046626 -0.050308503 -0.022617672 -0.040652037 -0.04170358
0.1115 -0.04789961 -0.01063323 -0.03110652 -0.03853187 -0.04906462 -0.018209536 -0.038083255 -0.039807413
0.112 -0.04666714 -0.005753425 -0.02824699 -0.03654249 -0.04778062 -0.013595298 -0.03538373 -0.037849307
0.1125 -0.04539811 -0.0006874495 -0.02523721 -0.03449942 -0.046457194 -0.008778401 -0.0325545 -0.035830535
0.113 -0.04409144 0.004558549 -0.02211091 -0.0324025 -0.04509501 -0.0037623271 -0.029596679 -0.03375238
0.1135 -0.04274659 0.009961022 -0.01890094 -0.0302532 -0.043694757 0.0014493987 -0.026511468 -0.031616095
0.114 -0.04136667 0.01551255 -0.01560706 -0.02805485 -0.04225702 0.006853327 -0.023300111 -0.029422887
0.1145 -0.03995285 0.02121738 -0.01222051 -0.02580894 -0.04078242 0.0124460235 -0.019963838 -0.027173985
0.115 -0.03850527 0.0270823 -0.008733866 -0.02351653 -0.039271545 0.018224046 -0.01650405 -0.024870567
0.1155 -0.0370238 0.03311265 -0.005142941 -0.02117857 -0.037724994 0.024183981 -0.012922116 -0.022513814
0.116 -0.0355084 0.03931106 -0.001446131 -0.01879603 -0.036143284 0.030322514 -0.009219423 -0.020104874
0.1165 -0.03395916 0.04567759 0.00235663 -0.01637007 -0.034526974 0.036636263 -0.0053974614 -0.017644875
0.117 -0.03237803 0.05221057 0.006264674 -0.01390471 -0.032876566 0.04312198 -0.0014576763 -0.015134953
0.1175 -0.03076609 0.05890653 0.01027501 -0.01139953 -0.031192582 0.049776383 0.002598457 -0.012576215
0.118 -0.02912147 0.065761 0.01438623 -0.008853271 -0.029475503 0.05659627 0.0067693666 -0.009969756
0.1185 -0.02744522 0.07276489 0.01844528 -0.006272898 -0.027725805 0.063578494 0.01105351 -0.007316634
0.119 -0.02574013 0.07990804 0.02257087 -0.003661601 -0.025943965 0.070719905 0.015449367 -0.0046179295
0.1195 -0.02400396 0.0871896 0.02685341 -0.001011554 -0.024130426 0.07801745 0.019955292 -0.0018746927
0.12 -0.02223533 0.09460874 0.03128353 0.001679152 -0.022285633 0.08546803 0.024569757 0.00091202557
0.1205 -0.02043413 0.1021634 0.0358424 0.004409896 -0.020410005 0.0930687 0.02929113 0.0037412047
0.121 -0.01859965 0.1098507 0.04051699 0.00717957 -0.018503979 0.10081645 0.034117825 0.006611839
0.1215 -0.01673173 0.1176676 0.04529819 0.009986889 -0.016567945 0.10870839 0.03904818 0.0095229
0.122 -0.01483104 0.1256109 0.05017913 0.0128306 -0.014602311 0.116741635 0.044080585 0.0124733895
0.1225 -0.01290142 0.1336759 0.05506136 0.01570369 -0.012607466 0.12491331 0.049213447 0.015462324
0.123 -0.01094856 0.1418567 0.06000754 0.01860173 -0.010583784 0.13322061 0.05444508 0.018488735
0.1235 -0.008971151 0.1501515 0.06507345 0.02151119 -0.008531645 0.14166081 0.059773907 0.021551654
0.124 -0.006974073 0.1585602 0.0702589 0.02443252 -0.006451413 0.15023118 0.065198265 0.024650112
0.1245 -0.004948785 0.1670804 0.07555846 0.0273902 -0.0043434314 0.15892896 0.07071648 0.027783148
0.125 -0.002889279 0.1757099 0.08096289 0.03038933 -0.002208043 0.16775149 0.076326974 0.030949831
0.1255 -0.00079745 0.1844475 0.08646268 0.0334308 -4.563853e-05 0.17669609 0.08202807 0.034149215
0.126 0.001314785 0.193292 0.09204385 0.03650119 0.0021435246 0.18576029 0.08781818 0.03738039
0.1265 0.003447698 0.2022399 0.09770142 0.03959594 0.0043590777 0.19494137 0.09369565 0.040642433
0.127 0.005613504 0.2112877 0.1034391 0.04272461 0.006600689 0.20423687 0.099658795 0.043934412
0.1275 0.007816249 0.2204329 0.1092564 0.0458894 0.0088680275 0.21364418 0.10570607 0.047255456
0.128 0.01005281 0.2293106 0.1151465 0.04908731 0.011160824 0.22316086 0.111835845 0.05060464
0.1285 0.01231323 0.2377492 0.1210887 0.0523127 0.01347876 0.23278448 0.11804647 0.053981096
0.129 0.01460086 0.246205 0.1270869 0.05556845 0.015821505 0.2425125 0.124336384 0.05738391
0.1295 0.01691904 0.2548774 0.1331515 0.05885467 0.018188778 0.25234258 0.13070399 0.060812265
0.13 0.0192676 0.2638413 0.1392897 0.06217027 0.020580303 0.26227227 0.1371476 0.06426525
0.1305 0.02164498 0.2731064 0.1455045 0.06551399 0.022995766 0.2722992 0.14366573 0.067742065
0.131 0.02404946 0.2826506 0.1517965 0.06888461 0.025434878 0.28242102 0.15025684 0.07124178
0.1315 0.02647966 0.2924393 0.1581645 0.07228106 0.027897347 0.29263535 0.15691921 0.07476358
0.132 0.02893456 0.3024354 0.1646066 0.07570238 0.03038292 0.3029399 0.16365138 0.07830666
0.1325 0.03141343 0.312604 0.1711206 0.07914774 0.032891277 0.31333235 0.17045176 0.08187015
0.133 0.03391592 0.3229148 0.1777043 0.08261646 0.035422165 0.32381043 0.17731884 0.08545326
0.1335 0.03644124 0.333343 0.1843554 0.08610676 0.037975278 0.33437192 0.18425101 0.08905518
0.134 0.03897782 0.3438689 0.1910699 0.08960028 0.040550355 0.34501445 0.19124681 0.092675105
0.1345 0.04152737 0.3544763 0.1978458 0.09310624 0.043147143 0.3557359 0.19830474 0.09631224
0.135 0.0441007 0.3651531 0.2046843 0.09663637 0.04576532 0.3665339 0.2054232 0.09996575
0.1355 0.04670221 0.3758904 0.2115854 0.1001931 0.048404638 0.3774064 0.21260074 0.10363492
0.136 0.04933174 0.3866821 0.2185479 0.1037756 0.051064793 0.38835102 0.21983588 0.10731892
0.1365 0.05198753 0.3975238 0.2255703 0.1073824 0.053745534 0.39936575 0.2271271 0.11101703
0.137 0.05466772 0.4084127 0.2326512 0.1110123 0.0564466 0.41044834 0.23447299 0.11472851
0.1375 0.05737077 0.4193469 0.2397892 0.114664 0.059167687 0.42159653 0.24187195 0.11845255
0.138 0.06009557 0.4303252 0.2469833 0.1183366 0.061908532 0.4328083 0.24932268 0.122188464
0.1385 0.06284133 0.4413473 0.2542324 0.1220251 0.064668834 0.44408152 0.2568237 0.1259355
0.139 0.06560735 0.4524128 0.2615355 0.1257256 0.06744836 0.45541397 0.26437348 0.12969293
0.1395 0.06839318 0.4635217 0.2688918 0.1294463 0.070246756 0.46680358 0.27197063 0.13346003
0.14 0.07119642 0.4746735 0.2763002 0.1331852 0.073063806 0.4782482 0.27961382 0.13723615
0.1405 0.07400354 0.4858659 0.2837572 0.1369328 0.075899184 0.48974577 0.28730154 0.14102052
0.141 0.07682344 0.4970983 0.2912629 0.1406975 0.07875262 0.50129426 0.29503244 0.14481248
0.1415 0.07966686 0.5083713 0.2988191 0.1444829 0.08162387 0.5128914 0.30280513 0.14861137
0.142 0.08253488 0.5196856 0.3064254 0.1482845 0.08451256 0.52453524 0.31061813 0.15241648
0.1425 0.08540815 0.5310405 0.3140747 0.1520577 0.08741842 0.53622377 0.3184702 0.15622719
0.143 0.08828691 0.5424355 0.3217639 0.15582 0.09034121 0.5479548 0.32636 0.16004281
0.1435 0.09118723 0.5538722 0.3295002 0.159608 0.09328063 0.5597265 0.334286 0.1638627
0.144 0.09411681 0.5653522 0.337287 0.1634299 0.09623632 0.5715366 0.34224698 0.16768625
0.1445 0.09707571 0.5768765 0.3451238 0.1672841 0.09920801 0.58338314 0.35024154 0.17151281
0.145 0.100061 0.5884455 0.3530088 0.1711672 0.10219537 0.59526426 0.3582685 0.17534173
0.1455 0.1030693 0.6000594 0.3609403 0.1750755 0.10519816 0.6071778 0.3663263 0.17917243
0.146 0.1060977 0.6117176 0.3689166 0.1790059 0.10821603 0.61912173 0.3744138 0.18300432
0.1465 0.1091441 0.6234197 0.3769362 0.182956 0.11124869 0.63109416 0.38252965 0.18683675
0.147 0.1122075 0.6351654 0.3849983 0.1869243 0.11429578 0.64309317 0.39067253 0.19066921
0.1475 0.1152718 0.6469524 0.3930982 0.1908776 0.11735703 0.65511656 0.3988412 0.19450101
0.148 0.1183318 0.6587793 0.4012321 0.1948248 0.12043208 0.6671626 0.40703428 0.19833168
0.1485 0.1214073 0.6706467 0.4094056 0.1987922 0.12352066 0.6792293 0.41525063 0.20216063
0.149 0.1245082 0.6825549 0.4176213 0.2027855 0.12662238 0.6913145 0.42348894 0.20598727
0.1495 0.1276336 0.6945038 0.425879 0.2067109 0.129737 0.7034167 0.43174785 0.20981103
0.15 0.1307637 0.706493 0.4341757 0.2104817 0.13285218 0.7155038 0.4400075 0.21361181
0.1505 0.1338213 0.7184325 0.4423887 0.2141939 0.13586088 0.72730345 0.44809753 0.21721369
0.151 0.1366079 0.7301236 0.4502846 0.2175385 0.13877365 0.73880255 0.45602036 0.2206378
0.1515 0.1391597 0.7414852 0.4578835 0.2204906 0.14158829 0.7499652 0.46376103 0.22388312
0.152 0.1415541 0.7524748 0.4652355 0.2233212 0.14430791 0.760773 0.47131371 0.22695783
0.1525 0.1438379 0.7630689 0.4723718 0.226056 0.14693518 0.771212 0.4786737 0.22986886
0.153 0.146034 0.7732535 0.4793058 0.228691 0.14947222 0.78127116 0.48583663 0.2326223
0.1535 0.1481535 0.7830203 0.4860419 0.2312133 0.15192081 0.79094213 0.4927987 0.23522341
0.154 0.1502018 0.7923642 0.492581 0.2336121 0.15428253 0.8002191 0.4995569 0.23767698
0.1545 0.1521812 0.8012824 0.498922 0.2357467 0.15655865 0.8090978 0.50610816 0.2399872
0.155 0.1540925 0.8097729 0.5050638 0.2375807 0.1587503 0.8175759 0.51245046 0.24215794
0.1555 0.1559345 0.8178377 0.5110049 0.2393397 0.16085847 0.8256523 0.5185817 0.24419272
0.156 0.1577054 0.8254772 0.5164895 0.241033 0.16288412 0.8333269 0.5245005 0.24609467
0.1565 0.1593881 0.8326574 0.5209303 0.2426333 0.16482814 0.8406008 0.5302054 0.24786687
0.157 0.160995 0.8393812 0.5253879 0.2441391 0.16669132 0.84747577 0.53569597 0.24951208
0.1575 0.1625266 0.8456778 0.5300765 0.2455155 0.16847453 0.8539543 0.5409714 0.25103307
0.158 0.1639807 0.8515681 0.5345262 0.246764 0.17017846 0.8600395 0.54603153 0.25243235
0.1585 0.1653506 0.8570269 0.5381567 0.2478918 0.17180403 0.865735 0.5508762 0.25371233
0.159 0.1666598 0.8620688 0.541971 0.2489028 0.17335191 0.8710447 0.55550605 0.25487536
0.1595 0.1679241 0.8667297 0.5460873 0.2498156 0.17482306 0.87597317 0.55992115 0.25592375
0.16 0.1691474 0.8710358 0.5503545 0.2506319 0.1762182 0.8805251 0.5641224 0.25685972
0.1605 0.1703037 0.8750002 0.5546095 0.2513209 0.17753817 0.8847055 0.56811064 0.25768536
0.161 0.1713905 0.878631 0.5587393 0.2518979 0.17878385 0.8885194 0.57188696 0.2584029
0.1615 0.1724263 0.8819329 0.5626813 0.2523825 0.1799561 0.8919725 0.5754524 0.25901434
0.162 0.1734165 0.8849081 0.5664029 0.2527792 0.18105572 0.89507014 0.57880855 0.25952172
0.1625 0.174359 0.8875584 0.5698894 0.2530874 0.1820837 0.89781815 0.58195674 0.25992703
0.163 0.1752494 0.8898858 0.5731371 0.2533063 0.18304084 0.9002223 0.5848987 0.2602323
0.1635 0.1760842 0.8918926 0.5761482 0.2534354 0.18392803 0.9022884 0.5876361 0.26043934
0.164 0.176861 0.893582 0.5789284 0.2534749 0.18474622 0.90402263 0.5901708 0.26055017
0.1645 0.1775783 0.894956 0.5814843 0.2534257 0.18549637 0.9054306 0.5925048 0.26056662
0.165 0.1782357 0.896019 0.5838228 0.2532888 0.18617927 0.9065188 0.59464014 0.26049057
0.1655 0.1788332 0.8967777 0.5859506 0.2530658 0.18679594 0.9072929 0.59657896 0.26032376
0.166 0.179371 0.8972379 0.5878738 0.2527582 0.18734719 0.90775913 0.5983234 0.2600681
0.1665 0.1798497 0.8974056 0.589598 0.2523678 0.18783401 0.9079233 0.5998757 0.2597252
0.167 0.1802698 0.8972865 0.5911281 0.2518963 0.18825722 0.90779155 0.6012382 0.25929692
0.1675 0.1806319 0.8968863 0.5924684 0.2513454 0.18861778 0.9073699 0.6024131 0.25878483
0.168 0.1809366 0.8962106 0.5936229 0.250717 0.18891656 0.90666395 0.6034032 0.25819078
0.1685 0.1811762 0.8952649 0.5945808 0.2500066 0.18915443 0.9056799 0.60421056 0.2575162
0.169 0.1813295 0.8940529 0.5953174 0.2491986 0.18933223 0.9044232 0.60483783 0.25676286
0.1695 0.1814252 0.8925797 0.5958832 0.248314 0.18945087 0.90289986 0.6052876 0.25593227
0.17 0.1814785 0.8908522 0.5962967 0.2473655 0.1895112 0.9011155 0.6055623 0.25502607
0.1705 0.1814911 0.8888769 0.5965577 0.2463561 0.189514 0.8990755 0.60566443 0.25404575
0.171 0.18146 0.88666 0.5966622 0.245286 0.18946011 0.89678556 0.6055966 0.25299272
0.1715 0.181382 0.884207 0.5966073 0.2441554 0.18935037 0.8942512 0.6053614 0.2518686
0.172 0.1812548 0.881523 0.5963917 0.2429645 0.18918557 0.8914776 0.6049616 0.2506748
0.1725 0.1810702 0.8786115 0.5960154 0.241707 0.18896641 0.8884701 0.6043995 0.24941272
0.173 0.180631 0.8754732 0.5954765 0.2403652 0.18869373 0.88523394 0.6036778 0.24808374
0.1735 0.1801194 0.8721163 0.5947771 0.2389598 0.18836825 0.8817742 0.60279906 0.24668929
0.174 0.1796489 0.8685477 0.593922 0.2375027 0.18799065 0.8780959 0.6017658 0.24523076
0.1745 0.1792165 0.8647729 0.5929149 0.2359969 0.18756172 0.874204 0.6005806 0.24370942
0.175 0.1787936 0.8607966 0.591758 0.2344423 0.1870821 0.8701035 0.5992461 0.24212661
0.1755 0.1783541 0.8566231 0.5904531 0.2328385 0.18655251 0.8657989 0.5977647 0.24048364
0.176 0.1778797 0.8522564 0.5890018 0.2311852 0.18597358 0.86129516 0.59613895 0.23878181
0.1765 0.1773598 0.8477002 0.587406 0.2294825 0.18534598 0.85659677 0.5943713 0.23702231
0.177 0.1767888 0.8429584 0.5856675 0.2277304 0.18467028 0.85170835 0.59246415 0.23520645
0.1775 0.1761646 0.8380346 0.5837882 0.2259294 0.18394716 0.84663415 0.59042007 0.23333535
0.178 0.1754864 0.8329325 0.58177 0.2240799 0.18317716 0.84137875 0.58824116 0.23141035
0.1785 0.1747542 0.8276556 0.5796149 0.2221828 0.18236092 0.8359463 0.5859301 0.22943255
0.179 0.1739697 0.8222075 0.5773248 0.2202385 0.18149893 0.8303411 0.58348894 0.2274031
0.1795 0.173135 0.8165917 0.5749017 0.2182479 0.1805918 0.8245674 0.58092004 0.2253232
0.18 0.1722518 0.8108116 0.5723476 0.2162117 0.17964005 0.81862897 0.57822573 0.223194
0.1805 0.1713216 0.8048705 0.5696643 0.2141306 0.17864423 0.8125299 0.57540804 0.22101662
0.181 0.1703455 0.7987719 0.5668538 0.2120054 0.1776048 0.80627424 0.5724693 0.21879211
0.1815 0.1693246 0.792519 0.5639179 0.2098368 0.17652224 0.7998654 0.5694115 0.21652165
0.182 0.1682596 0.7861149 0.5608584 0.2076257 0.17539707 0.79330754 0.5662368 0.21420622
0.1825 0.1671514 0.7795628 0.5576773 0.2053728 0.17422977 0.7866041 0.5629471 0.21184695
0.183 0.1660006 0.7728658 0.5543763 0.2030789 0.17302075 0.7797586 0.55954444 0.20944485
0.1835 0.164808 0.7660268 0.5509572 0.2007446 0.17177047 0.77277464 0.5560308 0.20700094
0.184 0.1635742 0.7590488 0.5474218 0.1983708 0.17047934 0.7656556 0.5524081 0.20451629
0.1845 0.1622997 0.7519346 0.5437718 0.1959581 0.16914786 0.7584047 0.5486779 0.20199186
0.185 0.1609853 0.744687 0.540009 0.1935072 0.16777639 0.7510255 0.5448424 0.19942859
0.1855 0.1596313 0.7373088 0.5361351 0.1910188 0.16636536 0.74352103 0.54090315 0.19682753
0.186 0.1582385 0.7298026 0.5321517 0.1884935 0.16491516 0.73589426 0.53686196 0.19418961
0.1865 0.1568072 0.722171 0.5280606 0.185932 0.16342616 0.72814846 0.5327203 0.19151571
0.187 0.155338 0.7144167 0.5238634 0.1833349 0.16189875 0.7202864 0.5284801 0.1888068
0.1875 0.1538315 0.7065421 0.5195617 0.1807029 0.16033338 0.7123112 0.52414274 0.18606383
0.188 0.152288 0.6985497 0.5151572 0.1780365 0.15873031 0.7042255 0.51970994 0.18328759
0.1885 0.150708 0.6904418 0.5106515 0.1753363 0.15709 0.6960322 0.5151829 0.18047902
0.189 0.1490921 0.6822208 0.506046 0.1726029 0.15541272 0.6877337 0.5105635 0.17763895
0.1895 0.1474407 0.673889 0.5013425 0.1698369 0.15369895 0.679333 0.50585294 0.17476824
0.19 0.1457542 0.6654486 0.4965424 0.1670388 0.15194891 0.67083246 0.5010527 0.1718677
0.1905 0.144033 0.6569017 0.4916472 0.1642092 0.15016307 0.66223454 0.49616414 0.16893817
0.191 0.1422777 0.6482507 0.4866585 0.1613485 0.1483417 0.65354174 0.49118882 0.16598043
0.1915 0.1404886 0.6394974 0.4815777 0.1584574 0.14648515 0.64475644 0.4861279 0.1629953
0.192 0.1386661 0.6306441 0.4764063 0.1555362 0.14459379 0.6358809 0.48098272 0.15998352
0.1925 0.1368108 0.6216926 0.4711457 0.1525855 0.14266795 0.6269174 0.47575456 0.15694582
0.193 0.1349229 0.612645 0.4657973 0.1496058 0.14070795 0.61786824 0.47044492 0.15388303
0.1935 0.133003 0.6035032 0.4603626 0.1465975 0.13871415 0.6087355 0.46505493 0.1507958
0.194 0.1310514 0.594269 0.4548429 0.1435611 0.13668685 0.59952134 0.45958573 0.14768489
0.1945 0.1290685 0.5849443 0.4492396 0.1404971 0.13462643 0.59022784 0.45403886 0.14455098
0.195 0.1270547 0.5755309 0.4435541 0.1374059 0.1325332 0.5808571 0.44841534 0.1413948
0.1955 0.1250105 0.5660305 0.4377876 0.1342879 0.13040745 0.571411 0.44271654 0.13821706
0.196 0.1229361 0.5564448 0.4319415 0.1311436 0.12824957 0.5618917 0.4369436 0.13501841
0.1965 0.1208321 0.5467756 0.426017 0.1279733 0.12605987 0.55230105 0.431098 0.1317995
0.197 0.1186987 0.5370245 0.4200155 0.1247775 0.12383862 0.542641 0.4251808 0.128561
0.1975 0.1165364 0.5271931 0.4139381 0.1215566 0.1215862 0.5329134 0.41919345 0.12530363
0.198 0.1143455 0.517283 0.4077862 0.118311 0.119302884 0.5231203 0.41313696 0.12202795
0.1985 0.1121263 0.5072957 0.4015609 0.115041 0.11698903 0.51326334 0.40701288 0.11873463
0.199 0.1098794 0.4972328 0.3952635 0.1117471 0.1146449 0.5033447 0.40082237 0.115424305
0.1995 0.107605 0.4870957 0.388895 0.1084296 0.11227085 0.49336603 0.39456683 0.11209762
0.2 0.1053034 0.4768858 0.3824568 0.1050889 0.109867126 0.4833292 0.38824755 0.1087552
0.2005 0.1030582 0.4666939 0.376071 0.1018579 0.10756445 0.47327563 0.38192946 0.10561313
0.201 0.1010807 0.4567192 0.3699728 0.09896231 0.105364054 0.46330336 0.3756586 0.10266033
0.2015 0.09933681 0.4470421 0.3641403 0.09632638 0.103265464 0.4534928 0.36947015 0.099888474
0.202 0.09774697 0.4377056 0.3585249 0.09389698 0.10126701 0.4439079 0.3633915 0.09729096
0.2025 0.0962614 0.4287345 0.3530974 0.09165211 0.09936644 0.4345993 0.357444 0.09486233
0.203 0.09485482 0.4201438 0.3478451 0.08958064 0.09756112 0.42560574 0.35164434 0.09259747
0.2035 0.09351522 0.4119428 0.3427636 0.08767485 0.09584825 0.41695645 0.34600604 0.09049177
0.204 0.09223699 0.4041372 0.3378525 0.08592826 0.09422518 0.40867302 0.34053957 0.08854084
0.2045 0.0910175 0.3967301 0.3331127 0.08433493 0.09268919 0.40077093 0.33525354 0.086740434
0.205 0.08985545 0.3897225 0.3285458 0.08288932 0.09123774 0.3932607 0.3301547 0.08508657
0.2055 0.08875017 0.3831139 0.3241531 0.0815862 0.08986847 0.3861488 0.32524845 0.08357528
0.206 0.08770127 0.3769024 0.3199359 0.08042061 0.08857913 0.37943903 0.320539 0.08220276
0.2065 0.08670849 0.3710851 0.3158953 0.07938783 0.087367594 0.37313244 0.31602967 0.080965385
0.207 0.08577162 0.3656581 0.3120321 0.07848339 0.08623201 0.36722845 0.311723 0.0798596
0.2075 0.08489047 0.3606171 0.3083468 0.07770303 0.08517052 0.36172503 0.30762085 0.078881994
0.208 0.08406485 0.355957 0.3048399 0.07704269 0.08418146 0.35661903 0.30372453 0.078029275
0.2085 0.08329456 0.3516722 0.3015115 0.07649852 0.08326326 0.35190633 0.30003476 0.07729828
0.209 0.0825794 0.3477571 0.2983616 0.07606685 0.08241449 0.34758243 0.296552 0.076685965
0.2095 0.08191915 0.3442055 0.29539 0.07574416 0.08163376 0.34364215 0.29327628 0.07618934
0.21 0.08131357 0.3410111 0.2925965 0.07552711 0.0809198 0.34007984 0.29020733 0.07580556
0.2105 0.08076241 0.3381675 0.2899805 0.07541252 0.08027139 0.33688986 0.28734443 0.07553184
0.211 0.08026542 0.3356683 0.2875414 0.07539735 0.07968739 0.33406618 0.28468695 0.07536559
0.2115 0.07982232 0.3335068 0.2852786 0.07547867 0.079166725 0.3316026 0.28223374 0.075304136
0.212 0.07943282 0.3316765 0.2831913 0.07565372 0.078708366 0.32949308 0.2799836 0.07534504
0.2125 0.07909663 0.3301708 0.2812785 0.07591983 0.078311265 0.3277311 0.2779351 0.075485855
0.213 0.07881343 0.3289831 0.2795392 0.07627446 0.0779746 0.3263106 0.27608675 0.0757242
0.2135 0.0785829 0.3281071 0.2779724 0.07671516 0.07769737 0.32522509 0.2744367 0.07605782
0.214 0.0784047 0.3275362 0.2765768 0.0772396 0.07747875 0.32446828 0.27298334 0.07648446
0.2145 0.07827851 0.3272641 0.2753514 0.07784555 0.07731785 0.3240341 0.27172476 0.07700193
0.215 0.07820396 0.3272846 0.2742947 0.07853085 0.0772139 0.32391608 0.27065882 0.07760817
0.2155 0.0781807 0.3275915 0.2734055 0.07929344 0.07716608 0.3241081 0.26978344 0.07830104
0.216 0.07820835 0.3281788 0.2726824 0.08013134 0.077173665 0.32460403 0.26909652 0.07907857
0.2165 0.07828656 0.3290404 0.2721238 0.08104265 0.07723583 0.32539782 0.2685958 0.07993877
0.217 0.07841492 0.3301706 0.2717284 0.08202553 0.07735194 0.3264834 0.26827902 0.0808797
0.2175 0.07859306 0.3315636 0.2714946 0.08307823 0.07752119 0.32785496 0.26814374 0.08189948
0.218 0.07882058 0.3332138 0.2714208 0.08419904 0.077742904 0.32950655 0.26818773 0.08299625
0.2185 0.07909709 0.3351156 0.2715055 0.08538634 0.07801643 0.33143228 0.2684085 0.08416821
0.219 0.07942217 0.3372637 0.2717471 0.08663856 0.0783411 0.3336265 0.26880366 0.085413545
0.2195 0.07979542 0.3396528 0.2721438 0.08795416 0.07871622 0.33608365 0.26937062 0.08673054
0.22 0.08021643 0.3422778 0.2726941 0.08933169 0.07914111 0.33879808 0.270107 0.088117436
0.2205 0.08068478 0.3451334 0.2733963 0.09076974 0.079615206 0.34176436 0.27101028 0.08957262
0.221 0.08120005 0.3482149 0.2742487 0.09226694 0.08013785 0.34497693 0.2720779 0.09109436
0.2215 0.08176182 0.3515173 0.2752495 0.09382197 0.080708414 0.34843072 0.27330738 0.09268105
0.222 0.08236966 0.3550359 0.2763971 0.09543355 0.081326306 0.35212028 0.27469614 0.094331115
0.2225 0.08302315 0.3587662 0.2776897 0.09710046 0.08199097 0.35604057 0.2762417 0.09604296
0.223 0.08372185 0.3627035 0.2791255 0.09882149 0.08270173 0.3601864 0.2779415 0.09781502
0.2235 0.08446523 0.3668432 0.2807029 0.1005953 0.083458036 0.3645529 0.2797929 0.09964581
0.224 0.08525266 0.3711808 0.2824201 0.1024206 0.08425932 0.369135 0.2817936 0.101533815
0.2245 0.08608372 0.3757121 0.2842752 0.1042963 0.08510505 0.37392792 0.28394097 0.10347754
0.225 0.08695812 0.3804331 0.2862665 0.1062216 0.08599459 0.3789269 0.28623244 0.105475605
0.2255 0.08787557 0.3853398 0.2883924 0.1081956 0.08692743 0.38412723 0.2886655 0.10752648
0.226 0.08883574 0.3904284 0.2906511 0.1102174 0.08790302 0.38952425 0.29123774 0.1096288
0.2265 0.08983821 0.3956952 0.2930409 0.1122861 0.08892085 0.39511344 0.29394662 0.11178121
0.227 0.09088255 0.4011364 0.2955601 0.1144007 0.089980334 0.4008904 0.29678977 0.113982335
0.2275 0.09196831 0.4067484 0.2982069 0.1165603 0.09108095 0.4068506 0.29976466 0.116230786
0.228 0.09309502 0.4125275 0.3009796 0.1187641 0.09222224 0.41298977 0.30286887 0.118525326
0.2285 0.09426224 0.4184704 0.3038765 0.1210111 0.09340365 0.4193037 0.30609998 0.12086457
0.229 0.09546952 0.4245734 0.306896 0.1233005 0.09462467 0.42578813 0.30945557 0.123247296
0.2295 0.0967164 0.4308333 0.3100361 0.1256315 0.09588474 0.43243888 0.31293333 0.1256722
0.23 0.09800246 0.4372468 0.3132954 0.1280033 0.09718345 0.43925205 0.31653088 0.1281381
0.2305 0.09932724 0.4438106 0.3166722 0.1304152 0.09852025 0.44622347 0.32024583 0.1306437
0.231 0.1006903 0.4505216 0.3201646 0.1328663 0.0998947 0.45334926 0.32407588 0.13318785
0.2315 0.1020913 0.4573766 0.3237712 0.1353559 0.101306245 0.46062556 0.32801878 0.13576932
0.232 0.1035295 0.4643727 0.3274902 0.1378831 0.102754444 0.4680486 0.3320722 0.13838701
0.2325 0.1050043 0.4715069 0.3313199 0.140447 0.10423885 0.47561452 0.3362338 0.1410397
0.233 0.1065154 0.4787763 0.3352588 0.1430471 0.105758905 0.48331967 0.34050158 0.14372627
0.2335 0.1080623 0.486178 0.3393053 0.1456776 0.10731423 0.49116042 0.3448731 0.14644563
0.234 0.1096441 0.4937092 0.3434576 0.1483335 0.10890435 0.49913314 0.3493462 0.14919667
0.2345 0.1112559 0.5013667 0.3477137 0.1510138 0.11052875 0.50723433 0.35391885 0.1519783
0.235 0.1128851 0.5091466 0.352069 0.1537067 0.11218698 0.5154605 0.3585887 0.15478948
0.2355 0.1145435 0.5170473 0.3565239 0.1564319 0.11387865 0.5238082 0.36335373 0.15762916
0.236 0.1162416 0.525065 0.3609613 0.1591979 0.11560324 0.532274 0.36821187 0.1604963
0.2365 0.1179811 0.5331731 0.3648664 0.1620052 0.11736037 0.5408546 0.3731609 0.16338988
0.237 0.1197594 0.5413651 0.368976 0.164852 0.119149506 0.5495468 0.3781988 0.16630888
0.2375 0.1215755 0.5496571 0.3734854 0.1677364 0.120970264 0.55834705 0.3833236 0.16925237
0.238 0.123428 0.558062 0.3783333 0.1706569 0.12282215 0.56725246 0.3885333 0.17221934
0.2385 0.1253154 0.5665858 0.3834243 0.1736101 0.12470476 0.5762598 0.39382565 0.17520884
0.239 0.1272362 0.5752295 0.3886839 0.1765918 0.12661767 0.58536583 0.39919886 0.17821994
0.2395 0.1291892 0.5839908 0.3940637 0.1796054 0.12856041 0.5945675 0.404651 0.1812517
0.24 0.1311605 0.5928633 0.3995325 0.1826145 0.13053258 0.603862 0.41018003 0.18430325
0.2405 0.1331261 0.6018423 0.4050697 0.1856078 0.13253371 0.613246 0.41578403 0.1873737
0.241 0.1351066 0.6109253 0.410673 0.1886284 0.1345634 0.6227168 0.42146116 0.19046211
0.2415 0.1371279 0.6201094 0.4163447 0.1916943 0.13662119 0.6322713 0.42720947 0.19356766
0.242 0.1391975 0.6293916 0.4220856 0.1948061 0.13870667 0.6419067 0.4330271 0.19668949
0.2425 0.1413128 0.6387689 0.4278956 0.1979603 0.14081942 0.65162015 0.43891227 0.19982672
0.243 0.1434686 0.6482383 0.4337743 0.2011529 0.14295892 0.6614088 0.44486296 0.20297861
0.2435 0.14566 0.6577972 0.4397219 0.2043807 0.14512485 0.67126983 0.4508776 0.20614424
0.244 0.1478833 0.667443 0.4457382 0.2076407 0.14731675 0.6812005 0.4569543 0.2093229
0.2445 0.150136 0.6771734 0.4518233 0.2109307 0.14953421 0.69119817 0.4630913 0.21251372
0.245 0.1524164 0.6869863 0.4579772 0.214249 0.15177675 0.7012602 0.4692868 0.21571603
0.2455 0.1547234 0.6968797 0.4641997 0.2175938 0.15404396 0.71138376 0.4755391 0.218929
0.246 0.1570564 0.7068518 0.4704907 0.2209641 0.15633546 0.72156644 0.48184657 0.22215188
0.2465 0.1594148 0.7169008 0.4768496 0.2243589 0.15865079 0.73180544 0.48820728 0.22538397
0.247 0.1617985 0.7270251 0.4832761 0.2277771 0.16098951 0.74209833 0.4946196 0.22862452
0.2475 0.164207 0.7372232 0.4897695 0.2312182 0.16335124 0.7524426 0.501082 0.23187274
0.248 0.1666402 0.7474935 0.4963292 0.2346814 0.16573544 0.76283556 0.5075928 0.23512802
0.2485 0.1690975 0.7578347 0.5029537 0.2381659 0.16814184 0.7732749 0.5141503 0.2383897
0.249 0.1715549 0.7682444 0.5096049 0.2416496 0.17056991 0.7837581 0.5207529 0.24165702
0.2495 0.1738387 0.7787183 0.5163009 0.2451296 0.1730193 0.79428285 0.5273989 0.24492931
0.25 0.1761019 0.7892516 0.5230709 0.2485998 0.17548949 0.8048467 0.534087 0.24820593
0.2505 0.1783937 0.799758 0.5297982 0.2519553 0.17786247 0.8151382 0.5406246 0.251298
0.251 0.1805105 0.8100417 0.5362468 0.2549873 0.18014231 0.8251321 0.5470051 0.25421545
0.2515 0.1824612 0.8200241 0.5424348 0.2577738 0.18233256 0.8348078 0.55322236 0.2569666
0.252 0.1842976 0.829663 0.5484068 0.2603653 0.18443604 0.84414905 0.55927104 0.2595587
0.2525 0.1860485 0.8389338 0.5541885 0.2627808 0.18645518 0.8531428 0.56514615 0.26199812
0.253 0.1877253 0.8478216 0.5597907 0.2650287 0.18839198 0.8617788 0.57084376 0.26429015
0.2535 0.1893319 0.8563166 0.5652166 0.2671144 0.19024824 0.8700495 0.57636 0.2664396
0.254 0.1908698 0.8644129 0.5704661 0.2690429 0.19202541 0.8779492 0.5816918 0.2684507
0.2545 0.1923397 0.8721071 0.5755379 0.2708185 0.19372483 0.8854741 0.5868365 0.27032742
0.255 0.1937256 0.879398 0.5804273 0.2724172 0.19534768 0.8926219 0.59179187 0.27207312
0.2555 0.1950234 0.8862854 0.5851302 0.2738496 0.19689499 0.89939123 0.5965559 0.27369094
0.256 0.1962557 0.892771 0.5896509 0.2751468 0.19836773 0.90578246 0.60112715 0.27518386
0.2565 0.1974349 0.8988577 0.5939918 0.2763206 0.19976689 0.9117959 0.6055047 0.27655455
0.257 0.1985636 0.9045496 0.5981526 0.277375 0.20109321 0.91743356 0.60968727 0.27780563
0.2575 0.1996399 0.9098514 0.6021324 0.2783111 0.20234762 0.9226973 0.61367464 0.27893943
0.258 0.2006613 0.9147682 0.6059302 0.2791305 0.2035309 0.9275901 0.61746657 0.2799583
0.2585 0.201626 0.9193056 0.6095454 0.2798361 0.20464389 0.93211514 0.62106264 0.28086436
0.259 0.2025333 0.9234696 0.6129778 0.2804305 0.20568739 0.936276 0.62446326 0.28165975
0.2595 0.2033828 0.9272662 0.6162275 0.2809163 0.20666213 0.9400769 0.6276689 0.28234655
0.26 0.2041745 0.9307019 0.6192948 0.2812963 0.20756905 0.9435219 0.63068 0.28292668
0.2605 0.2049084 0.9337827 0.62218 0.281573 0.20840882 0.94661576 0.63349736 0.28340214
0.261 0.2055848 0.9365123 0.6248827 0.2817489 0.20918234 0.9493633 0.6361222 0.28377485
0.2615 0.2062009 0.9388979 0.6274035 0.2818202 0.20989044 0.9517692 0.6385551 0.2840466
0.262 0.2067366 0.9409442 0.6297385 0.2817609 0.21053378 0.95383877 0.64079744 0.2842193
0.2625 0.2072045 0.9426607 0.6318907 0.2816001 0.21111335 0.9555772 0.64285064 0.28429466
0.263 0.2076229 0.9440563 0.6338665 0.2813571 0.21162988 0.95698994 0.64471614 0.2842746
0.2635 0.2079976 0.9451386 0.635669 0.2810368 0.21208431 0.95808214 0.64639544 0.28416076
0.264 0.2083278 0.9459143 0.6372995 0.2806397 0.21247731 0.9588595 0.6478901 0.2839549
0.2645 0.2085985 0.946389 0.6387367 0.2801592 0.21280976 0.9593279 0.64920187 0.28365874
0.265 0.20879 0.9465645 0.639958 0.2795906 0.2130825 0.9594924 0.65033275 0.28327408
0.2655 0.2089339 0.9464476 0.641019 0.2789487 0.21329631 0.95935863 0.6512844 0.2828025
0.266 0.2090404 0.946047 0.6419348 0.2782367 0.21345206 0.9589327 0.65205884 0.28224567
0.2665 0.2091075 0.9453701 0.6427023 0.2774545 0.21355046 0.9582198 0.65265805 0.2816052
0.267 0.2091304 0.9444237 0.6433155 0.2766021 0.2135924 0.9572256 0.6530841 0.2808828
0.2675 0.2091056 0.9432137 0.6437702 0.2756805 0.21357857 0.9559557 0.6533392 0.28007996
0.268 0.2090311 0.9417457 0.6440645 0.2746911 0.21350978 0.95441574 0.6534252 0.27919835
0.2685 0.208906 0.940025 0.6441977 0.2736351 0.21338679 0.952611 0.6533446 0.2782394
0.269 0.20873 0.9380567 0.6441705 0.2725138 0.21321042 0.95054704 0.6530995 0.27720478
0.2695 0.2085031 0.935846 0.6439841 0.2713281 0.2129813 0.9482296 0.65269184 0.2760959
0.27 0.2082256 0.9333976 0.6436399 0.2700794 0.2127002 0.9456635 0.65212435 0.27491423
0.2705 0.207898 0.9307166 0.6431398 0.2687689 0.21236785 0.9428542 0.651399 0.27366138
0.271 0.2075209 0.9278077 0.6424855 0.2673976 0.21198492 0.93980724 0.65051824 0.27233863
0.2715 0.2070945 0.9246756 0.641679 0.2659666 0.21155207 0.93652755 0.64948434 0.27094755
0.272 0.2066195 0.9213251 0.6407221 0.264477 0.21106999 0.9330202 0.6482997 0.2694894
0.2725 0.2060817 0.9177601 0.6395915 0.2629297 0.21053939 0.92929024 0.64696646 0.26796567
0.273 0.2054725 0.9139832 0.6382799 0.2613241 0.20996083 0.92534274 0.6454872 0.26637763
0.2735 0.2048228 0.909999 0.6368371 0.2596633 0.20933498 0.9211825 0.6438639 0.26472673
0.274 0.2041409 0.9058132 0.6352735 0.2579493 0.20866247 0.9168144 0.6420991 0.26301426
0.2745 0.203425 0.9014308 0.6335856 0.2561834 0.20794375 0.9122432 0.64019513 0.26124144
0.275 0.2026714 0.8968567 0.6317686 0.2543666 0.20717956 0.9074735 0.63815415 0.25940964
0.2755 0.2018771 0.8920953 0.6298193 0.2524998 0.2063704 0.90250987 0.6359786 0.25752014
0.276 0.2010405 0.8871507 0.6277365 0.2505841 0.2055168 0.8973568 0.63367057 0.2555742
0.2765 0.2001605 0.8820266 0.6255202 0.2486202 0.2046193 0.892019 0.6312324 0.25357297
0.277 0.199237 0.8767269 0.6231715 0.2466092 0.20367841 0.88650066 0.6286664 0.25151774
0.2775 0.19827 0.871255 0.6206916 0.2445519 0.20269461 0.88080597 0.6259747 0.24940968
0.278 0.1972598 0.8656145 0.6180824 0.2424492 0.20166846 0.8749394 0.6231594 0.24725002
0.2785 0.196207 0.8598089 0.6153455 0.2403019 0.20060031 0.8689049 0.62022275 0.24503991
0.279 0.1951121 0.8538415 0.612483 0.2381109 0.19949071 0.86270666 0.617167 0.24278048
0.2795 0.1939755 0.8477156 0.6094966 0.235877 0.1983401 0.8563485 0.61399394 0.24047294
0.28 0.1927979 0.8414346 0.6063883 0.233601 0.19714887 0.84983474 0.6107058 0.23811832
0.2805 0.1915798 0.8350015 0.6031598 0.2312837 0.19591747 0.8431688 0.6073045 0.23571783
0.281 0.1903218 0.8284196 0.599813 0.2289259 0.19464631 0.8363547 0.6037924 0.23327246
0.2815 0.1890242 0.821692 0.5963497 0.2265282 0.19333573 0.8293962 0.60017085 0.23078343
0.282 0.1876877 0.8148215 0.5927715 0.2240915 0.19198616 0.8222966 0.5964421 0.22825173
0.2825 0.1863126 0.8078112 0.5890803 0.2216164 0.19059803 0.8150596 0.5926081 0.22567841
0.283 0.1848995 0.8006639 0.5852776 0.2191036 0.18917158 0.807689 0.5886705 0.22306454
0.2835 0.1834489 0.7933825 0.5813652 0.2165538 0.18770726 0.800188 0.5846311 0.22041106
0.284 0.1819611 0.7859698 0.5773447 0.2139677 0.18620534 0.7925598 0.5804917 0.21771914
0.2845 0.1804367 0.7784284 0.5732177 0.2113459 0.18466628 0.7848078 0.5762541 0.2149896
0.285 0.1788761 0.770761 0.5689858 0.208689 0.18309028 0.77693504 0.57191986 0.21222359
0.2855 0.1772796 0.7629701 0.5646507 0.2059977 0.1814778 0.7689449 0.5674906 0.20942193
0.286 0.1756478 0.7550584 0.5602138 0.2032726 0.17982903 0.76084024 0.56296784 0.2065857
0.2865 0.1739811 0.7470283 0.5556767 0.2005141 0.17814438 0.752624 0.55835336 0.20371577
0.287 0.1722799 0.7388822 0.551041 0.197723 0.1764241 0.74429923 0.5536485 0.20081303
0.2875 0.1705445 0.7306224 0.5463081 0.1948998 0.1746685 0.73586863 0.5488547 0.19787845
0.288 0.1687755 0.7222514 0.5414796 0.192045 0.17287794 0.727335 0.54397345 0.19491285
0.2885 0.1669732 0.7137713 0.5365569 0.1891591 0.17105262 0.71870106 0.5390062 0.19191715
0.289 0.165138 0.7051844 0.5315414 0.1862427 0.16919295 0.70996934 0.53395426 0.18889219
0.2895 0.1632703 0.6964928 0.5264347 0.1832963 0.16729915 0.70114255 0.5288189 0.18583882
0.29 0.1613706 0.6876988 0.521238 0.1803205 0.16537155 0.692223 0.5236016 0.18275782
0.2905 0.1594391 0.6788042 0.515953 0.1773156 0.1634104 0.6832133 0.5183035 0.1796501
0.291 0.1574764 0.6698113 0.5105808 0.1742821 0.161416 0.67411566 0.5129259 0.17651635
0.2915 0.1554828 0.6607219 0.5051229 0.1712206 0.15938865 0.6649324 0.50747 0.1733574
0.292 0.1534586 0.6515381 0.4995806 0.1681315 0.15732867 0.65566593 0.5019372 0.170174
0.2925 0.1514043 0.6422616 0.4939553 0.1650153 0.15523632 0.6463182 0.49632847 0.16696692
0.293 0.1493202 0.6328944 0.4882483 0.1618723 0.15311189 0.63689154 0.49064505 0.16373691
0.2935 0.1472068 0.6234383 0.4824608 0.158703 0.15095566 0.62738806 0.48488814 0.16048467
0.294 0.1450643 0.6138951 0.4765942 0.1555079 0.14876793 0.61780965 0.47905898 0.15721089
0.2945 0.1428931 0.6042665 0.4706497 0.1522874 0.14654899 0.6081584 0.47315842 0.15391631
0.295 0.1406936 0.5945542 0.4646286 0.1490418 0.14429913 0.5984363 0.467188 0.15060161
0.2955 0.1384662 0.5847599 0.4585321 0.1457716 0.14201865 0.5886454 0.46114874 0.14726746
0.296 0.1362112 0.5748853 0.4523614 0.1424771 0.13970782 0.5787873 0.4550416 0.14391455
0.2965 0.133929 0.5649318 0.4461177 0.1391588 0.13736694 0.56886417 0.44886804 0.14054348
0.297 0.1316198 0.5549011 0.4398022 0.135817 0.13499627 0.55887765 0.44262898 0.13715495
0.2975 0.1292841 0.5447947 0.433416 0.1324521 0.13259616 0.5488298 0.4363256 0.13374957
0.298 0.1269222 0.5346142 0.4269603 0.1290644 0.13016686 0.5387221 0.4299592 0.130328
0.2985 0.1245345 0.5243609 0.4204362 0.1256543 0.12770866 0.5285566 0.4235309 0.12689084
0.299 0.1221212 0.5140363 0.4138448 0.1222222 0.12522182 0.518335 0.417042 0.1234387
0.2995 0.1196827 0.5036418 0.4071873 0.1187684 0.1227067 0.5080591 0.41049355 0.119972244
0.3 0.1172193 0.4931788 0.4004647 0.1152931 0.12016344 0.49773052 0.40388685 0.11649205
0.3005 0.1148144 0.4827378 0.3937992 0.1119295 0.117722526 0.48740163 0.39729378 0.11321454
0.301 0.1126795 0.4725182 0.3874259 0.108903 0.11538538 0.47716776 0.3907591 0.110128894
0.3015 0.1107802 0.4626001 0.3813228 0.106138 0.11315167 0.46710673 0.384317 0.10722704
0.302 0.1090372 0.4530266 0.375441 0.1035812 0.11101988 0.45728132 0.37799394 0.10450253
0.3025 0.1074005 0.4438223 0.3697517 0.1012107 0.10898781 0.44774082 0.3718104 0.10194978
0.303 0.1058449 0.4350022 0.3642417 0.09901528 0.10705292 0.43852302 0.36578274 0.09956382
0.3035 0.1043582 0.4265755 0.3589068 0.0969872 0.105212465 0.42965683 0.35992366 0.09733994
0.304 0.102935 0.4185479 0.3537464 0.09511994 0.1034638 0.4211633 0.35424334 0.09527378
0.3045 0.1015724 0.4109223 0.3487614 0.09340757 0.10180418 0.4130575 0.34874976 0.093361005
0.305 0.1002693 0.4036998 0.3439531 0.09184451 0.10023111 0.4053497 0.34344932 0.09159757
0.3055 0.09902483 0.3968798 0.339323 0.09042551 0.09874213 0.3980461 0.3383471 0.089979425
0.306 0.09783864 0.3904602 0.3348723 0.08914558 0.09733504 0.39115024 0.33344683 0.088502765
0.3065 0.09671044 0.3844382 0.330602 0.08799999 0.096007675 0.38466302 0.32875174 0.087163866
0.307 0.09563999 0.3788098 0.3265127 0.08698424 0.09475809 0.37858367 0.32426387 0.08595909
0.3075 0.09462708 0.3735706 0.3226051 0.08609405 0.09358442 0.37290987 0.31998482 0.08488497
0.308 0.09367148 0.3687155 0.3188793 0.08532534 0.09248498 0.36763832 0.31591576 0.08393814
0.3085 0.09277299 0.3642389 0.3153357 0.08467424 0.09145816 0.36276487 0.31205714 0.08311537
0.309 0.09193137 0.3601349 0.311974 0.08413705 0.090502456 0.35828453 0.3084092 0.082413495
0.3095 0.09114637 0.3563975 0.308794 0.08371024 0.08961643 0.35419202 0.30497178 0.08182952
0.31 0.09041773 0.3530203 0.3057954 0.08339046 0.08879885 0.3504817 0.30174434 0.081360504
0.3105 0.0897452 0.3499968 0.3029777 0.08317449 0.0880484 0.34714746 0.29872626 0.08100362
0.311 0.08912848 0.3473205 0.3003401 0.08305928 0.08736387 0.3441833 0.29591638 0.08075613
0.3115 0.08856727 0.3449848 0.297882 0.08304189 0.08674422 0.3415828 0.29331368 0.0806154
0.312 0.08806127 0.342983 0.2956025 0.08311952 0.08618839 0.33933964 0.29091686 0.08057882
0.3125 0.08761015 0.3413085 0.2935006 0.0832895 0.08569525 0.33744743 0.28872415 0.08064392
0.313 0.08721358 0.3399548 0.2915753 0.08354926 0.08526394 0.33589962 0.2867341 0.08080831
0.3135 0.08687123 0.3389153 0.2898254 0.08389635 0.08489345 0.33468983 0.28494483 0.0810696
0.314 0.08658272 0.3381835 0.2882497 0.08432842 0.084582925 0.3338116 0.28335443 0.08142549
0.3145 0.08634771 0.3377531 0.286847 0.0848432 0.08433145 0.33325854 0.28196096 0.081873804
0.315 0.08616582 0.3376178 0.2856159 0.08543853 0.08413826 0.33302423 0.2807623 0.0824123
0.3155 0.08603667 0.3377714 0.284555 0.08611234 0.08400245 0.33310243 0.27975625 0.08303891
0.316 0.08595987 0.3382076 0.2836629 0.08686262 0.083923236 0.33348686 0.27894062 0.083751574
0.3165 0.08593504 0.3389207 0.2829381 0.08768745 0.08389987 0.33417127 0.278313 0.084548205
0.317 0.08596176 0.3399046 0.2823791 0.088585 0.083931565 0.33514974 0.27787128 0.08542687
0.3175 0.08603963 0.3411537 0.2819843 0.08955347 0.084017605 0.33641607 0.27761284 0.08638561
0.318 0.08616824 0.3426621 0.2817521 0.09059117 0.08415724 0.3379643 0.27753535 0.08742255
0.3185 0.08634717 0.3444245 0.2816809 0.09169645 0.08434978 0.33978868 0.27763632 0.0885358
0.319 0.086576 0.3464353 0.281769 0.0928677 0.08459456 0.34188327 0.27791318 0.08972356
0.3195 0.0868543 0.3486892 0.2820147 0.09410341 0.08489083 0.34424242 0.27836362 0.09098403
0.32 0.08718164 0.351181 0.2824164 0.09540209 0.085237995 0.3468605 0.27898493 0.092315465
0.3205 0.08755759 0.3539057 0.2829723 0.09676231 0.08563532 0.3497319 0.27977464 0.093716174
0.321 0.08798171 0.3568582 0.2836807 0.09818271 0.08608222 0.35285124 0.2807302 0.095184386
0.3215 0.08845355 0.3600337 0.2845398 0.09966193 0.08657801 0.356213 0.28184897 0.096718505
0.322 0.08897268 0.3634274 0.2855479 0.1011987 0.08712213 0.3598121 0.28312856 0.09831688
0.3225 0.08953866 0.3670346 0.2867033 0.1027918 0.08771387 0.36364305 0.28456622 0.099977925
0.323 0.09015102 0.3708507 0.288004 0.1044399 0.088352695 0.36770093 0.28615943 0.10170005
0.3235 0.09080934 0.3748714 0.2894485 0.106142 0.08903797 0.37198064 0.28790572 0.10348171
0.324 0.09151316 0.3790922 0.2910349 0.1078969 0.08976911 0.3764771 0.28980246 0.10532133
0.3245 0.09226202 0.3835089 0.2927613 0.1097034 0.090545535 0.3811855 0.2918471 0.107217506
0.325 0.09305549 0.3881174 0.2946261 0.1115606 0.09136669 0.3861011 0.29403716 0.10916868
0.3255 0.0938931 0.3929135 0.2966275 0.1134674 0.092231944 0.39121902 0.29637003 0.111173436
0.326 0.09477441 0.3978933 0.2987636 0.1154227 0.09314081 0.3965347 0.29884326 0.11323035
0.3265 0.09569889 0.4030529 0.3010327 0.1174256 0.09409265 0.4020435 0.30145442 0.11533801
0.327 0.09666581 0.4083885 0.303433 0.1194748 0.09508701 0.40774095 0.30420083 0.117495045
0.3275 0.09767478 0.4138963 0.3059627 0.1215694 0.09612326 0.41362262 0.30708018 0.119700074
0.328 0.09872559 0.4195727 0.3086201 0.1237089 0.09720093 0.41968414 0.31008998 0.121951744
0.3285 0.09981795 0.4254142 0.3114035 0.1258925 0.0983195 0.42592123 0.3132278 0.1242488
0.329 0.1009515 0.4314174 0.3143111 0.1281194 0.099478364 0.43232962 0.3164912 0.1265899
0.3295 0.1021257 0.4375787 0.3173413 0.1303887 0.10067709 0.43890527 0.3198778 0.12897378
0.33 0.1033402 0.4438906 0.3202122 0.1326997 0.101915136 0.445644 0.32338518 0.13139917
0.3305 0.1045931 0.4503258 0.3227986 0.1350515 0.10319196 0.45254174 0.32701114 0.13386485
0.331 0.1058839 0.4568867 0.3256991 0.1374433 0.10450713 0.45959464 0.33075318 0.13636957
0.3315 0.1072135 0.4635864 0.3289783 0.1398746 0.105860114 0.4667988 0.33460903 0.13891217
0.332 0.1085822 0.4704333 0.3325611 0.1423444 0.10725044 0.47415045 0.33857644 0.14149144
0.3325 0.1099896 0.4774302 0.3363661 0.1448521 0.108677536 0.4816456 0.34265307 0.14410624
0.333 0.1114352 0.484576 0.3403346 0.147397 0.11014104 0.48928073 0.34683675 0.14675543
0.3335 0.112911 0.4918664 0.3444286 0.149965 0.111640394 0.49705198 0.35112518 0.14943787
0.334 0.1144075 0.4992964 0.3486242 0.1525491 0.1131752 0.504956 0.3555161 0.15215246
0.3345 0.1159376 0.5068624 0.3529129 0.1551659 0.1147449 0.51298904 0.36000752 0.1548981
0.335 0.1175095 0.5145601 0.3572915 0.1578195 0.11634906 0.52114767 0.36459714 0.15767376
0.3355 0.1191224 0.5223841 0.3617568 0.1604978 0.11798723 0.5294284 0.36928278 0.16047831
0.336 0.1207729 0.5303313 0.3663077 0.1632082 0.11965893 0.5378279 0.3740624 0.16331075
0.3365 0.1224612 0.5383988 0.3709458 0.1659602 0.121363744 0.5463428 0.37893385 0.16617006
0.337 0.1241797 0.5465837 0.3756718 0.168747 0.12310113 0.5549697 0.3838951 0.16905522
0.3375 0.1259206 0.5548831 0.3804845 0.1715653 0.12487072 0.56370556 0.38894403 0.17196524
0.338 0.1276961 0.5632942 0.385385 0.1744222 0.12667201 0.5725469 0.39407855 0.17489919
0.3385 0.1295122 0.5718141 0.3903738 0.1773179 0.12850459 0.58149076 0.3992969 0.17785603
0.339 0.1313688 0.5804405 0.3954506 0.1802506 0.130368 0.59053385 0.40459675 0.18083483
0.3395 0.1332633 0.589171 0.4006146 0.1832184 0.13226178 0.5996732 0.40997636 0.18383473
0.34 0.1351933 0.5980033 0.405865 0.1862195 0.13418554 0.60890573 0.41543365 0.18685472
0.3405 0.1371565 0.6069352 0.4112009 0.1892522 0.13613875 0.6182284 0.4209668 0.18989396
0.341 0.1391515 0.6159647 0.4166211 0.1923155 0.13812108 0.62763834 0.4265738 0.19295159
0.3415 0.1411772 0.6250897 0.4221248 0.195408 0.14013198 0.6371325 0.4322528 0.19602665
0.342 0.1432328 0.6343082 0.4277109 0.1985289 0.14217108 0.646708 0.43800187 0.19911835
0.3425 0.1453177 0.6436185 0.4333783 0.2016774 0.14423795 0.6563621 0.44381922 0.2022258
0.343 0.1474316 0.6530185 0.4391259 0.2048527 0.1463321 0.66609186 0.44970292 0.20534825
0.3435 0.1495741 0.6625067 0.4449526 0.2080543 0.14845315 0.67589456 0.45565122 0.2084848
0.344 0.1517448 0.6720811 0.4508573 0.2112815 0.15060066 0.6857675 0.46166235 0.21163467
0.3445 0.1539434 0.6817401 0.4568388 0.2145338 0.15277416 0.69570774 0.46773446 0.21479708
0.345 0.1561697 0.6914821 0.4628961 0.2178106 0.15497325 0.70571274 0.4738658 0.2179712
0.3455 0.1584232 0.7013054 0.4690279 0.2211114 0.1571975 0.71577996 0.48005468 0.22115636
0.346 0.1607036 0.7112084 0.4752331 0.2244359 0.15944645 0.72590655 0.48629928 0.22435167
0.3465 0.1630074 0.7211895 0.4815044 0.2277806 0.1617197 0.73609006 0.492598 0.22755656
0.347 0.1653071 0.7312419 0.4878036 0.231101 0.16401678 0.74632794 0.498949 0.23077014
0.3475 0.1676169 0.7413627 0.4941653 0.2344107 0.1663373 0.7566175 0.5053507 0.23399174
0.348 0.1699576 0.7515547 0.5006127 0.2377484 0.16868079 0.7669563 0.5118015 0.23722073
0.3485 0.1723368 0.7618192 0.5071466 0.2411248 0.17104687 0.77734196 0.5182995 0.24045628
0.349 0.1747543 0.7721563 0.5137613 0.2445394 0.17343505 0.787772 0.5248434 0.24369785
0.3495 0.1772068 0.7825652 0.5204503 0.2479889 0.17584495 0.798244 0.5314314 0.24694467
0.35 0.1796906 0.7930446 0.5272084 0.2514699 0.17827614 0.80875534 0.5380619 0.25019607
0.3505 0.1821197 0.8035037 0.533911 0.254847 0.1806105 0.8189938 0.5445417 0.25326326
0.351 0.1842809 0.8137429 0.5403214 0.2578928 0.18285216 0.82893425 0.55086404 0.25615615
0.3515 0.1862071 0.8236818 0.5464609 0.2606816 0.18500458 0.83855647 0.55702305 0.25888312
0.352 0.1879771 0.8332768 0.5523779 0.2632651 0.18707061 0.84784406 0.56301326 0.2614513
0.3525 0.1896401 0.8425032 0.5581012 0.265664 0.18905266 0.8567841 0.56883 0.26386696
0.353 0.1912041 0.8513456 0.5636402 0.2678596 0.19095278 0.86536676 0.57446927 0.26613542
0.3535 0.1926756 0.8597942 0.5689967 0.2698653 0.1927727 0.87358433 0.57992727 0.26826164
0.354 0.1940822 0.8678428 0.5741769 0.2717143 0.19451396 0.88143116 0.58520114 0.27024972
0.3545 0.1954383 0.8754887 0.5791829 0.2734199 0.19617783 0.88890374 0.590288 0.27210358
0.355 0.1967466 0.882731 0.5840141 0.2749867 0.19776554 0.89599943 0.59518594 0.2738266
0.3555 0.1980048 0.8895706 0.5886685 0.2764169 0.19927807 0.9027174 0.5998929 0.27542195
0.356 0.1992103 0.8960093 0.5931444 0.2777138 0.20071651 0.9090573 0.6044074 0.27689257
0.3565 0.200361 0.9020504 0.5974401 0.2788807 0.2020817 0.9150203 0.60872847 0.2782412
0.357 0.2014556 0.9076975 0.6015547 0.2799213 0.20337458 0.92060775 0.61285526 0.27947032
0.3575 0.2024933 0.9129549 0.6054872 0.2808387 0.20459594 0.92582196 0.61678725 0.28058237
0.358 0.2034737 0.9178246 0.6092362 0.2816361 0.2057466 0.9306658 0.62052405 0.28157964
0.3585 0.2043918 0.922313 0.6128012 0.2823073 0.20682736 0.93514234 0.6240658 0.28246436
0.359 0.2052272 0.926424 0.6161771 0.2828295 0.20783909 0.9392554 0.6274128 0.28323853
0.3595 0.2059957 0.930167 0.6193671 0.2832354 0.20878257 0.94300884 0.63056517 0.28390425
0.36 0.2067147 0.9335502 0.6223769 0.2835436 0.20965861 0.94640714 0.63352376 0.28446352
0.3605 0.2073891 0.9365811 0.6252088 0.2837589 0.21046795 0.94945484 0.63628924 0.28491828
0.361 0.2080164 0.9392664 0.6278609 0.2838817 0.21121146 0.9521566 0.6388625 0.28527036
0.3615 0.2085652 0.9416097 0.6302862 0.2838989 0.21189 0.9545172 0.64124465 0.28552172
0.362 0.2090505 0.9436153 0.6325196 0.2838229 0.21250431 0.9565422 0.64343697 0.28567412
0.3625 0.2094946 0.945292 0.6345969 0.2836621 0.21305521 0.9582364 0.64544064 0.28572944
0.363 0.2098994 0.9466483 0.6365205 0.283418 0.21354358 0.9596054 0.6472573 0.28568932
0.3635 0.2102605 0.9476921 0.6382843 0.2830904 0.21397017 0.9606547 0.6488885 0.28555572
0.364 0.2105734 0.9484301 0.6398829 0.2826804 0.21433581 0.9613896 0.6503358 0.2853302
0.3645 0.2108352 0.9488687 0.6413128 0.2821898 0.2146414 0.9618158 0.65160084 0.28501457
0.365 0.2110445 0.9490142 0.6425725 0.2816203 0.21488766 0.96193856 0.6526855 0.2846105
0.3655 0.2112007 0.9488723 0.6436618 0.2809736 0.21507545 0.96176404 0.6535918 0.28411973
0.366 0.2113036 0.9484488 0.6445815 0.2802512 0.2152055 0.96129745 0.65432143 0.2835438
0.3665 0.2113534 0.9477496 0.6453325 0.2794546 0.2152787 0.9605444 0.6548766 0.28288445
0.367 0.211337 0.9467762 0.6459124 0.2785525 0.2152958 0.9595105 0.65525925 0.2821432
0.3675 0.2112463 0.9455324 0.6463181 0.2775524 0.21525754 0.9582016 0.6554715 0.2813217
0.368 0.2111029 0.9440272 0.6465591 0.276489 0.21516474 0.9566228 0.6555155 0.2804215
0.3685 0.2109186 0.9422684 0.6466417 0.2753708 0.21501811 0.9547798 0.65539336 0.27944422
0.369 0.2106927 0.9402625 0.6465636 0.2741981 0.21481846 0.95267826 0.65510726 0.27839133
0.3695 0.2103955 0.9380137 0.6462825 0.2729679 0.21456651 0.95032316 0.6546597 0.27726436
0.37 0.2100475 0.9355259 0.6458413 0.2716758 0.21426289 0.94772 0.6540526 0.27606475
0.3705 0.2096655 0.9328049 0.6452678 0.2703167 0.21390836 0.94487447 0.6532884 0.27479404
0.371 0.2092495 0.9298567 0.6445622 0.2689025 0.21350361 0.9417915 0.65236944 0.27345365
0.3715 0.2087955 0.9266869 0.6437191 0.2674358 0.21304934 0.938476 0.6512979 0.272045
0.372 0.2082995 0.9233004 0.6427343 0.2659165 0.21254621 0.93493336 0.6500761 0.27056944
0.3725 0.2077592 0.9197019 0.6416053 0.2643446 0.21199481 0.93116874 0.64870644 0.26902843
0.373 0.2071731 0.9158958 0.6403316 0.2627201 0.21139582 0.92718667 0.6471911 0.26742333
0.3735 0.2065406 0.9118863 0.6389136 0.2610433 0.21074988 0.9229925 0.6455326 0.26575544
0.374 0.2058612 0.9076775 0.6373526 0.2593148 0.21005751 0.91859084 0.6437331 0.26402617
0.3745 0.205134 0.9032735 0.63565 0.257535 0.20931934 0.9139864 0.641795 0.26223665
0.375 0.2043599 0.8986783 0.6338078 0.2557047 0.20853595 0.9091839 0.63972044 0.26038837
0.3755 0.2035403 0.8938958 0.6318278 0.2538248 0.2077079 0.904188 0.63751185 0.25848252
0.376 0.2026766 0.8889297 0.6297119 0.2518961 0.20683564 0.89900297 0.63517123 0.2565203
0.3765 0.2017697 0.883784 0.6274621 0.2499195 0.20591982 0.8936335 0.6327012 0.254503
0.377 0.20082 0.8784624 0.6250803 0.2478958 0.20496087 0.8880839 0.63010377 0.25243187
0.3775 0.1998279 0.8729684 0.6225684 0.2458214 0.20395933 0.8823585 0.6273812 0.25030807
0.378 0.1987931 0.8673057 0.6199281 0.2436865 0.2029156 0.8764613 0.6245356 0.2481328
0.3785 0.1977157 0.8614777 0.6171613 0.2415036 0.20183025 0.8703969 0.6215691 0.24590722
0.379 0.1965967 0.8554879 0.6142698 0.2392788 0.20070364 0.864169 0.61848396 0.24363253
0.3795 0.1954368 0.8493396 0.6112554 0.237014 0.19953625 0.8577817 0.615282 0.24130979
0.38 0.1942368 0.8430362 0.60812 0.23471 0.19832848 0.851239 0.61196566 0.23894021
0.3805 0.192997 0.836581 0.6048652 0.2323674 0.1970808 0.84454465 0.6085366 0.23652488
0.381 0.1917179 0.829977 0.6014929 0.2299868 0.19579355 0.8377026 0.604997 0.23406488
0.3815 0.1904 0.8232275 0.5980046 0.2275686 0.19446717 0.8307162 0.60134864 0.2315613
0.382 0.1890436 0.8163355 0.594402 0.2251133 0.19310199 0.8235894 0.59759355 0.22901526
0.3825 0.1876491 0.8093039 0.590687 0.2226215 0.19169839 0.8163256 0.5937336 0.22642776
0.383 0.1862171 0.8021357 0.5868609 0.2200936 0.19025677 0.80892843 0.58977056 0.22379985
0.3835 0.1847479 0.7948336 0.5829256 0.2175301 0.18877743 0.8014012 0.5857062 0.2211326
0.384 0.1832419 0.7874005 0.5788826 0.2149314 0.18726079 0.79374725 0.5815424 0.21842697
0.3845 0.1816996 0.779839 0.5747336 0.212298 0.18570712 0.78596985 0.5772806 0.21568394
0.385 0.1801109 0.7721361 0.5697192 0.2096245 0.18411674 0.7780722 0.57292265 0.2129046
0.3855 0.1784595 0.7642534 0.5641437 0.2069077 0.18248999 0.77005726 0.5684703 0.21008977
0.386 0.1767749 0.7562142 0.558919 0.2041596 0.18082722 0.7619284 0.56392485 0.20724049
0.3865 0.1750688 0.7480509 0.5540696 0.2013823 0.17912866 0.7536884 0.55928797 0.20435768
0.387 0.1733411 0.7397851 0.5494375 0.1985759 0.17739473 0.74534005 0.55456126 0.20144227
0.3875 0.1715884 0.7314277 0.5448777 0.1957401 0.17562564 0.73688644 0.54974604 0.19849515
0.388 0.1698072 0.7229827 0.540293 0.1928747 0.1738217 0.7283301 0.54484373 0.19551721
0.3885 0.1679955 0.7144504 0.5356275 0.1899797 0.17198323 0.7196738 0.5398559 0.19250932
0.389 0.1661519 0.7058293 0.530853 0.1870553 0.1701105 0.7109202 0.53478366 0.18947232
0.3895 0.1642759 0.6971177 0.5259581 0.1841017 0.16820382 0.7020718 0.5296286 0.18640709
0.39 0.1623675 0.6883142 0.5209407 0.1811191 0.16626354 0.6931309 0.52439183 0.18331444
0.3905 0.1604268 0.6794177 0.5158035 0.1781079 0.1642898 0.68410045 0.51907474 0.18019512
0.391 0.1584542 0.6704277 0.5105513 0.1750683 0.16228302 0.6749823 0.5136786 0.17705005
0.3915 0.1564502 0.6613444 0.5051896 0.1720009 0.1602434 0.66577893 0.5082045 0.17387992
0.392 0.1544153 0.6521681 0.4997237 0.1689059 0.15817127 0.6564927 0.5026539 0.17068553
0.3925 0.1523499 0.6428998 0.4941587 0.1657838 0.15606694 0.64712566 0.4970277 0.1674676
0.393 0.1502545 0.6335407 0.4884991 0.162635 0.15393068 0.63768 0.4913273 0.16422689
0.3935 0.1481295 0.624092 0.4827488 0.1594599 0.15176274 0.62815773 0.48555362 0.16096413
0.394 0.1459754 0.6145552 0.4769112 0.1562589 0.14956343 0.6185611 0.47970802 0.15767996
0.3945 0.1437927 0.6049319 0.4709893 0.1530323 0.14733301 0.6088919 0.47379172 0.15437518
0.395 0.1415816 0.5952237 0.4649857 0.1497807 0.14507185 0.59915215 0.46780562 0.15105046
0.3955 0.1393426 0.5854324 0.4589027 0.1465044 0.14278017 0.58934397 0.46175104 0.14770643
0.396 0.1370762 0.5755595 0.4527424 0.1432037 0.14045826 0.57946897 0.45562905 0.1443438
0.3965 0.1347826 0.5656068 0.4465066 0.1398792 0.13810644 0.56952924 0.44944084 0.1409632
0.397 0.1324622 0.5555759 0.4401971 0.136531 0.13572496 0.5595265 0.4431876 0.13756527
0.3975 0.1301154 0.5454684 0.4338154 0.1331597 0.13331415 0.5494626 0.43687034 0.13415065
0.398 0.1277425 0.5352859 0.427363 0.1297656 0.13087423 0.5393394 0.43049034 0.13071999
0.3985 0.1253439 0.5250299 0.4208412 0.1263491 0.12840556 0.52915865 0.42404878 0.12727392
0.399 0.1229199 0.514702 0.4142514 0.1229104 0.12590842 0.51892215 0.4175468 0.12381303
0.3995 0.1204708 0.5043037 0.4075948 0.11945 0.123383015 0.5086316 0.41098583 0.12033795
0.4 0.1179969 0.4938364 0.4008726 0.1159682 0.12082967 0.49828878 0.4043668 0.11684929
0.4005 0.1155403 0.4833461 0.3941465 0.1125316 0.118313804 0.4879183 0.3977252 0.11345494
0.401 0.1132065 0.4729333 0.3875347 0.1092533 0.115836516 0.4775637 0.39108154 0.11014867
0.4015 0.1109789 0.4626386 0.3810267 0.1060954 0.1133983 0.467261 0.384452 0.10692564
0.402 0.1088176 0.4524843 0.3745988 0.1030316 0.110998884 0.45703956 0.37784916 0.10378222
0.4025 0.106698 0.4424834 0.3682368 0.100051 0.10863784 0.44692317 0.37128323 0.10071519
0.403 0.1046076 0.432644 0.3619349 0.09714828 0.106314346 0.43693033 0.36476228 0.09772205
0.4035 0.1025405 0.4229713 0.3556914 0.09431959 0.1040276 0.42707583 0.3582927 0.09480044
0.404 0.100494 0.4134688 0.3495065 0.09156187 0.101776555 0.4173709 0.3518798 0.09194821
0.4045 0.0984669 0.4041386 0.3433812 0.0888723 0.099560305 0.40782377 0.3455279 0.08916339
0.405 0.09645873 0.3949817 0.3373166 0.08624823 0.09737781 0.39844075 0.33924037 0.086444005
0.4055 0.09446928 0.3859984 0.3313138 0.08368717 0.09522809 0.3892259 0.33302003 0.08378823
0.406 0.09249847 0.3771883 0.325374 0.08118677 0.093110204 0.38018194 0.32686925 0.0811943
0.4065 0.09054629 0.3685503 0.3194981 0.0787448 0.09102325 0.37131038 0.32078987 0.07866043
0.407 0.08861277 0.3600832 0.3136869 0.07635914 0.088966444 0.36261168 0.31478333 0.0761849
0.4075 0.08669792 0.3517851 0.307941 0.07402778 0.08693887 0.3540856 0.30885088 0.07376604
0.408 0.08480179 0.3436541 0.3022612 0.07174881 0.08493985 0.34573117 0.30299357 0.07140224
0.4085 0.08292438 0.3356878 0.2966477 0.06952043 0.08296862 0.3375471 0.297212 0.06909189
0.409 0.08106572 0.3278837 0.2911012 0.06734089 0.08102454 0.32953152 0.29150677 0.06683344
0.4095 0.07922581 0.3202393 0.2856217 0.06520858 0.07910693 0.32168227 0.2858782 0.0646254
0.41 0.07740465 0.3127519 0.2802096 0.06312191 0.077215254 0.31399715 0.28032652 0.06246625
0.4105 0.07560222 0.3054186 0.2748649 0.06107941 0.075348884 0.30647352 0.2748517 0.060354635
0.411 0.07381852 0.2982367 0.2695878 0.05907965 0.07350735 0.2991089 0.2694539 0.058289096
0.4115 0.07205352 0.2912032 0.2643781 0.05712129 0.07169014 0.2919003 0.26413298 0.05626835
0.412 0.07030717 0.2843153 0.259236 0.05520304 0.06989677 0.28484502 0.2588885 0.05429107
0.4125 0.06857945 0.27757 0.2541612 0.05332366 0.06812681 0.27794024 0.2537203 0.052355975
0.413 0.0668703 0.2709645 0.2491536 0.05148199 0.066379875 0.2711829 0.24862802 0.050461918
0.4135 0.06517967 0.2644959 0.244213 0.0496769 0.06465553 0.26457018 0.24361116 0.048607647
0.414 0.06350749 0.2581613 0.2393391 0.04790731 0.0629534 0.25809908 0.23866919 0.046792045
0.4145 0.0618537 0.2519579 0.2345317 0.0461722 0.06127311 0.2517667 0.23380151 0.045013994
0.415 0.06021823 0.2458829 0.2297903 0.04447059 0.059614364 0.24557024 0.22900775 0.043272458
0.4155 0.05860099 0.2399337 0.2251147 0.04280153 0.057976816 0.23950663 0.22428688 0.041566357
0.416 0.05700191 0.2341074 0.2205045 0.04116413 0.05636015 0.23357314 0.2196385 0.039894745
0.4165 0.05542089 0.2284015 0.2159591 0.03955751 0.054764066 0.22776687 0.21506175 0.03825663
0.417 0.05385784 0.2228133 0.2114783 0.03798086 0.053188313 0.22208521 0.21055603 0.036651112
0.4175 0.05231266 0.2173403 0.2070614 0.03643337 0.051632565 0.21652523 0.2061204 0.03507725
0.418 0.05078525 0.2119799 0.2027081 0.03491427 0.050096598 0.21108428 0.20175421 0.033534206
0.4185 0.04927551 0.2067298 0.1984178 0.03342283 0.048580114 0.2057598 0.19745651 0.03202112
0.419 0.04778331 0.2015874 0.1941899 0.03195835 0.047082905 0.20054904 0.19322658 0.030537173
0.4195 0.04630856 0.1965505 0.190024 0.03052015 0.045604695 0.1954495 0.18906349 0.029081628
0.42 0.04485113 0.1916168 0.1859194 0.02910756 0.044145253 0.19045871 0.1849665 0.027653664
0.4205 0.04341091 0.1867839 0.1818755 0.02771996 0.042704377 0.1855742 0.18093461 0.02625259
0.421 0.04198777 0.1820497 0.1778919 0.02635674 0.041281816 0.18079346 0.17696705 0.024877682
0.4215 0.04058158 0.177412 0.1739678 0.02501732 0.039877366 0.17611423 0.17306295 0.023528263
0.422 0.03919223 0.1728688 0.1701027 0.02370113 0.0384908 0.17153412 0.1692214 0.022203662
0.4225 0.03781957 0.1684179 0.166296 0.02240763 0.037121933 0.16705093 0.16544154 0.020903245
0.423 0.03646349 0.1640573 0.162547 0.02113628 0.035770524 0.16266242 0.16172251 0.019626386
0.4235 0.03512383 0.1597851 0.158855 0.01988658 0.034436416 0.15836635 0.15806344 0.018372506
0.424 0.03380048 0.1555993 0.1552195 0.01865804 0.0331194 0.15416068 0.15446341 0.017141007
0.4245 0.03249329 0.1514981 0.1516398 0.01745019 0.031819236 0.15004331 0.15092152 0.015931323
0.425 0.03120212 0.1474796 0.1481153 0.01626255 0.030535776 0.14601222 0.14743704 0.014742941
0.4255 0.02992684 0.143542 0.1446453 0.0150947 0.029268797 0.1420654 0.14400896 0.013575323
0.426 0.0286673 0.1396837 0.1412291 0.01394619 0.02801815 0.13820094 0.1406366 0.012427978
0.4265 0.02742336 0.1359027 0.137866 0.01281661 0.026783634 0.13441694 0.13731891 0.011300378
0.427 0.02619488 0.1321976 0.1345556 0.01170555 0.025565062 0.13071156 0.1340552 0.010192081
0.4275 0.02498171 0.1285666 0.1312969 0.01061263 0.024362255 0.12708297 0.1308446 0.009102613
0.428 0.02378371 0.1250082 0.1280895 0.009537467 0.023175005 0.12352947 0.1276862 0.008031547
0.4285 0.02260074 0.1215207 0.1249327 0.008479684 0.022003178 0.12004926 0.12457932 0.0069784373
0.429 0.02143264 0.1181027 0.1218257 0.007438927 0.02084658 0.116640724 0.121523045 0.0059428737
0.4295 0.02027928 0.1147527 0.1187679 0.006414849 0.019705046 0.11330221 0.11851662 0.0049244612
0.43 0.01914051 0.1114692 0.1157588 0.005407113 0.018578406 0.11003212 0.11555923 0.0039228126
0.4305 0.01801618 0.1082507 0.1127975 0.00441539 0.01746646 0.106828876 0.11265009 0.002937518
0.431 0.01690614 0.105096 0.1098836 0.003439361 0.01636907 0.10369096 0.109788455 0.0019682571
0.4315 0.01581024 0.1020036 0.1070162 0.002478717 0.015286025 0.100616924 0.10697355 0.0010146499
0.432 0.01472835 0.09897224 0.1041949 0.001533156 0.014217224 0.097605266 0.10420459 7.635355e-05
0.4325 0.01366032 0.09600057 0.1014189 0.0006023844 0.013162438 0.09465463 0.10148091 -0.00084695965
0.433 0.01260599 0.09308735 0.09868758 -0.0003138822 0.012121517 0.09176356 0.098801665 -0.0017556176
0.4335 0.01156522 0.09023134 0.09600035 -0.001215922 0.011094321 0.08893079 0.09616623 -0.0026499033
0.434 0.01053787 0.08743132 0.09335657 -0.002104006 0.0100806765 0.08615496 0.09357386 -0.0035301447
0.4345 0.009523784 0.0846861 0.0907556 -0.002978397 0.009080414 0.08343483 0.09102387 -0.004396647
0.435 0.008522828 0.08199454 0.08819684 -0.003839352 0.008093368 0.080769114 0.08851553 -0.0052496716
0.4355 0.007534852 0.0793555 0.08567966 -0.004687121 0.007119421 0.07815661 0.08604816 -0.0060894936
0.436 0.006559713 0.07676787 0.08320346 -0.005521949 0.006158363 0.07559612 0.08362108 -0.006916389
0.4365 0.005597267 0.07423058 0.08076764 -0.006344072 0.0052100755 0.07308651 0.08123369 -0.0077306107
0.437 0.004647372 0.07174256 0.07837159 -0.007153724 0.0042743683 0.07062658 0.07888528 -0.008532427
0.4375 0.003709885 0.06930279 0.07601472 -0.007951131 0.0033511333 0.06821532 0.07657523 -0.009322062
0.438 0.002784664 0.06691025 0.07369645 -0.008736512 0.0024401732 0.06585159 0.07430292 -0.010099769
0.4385 0.001871569 0.06456396 0.0714162 -0.009510085 0.0015413575 0.0635344 0.072067715 -0.01086577
0.439 0.0009704605 0.06226295 0.06917338 -0.01027206 0.0006545335 0.06126266 0.069868974 -0.011620291
0.4395 8.119832e-05 0.06000628 0.06696743 -0.01102264 -0.0002204366 0.059035413 0.067706145 -0.012363538
0.44 -0.0007963555 0.05779303 0.06479779 -0.01176203 -0.0010837205 0.056851648 0.06557859 -0.0130957365
0.4405 -0.001662339 0.05562229 0.06266389 -0.01249042 -0.0019354336 0.054710455 0.063485764 -0.013817102
0.441 -0.002516887 0.05349318 0.0605652 -0.01320801 -0.0027757324 0.05261091 0.06142708 -0.014527798
0.4415 -0.003360138 0.05140485 0.05850115 -0.01391498 -0.0036047883 0.050552063 0.059401937 -0.015228063
0.442 -0.004192224 0.04935644 0.05647122 -0.01461152 -0.004422713 0.048533075 0.057409838 -0.015918046
0.4425 -0.00501328 0.04734714 0.05447487 -0.01529781 -0.0052296706 0.046553075 0.055450216 -0.016597971
0.443 -0.005823439 0.04537613 0.05251158 -0.01597401 -0.0060257725 0.044611186 0.053522505 -0.017267987
0.4435 -0.006622833 0.04344263 0.05058083 -0.01664031 -0.0068111606 0.04270664 0.051626183 -0.017928272
0.444 -0.007411592 0.04154587 0.0486821 -0.01729686 -0.0075859986 0.040838607 0.04976079 -0.018579006
0.4445 -0.008189845 0.0396851 0.04681488 -0.01794384 -0.008350398 0.0390063 0.047925748 -0.019220345
0.445 -0.008957722 0.03785956 0.04497869 -0.0185814 -0.00910449 0.03720898 0.046120606 -0.01985246
0.4455 -0.00971535 0.03606856 0.04317301 -0.01920971 -0.009848416 0.035445906 0.044344828 -0.020475503
0.446 -0.01046286 0.03431137 0.04139738 -0.01982891 -0.010582317 0.03371632 0.042597927 -0.021089613
0.4465 -0.01120036 0.03258731 0.0396513 -0.02043915 -0.011306319 0.03201954 0.04087946 -0.021694958
0.447 -0.011928 0.0308957 0.03793429 -0.02104058 -0.012020532 0.030354865 0.039188944 -0.022291679
0.4475 -0.01264589 0.02923589 0.0362459 -0.02163336 -0.012725111 0.02872163 0.03752593 -0.022879925
0.448 -0.01335415 0.02760722 0.03458566 -0.02221761 -0.013420146 0.027119167 0.03588991 -0.023459822
0.4485 -0.0140529 0.02600907 0.03295312 -0.02279348 -0.014105797 0.025546826 0.03428047 -0.024031512
0.449 -0.01474226 0.02444082 0.03134782 -0.0233611 -0.014782172 0.024003975 0.03269717 -0.02459513
0.4495 -0.01542236 0.02290186 0.02976933 -0.02392061 -0.015449394 0.022490002 0.031139635 -0.025150795
0.45 -0.0160933 0.0213916 0.0282172 -0.02447213 -0.016107585 0.021004342 0.029607318 -0.02569865
0.4505 -0.01675522 0.01990946 0.026691 -0.0250158 -0.016756859 0.01954636 0.028099932 -0.026238807
0.451 -0.01740821 0.01845488 0.02519032 -0.02555174 -0.01739734 0.01811552 0.026616953 -0.026771385
0.4515 -0.01805239 0.0170273 0.02371473 -0.02608007 -0.018029135 0.016711235 0.025158055 -0.027296513
0.452 -0.01868789 0.01562619 0.02226382 -0.02660092 -0.01865238 0.015332989 0.023722842 -0.027814291
0.4525 -0.0193148 0.014251 0.02083719 -0.02711439 -0.019267175 0.013980217 0.022310846 -0.028324857
0.453 -0.01993324 0.01290122 0.01943443 -0.02762062 -0.01987363 0.0126524195 0.020921804 -0.028828286
0.4535 -0.02054333 0.01157635 0.01805515 -0.0281197 -0.02047186 0.011349104 0.019555226 -0.029324718
0.454 -0.02114515 0.01027588 0.01669896 -0.02861176 -0.02106196 0.01006975 0.018210806 -0.029814236
0.4545 -0.02173884 0.008999327 0.01536548 -0.0290969 -0.02164406 0.008813858 0.01688815 -0.030296978
0.455 -0.02232448 0.007746221 0.01405433 -0.02957523 -0.02221826 0.0075809807 0.015586942 -0.030773014
0.4555 -0.02290219 0.006516093 0.01276515 -0.03004685 -0.022784665 0.0063706487 0.014306776 -0.031242445
0.456 -0.02347207 0.005308487 0.01149756 -0.03051188 -0.023343388 0.0051823854 0.013047345 -0.031705387
0.4565 -0.02403421 0.004122956 0.0102512 -0.0309704 -0.023894522 0.004015781 0.011808284 -0.032161925
0.457 -0.02458873 0.002959065 0.00902573 -0.03142253 -0.024438165 0.0028704032 0.010589264 -0.032612152
0.4575 -0.02513573 0.001816386 0.00782079 -0.03186835 -0.024974424 0.0017457977 0.009390011 -0.033056162
0.458 -0.02567529 0.0006945002 0.006636039 -0.03230797 -0.025503408 0.00064157695 0.008210108 -0.033494048
0.4585 -0.02620752 -0.0004070013 0.005471139 -0.03274148 -0.026025195 -0.0004426688 0.007049307 -0.0339259
0.459 -0.02673252 -0.001488519 0.004325758 -0.03316897 -0.0265399 -0.0015073493 0.00590726 -0.034351796
0.4595 -0.02725038 -0.002550446 0.003199567 -0.03359053 -0.027047604 -0.002552852 0.00478369 -0.03477183
0.46 -0.0277612 -0.003593166 0.002092244 -0.03400626 -0.027548425 -0.0035795271 0.0036782548 -0.03518609
0.4605 -0.02826507 -0.004617055 0.001003472 -0.03441623 -0.028042436 -0.0045877695 0.002590701 -0.03559465
0.461 -0.02876208 -0.00562248 -6.706092e-05 -0.03482055 -0.02852973 -0.005577944 0.001520656 -0.0359976
0.4615 -0.02925232 -0.006609803 -0.001119663 -0.03521928 -0.02901041 -0.0065503716 0.00046794116 -0.036395006
0.462 -0.02973589 -0.007579375 -0.002154636 -0.03561252 -0.029484553 -0.007505439 -0.0005678013 -0.036786973
0.4625 -0.03021287 -0.008531543 -0.003172277 -0.03600035 -0.029952262 -0.008443467 -0.0015867874 -0.037173547
0.463 -0.03068335 -0.009466644 -0.00417288 -0.03638284 -0.030413615 -0.009364784 -0.0025893599 -0.037554823
0.4635 -0.03114741 -0.01038501 -0.005156733 -0.03676008 -0.030868703 -0.010269709 -0.0035757422 -0.037930872
0.464 -0.03160515 -0.01128696 -0.006124117 -0.03713215 -0.031317607 -0.011158571 -0.0045462027 -0.03830176
0.4645 -0.03205665 -0.01217282 -0.007075314 -0.03749912 -0.031760417 -0.012031689 -0.005501032 -0.03866756
0.465 -0.032502 -0.0130429 -0.008010596 -0.03786106 -0.03219721 -0.012889326 -0.0064404607 -0.03902836
0.4655 -0.03294126 -0.0138975 -0.008930233 -0.03821806 -0.032628074 -0.01373183 -0.0073647276 -0.03938421
0.466 -0.03337454 -0.01473691 -0.00983449 -0.03857018 -0.033053078 -0.014559463 -0.008274101 -0.03973519
0.4665 -0.0338019 -0.01556144 -0.01072363 -0.03891749 -0.033472314 -0.0153725 -0.009168804 -0.040081367
0.467 -0.03422342 -0.01637136 -0.01159791 -0.03926007 -0.033885866 -0.016171254 -0.010049097 -0.040422793
0.4675 -0.0346392 -0.01716696 -0.01245757 -0.03959798 -0.0342938 -0.016955968 -0.010915205 -0.040759552
0.468 -0.0350493 -0.01794851 -0.01330288 -0.03993129 -0.034696195 -0.017726917 -0.01176735 -0.0410917
0.4685 -0.0354538 -0.01871628 -0.01413407 -0.04026008 -0.03509313 -0.01848438 -0.012605771 -0.0414193
0.469 -0.03585277 -0.01947053 -0.01495138 -0.04058439 -0.035484664 -0.019228574 -0.013430685 -0.04174242
0.4695 -0.0362463 -0.02021152 -0.01575506 -0.04090431 -0.03587091 -0.019959785 -0.014242329 -0.042061117
0.47 -0.03663445 -0.0209395 -0.01654532 -0.04121989 -0.036251903 -0.02067823 -0.015040889 -0.04237545
0.4705 -0.0370173 -0.02165472 -0.0173224 -0.0415312 -0.03662774 -0.02138418 -0.015826613 -0.042685483
0.471 -0.03739492 -0.02235743 -0.01808653 -0.04183829 -0.03699846 -0.022077858 -0.016599663 -0.04299127
0.4715 -0.03776738 -0.02304784 -0.01883792 -0.04214123 -0.03736417 -0.022759479 -0.017360292 -0.04329287
0.472 -0.03813475 -0.02372621 -0.01957679 -0.04244008 -0.037724916 -0.023429282 -0.01810868 -0.04359034
0.4725 -0.03849711 -0.02439276 -0.02030336 -0.04273489 -0.03808076 -0.024087481 -0.018845022 -0.04388374
0.473 -0.03885451 -0.02504771 -0.02101783 -0.04302573 -0.0384318 -0.024734307 -0.019569524 -0.044173125
0.4735 -0.03920703 -0.02569127 -0.02172041 -0.04331265 -0.03877807 -0.025369953 -0.020282358 -0.04445855
0.474 -0.03955473 -0.02632367 -0.02241131 -0.04359571 -0.03911965 -0.025994644 -0.020983733 -0.044740066
0.4745 -0.03989769 -0.02694511 -0.02309071 -0.04387496 -0.0394566 -0.026608575 -0.021673843 -0.045017727
0.475 -0.04023595 -0.0275558 -0.02375883 -0.04415045 -0.039788984 -0.027211927 -0.02235286 -0.045291584
0.4755 -0.0405696 -0.02815593 -0.02441585 -0.04442224 -0.040116876 -0.02780493 -0.023020945 -0.045561694
0.476 -0.04089868 -0.02874571 -0.02506196 -0.04469039 -0.04044032 -0.028387751 -0.02367831 -0.045828097
0.4765 -0.04122327 -0.02932533 -0.02569735 -0.04495493 -0.0407594 -0.028960586 -0.024325095 -0.04609086
0.477 -0.04154343 -0.02989498 -0.02632219 -0.04521593 -0.04107415 -0.029523626 -0.024961501 -0.046350017
0.4775 -0.04185921 -0.03045484 -0.02693668 -0.04547344 -0.041384652 -0.030077036 -0.025587663 -0.04660562
0.478 -0.04217067 -0.0310051 -0.02754098 -0.0457275 -0.041690942 -0.030621 -0.026203796 -0.046857722
0.4785 -0.04247789 -0.03154593 -0.02813527 -0.04597816 -0.0419931 -0.031155687 -0.026810013 -0.04710637
0.479 -0.0427809 -0.03207751 -0.02871972 -0.04622547 -0.04229117 -0.031681277 -0.027406499 -0.047351606
0.4795 -0.04307978 -0.03260001 -0.0292945 -0.04646948 -0.0425852 -0.032197922 -0.02799341 -0.047593486
0.48 -0.04337457 -0.03311359 -0.02985977 -0.04671023 -0.04287527 -0.032705795 -0.028570883 -0.047832042
0.4805 -0.04366534 -0.03361843 -0.0304157 -0.04694777 -0.043161422 -0.03320506 -0.029139102 -0.048067328
0.481 -0.04395214 -0.03411468 -0.03096244 -0.04718214 -0.043443702 -0.033695847 -0.0296982 -0.048299376
0.4815 -0.04423502 -0.03460249 -0.03150016 -0.04741339 -0.04372217 -0.034178328 -0.030248322 -0.04852825
0.482 -0.04451404 -0.03508203 -0.032029 -0.04764157 -0.043996885 -0.034652665 -0.030789621 -0.048753977
0.4825 -0.04478925 -0.03555345 -0.03254912 -0.0478667 -0.04426788 -0.035118975 -0.03132224 -0.048976608
0.483 -0.0450607 -0.03601689 -0.03306066 -0.04808884 -0.044535227 -0.035577424 -0.031846322 -0.049196176
0.4835 -0.04532845 -0.03647251 -0.03356378 -0.04830803 -0.044798966 -0.036028154 -0.03236197 -0.049412735
0.484 -0.04559254 -0.03692043 -0.0340586 -0.04852431 -0.045059152 -0.03647129 -0.032869376 -0.049626306
0.4845 -0.04585303 -0.03736081 -0.03454529 -0.04873772 -0.045315832 -0.036906984 -0.033368625 -0.04983695
0.485 -0.04610997 -0.03779378 -0.03502397 -0.0489483 -0.04556904 -0.037335373 -0.03385988 -0.0500447
0.4855 -0.0463634 -0.03821948 -0.03549478 -0.04915609 -0.04581883 -0.037756566 -0.034343258 -0.05024959
0.486 -0.04661337 -0.03863803 -0.03595786 -0.04936112 -0.04606527 -0.038170703 -0.034818888 -0.05045166
0.4865 -0.04685993 -0.03904957 -0.03641334 -0.04956344 -0.046308376 -0.038577907 -0.035286896 -0.050650947
0.487 -0.04710313 -0.03945422 -0.03686134 -0.04976308 -0.046548225 -0.038978305 -0.03574741 -0.050847493
0.4875 -0.04734302 -0.03985211 -0.03730199 -0.04996008 -0.046784837 -0.03937202 -0.036200546 -0.05104134
0.488 -0.04757964 -0.04024336 -0.03773542 -0.05015448 -0.04701826 -0.03975917 -0.036646403 -0.051232517
0.4885 -0.04781303 -0.04062808 -0.03816175 -0.05034631 -0.047248546 -0.040139858 -0.037085123 -0.051421054
0.489 -0.04804323 -0.04100641 -0.03858111 -0.0505356 -0.047475737 -0.04051421 -0.037516817 -0.051606998
0.4895 -0.04827031 -0.04137844 -0.0389936 -0.05072239 -0.047699872 -0.040882334 -0.037941605 -0.05179038
0.49 -0.04849429 -0.0417443 -0.03939935 -0.05090672 -0.047920987 -0.04124435 -0.03835959 -0.051971234
0.4905 -0.04871521 -0.0421041 -0.03979848 -0.05108863 -0.048139133 -0.04160036 -0.03877089 -0.052149594
0.491 -0.04893313 -0.04245793 -0.04019108 -0.05126813 -0.048354354 -0.04195047 -0.039175615 -0.052325495
0.4915 -0.04914809 -0.04280592 -0.04057728 -0.05144527 -0.048566677 -0.04229478 -0.03957385 -0.052498974
0.492 -0.04936011 -0.04314816 -0.04095719 -0.05162007 -0.048776157 -0.042633403 -0.039965704 -0.05267005
0.4925 -0.04956925 -0.04348475 -0.0413309 -0.05179258 -0.048982814 -0.042966418 -0.040351316 -0.052838773
0.493 -0.04977554 -0.0438158 -0.04169853 -0.05196281 -0.049186703 -0.043293938 -0.040730745 -0.05300516
0.4935 -0.04997903 -0.04414141 -0.04206017 -0.05213081 -0.04938785 -0.04361606 -0.041104093 -0.053169254
0.494 -0.05017975 -0.04446167 -0.04241594 -0.0522966 -0.049586304 -0.04393288 -0.04147149 -0.053331085
0.4945 -0.05037774 -0.04477667 -0.04276592 -0.05246021 -0.049782094 -0.044244483 -0.041833 -0.053490676
0.495 -0.05057303 -0.04508651 -0.04311022 -0.05262168 -0.04997527 -0.044550966 -0.04218874 -0.053648066
0.4955 -0.05076567 -0.04539128 -0.04344893 -0.05278102 -0.050165847 -0.044852417 -0.042538777 -0.053803273
0.496 -0.0509557 -0.04569107 -0.04378215 -0.05293828 -0.050353877 -0.045148913 -0.042883225 -0.05395634
0.4965 -0.05114314 -0.04598596 -0.04410996 -0.05309347 -0.05053938 -0.045440547 -0.043222196 -0.054107293
0.497 -0.05132803 -0.04627605 -0.04443247 -0.05324663 -0.0507224 -0.045727424 -0.04355572 -0.054256156
0.4975 -0.05151041 -0.04656141 -0.04474976 -0.05339778 -0.05090298 -0.04600959 -0.043883912 -0.05440296
0.498 -0.05169031 -0.04684213 -0.04506192 -0.05354696 -0.051081136 -0.046287157 -0.044206887 -0.054547727
0.4985 -0.05186778 -0.0471183 -0.04536903 -0.05369418 -0.05125691 -0.04656018 -0.044524707 -0.0546905
0.499 -0.05204283 -0.04738998 -0.04567118 -0.05383947 -0.05143033 -0.046828747 -0.044837415 -0.05483129
0.4995 -0.05221551 -0.04765726 -0.04596846 -0.05398286 -0.051601436 -0.047092948 -0.04514517 -0.054970134
0.5 -0.05238584 -0.04792022 -0.04626094 -0.05412438 -0.051770262 -0.04735284 -0.045448005 -0.05510705
