0.0 -0.065 -0.065 -0.065 -0.065 -0.29037926 -0.12888935 -0.60190094 0.13070828
0.0005 -0.05511906 -0.06497472 -0.06425375 -0.06000112 0.16748734 0.21716392 0.0031750351 -0.48773256
0.001 -0.04309708 -0.06484117 -0.06285445 -0.05492066 0.08959942 0.28675604 0.047301725 -0.054618154
0.0015 -0.03518887 -0.06462445 -0.06183534 -0.05098261 0.20833683 0.03297495 0.044886157 0.095616505
0.002 -0.03004616 -0.06435921 -0.0611325 -0.04749894 -0.030218855 -0.07134808 0.19548751 0.0872643
0.0025 -0.02630098 -0.06406423 -0.06058822 -0.04421088 0.1209694 -0.121908404 0.19884603 0.057778236
0.003 -0.02321828 -0.06374894 -0.06011302 -0.04104154 0.12103091 -0.0024372432 0.2845713 0.05302232
0.0035 -0.02045357 -0.06341835 -0.05966556 -0.03796673 0.11870368 0.016006907 0.1668021 0.15196985
0.004 -0.01785162 -0.06307538 -0.05922797 -0.03497682 0.12537862 0.06352987 0.24277736 0.054850515
0.0045 -0.01534266 -0.06272186 -0.05879265 -0.0320666 0.12229121 0.06926412 0.1692429 0.11587289
0.005 -0.01289653 -0.06235884 -0.05835678 -0.02923289 0.12436737 0.07825827 0.20609479 0.08174747
0.0055 -0.01050781 -0.06198563 -0.05791971 -0.02647518 0.108524114 0.08001927 0.18629192 0.104026794
0.006 -0.008161975 -0.06160462 -0.05748122 -0.02378961 0.12705104 0.07823404 0.20107685 0.08433312
0.0065 -0.005847336 -0.06121775 -0.05704079 -0.0211718 0.11765498 0.08500538 0.19456361 0.09851834
0.007 -0.003559917 -0.06082619 -0.05659826 -0.01861885 0.12267494 0.08230246 0.19249405 0.09526771
0.0075 -0.001299393 -0.06043073 -0.0561548 -0.01612843 0.118471 0.08645324 0.1969728 0.09209865
0.008 0.0009242405 -0.06003206 -0.05573594 -0.01370542 0.121691346 0.0832183 0.19095455 0.09622437
0.0085 0.003103787 -0.05963101 -0.05531886 -0.01134972 0.11980526 0.085518695 0.19666831 0.092428565
0.009 0.005253349 -0.05922816 -0.05488995 -0.009051318 0.120056674 0.084150575 0.1920463 0.09608668
0.0095 0.007377967 -0.05882292 -0.0544494 -0.006804928 0.1207753 0.084952466 0.19585954 0.09254196
0.01 0.009469591 -0.0584141 -0.05400171 -0.004609508 0.120029196 0.08462601 0.19298197 0.09558174
0.0105 0.01153594 -0.05800302 -0.05354962 -0.002465468 0.12068418 0.08474063 0.19478048 0.093494266
0.011 0.0135826 -0.05759047 -0.05309455 -0.0003699574 0.11999795 0.08486798 0.1937875 0.094699144
0.0115 0.01560896 -0.05717685 -0.05263828 0.00167908 0.12063594 0.08460898 0.19419803 0.094044834
0.012 0.01761171 -0.05676235 -0.05218363 0.003683122 0.120140836 0.08486926 0.19417758 0.09434265
0.0125 0.01958998 -0.05634707 -0.05172938 0.005643473 0.120467156 0.08464592 0.19398724 0.09431207
0.013 0.02154299 -0.05593109 -0.05127499 0.007561253 0.12028058 0.084834285 0.19428374 0.0941636
0.0135 0.02346988 -0.055474 -0.05082035 0.009437739 0.12037937 0.08468834 0.19395567 0.0943988
0.014 0.02537034 -0.0548659 -0.05036132 0.01127556 0.12033981 0.08479097 0.19425465 0.09415278
0.0145 0.02724395 -0.05422825 -0.04989842 0.01307375 0.120332986 0.08473004 0.19401138 0.094369024
0.015 0.02909041 -0.05362102 -0.04943526 0.01483282 0.12036757 0.08475842 0.19419263 0.0941942
0.0155 0.03090993 -0.05306498 -0.04897425 0.016554 0.12032345 0.08475005 0.1940703 0.09432542
0.016 0.03270291 -0.05256178 -0.04851657 0.0182385 0.12036675 0.08474631 0.19414364 0.09423646
0.0165 0.03446977 -0.0521048 -0.04806257 0.01988742 0.12032932 0.08475763 0.19410785 0.094289094
0.017 0.03621096 -0.05168471 -0.04761217 0.02150181 0.12035893 0.084743254 0.19411717 0.09426427
0.0175 0.03792688 -0.05129212 -0.0471651 0.02308266 0.12033737 0.08475719 0.19412424 0.09427002
0.018 0.03961791 -0.05091882 -0.04672104 0.02463091 0.12035146 0.08474534 0.19410871 0.09427574
0.0185 0.04128441 -0.05055811 -0.04627969 0.02614746 0.120343596 0.084754564 0.19412713 0.09426418
0.019 0.04292674 -0.05020481 -0.04584081 0.02763317 0.12034683 0.08474804 0.1941094 0.09427768
0.0195 0.04454523 -0.04985508 -0.0454042 0.02908886 0.12034662 0.08475221 0.1941245 0.09426463
0.02 0.04614019 -0.04950622 -0.04496972 0.03051533 0.120345116 0.084749915 0.1941127 0.0942758
0.0205 0.04771192 -0.04915638 -0.0445373 0.03191334 0.12034735 0.08475096 0.19412099 0.09426734
0.021 0.04926073 -0.04880441 -0.04410688 0.03328362 0.12034479 0.08475075 0.19411577 0.09427312
0.0215 0.05078691 -0.04844969 -0.04367845 0.0346269 0.120347336 0.08475029 0.19411863 0.094269484
0.022 0.05229075 -0.04809192 -0.04325202 0.03594384 0.12034534 0.08475108 0.19411747 0.09427154
0.0225 0.05377251 -0.0477311 -0.0428276 0.03723512 0.12034671 0.08475026 0.19411753 0.09427059
0.023 0.05523249 -0.0473674 -0.04240524 0.03850137 0.12034573 0.084751 0.19411825 0.094270736
0.0235 0.05667095 -0.0470011 -0.04198498 0.03974321 0.12034634 0.08475026 0.1941172 0.09427118
0.024 0.05808818 -0.04663255 -0.04156686 0.04096124 0.12034613 0.08475075 0.19411822 0.0942705
0.0245 0.05948443 -0.04626213 -0.04115094 0.04215604 0.1203462 0.08475045 0.1941172 0.09427121
0.025 0.06085998 -0.04589023 -0.04073727 0.04332818 0.12034616 0.08475066 0.19411804 0.0942705
0.0255 0.06221509 -0.04551725 -0.0403259 0.04447818 0.12034601 0.084750496 0.19411741 0.094270974
0.026 0.06355004 -0.04514356 -0.03991688 0.04560657 0.12034617 0.084750615 0.19411798 0.09427062
0.0265 0.06486507 -0.04476952 -0.03951027 0.04671388 0.12034598 0.08475057 0.19411756 0.094270974
0.027 0.06616046 -0.04439544 -0.0391061 0.04780057 0.12034623 0.084750526 0.19411789 0.094270706
0.0275 0.06743646 -0.04402164 -0.03870442 0.04886715 0.12034601 0.08475066 0.19411771 0.094270945
0.028 0.06869333 -0.04364837 -0.03830527 0.04991406 0.12034622 0.084750496 0.19411771 0.094270915
0.0285 0.06993132 -0.0432759 -0.0379087 0.05094176 0.1203462 0.08475057 0.1941178 0.094270766
0.029 0.0711507 -0.04290444 -0.03751473 0.05195068 0.12034617 0.0847506 0.19411765 0.094270885
0.0295 0.07235171 -0.04253418 -0.0371234 0.05294125 0.120346114 0.084750615 0.19411774 0.094270825
0.03 0.0735346 -0.04216531 -0.03673475 0.05391387 0.12034625 0.084750496 0.19411771 0.094270766
0.0305 0.07469961 -0.04179801 -0.0363488 0.05486894 0.120346114 0.084750585 0.19411774 0.094270855
0.031 0.07584694 -0.0414325 -0.03596558 0.05580678 0.12034613 0.0847506 0.19411777 0.094270885
0.0315 0.07696505 -0.04106858 -0.03559181 0.05672168 0.120346144 0.08475054 0.19411762 0.094270885
0.032 0.07804614 -0.04070677 -0.03522881 0.05761119 0.12034617 0.084750496 0.19411777 0.094270855
0.0325 0.07911125 -0.04034781 -0.03486628 0.05848446 0.12034619 0.08475051 0.19411765 0.094270855
0.033 0.08016972 -0.03999183 -0.03450168 0.05934472 0.120346144 0.084750585 0.19411777 0.094270855
0.0335 0.081222 -0.0396386 -0.03413577 0.06019262 0.12034616 0.084750585 0.19411771 0.094270855
0.034 0.08226563 -0.0392879 -0.03376999 0.06102805 0.120346144 0.0847506 0.19411768 0.094270855
0.0345 0.08329797 -0.03893955 -0.03340553 0.0618508 0.120346144 0.084750555 0.19411771 0.094270766
0.035 0.08431706 -0.03859346 -0.0330432 0.06266073 0.12034617 0.084750555 0.19411771 0.094270766
0.0355 0.08532169 -0.03824956 -0.0326835 0.06345778 0.12034613 0.084750585 0.19411771 0.094270855
0.036 0.08631122 -0.03790784 -0.03232672 0.06424194 0.1203462 0.084750585 0.19411771 0.094270825
0.0365 0.08728553 -0.03756828 -0.03197297 0.06501333 0.12034619 0.084750585 0.19411777 0.094270736
0.037 0.08824467 -0.03723089 -0.03162233 0.06577208 0.12034619 0.084750555 0.19411768 0.094270796
0.0375 0.08918873 -0.03689571 -0.03127479 0.06651832 0.12034619 0.084750615 0.19411783 0.094270736
0.038 0.09011788 -0.03656277 -0.03093036 0.06725219 0.12034616 0.084750555 0.19411762 0.094270885
0.0385 0.09103233 -0.03623214 -0.030589 0.06797385 0.12034619 0.084750555 0.19411783 0.094270796
0.039 0.09193234 -0.03590385 -0.03025069 0.06868348 0.12034619 0.08475054 0.19411765 0.094270885
0.0395 0.09281816 -0.03557795 -0.02991541 0.06938128 0.12034625 0.084750555 0.19411777 0.094270796
0.04 0.09369005 -0.03525447 -0.02958313 0.07006743 0.12034617 0.084750555 0.19411774 0.094270855
0.0405 0.09454828 -0.03493346 -0.02925383 0.07074213 0.12034616 0.08475054 0.19411777 0.094270766
0.041 0.09539309 -0.03461494 -0.02892749 0.07140559 0.1203462 0.084750496 0.19411768 0.094270796
0.0415 0.09622472 -0.03429893 -0.02860409 0.072058 0.12034616 0.084750555 0.19411777 0.094270796
0.042 0.09704341 -0.03398545 -0.02828362 0.07269958 0.12034617 0.084750526 0.19411768 0.094270885
0.0425 0.09784939 -0.03367452 -0.02796606 0.07333051 0.12034616 0.084750526 0.19411777 0.094270766
0.043 0.09864285 -0.03336615 -0.0276514 0.073951 0.1203462 0.084750496 0.19411768 0.094270796
0.0435 0.09942402 -0.03306035 -0.02733963 0.07456124 0.12034622 0.08475057 0.19411783 0.094270736
0.044 0.1001931 -0.03275712 -0.02703074 0.07516143 0.12034616 0.08475054 0.19411765 0.094270915
0.0445 0.1009503 -0.03245648 -0.02672471 0.07575176 0.12034622 0.0847506 0.19411786 0.094270766
0.045 0.1016957 -0.03215842 -0.02642153 0.0763324 0.12034617 0.084750555 0.19411768 0.094270915
0.0455 0.1024296 -0.03186294 -0.02612119 0.07690355 0.12034622 0.084750585 0.1941178 0.094270736
0.046 0.1031522 -0.03157004 -0.02582368 0.07746537 0.12034617 0.0847506 0.19411771 0.094270825
0.0465 0.1038636 -0.03127972 -0.02552899 0.07801806 0.12034616 0.084750585 0.19411777 0.094270855
0.047 0.1045641 -0.03099198 -0.0252371 0.07856177 0.12034617 0.084750555 0.19411768 0.094270855
0.0475 0.1052537 -0.03070681 -0.02494801 0.07909667 0.12034613 0.08475054 0.19411774 0.094270825
0.048 0.1059326 -0.03042421 -0.02466169 0.07962294 0.1203462 0.084750496 0.19411768 0.094270796
0.0485 0.1066011 -0.03014416 -0.02437815 0.08014072 0.12034619 0.08475057 0.19411786 0.094270766
0.049 0.1072592 -0.02986667 -0.02409736 0.08065018 0.12034619 0.08475054 0.19411762 0.094270885
0.0495 0.1079071 -0.02959173 -0.0238193 0.08115148 0.12034622 0.084750615 0.19411786 0.094270825
0.05 0.1085449 -0.02931921 -0.02354405 0.08164306 0.12034617 0.084750555 0.19411768 0.094270885
0.0505 0.1091719 -0.02904907 -0.02327194 0.08212325 0.12034619 0.084750585 0.1941178 0.094270796
0.051 0.1097884 -0.02878149 -0.02300274 0.08259535 0.12034622 0.08475054 0.19411771 0.094270885
0.0515 0.1103952 -0.02851654 -0.02273615 0.08306082 0.12034617 0.08475057 0.19411774 0.094270796
0.052 0.1109931 -0.0282542 -0.02247203 0.08351996 0.12034617 0.08475051 0.19411768 0.094270766
0.0525 0.111582 -0.02799443 -0.0222104 0.08397268 0.12034622 0.084750585 0.19411783 0.094270766
0.053 0.112162 -0.02773719 -0.02195129 0.08441883 0.120346144 0.084750555 0.19411768 0.094270885
0.0535 0.1127331 -0.02748243 -0.02169475 0.08485838 0.12034622 0.08475057 0.19411774 0.094270766
0.054 0.1132955 -0.02723013 -0.02144077 0.08529141 0.120346144 0.084750615 0.19411774 0.094270855
0.0545 0.1138494 -0.02698024 -0.02118936 0.08571797 0.12034622 0.08475057 0.19411777 0.094270736
0.055 0.1143948 -0.02673276 -0.0209405 0.08613814 0.12034617 0.08475057 0.19411771 0.094270855
0.0555 0.1149321 -0.02648766 -0.02069419 0.08655198 0.12034613 0.084750555 0.19411774 0.094270825
0.056 0.1154612 -0.02624492 -0.0204504 0.08695957 0.12034617 0.084750526 0.19411768 0.094270796
0.0565 0.1159809 -0.02600453 -0.02020974 0.08734127 0.12034616 0.084750585 0.19411783 0.094270766
0.057 0.1164521 -0.02576681 -0.01998611 0.08761464 0.12034619 0.08475057 0.19411762 0.094270855
0.0575 0.1168859 -0.02553237 -0.01977064 0.08789192 0.12034619 0.084750615 0.19411786 0.094270766
0.058 0.1173194 -0.02530106 -0.01955226 0.0881941 0.12034619 0.08475054 0.19411759 0.094270885
0.0585 0.117765 -0.02507248 -0.01932949 0.08850793 0.12034622 0.08475063 0.19411783 0.094270796
0.059 0.1182177 -0.0248463 -0.01910415 0.08883275 0.120346144 0.084750555 0.19411765 0.094270915
0.0595 0.1186586 -0.02462246 -0.01887981 0.08916168 0.12034622 0.08475057 0.19411777 0.094270736
0.06 0.1190961 -0.02440097 -0.01865721 0.08949432 0.12034617 0.084750555 0.19411771 0.094270825
0.0605 0.1195377 -0.0241818 -0.01843587 0.0898239 0.12034613 0.08475054 0.19411774 0.094270825
0.061 0.1199833 -0.02396487 -0.01821592 0.09015521 0.1203462 0.084750496 0.19411768 0.094270796
0.0615 0.1204299 -0.02375008 -0.0179977 0.0904891 0.12034619 0.08475057 0.19411786 0.094270766
0.062 0.1208746 -0.02353734 -0.01778153 0.09082434 0.12034619 0.08475054 0.19411762 0.094270885
0.0625 0.1213151 -0.02332661 -0.01756762 0.09115955 0.12034622 0.084750615 0.19411786 0.094270825
0.063 0.1217498 -0.02311784 -0.0173561 0.09149358 0.12034617 0.084750555 0.19411768 0.094270885
0.0635 0.1221781 -0.02291102 -0.01714702 0.09182553 0.12034619 0.084750585 0.1941178 0.094270796
0.064 0.1225994 -0.02270613 -0.01694037 0.09215474 0.12034622 0.08475054 0.19411771 0.094270885
0.0645 0.1230136 -0.02250319 -0.01673613 0.09248067 0.12034617 0.08475057 0.19411774 0.094270796
0.065 0.1234209 -0.02230219 -0.01653426 0.09280294 0.12034617 0.08475051 0.19411768 0.094270766
0.0655 0.1238214 -0.02210314 -0.01633472 0.09312127 0.12034622 0.084750585 0.19411783 0.094270766
0.066 0.1242151 -0.02190604 -0.01613745 0.09343544 0.120346144 0.084750555 0.19411768 0.094270885
0.0665 0.1246024 -0.02171089 -0.01594243 0.09374531 0.12034622 0.08475057 0.19411774 0.094270766
0.067 0.1249834 -0.02151769 -0.01574961 0.09405078 0.120346144 0.084750615 0.19411774 0.094270855
0.0675 0.1253583 -0.02132645 -0.01555895 0.0943518 0.12034622 0.08475057 0.19411777 0.094270736
0.068 0.1257272 -0.02113716 -0.01537043 0.09464832 0.12034617 0.08475057 0.19411771 0.094270855
0.0685 0.1260902 -0.02094982 -0.01518401 0.09494035 0.12034613 0.084750555 0.19411774 0.094270825
0.069 0.1264476 -0.02076442 -0.01499966 0.09522791 0.12034617 0.084750526 0.19411768 0.094270796
0.0695 0.1267995 -0.02058095 -0.01481737 0.095511 0.12034616 0.084750585 0.19411783 0.094270766
0.07 0.1271459 -0.02039942 -0.0146371 0.09578969 0.12034619 0.08475057 0.19411762 0.094270855
0.0705 0.127487 -0.02021979 -0.01445884 0.09606401 0.12034619 0.084750615 0.19411786 0.094270766
0.071 0.1278229 -0.02004208 -0.01428255 0.09633402 0.12034619 0.08475054 0.19411759 0.094270885
0.0715 0.1281536 -0.01986625 -0.01410824 0.09659977 0.12034622 0.08475063 0.19411783 0.094270796
0.072 0.1284793 -0.01969231 -0.01393586 0.09686134 0.120346144 0.084750555 0.19411765 0.094270915
0.0725 0.1288 -0.01952024 -0.01376541 0.09711879 0.12034622 0.08475057 0.19411777 0.094270736
0.073 0.1291156 -0.01935002 -0.01359686 0.09737215 0.12034617 0.084750555 0.19411771 0.094270825
0.0735 0.1294263 -0.01918164 -0.01343021 0.0976215 0.12034613 0.08475054 0.19411774 0.094270825
0.074 0.1297323 -0.01901509 -0.01326542 0.09786689 0.1203462 0.084750496 0.19411768 0.094270796
0.0745 0.1300337 -0.01885035 -0.01310248 0.09810842 0.12034619 0.08475057 0.19411786 0.094270766
0.075 0.1303307 -0.01868741 -0.01294138 0.09834605 0.12034619 0.08475054 0.19411762 0.094270885
0.0755 0.1306231 -0.01852624 -0.01278211 0.0985797 0.12034622 0.084750615 0.19411786 0.094270825
0.076 0.1309111 -0.01836682 -0.01262466 0.09880965 0.12034617 0.084750555 0.19411768 0.094270885
0.0765 0.1311948 -0.01820917 -0.01246899 0.09903611 0.12034619 0.084750585 0.1941178 0.094270796
0.077 0.1314716 -0.01805327 -0.01231519 0.09920122 0.12034622 0.08475054 0.19411771 0.094270885
0.0775 0.1317045 -0.01789889 -0.01214443 0.09928012 0.12034617 0.08475057 0.19411774 0.094270796
0.078 0.1318882 -0.01774589 -0.01197744 0.09937186 0.12034617 0.08475051 0.19411768 0.094270766
0.0785 0.1320711 -0.01759469 -0.01182314 0.09949353 0.12034622 0.084750585 0.19411783 0.094270766
0.079 0.1322747 -0.01744557 -0.01167796 0.09964215 0.120346144 0.084750555 0.19411768 0.094270885
0.0795 0.1324997 -0.01729859 -0.01153806 0.09981118 0.12034622 0.08475057 0.19411774 0.094270766
0.08 0.1327402 -0.01715373 -0.01140101 0.09996184 0.120346144 0.084750615 0.19411774 0.094270855
0.0805 0.1329894 -0.01701116 -0.01126558 0.1000311 0.12034622 0.08475057 0.19411777 0.094270736
0.081 0.1332418 -0.01687061 -0.01113123 0.1001339 0.12034617 0.08475057 0.19411771 0.094270855
0.0815 0.1334941 -0.01673182 -0.01099773 0.1002526 0.12034613 0.084750555 0.19411774 0.094270825
0.082 0.1337441 -0.01659459 -0.01086505 0.1002978 0.12034617 0.084750526 0.19411768 0.094270796
0.0825 0.1339904 -0.01645885 -0.01073327 0.1003843 0.12034616 0.084750585 0.19411783 0.094270766
0.083 0.1342326 -0.01632454 -0.01060245 0.100518 0.12034619 0.08475057 0.19411762 0.094270855
0.0835 0.1344705 -0.01619162 -0.01047265 0.1006858 0.12034619 0.084750615 0.19411786 0.094270766
0.084 0.1347042 -0.01606007 -0.01034395 0.1008764 0.12034619 0.08475054 0.19411759 0.094270885
0.0845 0.1349337 -0.01592987 -0.0102164 0.1010817 0.12034622 0.08475063 0.19411783 0.094270796
0.085 0.1351591 -0.01580102 -0.01009007 0.1012957 0.120346144 0.084750555 0.19411765 0.094270915
0.0855 0.1353807 -0.01567352 -0.009964985 0.1015143 0.12034622 0.08475057 0.19411777 0.094270736
0.086 0.1355985 -0.01554735 -0.009841184 0.1017344 0.12034617 0.084750555 0.19411771 0.094270825
0.0865 0.1358127 -0.01542253 -0.009718686 0.1019537 0.12034613 0.08475054 0.19411774 0.094270825
0.087 0.1360235 -0.01529903 -0.009597503 0.1021709 0.1203462 0.084750496 0.19411768 0.094270796
0.0875 0.1362309 -0.01517687 -0.009477644 0.1023849 0.12034619 0.08475057 0.19411786 0.094270766
0.088 0.1364351 -0.01505602 -0.00935911 0.1025949 0.12034619 0.08475054 0.19411762 0.094270885
0.0885 0.1366361 -0.01493649 -0.009241901 0.1028006 0.12034622 0.084750615 0.19411786 0.094270825
0.089 0.136834 -0.01481828 -0.009126012 0.1030016 0.12034617 0.084750555 0.19411768 0.094270885
0.0895 0.1370289 -0.01470136 -0.009011437 0.1031979 0.12034619 0.084750585 0.1941178 0.094270796
0.09 0.1372209 -0.01458573 -0.008898169 0.1033894 0.12034622 0.08475054 0.19411771 0.094270885
0.0905 0.1374098 -0.0144714 -0.00878621 0.103576 0.12034617 0.08475057 0.19411774 0.094270796
0.091 0.1375956 -0.01435836 -0.008675603 0.1037576 0.12034617 0.08475051 0.19411768 0.094270766
0.0915 0.1377782 -0.01424662 -0.008566345 0.1039344 0.12034622 0.084750585 0.19411783 0.094270766
0.092 0.137958 -0.01413617 -0.00845838 0.1041067 0.120346144 0.084750555 0.19411768 0.094270885
0.0925 0.1381353 -0.01402699 -0.008351653 0.104275 0.12034622 0.08475057 0.19411774 0.094270766
0.093 0.1383102 -0.01391907 -0.008246134 0.1044394 0.120346144 0.084750615 0.19411774 0.094270855
0.0935 0.1384812 -0.01381238 -0.008141809 0.1046 0.12034622 0.08475057 0.19411777 0.094270736
0.094 0.1386453 -0.01370691 -0.008038703 0.1047569 0.12034617 0.08475057 0.19411771 0.094270855
0.0945 0.1388065 -0.01360263 -0.007936824 0.1049102 0.12034613 0.084750555 0.19411774 0.094270825
0.095 0.1389663 -0.01349954 -0.007836143 0.1050601 0.12034617 0.084750526 0.19411768 0.094270796
0.0955 0.1391251 -0.01339766 -0.007736635 0.1051993 0.12034616 0.084750585 0.19411783 0.094270766
0.096 0.1392817 -0.01329718 -0.007638346 0.105325 0.12034619 0.08475057 0.19411762 0.094270855
0.0965 0.1394357 -0.01319813 -0.0075413 0.1054496 0.12034619 0.084750615 0.19411786 0.094270766
0.097 0.1395874 -0.01310045 -0.007445444 0.1055751 0.12034619 0.08475054 0.19411759 0.094270885
0.0975 0.1397371 -0.01300403 -0.007350716 0.1057013 0.12034622 0.08475063 0.19411783 0.094270796
0.098 0.1398853 -0.01290876 -0.007257077 0.1058276 0.120346144 0.084750555 0.19411765 0.094270915
0.0985 0.140032 -0.01281458 -0.007164508 0.1059535 0.12034622 0.08475057 0.19411777 0.094270736
0.099 0.1401772 -0.01272142 -0.007073002 0.1060787 0.12034617 0.084750555 0.19411771 0.094270825
0.0995 0.1403209 -0.01262925 -0.006982552 0.1062026 0.12034613 0.08475054 0.19411774 0.094270825
0.1 0.1404631 -0.01253805 -0.006893153 0.1063252 0.2308577 0.6885176 0.6303428 -0.16730067
0.1005 0.1318773 -0.002070746 -0.006497063 0.1123863 0.21382283 0.8533926 0.43726408 0.37852788
0.101 0.1229709 0.01349618 -0.005467599 0.1185883 0.10352829 0.7762441 0.5186876 0.11276215
0.1015 0.1179829 0.03117198 -0.004174923 0.1231392 0.045624733 0.83788687 0.5182576 0.2157725
0.102 0.1151942 0.04985438 -0.002766019 0.1269333 0.111617446 0.8305626 0.38966012 0.2326916
0.1025 0.1134171 0.0690616 -0.00125283 0.1303762 0.071826786 0.8433372 0.39319074 0.17931385
0.103 0.1121001 0.08856015 0.0003633261 0.1336018 0.08413553 0.88255984 0.36815608 0.20982614
0.1035 0.1109938 0.1082161 0.002064972 0.1366399 0.08043295 0.86840945 0.34675628 0.1811768
0.104 0.1099815 0.1279351 0.00383274 0.139502 0.073571324 0.8725895 0.31300455 0.1952004
0.1045 0.1090395 0.1476404 0.005681258 0.14222 0.07409078 0.87809724 0.30675787 0.17638075
0.105 0.1081609 0.1672663 0.00761342 0.144809 0.0750587 0.8817186 0.2881294 0.1787306
0.1055 0.1073373 0.1867546 0.00962449 0.1472779 0.07403085 0.8789784 0.28208673 0.17128232
0.106 0.106571 0.2060559 0.01172262 0.1496356 0.07312016 0.8802566 0.27514648 0.17090094
0.1065 0.1058566 0.2251282 0.01390178 0.1518883 0.07329409 0.87836933 0.2711419 0.1669057
0.107 0.1051871 0.2439357 0.01615303 0.1540411 0.07241933 0.8777603 0.2675284 0.1658534
0.1075 0.1045565 0.2624488 0.01846866 0.1560993 0.0717264 0.8769788 0.26645762 0.16361013
0.108 0.1039604 0.2806441 0.0208428 0.1580674 0.07097457 0.8764758 0.26590228 0.16252583
0.1085 0.1033957 0.2985033 0.02326683 0.1599506 0.07008341 0.87558615 0.26643068 0.16133957
0.109 0.1028604 0.3160108 0.02569632 0.1617535 0.069006324 0.8750863 0.26769155 0.16055554
0.1095 0.1023527 0.3331564 0.02817118 0.1634807 0.067949176 0.8745537 0.26956922 0.15981993
0.11 0.1018715 0.3499358 0.03070914 0.1651275 -0.06879048 0.75275004 0.11405404 0.08128959
0.1105 0.1002708 0.3663245 0.03247299 0.1558816 -0.23000488 0.68130153 0.14527757 -0.19357339
0.111 0.09689362 0.3822437 0.033472 0.1464026 0.12201391 0.6589396 0.07368679 -0.02066492
0.1115 0.09372191 0.397715 0.034927 0.1396328 -0.047567874 0.7208442 0.19800843 -0.014052246
0.112 0.09112844 0.4127775 0.03681473 0.1340207 -0.13327162 0.72877014 0.27315253 0.05782984
0.1125 0.08895006 0.4274562 0.03894923 0.1289174 -0.07106299 0.6783495 0.3751641 -0.044102076
0.113 0.08700753 0.4417666 0.04121403 0.1241164 -0.052818187 0.70547926 0.24887063 0.06417361
0.1135 0.08519056 0.4557197 0.04355277 0.1195499 -0.032624144 0.7545078 0.30374014 0.005036976
0.114 0.08344163 0.4693247 0.04594042 0.1151902 -0.054366075 0.7961163 0.31237578 0.021741446
0.1145 0.08173271 0.4825902 0.04836608 0.1110213 -0.01955925 0.79714775 0.35813475 0.019861396
0.115 0.08005055 0.4955247 0.05082485 0.1070309 -0.02977059 0.788258 0.347143 0.031502184
0.1155 0.07838895 0.5081364 0.05331435 0.1032088 -0.01787638 0.7859303 0.36532044 0.020202842
0.116 0.07674463 0.5204336 0.05583312 0.09954366 -0.01953809 0.7955756 0.3565927 0.02459478
0.1165 0.07511212 0.5324241 0.05837817 0.096017 -0.00821615 0.7956067 0.36064714 0.020621475
0.117 0.07349295 0.5441158 0.06094964 0.09263084 -0.00973288 0.7978954 0.36105597 0.019516375
0.1175 0.07189109 0.5555175 0.06354888 0.08938232 -0.006466992 0.79696214 0.36301643 0.018624153
0.118 0.07030782 0.5666375 0.06617584 0.08626455 -0.007663496 0.79820967 0.36212504 0.017610516
0.1185 0.06874296 0.5774838 0.06882981 0.08327013 -0.0052798614 0.7969925 0.36114436 0.017066803
0.119 0.06719566 0.5880642 0.07150986 0.08039033 -0.0056087077 0.79839206 0.36212432 0.014953222
0.1195 0.06566172 0.5983851 0.07421321 0.07760979 -0.004409589 0.7984413 0.36145204 0.015269961
0.12 0.06414257 0.6084541 0.07693998 0.07493221 -0.0041048154 0.798764 0.36238748 0.013565507
0.1205 0.0626416 0.6182791 0.07969139 0.0723563 -0.0035987496 0.7984301 0.36193746 0.013497796
0.121 0.06115985 0.6278676 0.08246733 0.06987714 -0.0031239688 0.79865587 0.36268264 0.012264397
0.1215 0.05969711 0.6372267 0.08526712 0.06748935 -0.0026344582 0.7984186 0.36241907 0.01198962
0.122 0.05825286 0.646363 0.08808996 0.06518788 -0.0020304918 0.7983645 0.36309534 0.010926988
0.1225 0.05682666 0.6552829 0.09093514 0.06296811 -0.0016068667 0.7981516 0.36304957 0.010498669
0.123 0.05541823 0.6639927 0.09380202 0.06082582 -0.0010112897 0.79798555 0.36348045 0.0096406005
0.1235 0.05402741 0.6724983 0.09669004 0.05875711 -0.00056094676 0.7977367 0.36349714 0.009087589
0.124 0.05265415 0.6808056 0.09959867 0.05675842 1.3209879e-05 0.7975167 0.36380935 0.00830796
0.1245 0.05129844 0.6889202 0.1025275 0.05482642 0.00048327446 0.797274 0.36388493 0.0076998137
0.125 0.04996031 0.6968476 0.1054759 0.05295801 0.0010397956 0.79700565 0.3640985 0.00697669
0.1255 0.04863977 0.7045932 0.1084437 0.0511503 0.0015170053 0.79673505 0.364187 0.006330874
0.126 0.04733685 0.7121621 0.1114302 0.04940058 0.0020489693 0.79644436 0.3643273 0.0056438707
0.1265 0.04605155 0.7195595 0.1144352 0.04770633 0.0025351457 0.7961512 0.36440784 0.0049843453
0.127 0.04478389 0.7267901 0.1174582 0.04606514 0.0030502751 0.7958362 0.36450452 0.004313316
0.1275 0.04353383 0.7338587 0.1204988 0.04447478 0.0035368204 0.79551905 0.36457223 0.0036521219
0.128 0.04230136 0.74077 0.1235566 0.04293311 0.0040366612 0.7951817 0.36463362 0.0029935502
0.1285 0.04108643 0.7475285 0.1266312 0.04143815 0.004520148 0.7948389 0.36468053 0.0023355149
0.129 0.039889 0.7541384 0.1297223 0.039988 0.0050073303 0.7944801 0.36471522 0.0016850494
0.1295 0.038709 0.760604 0.1328295 0.03858087 0.005484488 0.7941141 0.36474168 0.001033809
0.13 0.03754636 0.7669295 0.1359524 0.03721508 0.0059603937 0.7937332 0.3647551 0.0003902577
0.1305 0.03640101 0.7731187 0.1390907 0.03588902 0.0064290427 0.793344 0.36476183 -0.00025323406
0.131 0.03527285 0.7791755 0.142244 0.03460117 0.006893579 0.7929419 0.3647564 -0.00088981166
0.1315 0.0341618 0.7851036 0.1454119 0.0333501 0.007352311 0.7925303 0.36474538 -0.0015248992
0.132 0.03306775 0.7909068 0.1485942 0.03213442 0.0078056715 0.79210716 0.3647241 -0.0021538474
0.1325 0.03199059 0.7965885 0.1517905 0.03095286 0.008253168 0.7916742 0.36469743 -0.0027804114
0.133 0.03093021 0.8021522 0.1550005 0.02980416 0.008694816 0.7912303 0.36466265 -0.0034014918
0.1335 0.0298865 0.8076011 0.1582239 0.02868715 0.009130396 0.79077643 0.36462277 -0.0040191747
0.134 0.02885932 0.8129385 0.1614604 0.02760073 0.009559613 0.7903122 0.36457655 -0.0046317913
0.1345 0.02784857 0.8181675 0.1647096 0.02654381 0.009982675 0.7898381 0.36452603 -0.0052404143
0.135 0.02685409 0.8232911 0.1679713 0.02551539 0.010398909 0.78935385 0.36447054 -0.00584409
0.1355 0.02587576 0.8283124 0.1712452 0.0245145 0.01080877 0.7888599 0.36441147 -0.006443355
0.136 0.02491344 0.8332341 0.1745309 0.02354022 0.011211667 0.7883561 0.364349 -0.007037673
0.1365 0.02396699 0.8380591 0.1778284 0.02259166 0.011607636 0.78784287 0.36428386 -0.0076272823
0.137 0.02303626 0.84279 0.1811372 0.02166798 0.01199653 0.7873201 0.36421633 -0.008211706
0.1375 0.0221211 0.8474295 0.1844571 0.02076839 0.012378164 0.78678775 0.36414725 -0.008791301
0.138 0.02122137 0.8519801 0.1877878 0.01989211 0.012752522 0.7862464 0.36407706 -0.009365771
0.1385 0.02033692 0.8564443 0.1911291 0.0190384 0.01311947 0.7856957 0.3640061 -0.009934995
0.139 0.01946759 0.8608244 0.1944808 0.01820657 0.013478696 0.785136 0.36393535 -0.010498855
0.1395 0.01861323 0.8651229 0.1978426 0.01739593 0.013830446 0.7845672 0.36386484 -0.011057172
0.14 0.01777367 0.8693419 0.2012142 0.01660585 0.014174517 0.78398955 0.36379516 -0.011610184
0.1405 0.01694877 0.8734837 0.2045955 0.01583571 0.014510522 0.78340304 0.3637271 -0.012157891
0.141 0.01613836 0.8775504 0.2079863 0.01508491 0.014838563 0.78280807 0.3636608 -0.012699578
0.1415 0.01534228 0.8815441 0.2113862 0.01435288 0.015158849 0.7822044 0.36359727 -0.0132356025
0.142 0.01456037 0.8854669 0.2147951 0.01363907 0.015470708 0.78159213 0.36353633 -0.013765965
0.1425 0.01379248 0.8893205 0.2182128 0.01294297 0.01577455 0.78097177 0.3634789 -0.0142904855
0.143 0.01303843 0.8931071 0.2216391 0.01226406 0.016070157 0.780343 0.36342523 -0.014808569
0.1435 0.01229807 0.8968283 0.2250737 0.01160187 0.016357433 0.779706 0.36337596 -0.015321109
0.144 0.01157123 0.9004861 0.2285166 0.01095592 0.016636191 0.7790606 0.3633315 -0.015827272
0.1445 0.01085775 0.9040822 0.2319674 0.01032577 0.016906885 0.7784076 0.36329222 -0.016326938
0.145 0.01015747 0.9076182 0.235426 0.009710985 0.01716868 0.77774656 0.36325848 -0.016820762
0.1455 0.009470224 0.9110958 0.2388923 0.00911115 0.017422382 0.7770779 0.36323082 -0.01730803
0.146 0.008795848 0.9145166 0.242366 0.008525864 0.017667377 0.7764014 0.36320972 -0.01778892
0.1465 0.008134182 0.9178821 0.2458469 0.007954743 0.017903637 0.7757174 0.36319548 -0.018263195
0.147 0.007485063 0.921194 0.249335 0.007397412 0.018131487 0.7750258 0.36318848 -0.01873115
0.1475 0.006848331 0.9244536 0.25283 0.006853514 0.018350637 0.774327 0.36318904 -0.019192133
0.148 0.006223824 0.9276624 0.2563318 0.006322702 0.018561304 0.7736207 0.36319786 -0.0196465
0.1485 0.005611382 0.9308217 0.2598402 0.005804641 0.01876317 0.7729076 0.36321497 -0.020093951
0.149 0.005010845 0.933933 0.2633551 0.005299009 0.018956594 0.7721871 0.3632409 -0.020534549
0.1495 0.004422056 0.9369975 0.2668763 0.004805494 0.019141216 0.77145976 0.36327606 -0.020968411
0.15 0.003844856 0.9400166 0.2704037 0.004323794 -0.05069813 0.3498915 0.17780268 0.18616506
0.1505 0.003269258 0.932613 0.2737482 0.003729781 0.017173443 0.23314704 0.29313874 -0.11431232
0.151 0.002680067 0.9200655 0.2767097 0.003085586 -0.036125064 0.39277652 0.5017327 -0.013332639
0.1515 0.002096532 0.9053058 0.2794361 0.002458315 0.08673453 0.35527647 0.34480178 0.050822403
0.152 0.00152259 0.88939 0.2820165 0.001837135 0.00082369894 0.34419712 0.4383043 -0.039377008
0.1525 0.0009577966 0.8728315 0.2845007 0.0012178 0.037627645 0.32916912 0.3497582 0.052771177
0.153 0.000401261 0.8559132 0.2869168 0.0005991083 0.006070882 0.29866716 0.40367907 -0.01677123
0.1535 -0.0001476872 0.838813 0.289281 -1.899716e-05 0.022103183 0.27855942 0.39246106 0.016233232
0.154 -0.0006894736 0.8216557 0.2916042 -0.0006361613 0.02003754 0.292608 0.4157703 -0.008361194
0.1545 -0.001224362 0.8045351 0.2938939 -0.001251899 0.017324574 0.30448332 0.40369058 0.0067375563
0.155 -0.001752527 0.7875247 0.2961559 -0.001865704 0.023061678 0.30140927 0.40536612 0.0021160506
0.1555 -0.002274092 0.770683 0.298395 -0.002477094 0.018353336 0.2970947 0.40479612 0.0016474389
0.156 -0.00278916 0.7540566 0.3006152 -0.003085617 0.018643968 0.29619893 0.40826255 0.0022295974
0.1565 -0.003297817 0.7376827 0.3028201 -0.003690864 0.01729013 0.2938358 0.40926868 0.001232829
0.157 -0.003800143 0.7215907 0.3050127 -0.00429246 0.017919198 0.29318 0.41203994 0.0002888702
0.1575 -0.004296213 0.7058033 0.3071957 -0.004890069 0.017169476 0.2942076 0.41295648 0.00020035729
0.158 -0.0047861 0.6903378 0.3093714 -0.005483384 0.0168752 0.29368117 0.4139259 0.00010862574
0.1585 -0.005269873 0.6752071 0.3115419 -0.006072131 0.016490817 0.29238155 0.41528457 -0.00041613355
0.159 -0.005747599 0.6604199 0.3137092 -0.006656062 0.01594901 0.29155004 0.41683018 -0.00086763874
0.1595 -0.006219711 0.6459819 0.315874 -0.007239635 0.015461661 0.29099032 0.4182747 -0.0011831261
0.16 -0.006686876 0.6318953 0.3180366 -0.007820746 0.015133157 0.29023996 0.41964006 -0.0015935637
0.1605 -0.007148183 0.6181618 0.3202004 -0.008394518 0.014726885 0.28965396 0.4210831 -0.002022121
0.161 -0.007603259 0.6047812 0.3223674 -0.008960824 0.01430577 0.2890845 0.42239958 -0.0023355223
0.1615 -0.008052167 0.5917517 0.3245386 -0.009520028 0.013896838 0.2883937 0.42376286 -0.0027181841
0.162 -0.008495084 0.5790701 0.3267148 -0.01007242 0.013495475 0.28770548 0.4251392 -0.003100071
0.1625 -0.008932185 0.5667322 0.3288967 -0.01061817 0.013083145 0.2870877 0.426516 -0.0034744479
0.163 -0.009363612 0.5547329 0.3310849 -0.01115741 0.012685373 0.28646713 0.42786485 -0.0038345791
0.1635 -0.009789473 0.5430666 0.3332802 -0.01169021 0.012294687 0.28584018 0.42921793 -0.004207406
0.164 -0.01020985 0.531727 0.335483 -0.01221659 0.011899151 0.28523025 0.4305628 -0.004570935
0.1645 -0.01062482 0.5207078 0.337694 -0.01273659 0.011506729 0.28462353 0.43189973 -0.0049310066
0.165 -0.01103443 0.5100022 0.3399137 -0.01325021 0.0111184865 0.28401545 0.43323284 -0.005292628
0.1655 -0.01143873 0.4996032 0.3421425 -0.01375745 0.010732546 0.28341806 0.4345625 -0.005652759
0.166 -0.01183778 0.489504 0.3443811 -0.01425831 0.010348596 0.28282997 0.43588412 -0.0060092546
0.1665 -0.01223161 0.4796974 0.3466297 -0.0147528 0.009968273 0.28224578 0.4371996 -0.006364558
0.167 -0.01262026 0.4701763 0.3488888 -0.0152409 0.009590268 0.28166738 0.43850982 -0.0067187883
0.1675 -0.01300379 0.4609338 0.3511587 -0.01572263 0.009214431 0.28109613 0.43981385 -0.007070575
0.168 -0.01338223 0.4519627 0.3534398 -0.01619799 0.008841179 0.28053018 0.44111186 -0.0074208714
0.1685 -0.01375561 0.4432563 0.3557323 -0.01666699 0.008470476 0.2799703 0.44240403 -0.0077697374
0.169 -0.01412399 0.4348077 0.3580365 -0.01712964 0.008102238 0.27941677 0.44369018 -0.008116934
0.1695 -0.01448739 0.4266102 0.3603526 -0.01758595 0.0077365413 0.27886915 0.44497013 -0.008462582
0.17 -0.01484587 0.4186572 0.362681 -0.01803594 0.0073732436 0.27832723 0.44624394 -0.008806381
0.1705 -0.01519945 0.4109422 0.3650217 -0.01847963 0.007012263 0.27779147 0.44751185 -0.009148989
0.171 -0.01554817 0.4034591 0.367375 -0.01891706 0.006653622 0.2772613 0.44877344 -0.009490047
0.1715 -0.01589208 0.3962015 0.3697411 -0.01934823 0.006297268 0.27673706 0.45002908 -0.009829614
0.172 -0.01623121 0.3891634 0.37212 -0.0197732 0.0059432164 0.27621853 0.45127845 -0.010167692
0.1725 -0.0165656 0.382339 0.3745119 -0.02019198 0.0055914223 0.2757056 0.45252156 -0.010504458
0.173 -0.01689528 0.3757226 0.376917 -0.02060461 0.005241893 0.27519837 0.45375854 -0.010839675
0.1735 -0.01722029 0.3693086 0.3793353 -0.02101113 0.004894316 0.27469683 0.4549893 -0.011173759
0.174 -0.01754066 0.3630914 0.3817669 -0.02141159 0.0045491457 0.27420077 0.45621395 -0.011506472
0.1745 -0.01785643 0.3570659 0.3842119 -0.02180602 0.0042060316 0.27371022 0.45743215 -0.011837695
0.175 -0.01816765 0.3512269 0.3866704 -0.02219446 0.003865011 0.27322525 0.4586442 -0.012167666
0.1755 -0.01847433 0.3455693 0.3891425 -0.02257696 0.003525935 0.27274573 0.45985007 -0.012496624
0.176 -0.01877651 0.3400883 0.3916281 -0.02295357 0.0031890646 0.2722713 0.4610495 -0.012824032
0.1765 -0.01907424 0.3347792 0.3941273 -0.02332434 0.00285393 0.2718024 0.4622426 -0.0131504275
0.177 -0.01936754 0.3296373 0.3966402 -0.02368931 0.0025209635 0.27133885 0.46342963 -0.013475511
0.1775 -0.01965645 0.3246581 0.3991667 -0.02404853 0.0021898448 0.27088037 0.46461028 -0.013799522
0.178 -0.01994099 0.3198374 0.4017069 -0.02440205 0.0018605366 0.27042708 0.46578467 -0.0141224
0.1785 -0.02022121 0.3151709 0.4042608 -0.02474993 0.0015331134 0.26997906 0.46695262 -0.014444027
0.179 -0.02049714 0.3106544 0.4068283 -0.02509222 0.0012075305 0.26953605 0.46811444 -0.014764581
0.1795 -0.02076881 0.3062841 0.4094095 -0.02542897 0.0008835569 0.2690981 0.4692698 -0.015084062
0.18 -0.02103624 0.3020559 0.4120043 -0.02576023 0.0005615577 0.2686652 0.47041893 -0.01540247
0.1805 -0.02129965 0.2979651 0.4144765 -0.026086 0.00024118274 0.2682372 0.47156173 -0.015719686
0.181 -0.0215642 0.2939795 0.4162334 -0.02640525 -7.750839e-05 0.26781413 0.4726982 -0.016036008
0.1815 -0.02182831 0.2900898 0.4181319 -0.02671862 -0.00039462745 0.26739594 0.47382838 -0.016351376
0.182 -0.0220871 0.2863135 0.4203982 -0.02702695 -0.00071020424 0.26698253 0.47495234 -0.01666579
0.1825 -0.02233898 0.2826643 0.4229599 -0.02733048 -0.0010240972 0.2665739 0.47606987 -0.016979072
0.183 -0.02258418 0.2791487 0.4257064 -0.02762925 -0.0013365 0.2661699 0.47718102 -0.017291281
0.1835 -0.02282347 0.2757669 0.4285526 -0.02792326 -0.0016474426 0.26577064 0.47828597 -0.017602835
0.184 -0.02305763 0.2725159 0.4314443 -0.02821248 -0.0019569322 0.265376 0.47938454 -0.017913256
0.1845 -0.02328726 0.2693907 0.4343509 -0.02849689 -0.0022649392 0.26498592 0.48047704 -0.018222842
0.185 -0.02351274 0.266386 0.4372567 -0.0287765 -0.0025717318 0.26460025 0.48156303 -0.018531416
0.1855 -0.02373432 0.2634961 0.4401554 -0.02905132 -0.00287693 0.2642193 0.482643 -0.018839214
0.186 -0.02395216 0.2607161 0.4430453 -0.02932138 -0.0031810552 0.26384267 0.4837162 -0.019146178
0.1865 -0.02416632 0.2580413 0.4459275 -0.02958671 -0.0034838244 0.26347044 0.4847836 -0.019452188
0.187 -0.02437685 0.2554675 0.448804 -0.02984735 -0.0037852451 0.2631024 0.48584467 -0.019757543
0.1875 -0.02458377 0.2529909 0.4516776 -0.03010334 -0.004085608 0.26273873 0.48689944 -0.020061884
0.188 -0.0247871 0.2506081 0.4545505 -0.03035471 -0.0043845177 0.2623795 0.48794794 -0.02036539
0.1885 -0.02498684 0.2483161 0.4574251 -0.03060153 -0.0046825707 0.26202428 0.4889903 -0.02066848
0.189 -0.02518301 0.2461121 0.4603033 -0.03084384 -0.0049793646 0.26167336 0.49002635 -0.020970378
0.1895 -0.02537561 0.2439935 0.4631866 -0.03108169 -0.005275123 0.26132622 0.49105614 -0.02127156
0.19 -0.02556467 0.2419579 0.4660764 -0.03131512 -0.005569905 0.26098335 0.49207997 -0.021572027
0.1905 -0.02575019 0.2400031 0.4689736 -0.0315442 -0.005863607 0.26064456 0.49309748 -0.021871958
0.191 -0.02593219 0.2381269 0.4718791 -0.03176896 -0.0061562583 0.26030976 0.49410868 -0.022170994
0.1915 -0.0261107 0.2363274 0.4747936 -0.03198947 -0.0064480454 0.2599787 0.49511403 -0.022469137
0.192 -0.02628574 0.2346025 0.4777175 -0.03220577 -0.0067389905 0.2596516 0.496113 -0.022766922
0.1925 -0.02645733 0.2329504 0.4806511 -0.03241791 -0.0070289373 0.25932848 0.49710596 -0.023063932
0.193 -0.0266255 0.2313693 0.4835948 -0.03262595 -0.0073181167 0.25900912 0.49809277 -0.023360107
0.1935 -0.02679026 0.2298575 0.4865488 -0.03282993 -0.0076063946 0.25869346 0.4990735 -0.023655806
0.194 -0.02695166 0.2284132 0.4895131 -0.03302991 -0.007893875 0.25838134 0.50004816 -0.02395067
0.1945 -0.02710971 0.2270348 0.4924878 -0.03322593 -0.008180775 0.2580728 0.50101656 -0.024244938
0.195 -0.02726443 0.2257207 0.495473 -0.03341805 -0.00846678 0.2577681 0.5019792 -0.02453867
0.1955 -0.02741587 0.2244693 0.4984687 -0.0336063 -0.008752175 0.25746706 0.50293565 -0.024831686
0.196 -0.02756404 0.2232791 0.5014749 -0.03379075 -0.009036973 0.25716943 0.5038861 -0.025124166
0.1965 -0.02770897 0.2221486 0.5044916 -0.03397144 -0.009320885 0.25687528 0.5048306 -0.02541593
0.197 -0.02785069 0.2210763 0.5075186 -0.03414841 -0.00960435 0.2565846 0.50576913 -0.025707278
0.1975 -0.02798923 0.2200609 0.510556 -0.03432171 -0.009887412 0.25629714 0.50670177 -0.02599791
0.198 -0.02812461 0.2191009 0.5136036 -0.03449139 -0.010169819 0.25601327 0.5076284 -0.026288006
0.1985 -0.02825686 0.218195 0.5166614 -0.03465749 -0.010451697 0.25573254 0.5085489 -0.026577506
0.199 -0.02838602 0.2173419 0.5197293 -0.03482007 -0.010733046 0.2554552 0.5094637 -0.02686653
0.1995 -0.02851209 0.2165403 0.5228073 -0.03497915 -0.011013985 0.25518095 0.51037264 -0.027154956
0.2 -0.02863513 0.2157889 0.5258951 -0.0351348 0.28636697 0.59816194 0.57476896 -0.1858243
0.2005 -0.0287559 0.2251333 0.5162687 -0.03517412 0.11764884 0.6523758 0.14042239 0.15943769
0.201 -0.02889313 0.2389353 0.5055562 -0.03516648 0.030673122 0.6046859 0.17163678 -0.028023575
0.2015 -0.0290466 0.2544758 0.4971906 -0.03516496 -0.10899356 0.80105096 0.2687347 0.04407647
0.202 -0.0292031 0.2708544 0.4904082 -0.03515886 0.015278608 0.80880356 0.29515743 0.037526038
0.2025 -0.02935691 0.2876514 0.4844478 -0.03514459 -0.03285692 0.80314356 0.36414868 -0.020301703
0.203 -0.02950698 0.3046375 0.4788627 -0.03512143 -0.0046885163 0.8061452 0.2914394 0.06272271
0.2035 -0.0296538 0.3216674 0.4734323 -0.03508968 -0.026902854 0.8028003 0.30119294 0.011523988
0.204 -0.02979807 0.338638 0.4680576 -0.03504996 -0.028379977 0.8102321 0.28459954 0.056198742
0.2045 -0.02994031 0.3554714 0.4626986 -0.03500297 -0.014627762 0.80326706 0.33064967 0.02558842
0.205 -0.03008085 0.3721071 0.4573415 -0.03494941 -0.025394462 0.7947742 0.32649112 0.04525518
0.2055 -0.03021984 0.3884975 0.451984 -0.03488996 -0.015957698 0.78712547 0.3337639 0.039460566
0.206 -0.03035737 0.4046056 0.4466283 -0.03482523 -0.023868099 0.784178 0.32010376 0.0423668
0.2065 -0.03049349 0.4204025 0.4412782 -0.03475579 -0.018676788 0.78919804 0.3243891 0.040000375
0.207 -0.0306282 0.4358666 0.4359382 -0.03468218 -0.019661374 0.7904841 0.32264882 0.04144707
0.2075 -0.03076151 0.4509818 0.4306128 -0.03460488 -0.018488832 0.78961957 0.32799953 0.03962707
0.208 -0.03089342 0.465737 0.4253062 -0.03452433 -0.019640267 0.7887316 0.32648158 0.041756894
0.2085 -0.03102391 0.4801247 0.4200225 -0.03444095 -0.019305967 0.7879118 0.3264721 0.040535387
0.209 -0.031153 0.4941412 0.4147655 -0.03435512 -0.019668072 0.78867847 0.32529145 0.041211363
0.2095 -0.03128068 0.5077849 0.4095387 -0.03426719 -0.018904269 0.788996 0.32583636 0.040600386
0.21 -0.03140694 0.5210569 0.4043454 -0.03417747 -0.019267395 0.7892975 0.32610655 0.040744927
0.2105 -0.03153177 0.5339596 0.3991885 -0.03408626 -0.019017234 0.7890449 0.32622755 0.04088309
0.211 -0.03165519 0.5464972 0.3940709 -0.03399383 -0.019290239 0.7889377 0.3261516 0.040757354
0.2115 -0.03177719 0.558675 0.388995 -0.03390043 -0.019184597 0.7889727 0.32599336 0.040891584
0.212 -0.03189776 0.5704989 0.3839631 -0.03380628 -0.019170031 0.789077 0.32605386 0.040748563
0.2125 -0.03201692 0.581976 0.3789775 -0.0337116 -0.019146338 0.78909576 0.3260618 0.04081812
0.213 -0.03213465 0.5931134 0.37404 -0.03361658 -0.019140162 0.78909975 0.32614142 0.040776487
0.2135 -0.03225096 0.603919 0.3691524 -0.03352138 -0.01916869 0.7890618 0.3260842 0.04081985
0.214 -0.03236586 0.6144007 0.3643162 -0.03342618 -0.019159712 0.7890729 0.32610106 0.04079294
0.2145 -0.03247934 0.6245669 0.3595328 -0.03333112 -0.019160524 0.7890774 0.32607174 0.040808823
0.215 -0.03259141 0.6344259 0.3548036 -0.03323632 -0.019150607 0.78909117 0.32610327 0.040788885
0.2155 -0.03270208 0.6439859 0.3501296 -0.03314192 -0.019153796 0.78908753 0.32609224 0.040805783
0.216 -0.03281134 0.6532553 0.3455118 -0.03304801 -0.019152753 0.7890844 0.32610363 0.04079425
0.2165 -0.03291921 0.6622424 0.3409511 -0.03295472 -0.01915709 0.78908384 0.32609153 0.040803995
0.217 -0.03302568 0.6709555 0.3364482 -0.03286211 -0.01915294 0.7890856 0.32609677 0.040796723
0.2175 -0.03313076 0.6794025 0.3320038 -0.03277028 -0.019154862 0.78908736 0.32609397 0.04080036
0.218 -0.03323446 0.6875915 0.3276184 -0.0326793 -0.019152306 0.7890874 0.32609808 0.040797945
0.2185 -0.03333679 0.6955302 0.3232924 -0.03258924 -0.01915431 0.7890867 0.32609612 0.040799733
0.219 -0.03343775 0.7032261 0.3190261 -0.03250016 -0.019153342 0.7890865 0.3260969 0.0407989
0.2195 -0.03353734 0.7106868 0.3148199 -0.0324121 -0.019154057 0.78908676 0.32609582 0.040799316
0.22 -0.03363558 0.7179195 0.3106739 -0.03232512 -0.019153282 0.78908706 0.32609665 0.04079893
0.2205 -0.03373247 0.7249313 0.3065883 -0.03223926 -0.019153588 0.7890872 0.32609653 0.040799167
0.221 -0.03382803 0.7317289 0.302563 -0.03215456 -0.019153565 0.78908694 0.32609665 0.040799018
0.2215 -0.03392225 0.7383191 0.2985981 -0.03207104 -0.019153684 0.78908694 0.3260966 0.040799107
0.222 -0.03401515 0.7447083 0.2946934 -0.03198873 -0.019153573 0.789087 0.32609648 0.040799107
0.2225 -0.03410674 0.7509029 0.2908489 -0.03190767 -0.019153483 0.7890872 0.32609653 0.040799018
0.223 -0.03419702 0.7569089 0.2870643 -0.03182786 -0.019153468 0.789087 0.32609653 0.040799107
0.2235 -0.03428601 0.7627322 0.2833395 -0.03174933 -0.019153573 0.78908706 0.3260967 0.040799018
0.224 -0.03437371 0.7683785 0.2796741 -0.03167208 -0.01915355 0.789087 0.32609653 0.040799107
0.2245 -0.03446013 0.7738535 0.2760679 -0.03159614 -0.019153513 0.789087 0.32609653 0.040799048
0.225 -0.03454529 0.7791624 0.2725204 -0.03152149 -0.01915352 0.78908706 0.32609653 0.040799167
0.2255 -0.03462919 0.7843105 0.2690314 -0.03144816 -0.019153565 0.78908706 0.3260966 0.04079899
0.226 -0.03471184 0.7893028 0.2656003 -0.03137614 -0.019153535 0.78908706 0.32609642 0.040799107
0.2265 -0.03479326 0.7941443 0.2622267 -0.03130543 -0.019153498 0.7890871 0.3260966 0.04079896
0.227 -0.03487345 0.7988395 0.2589102 -0.03123604 -0.019153513 0.78908724 0.3260966 0.040799107
0.2275 -0.03495242 0.8033931 0.2556503 -0.03116795 -0.019153498 0.78908706 0.32609653 0.040799107
0.228 -0.03503019 0.8078095 0.2524464 -0.03110116 -0.019153602 0.7890871 0.32609665 0.04079896
0.2285 -0.03510677 0.812093 0.249298 -0.03103568 -0.019153498 0.7890872 0.32609653 0.040799107
0.229 -0.03518216 0.8162478 0.2462045 -0.03097148 -0.019153535 0.7890871 0.3260966 0.0407989
0.2295 -0.03525638 0.8202778 0.2431654 -0.03090857 -0.01915352 0.7890871 0.32609653 0.040799197
0.23 -0.03532945 0.8241868 0.2401801 -0.03084692 -0.019153528 0.789087 0.32609665 0.040799048
0.2305 -0.03540136 0.8279788 0.2372479 -0.03078653 -0.01915361 0.78908706 0.32609653 0.040799078
0.231 -0.03547213 0.8316572 0.2343682 -0.0307274 -0.019153513 0.78908706 0.32609653 0.040799167
0.2315 -0.03554178 0.8352257 0.2315405 -0.03066949 -0.019153483 0.78908706 0.32609653 0.040799048
0.232 -0.03561032 0.8386876 0.228764 -0.03061281 -0.019153498 0.78908724 0.32609653 0.040799048
0.2325 -0.03567775 0.8420461 0.2260382 -0.03055733 -0.019153513 0.78908706 0.32609642 0.040799107
0.233 -0.03574409 0.8453046 0.2233624 -0.03050304 -0.019153573 0.78908706 0.32609653 0.040799018
0.2335 -0.03580935 0.848466 0.2207359 -0.03044993 -0.019153558 0.7890871 0.32609648 0.040799167
0.234 -0.03587354 0.8515334 0.218158 -0.03039798 -0.019153476 0.7890871 0.32609653 0.04079899
0.2345 -0.03593667 0.8545097 0.2156281 -0.03034718 -0.019153535 0.78908706 0.32609648 0.040799078
0.235 -0.03599876 0.8573976 0.2131456 -0.0302975 -0.019153513 0.789087 0.32609665 0.040799018
0.2355 -0.03605982 0.8601998 0.2107097 -0.03024893 -0.019153558 0.78908706 0.3260966 0.040799078
0.236 -0.03611986 0.862919 0.2083198 -0.03020145 -0.01915352 0.789087 0.32609653 0.04079896
0.2365 -0.03617888 0.8655578 0.2059752 -0.03015504 -0.019153483 0.7890872 0.32609653 0.040799078
0.237 -0.03623692 0.8681185 0.2036752 -0.0301097 -0.019153543 0.78908706 0.32609653 0.040799107
0.2375 -0.03629396 0.8706035 0.2014192 -0.03006539 -0.019153565 0.789087 0.3260966 0.040799048
0.238 -0.03635003 0.8730152 0.1992064 -0.03002211 -0.019153558 0.789087 0.3260966 0.040799167
0.2385 -0.03640514 0.8753558 0.1970363 -0.02997983 -0.019153513 0.7890871 0.3260966 0.04079896
0.239 -0.0364593 0.8776275 0.1949081 -0.02993853 -0.019153498 0.7890872 0.32609653 0.040799137
0.2395 -0.03651252 0.8798322 0.1928213 -0.0298982 -0.019153498 0.78908706 0.32609653 0.040799107
0.24 -0.03656482 0.8819722 0.190775 -0.02985882 -0.019153565 0.78908706 0.32609653 0.040799018
0.2405 -0.0366162 0.8840493 0.1887687 -0.02982038 -0.019153528 0.7890871 0.32609653 0.040799107
0.241 -0.03666667 0.8860654 0.1868017 -0.02978284 -0.019153483 0.7890871 0.3260966 0.040799048
0.2415 -0.03671626 0.8880224 0.1848734 -0.0297462 -0.019153595 0.78908706 0.32609653 0.040799018
0.242 -0.03676497 0.889922 0.1829831 -0.02971044 -0.019153483 0.78908706 0.3260966 0.040799137
0.2425 -0.03681281 0.8917661 0.1811302 -0.02967554 -0.019153595 0.78908706 0.32609653 0.04079899
0.243 -0.03685979 0.8935562 0.1793141 -0.02964148 -0.019153528 0.78908706 0.32609653 0.040799167
0.2435 -0.03690592 0.8952939 0.177534 -0.02960825 -0.01915352 0.789087 0.32609653 0.04079896
0.244 -0.03695123 0.896981 0.1757895 -0.02957583 -0.019153513 0.78908706 0.32609653 0.040799137
0.2445 -0.03699571 0.8986188 0.1740798 -0.0295442 -0.019153528 0.7890871 0.32609648 0.040799048
0.245 -0.03703938 0.9002089 0.1724044 -0.02951334 -0.01915358 0.78908706 0.3260966 0.040799048
0.2455 -0.03708225 0.9017527 0.1707627 -0.02948324 -0.019153513 0.78908706 0.32609653 0.040799197
0.246 -0.03712433 0.9032515 0.169154 -0.02945388 -0.019153483 0.78908706 0.32609653 0.04079899
0.2465 -0.03716563 0.9047068 0.1675779 -0.02942525 -0.019153513 0.78908724 0.32609653 0.040799048
0.247 -0.03720617 0.9061198 0.1660336 -0.02939732 -0.019153535 0.789087 0.32609642 0.04079899
0.2475 -0.03724595 0.9074917 0.1645206 -0.02937009 -0.019153602 0.78908706 0.3260966 0.040799078
0.248 -0.03728499 0.9088239 0.1630384 -0.02934354 -0.019153558 0.7890871 0.32609653 0.040799167
0.2485 -0.03732329 0.9101175 0.1615864 -0.02931765 -0.019153565 0.78908706 0.3260966 0.04079899
0.249 -0.03736088 0.9113736 0.1601641 -0.0292924 -0.019153498 0.7890872 0.32609653 0.040799078
0.2495 -0.03739774 0.9125934 0.1587708 -0.02926779 -0.019153453 0.7890872 0.3260966 0.040799048
0.25 -0.03743391 0.9137779 0.1574061 -0.0292438 -0.09484571 0.38416013 0.08900274 0.3162018
0.2505 -0.03747922 0.9045499 0.1558805 -0.02934424 0.098362595 0.23638849 0.27599692 -0.13672549
0.251 -0.03754871 0.8901877 0.1539936 -0.0295067 -0.019732028 0.4367716 0.41847926 0.13642693
0.2515 -0.037623 0.873623 0.1518927 -0.02966379 0.23549949 0.31886274 0.27441153 0.10580437
0.252 -0.037698 0.8559117 0.1496667 -0.02982604 -0.12378104 0.23913823 0.25513124 -0.02803773
0.2525 -0.03777402 0.8375669 0.147365 -0.02999745 0.13311356 0.39575845 0.1520497 0.21791816
0.253 -0.0378518 0.8188714 0.1450152 -0.03017895 -0.0032234974 0.2793239 0.18766202 -0.04754706
0.2535 -0.03793187 0.800003 0.1426334 -0.03037036 0.054199204 0.31915557 0.26920968 0.11093867
0.254 -0.03801453 0.7810862 0.1402299 -0.03057106 0.08917561 0.29518124 0.3115087 0.04454231
0.2545 -0.0380999 0.7622147 0.1378119 -0.03078034 -0.027889673 0.2932936 0.20849077 0.061089363
0.255 -0.038188 0.7434617 0.1353849 -0.03099745 0.07975967 0.34013578 0.21741673 0.10533491
0.2555 -0.03827884 0.7248857 0.1329533 -0.0312217 0.016886966 0.32159826 0.16757375 0.00045930967
0.256 -0.03837238 0.7065331 0.1305209 -0.03145241 0.054406688 0.3606023 0.2462574 0.07445988
0.2565 -0.03846858 0.6884409 0.1280908 -0.03168897 0.063708775 0.33244777 0.21815464 0.07778233
0.257 -0.03856737 0.6706384 0.1256657 -0.03193079 0.0062124263 0.28496617 0.2485819 0.025409844
0.2575 -0.03866871 0.653148 0.123248 -0.03217735 0.048225652 0.34683374 0.22853932 0.09526709
0.258 -0.03877254 0.6359869 0.1208397 -0.03242813 0.04331553 0.30587772 0.19470564 0.038037594
0.2585 -0.0388788 0.6191678 0.1184426 -0.03268267 0.02599509 0.3380696 0.22077152 0.057534944
0.259 -0.03898743 0.6026996 0.1160583 -0.03294056 0.061321788 0.32797647 0.22018966 0.062049907
0.2595 -0.03909837 0.5865878 0.1136881 -0.03320138 0.019538693 0.317552 0.22441864 0.0408173
0.26 -0.03921155 0.5708355 0.1113331 -0.03346478 0.04884582 0.31641674 0.21895412 0.085556924
0.2605 -0.03932693 0.5554437 0.1089946 -0.03373039 0.029165234 0.308745 0.22019675 0.030825
0.261 -0.03944444 0.5404116 0.1066733 -0.03399791 0.032328684 0.32137933 0.21437462 0.066943094
0.2615 -0.03956401 0.5257368 0.10437 -0.03426703 0.052005105 0.3210085 0.21344882 0.057584327
0.262 -0.03968558 0.5114159 0.1020854 -0.03453748 0.021397863 0.30419028 0.21161738 0.043747764
0.2625 -0.0398091 0.4974444 0.09982016 -0.03480899 0.04391239 0.32326925 0.22388162 0.063653454
0.263 -0.0399345 0.4838172 0.09757478 -0.03508134 0.03327593 0.30291972 0.20457624 0.0512955
0.2635 -0.04006172 0.4705286 0.09534972 -0.0353543 0.030984446 0.30828992 0.21743914 0.052145835
0.264 -0.04019069 0.4575723 0.09314537 -0.03562765 0.03823214 0.30957764 0.20975424 0.05633774
0.2645 -0.04032136 0.4449418 0.09096207 -0.03590121 0.030662727 0.30473045 0.20975272 0.04462887
0.265 -0.04045367 0.4326302 0.08880012 -0.0361748 0.03543318 0.30614707 0.20717713 0.06127749
0.2655 -0.04058755 0.4206305 0.08665976 -0.03644825 0.03260888 0.2992808 0.20833929 0.042482596
0.266 -0.04072294 0.4089358 0.08454122 -0.0367214 0.027798906 0.3016602 0.20694992 0.052651968
0.2665 -0.04085979 0.3975387 0.08244465 -0.03699411 0.03814836 0.29865378 0.20362565 0.052893545
0.267 -0.04099803 0.3864322 0.08037022 -0.03726625 0.02426235 0.291287 0.20236495 0.04221913
0.2675 -0.04113761 0.375609 0.07831804 -0.03753769 0.033147827 0.29738775 0.2036832 0.0518479
0.268 -0.04127847 0.3650622 0.07628819 -0.03780831 0.029830277 0.2886949 0.1964493 0.044597384
0.2685 -0.04142054 0.3547847 0.07428074 -0.03807802 0.026355285 0.28674796 0.19794004 0.04513834
0.269 -0.04156378 0.3447696 0.07229574 -0.0383467 0.029773787 0.285633 0.19599724 0.045202833
0.2695 -0.04170812 0.3350101 0.07033321 -0.03861427 0.025185045 0.27961844 0.19174299 0.03998488
0.27 -0.04185352 0.3254995 0.06839317 -0.03888064 0.026961833 0.2776787 0.19003464 0.044707846
0.2705 -0.04199991 0.3162313 0.06647559 -0.03914573 0.024649922 0.27165952 0.18647607 0.036433246
0.271 -0.04214724 0.3071991 0.06458045 -0.03940947 0.022258997 0.26879647 0.18397564 0.037553187
0.2715 -0.04229546 0.2983965 0.06270772 -0.03967179 0.02523937 0.26358524 0.17863706 0.03753983
0.272 -0.04244451 0.2898175 0.06085734 -0.03993262 0.01874701 0.25500324 0.1750467 0.029631872
0.2725 -0.04259435 0.2814561 0.05902926 -0.04019192 0.02037746 0.2523185 0.17142287 0.031864036
0.273 -0.04274491 0.2733065 0.05722338 -0.04044963 0.019085541 0.24217716 0.16352423 0.026116613
0.2735 -0.04289616 0.2653631 0.05543963 -0.04070569 0.014793418 0.23391034 0.15828592 0.022608828
0.274 -0.04304804 0.2576202 0.05367791 -0.04096007 0.015576623 0.22559954 0.15126792 0.0194996
0.2745 -0.0432005 0.2500725 0.05193813 -0.04121272 0.011535421 0.21305554 0.14171894 0.01227508
0.275 -0.0433535 0.2427148 0.05022015 -0.04146361 0.010317661 0.20100166 0.1323421 0.0101081375
0.2755 -0.04350699 0.235542 0.04852388 -0.0417127 0.00710164 0.18550119 0.120999515 0.0005874634
0.276 -0.04366092 0.2285492 0.04684917 -0.04195996 0.0033394992 0.16905034 0.10824313 -0.0053209923
0.2765 -0.04381524 0.2217314 0.0451959 -0.04220537 0.0022036135 0.14990221 0.093041345 -0.011563171
0.277 -0.04396992 0.2150841 0.04356392 -0.0424489 -0.0041100234 0.12671392 0.076874524 -0.02237508
0.2775 -0.04412491 0.2086026 0.0419531 -0.04269052 -0.0071606487 0.104640774 0.060406275 -0.028364364
0.278 -0.04428017 0.2022827 0.04036327 -0.04293022 -0.011575393 0.07810394 0.041167155 -0.03649384
0.2785 -0.04443565 0.1961198 0.0387943 -0.04316799 -0.01821372 0.05209282 0.024166241 -0.043211523
0.279 -0.04459132 0.19011 0.03724601 -0.04340379 -0.023097076 0.028059883 0.00777483 -0.04727948
0.2795 -0.04474713 0.184249 0.03571825 -0.04363763 -0.029832259 0.0055375155 -0.0071918517 -0.05142576
0.28 -0.04490305 0.1785331 0.03421084 -0.04386949 -0.035321042 -0.012759419 -0.019228205 -0.052325312
0.2805 -0.04505904 0.1729582 0.03272362 -0.04409936 -0.040616773 -0.027070167 -0.029023811 -0.053977642
0.281 -0.04521507 0.1675208 0.03125641 -0.04432724 -0.045312017 -0.037065186 -0.03636886 -0.054349903
0.2815 -0.04537108 0.1622171 0.02980904 -0.04455311 -0.048112586 -0.04406368 -0.04215792 -0.054195676
0.282 -0.04552706 0.1570437 0.02838133 -0.04477697 -0.0508852 -0.048837446 -0.046078146 -0.054836813
0.2825 -0.04568296 0.1519971 0.0269731 -0.04499882 -0.052505493 -0.051358365 -0.048811167 -0.054605726
0.283 -0.04583876 0.147074 0.02558416 -0.04521866 -0.053623915 -0.053161614 -0.050951675 -0.0546926
0.2835 -0.04599442 0.1422711 0.02421432 -0.04543648 -0.054487698 -0.05431486 -0.052211747 -0.054801736
0.284 -0.0461499 0.1375854 0.02286341 -0.04565229 -0.054944515 -0.054875277 -0.05309993 -0.05474666
0.2845 -0.04630518 0.1330138 0.02153124 -0.04586609 -0.055365995 -0.05524487 -0.05372764 -0.05479673
0.285 -0.04646023 0.1285532 0.02021761 -0.04607787 -0.055547535 -0.05552175 -0.05412884 -0.05475155
0.2855 -0.04661502 0.1242009 0.01892234 -0.04628765 -0.055704273 -0.05568996 -0.0543783 -0.054805193
0.286 -0.04676951 0.1199539 0.01764522 -0.04649543 -0.05583334 -0.05573666 -0.05454214 -0.054780338
0.2865 -0.04692369 0.1158096 0.01638608 -0.04670121 -0.05586794 -0.055812575 -0.054679677 -0.054756854
0.287 -0.04707752 0.1117654 0.01514472 -0.046905 -0.055926017 -0.055883713 -0.054739162 -0.05479232
0.2875 -0.04723098 0.1078185 0.01392094 -0.04710681 -0.055953994 -0.055884354 -0.054777265 -0.05477122
0.288 -0.04738405 0.1039666 0.01271456 -0.04730664 -0.05597105 -0.055903547 -0.054821447 -0.05476651
0.2885 -0.04753669 0.1002072 0.01152537 -0.04750449 -0.055983394 -0.055932634 -0.05483745 -0.054773364
0.289 -0.04768889 0.09653788 0.01035319 -0.04770039 -0.05599016 -0.0559349 -0.054845452 -0.05477223
0.2895 -0.04784062 0.09295636 0.009197823 -0.04789434 -0.055999786 -0.055933654 -0.054857478 -0.054768536
0.29 -0.04799186 0.0894604 0.008059071 -0.04808634 -0.05599907 -0.05594477 -0.054865062 -0.054766808
0.2905 -0.04814258 0.0860478 0.006936744 -0.04827642 -0.056002304 -0.055950396 -0.054865256 -0.054772113
0.291 -0.04829278 0.08271644 0.00583065 -0.04846457 -0.056005932 -0.055945776 -0.054867 -0.054768655
0.2915 -0.04844242 0.07946426 0.004740595 -0.04865081 -0.056004748 -0.055948623 -0.054871395 -0.054766927
0.292 -0.04859149 0.07628925 0.003666388 -0.04883515 -0.05600588 -0.055953145 -0.054871142 -0.054770026
0.2925 -0.04873996 0.07318944 0.002607839 -0.04901761 -0.056006737 -0.055950627 -0.054870576 -0.054769073
0.293 -0.04888783 0.07016294 0.001564756 -0.04919818 -0.05600702 -0.055950187 -0.054872558 -0.05476776
0.2935 -0.04903507 0.06720788 0.0005369509 -0.0493769 -0.05600667 -0.05595272 -0.054872826 -0.054768596
0.294 -0.04918167 0.06432247 -0.0004757658 -0.04955377 -0.056007117 -0.0559524 -0.054872006 -0.054769192
0.2945 -0.04932761 0.06150496 -0.001473582 -0.0497288 -0.056007385 -0.05595114 -0.054872587 -0.054768477
0.295 -0.04947287 0.05875363 -0.002456683 -0.049902 -0.056007102 -0.05595211 -0.054873094 -0.054768357
0.2955 -0.04961744 0.05606682 -0.003425257 -0.05007339 -0.056007035 -0.05595272 -0.05487266 -0.054768953
0.296 -0.04976131 0.05344292 -0.004379486 -0.05024299 -0.05600754 -0.055951856 -0.054872602 -0.054768596
0.2965 -0.04990446 0.05088035 -0.005319555 -0.0504108 -0.056007348 -0.055951945 -0.05487302 -0.054768357
0.297 -0.05004688 0.04837758 -0.006245647 -0.05057684 -0.05600728 -0.055952452 -0.05487281 -0.054768775
0.2975 -0.05018855 0.04593312 -0.007157941 -0.05074112 -0.056007244 -0.055952072 -0.05487266 -0.054768655
0.298 -0.05032946 0.04354551 -0.008056618 -0.05090366 -0.056007296 -0.05595196 -0.054872945 -0.054768417
0.2985 -0.05046961 0.04121334 -0.008941856 -0.05106448 -0.05600722 -0.055952244 -0.05487287 -0.054768536
0.299 -0.05060898 0.03893524 -0.009813833 -0.05122358 -0.056007326 -0.055952244 -0.05487275 -0.054768715
0.2995 -0.05074756 0.03670987 -0.01067272 -0.05138097 -0.056007385 -0.055952124 -0.054872796 -0.054768596
0.3 -0.05088533 0.03453591 -0.0115187 -0.05153669 0.071788274 0.3657044 0.122381106 -0.30317524
0.3005 -0.05101247 0.04279043 -0.01216309 -0.0515669 0.031125695 0.5104718 0.033204302 0.019423332
0.301 -0.05111392 0.05619476 -0.01240602 -0.05153402 0.029093575 0.37462714 -0.10267018 -0.115065575
0.3015 -0.05120908 0.07181718 -0.01239562 -0.05150546 -0.119458616 0.48836517 0.045069143 -0.084046155
0.302 -0.05130203 0.08860144 -0.0122214 -0.05146814 -0.019914493 0.52116764 -0.012439713 -0.018223885
0.3025 -0.05138336 0.1060357 -0.01192952 -0.05136071 -0.046207547 0.5157345 0.055035368 -0.12920283
0.303 -0.05145058 0.1238374 -0.01154903 -0.05124287 -0.01825051 0.56023407 0.016878232 -0.01343647
0.3035 -0.05151448 0.1418273 -0.01110123 -0.05113249 -0.021969154 0.5661382 0.048272595 -0.099463165
0.304 -0.05157936 0.1598799 -0.01059791 -0.05102741 -0.041650258 0.59493816 0.04228182 -0.03801653
0.3045 -0.05164545 0.1779009 -0.01004647 -0.05092432 -0.02649811 0.584883 0.069616154 -0.048608307
0.305 -0.05171155 0.1958167 -0.009452392 -0.0508207 -0.047250398 0.59724677 0.085756555 -0.04450907
0.3055 -0.05177637 0.2135687 -0.008820206 -0.05071481 -0.034469165 0.6093188 0.10066678 -0.02484643
0.306 -0.05183884 0.2311103 -0.008153882 -0.05060551 -0.03928321 0.6183794 0.1122383 -0.03435052
0.3065 -0.05189824 0.2484044 -0.007456969 -0.05049213 -0.039853103 0.63468605 0.12662406 -0.018222526
0.307 -0.0519541 0.2654217 -0.006732661 -0.05037427 -0.03841597 0.6474384 0.14242394 -0.015830752
0.3075 -0.05200617 0.2821394 -0.005983839 -0.05025178 -0.04351349 0.65917486 0.15901478 -0.008038115
0.308 -0.05205433 0.2985404 -0.005213098 -0.05012464 -0.04196641 0.6728504 0.17693765 0.0012596585
0.3085 -0.05209855 0.3146118 -0.004422781 -0.04999297 -0.043728158 0.6844494 0.19328322 0.005157966
0.309 -0.05213886 0.3303447 -0.003615 -0.04985693 -0.04338309 0.6993909 0.2100084 0.013425346
0.3095 -0.05217529 0.3457332 -0.002791669 -0.04971675 -0.042428844 0.7120639 0.22557326 0.018366184
0.31 -0.05220793 0.3607742 -0.00195452 -0.04957268 -0.0423327 0.72505486 0.24146803 0.023316037
0.3105 -0.05223685 0.3754665 -0.001105127 -0.049425 -0.04033473 0.7366544 0.2557577 0.028756138
0.311 -0.05226213 0.3898107 -0.0002449272 -0.04927398 -0.038812876 0.7466139 0.2692392 0.031539258
0.3115 -0.0522831 0.4038091 0.0006254351 -0.04911916 -0.03652998 0.7555675 0.28082478 0.035142716
0.312 -0.05229408 0.4174653 0.001508694 -0.04895569 -0.033860967 0.76283014 0.290931 0.03691503
0.3125 -0.05229912 0.4307836 0.002399588 -0.04878737 -0.031589553 0.7687813 0.29921156 0.038584974
0.313 -0.05230259 0.4437688 0.003294694 -0.04861768 -0.02906216 0.7735214 0.30602723 0.039683577
0.3135 -0.05230571 0.4564262 0.00419309 -0.04844769 -0.027098171 0.77707976 0.31131327 0.040279087
0.314 -0.05230825 0.4687619 0.005094516 -0.04827758 -0.02527681 0.77991706 0.31541258 0.040767726
0.3145 -0.05230955 0.4807822 0.005998739 -0.04810729 -0.023810692 0.7820214 0.3184222 0.040955808
0.315 -0.05230902 0.4924936 0.006905405 -0.04793674 -0.022664182 0.7836833 0.32066733 0.04105076
0.3155 -0.05230618 0.503903 0.00781406 -0.04776587 -0.021736294 0.7849614 0.3222552 0.04110169
0.316 -0.05230077 0.5150173 0.008724181 -0.04759466 -0.021057941 0.78594023 0.32340735 0.041058864
0.3165 -0.05229264 0.5258436 0.009635225 -0.04742313 -0.020540096 0.7867085 0.32420886 0.04104623
0.317 -0.05228173 0.5363889 0.01054664 -0.04725132 -0.020154126 0.7872929 0.32477725 0.04099348
0.3175 -0.05226806 0.5466602 0.0114579 -0.04707928 -0.019880414 0.78774554 0.32517028 0.040957805
0.318 -0.05225168 0.5566644 0.0123685 -0.04690708 -0.019671395 0.7880912 0.32544637 0.040922757
0.3185 -0.05223265 0.5664084 0.01327795 -0.0467348 -0.019527867 0.7883513 0.32563764 0.040890988
0.319 -0.05221105 0.575899 0.01418579 -0.04656252 -0.019420423 0.7885486 0.32577252 0.04086971
0.3195 -0.05218696 0.5851428 0.0150916 -0.04639032 -0.019344695 0.7886937 0.32586652 0.0408501
0.32 -0.05216047 0.5941463 0.01599499 -0.04621829 -0.019290648 0.78880155 0.32593328 0.0408366
0.3205 -0.05213165 0.6029161 0.01689557 -0.0460465 -0.019251384 0.7888807 0.3259802 0.040826615
0.321 -0.05210059 0.6114583 0.01779299 -0.04587504 -0.019223675 0.78893816 0.32601345 0.04081845
0.3215 -0.05206736 0.619779 0.01868693 -0.04570398 -0.019203663 0.7889801 0.32603705 0.040813323
0.322 -0.05203203 0.6278843 0.01957707 -0.04553339 -0.019189246 0.7890102 0.32605404 0.04080903
0.3225 -0.05199467 0.6357801 0.02046313 -0.04536334 -0.019179173 0.78903204 0.3260662 0.04080632
0.323 -0.05195535 0.6434719 0.02134484 -0.04519389 -0.01917196 0.7890477 0.32607484 0.040804293
0.3235 -0.05191413 0.6509653 0.02222194 -0.0450251 -0.019166723 0.78905886 0.32608092 0.040802833
0.324 -0.05187109 0.6582657 0.02309419 -0.04485704 -0.019162878 0.7890669 0.32608533 0.04080179
0.3245 -0.05182627 0.6653784 0.02396137 -0.04468974 -0.01916024 0.78907275 0.3260885 0.040800925
0.325 -0.05177974 0.6723086 0.02482328 -0.04452327 -0.01915837 0.78907686 0.32609087 0.04080045
0.3255 -0.05173156 0.679061 0.02567971 -0.04435767 -0.01915703 0.7890798 0.32609248 0.04080003
0.326 -0.05168178 0.6856407 0.02653049 -0.04419297 -0.01915598 0.78908193 0.3260936 0.040799763
0.3265 -0.05163046 0.6920522 0.02737546 -0.04402922 -0.019155227 0.7890833 0.3260944 0.040799614
0.327 -0.05157766 0.6983002 0.02821444 -0.04386645 -0.019154802 0.78908426 0.3260951 0.040799405
0.3275 -0.05152342 0.704389 0.02904729 -0.0437047 -0.019154467 0.78908515 0.32609558 0.040799435
0.328 -0.0514678 0.7103231 0.02987389 -0.043544 -0.019154213 0.78908575 0.32609588 0.040799227
0.3285 -0.05141086 0.7161065 0.03069409 -0.04338437 -0.019153878 0.7890861 0.32609594 0.040799286
0.329 -0.05135263 0.7217434 0.03150779 -0.04322584 -0.019153945 0.7890864 0.32609612 0.040799048
0.3295 -0.05129318 0.7272378 0.03231488 -0.04306843 -0.019153647 0.7890867 0.3260963 0.040799227
0.33 -0.05123255 0.7325933 0.03311526 -0.04291217 -0.0191537 0.7890867 0.32609636 0.040799107
0.3305 -0.05117078 0.7378139 0.03390885 -0.04275706 -0.019153781 0.7890868 0.32609642 0.040799078
0.331 -0.05110473 0.7429024 0.03465052 -0.04260439 -0.01915358 0.7890869 0.32609642 0.040799048
0.3315 -0.05102822 0.7478602 0.03535635 -0.0424527 -0.01915355 0.789087 0.32609642 0.040799107
0.332 -0.05094851 0.7526912 0.0360799 -0.04229998 -0.01915361 0.78908706 0.32609648 0.040799078
0.3325 -0.05087038 0.7574004 0.03682401 -0.04214745 -0.019153617 0.78908706 0.3260966 0.040799107
0.333 -0.05079505 0.7619921 0.03758031 -0.04199586 -0.019153588 0.7890872 0.32609653 0.040799137
0.3335 -0.05072189 0.7664702 0.03834037 -0.04184698 -0.019153468 0.78908706 0.3260966 0.040799018
0.334 -0.05064922 0.7708383 0.03909756 -0.04170141 -0.01915358 0.78908706 0.32609648 0.040799107
0.3345 -0.0505769 0.7750979 0.03979777 -0.04155574 -0.019153588 0.78908706 0.3260966 0.040799078
0.335 -0.05050532 0.7792497 0.04045906 -0.04141045 -0.019153565 0.78908694 0.32609648 0.040799078
0.3355 -0.05043431 0.7832968 0.04114065 -0.04126603 -0.019153483 0.78908706 0.32609653 0.040799078
0.336 -0.05036343 0.7872435 0.04184468 -0.04112271 -0.019153513 0.7890872 0.32609653 0.04079899
0.3365 -0.05029233 0.7910933 0.04256144 -0.04098058 -0.019153558 0.7890871 0.32609648 0.040799137
0.337 -0.0502208 0.7948494 0.04328165 -0.04083972 -0.019153513 0.789087 0.32609653 0.040799048
0.3375 -0.05014875 0.7985143 0.04399891 -0.04070016 -0.019153565 0.7890871 0.3260966 0.04079896
0.338 -0.05007612 0.8020904 0.0447094 -0.04056193 -0.019153513 0.78908706 0.32609653 0.040799197
0.3385 -0.05000295 0.8055799 0.04541108 -0.04042505 -0.019153498 0.78908706 0.32609665 0.040799048
0.339 -0.04992923 0.8089848 0.04610303 -0.04028953 -0.01915355 0.7890871 0.32609653 0.040799137
0.3395 -0.04985502 0.812307 0.04678496 -0.04015538 -0.019153468 0.789087 0.32609653 0.040799107
0.34 -0.04978036 0.8155487 0.04745696 -0.04002259 -0.019153625 0.7890872 0.32609653 0.040799018
0.3405 -0.04970527 0.8187116 0.04811929 -0.03989117 -0.019153409 0.78908706 0.32609653 0.040799167
0.341 -0.04962979 0.8217977 0.04877224 -0.0397611 -0.01915352 0.78908706 0.32609653 0.04079893
0.3415 -0.04955397 0.824809 0.04941616 -0.0396324 -0.019153588 0.78908706 0.3260966 0.040799227
0.342 -0.04947784 0.8277473 0.05005135 -0.03950503 -0.019153513 0.78908706 0.32609653 0.040799137
0.3425 -0.04940144 0.8306144 0.05067808 -0.03937901 -0.01915355 0.789087 0.32609648 0.040799048
0.343 -0.04932478 0.833412 0.05129661 -0.03925431 -0.019153513 0.78908706 0.32609653 0.040799137
0.3435 -0.04924791 0.8361421 0.05190715 -0.03913093 -0.019153498 0.78908706 0.32609653 0.040799018
0.344 -0.04917085 0.8388062 0.05250987 -0.03900885 -0.019153558 0.78908724 0.32609665 0.040799048
0.3445 -0.04909363 0.8414062 0.05310493 -0.03888806 -0.01915349 0.789087 0.32609648 0.040799078
0.345 -0.04901628 0.8439435 0.05369248 -0.03876856 -0.01915352 0.78908706 0.32609653 0.040799107
0.3455 -0.04893881 0.8464198 0.05427263 -0.03865032 -0.019153506 0.7890871 0.32609653 0.04079896
0.346 -0.04886126 0.8488368 0.05484548 -0.03853334 -0.019153573 0.78908706 0.32609653 0.040799107
0.3465 -0.04878364 0.8511958 0.05541114 -0.03841761 -0.01915352 0.78908706 0.32609653 0.040799078
0.347 -0.04870598 0.8534983 0.05596967 -0.03830311 -0.019153588 0.789087 0.32609653 0.040799018
0.3475 -0.0486283 0.8557459 0.05652117 -0.03818984 -0.019153483 0.7890872 0.32609642 0.040799078
0.348 -0.04855062 0.8579399 0.05706571 -0.03807777 -0.019153565 0.7890871 0.32609642 0.040799018
0.3485 -0.04847296 0.8600817 0.05760334 -0.0379669 -0.01915352 0.789087 0.32609648 0.040799048
0.349 -0.04839534 0.8621725 0.05813415 -0.03785722 -0.01915355 0.7890871 0.32609653 0.040799018
0.3495 -0.04831778 0.8642138 0.0586582 -0.03774871 -0.019153573 0.78908706 0.32609653 0.040799167
0.35 -0.04824029 0.8662067 0.05917554 -0.03764137 -0.0948457 0.38416007 0.08900288 0.31620172
0.3505 -0.04817272 0.8577741 0.05949739 -0.03765901 0.098362505 0.23638836 0.27599686 -0.1367255
0.351 -0.04813014 0.8441947 0.05942377 -0.03773922 -0.019732028 0.43677175 0.41847932 0.13642699
0.3515 -0.04809314 0.8284001 0.0591027 -0.0378146 0.23549944 0.31886265 0.2744115 0.10580428
0.352 -0.04805766 0.8114465 0.05862357 -0.03789572 -0.123781055 0.23913826 0.25513124 -0.028037671
0.3525 -0.048024 0.7938473 0.05803641 -0.03798654 0.13311362 0.39575842 0.15204965 0.21791813
0.353 -0.04799292 0.7758852 0.05736932 -0.03808803 -0.0032235533 0.2793239 0.187662 -0.047547076
0.3535 -0.04796494 0.7577384 0.05663899 -0.03819997 0.054199293 0.3191555 0.26920962 0.11093873
0.354 -0.04794037 0.7395314 0.05585621 -0.03832178 0.08917552 0.29518119 0.31150872 0.04454213
0.3545 -0.04791928 0.7213585 0.05502882 -0.03845667 -0.027889691 0.29329357 0.20849079 0.061089512
0.355 -0.04790207 0.7032928 0.05416224 -0.03860202 0.07975967 0.34013578 0.21741673 0.10533485
0.3555 -0.04788847 0.6853926 0.05326192 -0.03875338 0.016886873 0.32159823 0.16757376 0.00045926496
0.356 -0.04787829 0.6677045 0.0523323 -0.03891018 0.054406773 0.3606023 0.24625736 0.07445991
0.3565 -0.04787147 0.6502658 0.05137702 -0.03907227 0.06370877 0.33244777 0.21815467 0.07778221
0.357 -0.04786801 0.6331059 0.05039921 -0.03923942 0.006212419 0.28496617 0.24858186 0.025409903
0.3575 -0.0478679 0.6162475 0.04940166 -0.03941133 0.04822569 0.34683377 0.2285394 0.09526707
0.358 -0.0478711 0.599708 0.04838687 -0.03958767 0.0433155 0.3058776 0.19470555 0.038037624
0.3585 -0.04787758 0.5835002 0.04735707 -0.03976811 0.02599511 0.3380695 0.22077155 0.057534885
0.359 -0.04788727 0.567633 0.04631429 -0.03995231 0.061321773 0.3279765 0.22018962 0.06204998
0.3595 -0.04790012 0.5521124 0.04526035 -0.04013991 0.019538686 0.31755194 0.22441866 0.040817212
0.36 -0.04791608 0.5369415 0.04419688 -0.0403306 0.048845805 0.3164167 0.21895398 0.085556954
0.3605 -0.04793507 0.5221215 0.04312538 -0.04052406 0.02916528 0.30874494 0.22019675 0.03082494
0.361 -0.04795703 0.5076516 0.04204718 -0.04071999 0.032328557 0.3213794 0.2143746 0.06694305
0.3615 -0.04798189 0.4935296 0.04096353 -0.0409181 0.05200517 0.32100856 0.21344887 0.057584416
0.362 -0.0480096 0.4797524 0.03987553 -0.04111813 0.0213978 0.3041902 0.21161726 0.04374766
0.3625 -0.04804009 0.4663155 0.03878421 -0.04131983 0.043912426 0.32326922 0.22388166 0.06365344
0.363 -0.04807329 0.453214 0.03769052 -0.04152296 0.033275962 0.3029198 0.20457625 0.05129559
0.3635 -0.04810914 0.4404422 0.03659532 -0.0417273 0.030984394 0.30828974 0.2174391 0.052145775
0.364 -0.04814759 0.4279941 0.0354994 -0.04193264 0.038232125 0.3095776 0.20975427 0.05633777
0.3645 -0.04818855 0.4158633 0.0344035 -0.04213878 0.030662756 0.3047304 0.20975274 0.04462884
0.365 -0.04823197 0.404043 0.03330831 -0.04234556 0.035433106 0.30614698 0.20717716 0.061277535
0.3655 -0.0482778 0.3925265 0.03221445 -0.04255279 0.03260888 0.29928064 0.20833933 0.042482626
0.366 -0.04832595 0.3813066 0.0311225 -0.04276032 0.027798876 0.30166012 0.20694989 0.05265188
0.3665 -0.04837638 0.3703765 0.03003302 -0.042968 0.03814843 0.29865378 0.20362556 0.052893665
0.367 -0.04842902 0.3597291 0.02894651 -0.0431757 0.024262361 0.29128692 0.20236488 0.042219084
0.3675 -0.04848381 0.3493573 0.02786343 -0.04338329 0.033147797 0.29738772 0.20368329 0.051847856
0.368 -0.04854068 0.3392542 0.02678424 -0.04359065 0.02983034 0.28869486 0.19644925 0.044597458
0.3685 -0.04859958 0.3294129 0.02570935 -0.04379766 0.026355293 0.28674784 0.19794002 0.045138236
0.369 -0.04866045 0.3198266 0.02463912 -0.04400423 0.029773824 0.28563297 0.19599716 0.045202907
0.3695 -0.04872322 0.3104886 0.02357393 -0.04421027 0.025185011 0.27961838 0.1917429 0.03998485
0.37 -0.04878784 0.3013924 0.0225141 -0.04441567 0.026961781 0.27767864 0.19003466 0.04470781
0.3705 -0.04885425 0.2925316 0.02145995 -0.04462036 0.02464997 0.27165946 0.18647604 0.03643323
0.371 -0.04892238 0.2838998 0.02041176 -0.04482427 0.022258915 0.2687964 0.18397559 0.03755315
0.3715 -0.04899219 0.2754909 0.01936982 -0.04502731 0.025239352 0.26358518 0.17863697 0.03753986
0.372 -0.04906361 0.2672988 0.01833436 -0.04522944 0.018746953 0.2550032 0.17504668 0.029631723
0.3725 -0.04913659 0.2593178 0.01730562 -0.04543057 0.020377535 0.25231844 0.17142278 0.031864088
0.373 -0.04921107 0.2515421 0.01628383 -0.04563067 0.019085523 0.24217707 0.16352414 0.026116565
0.3735 -0.04928701 0.2439662 0.01526918 -0.04582967 0.014793303 0.23391019 0.15828583 0.022608776
0.374 -0.04936434 0.2365845 0.01426186 -0.04602753 0.015576653 0.22559948 0.15126786 0.019499527
0.3745 -0.04944301 0.229392 0.01326206 -0.04622421 0.011535414 0.21305536 0.1417188 0.012275057
0.375 -0.04952297 0.2223833 0.01226992 -0.04641966 0.010317601 0.20100151 0.13234204 0.010108056
0.3755 -0.04960417 0.2155536 0.0112856 -0.04661386 0.0071015432 0.18550101 0.12099935 0.0005873628
0.376 -0.04968656 0.2088979 0.01030923 -0.04680675 0.003339529 0.16905013 0.10824294 -0.005321104
0.3765 -0.04977008 0.2024116 0.009340951 -0.04699832 0.0022035465 0.14990197 0.09304111 -0.01156326
0.377 -0.0498547 0.1960901 0.008380863 -0.04718853 -0.0041101202 0.12671362 0.07687435 -0.0223752
0.3775 -0.04994035 0.1899288 0.007429074 -0.04737736 -0.0071606636 0.10464049 0.060406134 -0.028364513
0.378 -0.050027 0.1839236 0.006485682 -0.04756478 -0.011575513 0.07810354 0.041166857 -0.03649387
0.3785 -0.05011459 0.1780701 0.00555077 -0.04775078 -0.018213801 0.052092552 0.024166092 -0.043211583
0.379 -0.05020309 0.1723643 0.004624417 -0.04793534 -0.023097195 0.028059518 0.0077745765 -0.04727954
0.3795 -0.05029244 0.1668022 0.00370669 -0.04811844 -0.02983234 0.005537322 -0.007191941 -0.05142576
0.38 -0.05038261 0.1613799 0.002797652 -0.04830006 -0.035321027 -0.012759643 -0.019228354 -0.052325163
0.3805 -0.05047354 0.1560937 0.001897354 -0.04848019 -0.04061687 -0.02707036 -0.02902387 -0.053977642
0.381 -0.0505652 0.15094 0.001005843 -0.04865882 -0.045312107 -0.037065208 -0.036368847 -0.054349963
0.3815 -0.05065755 0.1459152 0.0001231577 -0.04883595 -0.04811257 -0.044063754 -0.042157903 -0.054195795
0.382 -0.05075055 0.1410159 -0.0007506692 -0.04901155 -0.05088532 -0.04883743 -0.046078205 -0.054836694
0.3825 -0.05084414 0.1362386 -0.001615612 -0.04918563 -0.052505516 -0.051358424 -0.048811123 -0.054605816
0.383 -0.05093831 0.1315803 -0.002471649 -0.04935818 -0.053623945 -0.053161554 -0.0509516 -0.05469263
0.3835 -0.05103301 0.1270377 -0.003318767 -0.0495292 -0.05448757 -0.054314904 -0.05221182 -0.054801587
0.384 -0.05112819 0.1226077 -0.004156956 -0.04969868 -0.054944508 -0.054875433 -0.053099975 -0.0547466
0.3845 -0.05122383 0.1182874 -0.004986211 -0.04986662 -0.0553661 -0.055244856 -0.053727597 -0.05479679
0.385 -0.0513199 0.1140739 -0.005806534 -0.05003302 -0.055547565 -0.055521764 -0.05412881 -0.05475149
0.3855 -0.05141634 0.1099644 -0.00661793 -0.05019787 -0.055704296 -0.05568997 -0.05437842 -0.054805074
0.386 -0.05151314 0.1059561 -0.007420409 -0.05036119 -0.055833384 -0.05573675 -0.05454208 -0.054780457
0.3865 -0.05161026 0.1020464 -0.008213983 -0.05052297 -0.055867895 -0.05581256 -0.054679617 -0.054756675
0.387 -0.05170766 0.09823263 -0.008998672 -0.05068321 -0.055926055 -0.05588369 -0.054739162 -0.054792378
0.3875 -0.05180532 0.09451236 -0.009774496 -0.05084192 -0.05595392 -0.0558844 -0.05477731 -0.05477104
0.388 -0.0519032 0.09088312 -0.01054148 -0.0509991 -0.05597102 -0.0559035 -0.054821298 -0.05476663
0.3885 -0.05200128 0.08734255 -0.01129965 -0.05115475 -0.055983417 -0.05593253 -0.05483739 -0.054773483
0.389 -0.05209952 0.08388832 -0.01204905 -0.05130889 -0.055990115 -0.055935033 -0.054845423 -0.05477223
0.3895 -0.0521979 0.0805182 -0.0127897 -0.05146151 -0.055999853 -0.055933796 -0.054857448 -0.054768596
0.39 -0.05229639 0.07723001 -0.01352164 -0.05161262 -0.055999108 -0.05594469 -0.054864928 -0.054766808
0.3905 -0.05239495 0.07402162 -0.01424492 -0.05176223 -0.056002274 -0.05595044 -0.054865286 -0.054772053
0.391 -0.05249358 0.07089096 -0.01495957 -0.05191035 -0.056005865 -0.05594582 -0.05486691 -0.054768655
0.3915 -0.05259223 0.06783604 -0.01566564 -0.05205697 -0.056004807 -0.05594863 -0.054871395 -0.054766867
0.392 -0.05269089 0.0648549 -0.01636318 -0.05220212 -0.056005865 -0.055953108 -0.054871112 -0.054770146
0.3925 -0.05278953 0.06194564 -0.01705224 -0.0523458 -0.056006715 -0.055950664 -0.05487065 -0.054768894
0.393 -0.05288813 0.05910641 -0.01773286 -0.05248801 -0.056006975 -0.055950247 -0.054872587 -0.05476782
0.3935 -0.05298666 0.05633542 -0.01840511 -0.05262877 -0.056006745 -0.05595266 -0.05487266 -0.054768715
0.394 -0.0530851 0.05363092 -0.01906904 -0.05276808 -0.056007013 -0.055952355 -0.054872036 -0.054769192
0.3945 -0.05318344 0.05099122 -0.0197247 -0.05290596 -0.056007378 -0.05595114 -0.054872558 -0.054768417
0.395 -0.05328164 0.04841465 -0.02037216 -0.05304241 -0.056007072 -0.055952124 -0.054873064 -0.054768357
0.3955 -0.0533797 0.0458996 -0.02101147 -0.05317744 -0.056007147 -0.05595272 -0.054872587 -0.054768953
0.396 -0.05347759 0.04344452 -0.02164269 -0.05331107 -0.05600743 -0.055951774 -0.054872632 -0.054768536
0.3965 -0.05357529 0.04104788 -0.02226589 -0.0534433 -0.056007236 -0.05595193 -0.05487299 -0.054768477
0.397 -0.05367278 0.0387082 -0.02288112 -0.05357415 -0.05600729 -0.055952482 -0.054872885 -0.054768655
0.3975 -0.05377004 0.03642403 -0.02348846 -0.05370362 -0.05600728 -0.05595214 -0.054872766 -0.054768655
0.398 -0.05386707 0.03419397 -0.02408797 -0.05383172 -0.05600737 -0.05595205 -0.05487281 -0.054768596
0.3985 -0.05396383 0.03201666 -0.02467972 -0.05395847 -0.056007236 -0.055952176 -0.054872856 -0.054768596
0.399 -0.05406032 0.02989076 -0.02526377 -0.05408388 -0.05600734 -0.05595228 -0.054872796 -0.054768655
0.3995 -0.05415652 0.02781498 -0.02584019 -0.05420795 -0.056007415 -0.055952065 -0.054872796 -0.054768536
0.4 -0.05425242 0.02578807 -0.02640905 -0.05433071 -0.05600731 -0.055952236 -0.05487287 -0.054768596
0.4005 -0.05434799 0.02380878 -0.02697042 -0.05445215 -0.05600723 -0.055952244 -0.054872826 -0.054768596
0.401 -0.05444323 0.02187595 -0.02752437 -0.05457229 -0.056007326 -0.05595214 -0.05487278 -0.054768536
0.4015 -0.05453813 0.01998839 -0.02807096 -0.05469114 -0.056007355 -0.05595208 -0.05487281 -0.054768655
0.402 -0.05463266 0.01814498 -0.02861028 -0.05480872 -0.056007244 -0.05595223 -0.0548729 -0.054768536
0.4025 -0.05472682 0.01634461 -0.02914238 -0.05492503 -0.056007303 -0.055952176 -0.05487284 -0.054768596
0.403 -0.05482059 0.01458623 -0.02966735 -0.05504009 -0.056007296 -0.055952124 -0.05487281 -0.054768596
0.4035 -0.05491397 0.01286877 -0.03018525 -0.0551539 -0.05600737 -0.055952154 -0.05487284 -0.054768596
0.404 -0.05500694 0.01119123 -0.03069616 -0.05526648 -0.05600723 -0.055952236 -0.05487287 -0.054768596
0.4045 -0.05509949 0.009552622 -0.03120014 -0.05537784 -0.056007326 -0.055952154 -0.054872766 -0.054768655
0.405 -0.05519161 0.007951972 -0.03169727 -0.05548799 -0.056007385 -0.05595223 -0.054872826 -0.054768655
0.4055 -0.05528329 0.006388346 -0.03218763 -0.05559694 -0.056007326 -0.05595211 -0.054872796 -0.054768536
0.406 -0.05537452 0.004860829 -0.03267127 -0.05570471 -0.05600728 -0.055952206 -0.054872856 -0.054768596
0.4065 -0.05546529 0.003368533 -0.03314829 -0.0558113 -0.056007326 -0.055952087 -0.05487275 -0.054768655
0.407 -0.0555556 0.001910591 -0.03361874 -0.05591672 -0.056007273 -0.055952124 -0.0548729 -0.054768536
0.4075 -0.05564543 0.0004861575 -0.0340827 -0.05602099 -0.05600725 -0.05595223 -0.054872856 -0.054768596
0.408 -0.05573478 -0.0009055888 -0.03454024 -0.05612412 -0.056007333 -0.05595214 -0.054872796 -0.054768536
0.4085 -0.05582364 -0.002265449 -0.03499143 -0.05622612 -0.056007363 -0.055952124 -0.054872826 -0.054768596
0.409 -0.05591201 -0.003594203 -0.03543635 -0.05632699 -0.056007303 -0.055952154 -0.054872796 -0.054768596
0.4095 -0.05599986 -0.004892611 -0.03587507 -0.05642676 -0.056007266 -0.05595222 -0.054872856 -0.054768596
0.41 -0.05608721 -0.006161413 -0.03630766 -0.05652543 -0.056007355 -0.05595217 -0.05487281 -0.054768655
0.4105 -0.05617404 -0.00740133 -0.03673418 -0.05662302 -0.056007296 -0.055952154 -0.0548729 -0.054768536
0.411 -0.05626035 -0.008613065 -0.03715471 -0.05671952 -0.056007266 -0.055952206 -0.0548729 -0.054768536
0.4115 -0.05634613 -0.009797303 -0.03756933 -0.05681496 -0.05600734 -0.055952176 -0.05487278 -0.054768655
0.412 -0.05643137 -0.01095471 -0.03797809 -0.05690935 -0.05600737 -0.05595217 -0.05487281 -0.054768596
0.4125 -0.05651608 -0.01208593 -0.03838108 -0.05700269 -0.05600725 -0.055952176 -0.054872826 -0.054768596
0.413 -0.05660024 -0.01319161 -0.03877835 -0.057095 -0.056007385 -0.0559522 -0.05487281 -0.054768655
0.4135 -0.05668385 -0.01427236 -0.03916998 -0.05718628 -0.05600734 -0.05595208 -0.05487281 -0.054768596
0.414 -0.05676692 -0.01532877 -0.03955604 -0.05727655 -0.05600731 -0.055952154 -0.054872915 -0.054768596
0.4145 -0.05684942 -0.01636144 -0.03993659 -0.05736582 -0.056007244 -0.05595217 -0.05487281 -0.054768655
0.415 -0.05693137 -0.01737094 -0.0403117 -0.05745409 -0.056007326 -0.055952147 -0.05487287 -0.054768536
0.4155 -0.05701275 -0.01835781 -0.04068145 -0.05754139 -0.056007348 -0.055952094 -0.054872736 -0.054768655
0.416 -0.05709357 -0.01932262 -0.04104589 -0.05762771 -0.056007348 -0.05595217 -0.05487281 -0.054768596
0.4165 -0.05717383 -0.02026587 -0.0414051 -0.05771307 -0.05600729 -0.055952154 -0.05487278 -0.054768596
0.417 -0.05725351 -0.0211881 -0.04175913 -0.05779748 -0.056007355 -0.055952154 -0.05487284 -0.054768536
0.4175 -0.05733261 -0.02208979 -0.04210806 -0.05788094 -0.056007326 -0.055952094 -0.05487281 -0.054768596
0.418 -0.05741114 -0.02297144 -0.04245195 -0.05796348 -0.05600731 -0.055952154 -0.054872856 -0.054768655
0.4185 -0.0574891 -0.02383353 -0.04279086 -0.05804509 -0.056007326 -0.05595223 -0.054872796 -0.054768596
0.419 -0.05756647 -0.02467651 -0.04312486 -0.05812579 -0.056007378 -0.055952124 -0.054872826 -0.054768655
0.4195 -0.05764326 -0.02550085 -0.04345402 -0.05820558 -0.056007266 -0.05595217 -0.05487284 -0.054768596
0.42 -0.05771948 -0.02630699 -0.04377838 -0.05828449 -0.056007303 -0.055952184 -0.054872826 -0.054768596
0.4205 -0.05779511 -0.02709535 -0.04409802 -0.0583625 -0.056007296 -0.055952154 -0.05487281 -0.054768655
0.421 -0.05787015 -0.02786635 -0.04441301 -0.05843965 -0.056007326 -0.055952094 -0.054872826 -0.054768596
0.4215 -0.05794461 -0.02862041 -0.04472339 -0.05851592 -0.05600728 -0.05595211 -0.05487281 -0.054768655
0.422 -0.05801849 -0.02935793 -0.04502923 -0.05859135 -0.056007296 -0.055952154 -0.054872856 -0.054768596
0.4225 -0.05809178 -0.03007928 -0.04533059 -0.05866592 -0.05600728 -0.055952124 -0.05487287 -0.054768596
0.423 -0.05816448 -0.03078486 -0.04562753 -0.05873966 -0.056007326 -0.055952154 -0.054872796 -0.054768596
0.4235 -0.0582366 -0.03147503 -0.04592011 -0.05881256 -0.056007296 -0.055952184 -0.05487287 -0.054768596
0.424 -0.05830813 -0.03215016 -0.04620839 -0.05888465 -0.05600731 -0.055952184 -0.054872826 -0.054768655
0.4245 -0.05837908 -0.03281058 -0.04649242 -0.05895592 -0.05600732 -0.055952154 -0.05487281 -0.054768536
0.425 -0.05844944 -0.03345666 -0.04677227 -0.05902639 -0.056007266 -0.05595217 -0.054872885 -0.054768596
0.4255 -0.05851922 -0.03408871 -0.04704798 -0.05909607 -0.05600734 -0.055952154 -0.054872826 -0.054768655
0.426 -0.05858841 -0.03470708 -0.04731962 -0.05916496 -0.056007296 -0.055952124 -0.05487284 -0.054768536
0.4265 -0.05865702 -0.03531207 -0.04758724 -0.05923307 -0.05600732 -0.055952154 -0.05487284 -0.054768655
0.427 -0.05872505 -0.03590399 -0.0478509 -0.05930042 -0.05600731 -0.055952176 -0.054872856 -0.054768596
0.4275 -0.0587925 -0.03648316 -0.04811064 -0.059367 -0.05600731 -0.05595217 -0.054872826 -0.054768655
0.428 -0.05885937 -0.03704986 -0.04836653 -0.05943283 -0.05600731 -0.05595214 -0.054872856 -0.054768536
0.4285 -0.05892566 -0.03760438 -0.04861862 -0.05949791 -0.056007266 -0.055952184 -0.054872885 -0.054768596
0.429 -0.05899137 -0.038147 -0.04886695 -0.05956226 -0.05600734 -0.055952124 -0.054872826 -0.054768596
0.4295 -0.0590565 -0.038678 -0.04911159 -0.05962588 -0.056007296 -0.05595214 -0.05487284 -0.054768536
0.43 -0.05912107 -0.03919765 -0.04935258 -0.05968878 -0.05600731 -0.055952184 -0.05487281 -0.054768655
0.4305 -0.05918506 -0.0397062 -0.04958997 -0.05975097 -0.05600731 -0.05595217 -0.054872856 -0.054768536
0.431 -0.05924848 -0.04020391 -0.04982382 -0.05981245 -0.056007236 -0.0559522 -0.0548729 -0.054768536
0.4315 -0.05931133 -0.04069102 -0.05005417 -0.05987324 -0.05600737 -0.05595214 -0.054872796 -0.054768596
0.432 -0.05937361 -0.04116779 -0.05028107 -0.05993333 -0.05600725 -0.0559522 -0.054872826 -0.054768536
0.4325 -0.05943533 -0.04163444 -0.05050458 -0.05999274 -0.05600731 -0.05595216 -0.05487278 -0.054768715
0.433 -0.05949649 -0.0420912 -0.05072473 -0.06005148 -0.05600734 -0.055952147 -0.05487284 -0.054768596
0.4335 -0.05955708 -0.04253831 -0.05094159 -0.06010955 -0.056007303 -0.05595214 -0.054872796 -0.054768596
0.434 -0.05961712 -0.04297598 -0.05115518 -0.06016696 -0.056007326 -0.05595216 -0.05487281 -0.054768655
0.4345 -0.05967661 -0.04340442 -0.05136557 -0.06022372 -0.056007355 -0.05595217 -0.054872856 -0.054768596
0.435 -0.05973554 -0.04382385 -0.05157279 -0.06027983 -0.056007273 -0.05595217 -0.05487284 -0.054768655
0.4355 -0.05979392 -0.04423446 -0.05177689 -0.0603353 -0.056007326 -0.05595216 -0.05487287 -0.054768536
0.436 -0.05985175 -0.04463646 -0.05197792 -0.06039014 -0.05600726 -0.055952154 -0.054872856 -0.054768596
0.4365 -0.05990904 -0.04503004 -0.05217592 -0.06044435 -0.05600731 -0.05595217 -0.054872885 -0.054768596
0.437 -0.05996578 -0.04541539 -0.05237093 -0.06049795 -0.05600726 -0.055952184 -0.05487287 -0.054768596
0.4375 -0.06002199 -0.0457927 -0.052563 -0.06055093 -0.056007333 -0.055952124 -0.054872766 -0.054768596
0.438 -0.06007765 -0.04616214 -0.05275216 -0.06060331 -0.05600731 -0.055952154 -0.05487287 -0.054768596
0.4385 -0.06013279 -0.04652389 -0.05293847 -0.06065509 -0.056007266 -0.0559522 -0.054872826 -0.054768655
0.439 -0.06018739 -0.04687813 -0.05312196 -0.06070628 -0.056007415 -0.055952176 -0.05487281 -0.054768596
0.4395 -0.06024147 -0.04722502 -0.05330267 -0.06075688 -0.056007326 -0.05595208 -0.054872766 -0.054768655
0.44 -0.06029501 -0.04756472 -0.05348065 -0.06080691 -0.056007326 -0.05595213 -0.0548729 -0.054768477
0.4405 -0.06034804 -0.0478974 -0.05365593 -0.06085636 -0.056007266 -0.055952214 -0.05487281 -0.054768655
0.441 -0.06040055 -0.04822321 -0.05382855 -0.06090525 -0.056007363 -0.055952094 -0.054872796 -0.054768655
0.4415 -0.06045254 -0.04854231 -0.05399855 -0.06095358 -0.05600728 -0.055952147 -0.05487284 -0.054768655
0.442 -0.06050402 -0.04885484 -0.05416598 -0.06100135 -0.05600734 -0.055952147 -0.054872826 -0.054768596
0.4425 -0.06055499 -0.04916095 -0.05433086 -0.06104858 -0.056007266 -0.055952184 -0.05487284 -0.054768655
0.443 -0.06060546 -0.04946078 -0.05449323 -0.06109526 -0.056007333 -0.05595211 -0.054872856 -0.054768536
0.4435 -0.06065542 -0.04975447 -0.05465314 -0.06114141 -0.05600725 -0.05595216 -0.05487284 -0.054768655
0.444 -0.06070488 -0.05004216 -0.05481061 -0.06118703 -0.05600734 -0.0559522 -0.05487284 -0.054768596
0.4445 -0.06075384 -0.05032397 -0.05496569 -0.06123213 -0.056007326 -0.05595214 -0.05487281 -0.054768596
0.445 -0.06080232 -0.05060003 -0.05511841 -0.0612767 -0.05600731 -0.05595216 -0.05487281 -0.054768715
0.4455 -0.0608503 -0.05087048 -0.0552688 -0.06132077 -0.056007355 -0.055952154 -0.05487281 -0.054768655
0.446 -0.06089779 -0.05113544 -0.0554169 -0.06136433 -0.056007296 -0.05595213 -0.054872856 -0.054768596
0.4465 -0.06094481 -0.05139502 -0.05556274 -0.06140739 -0.056007326 -0.05595211 -0.054872826 -0.054768596
0.447 -0.06099134 -0.05164934 -0.05570636 -0.06144995 -0.05600731 -0.055952154 -0.05487284 -0.054768596
0.4475 -0.0610374 -0.05189852 -0.05584778 -0.06149202 -0.056007303 -0.055952154 -0.054872796 -0.054768655
0.448 -0.06108298 -0.05214267 -0.05598705 -0.06153361 -0.05600737 -0.055952154 -0.05487281 -0.054768596
0.4485 -0.0611281 -0.0523819 -0.0561242 -0.06157472 -0.05600729 -0.05595211 -0.054872796 -0.054768596
0.449 -0.06117275 -0.05261631 -0.05625924 -0.06161535 -0.056007326 -0.055952184 -0.05487284 -0.054768655
0.4495 -0.06121693 -0.05284601 -0.05639223 -0.06165551 -0.056007348 -0.05595214 -0.05487284 -0.054768596
0.45 -0.06126066 -0.05307111 -0.05652318 -0.06169522 -0.056007326 -0.055952154 -0.05487281 -0.054768596
0.4505 -0.06130394 -0.05329169 -0.05665213 -0.06173446 -0.05600731 -0.055952184 -0.05487287 -0.054768596
0.451 -0.06134676 -0.05350787 -0.05677911 -0.06177325 -0.05600731 -0.05595217 -0.054872826 -0.054768655
0.4515 -0.06138913 -0.05371972 -0.05690414 -0.06181159 -0.05600731 -0.055952154 -0.054872856 -0.054768536
0.452 -0.06143106 -0.05392736 -0.05702726 -0.06184949 -0.056007266 -0.055952184 -0.054872885 -0.054768596
0.4525 -0.06147255 -0.05413086 -0.0571485 -0.06188695 -0.05600734 -0.055952117 -0.05487281 -0.054768596
0.453 -0.0615136 -0.05433031 -0.05726788 -0.06192398 -0.056007296 -0.055952124 -0.05487284 -0.054768536
0.4535 -0.06155422 -0.05452581 -0.05738544 -0.06196058 -0.05600732 -0.05595217 -0.05487284 -0.054768655
0.454 -0.0615944 -0.05471744 -0.05750119 -0.06199676 -0.05600731 -0.055952184 -0.05487287 -0.054768536
0.4545 -0.06163416 -0.05490527 -0.05761517 -0.06203251 -0.056007273 -0.055952184 -0.054872826 -0.054768655
0.455 -0.0616735 -0.0550894 -0.0577274 -0.06206785 -0.056007326 -0.05595222 -0.05487284 -0.054768596
0.4555 -0.06171241 -0.0552699 -0.05783791 -0.06210279 -0.05600731 -0.055952147 -0.05487284 -0.054768536
0.456 -0.06175091 -0.05544684 -0.05794673 -0.06213731 -0.05600734 -0.05595214 -0.054872796 -0.054768715
0.4565 -0.061789 -0.0556203 -0.05805388 -0.06217144 -0.056007296 -0.05595216 -0.054872856 -0.054768596
0.457 -0.06182667 -0.05579036 -0.05815938 -0.06220517 -0.05600731 -0.055952184 -0.054872796 -0.054768655
0.4575 -0.06186394 -0.05595708 -0.05826327 -0.06223851 -0.056007303 -0.05595213 -0.054872826 -0.054768536
0.458 -0.06190081 -0.05612055 -0.05836556 -0.06227146 -0.056007266 -0.055952184 -0.054872885 -0.054768596
0.4585 -0.06193728 -0.05628082 -0.05846628 -0.06230403 -0.05600734 -0.055952124 -0.054872826 -0.054768596
0.459 -0.06197335 -0.05643796 -0.05856546 -0.06233622 -0.056007296 -0.05595214 -0.05487284 -0.054768536
0.4595 -0.06200903 -0.05659205 -0.05866311 -0.06236803 -0.05600731 -0.055952184 -0.05487281 -0.054768655
0.46 -0.06204433 -0.05674313 -0.05875927 -0.06239947 -0.05600731 -0.05595217 -0.054872856 -0.054768536
0.4605 -0.06207924 -0.05689129 -0.05885395 -0.06243055 -0.056007236 -0.0559522 -0.0548729 -0.054768536
0.461 -0.06211376 -0.05703657 -0.05894717 -0.06246127 -0.05600737 -0.05595214 -0.054872796 -0.054768596
0.4615 -0.06214791 -0.05717904 -0.05903897 -0.06249163 -0.05600725 -0.0559522 -0.054872826 -0.054768536
0.462 -0.06218168 -0.05731876 -0.05912935 -0.06252163 -0.05600731 -0.05595216 -0.05487278 -0.054768715
0.4625 -0.06221508 -0.05745578 -0.05921834 -0.06255129 -0.05600734 -0.055952147 -0.05487284 -0.054768596
0.463 -0.06224812 -0.05759016 -0.05930597 -0.06258059 -0.056007303 -0.05595214 -0.054872796 -0.054768596
0.4635 -0.06228079 -0.05772195 -0.05939225 -0.06260956 -0.056007326 -0.05595216 -0.05487281 -0.054768655
0.464 -0.0623131 -0.05785121 -0.05947721 -0.06263819 -0.056007355 -0.05595217 -0.054872856 -0.054768596
0.4645 -0.06234505 -0.057978 -0.05956086 -0.06266648 -0.056007273 -0.05595217 -0.05487284 -0.054768655
0.465 -0.06237664 -0.05810236 -0.05964322 -0.06269444 -0.056007326 -0.05595216 -0.05487287 -0.054768536
0.4655 -0.06240789 -0.05822433 -0.05972432 -0.06272208 -0.05600726 -0.055952154 -0.054872856 -0.054768596
0.466 -0.06243878 -0.05834398 -0.05980418 -0.06274939 -0.05600731 -0.05595217 -0.054872885 -0.054768596
0.4665 -0.06246933 -0.05846135 -0.0598828 -0.06277638 -0.05600726 -0.055952184 -0.05487287 -0.054768596
0.467 -0.06249954 -0.05857649 -0.05996022 -0.06280306 -0.056007333 -0.055952124 -0.054872766 -0.054768596
0.4675 -0.06252942 -0.05868944 -0.06003645 -0.06282942 -0.05600731 -0.055952154 -0.05487287 -0.054768596
0.468 -0.06255895 -0.05880024 -0.06011151 -0.06285548 -0.056007266 -0.0559522 -0.054872826 -0.054768655
0.4685 -0.06258816 -0.05890894 -0.06018541 -0.06288123 -0.056007415 -0.055952176 -0.05487281 -0.054768596
0.469 -0.06261704 -0.05901559 -0.06025818 -0.06290668 -0.056007326 -0.05595208 -0.054872766 -0.054768655
0.4695 -0.06264559 -0.05912022 -0.06032983 -0.06293183 -0.056007326 -0.05595213 -0.0548729 -0.054768477
0.47 -0.06267382 -0.05922288 -0.06040037 -0.06295668 -0.056007266 -0.055952214 -0.05487281 -0.054768655
0.4705 -0.06270173 -0.05932361 -0.06046984 -0.06298124 -0.056007363 -0.055952094 -0.054872796 -0.054768655
0.471 -0.06272932 -0.05942244 -0.06053823 -0.06300552 -0.05600728 -0.055952147 -0.05487284 -0.054768655
0.4715 -0.06275661 -0.05951941 -0.06060558 -0.06302951 -0.05600734 -0.055952147 -0.054872826 -0.054768596
0.472 -0.06278358 -0.05961457 -0.06067189 -0.06305321 -0.056007266 -0.055952184 -0.05487284 -0.054768655
0.4725 -0.06281025 -0.05970794 -0.06073718 -0.06307664 -0.056007333 -0.05595211 -0.054872856 -0.054768536
0.473 -0.06283661 -0.05979957 -0.06080147 -0.06309979 -0.05600725 -0.05595216 -0.05487284 -0.054768655
0.4735 -0.06286267 -0.05988949 -0.06086477 -0.06312267 -0.05600734 -0.0559522 -0.05487284 -0.054768596
0.474 -0.06288844 -0.05997773 -0.0609271 -0.06314528 -0.056007326 -0.05595214 -0.05487281 -0.054768596
0.4745 -0.06291391 -0.06006433 -0.06098847 -0.06316763 -0.05600731 -0.05595216 -0.05487281 -0.054768715
0.475 -0.06293909 -0.06014932 -0.0610489 -0.06318971 -0.056007355 -0.055952154 -0.05487281 -0.054768655
0.4755 -0.06296398 -0.06023274 -0.0611084 -0.06321153 -0.056007296 -0.05595213 -0.054872856 -0.054768596
0.476 -0.06298858 -0.06031461 -0.06116699 -0.06323309 -0.056007326 -0.05595211 -0.054872826 -0.054768596
0.4765 -0.0630129 -0.06039496 -0.06122468 -0.0632544 -0.05600731 -0.055952154 -0.05487284 -0.054768596
0.477 -0.06303695 -0.06047383 -0.06128148 -0.06327546 -0.056007303 -0.055952154 -0.054872796 -0.054768655
0.4775 -0.06306071 -0.06055124 -0.06133741 -0.06329626 -0.05600737 -0.055952154 -0.05487281 -0.054768596
0.478 -0.0630842 -0.06062723 -0.06139248 -0.06331683 -0.05600729 -0.05595211 -0.054872796 -0.054768596
0.4785 -0.06310742 -0.06070181 -0.06144671 -0.06333715 -0.056007326 -0.055952184 -0.05487284 -0.054768655
0.479 -0.06313038 -0.06077503 -0.0615001 -0.06335723 -0.056007348 -0.05595214 -0.05487284 -0.054768596
0.4795 -0.06315306 -0.06084691 -0.06155267 -0.06337707 -0.056007326 -0.055952154 -0.05487281 -0.054768596
0.48 -0.06317549 -0.06091747 -0.06160444 -0.06339668 -0.05600731 -0.055952184 -0.05487287 -0.054768596
0.4805 -0.06319765 -0.06098674 -0.06165542 -0.06341605 -0.05600731 -0.05595217 -0.054872826 -0.054768655
0.481 -0.06321956 -0.06105474 -0.06170561 -0.0634352 -0.05600731 -0.055952154 -0.054872856 -0.054768536
0.4815 -0.06324121 -0.0611215 -0.06175503 -0.06345412 -0.056007266 -0.055952184 -0.054872885 -0.054768596
0.482 -0.06326261 -0.06118705 -0.0618037 -0.06347281 -0.05600734 -0.055952117 -0.05487281 -0.054768596
0.4825 -0.06328376 -0.06125141 -0.06185162 -0.06349128 -0.056007296 -0.055952124 -0.05487284 -0.054768536
0.483 -0.06330466 -0.06131459 -0.0618988 -0.06350954 -0.05600732 -0.05595217 -0.05487284 -0.054768655
0.4835 -0.06332532 -0.06137663 -0.06194526 -0.06352758 -0.05600731 -0.055952184 -0.05487287 -0.054768536
0.484 -0.06334574 -0.06143755 -0.06199101 -0.0635454 -0.056007273 -0.055952184 -0.054872826 -0.054768655
0.4845 -0.06336592 -0.06149736 -0.06203606 -0.06356301 -0.056007326 -0.05595222 -0.05487284 -0.054768596
0.485 -0.06338586 -0.0615561 -0.06208042 -0.06358042 -0.05600731 -0.055952147 -0.05487284 -0.054768536
0.4855 -0.06340557 -0.06161378 -0.0621241 -0.06359761 -0.05600734 -0.05595214 -0.054872796 -0.054768715
0.486 -0.06342505 -0.06167041 -0.06216711 -0.06361461 -0.056007296 -0.05595216 -0.054872856 -0.054768596
0.4865 -0.0634443 -0.06172603 -0.06220946 -0.0636314 -0.05600731 -0.055952184 -0.054872796 -0.054768655
0.487 -0.06346332 -0.06178065 -0.06225116 -0.06364799 -0.056007303 -0.05595213 -0.054872826 -0.054768536
0.4875 -0.06348212 -0.0618343 -0.06229223 -0.06366438 -0.056007266 -0.055952184 -0.054872885 -0.054768596
0.488 -0.06350069 -0.06188698 -0.06233267 -0.06368058 -0.05600734 -0.055952124 -0.054872826 -0.054768596
0.4885 -0.06351905 -0.06193872 -0.06237249 -0.06369658 -0.056007296 -0.05595214 -0.05487284 -0.054768536
0.489 -0.06353719 -0.06198953 -0.0624117 -0.0637124 -0.05600731 -0.055952184 -0.05487281 -0.054768655
0.4895 -0.06355512 -0.06203944 -0.06245031 -0.06372802 -0.05600731 -0.05595217 -0.054872856 -0.054768536
0.49 -0.06357283 -0.06208846 -0.06248833 -0.06374346 -0.056007236 -0.0559522 -0.0548729 -0.054768536
0.4905 -0.06359034 -0.06213661 -0.06252577 -0.06375872 -0.05600737 -0.05595214 -0.054872796 -0.054768596
0.491 -0.06360764 -0.0621839 -0.06256264 -0.06377379 -0.05600725 -0.0559522 -0.054872826 -0.054768536
0.4915 -0.06362473 -0.06223036 -0.06259894 -0.06378869 -0.05600731 -0.05595216 -0.05487278 -0.054768715
0.492 -0.06364162 -0.06227599 -0.06263469 -0.06380341 -0.05600734 -0.055952147 -0.05487284 -0.054768596
0.4925 -0.06365831 -0.06232081 -0.0626699 -0.06381795 -0.056007303 -0.05595214 -0.054872796 -0.054768596
0.493 -0.0636748 -0.06236485 -0.06270457 -0.06383231 -0.056007326 -0.05595216 -0.05487281 -0.054768655
0.4935 -0.0636911 -0.0624081 -0.0627387 -0.06384651 -0.056007355 -0.05595217 -0.054872856 -0.054768596
0.494 -0.0637072 -0.0624506 -0.06277232 -0.06386054 -0.056007273 -0.05595217 -0.05487284 -0.054768655
0.4945 -0.0637231 -0.06249234 -0.06280543 -0.06387439 -0.056007326 -0.05595216 -0.05487287 -0.054768536
0.495 -0.06373882 -0.06253336 -0.06283803 -0.06388809 -0.05600726 -0.055952154 -0.054872856 -0.054768596
0.4955 -0.06375436 -0.06257365 -0.06287013 -0.06390162 -0.05600731 -0.05595217 -0.054872885 -0.054768596
0.496 -0.0637697 -0.06261324 -0.06290175 -0.06391498 -0.05600726 -0.055952184 -0.05487287 -0.054768596
0.4965 -0.06378486 -0.06265214 -0.06293288 -0.06392819 -0.056007333 -0.055952124 -0.054872766 -0.054768596
0.497 -0.06379985 -0.06269035 -0.06296354 -0.06394124 -0.05600731 -0.055952154 -0.05487287 -0.054768596
0.4975 -0.06381465 -0.0627279 -0.06299373 -0.06395413 -0.056007266 -0.0559522 -0.054872826 -0.054768655
0.498 -0.06382927 -0.0627648 -0.06302346 -0.06396687 -0.056007415 -0.055952176 -0.05487281 -0.054768596
0.4985 -0.06384372 -0.06280105 -0.06305274 -0.06397946 -0.056007326 -0.05595208 -0.054872766 -0.054768655
0.499 -0.063858 -0.06283668 -0.06308158 -0.06399189 -0.056007326 -0.05595213 -0.0548729 -0.054768477
0.4995 -0.0638721 -0.06287168 -0.06310998 -0.06400418 -0.056007266 -0.055952214 -0.05487281 -0.054768655
0.5 -0.06388604 -0.06290608 -0.06313794 -0.06401632 -0.056007363 -0.055952094 -0.054872796 -0.054768655
