0.0 -0.065 -0.065 -0.065 -0.065 -0.056273207 0.00042933784 0.020374775 -0.035589
0.0005 -0.065 -0.065 -0.065 -0.065 -0.06826037 -0.014695274 0.020972472 -0.04582014
0.001 -0.065 -0.065 -0.065 -0.065 -0.07551234 -0.028855605 0.018449469 -0.05404099
0.0015 -0.065 -0.065 -0.065 -0.065 -0.07943091 -0.041397713 0.013807619 -0.060195543
0.002 -0.065 -0.065 -0.065 -0.065 -0.08105388 -0.05205787 0.007888375 -0.06448034
0.0025 -0.065 -0.065 -0.065 -0.065 -0.081143916 -0.060817532 0.0013453327 -0.06720304
0.003 -0.065 -0.065 -0.065 -0.065 -0.0802547 -0.06780006 -0.005346574 -0.06869607
0.0035 -0.065 -0.065 -0.065 -0.065 -0.07878205 -0.07320082 -0.01186401 -0.06926941
0.004 -0.065 -0.065 -0.065 -0.065 -0.07700359 -0.07724214 -0.01800311 -0.06918935
0.0045 -0.065 -0.065 -0.065 -0.065 -0.07510965 -0.080146246 -0.023648895 -0.068672426
0.005 -0.065 -0.065 -0.065 -0.065 -0.073226504 -0.082119845 -0.028749567 -0.06788727
0.0055 -0.065 -0.065 -0.065 -0.065 -0.071434185 -0.08334682 -0.033296045 -0.06696072
0.006 -0.065 -0.065 -0.065 -0.065 -0.069780014 -0.08398562 -0.037306704 -0.065984614
0.0065 -0.065 -0.065 -0.065 -0.065 -0.06828823 -0.08416968 -0.040816434 -0.065022916
0.007 -0.065 -0.065 -0.065 -0.065 -0.06696725 -0.08400925 -0.043868843 -0.06411788
0.0075 -0.065 -0.065 -0.065 -0.065 -0.06581527 -0.08359409 -0.046511054 -0.06329527
0.008 -0.065 -0.065 -0.065 -0.065 -0.06482378 -0.0829963 -0.048790347 -0.062568836
0.0085 -0.065 -0.065 -0.065 -0.065 -0.06398048 -0.082272924 -0.050751958 -0.061943494
0.009 -0.065 -0.065 -0.065 -0.065 -0.063271105 -0.08146875 -0.052437846 -0.06141814
0.0095 -0.065 -0.065 -0.065 -0.065 -0.06268075 -0.08061832 -0.053886104 -0.060987704
0.01 -0.065 -0.065 -0.065 -0.065 -0.062194794 -0.07974797 -0.055130724 -0.060644582
0.0105 -0.065 -0.065 -0.065 -0.065 -0.061799154 -0.078877404 -0.05620164 -0.06037993
0.011 -0.065 -0.065 -0.065 -0.065 -0.06148109 -0.0780211 -0.057124887 -0.060184233
0.0115 -0.065 -0.065 -0.065 -0.065 -0.0612289 -0.07718937 -0.05792295 -0.060048163
0.012 -0.065 -0.065 -0.065 -0.065 -0.06103222 -0.076389275 -0.058615077 -0.059962675
0.0125 -0.065 -0.065 -0.065 -0.065 -0.060881868 -0.075625435 -0.059217695 -0.059919447
0.013 -0.065 -0.065 -0.065 -0.065 -0.060769945 -0.07490052 -0.059744578 -0.0599109
0.0135 -0.065 -0.065 -0.065 -0.065 -0.060689628 -0.07421579 -0.060207482 -0.05993031
0.014 -0.065 -0.065 -0.065 -0.065 -0.060635015 -0.07357139 -0.06061617 -0.059971794
0.0145 -0.065 -0.065 -0.065 -0.065 -0.060601175 -0.07296676 -0.06097884 -0.06003031
0.015 -0.065 -0.065 -0.065 -0.065 -0.060583934 -0.07240076 -0.0613023 -0.060101487
0.0155 -0.065 -0.065 -0.065 -0.065 -0.060579702 -0.071871854 -0.061592225 -0.06018173
0.016 -0.065 -0.065 -0.065 -0.065 -0.060585663 -0.071378276 -0.06185333 -0.060268044
0.0165 -0.065 -0.065 -0.065 -0.065 -0.060599342 -0.07091821 -0.06208953 -0.060358003
0.017 -0.065 -0.065 -0.065 -0.065 -0.060618848 -0.070489645 -0.062304083 -0.060449578
0.0175 -0.065 -0.065 -0.065 -0.065 -0.06064251 -0.07009069 -0.062499676 -0.06054122
0.018 -0.065 -0.065 -0.065 -0.065 -0.060669005 -0.06971938 -0.062678605 -0.060631692
0.0185 -0.065 -0.065 -0.065 -0.065 -0.06069736 -0.06937392 -0.0628428 -0.060720123
0.019 -0.065 -0.065 -0.065 -0.065 -0.060726747 -0.0690525 -0.06299378 -0.0608057
0.0195 -0.065 -0.065 -0.065 -0.065 -0.060756445 -0.06875345 -0.06313294 -0.060888022
0.02 -0.065 -0.065 -0.065 -0.065 -0.060786024 -0.06847518 -0.063261405 -0.0609667
0.0205 -0.065 -0.065 -0.065 -0.065 -0.060815066 -0.068216234 -0.0633802 -0.061041594
0.021 -0.065 -0.065 -0.065 -0.065 -0.06084332 -0.067975245 -0.06349015 -0.06111253
0.0215 -0.065 -0.065 -0.065 -0.065 -0.060870543 -0.06775088 -0.06359199 -0.06117951
0.022 -0.065 -0.065 -0.065 -0.065 -0.060896575 -0.06754195 -0.0636864 -0.061242595
0.0225 -0.065 -0.065 -0.065 -0.065 -0.060921386 -0.06734736 -0.06377396 -0.061301798
0.023 -0.065 -0.065 -0.065 -0.065 -0.060944885 -0.0671661 -0.063855186 -0.061357304
0.0235 -0.065 -0.065 -0.065 -0.065 -0.06096703 -0.06699716 -0.06393051 -0.061409242
0.024 -0.065 -0.065 -0.065 -0.065 -0.060987875 -0.06683969 -0.06400043 -0.061457753
0.0245 -0.065 -0.065 -0.065 -0.065 -0.061007395 -0.06669288 -0.06406525 -0.06150303
0.025 -0.065 -0.065 -0.065 -0.065 -0.06102565 -0.06655598 -0.06412542 -0.061545223
0.0255 -0.065 -0.065 -0.065 -0.065 -0.06104271 -0.06642828 -0.06418119 -0.061584495
0.026 -0.065 -0.065 -0.065 -0.065 -0.06105855 -0.06630913 -0.064232856 -0.06162101
0.0265 -0.065 -0.065 -0.065 -0.065 -0.06107326 -0.06619792 -0.06428079 -0.061654955
0.027 -0.065 -0.065 -0.065 -0.065 -0.061086923 -0.06609412 -0.06432517 -0.061686523
0.0275 -0.065 -0.065 -0.065 -0.065 -0.061099574 -0.06599722 -0.06436625 -0.061715797
0.028 -0.065 -0.065 -0.065 -0.065 -0.061111227 -0.06590672 -0.064404264 -0.06174299
0.0285 -0.065 -0.065 -0.065 -0.065 -0.061122015 -0.06582221 -0.06443943 -0.06176815
0.029 -0.065 -0.065 -0.065 -0.065 -0.061131924 -0.06574324 -0.064471945 -0.06179154
0.0295 -0.065 -0.065 -0.065 -0.065 -0.06114109 -0.06566946 -0.064502 -0.06181319
0.03 -0.065 -0.065 -0.065 -0.065 -0.061149493 -0.065600514 -0.06452975 -0.061833262
0.0305 -0.065 -0.065 -0.065 -0.065 -0.06115721 -0.065536045 -0.06455538 -0.06185185
0.031 -0.065 -0.065 -0.065 -0.065 -0.06116429 -0.06547577 -0.064578995 -0.061869033
0.0315 -0.065 -0.065 -0.065 -0.065 -0.061170742 -0.0654194 -0.06460078 -0.061884955
0.032 -0.065 -0.065 -0.065 -0.065 -0.061176673 -0.06536665 -0.06462085 -0.061899655
0.0325 -0.065 -0.065 -0.065 -0.065 -0.061182052 -0.06531731 -0.064639345 -0.061913274
0.033 -0.065 -0.065 -0.065 -0.065 -0.061186954 -0.06527115 -0.06465633 -0.061925836
0.0335 -0.065 -0.065 -0.065 -0.065 -0.061191395 -0.06522791 -0.06467192 -0.06193746
0.034 -0.065 -0.065 -0.065 -0.065 -0.061195433 -0.065187424 -0.06468625 -0.061948158
0.0345 -0.065 -0.065 -0.065 -0.065 -0.0611991 -0.06514952 -0.06469941 -0.061958067
0.035 -0.065 -0.065 -0.065 -0.065 -0.061202407 -0.06511399 -0.06471144 -0.06196717
0.0355 -0.065 -0.065 -0.065 -0.065 -0.061205402 -0.065080695 -0.06472248 -0.061975583
0.036 -0.065 -0.065 -0.065 -0.065 -0.06120807 -0.065049514 -0.06473255 -0.061983325
0.0365 -0.065 -0.065 -0.065 -0.065 -0.06121044 -0.06502026 -0.06474176 -0.061990425
0.037 -0.065 -0.065 -0.065 -0.065 -0.06121254 -0.06499281 -0.064750135 -0.06199698
0.0375 -0.065 -0.065 -0.065 -0.065 -0.061214417 -0.06496708 -0.06475778 -0.062002987
0.038 -0.065 -0.065 -0.065 -0.065 -0.061216086 -0.06494292 -0.06476471 -0.062008493
0.0385 -0.065 -0.065 -0.065 -0.065 -0.061217517 -0.064920224 -0.06477101 -0.06201356
0.039 -0.065 -0.065 -0.065 -0.065 -0.061218783 -0.06489893 -0.06477669 -0.062018186
0.0395 -0.065 -0.065 -0.065 -0.065 -0.061219856 -0.06487892 -0.06478186 -0.062022448
0.04 -0.065 -0.065 -0.065 -0.065 -0.06122078 -0.064860106 -0.064786494 -0.062026314
0.0405 -0.065 -0.065 -0.065 -0.065 -0.06122154 -0.064842425 -0.06479065 -0.062029876
0.041 -0.065 -0.065 -0.065 -0.065 -0.061222166 -0.06482578 -0.06479436 -0.062033094
0.0415 -0.065 -0.065 -0.065 -0.065 -0.061222672 -0.064810134 -0.06479767 -0.062036023
0.042 -0.065 -0.065 -0.065 -0.065 -0.06122306 -0.06479538 -0.064800605 -0.062038705
0.0425 -0.065 -0.065 -0.065 -0.065 -0.061223373 -0.06478151 -0.06480323 -0.062041104
0.043 -0.065 -0.065 -0.065 -0.065 -0.06122352 -0.06476843 -0.06480552 -0.062043294
0.0435 -0.065 -0.065 -0.065 -0.065 -0.061223656 -0.064756095 -0.06480749 -0.062045276
0.044 -0.065 -0.065 -0.065 -0.065 -0.061223656 -0.06474446 -0.0648092 -0.062047042
0.0445 -0.065 -0.065 -0.065 -0.065 -0.061223626 -0.06473353 -0.06481069 -0.062048644
0.045 -0.065 -0.065 -0.065 -0.065 -0.061223507 -0.06472316 -0.064811945 -0.062050074
0.0455 -0.065 -0.065 -0.065 -0.065 -0.061223328 -0.06471337 -0.06481297 -0.06205134
0.046 -0.065 -0.065 -0.065 -0.065 -0.061223045 -0.06470412 -0.06481382 -0.06205245
0.0465 -0.065 -0.065 -0.065 -0.065 -0.06122279 -0.06469538 -0.06481448 -0.062053427
0.047 -0.065 -0.065 -0.065 -0.065 -0.06122245 -0.06468712 -0.064814985 -0.0620543
0.0475 -0.065 -0.065 -0.065 -0.065 -0.061222076 -0.0646793 -0.06481536 -0.06205506
0.048 -0.065 -0.065 -0.065 -0.065 -0.061221704 -0.06467189 -0.064815566 -0.062055714
0.0485 -0.065 -0.065 -0.065 -0.065 -0.061221227 -0.06466487 -0.064815655 -0.062056273
0.049 -0.065 -0.065 -0.065 -0.065 -0.061220765 -0.06465822 -0.064815655 -0.06205675
0.0495 -0.065 -0.065 -0.065 -0.065 -0.06122029 -0.06465189 -0.06481552 -0.06205713
0.05 -0.065 -0.065 -0.065 -0.065 -0.06121975 -0.064645894 -0.06481533 -0.062057436
0.0505 -0.065 -0.065 -0.065 -0.065 -0.0612192 -0.06464022 -0.064815044 -0.062057696
0.051 -0.065 -0.065 -0.065 -0.065 -0.06121865 -0.0646348 -0.06481467 -0.062057875
0.0515 -0.065 -0.065 -0.065 -0.065 -0.061218083 -0.06462967 -0.06481424 -0.062057987
0.052 -0.065 -0.065 -0.065 -0.065 -0.0612175 -0.06462477 -0.06481372 -0.062058046
0.0525 -0.065 -0.065 -0.065 -0.065 -0.06121689 -0.06462011 -0.06481315 -0.06205809
0.053 -0.065 -0.065 -0.065 -0.065 -0.06121628 -0.06461566 -0.064812526 -0.06205806
0.0535 -0.065 -0.065 -0.065 -0.065 -0.061215684 -0.06461143 -0.06481187 -0.062057987
0.054 -0.065 -0.065 -0.065 -0.065 -0.06121503 -0.06460738 -0.064811185 -0.062057905
0.0545 -0.065 -0.065 -0.065 -0.065 -0.061214447 -0.064603545 -0.064810455 -0.06205777
0.055 -0.065 -0.065 -0.065 -0.065 -0.061213806 -0.06459988 -0.064809695 -0.062057644
0.0555 -0.065 -0.065 -0.065 -0.065 -0.061213195 -0.06459638 -0.064808905 -0.062057443
0.056 -0.065 -0.065 -0.065 -0.065 -0.06121257 -0.06459301 -0.064808115 -0.06205725
0.0565 -0.065 -0.065 -0.065 -0.065 -0.061211944 -0.064589806 -0.064807266 -0.06205701
0.057 -0.065 -0.065 -0.065 -0.065 -0.061211318 -0.0645867 -0.06480642 -0.06205678
0.0575 -0.065 -0.065 -0.065 -0.065 -0.061210647 -0.06458374 -0.06480555 -0.06205651
0.058 -0.065 -0.065 -0.065 -0.065 -0.061210066 -0.06458093 -0.06480466 -0.062056236
0.0585 -0.065 -0.065 -0.065 -0.065 -0.061209455 -0.06457823 -0.06480378 -0.062055953
0.059 -0.065 -0.065 -0.065 -0.065 -0.061208844 -0.06457562 -0.064802885 -0.06205564
0.0595 -0.065 -0.065 -0.065 -0.065 -0.06120822 -0.064573124 -0.06480199 -0.062055327
0.06 -0.065 -0.065 -0.065 -0.065 -0.061207622 -0.06457073 -0.0648011 -0.06205499
0.0605 -0.065 -0.065 -0.065 -0.065 -0.06120704 -0.06456843 -0.06480019 -0.062054686
0.061 -0.065 -0.065 -0.065 -0.065 -0.06120643 -0.06456621 -0.064799264 -0.06205432
0.0615 -0.065 -0.065 -0.065 -0.065 -0.06120585 -0.06456407 -0.06479837 -0.06205397
0.062 -0.065 -0.065 -0.065 -0.065 -0.061205223 -0.064562015 -0.064797476 -0.06205362
0.0625 -0.065 -0.065 -0.065 -0.065 -0.0612047 -0.06456006 -0.06479657 -0.06205327
0.063 -0.065 -0.065 -0.065 -0.065 -0.061204135 -0.06455814 -0.06479569 -0.062052913
0.0635 -0.065 -0.065 -0.065 -0.065 -0.061203554 -0.06455629 -0.064794764 -0.062052563
0.064 -0.065 -0.065 -0.065 -0.065 -0.061203018 -0.064554505 -0.0647939 -0.062052175
0.0645 -0.065 -0.065 -0.065 -0.065 -0.06120245 -0.0645528 -0.064793006 -0.062051833
0.065 -0.065 -0.065 -0.065 -0.065 -0.06120196 -0.06455117 -0.064792156 -0.062051468
0.0655 -0.065 -0.065 -0.065 -0.065 -0.06120144 -0.06454957 -0.06479131 -0.062051117
0.066 -0.065 -0.065 -0.065 -0.065 -0.061200887 -0.06454803 -0.06479046 -0.062050752
0.0665 -0.065 -0.065 -0.065 -0.065 -0.06120035 -0.06454652 -0.06478961 -0.062050402
0.067 -0.065 -0.065 -0.065 -0.065 -0.06119986 -0.06454506 -0.064788744 -0.062050045
0.0675 -0.065 -0.065 -0.065 -0.065 -0.061199382 -0.06454366 -0.06478791 -0.062049687
0.068 -0.065 -0.065 -0.065 -0.065 -0.06119889 -0.0645423 -0.064787105 -0.062049344
0.0685 -0.065 -0.065 -0.065 -0.065 -0.061198413 -0.064541 -0.0647863 -0.062048994
0.069 -0.065 -0.065 -0.065 -0.065 -0.061197937 -0.06453974 -0.06478551 -0.062048666
0.0695 -0.065 -0.065 -0.065 -0.065 -0.061197475 -0.06453849 -0.064784735 -0.06204831
0.07 -0.065 -0.065 -0.065 -0.065 -0.061197028 -0.06453729 -0.06478396 -0.062047973
0.0705 -0.065 -0.065 -0.065 -0.065 -0.061196566 -0.06453612 -0.064783186 -0.062047616
0.071 -0.065 -0.065 -0.065 -0.065 -0.06119612 -0.06453499 -0.06478244 -0.06204731
0.0715 -0.065 -0.065 -0.065 -0.065 -0.061195686 -0.0645339 -0.06478171 -0.06204696
0.072 -0.065 -0.065 -0.065 -0.065 -0.061195254 -0.064532824 -0.06478098 -0.062046647
0.0725 -0.065 -0.065 -0.065 -0.065 -0.061194867 -0.06453182 -0.06478028 -0.062046304
0.073 -0.065 -0.065 -0.065 -0.065 -0.061194435 -0.06453081 -0.06477958 -0.062046014
0.0735 -0.065 -0.065 -0.065 -0.065 -0.061194018 -0.064529836 -0.06477888 -0.0620457
0.074 -0.065 -0.065 -0.065 -0.065 -0.061193615 -0.06452889 -0.06477822 -0.062045403
0.0745 -0.065 -0.065 -0.065 -0.065 -0.061193258 -0.06452797 -0.06477752 -0.062045105
0.075 -0.065 -0.065 -0.065 -0.065 -0.06119287 -0.06452705 -0.06477687 -0.062044792
0.0755 -0.065 -0.065 -0.065 -0.065 -0.061192498 -0.06452619 -0.0647762 -0.062044494
0.076 -0.065 -0.065 -0.065 -0.065 -0.061192155 -0.06452534 -0.0647756 -0.062044196
0.0765 -0.065 -0.065 -0.065 -0.065 -0.061191767 -0.064524494 -0.06477499 -0.062043943
0.077 -0.065 -0.065 -0.065 -0.065 -0.061191425 -0.06452371 -0.06477438 -0.062043667
0.0775 -0.065 -0.065 -0.065 -0.065 -0.061191097 -0.064522915 -0.06477378 -0.062043406
0.078 -0.065 -0.065 -0.065 -0.065 -0.06119074 -0.06452213 -0.06477319 -0.06204313
0.0785 -0.065 -0.065 -0.065 -0.065 -0.06119041 -0.064521395 -0.064772606 -0.062042877
0.079 -0.065 -0.065 -0.065 -0.065 -0.0611901 -0.06452065 -0.06477204 -0.06204261
0.0795 -0.065 -0.065 -0.065 -0.065 -0.06118977 -0.064519934 -0.06477149 -0.06204234
0.08 -0.065 -0.065 -0.065 -0.065 -0.061189443 -0.06451926 -0.06477095 -0.062042125
0.0805 -0.065 -0.065 -0.065 -0.065 -0.06118916 -0.06451856 -0.064770415 -0.062041864
0.081 -0.065 -0.065 -0.065 -0.065 -0.061188817 -0.06451789 -0.064769894 -0.062041625
0.0815 -0.065 -0.065 -0.065 -0.065 -0.06118855 -0.06451727 -0.06476937 -0.06204138
0.082 -0.065 -0.065 -0.065 -0.065 -0.061188266 -0.06451664 -0.06476888 -0.06204115
0.0825 -0.065 -0.065 -0.065 -0.065 -0.061187997 -0.06451602 -0.064768374 -0.062040932
0.083 -0.065 -0.065 -0.065 -0.065 -0.061187714 -0.06451543 -0.06476788 -0.0620407
0.0835 -0.065 -0.065 -0.065 -0.065 -0.06118743 -0.064514846 -0.06476742 -0.06204047
0.084 -0.065 -0.065 -0.065 -0.065 -0.061187193 -0.064514264 -0.06476696 -0.062040277
0.0845 -0.065 -0.065 -0.065 -0.065 -0.061186954 -0.064513735 -0.06476648 -0.06204004
0.085 -0.065 -0.065 -0.065 -0.065 -0.06118667 -0.0645132 -0.064766034 -0.062039837
0.0855 -0.065 -0.065 -0.065 -0.065 -0.061186418 -0.06451267 -0.0647656 -0.06203962
0.086 -0.065 -0.065 -0.065 -0.065 -0.06118618 -0.06451215 -0.0647652 -0.062039413
0.0865 -0.065 -0.065 -0.065 -0.065 -0.06118594 -0.06451165 -0.06476477 -0.06203922
0.087 -0.065 -0.065 -0.065 -0.065 -0.061185703 -0.06451116 -0.06476435 -0.062039025
0.0875 -0.065 -0.065 -0.065 -0.065 -0.061185464 -0.064510666 -0.06476395 -0.06203886
0.088 -0.065 -0.065 -0.065 -0.065 -0.061185226 -0.06451022 -0.064763546 -0.062038675
0.0885 -0.065 -0.065 -0.065 -0.065 -0.061185002 -0.06450976 -0.06476316 -0.06203849
0.089 -0.065 -0.065 -0.065 -0.065 -0.061184824 -0.0645093 -0.064762786 -0.062038317
0.0895 -0.065 -0.065 -0.065 -0.065 -0.0611846 -0.06450887 -0.06476241 -0.062038146
0.09 -0.065 -0.065 -0.065 -0.065 -0.061184406 -0.06450845 -0.06476204 -0.062037982
0.0905 -0.065 -0.065 -0.065 -0.065 -0.061184183 -0.064508036 -0.06476171 -0.062037818
0.091 -0.065 -0.065 -0.065 -0.065 -0.06118399 -0.06450762 -0.064761356 -0.06203764
0.0915 -0.065 -0.065 -0.065 -0.065 -0.061183795 -0.06450722 -0.064761 -0.06203749
0.092 -0.065 -0.065 -0.065 -0.065 -0.061183617 -0.06450682 -0.064760685 -0.06203731
0.0925 -0.065 -0.065 -0.065 -0.065 -0.061183453 -0.06450644 -0.06476036 -0.062037177
0.093 -0.065 -0.065 -0.065 -0.065 -0.061183274 -0.06450608 -0.06476003 -0.062037036
0.0935 -0.065 -0.065 -0.065 -0.065 -0.061183095 -0.06450571 -0.06475973 -0.062036887
0.094 -0.065 -0.065 -0.065 -0.065 -0.061182916 -0.064505376 -0.06475942 -0.06203673
0.0945 -0.065 -0.065 -0.065 -0.065 -0.061182737 -0.06450502 -0.064759105 -0.06203658
0.095 -0.065 -0.065 -0.065 -0.065 -0.06118256 -0.064504676 -0.06475882 -0.062036455
0.0955 -0.065 -0.065 -0.065 -0.065 -0.061182424 -0.06450435 -0.06475851 -0.062036328
0.096 -0.065 -0.065 -0.065 -0.065 -0.061182275 -0.06450401 -0.06475824 -0.06203617
0.0965 -0.065 -0.065 -0.065 -0.065 -0.061182097 -0.0645037 -0.06475796 -0.062036052
0.097 -0.065 -0.065 -0.065 -0.065 -0.061181933 -0.06450338 -0.06475772 -0.062035926
0.0975 -0.065 -0.065 -0.065 -0.065 -0.061181813 -0.06450308 -0.06475742 -0.062035814
0.098 -0.065 -0.065 -0.065 -0.065 -0.06118168 -0.06450279 -0.06475718 -0.062035665
0.0985 -0.065 -0.065 -0.065 -0.065 -0.061181515 -0.0645025 -0.06475693 -0.062035576
0.099 -0.065 -0.065 -0.065 -0.065 -0.061181396 -0.06450221 -0.06475668 -0.06203545
0.0995 -0.065 -0.065 -0.065 -0.065 -0.061181247 -0.06450193 -0.06475642 -0.062035337
0.1 -0.065 -0.065 -0.065 -0.065 -0.1135363 -0.0567142 0.005310457 -0.05434294
0.1005 -0.05395411 -0.05424113 -0.0503403 -0.04905331 -0.08130859 -0.03205975 0.0449345 -0.016685562
0.101 -0.03890795 -0.03747828 -0.03240716 -0.03278831 -0.054007396 -0.010564489 0.07537277 0.004979981
0.1015 -0.02814193 -0.01790903 -0.01727841 -0.02045658 -0.032675043 0.008797837 0.09500925 0.01852171
0.102 -0.02069542 0.003178119 -0.004227219 -0.009795039 -0.016693786 0.027645057 0.1082212 0.028120754
0.1025 -0.0150448 0.0250925 0.007807406 0.0001286696 -0.0045969933 0.04648997 0.11771946 0.035672605
0.103 -0.01028089 0.0474125 0.01940331 0.009585489 0.0048672706 0.065437205 0.12506807 0.042138696
0.1035 -0.005937762 0.06993615 0.03085921 0.0186779 0.012592509 0.08447428 0.13119926 0.048012957
0.104 -0.00178744 0.09256156 0.04231596 0.02745464 0.019180313 0.10356448 0.13668835 0.053552493
0.1045 0.002247947 0.1152241 0.05373037 0.03590317 0.025027081 0.12267297 0.14189896 0.05889325
0.105 0.006173272 0.1378681 0.06514498 0.04397101 0.030391112 0.14177203 0.14706302 0.0641084
0.1055 0.01004466 0.1604401 0.07662013 0.05175869 0.03544092 0.16084044 0.1523276 0.06923835
0.106 0.01390944 0.1828917 0.08816177 0.05932093 0.040285885 0.1798614 0.1577837 0.074305564
0.1065 0.01777463 0.2051775 0.09972897 0.06667168 0.04499662 0.19882137 0.16348445 0.07932338
0.107 0.02162822 0.2272565 0.1113051 0.07379875 0.04961802 0.21770874 0.1694572 0.08429949
0.1075 0.02547291 0.2490907 0.1228791 0.08072575 0.054178268 0.23651369 0.17571259 0.08923872
0.108 0.02931324 0.2706478 0.134441 0.08746946 0.058693975 0.25522697 0.18224959 0.09414412
0.1085 0.03314654 0.2919015 0.1459791 0.09403694 0.063173845 0.27384052 0.18906015 0.09901744
0.109 0.03696713 0.3124343 0.1574776 0.1004319 0.06762214 0.2923464 0.19613154 0.10385969
0.1095 0.04076905 0.3318113 0.1689008 0.1066564 0.07203904 0.31073737 0.20344862 0.10867143
0.11 0.04454797 0.3506541 0.1802432 0.112717 0.07642287 0.3290062 0.21099496 0.1134523
0.1105 0.04830111 0.3692651 0.1915119 0.1186187 0.08077037 0.34714577 0.21875346 0.11820175
0.111 0.0520266 0.3877729 0.2027119 0.1243664 0.08507717 0.365149 0.22670719 0.122918785
0.1115 0.05572328 0.4062089 0.2138441 0.1299648 0.08933875 0.38300875 0.2348397 0.12760209
0.112 0.05939041 0.424555 0.2249059 0.1354189 0.09354995 0.4007178 0.24313515 0.13224979
0.1125 0.06302755 0.4427713 0.2358928 0.1407335 0.09770575 0.41826838 0.2515781 0.1368599
0.113 0.06663443 0.4608112 0.2467994 0.1459072 0.10180129 0.43565294 0.26015416 0.14142986
0.1135 0.07021071 0.4786304 0.2576206 0.1509458 0.1058318 0.45286366 0.26884934 0.14595719
0.114 0.07375616 0.4961907 0.2683517 0.1558612 0.109792635 0.46989244 0.27765042 0.15043898
0.1145 0.07727063 0.5134613 0.2789883 0.1606582 0.1136798 0.48673105 0.28654456 0.15487236
0.115 0.08075414 0.5304188 0.2895263 0.1653407 0.11748923 0.5033714 0.29551974 0.15925413
0.1155 0.08419939 0.5470457 0.2999613 0.1699053 0.12121755 0.5198053 0.3045643 0.16358118
0.116 0.08759454 0.5633286 0.3102875 0.1743514 0.12486175 0.5360244 0.31366694 0.1678504
0.1165 0.090956 0.579261 0.320505 0.1786939 0.12841927 0.552021 0.32281694 0.17205854
0.117 0.09429381 0.5948416 0.330614 0.1829395 0.13188784 0.5677872 0.33200392 0.1762026
0.1175 0.09760871 0.6100723 0.3406131 0.1870861 0.1352657 0.5833157 0.34121767 0.18027964
0.118 0.1008762 0.6249548 0.3504918 0.1910754 0.13855164 0.5985992 0.3504486 0.18428683
0.1185 0.1040922 0.6394943 0.360248 0.1949488 0.1417446 0.61363125 0.35968754 0.1882215
0.119 0.1072797 0.6536994 0.3698906 0.198749 0.14484432 0.6284059 0.36892518 0.19208132
0.1195 0.1104494 0.6675795 0.3794235 0.2024867 0.14785056 0.6429175 0.37815318 0.19586408
0.12 0.1136016 0.6811439 0.3888463 0.2061625 0.15076393 0.65716136 0.38736305 0.19956799
0.1205 0.1167332 0.6944018 0.3981572 0.2097751 0.15358481 0.67113334 0.39654702 0.20319134
0.121 0.11984 0.7073618 0.4073548 0.2133231 0.15631436 0.68482995 0.4056976 0.20673278
0.1215 0.1229189 0.7200324 0.416438 0.216806 0.15895404 0.6982485 0.41480756 0.21019141
0.122 0.125968 0.7324218 0.4254062 0.2202238 0.16150542 0.71138704 0.42387018 0.2135664
0.1225 0.1289829 0.7445375 0.4342586 0.2235679 0.16397034 0.72424424 0.43287906 0.21685722
0.123 0.1319381 0.7563843 0.442988 0.2267024 0.166351 0.7368196 0.44182816 0.22006385
0.1235 0.134828 0.76797 0.4515957 0.2295728 0.16864951 0.7491135 0.45071208 0.22318628
0.124 0.137682 0.7793027 0.4600885 0.2324538 0.17086829 0.76112664 0.45952556 0.22622502
0.1245 0.1405222 0.79039 0.4684708 0.2353647 0.17301026 0.7728605 0.4682637 0.22918057
0.125 0.1433522 0.8012392 0.4767436 0.2382883 0.17507759 0.7843174 0.47692218 0.23205382
0.1255 0.1461675 0.8118568 0.4849067 0.2412044 0.17707323 0.7954997 0.48549694 0.23484582
0.126 0.1489617 0.8222489 0.4929595 0.2438531 0.17899989 0.80641073 0.49398413 0.23755789
0.1265 0.1517288 0.832421 0.5009015 0.2464207 0.1808603 0.81705433 0.50238067 0.24019122
0.127 0.1544651 0.8423772 0.5087306 0.2490344 0.1826572 0.82743406 0.51068336 0.2427476
0.1275 0.1571698 0.8521225 0.5164472 0.2516867 0.18439321 0.8375548 0.51888955 0.24522841
0.128 0.1598441 0.8616628 0.5240549 0.2543572 0.18607123 0.8474209 0.5269967 0.24763566
0.1285 0.1624875 0.8710027 0.5315551 0.2567362 0.18769348 0.85703754 0.53500277 0.24997094
0.129 0.1650902 0.8801468 0.5389477 0.2590714 0.18926279 0.86640966 0.54290587 0.25223634
0.1295 0.1676391 0.8890772 0.545286 0.2614595 0.1907814 0.87554276 0.55070424 0.25443372
0.13 0.1701525 0.8977716 0.5513828 0.2638907 0.1922517 0.8844421 0.55839646 0.25656512
0.1305 0.1726441 0.906258 0.5578106 0.2663438 0.19367601 0.8931131 0.5659815 0.25863236
0.131 0.1751029 0.9145641 0.5645398 0.2687797 0.1950564 0.90156126 0.57345796 0.2606375
0.1315 0.1775154 0.9227073 0.5714263 0.2711628 0.19639482 0.90979224 0.58082527 0.26258242
0.132 0.1798952 0.9306962 0.5780628 0.273511 0.19769318 0.91781145 0.5880826 0.2644691
0.1325 0.182228 0.9384943 0.5836788 0.2758464 0.19895338 0.9256244 0.5952293 0.2662994
0.133 0.1845372 0.9461022 0.589453 0.27817 0.20017715 0.9332362 0.60226494 0.26807517
0.1335 0.1868213 0.953549 0.5956235 0.2804496 0.20136607 0.94065213 0.60918915 0.26979822
0.134 0.189073 0.9608589 0.6020633 0.2826775 0.20252158 0.9478775 0.61600167 0.27147028
0.1345 0.1913092 0.9680465 0.6086183 0.28488 0.20364514 0.9549173 0.6227024 0.27309307
0.135 0.1935351 0.9751181 0.6151746 0.2870631 0.20473813 0.9617764 0.62929124 0.27466816
0.1355 0.1957532 0.9820747 0.6216606 0.2892243 0.20580152 0.96845937 0.63576823 0.2761972
0.136 0.1979592 0.988915 0.6280361 0.2913597 0.2068368 0.9749708 0.64213336 0.27768165
0.1365 0.2001199 0.9956348 0.6342387 0.2934418 0.20784488 0.9813154 0.6483869 0.27912298
0.137 0.2022386 1.002228 0.6402856 0.2954728 0.2088267 0.9874971 0.654529 0.28052247
0.1375 0.2043413 1.008697 0.6462179 0.2974748 0.20978329 0.99352026 0.6605599 0.2818817
0.138 0.2064339 1.015044 0.6520446 0.2994534 0.21071543 0.99938893 0.66648 0.2832017
0.1385 0.2085139 1.021269 0.6577658 0.3014077 0.21162397 1.0051067 0.67228967 0.28448388
0.139 0.2105765 1.027374 0.663381 0.3033357 0.21250959 1.0106776 0.67798936 0.2857293
0.1395 0.2126171 1.03336 0.6688913 0.3052356 0.21337311 1.0161048 0.68357956 0.28693914
0.14 0.2146321 1.039227 0.6742983 0.3070938 0.21421506 1.0213921 0.6890608 0.28811425
0.1405 0.2166151 1.044972 0.6796014 0.3088878 0.21503611 1.0265427 0.6944337 0.28925598
0.141 0.2185666 1.050601 0.6848058 0.3106462 0.21583684 1.0315597 0.69969887 0.29036516
0.1415 0.2204922 1.056119 0.6899178 0.3123833 0.21661778 1.0364465 0.7048571 0.29144272
0.142 0.2223823 1.061527 0.6949393 0.3140784 0.21737944 1.0412056 0.709909 0.2924896
0.1425 0.2242229 1.066829 0.6998679 0.3157202 0.21812217 1.0458404 0.7148553 0.29350662
0.143 0.2260377 1.072026 0.7047108 0.3173413 0.21884651 1.0503536 0.7196972 0.29449472
0.1435 0.2278401 1.07712 0.7094743 0.318951 0.21955295 1.0547476 0.7244351 0.29545462
0.144 0.2296327 1.082113 0.7141608 0.320549 0.2202418 1.0590255 0.72907037 0.29638714
0.1445 0.2314135 1.087008 0.7187715 0.322133 0.2209136 1.0631897 0.73360384 0.297293
0.145 0.2331707 1.091807 0.7233072 0.3236997 0.22156863 1.0672427 0.73803645 0.2981729
0.1455 0.2346516 1.096511 0.7277683 0.3252469 0.22220714 1.071187 0.74236923 0.29902768
0.146 0.2360872 1.101122 0.7321548 0.3267733 0.22282971 1.0750248 0.7466035 0.2998578
0.1465 0.2376194 1.105643 0.7364686 0.3282787 0.22343637 1.0787586 0.7507401 0.30066407
0.147 0.2392427 1.110076 0.7407118 0.3297627 0.22402783 1.082391 0.75478053 0.30144715
0.1475 0.2409199 1.114421 0.7448857 0.3312251 0.22460414 1.0859239 0.75872606 0.30220765
0.148 0.2426172 1.118682 0.7489915 0.332666 0.22516565 1.0893598 0.7625778 0.30294624
0.1485 0.244311 1.12286 0.7530301 0.3340851 0.22571273 1.0927005 0.76633704 0.30366328
0.149 0.2459767 1.126954 0.7570005 0.3354629 0.22624557 1.0959483 0.77000505 0.3043596
0.1495 0.2475873 1.130959 0.7608958 0.3367803 0.22676452 1.0991056 0.7735835 0.3050357
0.15 0.2491626 1.134881 0.7647225 0.3380745 0.1707143 1.0165269 0.7064517 0.26297998
0.1505 0.2396828 1.127972 0.7538307 0.323425 0.18259872 1.0368323 0.7413451 0.25893626
0.151 0.2261952 1.114993 0.7396055 0.3084513 0.17712809 1.0450804 0.7625414 0.25397524
0.1515 0.2169537 1.099137 0.7280311 0.2973722 0.1666886 1.0391505 0.7695493 0.24834335
0.152 0.2109952 1.081687 0.7184313 0.2879305 0.15641384 1.0252944 0.7677394 0.24203515
0.1525 0.2067941 1.063291 0.7097988 0.2792123 0.14849539 1.0077409 0.7613624 0.235672
0.153 0.2034383 1.044304 0.7015375 0.270932 0.14318706 0.98872733 0.7529117 0.22963956
0.1535 0.2004747 1.024948 0.6933634 0.2629963 0.13997732 0.96931314 0.7437016 0.22405206
0.154 0.1976916 1.005376 0.6851584 0.2553663 0.13820745 0.9499539 0.734386 0.21886435
0.1545 0.1949925 0.9857004 0.6768814 0.2480197 0.1373127 0.9308208 0.7252689 0.21397159
0.155 0.1923336 0.9660113 0.6685247 0.2409395 0.13687731 0.9119586 0.71646965 0.20926233
0.1555 0.1896951 0.9463807 0.660094 0.2341116 0.13662188 0.8933601 0.70800966 0.2046414
0.156 0.1870683 0.9268669 0.6516 0.2275228 0.1363719 0.87500244 0.6998595 0.20003769
0.1565 0.1844491 0.9075177 0.6430539 0.2211607 0.13602777 0.8568619 0.69196445 0.19540389
0.157 0.1818134 0.8883695 0.6344293 0.2150015 0.13554071 0.83892125 0.6842596 0.19071294
0.1575 0.1791712 0.8694508 0.6257591 0.2090435 0.13489474 0.8211712 0.6766786 0.18595476
0.158 0.1765456 0.8507889 0.6170884 0.2032846 0.13409424 0.80360997 0.6691594 0.18113065
0.1585 0.1739406 0.8324053 0.608429 0.1977155 0.13315567 0.78624225 0.66164637 0.17625146
0.159 0.1713536 0.8143167 0.5997835 0.1923263 0.1321007 0.7690767 0.6540926 0.1713324
0.1595 0.1687814 0.7965349 0.5911539 0.187108 0.13095306 0.7521247 0.64645934 0.16639231
0.16 0.1662218 0.7790686 0.5825433 0.182052 0.12973627 0.7353991 0.6387167 0.16145073
0.1605 0.1636738 0.7619233 0.5739558 0.1771506 0.12847082 0.7189131 0.63084257 0.15652692
0.161 0.1611369 0.7451025 0.5653963 0.1723964 0.12717462 0.7026789 0.62282205 0.15163957
0.1615 0.1586113 0.7286075 0.5568699 0.1677827 0.12586221 0.6867086 0.6146468 0.14680521
0.162 0.1560975 0.7124384 0.5483813 0.1633031 0.124544606 0.67101264 0.6063136 0.14203899
0.1625 0.1535961 0.6965941 0.5399355 0.1589517 0.123229906 0.65559995 0.59782374 0.1373536
0.163 0.1511078 0.6810724 0.5315368 0.1547228 0.12192306 0.6404789 0.589183 0.13276017
0.1635 0.1486332 0.6658703 0.5231893 0.1506112 0.12062703 0.6256556 0.5803992 0.12826768
0.164 0.1461729 0.6509842 0.5148969 0.146612 0.11934258 0.6111355 0.57148343 0.12388325
0.1645 0.1437276 0.6364099 0.5066629 0.1427205 0.118068665 0.5969225 0.5624481 0.11961259
0.165 0.1412977 0.6221429 0.4984905 0.1389322 0.11680362 0.5830197 0.55330706 0.11546002
0.1655 0.1388839 0.6081784 0.4903825 0.135243 0.11554459 0.56942856 0.544075 0.11142814
0.166 0.1364865 0.5945111 0.4823417 0.1316491 0.11428814 0.5561501 0.5347674 0.10751864
0.1665 0.134106 0.5811358 0.4743702 0.1281465 0.113030896 0.54318404 0.52539974 0.10373226
0.167 0.1317428 0.568047 0.4664703 0.1247319 0.11176935 0.5305296 0.51598763 0.10006878
0.1675 0.1293972 0.5552392 0.4586437 0.1214019 0.11049989 0.5181848 0.50654614 0.09652707
0.168 0.1270696 0.5427068 0.4508923 0.1181533 0.10921961 0.5061471 0.4970905 0.093105614
0.1685 0.1247603 0.5304442 0.4432176 0.1149831 0.1079257 0.49441352 0.48763502 0.08980209
0.169 0.1224695 0.5184457 0.4356209 0.1118885 0.10661568 0.48298022 0.47819346 0.08661403
0.1695 0.1201975 0.5067058 0.4281034 0.1088667 0.10528764 0.47184286 0.46877888 0.083538204
0.17 0.1179446 0.4952189 0.4206661 0.1059152 0.103940085 0.46099666 0.4594037 0.08057146
0.1705 0.1157109 0.4839796 0.4133101 0.1030316 0.10257192 0.4504365 0.45007944 0.07771017
0.171 0.1134966 0.4729824 0.406036 0.1002135 0.10118267 0.44015682 0.44081682 0.07495059
0.1715 0.1113019 0.462222 0.3988446 0.09745868 0.09977184 0.4301516 0.4316256 0.072288916
0.172 0.1091269 0.4516931 0.3917364 0.09476506 0.09833962 0.42041466 0.42251492 0.06972118
0.1725 0.1069718 0.4413906 0.3847119 0.09213062 0.09688641 0.41093966 0.41349304 0.06724337
0.173 0.1048367 0.4313093 0.3777714 0.08955345 0.09541282 0.40172 0.4045673 0.06485158
0.1735 0.1027216 0.4214444 0.3709152 0.0870317 0.09391968 0.39274883 0.3957445 0.06254183
0.174 0.1006267 0.4117909 0.3641435 0.08456364 0.092408076 0.38401937 0.3870305 0.06031005
0.1745 0.09855196 0.402344 0.3574564 0.08214759 0.0908792 0.37552464 0.37843055 0.05815263
0.175 0.09649752 0.3930991 0.350854 0.07978197 0.08933443 0.3672576 0.3699491 0.056065805
0.1755 0.0944634 0.3840516 0.3443361 0.07746524 0.08777502 0.35921133 0.36159033 0.054045856
0.176 0.09244963 0.375197 0.3379027 0.07519594 0.08620249 0.3513788 0.35335737 0.052089192
0.1765 0.09045622 0.366531 0.3315537 0.07297269 0.08461842 0.34375304 0.34525314 0.050192595
0.177 0.08848318 0.3580492 0.3252887 0.07079413 0.083024174 0.33632722 0.3372799 0.048352614
0.1775 0.0865305 0.3497475 0.3191076 0.06865899 0.081421405 0.3290946 0.3294395 0.04656621
0.178 0.08459817 0.3416217 0.3130101 0.06656603 0.07981148 0.32204837 0.3217333 0.044830434
0.1785 0.08268617 0.333668 0.3069956 0.06451408 0.07819599 0.31518206 0.3141624 0.043142468
0.179 0.08079447 0.3258824 0.301064 0.062502 0.07657631 0.3084892 0.30672732 0.041499563
0.1795 0.07892302 0.3182612 0.2952146 0.0605287 0.07495387 0.30196354 0.29942846 0.039899178
0.18 0.07707177 0.3108005 0.289447 0.05859314 0.073329985 0.29559892 0.29226583 0.038339056
0.1805 0.07524066 0.3034968 0.2837608 0.05669431 0.07170597 0.28938946 0.2852391 0.036816716
0.181 0.07342964 0.2963466 0.2781553 0.05483124 0.07008302 0.28332925 0.27834776 0.03533019
0.1815 0.07163862 0.2893463 0.2726299 0.05300301 0.0684624 0.27741274 0.2715911 0.033877514
0.182 0.06986754 0.2824927 0.2671841 0.05120871 0.066845044 0.27163446 0.26496813 0.032456815
0.1825 0.0681163 0.2757823 0.2618172 0.04944749 0.06523232 0.26598924 0.2584778 0.031066349
0.183 0.06638482 0.2692121 0.2565286 0.0477185 0.06362502 0.26047197 0.25211877 0.029704584
0.1835 0.06467299 0.2627789 0.2513176 0.04602096 0.06202407 0.25507772 0.24588963 0.028369946
0.184 0.06298073 0.2564796 0.2461835 0.04435407 0.060430482 0.24980186 0.23978886 0.02706117
0.1845 0.06130791 0.2503112 0.2411255 0.04271711 0.058844894 0.24463984 0.2338147 0.025776817
0.185 0.05965443 0.2442707 0.236143 0.04110934 0.057268247 0.2395873 0.22796544 0.024515918
0.1855 0.05802018 0.2383555 0.2312353 0.03953007 0.055701166 0.23464018 0.22223923 0.023277162
0.186 0.05640503 0.2325626 0.2264015 0.03797863 0.054144233 0.22979435 0.21663408 0.022059737
0.1865 0.05480886 0.2268894 0.2216408 0.03645437 0.052598193 0.22504611 0.21114801 0.02086266
0.187 0.05323154 0.2213331 0.2169526 0.03495665 0.051063567 0.22039172 0.20577897 0.019685088
0.1875 0.05167295 0.2158913 0.212336 0.03348487 0.0495407 0.21582776 0.20052487 0.018526224
0.188 0.05013295 0.2105614 0.2077903 0.03203844 0.04803036 0.21135089 0.19538358 0.01738537
0.1885 0.0486114 0.2053409 0.2033146 0.03061679 0.046532586 0.2069579 0.19035287 0.016261933
0.189 0.04710816 0.2002274 0.1989081 0.02921936 0.045047984 0.20264575 0.18543057 0.015155209
0.1895 0.04562309 0.1952185 0.19457 0.02784563 0.04357691 0.19841161 0.18061446 0.01406475
0.19 0.04415605 0.190312 0.1902995 0.02649507 0.042119473 0.1942527 0.17590237 0.012989996
0.1905 0.04270689 0.1855057 0.1860958 0.02516718 0.040676057 0.19016644 0.17129207 0.011930531
0.191 0.04127547 0.1807972 0.1819581 0.02386147 0.039246902 0.18615034 0.16678128 0.010885915
0.1915 0.03986162 0.1761845 0.1778855 0.02257747 0.037832156 0.18220198 0.16236779 0.009855738
0.192 0.03846521 0.1716655 0.1738772 0.02131472 0.03643197 0.17831922 0.15804942 0.008839747
0.1925 0.03708608 0.1672381 0.1699324 0.02007277 0.035046443 0.17449988 0.15382402 0.007837443
0.193 0.03572407 0.1629004 0.1660503 0.01885119 0.033675775 0.17074195 0.14968938 0.0068486463
0.1935 0.03437903 0.1586504 0.16223 0.01764957 0.032319978 0.16704358 0.14564335 0.0058730673
0.194 0.0330508 0.1544862 0.1584708 0.01646748 0.030979067 0.16340292 0.14168376 0.0049104225
0.1945 0.03173923 0.1504059 0.1547718 0.01530453 0.029653162 0.15981826 0.13780856 0.003960414
0.195 0.03044415 0.1464078 0.1511322 0.01416034 0.028342262 0.15628803 0.1340157 0.0030229446
0.1955 0.02916541 0.14249 0.1475511 0.01303453 0.027046368 0.15281068 0.13030304 0.0020977687
0.196 0.02790285 0.1386507 0.1440279 0.01192674 0.025765434 0.14938477 0.12666868 0.0011846256
0.1965 0.02665631 0.1348885 0.1405616 0.0108366 0.024499387 0.14600891 0.12311059 0.00028331392
0.197 0.02542562 0.1312014 0.1371515 0.009763774 0.02324827 0.14268184 0.119626835 -0.00060623325
0.1975 0.02421064 0.127588 0.1337968 0.008707923 0.022011995 0.1394024 0.11621562 -0.0014842842
0.198 0.02301119 0.1240467 0.1304967 0.007668719 0.020790458 0.13616937 0.112874955 -0.0023510177
0.1985 0.02182712 0.1205759 0.1272504 0.00664584 0.019583598 0.13298172 0.10960312 -0.0032065455
0.199 0.02065826 0.1171741 0.1240571 0.005638976 0.018391281 0.12983838 0.106398255 -0.0040510017
0.1995 0.01950447 0.1138398 0.1209162 0.004647821 0.017213434 0.12673846 0.10325876 -0.0048845205
0.2 0.01836557 0.1105717 0.1178267 0.00367208 -0.058111235 0.1617635 0.18723482 0.00087162293
0.2005 0.0282873 0.1181248 0.129446 0.01865875 -0.02570571 0.16754612 0.2151457 0.039763138
0.201 0.04220791 0.1317374 0.1443804 0.03397064 0.003734216 0.17659353 0.23586805 0.06163177
0.2015 0.05183193 0.1482174 0.1566388 0.04535869 0.02596666 0.18684147 0.2475951 0.07479744
0.202 0.05815476 0.1662815 0.1669135 0.05510143 0.04168938 0.19866745 0.25422934 0.08363636
0.2025 0.06271465 0.1852832 0.1762166 0.064105 0.052742824 0.21185283 0.2581011 0.090184234
0.203 0.06642517 0.2048655 0.1851421 0.0726605 0.060694188 0.22606862 0.26052523 0.09549881
0.2035 0.06975079 0.2248071 0.1939751 0.08087807 0.06665616 0.24103753 0.26227483 0.10014261
0.204 0.07290568 0.2449551 0.2028333 0.08879971 0.07137318 0.2565566 0.26382315 0.10442287
0.2045 0.07598318 0.2651955 0.2117567 0.09644029 0.075332046 0.27248293 0.26546633 0.108512044
0.205 0.07902242 0.2854392 0.2207516 0.1038127 0.07884741 0.28871584 0.26738966 0.11250883
0.2055 0.08203925 0.3056145 0.2298113 0.1109382 0.08212066 0.30518183 0.2697059 0.116470456
0.206 0.08503981 0.3256631 0.2389244 0.1178287 0.08527875 0.3218256 0.27247906 0.12042944
0.2065 0.08802656 0.3455378 0.2480788 0.1244945 0.088400334 0.33860293 0.27573952 0.124403656
0.207 0.09100039 0.3652004 0.2572628 0.1309451 0.09153131 0.35547736 0.2794953 0.12840185
0.2075 0.0939613 0.3846204 0.2664652 0.1370781 0.09469703 0.37241703 0.28373873 0.13242714
0.208 0.09690885 0.4037732 0.275676 0.1429575 0.09790881 0.38939393 0.28845206 0.13647884
0.2085 0.09984269 0.4226396 0.2848857 0.1486909 0.10116859 0.40638214 0.29361123 0.14055404
0.209 0.1027625 0.4412047 0.2940861 0.1542786 0.10447261 0.42335814 0.29918846 0.14464821
0.2095 0.1056573 0.4594572 0.3032685 0.1595463 0.10781361 0.44029942 0.3051537 0.14875613
0.21 0.1085218 0.4773889 0.3124247 0.1646719 0.111182034 0.45718515 0.31147644 0.15287179
0.2105 0.1113711 0.494994 0.3215495 0.1697095 0.1145674 0.4739952 0.3181262 0.1569888
0.211 0.1142113 0.5122689 0.3306382 0.174641 0.117958665 0.4907107 0.32507345 0.16110098
0.2115 0.1170418 0.529212 0.3396853 0.1794712 0.12134519 0.5073134 0.33228946 0.16520166
0.212 0.1198604 0.5458232 0.3486858 0.1842013 0.12471609 0.5237858 0.33974665 0.16928446
0.2125 0.1226651 0.5621036 0.3576349 0.1888281 0.12806174 0.5401114 0.34741914 0.17334302
0.213 0.1254542 0.5780552 0.3665284 0.1932398 0.13137297 0.55627435 0.35528204 0.17737105
0.2135 0.1282256 0.5936798 0.375362 0.197413 0.13464144 0.5722594 0.36331192 0.18136278
0.214 0.1309776 0.608982 0.3841321 0.2015268 0.1378596 0.5880524 0.37148672 0.18531223
0.2145 0.1336954 0.6239357 0.3915441 0.2055862 0.14102107 0.60363954 0.37978566 0.18921405
0.215 0.1363704 0.6385004 0.3985488 0.2095832 0.1441199 0.61900854 0.38818896 0.19306323
0.2155 0.1390227 0.6527128 0.4060917 0.2135142 0.14715146 0.63414735 0.39667818 0.19685489
0.216 0.1416575 0.666615 0.4141628 0.2173699 0.15011148 0.6490454 0.405236 0.20058455
0.2165 0.1442588 0.6802342 0.42256 0.2211164 0.15299703 0.66369265 0.41384596 0.20424834
0.217 0.1468288 0.6935853 0.4311025 0.224754 0.15580538 0.6780805 0.42249262 0.20784256
0.2175 0.1493633 0.7066778 0.4396665 0.2282835 0.15853485 0.69220126 0.431162 0.21136418
0.218 0.151884 0.7195178 0.4481812 0.2317437 0.16118428 0.706048 0.43984023 0.21481037
0.2185 0.1544049 0.732108 0.4566076 0.2351458 0.1637531 0.7196151 0.44851503 0.21817891
0.219 0.1569094 0.7444483 0.4649218 0.238461 0.1662413 0.7328981 0.45717454 0.22146781
0.2195 0.159387 0.7565398 0.4731109 0.2416923 0.16864924 0.74589324 0.46580803 0.22467561
0.22 0.1618531 0.7683851 0.4811764 0.2448644 0.17097792 0.75859815 0.47440532 0.22780138
0.2205 0.1643135 0.7799868 0.4891217 0.2479836 0.17322852 0.7710111 0.48295724 0.23084441
0.221 0.1667658 0.7913478 0.49695 0.2510492 0.1754026 0.78313154 0.49145523 0.23380435
0.2215 0.1692053 0.8024713 0.5046642 0.2540592 0.17750187 0.7949596 0.49989143 0.23668122
0.222 0.1716275 0.813361 0.5122671 0.2570123 0.17952861 0.8064964 0.5082588 0.23947552
0.2225 0.1740182 0.8240202 0.5197432 0.2598976 0.18148457 0.81774366 0.51655084 0.24218786
0.223 0.1763566 0.8344511 0.5270743 0.2626968 0.18337248 0.828704 0.5247615 0.2448192
0.2235 0.1786703 0.8446578 0.5343095 0.2654352 0.1851945 0.8393806 0.5328858 0.24737042
0.224 0.1809719 0.8546459 0.5414642 0.2681249 0.18695322 0.84977704 0.5409187 0.24984324
0.2245 0.1832614 0.8644206 0.5485374 0.2707656 0.18865095 0.85989755 0.54885626 0.25223905
0.225 0.1855317 0.8739824 0.5555221 0.2733276 0.1902904 0.8697467 0.5566945 0.2545594
0.2255 0.1877769 0.8833384 0.5624139 0.2758265 0.19187385 0.87932956 0.56443024 0.25680622
0.226 0.1899992 0.8924958 0.569214 0.2782826 0.19340357 0.8886515 0.5720607 0.2589814
0.2265 0.192201 0.9014604 0.5759234 0.280701 0.19488208 0.89771783 0.5795833 0.26108688
0.227 0.1943824 0.9102372 0.5825419 0.2830808 0.19631174 0.9065343 0.5869958 0.2631245
0.2275 0.1965424 0.9188303 0.5890696 0.2854202 0.19769445 0.9151069 0.59429646 0.26509655
0.228 0.1986598 0.9272437 0.5955024 0.2876853 0.19903253 0.9234414 0.60148376 0.267005
0.2285 0.2007342 0.9354806 0.6018389 0.2898896 0.20032796 0.9315437 0.6085565 0.2688518
0.229 0.2027884 0.9435447 0.6080855 0.2920595 0.20158261 0.93942 0.6155137 0.27063918
0.2295 0.2047758 0.9514399 0.6142459 0.294201 0.2027984 0.9470761 0.6223544 0.27236894
0.23 0.2065372 0.9591698 0.6203203 0.2963132 0.20397685 0.9545177 0.6290782 0.27404305
0.2305 0.2083248 0.9667383 0.6263086 0.2983947 0.20511949 0.96175104 0.6356845 0.27566364
0.231 0.2102037 0.974149 0.6322117 0.3004441 0.2062282 0.9687815 0.6421732 0.2772325
0.2315 0.212153 0.9814055 0.6380303 0.3024599 0.2073041 0.9756147 0.6485442 0.27875128
0.232 0.2141383 0.9885111 0.6437652 0.3044416 0.20834863 0.9822561 0.65479755 0.28022194
0.2325 0.2161317 0.9954694 0.6494167 0.3063896 0.2093631 0.9887115 0.66093355 0.28164613
0.233 0.218115 1.002284 0.6549855 0.3083044 0.2103487 0.99498534 0.6669522 0.28302544
0.2335 0.2200773 1.008957 0.6604722 0.3101863 0.21130641 1.0010833 0.6728542 0.2843616
0.234 0.2220131 1.015492 0.6658773 0.3120356 0.21223731 1.0070099 0.6786398 0.28565598
0.2345 0.2239068 1.021885 0.6711981 0.313829 0.21314235 1.0127699 0.6843098 0.28690994
0.235 0.2257429 1.028142 0.6764303 0.3155563 0.21402256 1.0183681 0.68986464 0.2881251
0.2355 0.2275458 1.034267 0.681581 0.3172531 0.21487854 1.0238087 0.69530535 0.28930262
0.236 0.2293315 1.040268 0.6866561 0.3189312 0.21571125 1.0290964 0.70063245 0.2904439
0.2365 0.2311038 1.046148 0.6916575 0.3205916 0.21652131 1.0342348 0.705847 0.29155004
0.237 0.2328609 1.05191 0.6965857 0.3222328 0.21730973 1.0392282 0.7109498 0.2926224
0.2375 0.2346002 1.057556 0.7014406 0.3238526 0.21807675 1.0440805 0.71594214 0.29366174
0.238 0.2363188 1.063089 0.7062221 0.3254487 0.21882339 1.0487956 0.7208246 0.2946696
0.2385 0.238005 1.068508 0.7109205 0.3270012 0.21954988 1.0533768 0.7255988 0.29564664
0.239 0.2395998 1.073807 0.7154754 0.32846 0.220257 1.0578277 0.73026556 0.296594
0.2395 0.2411547 1.07899 0.7199496 0.3298883 0.22094516 1.0621521 0.7348262 0.2975126
0.24 0.2427125 1.084064 0.7243816 0.3312988 0.22161494 1.0663528 0.739282 0.29840338
0.2405 0.2442798 1.089036 0.7287728 0.3327046 0.22226678 1.0704334 0.7436343 0.29926717
0.241 0.2458506 1.093911 0.7331154 0.3341076 0.22290121 1.0743968 0.74788415 0.30010483
0.2415 0.2474166 1.098691 0.7374018 0.3355037 0.2235186 1.0782461 0.75203335 0.30091724
0.242 0.2489636 1.103378 0.7416135 0.3368889 0.22411947 1.0819843 0.756083 0.301705
0.2425 0.2504578 1.107972 0.745705 0.3382577 0.22470401 1.0856142 0.76003474 0.30246904
0.243 0.2519305 1.112473 0.749735 0.3396095 0.22527282 1.0891387 0.7638899 0.30321005
0.2435 0.2533987 1.116885 0.7537257 0.3409447 0.22582634 1.0925604 0.7676499 0.30392867
0.244 0.2548627 1.12121 0.7576741 0.3422627 0.22636475 1.0958823 0.7713165 0.30462563
0.2445 0.2563112 1.125451 0.7615725 0.3435591 0.22688846 1.0991067 0.7748912 0.3053016
0.245 0.2577228 1.129609 0.7654129 0.3448266 0.22739784 1.102236 0.7783755 0.30595717
0.2455 0.2591137 1.133687 0.7691934 0.3460736 0.22789325 1.1052732 0.78177094 0.3065929
0.246 0.2604953 1.137685 0.7729142 0.3473037 0.22837518 1.1082205 0.78507936 0.30720958
0.2465 0.2618694 1.141603 0.7765753 0.3485009 0.2288437 1.1110799 0.78830194 0.30780774
0.247 0.263233 1.14544 0.7801765 0.3496692 0.22929917 1.1138543 0.7914409 0.3083878
0.2475 0.2645834 1.1492 0.7837182 0.3508209 0.22974215 1.1165457 0.79449725 0.30895042
0.248 0.265919 1.152887 0.7871976 0.3519592 0.23017274 1.1191564 0.7974731 0.30949607
0.2485 0.2672382 1.156495 0.7905146 0.3530734 0.23059122 1.1216885 0.8003699 0.3100253
0.249 0.268539 1.160022 0.7936423 0.3541651 0.23099788 1.1241443 0.80318916 0.31053865
0.2495 0.2698216 1.163469 0.7966504 0.3552468 0.23139317 1.1265259 0.80593294 0.31103665
0.25 0.2710864 1.166835 0.7996015 0.3563194 0.17446584 1.0405381 0.73846716 0.26687574
0.2505 0.2612893 1.159369 0.7878751 0.3414352 0.18465011 1.0587373 0.7726919 0.26390263
0.251 0.2474662 1.145838 0.7728695 0.3262095 0.17883874 1.0654272 0.79408693 0.25980616
0.2515 0.2378925 1.129438 0.7605753 0.3148821 0.16844493 1.0582991 0.80125093 0.2550906
0.252 0.231614 1.111453 0.7501743 0.3051987 0.15831032 1.0436205 0.79947543 0.24957862
0.2525 0.2270762 1.092485 0.7394063 0.2962294 0.15052147 1.0256073 0.7930008 0.24385914
0.253 0.2233753 1.072871 0.729195 0.287698 0.14531887 1.0064472 0.78435326 0.23832935
0.2535 0.2200865 1.052872 0.719776 0.2795195 0.14220615 0.9871279 0.77487993 0.23312977
0.254 0.2170031 1.032675 0.7108964 0.2716554 0.14053856 0.96803385 0.7652612 0.22824088
0.2545 0.2140241 1.012412 0.7022925 0.2640822 0.13975699 0.94927496 0.75582045 0.22357711
0.255 0.2111001 0.9921784 0.6937848 0.256782 0.13944532 0.93084645 0.7466919 0.21904078
0.2555 0.2082066 0.9720456 0.6852711 0.2497395 0.13931917 0.9127041 0.7379087 0.21454653
0.256 0.2053317 0.9520674 0.6767018 0.2429409 0.1391981 0.89479715 0.72945017 0.21002916
0.2565 0.2024695 0.9322855 0.6680591 0.2363737 0.13897623 0.8770821 0.72126734 0.20544572
0.257 0.1996176 0.9127329 0.659343 0.230026 0.13859978 0.8595288 0.713299 0.2007726
0.2575 0.1967753 0.8934357 0.6505624 0.223887 0.1380489 0.8421196 0.7054803 0.19600214
0.258 0.1939425 0.8744143 0.6417303 0.2179464 0.13732602 0.82484865 0.69774896 0.19113876
0.2585 0.1911197 0.855685 0.6328608 0.2121947 0.1364465 0.80771893 0.69004786 0.1861951
0.259 0.1883077 0.8372602 0.6239678 0.2066228 0.13543281 0.79073983 0.6823275 0.18118927
0.2595 0.1855072 0.8191493 0.6150641 0.2012224 0.13431008 0.7739246 0.6745462 0.17614241
0.26 0.1827192 0.8013593 0.6061616 0.1959855 0.13310334 0.75728846 0.6666705 0.17107642
0.2605 0.1799443 0.7838946 0.5972705 0.1909045 0.13183571 0.74084735 0.65867496 0.16601273
0.261 0.1771833 0.766758 0.5884002 0.1859726 0.1305278 0.72461694 0.65054095 0.16097185
0.2615 0.174437 0.7499509 0.5795587 0.1811831 0.12919651 0.70861197 0.64225703 0.15597251
0.262 0.171706 0.733473 0.5707534 0.1765297 0.1278557 0.69284564 0.63381684 0.15103117
0.2625 0.1689909 0.7173231 0.5619903 0.1720065 0.1265155 0.67733014 0.6252193 0.14616247
0.263 0.1662924 0.7014991 0.5532753 0.1676081 0.12518308 0.6620759 0.6164671 0.1413787
0.2635 0.163611 0.685998 0.5446132 0.1633291 0.12386322 0.64709175 0.60756654 0.13669015
0.264 0.1609473 0.6708164 0.5360084 0.1591646 0.12255794 0.6323853 0.5985265 0.13210528
0.2645 0.1583015 0.65595 0.5274649 0.15511 0.121267706 0.61796296 0.5893579 0.12763095
0.265 0.1556743 0.6413945 0.5189861 0.1511608 0.11999135 0.6038296 0.5800736 0.12327239
0.2655 0.1530661 0.627145 0.5105752 0.1473128 0.118726686 0.5899892 0.5706875 0.11903334
0.266 0.1504771 0.6131964 0.5022349 0.143562 0.11747059 0.5764445 0.56121385 0.114916295
0.2665 0.1479079 0.5995434 0.4939678 0.1399049 0.11621976 0.56319726 0.55166787 0.11092304
0.267 0.1453586 0.5861807 0.485776 0.1363376 0.11497037 0.5502485 0.5420648 0.10705389
0.2675 0.1428296 0.5731028 0.4776615 0.132857 0.1137187 0.537598 0.5324198 0.10330875
0.268 0.1403211 0.5603039 0.4696261 0.1294599 0.112461224 0.52524525 0.5227479 0.09968661
0.2685 0.1378335 0.5477786 0.4616714 0.1261431 0.11119458 0.51318866 0.51306355 0.09618601
0.269 0.1353669 0.5355212 0.4537986 0.1229038 0.10991563 0.50142604 0.50338084 0.092804715
0.2695 0.1329215 0.5235262 0.446009 0.1197393 0.108622015 0.48995465 0.49371326 0.08954044
0.27 0.1304976 0.5117879 0.4383036 0.116647 0.10731138 0.4787711 0.48407358 0.08639006
0.2705 0.1280952 0.5003008 0.4306834 0.1136244 0.10598196 0.46787155 0.47447392 0.08335045
0.271 0.1257146 0.4890596 0.4231491 0.1106691 0.10463257 0.45725155 0.46492547 0.08041832
0.2715 0.1233559 0.4780588 0.4157013 0.107779 0.103262275 0.4469064 0.4554388 0.077589855
0.272 0.1210191 0.4672932 0.4083405 0.1049518 0.10187055 0.4368309 0.44602364 0.07486141
0.2725 0.1187044 0.4567575 0.4010672 0.1021856 0.10045719 0.42701977 0.43668902 0.07222912
0.273 0.1164119 0.4464467 0.3938818 0.09947834 0.09902246 0.41746706 0.42744294 0.06968908
0.2735 0.1141416 0.4363557 0.3867843 0.09682827 0.09756681 0.40816683 0.41829282 0.06723741
0.274 0.1118936 0.4264795 0.379775 0.09423357 0.09609081 0.39911288 0.40924528 0.06487021
0.2745 0.1096679 0.4168135 0.372854 0.09169256 0.09459543 0.39029896 0.40030652 0.06258346
0.275 0.1074645 0.4073528 0.3660211 0.08920361 0.09308156 0.38171852 0.39148155 0.060373366
0.2755 0.1052835 0.3980928 0.3592764 0.08676518 0.09155059 0.37336498 0.38277513 0.058236197
0.276 0.1031248 0.389029 0.3526197 0.08437579 0.09000376 0.36523193 0.3741913 0.056168273
0.2765 0.1009885 0.380157 0.3460507 0.08203402 0.08844237 0.35731253 0.3657335 0.05416596
0.277 0.09887449 0.3714725 0.3395692 0.0797385 0.08686787 0.3496002 0.35740468 0.05222591
0.2775 0.09678277 0.3629712 0.3331749 0.07748794 0.08528176 0.34208843 0.34920728 0.05034481
0.278 0.0947133 0.354649 0.3268674 0.07528108 0.08368547 0.33477056 0.34114328 0.048519246
0.2785 0.09266603 0.3465019 0.3206463 0.07311672 0.08208044 0.32764024 0.33321428 0.046746396
0.279 0.0906409 0.3385259 0.3145112 0.07099371 0.08046821 0.320691 0.32542136 0.045023166
0.2795 0.08863784 0.3307172 0.3084615 0.06891094 0.078850135 0.31391656 0.3177654 0.043346867
0.28 0.08665678 0.323072 0.3024967 0.06686734 0.07722774 0.30731088 0.31024694 0.041714847
0.2805 0.08469763 0.3155866 0.2966162 0.06486189 0.07560235 0.30086783 0.30286598 0.040124588
0.281 0.08276031 0.3082576 0.2908195 0.0628936 0.073975235 0.29458162 0.29562265 0.038573742
0.2815 0.08084471 0.3010813 0.2851058 0.06096153 0.07234776 0.28844655 0.2885164 0.03706014
0.282 0.07895075 0.2940543 0.2794747 0.05906475 0.070721045 0.28245693 0.2815468 0.03558164
0.2825 0.0770783 0.2871734 0.2739253 0.05720239 0.06909643 0.27660754 0.27471307 0.034136325
0.283 0.07522725 0.2804353 0.2684571 0.05537359 0.06747493 0.27089304 0.26801404 0.032722414
0.2835 0.07339749 0.2738367 0.2630692 0.05357755 0.06585753 0.26530835 0.26144877 0.031338207
0.284 0.07158889 0.2673746 0.2577609 0.05181345 0.06424531 0.25984862 0.25501588 0.02998208
0.2845 0.06980133 0.2610459 0.2525315 0.05008055 0.062639266 0.25450918 0.24871401 0.02865257
0.285 0.06803466 0.2548478 0.2473802 0.04837809 0.061040252 0.24928549 0.24254155 0.02734833
0.2855 0.06628876 0.2487772 0.2423062 0.04670538 0.059449032 0.2441731 0.23649684 0.026068224
0.286 0.06456347 0.2428314 0.2373087 0.04506172 0.05786647 0.2391679 0.23057815 0.024810916
0.2865 0.06285867 0.2370076 0.2323869 0.04344643 0.056293175 0.23426577 0.22478364 0.023575475
0.287 0.06117419 0.2313032 0.2275401 0.04185889 0.05472991 0.22946292 0.2191114 0.0223608
0.2875 0.05950989 0.2257154 0.2227673 0.04029846 0.053177297 0.22475561 0.21355939 0.021166136
0.288 0.05786561 0.2202418 0.2180677 0.03876453 0.0516358 0.2201403 0.20812559 0.019990569
0.2885 0.0562412 0.2148799 0.2134405 0.03725653 0.05010608 0.2156136 0.20280798 0.01883333
0.289 0.0546365 0.2096271 0.2088849 0.03577388 0.048588455 0.21117228 0.19760442 0.017693756
0.2895 0.05305134 0.2044811 0.2044 0.03431603 0.047083467 0.20681323 0.19251269 0.016571207
0.29 0.05148557 0.1994396 0.1999849 0.03288246 0.045591533 0.20253351 0.18753068 0.015465064
0.2905 0.04993902 0.1945003 0.1956389 0.03147263 0.04411283 0.19833028 0.18265615 0.01437485
0.291 0.04841152 0.1896609 0.1913609 0.03008606 0.042647883 0.19420093 0.17788696 0.013300067
0.2915 0.04690291 0.1849193 0.1871503 0.02872225 0.04119678 0.19014286 0.1732208 0.012240266
0.292 0.04541301 0.1802734 0.1830061 0.02738073 0.039759874 0.18615367 0.16865554 0.011195039
0.2925 0.04394165 0.1757211 0.1789275 0.02606103 0.038337335 0.18223102 0.16418892 0.0101640355
0.293 0.04248867 0.1712603 0.1749135 0.02476272 0.036929294 0.1783728 0.15981875 0.0091468375
0.2935 0.04105388 0.1668891 0.1709635 0.02348536 0.035536006 0.17457686 0.15554279 0.008143177
0.294 0.03963712 0.1626055 0.1670765 0.02222853 0.034157395 0.17084129 0.15135896 0.0071527865
0.2945 0.03823821 0.1584077 0.1632516 0.02099181 0.032793775 0.16716418 0.14726503 0.006175434
0.295 0.03685698 0.1542939 0.159488 0.0197748 0.031445086 0.16354376 0.14325884 0.0052108224
0.2955 0.03549326 0.1502621 0.1557849 0.01857712 0.030111372 0.15997845 0.13933837 0.0042586382
0.296 0.03414686 0.1463106 0.1521415 0.01739839 0.028792739 0.15646657 0.13550147 0.003318822
0.2965 0.03281761 0.1424378 0.1485569 0.01623824 0.027489096 0.1530067 0.13174607 0.0023910757
0.297 0.03150533 0.138642 0.1450302 0.01509631 0.026200533 0.14959739 0.1280702 0.00147531
0.2975 0.03020985 0.1349214 0.1415607 0.01397225 0.024926916 0.14623728 0.12447183 0.0005712118
0.298 0.028931 0.1312745 0.1381476 0.01286573 0.02366829 0.14292517 0.12094906 -0.00032126345
0.2985 0.0276686 0.1276997 0.13479 0.0117764 0.022424594 0.13965985 0.11749992 -0.0012023766
0.299 0.02642247 0.1241955 0.1314871 0.01070395 0.02119574 0.13644025 0.11412257 -0.002072202
0.2995 0.02519244 0.1207604 0.1282381 0.009648062 0.019981623 0.13326521 0.11081515 -0.0029309038
0.3 0.02397833 0.1173929 0.1250423 0.008608425 -0.055694893 0.16918886 0.19516216 0.0030682422
0.3005 0.03382387 0.1248481 0.1365551 0.02352996 -0.023459002 0.174339 0.22266522 0.04202549
0.301 0.04765791 0.1383633 0.151379 0.0387692 0.0058938116 0.1829384 0.2430087 0.06393518
0.3015 0.05720478 0.154747 0.1635346 0.05009226 0.028045699 0.19286235 0.25444114 0.07711179
0.302 0.06345514 0.1727161 0.1737108 0.05976716 0.04369469 0.20444626 0.26084054 0.0859327
0.3025 0.0679397 0.1916241 0.1829155 0.0687008 0.054678842 0.21744376 0.26451522 0.09244344
0.303 0.07158419 0.2111145 0.1917455 0.07719966 0.06256345 0.23150869 0.2667668 0.09770908
0.3035 0.0748489 0.230967 0.200485 0.0853634 0.068460464 0.2463527 0.2683605 0.10229722
0.304 0.07794343 0.2510292 0.2092512 0.09322146 0.07311462 0.26176563 0.26976502 0.10651876
0.3045 0.08095925 0.2711873 0.2180834 0.1008037 0.07701275 0.2776001 0.2712742 0.11054869
0.305 0.08393535 0.2913515 0.2269879 0.1081274 0.08046977 0.29375213 0.27307177 0.114487395
0.3055 0.08688848 0.3114499 0.2359582 0.1152046 0.083687395 0.31014636 0.2752698 0.11839318
0.306 0.08982567 0.3314241 0.2449833 0.122046 0.086792886 0.3267259 0.27793202 0.122299224
0.3065 0.09274964 0.3512266 0.2540509 0.1286618 0.08986476 0.3434456 0.28108835 0.12622386
0.307 0.09566138 0.370819 0.2631494 0.1350622 0.0929493 0.36026788 0.28474677 0.13017595
0.3075 0.09856027 0.3901701 0.2722677 0.1412103 0.09607157 0.37716052 0.2888993 0.13415831
0.308 0.1014316 0.4092552 0.2813944 0.1470196 0.0992426 0.39409462 0.2935281 0.13817042
0.3085 0.1042802 0.4280545 0.2905198 0.152665 0.10246445 0.41104394 0.29860872 0.14220907
0.309 0.1071183 0.4465527 0.2996371 0.1581625 0.10573292 0.42798427 0.30411306 0.14626944
0.3095 0.1099491 0.4647384 0.3087389 0.1635262 0.10904072 0.44489276 0.31001085 0.15034601
0.31 0.1127719 0.4826034 0.3178183 0.1687606 0.11237796 0.46174806 0.31627125 0.15443262
0.3105 0.1155848 0.5001421 0.3268447 0.1738658 0.11573398 0.47852966 0.32286337 0.15852259
0.311 0.1183684 0.5173325 0.3352089 0.1786724 0.11909762 0.49521825 0.32975724 0.1626094
0.3115 0.121119 0.534158 0.3434914 0.183308 0.1224577 0.5117951 0.33692387 0.16668624
0.312 0.1238563 0.5506344 0.3520024 0.1878699 0.12580363 0.52824247 0.34433523 0.17074636
0.3125 0.1265863 0.5667665 0.3601734 0.1923462 0.12912539 0.54454345 0.35196498 0.1747832
0.313 0.1293066 0.5825434 0.3682606 0.1967378 0.13241342 0.5606818 0.35978803 0.17879039
0.3135 0.1320153 0.5979867 0.3766503 0.2010439 0.13565962 0.57664216 0.3677804 0.18276182
0.314 0.1347094 0.6131184 0.3852943 0.2052579 0.13885614 0.59240985 0.37591982 0.18669161
0.3145 0.1373677 0.6279514 0.3940694 0.2093476 0.1419966 0.60797113 0.38418505 0.19057414
0.315 0.1399925 0.6424937 0.4028743 0.2133227 0.14507502 0.62331337 0.39255622 0.19440408
0.3155 0.1425965 0.656749 0.4116434 0.2171836 0.14808652 0.6384245 0.40101445 0.19817664
0.316 0.1451691 0.6707211 0.4203382 0.2209432 0.151027 0.65329355 0.40954196 0.20188752
0.3165 0.1477231 0.6844126 0.4289395 0.2246245 0.15389325 0.6679107 0.41812238 0.20553225
0.317 0.1502587 0.6978245 0.4374364 0.2282112 0.15668277 0.6822671 0.4267401 0.20910752
0.3175 0.1527685 0.7109589 0.4458216 0.2317014 0.15939368 0.6963547 0.43538043 0.21260998
0.318 0.1552691 0.7238197 0.4540978 0.2351224 0.16202496 0.71016705 0.4440298 0.21603686
0.3185 0.1577674 0.736411 0.4622687 0.2384817 0.16457583 0.72369826 0.4526754 0.21938592
0.319 0.1602607 0.7487371 0.4703363 0.2417796 0.16704652 0.73694384 0.46130553 0.22265525
0.3195 0.1627438 0.7608022 0.4783018 0.2450143 0.16943727 0.74990034 0.46990907 0.22584349
0.32 0.1652117 0.7726108 0.4861665 0.2481849 0.17174904 0.76256496 0.47847605 0.22894931
0.3205 0.1676587 0.7841677 0.493928 0.2512889 0.17398317 0.77493644 0.4869969 0.2319724
0.321 0.1700558 0.7954762 0.5015481 0.2543012 0.17614108 0.7870141 0.4954631 0.23491228
0.3215 0.1724184 0.80654 0.5090627 0.2572365 0.17822455 0.79879814 0.50386673 0.23776901
0.322 0.1747663 0.8173651 0.5164991 0.260114 0.18023571 0.8102899 0.5122007 0.24054313
0.3225 0.1771025 0.8279561 0.523859 0.2629301 0.18217678 0.82149106 0.5204584 0.24323517
0.323 0.1794196 0.8383153 0.5311344 0.2656611 0.18404998 0.83240426 0.528634 0.2458463
0.3235 0.1817145 0.8484512 0.5383221 0.2683326 0.1858577 0.84303296 0.5367222 0.24837741
0.324 0.1839895 0.8583713 0.5454216 0.270959 0.18760249 0.85338056 0.54471815 0.25083002
0.3245 0.1862457 0.8680815 0.5524324 0.2735429 0.18928672 0.8634516 0.55261767 0.25320572
0.325 0.1884824 0.8775868 0.5593533 0.2760833 0.19091277 0.87325066 0.5604171 0.25550613
0.3255 0.1906985 0.8868919 0.5661838 0.2785789 0.19248326 0.88278294 0.56811315 0.25773314
0.326 0.192878 0.896001 0.5729208 0.2810029 0.19400056 0.8920538 0.57570297 0.25988865
0.3265 0.1950106 0.9049178 0.5795605 0.2833539 0.19546677 0.9010687 0.58318406 0.26197448
0.327 0.1971192 0.9136463 0.5861085 0.2856628 0.19688453 0.9098334 0.59055424 0.26399297
0.3275 0.1990918 0.9221905 0.592569 0.2879388 0.1982557 0.9183537 0.59781176 0.26594585
0.328 0.2009094 0.9305546 0.5989422 0.2901816 0.19958244 0.92663586 0.6049552 0.2678354
0.3285 0.2027888 0.9387428 0.6052283 0.2923899 0.20086685 0.9346857 0.6119834 0.26966348
0.329 0.2047554 0.9467589 0.6114281 0.2945629 0.2021106 0.9425093 0.618895 0.2714324
0.3295 0.2067809 0.9546069 0.617542 0.2966996 0.20331568 0.9501126 0.6256896 0.27314395
0.33 0.208832 0.9622907 0.6235703 0.2987988 0.20448376 0.9575016 0.6323668 0.27480024
0.3305 0.2108844 0.9698138 0.6295133 0.3008609 0.20561641 0.96468204 0.63892585 0.2764032
0.331 0.2129226 0.97718 0.6353715 0.3028865 0.20671499 0.97165996 0.6453668 0.2779545
0.3315 0.2149377 0.9843928 0.6411454 0.3048762 0.20778129 0.97844046 0.6516895 0.27945614
0.332 0.2169254 0.9914545 0.6468354 0.3068306 0.20881617 0.9850295 0.65789413 0.28090993
0.3325 0.2188738 0.9983639 0.6524393 0.3087311 0.2098213 0.9914323 0.66398084 0.28231752
0.333 0.2207641 1.005124 0.6579525 0.31056 0.21079755 0.99765414 0.66995 0.28368053
0.3335 0.2226191 1.011742 0.663381 0.3123534 0.21174604 1.0036999 0.67580205 0.28500044
0.334 0.2244564 1.018225 0.668731 0.3141252 0.21266799 1.0095747 0.68153757 0.28627902
0.3345 0.2262804 1.024575 0.6740048 0.315877 0.21356414 1.0152832 0.6871572 0.2875175
0.335 0.2280898 1.030796 0.6792026 0.3176074 0.21443553 1.02083 0.6926616 0.28871736
0.3355 0.2298817 1.036891 0.6843245 0.3193145 0.21528287 1.0262197 0.6980515 0.2898799
0.336 0.2316536 1.042863 0.6893703 0.3209962 0.21610714 1.0314566 0.7033279 0.29100648
0.3365 0.2333875 1.048711 0.6943206 0.3226293 0.21690898 1.0365448 0.7084917 0.29209816
0.337 0.2350322 1.054428 0.6991296 0.3241692 0.217689 1.0414883 0.71354365 0.2931562
0.3375 0.2366437 1.06002 0.7038654 0.3256799 0.21844791 1.046291 0.7184852 0.29418182
0.338 0.2382588 1.065496 0.7085566 0.3271767 0.2191862 1.050957 0.72331727 0.2951759
0.3385 0.2398821 1.07086 0.713202 0.3286589 0.2199048 1.0554894 0.7280408 0.29613957
0.339 0.2415073 1.076119 0.717794 0.3301348 0.22060399 1.0598924 0.73265743 0.29707393
0.3395 0.2431263 1.081274 0.7223254 0.3316023 0.22128437 1.0641689 0.7371681 0.29797965
0.34 0.244733 1.086328 0.7267918 0.3330575 0.22194643 1.0683224 0.74157405 0.2988578
0.3405 0.2463089 1.091283 0.7311662 0.3344971 0.22259079 1.0723563 0.7458768 0.29970935
0.341 0.2478319 1.096137 0.7354242 0.3359167 0.22321762 1.0762737 0.7500777 0.30053493
0.3415 0.2493378 1.100892 0.7396255 0.3373168 0.2238277 1.0800775 0.7541782 0.30133548
0.342 0.2508394 1.105552 0.743785 0.3386981 0.22442104 1.0837708 0.7581797 0.3021117
0.3425 0.2523347 1.11012 0.7478982 0.3400595 0.22499849 1.0873564 0.7620837 0.30286446
0.343 0.2537987 1.114597 0.7519562 0.3413908 0.22556023 1.0908372 0.76589155 0.30359447
0.3435 0.2552358 1.118987 0.7559537 0.3426974 0.22610672 1.094216 0.76960486 0.3043024
0.344 0.2566611 1.12329 0.7598899 0.3439849 0.2266383 1.0974953 0.77322537 0.30498874
0.3445 0.2580793 1.127508 0.7637645 0.3452526 0.22715528 1.1006782 0.77675444 0.30565447
0.345 0.2594883 1.131641 0.7675772 0.3464827 0.22765802 1.1037667 0.7801937 0.3063001
0.3455 0.2608848 1.135687 0.7713277 0.3476878 0.22814696 1.1067635 0.7835449 0.30692616
0.346 0.2622666 1.139653 0.7750166 0.3488767 0.22862233 1.1096712 0.78680956 0.30753332
0.3465 0.2636323 1.143539 0.7786168 0.3500497 0.22908448 1.1124918 0.7899892 0.3081221
0.347 0.2649802 1.147339 0.7820191 0.3511928 0.22953375 1.1152282 0.7930857 0.30869317
0.3475 0.2663092 1.151054 0.7852562 0.3523197 0.22997065 1.1178823 0.79610056 0.309247
0.348 0.2676197 1.154681 0.7883993 0.3534366 0.23039524 1.1204563 0.79903543 0.30978408
0.3485 0.2689124 1.158226 0.7915005 0.3545432 0.23080783 1.1229526 0.8018921 0.31030506
0.349 0.2701878 1.161694 0.7945879 0.3556383 0.23120873 1.1253732 0.80467206 0.3108102
0.3495 0.2714464 1.165093 0.7976722 0.3567213 0.23159842 1.1277204 0.80737704 0.31130028
0.35 0.2726885 1.168427 0.8007542 0.3577913 0.17462917 1.041574 0.7398938 0.26705477
0.3505 0.2628487 1.160914 0.787933 0.3428901 0.18473671 1.0596746 0.77409023 0.26413327
0.351 0.2489498 1.147267 0.7714323 0.3276321 0.17891012 1.0662924 0.7954968 0.2600774
0.3515 0.2393092 1.130712 0.7582973 0.3162739 0.16851862 1.05911 0.8026711 0.25540373
0.352 0.2329836 1.112572 0.7478032 0.3065639 0.1583906 1.0443946 0.8009002 0.24992755
0.3525 0.2284449 1.093519 0.7387053 0.2975865 0.15060793 1.0263615 0.79442406 0.24423632
0.353 0.2247736 1.073919 0.7302079 0.289054 0.14541018 1.0071952 0.7857698 0.23872831
0.3535 0.2215093 1.053995 0.7218967 0.2808712 0.14230153 0.9878809 0.7762866 0.23354518
0.354 0.2184355 1.033893 0.7135785 0.2729987 0.140638 0.9687998 0.7666557 0.22866854
0.3545 0.2154532 1.013725 0.7051736 0.265414 0.13986114 0.9500587 0.7572014 0.22401398
0.355 0.2125169 0.9935716 0.6966575 0.2581002 0.13955453 0.93165076 0.7480587 0.21948451
0.3555 0.2096058 0.9735009 0.6880312 0.2510426 0.13943385 0.9135303 0.73926115 0.21499507
0.356 0.2067107 0.9535663 0.6793066 0.244228 0.1393183 0.8956447 0.7307886 0.21048084
0.3565 0.2038273 0.9338116 0.6705 0.2376441 0.13910185 0.87795043 0.7225925 0.20589906
0.357 0.2009542 0.9142724 0.6616282 0.2312793 0.13873015 0.86041594 0.7146117 0.20122634
0.3575 0.1980911 0.8949776 0.6527077 0.225123 0.1381836 0.84302354 0.7067817 0.19645487
0.358 0.1952381 0.8759504 0.6437533 0.2191651 0.13746428 0.8257673 0.69903994 0.19158952
0.3585 0.1923959 0.8572089 0.6347786 0.2133961 0.13658759 0.80865014 0.6913296 0.18664287
0.359 0.1895652 0.8387675 0.6257956 0.2078071 0.13557613 0.79168093 0.6836008 0.18163314
0.3595 0.1867467 0.8206369 0.6168152 0.2023897 0.13445462 0.77487344 0.6758119 0.1765814
0.36 0.1839412 0.8028251 0.6078469 0.197136 0.13324857 0.75824296 0.66792935 0.17150985
0.3605 0.1811493 0.7853375 0.598899 0.1920386 0.13198122 0.74180543 0.6599274 0.16643998
0.361 0.1783719 0.7681773 0.5899793 0.1870904 0.1306728 0.7255769 0.65178776 0.16139236
0.3615 0.1756095 0.7513464 0.5810944 0.1822849 0.12934102 0.70957184 0.64349836 0.15638573
0.362 0.1728627 0.7348448 0.5722504 0.1776158 0.12799925 0.69380397 0.6350528 0.15143672
0.3625 0.1701323 0.7186716 0.5634526 0.1730772 0.12665792 0.67828536 0.62644976 0.14655995
0.363 0.1674187 0.7028247 0.5547059 0.1686637 0.12532449 0.6630266 0.61769223 0.14176774
0.3635 0.1647225 0.6873013 0.5460147 0.1643698 0.124003634 0.6480366 0.608786 0.1370706
0.364 0.1620441 0.6720979 0.5373829 0.1601908 0.12269744 0.6333234 0.59974015 0.13247693
0.3645 0.159384 0.6572104 0.5288142 0.1561218 0.121406496 0.6188929 0.5905655 0.12799369
0.365 0.1567427 0.6426343 0.5203116 0.1521585 0.12012957 0.60475063 0.5812747 0.123625964
0.3655 0.1541205 0.6283648 0.511878 0.1482967 0.11886454 0.5909002 0.57188153 0.11937767
0.366 0.1515179 0.6143969 0.5035161 0.1445325 0.11760856 0.57734483 0.5624005 0.115251526
0.3665 0.1489351 0.6007251 0.4952282 0.140862 0.11635783 0.56408614 0.55284667 0.111249045
0.367 0.1463725 0.5873442 0.4870164 0.1372817 0.11510888 0.55112517 0.5432352 0.107370764
0.3675 0.1438303 0.5742484 0.4788826 0.1337883 0.11385791 0.538462 0.5335813 0.10361661
0.368 0.1413089 0.5614323 0.4708285 0.1303785 0.112601414 0.5260961 0.5238999 0.09998551
0.3685 0.1388085 0.5488901 0.4628555 0.1270493 0.111335844 0.51402587 0.5142056 0.09647608
0.369 0.1363292 0.5366162 0.4549649 0.1237978 0.11005837 0.50224936 0.50451237 0.09308612
0.3695 0.1338714 0.5246051 0.447158 0.1206213 0.10876626 0.49076372 0.49483383 0.08981329
0.37 0.1314352 0.5128511 0.4394356 0.1175172 0.10745722 0.47956562 0.48518252 0.0866546
0.3705 0.1290207 0.5013487 0.4317988 0.114483 0.10612957 0.46865153 0.47557092 0.08360696
0.371 0.1266281 0.4900925 0.4242482 0.1115164 0.104781955 0.4580168 0.4660101 0.08066684
0.3715 0.1242576 0.479077 0.4167845 0.108615 0.10341354 0.44765693 0.45651054 0.077830836
0.372 0.1219092 0.468297 0.4094081 0.1057768 0.102023736 0.4375668 0.4470822 0.07509503
0.3725 0.119583 0.4577472 0.4021195 0.1029997 0.10061227 0.42774087 0.43773377 0.07245572
0.373 0.1172791 0.4474225 0.394919 0.1002818 0.09917948 0.4181736 0.42847374 0.06990887
0.3735 0.1149976 0.4373178 0.3878067 0.09762119 0.09772551 0.40885887 0.41930935 0.06745072
0.374 0.1127386 0.4274283 0.3807829 0.09501613 0.09625125 0.39979067 0.41024727 0.06507717
0.3745 0.110502 0.4177491 0.3738476 0.0924649 0.09475747 0.39096266 0.40129358 0.06278452
0.375 0.1082878 0.4082755 0.3670007 0.08996589 0.09324528 0.38236833 0.39245358 0.060568765
0.3755 0.1060962 0.3990028 0.3602421 0.08751755 0.09171571 0.37400123 0.38373193 0.05842617
0.376 0.103927 0.3899266 0.3535718 0.0851184 0.090170205 0.3658547 0.37513268 0.056353062
0.3765 0.1017803 0.3810423 0.3469894 0.082767 0.088609934 0.35792223 0.36665925 0.05434589
0.377 0.09965611 0.3723456 0.3404947 0.080462 0.087036476 0.35019708 0.35831478 0.05240123
0.3775 0.09755431 0.3638324 0.3340875 0.07820209 0.08545126 0.34267282 0.35010162 0.050515622
0.378 0.09547489 0.3554985 0.3277672 0.07598602 0.08385578 0.33534282 0.34202182 0.048685968
0.3785 0.0934178 0.3473398 0.3215335 0.07381258 0.082251415 0.32820058 0.33407694 0.046909094
0.379 0.09138297 0.3393525 0.315386 0.07168061 0.08063969 0.3212398 0.3262682 0.04518222
0.3795 0.08937034 0.3315325 0.309324 0.06958901 0.079022065 0.3144542 0.3185964 0.043502435
0.38 0.08737984 0.3238763 0.3033472 0.0675367 0.077399865 0.30783764 0.3110621 0.041867055
0.3805 0.08541137 0.3163801 0.2974549 0.06552267 0.07577461 0.3013841 0.30366546 0.040273607
0.381 0.08346484 0.3090403 0.2916465 0.06354592 0.07414748 0.29508764 0.29640636 0.038719796
0.3815 0.08154017 0.3018534 0.2859214 0.06160549 0.07251984 0.28894264 0.28928462 0.037203327
0.382 0.07963724 0.2948161 0.2802789 0.05970048 0.07089296 0.2829435 0.28229952 0.03572218
0.3825 0.07775594 0.2879249 0.2747184 0.05782999 0.06926791 0.27708483 0.27545035 0.034274362
0.383 0.07589617 0.2811766 0.2692392 0.05599318 0.06764586 0.27136135 0.26873615 0.032858036
0.3835 0.07405779 0.2745681 0.2638404 0.05418923 0.066027924 0.26576805 0.2621558 0.031471506
0.384 0.07224069 0.2680961 0.2585215 0.05241734 0.06441502 0.26029998 0.25570804 0.030113196
0.3845 0.07044473 0.2617578 0.2532815 0.05067674 0.0628082 0.25495246 0.2493914 0.028781598
0.385 0.06866978 0.2555501 0.2481198 0.04896669 0.061208293 0.24972096 0.24320443 0.027475467
0.3855 0.0669157 0.2494701 0.2430356 0.04728649 0.059616134 0.2446011 0.23714541 0.026193371
0.386 0.06518234 0.243515 0.2380281 0.04563543 0.058032483 0.23958868 0.23121263 0.02493429
0.3865 0.06346957 0.237682 0.2330964 0.04401285 0.05645807 0.23467955 0.2254042 0.023697076
0.387 0.06177723 0.2319685 0.2282398 0.04241811 0.054893598 0.22986995 0.21971825 0.02248077
0.3875 0.06010517 0.2263719 0.2234573 0.04085058 0.053339705 0.22515608 0.21415275 0.02128446
0.388 0.05845323 0.2208895 0.2187483 0.03930964 0.051797032 0.2205345 0.20870575 0.020107312
0.3885 0.05682126 0.2155189 0.2141117 0.03779472 0.050265893 0.2160017 0.20337516 0.01894859
0.389 0.05520909 0.2102575 0.2095469 0.03630524 0.048746884 0.2115545 0.19815883 0.017807534
0.3895 0.05361657 0.2051031 0.2050529 0.03484066 0.047240466 0.20718977 0.19305456 0.01668351
0.39 0.05204353 0.2000533 0.2006288 0.03340044 0.045746982 0.20290458 0.18806034 0.0155760255
0.3905 0.05048981 0.1951058 0.1962739 0.03198405 0.04426688 0.19869608 0.18317384 0.014484419
0.391 0.04895523 0.1902583 0.1919873 0.030591 0.042800367 0.19456156 0.17839286 0.013408339
0.3915 0.04743962 0.1855087 0.1877681 0.0292208 0.041347668 0.19049852 0.17371526 0.012347205
0.392 0.04594282 0.1808549 0.1836154 0.02787296 0.0399092 0.18650453 0.16913874 0.011300666
0.3925 0.04446466 0.1762948 0.1795284 0.02654704 0.038485005 0.1825772 0.16466114 0.010268336
0.393 0.04300495 0.1718264 0.1755062 0.02524258 0.037075326 0.17871442 0.16028024 0.0092498865
0.3935 0.04156353 0.1674477 0.1715481 0.02395915 0.03568034 0.17491408 0.15599382 0.008245004
0.394 0.04014023 0.1631567 0.167653 0.02269633 0.03430015 0.17117421 0.15179974 0.007253414
0.3945 0.03873486 0.1589515 0.1638203 0.02145369 0.032934844 0.16749291 0.14769581 0.006274758
0.395 0.03734725 0.1548304 0.160049 0.02023085 0.031584457 0.16386846 0.14367989 0.0053089317
0.3955 0.03597723 0.1507915 0.1563382 0.01902741 0.030249089 0.16029915 0.13974988 0.004355585
0.396 0.03462461 0.146833 0.1526872 0.01784299 0.028928772 0.15678342 0.13590373 0.0034145843
0.3965 0.03328923 0.1429532 0.1490951 0.01667723 0.02762349 0.15331975 0.13213933 0.0024856608
0.397 0.0319709 0.1391505 0.1455612 0.01552976 0.026333228 0.14990672 0.12845463 0.0015686881
0.3975 0.03066945 0.1354231 0.1420844 0.01440023 0.025057986 0.14654303 0.12484771 0.00066348724
0.398 0.0293847 0.1317696 0.1386641 0.0132883 0.02379772 0.14322738 0.1213166 -0.0002301503
0.3985 0.02811647 0.1281882 0.1352995 0.01219364 0.0225524 0.1399586 0.11785936 -0.0011123661
0.399 0.02686459 0.1246775 0.1319897 0.01111593 0.021321863 0.13673557 0.11447407 -0.001983324
0.3995 0.02562889 0.121236 0.1287339 0.01005484 0.020106107 0.13355717 0.11115897 -0.0028431807
0.4 0.02440919 0.1178622 0.1255313 0.009010073 0.018905088 0.13042252 0.10791221 -0.0036920402
0.4005 0.0232053 0.1145546 0.1223812 0.007981324 0.017718628 0.12733057 0.10473205 -0.004530059
0.401 0.02201707 0.1113119 0.1192827 0.0069683 0.016546667 0.124280475 0.10161677 -0.0053573344
0.4015 0.0208443 0.1081327 0.1162352 0.005970714 0.0153891 0.121271424 0.098564655 -0.0061740596
0.402 0.01968684 0.1050157 0.1132377 0.004988286 0.014245778 0.118302606 0.09557414 -0.0069803055
0.4025 0.01854451 0.1019595 0.1102897 0.004020743 0.013116613 0.115373276 0.09264359 -0.007776236
0.403 0.01741714 0.09896289 0.1073903 0.003067819 0.01200144 0.11248276 0.08977145 -0.008561974
0.4035 0.01630455 0.09602459 0.1045387 0.002129252 0.010900155 0.10963034 0.08695622 -0.00933761
0.404 0.01520658 0.09314338 0.1017343 0.001204788 0.009812579 0.106815465 0.08419643 -0.010103365
0.4045 0.01412305 0.09031808 0.09897636 0.0002941787 0.008738652 0.104037516 0.081490695 -0.010859216
0.405 0.01305381 0.0875475 0.09626409 -0.0006028196 0.0076782107 0.10129594 0.07883756 -0.011605391
0.4055 0.01199868 0.0848305 0.09359683 -0.001486444 0.0066310912 0.09859024 0.076235786 -0.012341997
0.406 0.01095749 0.08216598 0.09097386 -0.002356928 0.0055971295 0.095919885 0.07368402 -0.01306905
0.4065 0.009930084 0.07955283 0.08839449 -0.003214498 0.004576251 0.093284465 0.07118097 -0.013786806
0.407 0.008916296 0.07698999 0.08585804 -0.004059376 0.0035682768 0.090683475 0.06872542 -0.014495263
0.4075 0.007915964 0.07447642 0.08336383 -0.00489178 0.002573073 0.08811652 0.06631625 -0.015194671
0.408 0.006928925 0.07201108 0.08091119 -0.005711922 0.0015904754 0.085583225 0.06395225 -0.015885027
0.4085 0.005955019 0.069593 0.07849947 -0.006520011 0.00062039495 0.083083145 0.06163236 -0.016566472
0.409 0.004994087 0.06722117 0.07612801 -0.007316249 -0.0003373623 0.08061602 0.059355464 -0.017239159
0.4095 0.004045972 0.06489466 0.07379617 -0.008100837 -0.0012829006 0.07818143 0.05712055 -0.017903188
0.41 0.003110516 0.06261253 0.07150332 -0.00887397 -0.002216369 0.07577905 0.054926645 -0.018558657
0.4105 0.002187564 0.06037386 0.06924882 -0.009635838 -0.0031378716 0.0734086 0.052772705 -0.01920571
0.411 0.001276963 0.05817776 0.06703207 -0.01038663 -0.004047632 0.071069725 0.050657846 -0.019844396
0.4115 0.0003785595 0.05602336 0.06485244 -0.01112653 -0.0049456805 0.068762176 0.04858114 -0.020474827
0.412 -0.0005077979 0.0539098 0.06270934 -0.01185571 -0.0058321357 0.06648567 0.046541728 -0.0210972
0.4125 -0.001382259 0.05183625 0.06060218 -0.01257435 -0.0067073107 0.06423985 0.044538755 -0.021711567
0.413 -0.002244973 0.04980188 0.05853038 -0.01328263 -0.007571116 0.062024564 0.04257139 -0.022318034
0.4135 -0.003096087 0.04780591 0.05649334 -0.01398071 -0.008423746 0.059839517 0.040638875 -0.022916699
0.414 -0.003935747 0.04584754 0.05449051 -0.01466876 -0.009265363 0.057684414 0.038740482 -0.023507679
0.4145 -0.004764097 0.04392601 0.05252133 -0.01534694 -0.010096043 0.055559017 0.036875337 -0.024091067
0.415 -0.005581281 0.04204058 0.05058524 -0.01601541 -0.01091592 0.053463116 0.035042863 -0.024666967
0.4155 -0.00638744 0.0401905 0.0486817 -0.01667432 -0.011725098 0.05139643 0.033242278 -0.025235469
0.416 -0.007182716 0.03837508 0.04681017 -0.01732383 -0.012523711 0.049358763 0.03147302 -0.025796657
0.4165 -0.007967247 0.03659359 0.04497013 -0.01796409 -0.013311848 0.04734987 0.029734347 -0.026350683
0.417 -0.00874117 0.03484536 0.04316104 -0.01859524 -0.014089629 0.0453695 0.028025672 -0.026897589
0.4175 -0.009504623 0.03312972 0.04138241 -0.01921743 -0.014857113 0.04341743 0.026346419 -0.027437488
0.418 -0.01025774 0.03144601 0.03963371 -0.0198308 -0.015614465 0.041493475 0.024695989 -0.02797045
0.4185 -0.01100065 0.02979358 0.03791446 -0.0204355 -0.016361788 0.039597332 0.023073796 -0.028496584
0.419 -0.0117335 0.02817182 0.03622417 -0.02103164 -0.017099157 0.037728824 0.021479297 -0.029015964
0.4195 -0.0124564 0.0265801 0.03456235 -0.02161938 -0.017826661 0.03588774 0.019912042 -0.02952868
0.42 -0.01316949 0.02501783 0.03292852 -0.02219884 -0.018544436 0.034073785 0.018371418 -0.030034835
0.4205 -0.0138729 0.02348441 0.03132222 -0.02277014 -0.019252583 0.032286763 0.016856976 -0.03053447
0.421 -0.01456675 0.02197926 0.02974298 -0.02333342 -0.01995112 0.030526457 0.015368216 -0.03102768
0.4215 -0.01525118 0.02050184 0.02819036 -0.0238888 -0.020640194 0.028792663 0.013904698 -0.031514525
0.422 -0.01592629 0.01905157 0.0266639 -0.0244364 -0.02131991 0.027085109 0.01246598 -0.031995155
0.4225 -0.01659222 0.01762793 0.02516316 -0.02497634 -0.021990359 0.025403569 0.01105158 -0.032469586
0.423 -0.01724908 0.01623039 0.02368772 -0.02550874 -0.022651568 0.0237478 0.009661093 -0.03293781
0.4235 -0.017897 0.01485842 0.02223714 -0.02603371 -0.023303717 0.022117605 0.008294065 -0.03340009
0.424 -0.01853609 0.01351152 0.02081101 -0.02655137 -0.023946807 0.020512765 0.0069502145 -0.033856265
0.4245 -0.01916648 0.0121892 0.01940891 -0.02706182 -0.024580985 0.018932963 0.0056289937 -0.03430661
0.425 -0.01978827 0.01089097 0.01803043 -0.02756518 -0.025206313 0.017378 0.004330121 -0.0347511
0.4255 -0.02040157 0.009616357 0.01667518 -0.02806156 -0.025822893 0.01584767 0.003053194 -0.035189785
0.426 -0.02100651 0.008364895 0.01534277 -0.02855105 -0.02643077 0.014341677 0.0017978381 -0.03562272
0.4265 -0.0216032 0.007136131 0.0140328 -0.02903377 -0.027030036 0.012859801 0.00056374446 -0.036050018
0.427 -0.02219174 0.005929618 0.01274489 -0.02950982 -0.027620792 0.011401815 -0.0006494932 -0.036471758
0.4275 -0.02277224 0.004744922 0.01147868 -0.02997928 -0.028203085 0.009967467 -0.0018421579 -0.036887903
0.428 -0.02334481 0.003581615 0.01023379 -0.03044227 -0.028777063 0.008556509 -0.0030145906 -0.037298582
0.4285 -0.02390956 0.00243928 0.009009852 -0.03089888 -0.02934274 0.0071686413 -0.004167136 -0.037703812
0.429 -0.02446659 0.001317508 0.007806521 -0.03134921 -0.029900253 0.0058036763 -0.0053000823 -0.038103685
0.4295 -0.02501601 0.0002158981 0.006623441 -0.03179334 -0.030449599 0.0044613574 -0.006413754 -0.038498223
0.43 -0.02555791 -0.0008659408 0.005460268 -0.03223138 -0.030990958 0.003141405 -0.0075084474 -0.038887482
0.4305 -0.02609241 -0.001928393 0.004316662 -0.0326634 -0.03152427 0.0018435884 -0.0085844565 -0.03927156
0.431 -0.02661959 -0.002971834 0.003192289 -0.0330895 -0.032049805 0.0005676206 -0.009642102 -0.039650433
0.4315 -0.02713956 -0.003996631 0.002086822 -0.03350977 -0.032567456 -0.000686707 -0.010681592 -0.04002423
0.432 -0.02765242 -0.005003146 0.0009999369 -0.03392428 -0.033077404 -0.0019196961 -0.011703264 -0.040392928
0.4325 -0.02815825 -0.00599173 -6.868307e-05 -0.03433314 -0.033579737 -0.0031315628 -0.012707371 -0.04075662
0.433 -0.02865717 -0.00696273 -0.00111935 -0.03473641 -0.034074485 -0.0043226313 -0.013694214 -0.041115317
0.4335 -0.02914925 -0.007916483 -0.002152371 -0.03513418 -0.034561694 -0.0054930616 -0.014663991 -0.041469138
0.434 -0.0296346 -0.008853321 -0.003168049 -0.03552654 -0.03504151 -0.006643204 -0.015617002 -0.04181807
0.4345 -0.0301133 -0.009773568 -0.004166678 -0.03591355 -0.035513982 -0.007773267 -0.016553495 -0.042162158
0.435 -0.03058544 -0.01067754 -0.005148552 -0.0362953 -0.03597915 -0.008883486 -0.017473735 -0.042501494
0.4355 -0.03105112 -0.01156555 -0.006113958 -0.03667186 -0.0364372 -0.00997418 -0.018377978 -0.04283607
0.436 -0.03151042 -0.01243791 -0.007063176 -0.03704331 -0.036888123 -0.011045584 -0.0192664 -0.043165967
0.4365 -0.03196343 -0.01329491 -0.007996485 -0.03740972 -0.037332 -0.012097968 -0.020139333 -0.043491196
0.437 -0.03241024 -0.01413684 -0.008914158 -0.03777117 -0.0377689 -0.013131557 -0.02099694 -0.043811806
0.4375 -0.03285092 -0.01496399 -0.009816461 -0.03812772 -0.038198933 -0.01414665 -0.021839477 -0.04412789
0.438 -0.03328557 -0.01577664 -0.01070366 -0.03847945 -0.038622126 -0.015143467 -0.022667162 -0.044439442
0.4385 -0.03371426 -0.01657507 -0.01157601 -0.03882642 -0.039038613 -0.016122261 -0.02348027 -0.044746514
0.439 -0.03413708 -0.01735954 -0.01243377 -0.03916871 -0.039448395 -0.0170833 -0.024278965 -0.04504913
0.4395 -0.0345541 -0.01813032 -0.01327719 -0.03950638 -0.039851636 -0.018026875 -0.0250635 -0.045347378
0.44 -0.03496542 -0.01888767 -0.01410651 -0.0398395 -0.04024835 -0.018953202 -0.025834043 -0.045641266
0.4405 -0.03537109 -0.01963183 -0.01492197 -0.04016813 -0.04063867 -0.019862512 -0.026590869 -0.045930848
0.441 -0.03577121 -0.02036307 -0.01572382 -0.04049233 -0.04102257 -0.020755095 -0.027334142 -0.046216175
0.4415 -0.03616585 -0.02108161 -0.01651229 -0.04081218 -0.041400224 -0.021631194 -0.028064128 -0.04649727
0.442 -0.03655508 -0.02178771 -0.0172876 -0.04112772 -0.041771635 -0.022491055 -0.028780978 -0.046774194
0.4425 -0.03693898 -0.02248158 -0.01804999 -0.04143902 -0.042136967 -0.023334915 -0.029484909 -0.047046952
0.443 -0.03731762 -0.02316347 -0.01879967 -0.04174615 -0.042496204 -0.02416301 -0.03017613 -0.047315598
0.4435 -0.03769108 -0.02383359 -0.01953686 -0.04204916 -0.04284948 -0.024975615 -0.030854825 -0.047580212
0.444 -0.03805941 -0.02449216 -0.02026178 -0.0423481 -0.043196827 -0.02577296 -0.03152119 -0.0478408
0.4445 -0.03842271 -0.0251394 -0.02097463 -0.04264304 -0.043538332 -0.02655526 -0.03217542 -0.048097357
0.445 -0.03878102 -0.02577552 -0.02167563 -0.04293403 -0.043874085 -0.027322786 -0.03281773 -0.048350044
0.4455 -0.03913443 -0.02640073 -0.02236497 -0.04322114 -0.044204175 -0.028075779 -0.03344831 -0.048598804
0.446 -0.039483 -0.02701522 -0.02304286 -0.0435044 -0.04452862 -0.02881446 -0.034067284 -0.048843727
0.4465 -0.0398268 -0.0276192 -0.0237095 -0.04378388 -0.04484752 -0.029539047 -0.0346749 -0.049084816
0.447 -0.04016589 -0.02821287 -0.02436507 -0.04405963 -0.04516092 -0.030249761 -0.03527131 -0.049322158
0.4475 -0.04050034 -0.0287964 -0.02500976 -0.0443317 -0.045469 -0.030946882 -0.035856716 -0.049555723
0.448 -0.04083021 -0.02936999 -0.02564377 -0.04460014 -0.045771673 -0.031630598 -0.036431246 -0.049785636
0.4485 -0.04115557 -0.02993382 -0.02626727 -0.04486501 -0.04606913 -0.032301113 -0.036995143 -0.05001187
0.449 -0.04147647 -0.03048806 -0.02688044 -0.04512635 -0.046361387 -0.0329587 -0.037548523 -0.050234478
0.4495 -0.04179298 -0.03103291 -0.02748347 -0.04538421 -0.046648547 -0.03360355 -0.03809159 -0.050453547
0.45 -0.04210516 -0.03156852 -0.02807652 -0.04563864 -0.0469307 -0.03423588 -0.038624495 -0.05066905
0.4505 -0.04241308 -0.03209507 -0.02865977 -0.04588969 -0.047207847 -0.034855925 -0.03914742 -0.050881095
0.451 -0.04271677 -0.03261272 -0.02923338 -0.04613741 -0.04748009 -0.035463855 -0.039660536 -0.051089697
0.4515 -0.04301632 -0.03312163 -0.02979753 -0.04638183 -0.047747478 -0.036059916 -0.040163953 -0.051294833
0.452 -0.04331177 -0.03362197 -0.03035236 -0.04662302 -0.04801014 -0.036644273 -0.04065789 -0.051496632
0.4525 -0.04360318 -0.03411389 -0.03089804 -0.046861 -0.04826811 -0.0372172 -0.041142467 -0.051695075
0.453 -0.0438906 -0.03459754 -0.03143473 -0.04709584 -0.048521444 -0.037778825 -0.041617904 -0.05189024
0.4535 -0.0441741 -0.03507307 -0.03196258 -0.04732756 -0.04877022 -0.0383294 -0.042084258 -0.052082174
0.454 -0.04445372 -0.03554063 -0.03248174 -0.04755621 -0.049014464 -0.038869098 -0.042541757 -0.05227092
0.4545 -0.04472953 -0.03600036 -0.03299236 -0.04778184 -0.049254343 -0.03939811 -0.04299054 -0.052456446
0.455 -0.04500156 -0.03645241 -0.03349458 -0.04800449 -0.04948987 -0.039916642 -0.043430705 -0.052638866
0.4555 -0.04526988 -0.03689691 -0.03398856 -0.04822419 -0.049721077 -0.040424854 -0.043862455 -0.05281818
0.456 -0.04553453 -0.037334 -0.03447442 -0.04844099 -0.04994805 -0.040922992 -0.044285946 -0.052994452
0.4565 -0.04579558 -0.03776381 -0.03495231 -0.04865492 -0.05017087 -0.04141117 -0.04470125 -0.053167693
0.457 -0.04605305 -0.03818647 -0.03542236 -0.04886604 -0.050389588 -0.041889638 -0.04510856 -0.05333799
0.4575 -0.04630702 -0.03860211 -0.03588472 -0.04907436 -0.05060427 -0.042358488 -0.045507986 -0.053505324
0.458 -0.04655751 -0.03901086 -0.0363395 -0.04927995 -0.05081497 -0.04281798 -0.045899697 -0.053669773
0.4585 -0.04680459 -0.03941284 -0.03678683 -0.04948282 -0.0510218 -0.043268256 -0.046283808 -0.053831384
0.459 -0.0470483 -0.03980817 -0.03722685 -0.04968302 -0.05122474 -0.043709464 -0.04666045 -0.05399017
0.4595 -0.04728869 -0.04019697 -0.03765968 -0.04988059 -0.051423907 -0.0441418 -0.047029782 -0.05414617
0.46 -0.04752579 -0.04057935 -0.03808545 -0.05007555 -0.051619366 -0.04456543 -0.04739191 -0.05429942
0.4605 -0.04775967 -0.04095544 -0.03850426 -0.05026795 -0.051811114 -0.044980504 -0.047746953 -0.054450013
0.461 -0.04799036 -0.04132533 -0.03891624 -0.05045782 -0.051999316 -0.045387186 -0.048095044 -0.054597903
0.4615 -0.0482179 -0.04168914 -0.0393215 -0.0506452 -0.052183926 -0.045785636 -0.04843634 -0.054743163
0.462 -0.04844234 -0.04204698 -0.03972017 -0.05083011 -0.052365065 -0.046176 -0.048770893 -0.054885864
0.4625 -0.04866373 -0.04239896 -0.04011235 -0.0510126 -0.05254279 -0.046558462 -0.049098883 -0.055025972
0.463 -0.0488821 -0.04274517 -0.04049814 -0.05119269 -0.052717105 -0.04693316 -0.049420435 -0.055163585
0.4635 -0.0490975 -0.04308572 -0.04087767 -0.05137042 -0.05288811 -0.047300205 -0.049735602 -0.05529873
0.464 -0.04930997 -0.04342071 -0.04125103 -0.05154582 -0.053055868 -0.047659807 -0.050044548 -0.055431418
0.4645 -0.04951954 -0.04375023 -0.04161834 -0.05171892 -0.053220406 -0.048012055 -0.05034742 -0.0555617
0.465 -0.04972626 -0.04407439 -0.04197968 -0.05188976 -0.053381756 -0.04835712 -0.050644245 -0.055689625
0.4655 -0.04993018 -0.04439327 -0.04233517 -0.05205835 -0.05354005 -0.04869514 -0.050935168 -0.055815205
0.466 -0.05013131 -0.04470697 -0.0426849 -0.05222474 -0.05369526 -0.04902623 -0.05122033 -0.055938482
0.4665 -0.05032972 -0.04501557 -0.04302897 -0.05238895 -0.05384752 -0.049350545 -0.051499818 -0.056059524
0.467 -0.05052543 -0.04531918 -0.04336748 -0.05255101 -0.053996786 -0.049668208 -0.0517737 -0.0561783
0.4675 -0.05071847 -0.04561787 -0.04370052 -0.05271096 -0.054143205 -0.04997935 -0.052042145 -0.056294903
0.468 -0.0509089 -0.04591172 -0.04402817 -0.05286881 -0.054286778 -0.05028411 -0.052305188 -0.05640935
0.4685 -0.05109674 -0.04620084 -0.04435054 -0.0530246 -0.054427505 -0.05058258 -0.05256297 -0.05652167
0.469 -0.05128202 -0.04648529 -0.04466772 -0.05317836 -0.05456555 -0.05087494 -0.052815598 -0.056631878
0.4695 -0.0514648 -0.04676515 -0.04497978 -0.05333011 -0.054700866 -0.051161245 -0.053063143 -0.056740046
0.47 -0.05164509 -0.04704051 -0.04528681 -0.05347988 -0.054833516 -0.051441662 -0.053305734 -0.05684617
0.4705 -0.05182293 -0.04731145 -0.04558891 -0.05362769 -0.054963604 -0.051716276 -0.0535434 -0.056950316
0.471 -0.05199836 -0.04757804 -0.04588614 -0.05377358 -0.055091098 -0.051985227 -0.053776283 -0.057052486
0.4715 -0.05217142 -0.04784035 -0.04617861 -0.05391757 -0.05521612 -0.05224862 -0.05400447 -0.057152733
0.472 -0.05234212 -0.04809846 -0.04646637 -0.05405968 -0.055338666 -0.052506573 -0.05422807 -0.05725109
0.4725 -0.05251051 -0.04835244 -0.04674952 -0.05419993 -0.055458784 -0.052759156 -0.05444712 -0.05734761
0.473 -0.05267662 -0.04860237 -0.04702813 -0.05433837 -0.055576533 -0.053006515 -0.054661725 -0.057442255
0.4735 -0.05284048 -0.0488483 -0.04730228 -0.05447499 -0.055691943 -0.05324877 -0.054871995 -0.057535082
0.474 -0.05300212 -0.04909032 -0.04757204 -0.05460985 -0.055805072 -0.053485967 -0.05507798 -0.057626165
0.4745 -0.05316158 -0.04932848 -0.04783749 -0.05474294 -0.05591595 -0.05371823 -0.055279788 -0.057715505
0.475 -0.05331887 -0.04956285 -0.04809869 -0.05487431 -0.056024626 -0.053945698 -0.055477504 -0.057803094
0.4755 -0.05347403 -0.0497935 -0.04835572 -0.05500397 -0.056131154 -0.054168426 -0.055671167 -0.057889014
0.476 -0.0536271 -0.0500205 -0.04860865 -0.05513194 -0.056235507 -0.05438648 -0.055860873 -0.057973288
0.4765 -0.05377809 -0.05024389 -0.04885755 -0.05525825 -0.05633782 -0.054600038 -0.056046758 -0.058055937
0.477 -0.05392704 -0.05046375 -0.04910248 -0.05538292 -0.05643806 -0.05480913 -0.056228813 -0.058136977
0.4775 -0.05407398 -0.05068013 -0.04934351 -0.05550597 -0.056536272 -0.055013858 -0.056407142 -0.05821643
0.478 -0.05421893 -0.0508931 -0.0495807 -0.05562743 -0.056632534 -0.05521431 -0.05658183 -0.058294356
0.4785 -0.05436192 -0.0511027 -0.04981413 -0.05574731 -0.056726873 -0.05541058 -0.05675293 -0.058370754
0.479 -0.05450298 -0.05130901 -0.05004384 -0.05586563 -0.056819305 -0.05560275 -0.056920502 -0.05844567
0.4795 -0.05464214 -0.05151206 -0.05026991 -0.05598242 -0.05690983 -0.05579093 -0.057084654 -0.058519147
0.48 -0.05477942 -0.05171193 -0.0504924 -0.05609769 -0.056998596 -0.05597516 -0.057245437 -0.058591157
0.4805 -0.05491484 -0.05190865 -0.05071135 -0.05621147 -0.057085514 -0.05615551 -0.05740292 -0.05866173
0.481 -0.05504844 -0.05210229 -0.05092685 -0.05632378 -0.05717072 -0.05633209 -0.057557154 -0.05873093
0.4815 -0.05518023 -0.05229289 -0.05113893 -0.05643463 -0.057254195 -0.056504995 -0.057708193 -0.05879879
0.482 -0.05531025 -0.05248051 -0.05134765 -0.05654405 -0.057335958 -0.056674242 -0.05785613 -0.05886528
0.4825 -0.05543851 -0.0526652 -0.05155308 -0.05665205 -0.057416037 -0.056839965 -0.05800103 -0.05893047
0.483 -0.05556505 -0.052847 -0.05175527 -0.05675865 -0.05749455 -0.057002217 -0.05814292 -0.05899436
0.4835 -0.05568988 -0.05302597 -0.05195426 -0.05686387 -0.057571426 -0.057161048 -0.058281872 -0.059057005
0.484 -0.05581302 -0.05320215 -0.05215012 -0.05696774 -0.057646737 -0.05731655 -0.058417965 -0.059118368
0.4845 -0.05593451 -0.05337558 -0.05234289 -0.05707025 -0.057720482 -0.057468787 -0.05855124 -0.05917856
0.485 -0.05605437 -0.05354632 -0.05253263 -0.05717145 -0.057792768 -0.057617813 -0.058681745 -0.05923754
0.4855 -0.05617261 -0.05371441 -0.05271939 -0.05727133 -0.05786358 -0.057763703 -0.058809552 -0.05929532
0.486 -0.05628925 -0.05387988 -0.05290321 -0.05736993 -0.057932913 -0.05790653 -0.05893473 -0.059351943
0.4865 -0.05640433 -0.0540428 -0.05308414 -0.05746725 -0.058000833 -0.058046356 -0.05905729 -0.059407435
0.487 -0.05651786 -0.05420319 -0.05326224 -0.05756332 -0.05806738 -0.05818323 -0.05917732 -0.059461825
0.4875 -0.05662987 -0.0543611 -0.05343754 -0.05765814 -0.05813256 -0.05831723 -0.059294816 -0.059515126
0.488 -0.05674037 -0.05451657 -0.0536101 -0.05775174 -0.05819638 -0.05844839 -0.059409905 -0.059567355
0.4885 -0.05684938 -0.05466964 -0.05377996 -0.05784414 -0.05825892 -0.0585768 -0.05952258 -0.05961854
0.489 -0.05695693 -0.05482035 -0.05394715 -0.05793534 -0.058320165 -0.058702506 -0.05963294 -0.05966869
0.4895 -0.05706304 -0.05496874 -0.05411174 -0.05802536 -0.05838014 -0.058825552 -0.059740964 -0.05971779
0.49 -0.05716772 -0.05511484 -0.05427375 -0.05811423 -0.058438882 -0.05894603 -0.059846733 -0.059765935
0.4905 -0.05727099 -0.0552587 -0.05443324 -0.05820194 -0.058496386 -0.059063934 -0.059950348 -0.05981312
0.491 -0.05737288 -0.05540035 -0.05459024 -0.05828853 -0.058552742 -0.05917935 -0.06005175 -0.05985932
0.4915 -0.0574734 -0.05553983 -0.0547448 -0.05837401 -0.05860795 -0.05929236 -0.060151044 -0.059904583
0.492 -0.05757257 -0.05567717 -0.05489694 -0.05845838 -0.058661953 -0.05940295 -0.060248252 -0.059948936
0.4925 -0.05767042 -0.05581241 -0.05504673 -0.05854166 -0.058714867 -0.059511207 -0.060343456 -0.059992388
0.493 -0.05776695 -0.05594558 -0.05519418 -0.05862387 -0.058766693 -0.059617184 -0.060436655 -0.060034946
0.4935 -0.05786219 -0.05607671 -0.05533934 -0.05870503 -0.05881743 -0.05972092 -0.060527917 -0.06007666
0.494 -0.05795615 -0.05620585 -0.05548225 -0.05878514 -0.05886714 -0.059822455 -0.060617242 -0.06011749
0.4945 -0.05804885 -0.05633301 -0.05562294 -0.05886422 -0.058915794 -0.05992181 -0.060704727 -0.060157515
0.495 -0.05814031 -0.05645824 -0.05576146 -0.05894228 -0.058963478 -0.06001909 -0.060790356 -0.06019672
0.4955 -0.05823055 -0.05658156 -0.05589783 -0.05901934 -0.059010133 -0.06011434 -0.060874205 -0.06023512
0.496 -0.05831958 -0.05670301 -0.05603208 -0.0590954 -0.05905585 -0.060207546 -0.060956296 -0.060272723
0.4965 -0.05840742 -0.05682262 -0.05616427 -0.05917049 -0.059100583 -0.060298778 -0.061036635 -0.060309567
0.497 -0.05849408 -0.0569404 -0.05629441 -0.05924462 -0.059144393 -0.060388073 -0.06111529 -0.060345642
0.4975 -0.05857959 -0.05705641 -0.05642254 -0.05931779 -0.059187308 -0.06047546 -0.06119233 -0.06038098
0.498 -0.05866395 -0.05717066 -0.0565487 -0.05939002 -0.05922933 -0.06056103 -0.061267722 -0.060415603
0.4985 -0.05874719 -0.05728318 -0.05667291 -0.05946132 -0.05927047 -0.060644776 -0.061341543 -0.060449526
0.499 -0.05882931 -0.05739399 -0.05679521 -0.05953171 -0.05931072 -0.06072674 -0.0614138 -0.06048271
0.4995 -0.05891033 -0.05750314 -0.05691563 -0.05960119 -0.059350163 -0.060806967 -0.06148455 -0.060515247
0.5 -0.05899028 -0.05761064 -0.05703419 -0.05966979 -0.059388757 -0.060885504 -0.06155381 -0.060547113
