0.0 -0.065 -0.065 -0.065 -0.065 -0.06324304 -0.055326108 -0.049332272 -0.045056514
0.0005 -0.05510713 -0.06464294 -0.05136593 -0.05998911 -0.05664388 -0.07376194 -0.04326357 -0.042788353
0.001 -0.04302605 -0.06348697 -0.0356633 -0.05487664 -0.050867874 -0.07988297 -0.033439953 -0.040068135
0.0015 -0.03503592 -0.06177467 -0.02250581 -0.05090392 -0.045586392 -0.08091333 -0.022234675 -0.037236564
0.002 -0.02980618 -0.05969973 -0.01114604 -0.04738336 -0.040659215 -0.079495244 -0.01050232 -0.034411736
0.0025 -0.02597366 -0.05737494 -0.0007025017 -0.04405546 -0.036011882 -0.076803856 0.0013866015 -0.031641245
0.003 -0.02280461 -0.05486423 0.009305862 -0.0408429 -0.031599052 -0.07341377 0.013258446 -0.028944079
0.0035 -0.01996041 -0.05220833 0.0191286 -0.0377224 -0.027390055 -0.06962209 0.025029544 -0.026326295
0.004 -0.01727921 -0.04943358 0.02888818 -0.0346839 -0.023362324 -0.06558892 0.03665976 -0.023787782
0.0045 -0.01468466 -0.04655842 0.03863671 -0.03172192 -0.019498155 -0.061404098 0.048130807 -0.021325544
0.005 -0.01214764 -0.04359692 0.04832115 -0.02883387 -0.01578299 -0.057120536 0.059435245 -0.018935312
0.0055 -0.009670258 -0.04056508 0.05779768 -0.02602328 -0.012204446 -0.052771155 0.070571184 -0.01661238
0.006 -0.007235428 -0.03748491 0.06716694 -0.02328642 -0.008751787 -0.04837798 0.08153935 -0.01435196
0.0065 -0.004825087 -0.03436147 0.07662958 -0.02061419 -0.005415559 -0.043956745 0.0923416 -0.012149531
0.007 -0.002432666 -0.03119534 0.08619641 -0.018002 -0.002187334 -0.039519463 0.10298045 -0.010000836
0.0075 -5.817373e-05 -0.02798804 0.09582962 -0.01544747 0.00094040483 -0.035075817 0.11345856 -0.007901907
0.008 0.002287346 -0.02474139 0.1054865 -0.01295391 0.003974445 -0.030633923 0.12377855 -0.0058491416
0.0085 0.00460113 -0.02146025 0.115132 -0.0105188 0.006920874 -0.026200745 0.1339429 -0.0038392693
0.009 0.006892749 -0.01815092 0.1247415 -0.008136059 0.009785213 -0.02178241 0.14395401 -0.0018693432
0.0095 0.009161084 -0.0148185 0.1342971 -0.005801969 0.012572467 -0.017384235 0.15381429 6.334111e-05
0.01 0.01139873 -0.01146802 0.143785 -0.003517178 0.015287198 -0.013011006 0.16352594 0.0019611456
0.0105 0.01361438 -0.008105765 0.1531972 -0.001281253 0.017933525 -0.008666893 0.1730911 0.0038262084
0.011 0.01581199 -0.0047369 0.1625283 0.0009084236 0.020515226 -0.0043556513 0.18251185 0.0056604855
0.0115 0.01798794 -0.00136583 0.1717691 0.003053634 0.023035742 -8.0560334e-05 0.1917902 0.0074656345
0.012 0.0201412 0.002003688 0.1809186 0.005155809 0.025498211 0.0041555045 0.2009281 0.009243231
0.0125 0.02227263 0.005369744 0.1899784 0.007216393 0.027905524 0.00834998 0.20992754 0.010994609
0.013 0.0243815 0.008729072 0.1989472 0.009236451 0.030260332 0.0125007285 0.21879041 0.012720998
0.0135 0.02646688 0.01205316 0.2078225 0.01121737 0.032565065 0.016605835 0.22751856 0.014423434
0.014 0.02852817 0.01533258 0.2166011 0.0131599 0.03482192 0.020663615 0.23611379 0.016102921
0.0145 0.03056493 0.01858268 0.2252814 0.01506475 0.037033014 0.024672758 0.244578 0.01776028
0.015 0.03257698 0.02181501 0.2338628 0.01693299 0.039200217 0.0286321 0.25291294 0.019396242
0.0155 0.03456429 0.02503674 0.2423451 0.0187655 0.04132528 0.032540638 0.26112044 0.021011483
0.016 0.03652699 0.02825118 0.2507279 0.02056321 0.043409854 0.036397677 0.26920232 0.022606622
0.0165 0.03846532 0.03145879 0.259011 0.02232703 0.04545542 0.040202547 0.27716026 0.024182174
0.017 0.04037956 0.0346582 0.2671938 0.02405789 0.047463417 0.043954853 0.28499603 0.025738586
0.0175 0.04227003 0.03784697 0.2752759 0.02575667 0.049435116 0.047654208 0.2927114 0.027276296
0.018 0.04413704 0.04102218 0.2832569 0.02742423 0.05137176 0.051300477 0.30030793 0.028795633
0.0185 0.04598089 0.04418084 0.2911366 0.02906137 0.05327446 0.054893512 0.30778754 0.030296955
0.019 0.04780187 0.04732012 0.2989146 0.03066888 0.055144288 0.05843335 0.31515163 0.03178053
0.0195 0.04960022 0.05043743 0.3065909 0.03224752 0.056982227 0.061920073 0.32240206 0.033246655
0.02 0.05137621 0.05353055 0.3141653 0.033798 0.05878923 0.06535385 0.32954043 0.0346956
0.0205 0.05313007 0.05659759 0.3216378 0.03532102 0.060566135 0.0687349 0.33656836 0.036127504
0.021 0.05486177 0.05963699 0.3290084 0.03681257 0.062313817 0.07206354 0.34348744 0.037542585
0.0215 0.05654664 0.06264758 0.3362646 0.03822813 0.064033024 0.07534009 0.35029936 0.03894105
0.022 0.05818619 0.06562746 0.3434119 0.03961418 0.0657245 0.07856499 0.3570055 0.04032306
0.0225 0.05980706 0.06857563 0.3504523 0.04098772 0.06738893 0.081738636 0.36360762 0.041688737
0.023 0.06141184 0.07148874 0.3573059 0.04234884 0.06902697 0.08486149 0.3701071 0.04303829
0.0235 0.06300768 0.07436275 0.3639868 0.04369642 0.070639245 0.08793411 0.37650552 0.044371802
0.024 0.06459621 0.07719678 0.3705442 0.04502928 0.07222634 0.090957 0.3828044 0.045689408
0.0245 0.06617449 0.07999194 0.3770125 0.04634606 0.073788844 0.09393071 0.38900518 0.046991233
0.025 0.06773908 0.08275016 0.3834101 0.0476456 0.07532727 0.09685579 0.39510936 0.04827744
0.0255 0.06928733 0.08547352 0.389744 0.0489271 0.07684215 0.099732846 0.40111837 0.049548086
0.026 0.07081757 0.08816399 0.396015 0.05019006 0.07833395 0.10256251 0.40703362 0.050803337
0.0265 0.07232883 0.09082318 0.4022204 0.0514342 0.079803176 0.10534535 0.4128566 0.052043293
0.027 0.07382067 0.09345231 0.4083563 0.05265936 0.08125024 0.10808203 0.41858858 0.053268056
0.0275 0.07529129 0.09605225 0.4144171 0.0538648 0.08267561 0.11077316 0.424231 0.054477688
0.028 0.07671688 0.09862312 0.4203824 0.0550409 0.084079675 0.11341941 0.42978516 0.05567238
0.0285 0.07811069 0.1011645 0.4262633 0.05619318 0.08546283 0.11602134 0.43525237 0.056852188
0.029 0.07949352 0.1036767 0.4320688 0.05732867 0.0868255 0.118579686 0.44063407 0.05801725
0.0295 0.08087058 0.1061603 0.437798 0.05844909 0.08816802 0.12109502 0.4459315 0.059167687
0.03 0.08223982 0.1086154 0.4434474 0.05955423 0.089490734 0.12356801 0.4511459 0.060303565
0.0305 0.08359773 0.1110418 0.4490139 0.06064334 0.090794034 0.12599932 0.45627853 0.06142501
0.031 0.08494132 0.1134391 0.4544944 0.06171543 0.092078246 0.12838957 0.46133065 0.06253214
0.0315 0.08626851 0.1158071 0.4598879 0.06276851 0.09334367 0.1307394 0.46630347 0.06362508
0.032 0.08757393 0.1181455 0.4651934 0.06380048 0.09459064 0.13304941 0.4711982 0.064703956
0.0325 0.08884392 0.120454 0.4704101 0.06480824 0.09581948 0.13532026 0.47601599 0.06576885
0.033 0.0900916 0.1227333 0.4755405 0.06580053 0.09703044 0.13755257 0.48075813 0.06681988
0.0335 0.09132842 0.1249838 0.4805874 0.06678104 0.09822384 0.13974695 0.48542565 0.06785719
0.034 0.09255317 0.1272058 0.4855519 0.06774661 0.099400006 0.14190403 0.4900198 0.06888087
0.0345 0.09375015 0.1293989 0.4904317 0.06868785 0.10055914 0.14402439 0.49454153 0.069891065
0.035 0.09492994 0.1315631 0.4952291 0.06961506 0.101701535 0.14610863 0.49899215 0.07088792
0.0355 0.09610227 0.133699 0.4999471 0.07053291 0.10282745 0.14815734 0.50337255 0.071871504
0.036 0.09726839 0.1358068 0.5045874 0.07144178 0.10393716 0.15017113 0.50768393 0.07284194
0.0365 0.09842603 0.137887 0.5091508 0.07234102 0.1050309 0.15215054 0.5119274 0.0737994
0.037 0.0995725 0.1399396 0.5136378 0.07322993 0.1061089 0.1540962 0.51610386 0.07474396
0.0375 0.1007058 0.1419648 0.5180492 0.07410794 0.10717144 0.15600859 0.52021444 0.0756758
0.038 0.1018245 0.1439626 0.5223858 0.07497466 0.10821871 0.15788832 0.52426004 0.07659501
0.0385 0.1029281 0.1459333 0.5266487 0.07582984 0.10925094 0.1597359 0.52824175 0.077501714
0.039 0.1040163 0.147877 0.5308387 0.07667333 0.11026839 0.16155194 0.5321606 0.07839605
0.0395 0.1050891 0.1497937 0.5349569 0.07750506 0.11127124 0.16333692 0.5360174 0.079278156
0.04 0.1061466 0.1516838 0.5390044 0.07832504 0.11225975 0.16509135 0.5398132 0.080148175
0.0405 0.1071892 0.1535474 0.5429823 0.07913333 0.11323411 0.16681576 0.5435489 0.081006154
0.041 0.1082165 0.1553833 0.5467113 0.07993004 0.114194505 0.16851066 0.54722553 0.0818523
0.0415 0.1092138 0.1571537 0.5493971 0.0807154 0.11514116 0.17017657 0.5508438 0.08268672
0.042 0.1101887 0.1588508 0.5521807 0.08148891 0.11607424 0.17181396 0.5544048 0.08350955
0.0425 0.1111544 0.1604839 0.555372 0.0822509 0.116994016 0.1734233 0.55790937 0.0843209
0.043 0.1121029 0.1616449 0.5588498 0.08299926 0.11790062 0.17500512 0.5613583 0.08512092
0.0435 0.1130351 0.1626092 0.5624683 0.08373474 0.11879427 0.17655985 0.5647524 0.085909724
0.044 0.1139628 0.1636094 0.5661427 0.08445978 0.11967512 0.17808793 0.5680927 0.086687446
0.0445 0.1148873 0.1647381 0.569811 0.08517498 0.12054338 0.17958988 0.57137984 0.0874542
0.045 0.1158061 0.166016 0.573434 0.08588048 0.1213992 0.18106608 0.5746148 0.088210136
0.0455 0.1167163 0.1674296 0.5769903 0.08651629 0.122242786 0.182517 0.57779837 0.08895537
0.046 0.117616 0.1689521 0.5804697 0.08709799 0.12307433 0.18394308 0.5809313 0.089690045
0.0465 0.1185039 0.1705535 0.5838691 0.0876996 0.123893954 0.18534474 0.58401436 0.09041427
0.047 0.1193794 0.1722062 0.5871889 0.0883188 0.124701835 0.18672238 0.5870483 0.09112817
0.0475 0.1202421 0.1738866 0.5904317 0.08894028 0.12549818 0.18807645 0.59003395 0.09183186
0.048 0.1210916 0.1755756 0.5936007 0.08955509 0.12628311 0.18940732 0.59297204 0.09252553
0.0485 0.1219281 0.1772586 0.5966993 0.09016738 0.12705684 0.19071542 0.5958633 0.09320921
0.049 0.1227521 0.1789248 0.5997309 0.09078183 0.12781945 0.1920011 0.5987084 0.0938831
0.0495 0.1235642 0.1805667 0.6026987 0.09139667 0.12857115 0.19326477 0.6015081 0.0945473
0.05 0.124365 0.1821792 0.6056056 0.09200972 0.1293121 0.19450684 0.6042632 0.095201924
0.0505 0.1251546 0.183759 0.608454 0.09261925 0.13004243 0.1957276 0.6069742 0.09584707
0.051 0.1259333 0.1853045 0.6112462 0.09322396 0.13076225 0.19692747 0.6096419 0.09648293
0.0515 0.1267013 0.1868148 0.6139841 0.09378114 0.13147181 0.19810681 0.6122671 0.09710953
0.052 0.1274586 0.1882891 0.6166695 0.0942572 0.13217115 0.19926594 0.6148501 0.09772706
0.0525 0.1282052 0.1897287 0.6193039 0.09475451 0.13286048 0.20040525 0.6173919 0.098335564
0.053 0.1289413 0.1911348 0.6218888 0.09527614 0.13353989 0.20152509 0.619893 0.09893526
0.0535 0.1296673 0.1925088 0.6244254 0.09581387 0.13420957 0.20262574 0.6223541 0.0995262
0.054 0.1303832 0.1938522 0.6269151 0.09636078 0.1348696 0.20370753 0.6247757 0.100108504
0.0545 0.1310893 0.1951661 0.6293589 0.09691177 0.13552019 0.20477082 0.6271585 0.1006823
0.055 0.1317857 0.1964518 0.6317579 0.09746318 0.13616142 0.20581594 0.62950313 0.10124768
0.0555 0.1324725 0.1977106 0.6341131 0.09801238 0.13679346 0.20684318 0.6318101 0.10180478
0.056 0.1331498 0.1989436 0.6364252 0.09855747 0.13741636 0.20785284 0.6340801 0.10235371
0.0565 0.1338169 0.2001519 0.6386953 0.09909698 0.13803032 0.20884524 0.6363136 0.102894545
0.057 0.1344703 0.2013365 0.6409242 0.09962967 0.13863546 0.20982064 0.6385113 0.10342747
0.0575 0.135106 0.2024983 0.643112 0.1000559 0.13923189 0.21077937 0.64067364 0.10395251
0.058 0.1357155 0.2036381 0.6452582 0.1004403 0.13981971 0.2117217 0.6428013 0.104469806
0.0585 0.1363149 0.2047564 0.6473647 0.100843 0.14039907 0.21264796 0.64489466 0.104979455
0.059 0.1369134 0.2058538 0.6494336 0.1012719 0.14097008 0.21355838 0.64695436 0.10548158
0.0595 0.1375125 0.2069314 0.6514659 0.1017208 0.14153287 0.21445322 0.6489809 0.10597627
0.06 0.1381104 0.2079898 0.6534622 0.1021826 0.14208752 0.21533273 0.6509748 0.106463626
0.0605 0.1387048 0.2090298 0.6554229 0.1026516 0.14263418 0.21619725 0.65293664 0.10694376
0.061 0.1392899 0.210052 0.6573485 0.1031232 0.14317298 0.21704698 0.6548668 0.10741678
0.0615 0.1398657 0.2110571 0.6592394 0.1035942 0.143704 0.21788222 0.65676594 0.10788274
0.062 0.1404347 0.2120455 0.6610962 0.1040627 0.1442273 0.21870318 0.6586343 0.1083418
0.0625 0.1409965 0.2130174 0.6629194 0.104526 0.14474306 0.21951008 0.6604726 0.108794
0.063 0.1415345 0.213971 0.6647062 0.1049675 0.14525136 0.22030325 0.6622812 0.10923946
0.0635 0.1420541 0.2149069 0.666457 0.1053969 0.14575231 0.22108285 0.66406065 0.1096783
0.064 0.1425712 0.2158269 0.6681764 0.1058234 0.14624605 0.22184914 0.66581124 0.11011058
0.0645 0.1430911 0.2167322 0.6698663 0.1062483 0.1467326 0.22260238 0.6675336 0.11053638
0.065 0.1436128 0.2176235 0.6715275 0.106671 0.14721215 0.22334272 0.66922814 0.110955834
0.0655 0.1441334 0.2185014 0.67316 0.1070904 0.14768472 0.22407044 0.6708952 0.11136904
0.066 0.1446505 0.2193661 0.6747639 0.1075056 0.14815044 0.22478572 0.6725354 0.11177601
0.0665 0.1451623 0.2202178 0.6763393 0.1079161 0.14860946 0.2254888 0.67414886 0.112176895
0.067 0.1456678 0.2210565 0.6778866 0.1083213 0.1490618 0.22617991 0.67573637 0.112571746
0.0675 0.1461664 0.2218826 0.679406 0.108721 0.14950758 0.2268592 0.67729807 0.112960696
0.068 0.1466578 0.222696 0.6808981 0.109115 0.1499469 0.22752692 0.67883444 0.113343835
0.0685 0.1471419 0.223497 0.6823633 0.1095032 0.15037984 0.22818322 0.68034595 0.11372115
0.069 0.1476187 0.2242855 0.683802 0.1098856 0.15080652 0.22882839 0.6818329 0.11409283
0.0695 0.1480885 0.2250619 0.6852147 0.1102622 0.15122694 0.22946252 0.68329567 0.114458874
0.07 0.1485514 0.2258262 0.6866019 0.110633 0.15164131 0.23008588 0.6847348 0.11481947
0.0705 0.1490075 0.2265787 0.6879641 0.1109981 0.15204966 0.23069854 0.6861505 0.11517459
0.071 0.1494569 0.2273193 0.6893017 0.1113577 0.15245202 0.23130082 0.6875432 0.11552438
0.0715 0.1498998 0.2280485 0.6906151 0.1117117 0.15284857 0.23189282 0.6889132 0.11586881
0.072 0.1503364 0.2287662 0.6919049 0.1120603 0.15323934 0.23247468 0.69026095 0.11620815
0.0725 0.1507664 0.2294727 0.6931714 0.1124032 0.15362442 0.23304673 0.6915868 0.11654228
0.073 0.15119 0.2301682 0.694415 0.1127407 0.15400392 0.23360899 0.6928911 0.1168714
0.0735 0.1515956 0.2308515 0.6956351 0.1130639 0.15437788 0.23416167 0.6941741 0.11719552
0.074 0.1519782 0.2315226 0.6968304 0.1133726 0.15474638 0.23470493 0.69543624 0.11751476
0.0745 0.1523559 0.2321826 0.6980037 0.1136774 0.15510952 0.23523898 0.69667774 0.11782913
0.075 0.1527371 0.2328324 0.6991569 0.1139816 0.15546736 0.23576392 0.69789904 0.11813879
0.0755 0.1531223 0.2334724 0.7002905 0.114285 0.15582001 0.23627989 0.69910043 0.11844373
0.076 0.1535091 0.234103 0.7014048 0.114587 0.1561675 0.23678714 0.7002823 0.118744016
0.0765 0.1538949 0.2347242 0.7024997 0.114887 0.1565099 0.23728572 0.7014448 0.119039804
0.077 0.1542777 0.2353362 0.7035753 0.1151845 0.15684736 0.23777586 0.70258826 0.11933106
0.0775 0.1546562 0.2359391 0.7046317 0.1154791 0.15717986 0.23825763 0.7037131 0.11961791
0.078 0.1550297 0.2365328 0.7056693 0.1157704 0.15750751 0.23873127 0.7048196 0.119900346
0.0785 0.1553979 0.2371176 0.7066882 0.1160584 0.15783039 0.23919682 0.705908 0.12017858
0.079 0.1557605 0.2376934 0.7076888 0.1163428 0.15814853 0.23965444 0.70697856 0.12045249
0.0795 0.1561133 0.2382599 0.7086712 0.1166196 0.15846205 0.24010435 0.70803165 0.120722294
0.08 0.1564402 0.2388157 0.7096332 0.1168783 0.15877098 0.24054657 0.7090675 0.120988
0.0805 0.1567556 0.2393621 0.7105763 0.1171304 0.15907535 0.24098128 0.7100864 0.12124959
0.081 0.1570731 0.2398999 0.711503 0.1173822 0.15937531 0.24140863 0.7110886 0.12150723
0.0815 0.1573955 0.2404296 0.7124143 0.1176347 0.15967089 0.24182872 0.71207434 0.121760964
0.082 0.1577212 0.2409515 0.7133104 0.1178876 0.15996212 0.24224168 0.713044 0.1220108
0.0825 0.1580475 0.2414659 0.7141913 0.11814 0.16024911 0.2426476 0.71399766 0.12225683
0.083 0.1583723 0.2419726 0.7150569 0.1183915 0.16053188 0.24304666 0.7149356 0.12249911
0.0835 0.1586935 0.2424718 0.7159072 0.1186409 0.16081053 0.24343893 0.7158583 0.122737676
0.084 0.1589946 0.2429611 0.7167399 0.1188748 0.16108507 0.24382454 0.7167658 0.12297264
0.0845 0.1592773 0.2434408 0.717554 0.1190985 0.16135561 0.24420364 0.71765834 0.12320396
0.085 0.1595586 0.2439123 0.7183532 0.1193217 0.1616222 0.24457632 0.71853626 0.1234318
0.0855 0.1598447 0.2443768 0.7191394 0.1195465 0.16188484 0.2449427 0.7193998 0.123656094
0.086 0.1601353 0.2448348 0.7199132 0.1197726 0.16214368 0.24530286 0.72024906 0.12387696
0.0865 0.1604276 0.2452865 0.7206744 0.119999 0.1623987 0.24565694 0.7210844 0.12409446
0.087 0.1607193 0.245732 0.7214229 0.1202249 0.16264999 0.24600498 0.7219059 0.12430863
0.0875 0.1609283 0.2461712 0.7221585 0.1204497 0.16289759 0.24634717 0.722714 0.1245195
0.088 0.1609985 0.2466042 0.7228805 0.1206727 0.16314155 0.24668354 0.7235087 0.124727115
0.0885 0.1611198 0.2470309 0.7235891 0.1208933 0.16338193 0.24701425 0.72429025 0.1249316
0.089 0.1613111 0.2474505 0.724266 0.1211086 0.1636188 0.24733935 0.72505903 0.12513295
0.0895 0.1615444 0.2478604 0.7249031 0.1213172 0.16385219 0.24765895 0.7258152 0.12533116
0.09 0.1618164 0.2482615 0.7255375 0.1215242 0.16408217 0.24797322 0.72655874 0.1255264
0.0905 0.1621136 0.2486555 0.7261768 0.1217304 0.16430876 0.24828209 0.7272901 0.12571856
0.091 0.1624217 0.2490436 0.7268177 0.1219353 0.164532 0.24858579 0.72800934 0.12590784
0.0915 0.1627307 0.2494266 0.7274553 0.1221386 0.164752 0.24888436 0.72871673 0.12609416
0.092 0.1630343 0.2498048 0.7280859 0.1223399 0.16496873 0.24917786 0.72941244 0.12627764
0.0925 0.1633296 0.2501781 0.7287073 0.1225393 0.16518232 0.24946643 0.7300966 0.12645829
0.093 0.1636154 0.2505466 0.7293183 0.1227363 0.16539273 0.24975014 0.73076946 0.12663612
0.0935 0.1638917 0.2509102 0.7299183 0.1229311 0.16560006 0.25002903 0.7314311 0.12681125
0.094 0.164159 0.2512688 0.7305072 0.1231234 0.16580436 0.2503033 0.732082 0.1269837
0.0945 0.1643941 0.2516223 0.7310818 0.1232946 0.16600564 0.2505729 0.73272204 0.12715349
0.095 0.1645877 0.2519702 0.7316391 0.1234451 0.16620398 0.25083792 0.7333514 0.12732059
0.0955 0.1647765 0.2523124 0.7321846 0.1235953 0.16639939 0.2510985 0.7339703 0.12748519
0.096 0.1649775 0.2526489 0.7327218 0.1237506 0.16659188 0.25135475 0.734579 0.12764719
0.0965 0.1651918 0.25298 0.7332516 0.1239109 0.1667816 0.2516066 0.73517764 0.12780678
0.097 0.165415 0.2533059 0.7337738 0.1240748 0.16696852 0.25185427 0.73576635 0.12796384
0.0975 0.1656421 0.2536269 0.7342881 0.1242411 0.1671527 0.2520978 0.73634535 0.12811854
0.098 0.1658697 0.253943 0.7347941 0.1244084 0.16733417 0.25233722 0.73691463 0.12827078
0.0985 0.1660952 0.2542544 0.7352918 0.124576 0.16751295 0.25257257 0.7374744 0.12842071
0.099 0.1663174 0.2545611 0.7357809 0.12474 0.16768909 0.252804 0.738025 0.12856826
0.0995 0.1665355 0.2548633 0.7362616 0.1249026 0.16786265 0.25303152 0.7385664 0.12871362
0.1 0.1667492 0.25516 0.7367339 0.1250631 0.16438058 0.27250692 0.7294906 0.1262773
0.1005 0.1570809 0.2654704 0.7237568 0.1203737 0.160974 0.29159597 0.7205098 0.12392214
0.101 0.1452719 0.2800827 0.7091106 0.1157668 0.15764257 0.3102931 0.71162057 0.121647
0.1015 0.1375814 0.2963088 0.6972547 0.1123878 0.15438595 0.32859492 0.7028199 0.11945084
0.102 0.1326705 0.3132866 0.6873483 0.1095401 0.15120354 0.34649983 0.69410616 0.11733276
0.1025 0.1291734 0.3306175 0.6784641 0.1069602 0.14809483 0.36400777 0.68547744 0.11529209
0.103 0.1263539 0.3480839 0.6700623 0.1045673 0.14505914 0.38111985 0.6769325 0.113328055
0.1035 0.1238659 0.3655472 0.6618792 0.1023336 0.14209583 0.3978382 0.6684706 0.11143997
0.104 0.121553 0.382909 0.6537976 0.1002459 0.13920411 0.41416582 0.6600911 0.10962728
0.1045 0.1193446 0.4000948 0.6457701 0.09829592 0.13638324 0.4301063 0.6517934 0.10788931
0.105 0.1172086 0.4170471 0.63778 0.09647682 0.13363242 0.44566405 0.6435773 0.10622546
0.1055 0.1151298 0.4337208 0.629824 0.09478272 0.13095081 0.4608438 0.63544273 0.10463512
0.106 0.1131009 0.450081 0.6219041 0.09320828 0.12833753 0.47565082 0.62738967 0.103117704
0.1065 0.1111181 0.4661011 0.6140243 0.09174848 0.12579173 0.49009055 0.6194182 0.1016725
0.107 0.1091794 0.4817612 0.6061893 0.09039864 0.123312466 0.5041688 0.6115286 0.100298926
0.1075 0.1072835 0.4970471 0.5984036 0.08915433 0.120898835 0.5178916 0.60372084 0.09899628
0.108 0.1054298 0.5119493 0.5906719 0.08801138 0.11854992 0.53126526 0.5959954 0.097763926
0.1085 0.1036177 0.5264619 0.5829983 0.08696581 0.11626477 0.544296 0.5883526 0.09660113
0.109 0.1018467 0.5405824 0.5753868 0.08601388 0.11404242 0.5569903 0.5807925 0.09550716
0.1095 0.1001167 0.5543108 0.5678409 0.08515201 0.11188198 0.56935495 0.5733157 0.09448123
0.11 0.09842707 0.5676492 0.560364 0.08437681 0.10943835 0.5607078 0.56583077 0.092650175
0.1105 0.09676791 0.570223 0.5527703 0.08356123 0.10706807 0.551962 0.5582722 0.0909711
0.111 0.09512392 0.5673149 0.5448625 0.08276463 0.10476943 0.543141 0.55065644 0.089433104
0.1115 0.09351426 0.5618617 0.536791 0.08205148 0.102540694 0.5342659 0.5429981 0.088026345
0.112 0.09194278 0.5549255 0.5286476 0.08140844 0.100380205 0.52535534 0.5353104 0.08674206
0.1125 0.09040893 0.5470262 0.5204841 0.08082889 0.09828626 0.51642644 0.5276054 0.08557242
0.113 0.08891169 0.538454 0.5123305 0.08030937 0.09625729 0.50749433 0.5198939 0.08451037
0.1135 0.08745026 0.5293944 0.504205 0.07984768 0.094291724 0.4985726 0.5121856 0.083549514
0.114 0.08602409 0.5199799 0.4961197 0.07944212 0.09238794 0.48967358 0.50448936 0.082684115
0.1145 0.08463277 0.5103123 0.4880837 0.07909124 0.090544425 0.48080832 0.49681318 0.08190903
0.115 0.08327597 0.5004733 0.4801039 0.07879369 0.08875974 0.47198665 0.4891644 0.08121948
0.1155 0.0819534 0.4905293 0.4721862 0.07854821 0.087032415 0.46321762 0.48154956 0.08061129
0.116 0.08066482 0.4805353 0.4643355 0.07835355 0.08536104 0.454509 0.4739746 0.080080494
0.1165 0.07940995 0.4705363 0.4565561 0.07820853 0.08374422 0.4458681 0.46644473 0.079623595
0.117 0.07818854 0.4605696 0.4488516 0.07811199 0.08218063 0.43730122 0.4589651 0.07923733
0.1175 0.07700033 0.4506659 0.4412252 0.07806283 0.08066899 0.42881417 0.45153993 0.07891874
0.118 0.07584507 0.4408501 0.4336797 0.07805995 0.079208024 0.420412 0.44417322 0.07866506
0.1185 0.0747225 0.4311424 0.4262173 0.07810229 0.07779651 0.41209924 0.43686864 0.078473836
0.119 0.07363234 0.4215592 0.4188403 0.07818885 0.07643329 0.40388 0.4296293 0.07834263
0.1195 0.07257433 0.4121135 0.4115502 0.07831862 0.07511721 0.39575782 0.42245823 0.07826935
0.12 0.07154819 0.4028155 0.4043486 0.07849065 0.07384714 0.38773578 0.41535798 0.07825196
0.1205 0.07055368 0.393673 0.3972367 0.078704 0.07262205 0.3798167 0.40833086 0.07828854
0.121 0.06959055 0.3846918 0.3902155 0.07895777 0.07144088 0.37200296 0.40137902 0.078377366
0.1215 0.06865853 0.3758763 0.3832859 0.07925111 0.07030266 0.36429664 0.39450425 0.07851678
0.122 0.06775733 0.3672293 0.3764486 0.07958316 0.069206424 0.3566996 0.38770825 0.07870525
0.1225 0.06688663 0.3587525 0.369704 0.07995307 0.06815121 0.34921318 0.38099247 0.078941256
0.123 0.06604615 0.3504468 0.3630526 0.08036004 0.067136176 0.34183878 0.37435812 0.07922341
0.1235 0.06523558 0.3423121 0.3564945 0.08080328 0.06616045 0.33457744 0.36780635 0.07955043
0.124 0.06445465 0.3343478 0.35003 0.08128203 0.06522318 0.3274299 0.36133805 0.07992101
0.1245 0.06370306 0.3265529 0.3436591 0.08179554 0.06432358 0.32039687 0.35495406 0.08033398
0.125 0.06298053 0.3189255 0.3373817 0.0823431 0.063460894 0.31347874 0.34865505 0.08078818
0.1255 0.06228677 0.311464 0.3311976 0.082924 0.06263437 0.30667582 0.3424415 0.08128251
0.126 0.06162152 0.3041659 0.3251067 0.08353757 0.061843283 0.2999882 0.3363139 0.08181591
0.1265 0.06098447 0.297029 0.3191087 0.08418314 0.06108699 0.2934159 0.33027256 0.0823874
0.127 0.06037535 0.2900506 0.3132031 0.08486008 0.06036479 0.2869588 0.3243177 0.082995966
0.1275 0.05979387 0.283228 0.3073896 0.08556775 0.05967603 0.2806166 0.31844944 0.083640665
0.128 0.05923975 0.2765585 0.3016678 0.08630555 0.059020184 0.27438897 0.3126679 0.08432065
0.1285 0.0587127 0.270039 0.296037 0.08707288 0.058396555 0.26827535 0.30697295 0.08503494
0.129 0.05821244 0.2636667 0.2904968 0.08786918 0.05780465 0.26227528 0.3013646 0.08578274
0.1295 0.05773868 0.2574387 0.2850464 0.08869387 0.05724389 0.25638795 0.29584256 0.0865632
0.13 0.05729115 0.2513521 0.2796854 0.08954641 0.056713752 0.2506127 0.29040664 0.08737557
0.1305 0.05686955 0.2454038 0.2744129 0.09042626 0.05621373 0.24494869 0.2850566 0.088219
0.131 0.05647361 0.2395909 0.2692283 0.09133291 0.05574333 0.23939496 0.27979198 0.08909276
0.1315 0.05610304 0.2339107 0.2641309 0.09226585 0.05530206 0.23395063 0.27461246 0.08999613
0.132 0.05575757 0.2283602 0.2591199 0.09322459 0.054889493 0.22861461 0.26951757 0.09092839
0.1325 0.05543691 0.2229366 0.2541944 0.09420864 0.054505147 0.22338584 0.26450682 0.0918888
0.133 0.0551408 0.2176371 0.2493538 0.09521754 0.054148637 0.21826312 0.2595797 0.09287673
0.1335 0.05486894 0.212459 0.2445971 0.09625083 0.0538195 0.21324535 0.2547356 0.09389149
0.134 0.05462107 0.2073996 0.2399235 0.09730805 0.05351735 0.20833118 0.2499739 0.09493242
0.1345 0.05439691 0.2024563 0.2353322 0.09838878 0.05324181 0.20351943 0.24529397 0.09599893
0.135 0.0541962 0.1976266 0.2308223 0.09949258 0.052992456 0.19880871 0.24069518 0.09709036
0.1355 0.05401865 0.1929078 0.2263928 0.100619 0.052768975 0.19419771 0.23617682 0.09820616
0.136 0.053864 0.1882976 0.222043 0.1017678 0.05257094 0.18968502 0.23173815 0.0993457
0.1365 0.05373199 0.1837935 0.2177719 0.1029383 0.05239804 0.18526922 0.22737846 0.10050841
0.137 0.05362235 0.1793932 0.2135786 0.1041304 0.05224993 0.18094888 0.22309694 0.101693735
0.1375 0.0535348 0.1750944 0.2094621 0.1053435 0.052126274 0.17672254 0.21889284 0.102901146
0.138 0.0534691 0.1708947 0.2054216 0.1065774 0.052026726 0.17258875 0.21476531 0.104130074
0.1385 0.05342498 0.1667921 0.2014562 0.1078316 0.05195097 0.16854595 0.2107136 0.10538006
0.139 0.05340218 0.1627843 0.1975648 0.1091058 0.051898696 0.16459267 0.20673682 0.10665052
0.1395 0.05340045 0.1588694 0.1937466 0.1103996 0.0518696 0.16072737 0.20283419 0.107941
0.14 0.05341953 0.1550451 0.1900007 0.1117128 0.051863343 0.15694852 0.19900484 0.10925101
0.1405 0.05345917 0.1513096 0.186326 0.113045 0.05187969 0.1532546 0.19524789 0.11058009
0.141 0.05351912 0.1476608 0.1827217 0.1143958 0.051918276 0.14964408 0.19156253 0.11192773
0.1415 0.05359912 0.1440969 0.1791869 0.115765 0.05197888 0.14611544 0.18794787 0.11329356
0.142 0.05369894 0.140616 0.1757205 0.1171521 0.052061185 0.14266708 0.18440303 0.11467707
0.1425 0.05381834 0.1372163 0.1723218 0.1185571 0.052164905 0.13929754 0.18092716 0.11607787
0.143 0.05395705 0.133896 0.1689897 0.1199794 0.052289747 0.13600527 0.17751934 0.11749552
0.1435 0.05411486 0.1306534 0.1657233 0.1214189 0.052435458 0.13278872 0.17417872 0.118929625
0.144 0.05429151 0.1274869 0.1625218 0.1228753 0.052601784 0.12964644 0.17090447 0.120379776
0.1445 0.05448678 0.1243947 0.1593841 0.1243482 0.052788414 0.12657689 0.16769567 0.1218456
0.145 0.05470043 0.1213752 0.1563095 0.1258374 0.052995093 0.12357863 0.16455147 0.12332669
0.1455 0.05493223 0.1184269 0.1532969 0.1273426 0.05322156 0.120650195 0.161471 0.124822676
0.146 0.05518194 0.1155482 0.1503456 0.1288636 0.05346755 0.11779012 0.1584534 0.1263332
0.1465 0.05544935 0.1127377 0.1474546 0.1304002 0.05373282 0.114996985 0.15549779 0.12785795
0.147 0.05573423 0.1099939 0.144623 0.1319519 0.054017074 0.11226939 0.15260337 0.12939656
0.1475 0.05603635 0.1073153 0.1418499 0.1335187 0.054320075 0.10960592 0.14976929 0.1309487
0.148 0.05635547 0.1047006 0.1391346 0.1351001 0.054641567 0.107005246 0.14699467 0.132514
0.1485 0.05669133 0.1021484 0.136476 0.1366959 0.0549813 0.10446602 0.14427872 0.13409221
0.149 0.05704377 0.09965743 0.1338734 0.138306 0.055339016 0.101986915 0.14162059 0.13568297
0.1495 0.0574126 0.09722629 0.131326 0.1399303 0.055714436 0.09956663 0.13901947 0.137286
0.15 0.05779766 0.09485375 0.1288328 0.1415685 0.056103535 0.09720383 0.13647385 0.13888833
0.1505 0.05819218 0.09253846 0.126388 0.1431303 0.056471653 0.094896436 0.13397586 0.14037575
0.151 0.05855742 0.09027789 0.1239673 0.1444633 0.056820758 0.09264233 0.13152437 0.14175785
0.1515 0.05887947 0.08806888 0.1215687 0.1456206 0.05714897 0.09043948 0.12911761 0.1430312
0.152 0.05916725 0.08590899 0.1192002 0.1466404 0.05745638 0.088285945 0.12675415 0.14419888
0.1525 0.05943029 0.0837964 0.116867 0.1475389 0.057743005 0.08617984 0.12443267 0.14526384
0.153 0.05967432 0.08172956 0.1145711 0.1483246 0.05800893 0.08411939 0.12215182 0.146229
0.1535 0.05990223 0.07970713 0.112313 0.1490036 0.058254205 0.0821029 0.119910374 0.14709722
0.154 0.06011524 0.07772785 0.1100925 0.1495811 0.05847893 0.080128714 0.11770712 0.14787127
0.1545 0.06031381 0.07579052 0.1079089 0.1500615 0.058683164 0.07819531 0.11554089 0.14855385
0.155 0.06049607 0.07389399 0.1057614 0.1502859 0.05886703 0.07630121 0.11341056 0.14914761
0.1555 0.06066014 0.0720371 0.1036489 0.1504153 0.05903057 0.07444506 0.11131507 0.1496551
0.156 0.06080934 0.07021876 0.1015711 0.1505147 0.05917395 0.07262552 0.10925339 0.15007888
0.1565 0.06094535 0.06843794 0.09952737 0.1505781 0.059297226 0.07084138 0.107224524 0.15042134
0.157 0.06106816 0.06669363 0.09751714 0.1505964 0.05940055 0.069091454 0.10522753 0.1506849
0.1575 0.06117712 0.06498485 0.09553964 0.1505634 0.059484012 0.06737468 0.1032615 0.15087183
0.158 0.06127152 0.06331066 0.09359411 0.1504749 0.05954776 0.06569 0.10132556 0.15098447
0.1585 0.06135077 0.06167012 0.0916798 0.1503288 0.059591897 0.06403646 0.09941889 0.15102497
0.159 0.06141444 0.06006234 0.08979601 0.1501241 0.059616588 0.062413108 0.09754066 0.15099546
0.1595 0.06146225 0.05848643 0.08794204 0.1498607 0.059621967 0.060819115 0.09569009 0.15089807
0.16 0.06149399 0.05694154 0.08611721 0.1495392 0.05960814 0.059253655 0.09386644 0.15073475
0.1605 0.06150953 0.05542683 0.08432089 0.1491606 0.059575327 0.057715956 0.09206903 0.15050755
0.161 0.06150876 0.05394149 0.08255242 0.1487259 0.05952365 0.056205325 0.09029713 0.15021835
0.1615 0.06149163 0.05248472 0.0808112 0.1482367 0.059453286 0.054721065 0.08855012 0.14986901
0.162 0.06145809 0.05105576 0.07909662 0.1476944 0.059364386 0.05326253 0.08682732 0.14946136
0.1625 0.06140811 0.04965384 0.07740807 0.1471007 0.059257142 0.05182911 0.08512813 0.14899713
0.163 0.06134168 0.04827824 0.07574499 0.1464571 0.059131734 0.050420206 0.08345199 0.14847806
0.1635 0.06125878 0.04692825 0.07410679 0.1457653 0.058988325 0.049035277 0.081798315 0.14790577
0.164 0.06115941 0.04560316 0.07249291 0.1450268 0.05882711 0.047673803 0.08016653 0.14728189
0.1645 0.06104359 0.04430231 0.07090282 0.1442432 0.05864828 0.046335276 0.078556135 0.146608
0.165 0.06091132 0.04302502 0.06933597 0.143416 0.058452018 0.0450192 0.07696657 0.14588556
0.1655 0.06076265 0.04177067 0.06779183 0.1425467 0.058238544 0.043725077 0.07539739 0.14511612
0.166 0.06059758 0.04053861 0.0662699 0.1416366 0.058008023 0.042452514 0.07384808 0.14430103
0.1665 0.06041618 0.03932825 0.06476965 0.1406872 0.057760708 0.041201025 0.07231818 0.1434417
0.167 0.06021847 0.03813899 0.06329061 0.1396998 0.05749675 0.039970208 0.07080725 0.1425395
0.1675 0.06000452 0.03697025 0.06183227 0.1386755 0.057216413 0.038759638 0.06931484 0.14159568
0.168 0.05977439 0.03582146 0.06039418 0.1376156 0.05691985 0.03756891 0.06784052 0.14061156
0.1685 0.05952814 0.03469208 0.05897586 0.1365213 0.056607313 0.03639765 0.06638387 0.1395883
0.169 0.05926584 0.03358157 0.05757685 0.1353936 0.05627901 0.03524543 0.06494452 0.1385271
0.1695 0.05898757 0.03248941 0.05619671 0.1342336 0.055935152 0.034111902 0.063522056 0.13742912
0.17 0.05869342 0.03141509 0.05483501 0.1330423 0.055575974 0.032996688 0.062116113 0.13629545
0.1705 0.05838347 0.03035812 0.05349131 0.1318206 0.055201657 0.03189941 0.060726296 0.13512717
0.171 0.05805782 0.02931801 0.0521652 0.1305695 0.05481247 0.0308197 0.059352275 0.13392536
0.1715 0.05771656 0.0282943 0.05085626 0.1292899 0.054408588 0.029757228 0.0579937 0.13269097
0.172 0.05735979 0.02728653 0.0495641 0.1279826 0.053990252 0.028711602 0.056650225 0.131425
0.1725 0.05698762 0.02629425 0.04828832 0.1266484 0.053557716 0.02768251 0.055321556 0.1301284
0.173 0.05660017 0.02531703 0.04702853 0.1252881 0.053111143 0.02666957 0.054007318 0.1288021
0.1735 0.05619753 0.02435444 0.04578436 0.1239024 0.0526508 0.025672466 0.052707244 0.12744695
0.174 0.05577984 0.02340608 0.04455544 0.1224921 0.0521769 0.024690863 0.051421013 0.12606384
0.1745 0.0553472 0.02247154 0.04334142 0.1210577 0.051689632 0.02372443 0.050148357 0.12465358
0.175 0.05489975 0.02155044 0.04214193 0.1196001 0.05118929 0.02277282 0.048888993 0.12321699
0.1755 0.05443759 0.02064239 0.04095663 0.1181198 0.050676033 0.021835713 0.047642622 0.121754855
0.176 0.05396087 0.01974701 0.03978518 0.1166175 0.050150104 0.020912796 0.046409 0.12026791
0.1765 0.05346971 0.01886396 0.03862726 0.1150936 0.049611717 0.020003743 0.045187857 0.11875689
0.177 0.05296424 0.01799288 0.03748253 0.1135489 0.04906112 0.019108243 0.043978978 0.11722255
0.1775 0.05244458 0.01713342 0.03635069 0.1119837 0.04849852 0.018225996 0.042782094 0.115665525
0.178 0.05191089 0.01628525 0.03523142 0.1103988 0.047924124 0.017356664 0.04159696 0.11408651
0.1785 0.05136329 0.01544805 0.03412442 0.1087944 0.047338136 0.01649998 0.040423375 0.11248611
0.179 0.05080191 0.0146215 0.03302939 0.1071712 0.046740815 0.015655631 0.039261106 0.11086503
0.1795 0.0502269 0.0138053 0.03194604 0.1055296 0.046132363 0.014823309 0.03810994 0.10922378
0.18 0.04963839 0.01299913 0.03087409 0.1038701 0.045512974 0.014002726 0.036969703 0.10756302
0.1805 0.04903653 0.01220272 0.02981326 0.102193 0.04488288 0.01319362 0.035840157 0.10588324
0.181 0.04842146 0.01141577 0.02876329 0.1004989 0.0442423 0.012395695 0.03472114 0.10418509
0.1815 0.04779331 0.01063801 0.02772389 0.09878809 0.043591432 0.011608642 0.033612456 0.10246907
0.182 0.04715222 0.00986917 0.02669483 0.09706101 0.042930476 0.010832244 0.032513913 0.10073568
0.1825 0.04649834 0.009108983 0.02567583 0.09531803 0.04225968 0.010066183 0.031425383 0.09898543
0.183 0.04583181 0.008357196 0.02466666 0.09355953 0.041579224 0.009310212 0.030346666 0.09721881
0.1835 0.04515278 0.007613559 0.02366706 0.09178586 0.0408893 0.008564042 0.029277612 0.09543632
0.184 0.04446138 0.006877829 0.02267681 0.08999736 0.04019013 0.007827448 0.028218064 0.093638405
0.1845 0.04375775 0.00614977 0.02169567 0.08819438 0.039481923 0.007100166 0.02716789 0.091825515
0.185 0.04304204 0.005429152 0.02072342 0.08637725 0.038764864 0.0063819233 0.026126947 0.08999807
0.1855 0.04231439 0.004715752 0.01975982 0.08454626 0.038039163 0.0056724967 0.02509508 0.08815651
0.186 0.04157494 0.004009351 0.01880468 0.08270175 0.03730502 0.0049716225 0.024072189 0.08630122
0.1865 0.04082384 0.003309736 0.01785776 0.08084399 0.036562614 0.0042790994 0.023058128 0.08443265
0.187 0.04006121 0.002616701 0.01691887 0.07897328 0.035812147 0.0035946583 0.022052798 0.08255114
0.1875 0.03928721 0.001930046 0.01598781 0.0770899 0.03505384 0.002918071 0.021056075 0.080657095
0.188 0.03850197 0.001249573 0.01506437 0.07519412 0.03428784 0.0022491235 0.020067822 0.07875086
0.1885 0.03770563 0.0005750928 0.01414836 0.07328621 0.033514373 0.0015875846 0.019087967 0.076832816
0.189 0.03689833 -9.358058e-05 0.0132396 0.07136642 0.032733597 0.00093321595 0.01811641 0.074903294
0.1895 0.03608021 -0.0007566277 0.01233789 0.06943501 0.031945728 0.0002858229 0.01715304 0.07296266
0.19 0.0352514 -0.001414224 0.01144307 0.06749221 0.031150937 -0.00035481434 0.016197775 0.0710112
0.1905 0.03441204 -0.002066542 0.01055494 0.06553827 0.030349396 -0.0009889249 0.015250538 0.06904927
0.191 0.03356226 -0.002713747 0.009673342 0.06357341 0.029541291 -0.0016166884 0.0143112205 0.06707716
0.1915 0.03270221 -0.003356 0.008798104 0.06159786 0.028726816 -0.0022383183 0.01337976 0.065095186
0.192 0.03183201 -0.003993461 0.007929061 0.05961183 0.027906142 -0.0028540082 0.012456093 0.06310366
0.1925 0.03095179 -0.004626283 0.007066053 0.05761554 0.02707944 -0.0034639956 0.011540126 0.061102834
0.193 0.03006169 -0.005254614 0.006208922 0.0556092 0.026246876 -0.0040684417 0.010631811 0.059093025
0.1935 0.02916183 -0.0058786 0.005357515 0.053593 0.025408633 -0.0046675475 0.00973108 0.0570745
0.194 0.02825236 -0.006498382 0.004511681 0.05156715 0.024564892 -0.005261504 0.008837882 0.055047523
0.1945 0.02733338 -0.007114099 0.003671274 0.04953183 0.023715809 -0.0058504874 0.007952135 0.053012375
0.195 0.02640504 -0.007725884 0.002836151 0.04748722 0.022861555 -0.0064347023 0.0070738085 0.0509693
0.1955 0.02546746 -0.008333866 0.002006171 0.04543352 0.022002302 -0.007014324 0.006202858 0.04891855
0.196 0.02452076 -0.008938174 0.001181199 0.0433709 0.021138214 -0.007589533 0.0053392164 0.04686037
0.1965 0.02356507 -0.009538929 0.0003611009 0.04129954 0.020269431 -0.008160503 0.0044828504 0.044794988
0.197 0.02260051 -0.01013625 -0.0004542542 0.03921959 0.019396149 -0.008727425 0.00363373 0.042722676
0.1975 0.0216272 -0.01073026 -0.001264993 0.03713123 0.018518493 -0.00929046 0.0027917959 0.04064363
0.198 0.02064526 -0.01132107 -0.002071241 0.03503462 0.01763665 -0.009849784 0.0019570328 0.0385581
0.1985 0.01965481 -0.01190878 -0.002873118 0.03292991 0.016750768 -0.010405564 0.0011294074 0.036466304
0.199 0.01865597 -0.01249351 -0.003670743 0.03081725 0.01586099 -0.0109579945 0.00030887872 0.03436846
0.1995 0.01764886 -0.01307536 -0.004464232 0.02869681 0.014967494 -0.011507218 -0.00050457194 0.032264788
0.2 0.01663359 -0.01365443 -0.005253699 0.02656871 0.014070384 -0.012053418 -0.0013109744 0.030155461
0.2005 0.01561355 -0.01423076 -0.006036706 0.02447813 0.013178416 -0.012590644 -0.0021110736 0.028105032
0.201 0.01460811 -0.0148038 -0.00680162 0.0225013 0.012291849 -0.013120019 -0.0029050373 0.026111502
0.2015 0.01362424 -0.01537265 -0.007547984 0.02061173 0.011410914 -0.013642474 -0.0036929734 0.024173003
0.202 0.01265747 -0.01593676 -0.008280304 0.01879037 0.010535814 -0.014158783 -0.0044749714 0.022287745
0.2025 0.01170305 -0.01649586 -0.009001642 0.01702908 0.009666786 -0.014669572 -0.0052510314 0.020453956
0.203 0.01075811 -0.01704983 -0.009713537 0.01532361 0.008803956 -0.015175373 -0.006021153 0.018669974
0.2035 0.009821227 -0.01759861 -0.01041671 0.01367099 0.007947519 -0.015676588 -0.0067853294 0.016934197
0.204 0.008891782 -0.01814219 -0.01111149 0.01206869 0.007097602 -0.016173601 -0.007543482 0.01524505
0.2045 0.007969566 -0.01868055 -0.01179806 0.01051442 0.0062543526 -0.016666658 -0.0082955845 0.013601061
0.205 0.007054559 -0.01921371 -0.01247654 0.009006045 0.005417861 -0.01715599 -0.009041548 0.012000781
0.2055 0.006146824 -0.01974167 -0.01314701 0.007541543 0.004588254 -0.017641786 -0.009781301 0.010442816
0.206 0.005246458 -0.02026444 -0.01380955 0.006119022 0.0037656054 -0.018124174 -0.01051477 0.00892581
0.2065 0.00435357 -0.02078204 -0.01446423 0.004736697 0.0029500127 -0.018603273 -0.011241864 0.007448498
0.207 0.00346827 -0.0212945 -0.01511113 0.003392877 0.0021415427 -0.019079156 -0.011962522 0.006009612
0.2075 0.002590662 -0.02180182 -0.0157503 0.002085968 0.0013402626 -0.019551873 -0.012676619 0.004607953
0.208 0.001720844 -0.02230405 -0.01638183 0.0008144625 0.0005462244 -0.02002148 -0.013384122 0.0032423548
0.2085 0.0008589047 -0.02280119 -0.01700578 -0.0004230666 -0.0002405271 -0.020487983 -0.014084928 0.001911696
0.209 4.924761e-06 -0.02329328 -0.01762221 -0.001627969 -0.0010199398 -0.020951409 -0.014778968 0.0006149076
0.2095 -0.0008410229 -0.02378036 -0.01823121 -0.002801523 -0.0017919913 -0.02141175 -0.015466176 -0.00064907223
0.21 -0.001678874 -0.02426243 -0.01883285 -0.003944939 -0.0025566518 -0.021869015 -0.016146481 -0.001881253
0.2105 -0.002508572 -0.02473954 -0.01942718 -0.005059366 -0.0033138841 -0.022323184 -0.016819838 -0.0030825883
0.211 -0.003330067 -0.02521172 -0.02001428 -0.00614589 -0.004063688 -0.02277423 -0.01748617 -0.004254047
0.2115 -0.004143318 -0.025679 -0.02059423 -0.007205547 -0.004806049 -0.023222148 -0.01814545 -0.005396519
0.212 -0.00494829 -0.02614141 -0.0211671 -0.008239315 -0.0055409595 -0.023666903 -0.018797621 -0.0065109096
0.2125 -0.005744955 -0.02659897 -0.02173294 -0.009248127 -0.006268412 -0.024108492 -0.019442648 -0.0075980425
0.213 -0.006533289 -0.02705174 -0.02229184 -0.01023287 -0.006988421 -0.024546862 -0.020080503 -0.008658752
0.2135 -0.007313277 -0.02749973 -0.02284387 -0.01119438 -0.0077009797 -0.024981987 -0.020711143 -0.00969382
0.214 -0.008084908 -0.02794299 -0.02338908 -0.01213347 -0.00840611 -0.025413852 -0.02133457 -0.010704029
0.2145 -0.008848177 -0.02838154 -0.02392757 -0.01305089 -0.009103812 -0.02584242 -0.021950744 -0.011690099
0.215 -0.009603084 -0.02881543 -0.02445939 -0.01394737 -0.009794105 -0.026267666 -0.022559654 -0.012652766
0.2155 -0.01034963 -0.02924468 -0.02498461 -0.01482361 -0.010477018 -0.026689555 -0.023161292 -0.013592713
0.216 -0.01108783 -0.02966933 -0.02550331 -0.01568026 -0.011152573 -0.027108084 -0.023755673 -0.014510611
0.2165 -0.0118177 -0.03008942 -0.02601554 -0.01651797 -0.011820797 -0.027523216 -0.024342787 -0.015407098
0.217 -0.01253924 -0.03050498 -0.02652139 -0.01733732 -0.012481701 -0.02793492 -0.024922624 -0.016282806
0.2175 -0.01325249 -0.03091606 -0.02702093 -0.01813889 -0.01313534 -0.02834317 -0.025495209 -0.017138336
0.218 -0.01395747 -0.03132267 -0.02751421 -0.01892324 -0.01378173 -0.028747968 -0.026060559 -0.01797428
0.2185 -0.01465421 -0.03172486 -0.0280013 -0.01969089 -0.014420908 -0.029149283 -0.02661867 -0.018791191
0.219 -0.01534274 -0.03212267 -0.02848228 -0.02044234 -0.015052926 -0.029547088 -0.027169574 -0.019589625
0.2195 -0.01602309 -0.03251613 -0.02895721 -0.02117807 -0.015677806 -0.029941376 -0.027713306 -0.020370107
0.22 -0.0166953 -0.03290528 -0.02942616 -0.02189856 -0.0162956 -0.03033214 -0.02824989 -0.021133147
0.2205 -0.01735941 -0.03329015 -0.0298892 -0.02260423 -0.016906347 -0.03071937 -0.028779354 -0.021879245
0.221 -0.01801547 -0.03367079 -0.03034639 -0.02329551 -0.017510083 -0.031103026 -0.029301722 -0.022608867
0.2215 -0.01866353 -0.03404721 -0.03079779 -0.02397282 -0.018106867 -0.031483125 -0.029817037 -0.023322491
0.222 -0.01930362 -0.03441947 -0.03124348 -0.02463653 -0.01869674 -0.031859655 -0.030325338 -0.024020547
0.2225 -0.0199358 -0.0347876 -0.03168352 -0.02528704 -0.019279752 -0.032232627 -0.030826688 -0.024703491
0.223 -0.02056012 -0.03515164 -0.03211796 -0.02592469 -0.019855946 -0.032602 -0.03132109 -0.02537172
0.2235 -0.02117664 -0.03551161 -0.03254688 -0.02654983 -0.020425383 -0.032967802 -0.031808622 -0.02602565
0.224 -0.02178541 -0.03586756 -0.03297035 -0.02716281 -0.020988107 -0.033330016 -0.03228933 -0.026665669
0.2245 -0.02238648 -0.03621953 -0.03338841 -0.02776393 -0.021544173 -0.03368865 -0.032763258 -0.027292164
0.225 -0.02297992 -0.03656754 -0.03380114 -0.02835351 -0.022093628 -0.03404369 -0.03323045 -0.027905494
0.2255 -0.02356579 -0.03691164 -0.0342086 -0.02893185 -0.022636533 -0.03439514 -0.03369097 -0.02850602
0.226 -0.02414414 -0.03725186 -0.03461085 -0.02949923 -0.023172941 -0.034743026 -0.034144875 -0.02909408
0.2265 -0.02471505 -0.03758823 -0.03500794 -0.03005593 -0.023702905 -0.035087336 -0.034592204 -0.029670013
0.227 -0.02527857 -0.0379208 -0.03539995 -0.03060222 -0.02422648 -0.03542809 -0.035033043 -0.030234143
0.2275 -0.02583476 -0.0382496 -0.03578693 -0.03113835 -0.024743728 -0.035765283 -0.03546745 -0.030786779
0.228 -0.0263837 -0.03857466 -0.03616894 -0.03166458 -0.025254697 -0.036098916 -0.035895444 -0.031328224
0.2285 -0.02692545 -0.03889601 -0.03654604 -0.03218114 -0.025759455 -0.03642903 -0.03631714 -0.031858772
0.229 -0.02746008 -0.03921371 -0.03691829 -0.03268826 -0.026258048 -0.03675561 -0.036732554 -0.03237871
0.2295 -0.02798765 -0.03952777 -0.03728575 -0.03318618 -0.02675055 -0.03707867 -0.037141785 -0.032888312
0.23 -0.02850823 -0.03983823 -0.03764847 -0.0336751 -0.027236994 -0.03739824 -0.037544888 -0.033387836
0.2305 -0.02902189 -0.04014513 -0.03800651 -0.03415524 -0.02771746 -0.037714306 -0.037941914 -0.033877548
0.231 -0.0295287 -0.04044851 -0.03835993 -0.0346268 -0.028191995 -0.03802691 -0.038332943 -0.034357693
0.2315 -0.03002873 -0.04074839 -0.03870878 -0.03508997 -0.028660666 -0.03833606 -0.03871804 -0.03482852
0.232 -0.03052206 -0.04104481 -0.03905312 -0.03554496 -0.029123522 -0.038641773 -0.039097276 -0.035290264
0.2325 -0.03100873 -0.04133781 -0.03939301 -0.03599193 -0.02958063 -0.038944066 -0.039470706 -0.035743147
0.233 -0.03148884 -0.04162742 -0.0397285 -0.03643108 -0.030032042 -0.03924294 -0.039838392 -0.036187395
0.2335 -0.03196245 -0.04191368 -0.04005964 -0.03686257 -0.030477818 -0.039538432 -0.040200423 -0.036623217
0.234 -0.03242963 -0.04219661 -0.04038648 -0.03728657 -0.03091802 -0.03983057 -0.04055686 -0.037050825
0.2345 -0.03289045 -0.04247625 -0.04070909 -0.03770325 -0.031352706 -0.04011937 -0.040907774 -0.037470423
0.235 -0.03334498 -0.04275264 -0.0410275 -0.03811277 -0.031781934 -0.040404834 -0.041253213 -0.03788219
0.2355 -0.03379329 -0.0430258 -0.04134178 -0.03851527 -0.03220576 -0.040686995 -0.041593265 -0.038286336
0.236 -0.03423546 -0.04329577 -0.04165197 -0.03891091 -0.03262425 -0.04096588 -0.041927997 -0.038683034
0.2365 -0.03467154 -0.04356259 -0.04195813 -0.03929983 -0.033037446 -0.04124152 -0.04225747 -0.039072454
0.237 -0.03510162 -0.04382628 -0.0422603 -0.03968217 -0.03344542 -0.04151391 -0.042581733 -0.039454784
0.2375 -0.03552576 -0.04408688 -0.04255854 -0.04005807 -0.033848226 -0.04178309 -0.04290091 -0.039830185
0.238 -0.03594404 -0.04434441 -0.04285289 -0.04042767 -0.034245916 -0.042049095 -0.043215018 -0.040198825
0.2385 -0.03635652 -0.04459892 -0.0431434 -0.04079109 -0.03463855 -0.042311925 -0.04352412 -0.04056085
0.239 -0.03676326 -0.04485043 -0.04343012 -0.04114846 -0.035026185 -0.04257162 -0.04382832 -0.04091642
0.2395 -0.03716435 -0.04509898 -0.04371311 -0.0414999 -0.03540888 -0.04282819 -0.04412766 -0.04126568
0.24 -0.03755985 -0.04534459 -0.04399239 -0.04184553 -0.035786685 -0.043081693 -0.044422206 -0.041608773
0.2405 -0.03794982 -0.0455873 -0.04426803 -0.04218547 -0.036159664 -0.043332115 -0.044712055 -0.041945852
0.241 -0.03833434 -0.04582713 -0.04454007 -0.04251983 -0.03652787 -0.043579508 -0.04499725 -0.042277053
0.2415 -0.03871348 -0.04606412 -0.04480855 -0.04284871 -0.03689135 -0.04382389 -0.045277845 -0.042602487
0.242 -0.03908729 -0.0462983 -0.04507352 -0.04317224 -0.037250176 -0.044065285 -0.045553926 -0.042922303
0.2425 -0.03945585 -0.0465297 -0.04533502 -0.04349051 -0.037604384 -0.044303726 -0.045825545 -0.043236617
0.243 -0.03981922 -0.04675834 -0.04559309 -0.04380362 -0.037954044 -0.044539224 -0.046092767 -0.04354556
0.2435 -0.04017747 -0.04698426 -0.04584779 -0.04411168 -0.038299195 -0.04477183 -0.046355654 -0.04384923
0.244 -0.04053067 -0.04720749 -0.04609915 -0.04441478 -0.038639903 -0.045001548 -0.046614286 -0.044147767
0.2445 -0.04087887 -0.04742805 -0.04634722 -0.04471301 -0.03897622 -0.045228425 -0.046868715 -0.044441268
0.245 -0.04122215 -0.04764598 -0.04659204 -0.04500647 -0.03930819 -0.04545248 -0.047119018 -0.04472985
0.2455 -0.04156057 -0.0478613 -0.04683364 -0.04529525 -0.03963587 -0.04567374 -0.047365222 -0.045013603
0.246 -0.04189418 -0.04807405 -0.04707208 -0.04557944 -0.03995931 -0.04589222 -0.047607396 -0.045292642
0.2465 -0.04222306 -0.04828424 -0.04730738 -0.04585911 -0.040278565 -0.046107963 -0.047845628 -0.04556706
0.247 -0.04254727 -0.04849191 -0.0475396 -0.04613436 -0.04059368 -0.046320993 -0.04807995 -0.045836963
0.2475 -0.04286686 -0.04869709 -0.04776877 -0.04640527 -0.04090471 -0.046531346 -0.04831044 -0.046102427
0.248 -0.0431819 -0.0488998 -0.04799493 -0.04667192 -0.041211702 -0.046739023 -0.048537154 -0.04636357
0.2485 -0.04349245 -0.04910007 -0.04821811 -0.04693438 -0.04151471 -0.046944078 -0.048760127 -0.04662045
0.249 -0.04379857 -0.04929793 -0.04843837 -0.04719273 -0.041813776 -0.04714653 -0.048979443 -0.046873182
0.2495 -0.04410032 -0.04949341 -0.04865573 -0.04744704 -0.042108957 -0.047346402 -0.04919515 -0.04712184
0.25 -0.04439775 -0.04968652 -0.04887023 -0.0476974 -0.042400293 -0.04754372 -0.049407315 -0.047366507
0.2505 -0.04469093 -0.0498773 -0.04908191 -0.04794386 -0.04268784 -0.047738526 -0.04961599 -0.047607265
0.251 -0.04497992 -0.05006578 -0.04929081 -0.04818651 -0.042971637 -0.047930826 -0.049821217 -0.047844186
0.2515 -0.04526476 -0.05025197 -0.04949695 -0.0484254 -0.043251738 -0.048120677 -0.050023053 -0.048077356
0.252 -0.04554552 -0.05043591 -0.04970039 -0.04866061 -0.043528184 -0.04830808 -0.050221544 -0.04830683
0.2525 -0.04582225 -0.05061762 -0.04990115 -0.04889219 -0.043801017 -0.048493057 -0.050416764 -0.048532702
0.253 -0.04609501 -0.05079713 -0.05009926 -0.04912022 -0.044070296 -0.04867566 -0.050608758 -0.048755027
0.2535 -0.04636385 -0.05097446 -0.05029477 -0.04934475 -0.04433605 -0.0488559 -0.050797556 -0.048973884
0.254 -0.04662883 -0.05114963 -0.0504877 -0.04956585 -0.044598337 -0.049033806 -0.050983254 -0.049189337
0.2545 -0.04689 -0.05132267 -0.05067809 -0.04978358 -0.044857197 -0.049209412 -0.05116586 -0.049401447
0.255 -0.04714741 -0.0514936 -0.05086598 -0.04999799 -0.04511267 -0.049382735 -0.05134544 -0.049610294
0.2555 -0.04740112 -0.05166246 -0.05105138 -0.05020914 -0.045364797 -0.049553797 -0.051522065 -0.049815923
0.256 -0.04765117 -0.05182925 -0.05123435 -0.05041709 -0.04561363 -0.049722638 -0.051695745 -0.050018393
0.2565 -0.04789762 -0.05199401 -0.0514149 -0.05062189 -0.045859203 -0.04988928 -0.051866543 -0.050217766
0.257 -0.04814052 -0.05215676 -0.05159308 -0.0508236 -0.046101563 -0.050053738 -0.052034516 -0.050414108
0.2575 -0.04837992 -0.05231752 -0.0517689 -0.05102227 -0.046340745 -0.05021605 -0.052199673 -0.050607473
0.258 -0.04861586 -0.05247632 -0.05194241 -0.05121794 -0.04657679 -0.050376233 -0.052362118 -0.050797902
0.2585 -0.04884841 -0.05263317 -0.05211363 -0.05141068 -0.046809748 -0.050534327 -0.05252186 -0.05098547
0.259 -0.04907759 -0.05278811 -0.05228259 -0.05160053 -0.04703965 -0.050690334 -0.052678943 -0.051170215
0.2595 -0.04930347 -0.05294114 -0.05244933 -0.05178754 -0.04726654 -0.050844297 -0.052833427 -0.05135219
0.26 -0.04952608 -0.0530923 -0.05261386 -0.05197175 -0.04749045 -0.050996233 -0.05298534 -0.051531445
0.2605 -0.04974548 -0.0532416 -0.05277623 -0.05215322 -0.04771143 -0.05114618 -0.053134732 -0.051708035
0.261 -0.04996171 -0.05338908 -0.05293645 -0.05233198 -0.04792951 -0.051294137 -0.05328165 -0.051882003
0.2615 -0.05017481 -0.05353474 -0.05309456 -0.05250809 -0.048144724 -0.05144015 -0.05342612 -0.052053392
0.262 -0.05038484 -0.05367861 -0.05325058 -0.05268159 -0.048357118 -0.051584233 -0.053568203 -0.052222256
0.2625 -0.05059183 -0.05382071 -0.05340455 -0.05285252 -0.048566725 -0.051726412 -0.053707916 -0.05238863
0.263 -0.05079582 -0.05396106 -0.05355648 -0.05302092 -0.04877358 -0.051866706 -0.05384531 -0.052552573
0.2635 -0.05099687 -0.05409969 -0.05370641 -0.05318683 -0.048977718 -0.05200516 -0.05398043 -0.052714102
0.264 -0.05119501 -0.0542366 -0.05385437 -0.0533503 -0.049179178 -0.052141767 -0.054113302 -0.05287328
0.2645 -0.05139028 -0.05437183 -0.05400037 -0.05351136 -0.049377996 -0.052276563 -0.05424396 -0.053030137
0.265 -0.05158273 -0.05450539 -0.05414444 -0.05367006 -0.049574204 -0.052409578 -0.05437248 -0.053184718
0.2655 -0.0517724 -0.05463731 -0.05428661 -0.05382643 -0.04976783 -0.052540828 -0.05449886 -0.053337052
0.266 -0.05195932 -0.05476759 -0.05442691 -0.0539805 -0.049958915 -0.052670326 -0.054623134 -0.05348719
0.2665 -0.05214354 -0.05489627 -0.05456535 -0.05413233 -0.050147496 -0.052798104 -0.05474536 -0.053635173
0.267 -0.0523251 -0.05502335 -0.05470197 -0.05428194 -0.050333597 -0.052924182 -0.054865558 -0.053781018
0.2675 -0.05250403 -0.05514886 -0.05483678 -0.05442936 -0.050517257 -0.053048585 -0.054983765 -0.053924765
0.268 -0.05268037 -0.05527282 -0.05496982 -0.05457464 -0.050698504 -0.053171333 -0.055100016 -0.054066457
0.2685 -0.05285416 -0.05539525 -0.05510109 -0.0547178 -0.050877374 -0.05329245 -0.055214357 -0.054206133
0.269 -0.05302543 -0.05551616 -0.05523064 -0.05485889 -0.051053893 -0.053411957 -0.0553268 -0.054343812
0.2695 -0.05319423 -0.05563557 -0.05535848 -0.05499793 -0.05122809 -0.053529862 -0.055437386 -0.05447954
0.27 -0.05336059 -0.0557535 -0.05548463 -0.05513496 -0.05140001 -0.053646196 -0.055546153 -0.054613337
0.2705 -0.05352455 -0.05586996 -0.05560911 -0.05527 -0.05156967 -0.053760987 -0.055653114 -0.054745242
0.271 -0.05368613 -0.05598498 -0.05573196 -0.05540309 -0.051737104 -0.05387423 -0.055758312 -0.05487529
0.2715 -0.05384537 -0.05609858 -0.05585318 -0.05553427 -0.05190234 -0.053985972 -0.05586179 -0.055003494
0.272 -0.05400232 -0.05621076 -0.0559728 -0.05566355 -0.052065406 -0.05409622 -0.05596356 -0.055129897
0.2725 -0.054157 -0.05632155 -0.05609085 -0.05579098 -0.052226335 -0.054204997 -0.056063656 -0.055254534
0.273 -0.05430944 -0.05643096 -0.05620733 -0.05591657 -0.052385155 -0.054312322 -0.05616211 -0.055377413
0.2735 -0.05445967 -0.05653901 -0.05632228 -0.05604036 -0.05254189 -0.05441821 -0.056258928 -0.05549858
0.274 -0.05460774 -0.05664572 -0.05643571 -0.05616237 -0.052696567 -0.054522675 -0.05635418 -0.05561806
0.2745 -0.05475367 -0.0567511 -0.05654765 -0.05628264 -0.05284922 -0.05462577 -0.056447856 -0.055735867
0.275 -0.05489749 -0.05685516 -0.05665811 -0.05640119 -0.052999865 -0.05472747 -0.056539994 -0.055852037
0.2755 -0.05503924 -0.05695793 -0.05676711 -0.05651804 -0.053148538 -0.054827806 -0.056630626 -0.055966597
0.276 -0.05517894 -0.05705942 -0.05687467 -0.05663323 -0.053295262 -0.054926816 -0.056719784 -0.056079563
0.2765 -0.05531662 -0.05715964 -0.05698082 -0.05674678 -0.053440064 -0.055024486 -0.056807466 -0.056190968
0.277 -0.05545232 -0.05725861 -0.05708557 -0.05685871 -0.053582974 -0.05512086 -0.056893736 -0.056300834
0.2775 -0.05558606 -0.05735635 -0.05718893 -0.05696905 -0.053724002 -0.055215944 -0.056978576 -0.056409188
0.278 -0.05571787 -0.05745287 -0.05729093 -0.05707782 -0.053863186 -0.055309746 -0.057062045 -0.056516044
0.2785 -0.05584778 -0.05754818 -0.05739159 -0.05718504 -0.05400055 -0.055402298 -0.057144143 -0.05662143
0.279 -0.05597582 -0.05764231 -0.05749091 -0.05729075 -0.054136112 -0.05549361 -0.05722492 -0.056725375
0.2795 -0.05610201 -0.05773525 -0.05758893 -0.05739496 -0.054269902 -0.055583704 -0.057304367 -0.056827895
0.28 -0.05622639 -0.05782704 -0.05768566 -0.0574977 -0.054401938 -0.055672597 -0.05738252 -0.056929007
0.2805 -0.05634897 -0.05791767 -0.05778111 -0.05759899 -0.05453225 -0.055760305 -0.057459425 -0.05702874
0.281 -0.05646979 -0.05800718 -0.0578753 -0.05769884 -0.054660857 -0.05584683 -0.057535086 -0.057127118
0.2815 -0.05658887 -0.05809556 -0.05796825 -0.05779729 -0.054787777 -0.055932198 -0.057609502 -0.057224147
0.282 -0.05670624 -0.05818284 -0.05805998 -0.05789436 -0.054913044 -0.05601642 -0.057682708 -0.05731986
0.2825 -0.05682192 -0.05826902 -0.0581505 -0.05799005 -0.055036668 -0.05609953 -0.05775475 -0.05741428
0.283 -0.05693594 -0.05835413 -0.05823982 -0.0580844 -0.055158675 -0.05618153 -0.057825614 -0.057507403
0.2835 -0.05704831 -0.05843816 -0.05832797 -0.05817743 -0.055279095 -0.056262422 -0.057895347 -0.057599276
0.284 -0.05715908 -0.05852115 -0.05841496 -0.05826915 -0.05539794 -0.05634224 -0.057963967 -0.057689905
0.2845 -0.05726825 -0.05860309 -0.0585008 -0.05835959 -0.055515226 -0.056420986 -0.05803145 -0.057779297
0.285 -0.05737585 -0.05868401 -0.0585855 -0.05844876 -0.055630986 -0.056498688 -0.058097873 -0.05786749
0.2855 -0.05748191 -0.05876391 -0.0586691 -0.05853668 -0.055745233 -0.056575347 -0.058163222 -0.05795449
0.286 -0.05758645 -0.05884281 -0.05875159 -0.05862337 -0.05585799 -0.056650985 -0.058227506 -0.05804033
0.2865 -0.05768948 -0.05892072 -0.058833 -0.05870886 -0.055969276 -0.056725603 -0.058290776 -0.058125004
0.287 -0.05779105 -0.05899766 -0.05891333 -0.05879315 -0.056079112 -0.056799237 -0.058353033 -0.058208548
0.2875 -0.05789115 -0.05907362 -0.05899261 -0.05887626 -0.056187514 -0.056871872 -0.058414284 -0.058290966
0.288 -0.05798982 -0.05914863 -0.05907084 -0.05895822 -0.0562945 -0.056943547 -0.05847457 -0.05837228
0.2885 -0.05808708 -0.0592227 -0.05914804 -0.05903904 -0.056400094 -0.057014275 -0.058533896 -0.058452502
0.289 -0.05818294 -0.05929584 -0.05922423 -0.05911873 -0.056504317 -0.05708405 -0.058592275 -0.058531657
0.2895 -0.05827744 -0.05936806 -0.05929941 -0.05919732 -0.056607172 -0.0571529 -0.058649722 -0.058609746
0.29 -0.05837058 -0.05943937 -0.05937361 -0.05927482 -0.056708694 -0.05722082 -0.05870625 -0.058686797
0.2905 -0.05846239 -0.05950978 -0.05944683 -0.05935124 -0.056808896 -0.05728784 -0.058761876 -0.05876282
0.291 -0.05855289 -0.05957931 -0.05951908 -0.0594266 -0.05690779 -0.05735397 -0.058816627 -0.05883783
0.2915 -0.05864209 -0.05964796 -0.05959039 -0.05950092 -0.0570054 -0.057419214 -0.05887052 -0.058911838
0.292 -0.05873002 -0.05971575 -0.05966076 -0.05957421 -0.05710174 -0.057483602 -0.058923565 -0.05898487
0.2925 -0.0588167 -0.05978269 -0.0597302 -0.05964649 -0.05719683 -0.057547126 -0.05897576 -0.05905693
0.293 -0.05890214 -0.05984878 -0.05979873 -0.05971777 -0.05729068 -0.057609815 -0.05902714 -0.059128027
0.2935 -0.05898636 -0.05991404 -0.05986635 -0.05978807 -0.057383314 -0.05767167 -0.059077714 -0.059198186
0.294 -0.05906937 -0.05997848 -0.05993309 -0.0598574 -0.057474747 -0.057732698 -0.059127495 -0.059267417
0.2945 -0.05915121 -0.06004211 -0.05999895 -0.05992577 -0.057564985 -0.05779292 -0.059176475 -0.059335727
0.295 -0.05923188 -0.06010493 -0.06006395 -0.0599932 -0.057654053 -0.05785234 -0.059224695 -0.059403136
0.2955 -0.0593114 -0.06016697 -0.06012809 -0.06005971 -0.057741974 -0.057910953 -0.05927216 -0.059469663
0.296 -0.05938979 -0.06022822 -0.06019139 -0.0601253 -0.057828747 -0.0579688 -0.05931888 -0.059535306
0.2965 -0.05946707 -0.0602887 -0.06025386 -0.06018999 -0.057914395 -0.058025885 -0.05936487 -0.059600078
0.297 -0.05954325 -0.06034841 -0.0603155 -0.06025379 -0.057998933 -0.058082204 -0.05941015 -0.059664004
0.2975 -0.05961834 -0.06040737 -0.06037634 -0.06031671 -0.058082376 -0.05813778 -0.05945472 -0.059727088
0.298 -0.05969237 -0.06046559 -0.06043638 -0.06037878 -0.05816474 -0.058192614 -0.059498586 -0.05978934
0.2985 -0.05976534 -0.06052308 -0.06049563 -0.06043999 -0.058246035 -0.058246728 -0.05954178 -0.05985078
0.299 -0.05983729 -0.06057983 -0.0605541 -0.06050036 -0.058326278 -0.058300126 -0.059584312 -0.059911404
0.2995 -0.05990821 -0.06063588 -0.0606118 -0.06055991 -0.05840548 -0.058352817 -0.05962618 -0.059971236
0.3 -0.05997812 -0.06069121 -0.06066875 -0.06061865 -0.05848366 -0.058404807 -0.059667397 -0.06003028
0.3005 -0.06004704 -0.06074584 -0.06072495 -0.06067658 -0.058560833 -0.058456127 -0.05970798 -0.06008856
0.301 -0.06011499 -0.06079979 -0.06078041 -0.06073373 -0.058637 -0.058506753 -0.059747938 -0.06014607
0.3015 -0.06018198 -0.06085305 -0.06083514 -0.06079009 -0.05871219 -0.05855671 -0.059787273 -0.060202826
0.302 -0.06024801 -0.06090564 -0.06088916 -0.06084569 -0.058786407 -0.058606002 -0.05982601 -0.060258843
0.3025 -0.06031312 -0.06095757 -0.06094247 -0.06090053 -0.05885966 -0.058654662 -0.05986415 -0.060314126
0.303 -0.0603773 -0.06100884 -0.06099508 -0.06095462 -0.058931973 -0.05870268 -0.059901707 -0.06036869
0.3035 -0.06044057 -0.06105946 -0.06104699 -0.06100797 -0.05900335 -0.05875006 -0.05993869 -0.060422536
0.304 -0.06050296 -0.06110944 -0.06109823 -0.06106061 -0.059073806 -0.05879681 -0.059975106 -0.060475685
0.3045 -0.06056446 -0.06115879 -0.0611488 -0.06111252 -0.059143353 -0.058842953 -0.060010966 -0.060528137
0.305 -0.06062509 -0.06120752 -0.0611987 -0.06116373 -0.059212003 -0.05888849 -0.06004628 -0.06057991
0.3055 -0.06068487 -0.06125563 -0.06124795 -0.06121425 -0.05927977 -0.058933426 -0.06008105 -0.060631007
0.306 -0.0607438 -0.06130313 -0.06129656 -0.06126408 -0.059346665 -0.05897777 -0.0601153 -0.06068144
0.3065 -0.06080191 -0.06135003 -0.06134452 -0.06131324 -0.059412695 -0.059021536 -0.06014903 -0.060731217
0.307 -0.06085919 -0.06139634 -0.06139186 -0.06136173 -0.059477873 -0.059064735 -0.060182262 -0.060780346
0.3075 -0.06091567 -0.06144206 -0.06143858 -0.06140956 -0.05954222 -0.059107345 -0.06021497 -0.06082884
0.308 -0.06097136 -0.0614872 -0.06148469 -0.06145675 -0.059605733 -0.059149418 -0.06024719 -0.060876697
0.3085 -0.06102626 -0.06153177 -0.06153019 -0.0615033 -0.05966843 -0.059190925 -0.060278922 -0.060923945
0.309 -0.06108039 -0.06157578 -0.0615751 -0.06154922 -0.05973032 -0.05923189 -0.060310192 -0.060970575
0.3095 -0.06113376 -0.06161923 -0.06161942 -0.06159452 -0.059791412 -0.059272323 -0.060340982 -0.0610166
0.31 -0.06118638 -0.06166212 -0.06166316 -0.06163921 -0.059851725 -0.05931222 -0.060371313 -0.061062038
0.3105 -0.06123826 -0.06170448 -0.06170633 -0.06168329 -0.05991126 -0.059351597 -0.060401175 -0.06110688
0.311 -0.06128942 -0.0617463 -0.06174893 -0.06172679 -0.05997003 -0.05939046 -0.060430594 -0.06115114
0.3115 -0.06133985 -0.06178759 -0.06179098 -0.06176969 -0.060028046 -0.059428815 -0.060459573 -0.06119483
0.312 -0.06138958 -0.06182835 -0.06183248 -0.06181202 -0.06008532 -0.059466664 -0.060488135 -0.061237957
0.3125 -0.06143861 -0.0618686 -0.06187343 -0.06185378 -0.06014186 -0.059504036 -0.060516246 -0.06128053
0.313 -0.06148696 -0.06190834 -0.06191385 -0.06189498 -0.060197674 -0.05954091 -0.06054395 -0.06132255
0.3135 -0.06153463 -0.06194758 -0.06195374 -0.06193562 -0.060252767 -0.059577297 -0.060571242 -0.061364032
0.314 -0.06158163 -0.06198632 -0.0619931 -0.06197572 -0.06030716 -0.059613217 -0.060598135 -0.061404977
0.3145 -0.06162798 -0.06202457 -0.06203196 -0.06201528 -0.060360856 -0.059648667 -0.060624626 -0.061445393
0.315 -0.06167368 -0.06206233 -0.0620703 -0.06205431 -0.060413864 -0.059683654 -0.060650725 -0.06148529
0.3155 -0.06171874 -0.06209961 -0.06210815 -0.06209281 -0.060466193 -0.059718188 -0.060676437 -0.061524674
0.316 -0.06176317 -0.06213643 -0.0621455 -0.0621308 -0.06051785 -0.059752274 -0.06070178 -0.06156355
0.3165 -0.06180698 -0.06217277 -0.06218236 -0.06216828 -0.06056885 -0.05978592 -0.060726747 -0.06160193
0.317 -0.06185018 -0.06220866 -0.06221874 -0.06220526 -0.060619194 -0.059819136 -0.060751338 -0.061639816
0.3175 -0.06189278 -0.06224408 -0.06225465 -0.06224174 -0.0606689 -0.05985191 -0.060775574 -0.06167721
0.318 -0.06193478 -0.06227906 -0.06229009 -0.06227774 -0.06071797 -0.05988427 -0.060799453 -0.061714128
0.3185 -0.0619762 -0.0623136 -0.06232506 -0.06231325 -0.06076641 -0.059916202 -0.06082298 -0.06175057
0.319 -0.06201704 -0.0623477 -0.06235958 -0.06234829 -0.060814235 -0.059947725 -0.060846165 -0.061786547
0.3195 -0.06205732 -0.06238136 -0.06239365 -0.06238286 -0.060861442 -0.05997884 -0.060869016 -0.061822057
0.32 -0.06209703 -0.0624146 -0.06242727 -0.06241697 -0.060908053 -0.06000955 -0.06089152 -0.061857115
0.3205 -0.0621362 -0.06244742 -0.06246046 -0.06245063 -0.06095407 -0.06003986 -0.060913727 -0.061891727
0.321 -0.06217481 -0.06247982 -0.06249321 -0.06248383 -0.060999498 -0.06006978 -0.06093558 -0.06192589
0.3215 -0.0622129 -0.06251181 -0.06252554 -0.06251659 -0.06104435 -0.060099322 -0.060957134 -0.061959624
0.322 -0.06225045 -0.06254339 -0.06255744 -0.06254892 -0.06108863 -0.06012847 -0.06097837 -0.06199292
0.3225 -0.06228748 -0.06257457 -0.06258893 -0.06258082 -0.06113234 -0.06015725 -0.06099932 -0.062025793
0.323 -0.062324 -0.06260536 -0.06262001 -0.06261229 -0.0611755 -0.06018566 -0.061019942 -0.062058248
0.3235 -0.06236002 -0.06263575 -0.06265068 -0.06264334 -0.061218113 -0.060213704 -0.061040275 -0.062090285
0.324 -0.06239553 -0.06266576 -0.06268095 -0.06267398 -0.06126018 -0.06024139 -0.06106032 -0.062121917
0.3245 -0.06243056 -0.06269539 -0.06271083 -0.06270421 -0.06130171 -0.06026872 -0.061080076 -0.06215314
0.325 -0.06246509 -0.06272464 -0.06274032 -0.06273404 -0.061342716 -0.060295705 -0.061099548 -0.06218397
0.3255 -0.06249916 -0.06275352 -0.06276942 -0.06276348 -0.061383195 -0.060322326 -0.061118744 -0.062214404
0.326 -0.06253275 -0.06278204 -0.06279815 -0.06279252 -0.061423168 -0.06034862 -0.061137654 -0.06224445
0.3265 -0.06256587 -0.06281019 -0.0628265 -0.06282118 -0.06146263 -0.060374577 -0.06115631 -0.062274106
0.327 -0.06259854 -0.06283798 -0.06285449 -0.06284945 -0.061501592 -0.0604002 -0.061174683 -0.062303394
0.3275 -0.06263076 -0.06286543 -0.06288211 -0.06287736 -0.061540056 -0.060425486 -0.0611928 -0.062332302
0.328 -0.06266253 -0.06289252 -0.06290936 -0.06290489 -0.061578035 -0.06045046 -0.061210692 -0.06236085
0.3285 -0.06269387 -0.06291927 -0.06293627 -0.06293206 -0.061615534 -0.060475115 -0.061228286 -0.06238903
0.329 -0.06272477 -0.06294568 -0.06296283 -0.06295887 -0.061652556 -0.060499433 -0.061245654 -0.06241686
0.3295 -0.06275525 -0.06297175 -0.06298903 -0.06298532 -0.06168911 -0.06052346 -0.061262764 -0.06244433
0.33 -0.0627853 -0.0629975 -0.0630149 -0.06301142 -0.061725207 -0.060547184 -0.06127965 -0.062471457
0.3305 -0.06281495 -0.06302291 -0.06304044 -0.06303718 -0.06176084 -0.0605706 -0.06129629 -0.062498234
0.331 -0.06284418 -0.063048 -0.06306564 -0.0630626 -0.06179602 -0.060593706 -0.0613127 -0.06252467
0.3315 -0.06287302 -0.06307278 -0.06309051 -0.06308768 -0.061830755 -0.060616527 -0.06132887 -0.06255077
0.332 -0.06290145 -0.06309724 -0.06311506 -0.06311243 -0.061865054 -0.06063905 -0.061344825 -0.06257655
0.3325 -0.0629295 -0.06312139 -0.06313929 -0.06313686 -0.06189892 -0.060661297 -0.061360538 -0.06260199
0.333 -0.06295716 -0.06314523 -0.06316321 -0.06316096 -0.061932355 -0.060683247 -0.061376035 -0.06262711
0.3335 -0.06298445 -0.06316877 -0.06318681 -0.06318474 -0.061965365 -0.06070492 -0.061391313 -0.06265191
0.334 -0.06301135 -0.06319201 -0.06321011 -0.06320821 -0.06199796 -0.060726333 -0.0614064 -0.0626764
0.3345 -0.06303789 -0.06321495 -0.06323311 -0.06323137 -0.062030144 -0.06074748 -0.06142126 -0.06270058
0.335 -0.06306407 -0.0632376 -0.0632558 -0.06325423 -0.06206192 -0.06076834 -0.06143592 -0.06272445
0.3355 -0.06308989 -0.06325997 -0.06327821 -0.06327678 -0.062093303 -0.06078894 -0.06145039 -0.062748015
0.336 -0.06311535 -0.06328205 -0.06330032 -0.06329904 -0.062124282 -0.06080929 -0.061464626 -0.06277129
0.3365 -0.06314046 -0.06330385 -0.06332214 -0.063321 -0.062154874 -0.06082936 -0.061478693 -0.06279427
0.337 -0.06316523 -0.06332537 -0.06334369 -0.06334268 -0.06218508 -0.060849193 -0.061492555 -0.06281696
0.3375 -0.06318967 -0.06334662 -0.06336495 -0.06336407 -0.062214904 -0.060868774 -0.061506234 -0.06283936
0.338 -0.06321377 -0.0633676 -0.06338593 -0.06338518 -0.062244356 -0.0608881 -0.061519712 -0.06286149
0.3385 -0.06323754 -0.06338832 -0.06340665 -0.06340601 -0.06227343 -0.06090719 -0.06153301 -0.06288332
0.339 -0.06326098 -0.06340877 -0.06342709 -0.06342657 -0.062302142 -0.060926024 -0.061546125 -0.06290488
0.3395 -0.0632841 -0.06342896 -0.06344728 -0.06344686 -0.062330496 -0.060944635 -0.061559062 -0.06292617
0.34 -0.06330691 -0.06344889 -0.06346719 -0.06346688 -0.06235849 -0.06096301 -0.061571825 -0.0629472
0.3405 -0.06332941 -0.06346857 -0.06348686 -0.06348664 -0.062386137 -0.060981166 -0.061584424 -0.06296796
0.341 -0.0633516 -0.063488 -0.06350626 -0.06350614 -0.06241343 -0.060999084 -0.061596822 -0.06298846
0.3415 -0.06337349 -0.06350718 -0.06352542 -0.06352538 -0.062440388 -0.061016764 -0.06160907 -0.0630087
0.342 -0.06339508 -0.06352612 -0.06354432 -0.06354437 -0.062467 -0.061034236 -0.061621156 -0.063028686
0.3425 -0.06341638 -0.06354482 -0.06356299 -0.06356312 -0.06249328 -0.061051484 -0.06163307 -0.06304842
0.343 -0.06343739 -0.06356328 -0.06358141 -0.06358161 -0.06251923 -0.061068516 -0.06164483 -0.0630679
0.3435 -0.06345811 -0.06358151 -0.06359959 -0.06359987 -0.06254486 -0.061085332 -0.061656423 -0.06308715
0.344 -0.06347855 -0.0635995 -0.06361753 -0.06361788 -0.06257016 -0.06110194 -0.061667856 -0.06310614
0.3445 -0.06349871 -0.06361727 -0.06363525 -0.06363566 -0.062595144 -0.06111834 -0.061679136 -0.0631249
0.345 -0.0635186 -0.06363481 -0.06365273 -0.06365321 -0.06261982 -0.06113453 -0.06169026 -0.063143425
0.3455 -0.06353822 -0.06365212 -0.06366999 -0.06367053 -0.06264418 -0.06115051 -0.06170124 -0.063161716
0.346 -0.06355757 -0.06366922 -0.06368702 -0.06368762 -0.06266825 -0.061166305 -0.06171208 -0.063179776
0.3465 -0.06357666 -0.0636861 -0.06370384 -0.06370449 -0.062692 -0.06118189 -0.06172276 -0.06319761
0.347 -0.06359549 -0.06370276 -0.06372044 -0.06372114 -0.06271546 -0.0611973 -0.061733305 -0.063215226
0.3475 -0.06361407 -0.06371922 -0.06373682 -0.06373757 -0.062738635 -0.0612125 -0.061743714 -0.063232616
0.348 -0.06363239 -0.06373546 -0.06375299 -0.06375379 -0.06276151 -0.06122752 -0.061753985 -0.06324978
0.3485 -0.06365047 -0.0637515 -0.06376895 -0.06376979 -0.062784106 -0.061242346 -0.0617641 -0.06326675
0.349 -0.0636683 -0.06376733 -0.06378471 -0.06378558 -0.06280641 -0.061256986 -0.061774097 -0.06328349
0.3495 -0.06368589 -0.06378296 -0.06380026 -0.06380117 -0.062828444 -0.061271448 -0.06178396 -0.06330002
0.35 -0.06370324 -0.0637984 -0.06381561 -0.06381656 -0.0628502 -0.061285738 -0.061793674 -0.063316345
0.3505 -0.06372036 -0.06381364 -0.06383076 -0.06383175 -0.06287168 -0.06129984 -0.061803278 -0.06333247
0.351 -0.06373725 -0.06382868 -0.06384572 -0.06384673 -0.0628929 -0.061313767 -0.061812747 -0.0633484
0.3515 -0.06375391 -0.06384353 -0.06386048 -0.06386153 -0.06291385 -0.06132752 -0.0618221 -0.06336412
0.352 -0.06377034 -0.0638582 -0.06387505 -0.06387613 -0.06293454 -0.061341096 -0.061831333 -0.063379645
0.3525 -0.06378655 -0.06387267 -0.06388944 -0.06389054 -0.06295497 -0.06135452 -0.061840426 -0.06339498
0.353 -0.06380254 -0.06388697 -0.06390364 -0.06390476 -0.06297515 -0.061367776 -0.061849415 -0.06341012
0.3535 -0.06381832 -0.06390108 -0.06391765 -0.06391879 -0.062995076 -0.061380867 -0.061858274 -0.06342507
0.354 -0.06383389 -0.06391501 -0.06393149 -0.06393265 -0.06301475 -0.061393786 -0.061867017 -0.06343983
0.3545 -0.06384924 -0.06392876 -0.06394514 -0.06394632 -0.063034184 -0.061406557 -0.061875664 -0.06345442
0.355 -0.06386439 -0.06394234 -0.06395862 -0.06395982 -0.06305337 -0.061419163 -0.061884187 -0.06346882
0.3555 -0.06387933 -0.06395575 -0.06397193 -0.06397314 -0.063072324 -0.06143162 -0.0618926 -0.06348304
0.356 -0.06389408 -0.06396899 -0.06398507 -0.06398629 -0.06309104 -0.061443906 -0.061900888 -0.063497074
0.3565 -0.06390862 -0.06398206 -0.06399803 -0.06399927 -0.063109525 -0.06145605 -0.061909065 -0.06351094
0.357 -0.06392297 -0.06399496 -0.06401083 -0.06401207 -0.06312778 -0.06146804 -0.06191715 -0.06352463
0.3575 -0.06393713 -0.0640077 -0.06402346 -0.06402472 -0.0631458 -0.061479893 -0.061925143 -0.06353816
0.358 -0.06395109 -0.06402028 -0.06403593 -0.06403719 -0.06316361 -0.06149159 -0.06193301 -0.06355151
0.3585 -0.06396487 -0.06403269 -0.06404824 -0.06404951 -0.063181184 -0.061503146 -0.061940785 -0.063564695
0.359 -0.06397847 -0.06404495 -0.06406039 -0.06406167 -0.06319855 -0.061514553 -0.06194846 -0.06357772
0.3595 -0.06399188 -0.06405706 -0.06407238 -0.06407367 -0.063215695 -0.06152584 -0.061956037 -0.063590586
0.36 -0.06400511 -0.06406901 -0.06408422 -0.06408551 -0.06323264 -0.06153697 -0.061963506 -0.06360329
0.3605 -0.06401816 -0.0640808 -0.06409591 -0.0640972 -0.06324936 -0.06154797 -0.06197089 -0.06361583
0.361 -0.06403104 -0.06409245 -0.06410745 -0.06410874 -0.063265875 -0.06155883 -0.06197816 -0.06362821
0.3615 -0.06404375 -0.06410395 -0.06411884 -0.06412013 -0.06328219 -0.061569568 -0.061985362 -0.063640445
0.362 -0.06405628 -0.0641153 -0.06413008 -0.06413137 -0.0632983 -0.061580155 -0.061992455 -0.06365253
0.3625 -0.06406865 -0.06412651 -0.06414117 -0.06414246 -0.063314214 -0.06159063 -0.06199946 -0.063664466
0.363 -0.06408085 -0.06413758 -0.06415213 -0.06415341 -0.06332993 -0.061600972 -0.06200637 -0.06367625
0.3635 -0.06409289 -0.06414851 -0.06416294 -0.06416422 -0.06334545 -0.06161118 -0.062013194 -0.06368788
0.364 -0.06410477 -0.06415929 -0.06417361 -0.0641749 -0.06336078 -0.061621267 -0.06201994 -0.06369938
0.3645 -0.06411649 -0.06416994 -0.06418415 -0.06418543 -0.06337591 -0.061631236 -0.06202659 -0.06371072
0.365 -0.06412806 -0.06418046 -0.06419455 -0.06419582 -0.063390866 -0.061641086 -0.062033154 -0.06372193
0.3655 -0.06413946 -0.06419084 -0.06420482 -0.06420609 -0.06340563 -0.061650816 -0.062039636 -0.06373301
0.366 -0.06415072 -0.06420109 -0.06421495 -0.06421622 -0.06342022 -0.061660413 -0.062046044 -0.06374394
0.3665 -0.06416183 -0.06421121 -0.06422496 -0.06422621 -0.063434616 -0.061669905 -0.06205237 -0.06375474
0.367 -0.06417279 -0.0642212 -0.06423483 -0.06423608 -0.06344884 -0.061679278 -0.062058616 -0.0637654
0.3675 -0.0641836 -0.06423106 -0.06424458 -0.06424582 -0.06346289 -0.06168854 -0.06206477 -0.063775934
0.368 -0.06419426 -0.0642408 -0.06425421 -0.06425544 -0.06347677 -0.06169768 -0.062070858 -0.063786335
0.3685 -0.06420479 -0.06425042 -0.06426371 -0.06426493 -0.06349047 -0.061706718 -0.06207687 -0.06379661
0.369 -0.06421518 -0.06425991 -0.06427308 -0.0642743 -0.06350401 -0.061715636 -0.06208279 -0.06380676
0.3695 -0.06422542 -0.06426928 -0.06428234 -0.06428355 -0.063517384 -0.06172445 -0.06208865 -0.06381678
0.37 -0.06423553 -0.06427853 -0.06429148 -0.06429268 -0.06353059 -0.06173316 -0.062094428 -0.06382668
0.3705 -0.06424551 -0.06428767 -0.0643005 -0.06430169 -0.06354363 -0.061741766 -0.062100153 -0.063836455
0.371 -0.06425535 -0.06429669 -0.06430941 -0.06431059 -0.063556515 -0.061750267 -0.06210578 -0.06384611
0.3715 -0.06426506 -0.06430559 -0.0643182 -0.06431937 -0.06356924 -0.061758656 -0.062111333 -0.06385565
0.372 -0.06427465 -0.06431438 -0.06432688 -0.06432803 -0.0635818 -0.061766956 -0.06211684 -0.063865066
0.3725 -0.0642841 -0.06432306 -0.06433544 -0.06433659 -0.063594215 -0.061775144 -0.062122274 -0.063874364
0.373 -0.06429343 -0.06433163 -0.0643439 -0.06434503 -0.06360647 -0.061783243 -0.06212763 -0.06388355
0.3735 -0.06430264 -0.06434009 -0.06435225 -0.06435337 -0.06361858 -0.061791237 -0.062132925 -0.06389262
0.374 -0.06431172 -0.06434845 -0.06436049 -0.0643616 -0.06363054 -0.061799128 -0.062138133 -0.06390159
0.3745 -0.06432069 -0.06435669 -0.06436862 -0.06436972 -0.06364235 -0.06180693 -0.0621433 -0.06391044
0.375 -0.06432953 -0.06436484 -0.06437665 -0.06437774 -0.06365402 -0.061814632 -0.0621484 -0.06391918
0.3755 -0.06433826 -0.06437287 -0.06438458 -0.06438566 -0.06366555 -0.06182224 -0.06215343 -0.06392781
0.376 -0.06434687 -0.06438081 -0.06439241 -0.06439347 -0.06367693 -0.06182977 -0.062158402 -0.06393633
0.3765 -0.06435537 -0.06438865 -0.06440013 -0.06440118 -0.063688174 -0.061837215 -0.062163316 -0.06394476
0.377 -0.06436375 -0.06439638 -0.06440776 -0.0644088 -0.063699275 -0.061844546 -0.062168177 -0.06395308
0.3775 -0.06437203 -0.06440402 -0.06441529 -0.06441631 -0.06371025 -0.061851803 -0.06217295 -0.06396129
0.378 -0.06438019 -0.06441156 -0.06442272 -0.06442373 -0.063721076 -0.061858963 -0.062177677 -0.06396941
0.3785 -0.06438825 -0.06441901 -0.06443006 -0.06443106 -0.063731775 -0.06186604 -0.06218235 -0.06397742
0.379 -0.0643962 -0.06442636 -0.0644373 -0.06443829 -0.06374235 -0.061873037 -0.062186964 -0.06398534
0.3795 -0.06440404 -0.06443362 -0.06444445 -0.06444543 -0.06375279 -0.06187995 -0.06219152 -0.063993156
0.38 -0.06441178 -0.06444078 -0.06445151 -0.06445247 -0.063763104 -0.061886784 -0.062196016 -0.06400088
0.3805 -0.06441942 -0.06444786 -0.06445848 -0.06445943 -0.06377329 -0.061893526 -0.06220046 -0.064008504
0.381 -0.06442696 -0.06445484 -0.06446536 -0.06446629 -0.06378335 -0.061900187 -0.062204838 -0.064016044
0.3815 -0.06443439 -0.06446174 -0.06447215 -0.06447307 -0.06379329 -0.06190676 -0.062209178 -0.06402349
0.382 -0.06444173 -0.06446855 -0.06447885 -0.06447976 -0.06380311 -0.06191327 -0.06221346 -0.06403084
0.3825 -0.06444898 -0.06447527 -0.06448547 -0.06448637 -0.06381281 -0.0619197 -0.062217694 -0.064038105
0.383 -0.06445612 -0.06448191 -0.06449201 -0.06449289 -0.06382238 -0.06192605 -0.062221874 -0.06404528
0.3835 -0.06446318 -0.06448846 -0.06449846 -0.06449932 -0.06383185 -0.06193233 -0.062225983 -0.06405236
0.384 -0.06447014 -0.06449493 -0.06450482 -0.06450568 -0.063841194 -0.06193852 -0.06223006 -0.06405936
0.3845 -0.064477 -0.06450132 -0.06451111 -0.06451195 -0.06385042 -0.061944645 -0.062234093 -0.06406627
0.385 -0.06448378 -0.06450762 -0.06451732 -0.06451814 -0.063859545 -0.061950702 -0.06223808 -0.0640731
0.3855 -0.06449047 -0.06451385 -0.06452344 -0.06452425 -0.06386855 -0.061956678 -0.062242 -0.06407985
0.386 -0.06449707 -0.06452 -0.06452949 -0.06453029 -0.063877456 -0.06196258 -0.06224588 -0.06408651
0.3865 -0.06450358 -0.06452607 -0.06453546 -0.06453625 -0.06388624 -0.06196842 -0.062249713 -0.06409309
0.387 -0.06451001 -0.06453206 -0.06454135 -0.06454213 -0.06389493 -0.0619742 -0.06225351 -0.064099595
0.3875 -0.06451635 -0.06453797 -0.06454717 -0.06454793 -0.0639035 -0.061979894 -0.06225725 -0.06410601
0.388 -0.06452261 -0.06454382 -0.06455292 -0.06455366 -0.06391198 -0.061985526 -0.062260956 -0.06411235
0.3885 -0.06452879 -0.06454958 -0.06455859 -0.06455932 -0.06392035 -0.061991084 -0.062264603 -0.064118624
0.389 -0.06453488 -0.06455528 -0.06456419 -0.06456491 -0.06392861 -0.061996598 -0.06226822 -0.06412481
0.3895 -0.0645409 -0.0645609 -0.06456971 -0.06457042 -0.06393678 -0.062002037 -0.062271774 -0.06413092
0.39 -0.06454684 -0.06456645 -0.06457517 -0.06457586 -0.06394485 -0.0620074 -0.062275298 -0.06413695
0.3905 -0.06455269 -0.06457193 -0.06458056 -0.06458124 -0.06395282 -0.0620127 -0.062278774 -0.06414292
0.391 -0.06455848 -0.06457734 -0.06458587 -0.06458654 -0.06396069 -0.062017936 -0.062282212 -0.064148806
0.3915 -0.06456418 -0.06458268 -0.06459112 -0.06459178 -0.063968465 -0.062023107 -0.062285595 -0.064154625
0.392 -0.06456981 -0.06458795 -0.06459631 -0.06459695 -0.063976154 -0.062028226 -0.06228897 -0.06416038
0.3925 -0.06457537 -0.06459316 -0.06460142 -0.06460205 -0.06398374 -0.062033284 -0.062292278 -0.064166054
0.393 -0.06458085 -0.0645983 -0.06460647 -0.06460709 -0.06399123 -0.062038276 -0.062295556 -0.06417166
0.3935 -0.06458626 -0.06460338 -0.06461146 -0.06461207 -0.06399864 -0.062043216 -0.062298793 -0.0641772
0.394 -0.06459161 -0.06460839 -0.06461638 -0.06461698 -0.064005956 -0.062048096 -0.06230198 -0.06418268
0.3945 -0.06459688 -0.06461334 -0.06462124 -0.06462183 -0.06401318 -0.062052924 -0.06230515 -0.064188085
0.395 -0.06460208 -0.06461822 -0.06462604 -0.06462661 -0.06402032 -0.062057685 -0.062308263 -0.06419343
0.3955 -0.06460721 -0.06462304 -0.06463078 -0.06463134 -0.06402738 -0.062062386 -0.062311344 -0.0641987
0.396 -0.06461228 -0.06462781 -0.06463545 -0.064636 -0.06403434 -0.062067028 -0.062314387 -0.06420392
0.3965 -0.06461728 -0.06463251 -0.06464007 -0.06464061 -0.06404123 -0.062071625 -0.062317394 -0.06420907
0.397 -0.06462221 -0.06463715 -0.06464463 -0.06464515 -0.06404802 -0.062076163 -0.062320367 -0.064214155
0.3975 -0.06462708 -0.06464173 -0.06464913 -0.06464964 -0.06405474 -0.062080648 -0.06232331 -0.06421918
0.398 -0.06463189 -0.06464626 -0.06465357 -0.06465407 -0.06406137 -0.06208508 -0.062326215 -0.06422414
0.3985 -0.06463663 -0.06465073 -0.06465796 -0.06465845 -0.06406793 -0.06208947 -0.062329084 -0.06422904
0.399 -0.06464132 -0.06465514 -0.06466229 -0.06466277 -0.06407441 -0.06209379 -0.062331904 -0.064233884
0.3995 -0.06464594 -0.06465949 -0.06466656 -0.06466703 -0.064080805 -0.06209806 -0.06233471 -0.06423867
0.4 -0.0646505 -0.06466379 -0.06467078 -0.06467124 -0.06408712 -0.0621023 -0.062337477 -0.06424339
0.4005 -0.064655 -0.06466804 -0.06467495 -0.0646754 -0.064093366 -0.06210648 -0.06234021 -0.06424806
0.401 -0.06465944 -0.06467223 -0.06467906 -0.0646795 -0.064099535 -0.062110614 -0.06234293 -0.064252675
0.4015 -0.06466382 -0.06467637 -0.06468312 -0.06468355 -0.06410563 -0.062114704 -0.0623456 -0.064257234
0.402 -0.06466815 -0.06468045 -0.06468713 -0.06468755 -0.06411165 -0.062118735 -0.062348247 -0.064261734
0.4025 -0.06467242 -0.06468449 -0.06469109 -0.0646915 -0.0641176 -0.06212273 -0.062350858 -0.06426618
0.403 -0.06467663 -0.06468847 -0.064695 -0.0646954 -0.064123474 -0.062126655 -0.06235342 -0.06427057
0.4035 -0.06468079 -0.0646924 -0.06469885 -0.06469924 -0.064129286 -0.06213055 -0.062355984 -0.064274915
0.404 -0.0646849 -0.06469629 -0.06470266 -0.06470304 -0.064135015 -0.062134404 -0.06235849 -0.0642792
0.4045 -0.06468895 -0.06470012 -0.06470642 -0.06470679 -0.06414068 -0.062138196 -0.06236098 -0.06428343
0.405 -0.06469295 -0.06470391 -0.06471014 -0.0647105 -0.06414628 -0.06214195 -0.062363442 -0.06428761
0.4055 -0.06469689 -0.06470764 -0.0647138 -0.06471415 -0.06415181 -0.06214567 -0.06236588 -0.064291745
0.406 -0.06470079 -0.06471133 -0.06471742 -0.06471776 -0.06415727 -0.062149342 -0.062368277 -0.06429583
0.4065 -0.06470463 -0.06471498 -0.06472099 -0.06472132 -0.064162664 -0.06215297 -0.062370643 -0.06429987
0.407 -0.06470843 -0.06471857 -0.06472452 -0.06472484 -0.064168 -0.06215656 -0.062373 -0.06430385
0.4075 -0.06471217 -0.06472212 -0.064728 -0.06472832 -0.06417327 -0.062160093 -0.062375307 -0.06430778
0.408 -0.06471587 -0.06472563 -0.06473144 -0.06473174 -0.06417847 -0.06216358 -0.062377594 -0.06431167
0.4085 -0.06471952 -0.06472909 -0.06473483 -0.06473513 -0.064183615 -0.062167052 -0.062379874 -0.06431551
0.409 -0.06472312 -0.06473251 -0.06473818 -0.06473847 -0.0641887 -0.062170465 -0.06238209 -0.06431931
0.4095 -0.06472667 -0.06473589 -0.06474149 -0.06474177 -0.06419371 -0.062173847 -0.062384304 -0.06432307
0.41 -0.06473018 -0.06473922 -0.06474476 -0.06474503 -0.06419867 -0.062177192 -0.062386498 -0.06432676
0.4105 -0.06473364 -0.06474251 -0.06474798 -0.06474825 -0.06420357 -0.062180486 -0.06238865 -0.06433043
0.411 -0.06473706 -0.06474576 -0.06475117 -0.06475142 -0.0642084 -0.06218375 -0.062390786 -0.064334035
0.4115 -0.06474043 -0.06474896 -0.06475431 -0.06475456 -0.06421319 -0.062186975 -0.0623929 -0.06433761
0.412 -0.06474376 -0.06475213 -0.06475741 -0.06475765 -0.06421792 -0.062190164 -0.06239498 -0.06434114
0.4125 -0.06474704 -0.06475526 -0.06476048 -0.06476071 -0.06422258 -0.062193315 -0.06239705 -0.06434463
0.413 -0.06475029 -0.06475834 -0.0647635 -0.06476373 -0.06422719 -0.062196415 -0.062399082 -0.06434808
0.4135 -0.06475349 -0.06476139 -0.06476649 -0.06476671 -0.06423175 -0.0621995 -0.06240109 -0.064351484
0.414 -0.06475665 -0.0647644 -0.06476943 -0.06476965 -0.06423625 -0.06220253 -0.062403083 -0.06435484
0.4145 -0.06475977 -0.06476737 -0.06477235 -0.06477255 -0.064240694 -0.06220555 -0.06240505 -0.06435816
0.415 -0.06476284 -0.0647703 -0.06477522 -0.06477542 -0.06424509 -0.062208515 -0.062406998 -0.06436144
0.4155 -0.06476588 -0.0647732 -0.06477806 -0.06477825 -0.06424943 -0.062211443 -0.062408913 -0.06436468
0.416 -0.06476888 -0.06477606 -0.06478086 -0.06478104 -0.06425372 -0.062214334 -0.062410798 -0.06436789
0.4165 -0.06477184 -0.06477888 -0.06478362 -0.0647838 -0.06425796 -0.062217202 -0.062412698 -0.06437105
0.417 -0.06477476 -0.06478167 -0.06478635 -0.06478653 -0.064262144 -0.062220026 -0.06241454 -0.06437418
0.4175 -0.06477764 -0.06478442 -0.06478905 -0.06478922 -0.06426628 -0.062222835 -0.062416382 -0.06437726
0.418 -0.06478049 -0.06478714 -0.06479171 -0.06479187 -0.06427037 -0.062225606 -0.062418193 -0.06438032
0.4185 -0.0647833 -0.06478982 -0.06479434 -0.06479449 -0.06427441 -0.06222834 -0.062419992 -0.06438333
0.419 -0.06478607 -0.06479247 -0.06479693 -0.06479708 -0.064278394 -0.062231045 -0.06242176 -0.06438631
0.4195 -0.06478881 -0.06479509 -0.0647995 -0.06479964 -0.06428234 -0.062233713 -0.062423516 -0.06438926
0.42 -0.06479151 -0.06479767 -0.06480203 -0.06480216 -0.06428624 -0.06223635 -0.062425252 -0.064392164
0.4205 -0.06479418 -0.06480022 -0.06480452 -0.06480465 -0.064290084 -0.062238965 -0.06242696 -0.06439505
0.421 -0.06479681 -0.06480274 -0.06480699 -0.06480711 -0.06429389 -0.062241543 -0.06242865 -0.06439788
0.4215 -0.06479941 -0.06480523 -0.06480942 -0.06480954 -0.06429765 -0.06224409 -0.062430333 -0.06440068
0.422 -0.06480197 -0.06480768 -0.06481183 -0.06481194 -0.06430136 -0.062246617 -0.06243198 -0.06440345
0.4225 -0.0648045 -0.0648101 -0.0648142 -0.06481431 -0.06430502 -0.062249105 -0.062433615 -0.06440619
0.423 -0.064807 -0.0648125 -0.06481654 -0.06481664 -0.06430864 -0.062251564 -0.06243523 -0.06440889
0.4235 -0.06480947 -0.06481486 -0.06481885 -0.06481895 -0.06431223 -0.062254008 -0.062436823 -0.064411566
0.424 -0.0648119 -0.06481719 -0.06482114 -0.06482123 -0.06431576 -0.062256414 -0.062438406 -0.0644142
0.4245 -0.0648143 -0.06481949 -0.06482339 -0.06482348 -0.06431925 -0.062258784 -0.062439963 -0.06441681
0.425 -0.06481668 -0.06482177 -0.06482562 -0.0648257 -0.06432271 -0.062261146 -0.062441517 -0.06441939
0.4255 -0.06481902 -0.06482401 -0.06482782 -0.06482789 -0.06432612 -0.062263463 -0.062443025 -0.06442194
0.426 -0.06482133 -0.06482623 -0.06482999 -0.06483006 -0.0643295 -0.062265765 -0.06244454 -0.064424455
0.4265 -0.06482361 -0.06482842 -0.06483213 -0.0648322 -0.06433283 -0.06226803 -0.062446024 -0.064426936
0.427 -0.06482586 -0.06483058 -0.06483424 -0.06483431 -0.06433611 -0.062270273 -0.0624475 -0.064429395
0.4275 -0.06482808 -0.06483271 -0.06483633 -0.06483639 -0.06433937 -0.062272493 -0.062448945 -0.064431824
0.428 -0.06483028 -0.06483482 -0.06483839 -0.06483845 -0.06434258 -0.062274683 -0.062450383 -0.064434215
0.4285 -0.06483244 -0.0648369 -0.06484043 -0.06484048 -0.06434576 -0.062276844 -0.062451802 -0.06443659
0.429 -0.06483458 -0.06483896 -0.06484244 -0.06484249 -0.06434891 -0.062278982 -0.062453214 -0.06443894
0.4295 -0.06483669 -0.06484098 -0.06484442 -0.06484447 -0.064352006 -0.062281106 -0.06245461 -0.06444125
0.43 -0.06483877 -0.06484299 -0.06484638 -0.06484642 -0.06435507 -0.0622832 -0.06245598 -0.06444353
0.4305 -0.06484083 -0.06484496 -0.06484832 -0.06484835 -0.06435809 -0.062285256 -0.06245733 -0.06444579
0.431 -0.06484286 -0.06484691 -0.06485023 -0.06485026 -0.06436109 -0.062287312 -0.06245869 -0.06444803
0.4315 -0.06484486 -0.06484884 -0.06485211 -0.06485214 -0.064364046 -0.06228933 -0.06246001 -0.064450234
0.432 -0.06484684 -0.06485075 -0.06485398 -0.064854 -0.06436697 -0.06229132 -0.06246132 -0.06445241
0.4325 -0.06484879 -0.06485262 -0.06485581 -0.06485584 -0.06436985 -0.062293295 -0.0624626 -0.064454556
0.433 -0.06485072 -0.06485448 -0.06485763 -0.06485765 -0.0643727 -0.06229524 -0.062463883 -0.06445669
0.4335 -0.06485262 -0.06485631 -0.06485942 -0.06485944 -0.06437552 -0.06229717 -0.062465165 -0.06445879
0.434 -0.0648545 -0.06485812 -0.06486119 -0.0648612 -0.0643783 -0.06229907 -0.062466413 -0.064460866
0.4345 -0.06485635 -0.06485991 -0.06486294 -0.06486295 -0.064381056 -0.062300954 -0.062467657 -0.06446292
0.435 -0.06485818 -0.06486167 -0.06486466 -0.06486467 -0.064383775 -0.062302824 -0.062468894 -0.06446494
0.4355 -0.06485999 -0.06486341 -0.06486637 -0.06486637 -0.06438646 -0.06230467 -0.062470093 -0.06446694
0.436 -0.06486177 -0.06486513 -0.06486805 -0.06486805 -0.06438911 -0.06230649 -0.062471297 -0.06446892
0.4365 -0.06486353 -0.06486683 -0.06486971 -0.06486971 -0.06439174 -0.062308285 -0.06247249 -0.06447088
0.437 -0.06486527 -0.0648685 -0.06487135 -0.06487134 -0.06439433 -0.06231008 -0.062473655 -0.06447282
0.4375 -0.06486698 -0.06487016 -0.06487297 -0.06487296 -0.06439689 -0.06231184 -0.062474813 -0.064474724
0.438 -0.06486868 -0.06487179 -0.06487457 -0.06487455 -0.06439942 -0.062313575 -0.062475972 -0.06447661
0.4385 -0.06487035 -0.0648734 -0.06487614 -0.06487613 -0.064401925 -0.06231529 -0.062477093 -0.06447847
0.439 -0.064872 -0.064875 -0.0648777 -0.06487769 -0.0644044 -0.062316988 -0.06247822 -0.06448032
0.4395 -0.06487363 -0.06487657 -0.06487924 -0.06487922 -0.06440684 -0.06231867 -0.062479336 -0.06448214
0.44 -0.06487523 -0.06487812 -0.06488076 -0.06488074 -0.064409256 -0.06232034 -0.062480424 -0.06448394
0.4405 -0.06487682 -0.06487966 -0.06488226 -0.06488224 -0.06441164 -0.062321972 -0.062481504 -0.064485714
0.441 -0.06487839 -0.06488117 -0.06488374 -0.06488371 -0.064413995 -0.062323596 -0.062482584 -0.06448747
0.4415 -0.06487993 -0.06488266 -0.0648852 -0.06488517 -0.06441633 -0.062325206 -0.06248363 -0.06448921
0.442 -0.06488146 -0.06488414 -0.06488664 -0.06488661 -0.06441863 -0.062326793 -0.062484674 -0.06449093
0.4425 -0.06488297 -0.0648856 -0.06488807 -0.06488804 -0.0644209 -0.062328357 -0.062485714 -0.06449263
0.443 -0.06488445 -0.06488704 -0.06488948 -0.06488944 -0.064423144 -0.0623299 -0.062486738 -0.0644943
0.4435 -0.06488592 -0.06488846 -0.06489087 -0.06489083 -0.064425364 -0.062331434 -0.062487755 -0.06449595
0.444 -0.06488737 -0.06488986 -0.06489224 -0.0648922 -0.06442756 -0.062332947 -0.062488757 -0.06449758
0.4445 -0.0648888 -0.06489124 -0.06489359 -0.06489355 -0.06442973 -0.06233445 -0.06248974 -0.06449921
0.445 -0.06489022 -0.06489261 -0.06489493 -0.06489489 -0.06443187 -0.062335927 -0.06249072 -0.064500794
0.4455 -0.06489161 -0.06489396 -0.06489625 -0.06489621 -0.06443399 -0.062337387 -0.062491696 -0.06450238
0.446 -0.06489299 -0.0648953 -0.06489756 -0.06489751 -0.064436086 -0.06233884 -0.062492657 -0.064503945
0.4465 -0.06489435 -0.06489661 -0.06489884 -0.0648988 -0.06443815 -0.06234027 -0.062493596 -0.06450548
0.447 -0.06489569 -0.06489791 -0.06490011 -0.06490006 -0.0644402 -0.062341664 -0.06249452 -0.06450701
0.4475 -0.06489701 -0.0648992 -0.06490137 -0.06490132 -0.06444222 -0.062343072 -0.06249544 -0.064508505
0.448 -0.06489832 -0.06490046 -0.06490261 -0.06490256 -0.064444214 -0.062344458 -0.062496353 -0.06450999
0.4485 -0.06489961 -0.06490171 -0.06490383 -0.06490378 -0.06444619 -0.06234582 -0.06249727 -0.06451146
0.449 -0.06490089 -0.06490295 -0.06490504 -0.06490498 -0.06444814 -0.062347177 -0.06249816 -0.064512916
0.4495 -0.06490215 -0.06490417 -0.06490623 -0.06490618 -0.06445006 -0.06234851 -0.062499043 -0.064514354
0.45 -0.06490339 -0.06490537 -0.06490741 -0.06490735 -0.06445197 -0.06234983 -0.06249992 -0.06451577
0.4505 -0.06490461 -0.06490656 -0.06490857 -0.06490851 -0.06445385 -0.06235114 -0.06250079 -0.06451717
0.451 -0.06490582 -0.06490774 -0.06490972 -0.06490966 -0.06445571 -0.062352438 -0.06250164 -0.064518556
0.4515 -0.06490702 -0.0649089 -0.06491086 -0.06491079 -0.06445755 -0.06235371 -0.06250247 -0.06451992
0.452 -0.0649082 -0.06491004 -0.06491198 -0.06491191 -0.06445936 -0.062354963 -0.06250331 -0.06452127
0.4525 -0.06490936 -0.06491117 -0.06491308 -0.06491302 -0.06446116 -0.062356208 -0.06250414 -0.06452261
0.453 -0.06491051 -0.06491229 -0.06491417 -0.06491411 -0.06446293 -0.062357437 -0.062504955 -0.064523935
0.4535 -0.06491165 -0.06491339 -0.06491525 -0.06491518 -0.06446468 -0.06235866 -0.06250575 -0.06452524
0.454 -0.06491277 -0.06491448 -0.06491631 -0.06491625 -0.06446642 -0.062359866 -0.062506564 -0.06452653
0.4545 -0.06491387 -0.06491555 -0.06491736 -0.0649173 -0.06446813 -0.06236105 -0.06250736 -0.06452781
0.455 -0.06491496 -0.06491661 -0.0649184 -0.06491833 -0.06446982 -0.062362235 -0.062508136 -0.06452906
0.4555 -0.06491604 -0.06491766 -0.06491943 -0.06491936 -0.06447149 -0.062363397 -0.06250891 -0.064530306
0.456 -0.06491711 -0.0649187 -0.06492044 -0.06492037 -0.064473145 -0.062364545 -0.06250966 -0.064531535
0.4565 -0.06491816 -0.06491972 -0.06492144 -0.06492136 -0.06447478 -0.062365685 -0.06251043 -0.06453275
0.457 -0.06491919 -0.06492073 -0.06492242 -0.06492235 -0.064476386 -0.062366802 -0.06251116 -0.06453396
0.4575 -0.06492022 -0.06492172 -0.0649234 -0.06492332 -0.06447798 -0.06236792 -0.062511906 -0.06453514
0.458 -0.06492123 -0.0649227 -0.06492436 -0.06492428 -0.06447955 -0.062369015 -0.062512636 -0.0645363
0.4585 -0.06492223 -0.06492368 -0.06492531 -0.06492523 -0.06448111 -0.062370103 -0.06251335 -0.06453747
0.459 -0.06492321 -0.06492463 -0.06492624 -0.06492617 -0.06448265 -0.062371176 -0.06251408 -0.06453862
0.4595 -0.06492419 -0.06492558 -0.06492717 -0.06492709 -0.06448417 -0.06237224 -0.06251478 -0.064539745
0.46 -0.06492515 -0.06492652 -0.06492808 -0.06492801 -0.06448568 -0.06237329 -0.06251548 -0.06454086
0.4605 -0.06492609 -0.06492744 -0.06492899 -0.06492891 -0.06448716 -0.062374327 -0.06251617 -0.06454197
0.461 -0.06492703 -0.06492835 -0.06492988 -0.0649298 -0.06448863 -0.062375363 -0.06251685 -0.06454307
0.4615 -0.06492795 -0.06492925 -0.06493076 -0.06493068 -0.06449008 -0.062376376 -0.06251753 -0.06454415
0.462 -0.06492886 -0.06493014 -0.06493162 -0.06493155 -0.06449151 -0.062377382 -0.06251821 -0.06454521
0.4625 -0.06492977 -0.06493101 -0.06493248 -0.0649324 -0.064492926 -0.062378373 -0.062518865 -0.064546265
0.463 -0.06493065 -0.06493188 -0.06493333 -0.06493325 -0.06449433 -0.062379356 -0.062519506 -0.06454731
0.4635 -0.06493153 -0.06493274 -0.06493417 -0.06493408 -0.06449571 -0.062380318 -0.062520154 -0.064548336
0.464 -0.0649324 -0.06493358 -0.06493499 -0.06493491 -0.06449708 -0.062381286 -0.06252079 -0.06454936
0.4645 -0.06493325 -0.06493441 -0.06493581 -0.06493572 -0.06449843 -0.062382225 -0.06252143 -0.064550355
0.465 -0.0649341 -0.06493524 -0.06493661 -0.06493653 -0.064499766 -0.062383156 -0.062522046 -0.06455135
0.4655 -0.06493493 -0.06493605 -0.06493741 -0.06493732 -0.06450109 -0.062384088 -0.06252267 -0.06455234
0.466 -0.06493575 -0.06493685 -0.06493819 -0.06493811 -0.064502396 -0.062384997 -0.062523276 -0.064553306
0.4665 -0.06493657 -0.06493765 -0.06493897 -0.06493888 -0.064503685 -0.062385913 -0.06252389 -0.06455426
0.467 -0.06493737 -0.06493843 -0.06493973 -0.06493965 -0.06450496 -0.0623868 -0.06252448 -0.06455521
0.4675 -0.06493816 -0.0649392 -0.06494049 -0.0649404 -0.06450622 -0.062387686 -0.062525064 -0.06455615
0.468 -0.06493894 -0.06493996 -0.06494123 -0.06494115 -0.06450747 -0.06238855 -0.06252566 -0.064557076
0.4685 -0.06493972 -0.06494072 -0.06494197 -0.06494189 -0.0645087 -0.062389422 -0.06252624 -0.064558
0.469 -0.06494048 -0.06494146 -0.0649427 -0.06494261 -0.06450991 -0.062390286 -0.06252681 -0.0645589
0.4695 -0.06494123 -0.0649422 -0.06494341 -0.06494333 -0.06451111 -0.062391136 -0.06252738 -0.0645598
0.47 -0.06494197 -0.06494292 -0.06494412 -0.06494404 -0.0645123 -0.06239197 -0.06252794 -0.064560674
0.4705 -0.06494271 -0.06494364 -0.06494482 -0.06494474 -0.064513475 -0.06239279 -0.06252849 -0.064561546
0.471 -0.06494343 -0.06494434 -0.06494552 -0.06494543 -0.06451464 -0.06239361 -0.06252904 -0.06456241
0.4715 -0.06494415 -0.06494504 -0.0649462 -0.06494611 -0.064515784 -0.062394414 -0.06252958 -0.06456326
0.472 -0.06494485 -0.06494573 -0.06494687 -0.06494679 -0.06451692 -0.06239521 -0.0625301 -0.06456411
0.4725 -0.06494555 -0.06494641 -0.06494754 -0.06494745 -0.06451804 -0.06239601 -0.06253064 -0.06456494
0.473 -0.06494624 -0.06494709 -0.0649482 -0.06494811 -0.064519145 -0.062396783 -0.062531166 -0.06456577
0.4735 -0.06494692 -0.06494775 -0.06494884 -0.06494876 -0.06452024 -0.06239755 -0.06253168 -0.06456659
0.474 -0.06494759 -0.0649484 -0.06494949 -0.0649494 -0.06452133 -0.06239832 -0.0625322 -0.064567395
0.4745 -0.06494825 -0.06494905 -0.06495012 -0.06495003 -0.06452239 -0.062399086 -0.06253271 -0.06456819
0.475 -0.0649489 -0.06494969 -0.06495074 -0.06495066 -0.06452345 -0.06239983 -0.062533215 -0.064568974
0.4755 -0.06494955 -0.06495032 -0.06495136 -0.06495128 -0.064524494 -0.062400576 -0.06253371 -0.06456976
0.476 -0.06495018 -0.06495094 -0.06495197 -0.06495189 -0.06452553 -0.062401313 -0.0625342 -0.06457052
0.4765 -0.06495081 -0.06495156 -0.06495257 -0.06495249 -0.06452655 -0.06240203 -0.062534675 -0.06457128
0.477 -0.06495143 -0.06495217 -0.06495316 -0.06495308 -0.06452756 -0.062402736 -0.06253515 -0.06457203
0.4775 -0.06495205 -0.06495277 -0.06495375 -0.06495367 -0.064528555 -0.062403437 -0.06253563 -0.064572774
0.478 -0.06495265 -0.06495336 -0.06495433 -0.06495425 -0.06452954 -0.062404137 -0.06253609 -0.064573504
0.4785 -0.06495325 -0.06495394 -0.0649549 -0.06495482 -0.064530514 -0.062404815 -0.06253656 -0.06457423
0.479 -0.06495384 -0.06495452 -0.06495547 -0.06495538 -0.064531475 -0.0624055 -0.062537014 -0.06457494
0.4795 -0.06495442 -0.06495509 -0.06495602 -0.06495594 -0.06453243 -0.06240618 -0.06253748 -0.06457564
0.48 -0.064955 -0.06495565 -0.06495658 -0.06495649 -0.06453337 -0.06240685 -0.06253793 -0.06457635
0.4805 -0.06495557 -0.06495621 -0.06495712 -0.06495704 -0.0645343 -0.062407512 -0.062538356 -0.064577036
0.481 -0.06495613 -0.06495676 -0.06495766 -0.06495757 -0.064535215 -0.062408153 -0.0625388 -0.06457771
0.4815 -0.06495668 -0.0649573 -0.06495819 -0.0649581 -0.064536124 -0.06240881 -0.062539235 -0.0645784
0.482 -0.06495723 -0.06495784 -0.06495871 -0.06495863 -0.064537026 -0.062409442 -0.06253967 -0.06457906
0.4825 -0.06495777 -0.06495837 -0.06495923 -0.06495914 -0.06453791 -0.062410075 -0.0625401 -0.064579725
0.483 -0.0649583 -0.06495889 -0.06495974 -0.06495965 -0.064538784 -0.062410694 -0.062540516 -0.06458037
0.4835 -0.06495882 -0.0649594 -0.06496024 -0.06496016 -0.064539656 -0.062411312 -0.062540926 -0.064581014
0.484 -0.06495934 -0.06495991 -0.06496074 -0.06496066 -0.06454051 -0.062411923 -0.06254135 -0.064581655
0.4845 -0.06495986 -0.06496041 -0.06496123 -0.06496115 -0.06454136 -0.062412534 -0.06254175 -0.06458228
0.485 -0.06496036 -0.06496091 -0.06496171 -0.06496163 -0.0645422 -0.062413137 -0.06254214 -0.06458291
0.4855 -0.06496086 -0.0649614 -0.06496219 -0.06496211 -0.06454302 -0.06241372 -0.062542535 -0.064583525
0.486 -0.06496136 -0.06496188 -0.06496267 -0.06496259 -0.06454384 -0.062414292 -0.06254293 -0.06458413
0.4865 -0.06496184 -0.06496236 -0.06496313 -0.06496305 -0.06454465 -0.062414873 -0.06254333 -0.064584725
0.487 -0.06496232 -0.06496283 -0.0649636 -0.06496352 -0.064545445 -0.062415447 -0.06254371 -0.06458531
0.4875 -0.0649628 -0.0649633 -0.06496405 -0.06496397 -0.064546235 -0.062416013 -0.0625441 -0.06458591
0.488 -0.06496327 -0.06496376 -0.0649645 -0.06496442 -0.06454702 -0.062416565 -0.06254448 -0.06458649
0.4885 -0.06496373 -0.06496421 -0.06496494 -0.06496487 -0.06454779 -0.062417123 -0.06254485 -0.064587064
0.489 -0.06496419 -0.06496466 -0.06496538 -0.0649653 -0.06454855 -0.062417675 -0.062545225 -0.06458764
0.4895 -0.06496464 -0.0649651 -0.06496582 -0.06496574 -0.06454931 -0.06241821 -0.06254558 -0.06458819
0.49 -0.06496508 -0.06496554 -0.06496624 -0.06496617 -0.06455006 -0.062418748 -0.06254593 -0.06458875
0.4905 -0.06496552 -0.06496597 -0.06496667 -0.06496659 -0.064550795 -0.06241926 -0.0625463 -0.06458929
0.491 -0.06496596 -0.0649664 -0.06496708 -0.06496701 -0.06455152 -0.062419783 -0.06254664 -0.064589836
0.4915 -0.06496639 -0.06496682 -0.06496749 -0.06496742 -0.06455224 -0.06242029 -0.06254699 -0.06459037
0.492 -0.06496681 -0.06496724 -0.0649679 -0.06496782 -0.06455295 -0.06242081 -0.06254734 -0.0645909
0.4925 -0.06496723 -0.06496765 -0.0649683 -0.06496823 -0.064553656 -0.062421303 -0.06254768 -0.06459142
0.493 -0.06496764 -0.06496805 -0.0649687 -0.06496862 -0.06455435 -0.062421802 -0.06254802 -0.06459194
0.4935 -0.06496805 -0.06496845 -0.06496909 -0.06496901 -0.064555034 -0.062422287 -0.062548354 -0.06459244
0.494 -0.06496845 -0.06496885 -0.06496948 -0.0649694 -0.06455571 -0.06242278 -0.06254868 -0.06459295
0.4945 -0.06496885 -0.06496924 -0.06496986 -0.06496978 -0.06455638 -0.062423263 -0.06254902 -0.06459345
0.495 -0.06496924 -0.06496962 -0.06497024 -0.06497016 -0.064557046 -0.062423747 -0.06254934 -0.06459394
0.4955 -0.06496963 -0.06497 -0.06497061 -0.06497053 -0.0645577 -0.062424224 -0.062549666 -0.06459443
0.496 -0.06497001 -0.06497038 -0.06497098 -0.0649709 -0.06455835 -0.062424686 -0.06254998 -0.06459491
0.4965 -0.06497039 -0.06497075 -0.06497134 -0.06497126 -0.06455899 -0.062425155 -0.06255029 -0.06459539
0.497 -0.06497076 -0.06497111 -0.0649717 -0.06497162 -0.06455962 -0.06242561 -0.062550604 -0.064595856
0.4975 -0.06497113 -0.06497148 -0.06497205 -0.06497198 -0.06456026 -0.062426064 -0.06255092 -0.064596325
0.498 -0.06497149 -0.06497183 -0.0649724 -0.06497233 -0.064560875 -0.062426504 -0.06255121 -0.06459679
0.4985 -0.06497185 -0.06497219 -0.06497274 -0.06497267 -0.064561486 -0.062426943 -0.06255151 -0.064597234
0.499 -0.0649722 -0.06497253 -0.06497309 -0.06497301 -0.06456209 -0.062427383 -0.062551804 -0.06459769
0.4995 -0.06497255 -0.06497288 -0.06497342 -0.06497335 -0.064562686 -0.062427808 -0.062552094 -0.06459813
0.5 -0.0649729 -0.06497322 -0.06497375 -0.06497368 -0.06456328 -0.062428225 -0.06255239 -0.06459857
