9.845217317342758179e-02 3.410351872444152832e-01
3.462186455726623535e-01 7.173609733581542969e-02
5.995246022939682007e-02 9.201700985431671143e-02
8.211269974708557129e-02 6.994091719388961792e-02
6.296122074127197266e-02 2.937869355082511902e-02
2.696778997778892517e-02 2.607792057096958160e-02
2.573242783546447754e-02 3.610207140445709229e-02
3.566023334860801697e-02 3.683450818061828613e-02
3.593645244836807251e-02 2.743496932089328766e-02
2.653026580810546875e-02 1.882624253630638123e-02
1.769018545746803284e-02 1.800678484141826630e-02
1.579188928008079529e-02 2.081056684255599976e-02
1.723581366240978241e-02 2.303795143961906433e-02
1.839854009449481964e-02 2.424869500100612640e-02
1.886455714702606201e-02 2.304783836007118225e-02
1.766736619174480438e-02 1.952255144715309143e-02
1.480460446327924728e-02 1.657442934811115265e-02
1.256772130727767944e-02 1.570593193173408508e-02
1.227758917957544327e-02 1.531664468348026276e-02
1.265978999435901642e-02 1.417727209627628326e-02
1.244969759136438370e-02 1.278704404830932617e-02
1.154150534421205521e-02 1.194729842245578766e-02
1.028315629810094833e-02 1.179210562258958817e-02
9.244233369827270508e-03 1.157590467482805252e-02
8.425666950643062592e-03 1.082616299390792847e-02
7.608887739479541779e-03 1.016007829457521439e-02
7.150945253670215607e-03 9.564517065882682800e-03
6.717176642268896103e-03 8.527647703886032104e-03
5.737476050853729248e-03 7.512799464166164398e-03
4.749444313347339630e-03 6.837172899395227432e-03
4.194012843072414398e-03 6.366691086441278458e-03
3.965652547776699066e-03 6.091508083045482635e-03
3.895683214068412781e-03 5.827223882079124451e-03
3.661226015537977219e-03 5.624226760119199753e-03
3.464856417849659920e-03 4.974910058081150055e-03
3.094773972406983376e-03 4.164381884038448334e-03
2.691888250410556793e-03 3.679503453895449638e-03
2.429712098091840744e-03 3.521583974361419678e-03
2.281342633068561554e-03 3.440144937485456467e-03
2.213467145338654518e-03 3.111108439043164253e-03
2.046315697953104973e-03 2.791158389300107956e-03
1.897846930660307407e-03 2.565891481935977936e-03
1.717945793643593788e-03 2.438398310914635658e-03
1.534228911623358727e-03 2.349011832848191261e-03
1.431206241250038147e-03 2.153211506083607674e-03
1.342718605883419514e-03 1.965373987331986427e-03
1.271693268790841103e-03 1.826041028834879398e-03
1.146803027950227261e-03 1.773953204974532127e-03
1.055993488989770412e-03 1.647609286010265350e-03
9.776942897588014603e-04 1.463703112676739693e-03
9.048762731254100800e-04 1.401258748956024647e-03
8.598227286711335182e-04 1.451141666620969772e-03
8.086668094620108604e-04 1.474857213906943798e-03
7.545286207459867001e-04 1.369214151054620743e-03
6.824271986261010170e-04 1.293589128181338310e-03
6.563350325450301170e-04 1.289752894081175327e-03
6.294148042798042297e-04 1.281487289816141129e-03
5.986418109387159348e-04 1.173476921394467354e-03
5.662824842147529125e-04 1.033333479426801205e-03
5.389063735492527485e-04 9.538609301671385765e-04
4.947494599036872387e-04 9.489192743785679340e-04
4.622120468411594629e-04 9.364447323605418205e-04
4.533033934421837330e-04 8.786545949988067150e-04
4.373789415694773197e-04 8.427578140981495380e-04
4.102808015886694193e-04 8.495496585965156555e-04
3.908202634193003178e-04 8.213821565732359886e-04
3.749069292098283768e-04 7.507444242946803570e-04
3.554621071089059114e-04 7.220614934340119362e-04
3.434132668189704418e-04 7.227988680824637413e-04
3.331211628392338753e-04 6.792014464735984802e-04
3.130621335003525019e-04 6.299215019680559635e-04
2.971849171444773674e-04 6.329227471724152565e-04
2.869383606594055891e-04 6.549692479893565178e-04
2.778686466626822948e-04 6.376040983013808727e-04
2.648012887220829725e-04 6.147131207399070263e-04
2.552090445533394814e-04 6.167144165374338627e-04
2.440159732941538095e-04 6.100832833908498287e-04
2.366716944379732013e-04 5.722515634261071682e-04
2.295819285791367292e-04 5.557446856983006001e-04
2.228439116152003407e-04 5.622778553515672684e-04
2.148441708413884044e-04 5.432152538560330868e-04
2.062117273453623056e-04 5.181752494536340237e-04
2.001050888793542981e-04 5.230579990893602371e-04
1.941307709785178304e-04 5.286307423375546932e-04
1.883175718830898404e-04 5.106701864860951900e-04
1.824651262722909451e-04 5.047039012424647808e-04
1.782242034096270800e-04 5.097831017337739468e-04
1.728701899992302060e-04 4.918708582408726215e-04
1.674645754974335432e-04 4.704481980297714472e-04
1.636845554457977414e-04 4.690357891377061605e-04
1.589267340023070574e-04 4.623645800165832043e-04
1.551438472233712673e-04 4.432107671163976192e-04
1.516051415819674730e-04 4.393660929054021835e-04
1.468114205636084080e-04 4.407546948641538620e-04
1.427807001164183021e-04 4.275986866559833288e-04
1.394500286551192403e-04 4.225381708238273859e-04
1.362647890346124768e-04 4.253158695064485073e-04
1.331279927399009466e-04 4.115519986953586340e-04
1.297420385526493192e-04 3.982912749052047729e-04
1.266086474061012268e-04 3.967721131630241871e-04
1.237932301592081785e-04 3.872164816129952669e-04
1.210984191857278347e-04 3.775781369768083096e-04
1.185040237032808363e-04 3.790128102991729975e-04
1.157152437372133136e-04 3.737874503713101149e-04
1.131477038143202662e-04 3.652236191555857658e-04
1.110119046643376350e-04 3.661635273601859808e-04
1.087017226382158697e-04 3.616691683419048786e-04
1.064220195985399187e-04 3.513439733069390059e-04
1.043535739881917834e-04 3.479906008578836918e-04
1.022293145069852471e-04 3.417537955101579428e-04
1.003396610030904412e-04 3.333638887852430344e-04
9.853977098828181624e-05 3.337761445436626673e-04
9.653934830566868186e-05 3.319512179587036371e-04
9.468069765716791153e-05 3.265548439230769873e-04
9.296472126152366400e-05 3.262650861870497465e-04
9.124974167207255960e-05 3.219408972654491663e-04
8.962235006038099527e-05 3.151584533043205738e-04
8.803420496406033635e-05 3.131807316094636917e-04
8.646615606267005205e-05 3.075503045693039894e-04
8.496532245771959424e-05 3.019279101863503456e-04
8.353860903298482299e-05 3.017248236574232578e-04
8.212200191337615252e-05 2.987895568367093801e-04
8.071555930655449629e-05 2.967951295431703329e-04
7.940165232867002487e-05 2.965493185911327600e-04
7.810931128915399313e-05 2.913286734838038683e-04
7.681656279601156712e-05 2.877329825423657894e-04
7.557919161627069116e-05 2.851528697647154331e-04
7.436722808051854372e-05 2.797613560687750578e-04
7.319678843487054110e-05 2.775703906081616879e-04
7.206302689155563712e-05 2.750686544459313154e-04
7.094690226949751377e-05 2.716969465836882591e-04
6.986607331782579422e-05 2.714428410399705172e-04
6.880449655000120401e-05 2.687129308469593525e-04
6.776520604034885764e-05 2.655261778272688389e-04
6.675434269709512591e-05 2.633521216921508312e-04
6.576509622391313314e-05 2.589454525150358677e-04
6.479279545601457357e-05 2.567511401139199734e-04
6.384096195688471198e-05 2.546024334151297808e-04
6.291947647696360946e-05 2.513551444280892611e-04
6.201249198056757450e-05 2.501238195691257715e-04
6.112267874414101243e-05 2.474878565408289433e-04
6.025523907737806439e-05 2.455738431308418512e-04
5.940344271948561072e-05 2.440599055262282491e-04
5.857431096956133842e-05 2.407641150057315826e-04
5.775993849965743721e-05 2.388847933616489172e-04
5.695997970178723335e-05 2.362274972256273031e-04
5.617917486233636737e-05 2.339642669539898634e-04
5.541428254218772054e-05 2.325045934412628412e-04
5.466567745315842330e-05 2.297417668160051107e-04
5.393202809500508010e-05 2.282003842992708087e-04
5.321310163708403707e-05 2.259582688566297293e-04
5.250800313660874963e-05 2.239142777398228645e-04
5.181969754630699754e-05 2.222145412815734744e-04
5.114643136039376259e-05 2.194923872593790293e-04
5.048488310421817005e-05 2.178477298002690077e-04
4.983744656783528626e-05 2.155297697754576802e-04
4.920311766909435391e-05 2.138016716344282031e-04
4.858347165281884372e-05 2.120004210155457258e-04
4.797694055014289916e-05 2.097778778988867998e-04
4.738143616123124957e-05 2.082718128804117441e-04
4.679884295910596848e-05 2.060429251287132502e-04
4.622862252290360630e-05 2.045399451162666082e-04
4.566975258057937026e-05 2.023517590714618564e-04
4.512153827818110585e-05 2.005195274250581861e-04
4.458465627976693213e-05 1.987111318157985806e-04
4.405865911394357681e-05 1.968474098248407245e-04
4.354309203336015344e-05 1.953567116288468242e-04
4.303735113353468478e-05 1.933135063154622912e-04
4.254116720403544605e-05 1.919028727570548654e-04
4.205507138976827264e-05 1.899287890410050750e-04
4.157788134762085974e-05 1.886061654658988118e-04
4.110960071557201445e-05 1.866499078460037708e-04
4.065004395670257509e-05 1.851939741754904389e-04
4.019893458462320268e-05 1.833114656619727612e-04
3.975626896135509014e-05 1.818963646655902267e-04
3.932180698029696941e-05 1.801492180675268173e-04
3.889525760314427316e-05 1.786990178516134620e-04
3.847633706755004823e-05 1.770029484760016203e-04
3.806508539128117263e-05 1.756191777531057596e-04
3.766119698411785066e-05 1.739996951073408127e-04
3.726468275999650359e-05 1.726165646687150002e-04
3.687514254124835134e-05 1.708915078779682517e-04
3.649245263659395278e-05 1.695482496870681643e-04
3.611662032199092209e-05 1.677906111581251025e-04
3.574745278456248343e-05 1.666518219280987978e-04
3.538483724696561694e-05 1.647358585614711046e-04
3.502881008898839355e-05 1.639263064134865999e-04
3.467953138169832528e-05 1.616511435713618994e-04
3.433749952819198370e-05 1.615142973605543375e-04
3.400418063392862678e-05 1.582965924171730876e-04
3.368287798366509378e-05 1.595766079844906926e-04
3.338198803248815238e-05 1.542567915748804808e-04
3.312171975267119706e-05 1.591235777596011758e-04
3.295256829005666077e-05 1.488879788666963577e-04
3.300403841421939433e-05 1.630082988413050771e-04
3.360644768690690398e-05 1.414188300259411335e-04
3.564635699149221182e-05 1.828215317800641060e-04
4.138894655625335872e-05 1.402461639372631907e-04
5.700871770386584103e-05 2.753449080046266317e-04
9.620068158255890012e-05 2.237076114397495985e-04
1.890504208859056234e-04 6.412316579371690750e-04
3.550324181560426950e-04 5.316153983585536480e-04
5.533914081752300262e-04 9.957693982869386673e-04
5.883974954485893250e-04 3.398093685973435640e-04
3.205022658221423626e-04 2.568459603935480118e-04
5.602313467534258962e-05 3.745724097825586796e-04
1.210196423926390707e-04 3.160934429615736008e-04
2.977134718094021082e-04 5.261779879219830036e-04
2.205813943874090910e-04 1.725528127280995250e-04
4.593935227603651583e-05 1.860563497757539153e-04
1.048163758241571486e-04 5.127097247168421745e-04
2.062186831608414650e-04 1.893293083412572742e-04
1.058601337717846036e-04 1.790560636436566710e-04
3.637589543359354138e-05 3.665679250843822956e-04
1.211198759847320616e-04 1.886526733869686723e-04
1.275017712032422423e-04 2.073125506285578012e-04
4.214821456116624177e-05 2.340465289307758212e-04
5.602282908512279391e-05 1.676296960795298219e-04
1.077431807061657310e-04 2.473422791808843613e-04
6.566435331478714943e-05 1.649418118176981807e-04
3.116723382845520973e-05 1.433555153198540211e-04
7.125633419491350651e-05 2.604082110337913036e-04
7.361572352237999439e-05 1.394290447933599353e-04
3.270584784331731498e-05 1.316768612014129758e-04
4.358545629656873643e-05 2.381949016125872731e-04
6.580288754776120186e-05 1.268155756406486034e-04
4.094827090739272535e-05 1.306417107116430998e-04
2.929745278379414231e-05 1.995422935578972101e-04
5.011673056287690997e-05 1.211159615195356309e-04
4.670436464948579669e-05 1.424392248736694455e-04
2.752753243839833885e-05 1.644440199015662074e-04
3.430511787883006036e-05 1.193793359561823308e-04
4.436809831531718373e-05 1.596698566572740674e-04
3.255101910326629877e-05 1.353184634353965521e-04
2.589019641163758934e-05 1.134225385612808168e-04
3.549714529071934521e-05 1.616117369849234819e-04
3.610052590374834836e-05 1.153534831246361136e-04
2.622911051730625331e-05 1.135969869210384786e-04
2.654023955983575433e-05 1.529719884274527431e-04
3.297988951089791954e-05 1.096711857826448977e-04
2.992854024341795594e-05 1.242239668499678373e-04
2.397241587459575385e-05 1.344701449852436781e-04
2.623742875584866852e-05 1.064172101905569434e-04
2.966206739074550569e-05 1.323554606642574072e-04
2.643754669406916946e-05 1.137385988840833306e-04
2.297540777362883091e-05 1.058135167113505304e-04
2.497777677490375936e-05 1.328105281572788954e-04
2.693342685233801603e-05 1.050871796905994415e-04
2.451509863021783531e-05 1.132125253207050264e-04
2.221772410848643631e-05 1.220500416820868850e-04
2.345936627534683794e-05 1.029256818583235145e-04
2.481516276020556688e-05 1.216870587086305022e-04
2.337760633963625878e-05 1.084763207472860813e-04
2.161691372748464346e-05 1.044909804477356374e-04
2.208960722782649100e-05 1.205624575959518552e-04
2.315775236638728529e-05 1.019107148749753833e-04
2.255402250739280134e-05 1.115174018195830286e-04
2.116684481734409928e-05 1.104899201891385019e-04
2.096128628181759268e-05 1.014704612316563725e-04
2.168983337469398975e-05 1.156908256234601140e-04
2.174691326217725873e-05 1.021615025820210576e-04
2.086670610879082233e-05 1.059243950294330716e-04
2.023417982854880393e-05 1.093269529519602656e-04
2.044497523456811905e-05 9.932140528690069914e-05
2.078495163004845381e-05 1.101161906262859702e-04
2.052086711046285927e-05 1.007688479148782790e-04
1.989411248359829187e-05 1.023779987008310854e-04
1.959063229151070118e-05 1.063122399500571191e-04
1.973729558812920004e-05 9.794156358111649752e-05
1.986553979804739356e-05 1.062419396475888789e-04
1.963491376955062151e-05 9.874252282315865159e-05
1.921625153045170009e-05 9.995095024351030588e-05
1.897635047498624772e-05 1.021354910335503519e-04
1.899863491416908801e-05 9.584506915416568518e-05
1.905683529912494123e-05 1.024847369990311563e-04
1.893609260150697082e-05 9.590086119715124369e-05
1.866273669293150306e-05 9.838498954195529222e-05
1.842139317886903882e-05 9.823004074860364199e-05
1.832611087593249977e-05 9.450991638004779816e-05
1.832507768995128572e-05 9.910698281601071358e-05
1.828900713007897139e-05 9.312111797044053674e-05
1.815170799090992659e-05 9.679760842118412256e-05
1.795451862562913448e-05 9.403293370269238949e-05
1.778385194484144449e-05 9.346836304757744074e-05
1.768620313669089228e-05 9.520263120066374540e-05
1.763965337886475027e-05 9.118102025240659714e-05
1.758853250066749752e-05 9.482345194555819035e-05
1.749488183122593910e-05 9.056705312104895711e-05
1.736153717502020299e-05 9.276714990846812725e-05
1.721896296658087522e-05 9.095895075006410480e-05
1.709757816570345312e-05 9.038387361215427518e-05
1.700799111858941615e-05 9.149398829322308302e-05
1.694023012532852590e-05 8.867975702742114663e-05
1.687471558398101479e-05 9.120467439061030746e-05
1.679639171925373375e-05 8.782143413554877043e-05
1.670085111982189119e-05 9.005915489979088306e-05
1.659405279497150332e-05 8.761907520238310099e-05
1.648608667892403901e-05 8.843885007081553340e-05
1.638533467485103756e-05 8.762428478803485632e-05
1.629534926905762404e-05 8.687457739142701030e-05
1.621513911231886595e-05 8.754808368394151330e-05
1.614119719306472689e-05 8.560217975173145533e-05
1.606929981790017337e-05 8.715050353202968836e-05
1.599620372871868312e-05 8.462277764920145273e-05
1.592026455909945071e-05 8.647248614579439163e-05
1.584144956723321229e-05 8.387252455577254295e-05
1.576055365148931742e-05 8.560676360502839088e-05
1.567865911056287587e-05 8.323397196363657713e-05
1.559678094054106623e-05 8.471884939353913069e-05
1.551574132463429123e-05 8.267306839115917683e-05
1.543607140774838626e-05 8.388746937271207571e-05
1.535794763185549527e-05 8.207134669646620750e-05
1.528146458440460265e-05 8.312713907798752189e-05
1.520663045084802434e-05 8.141360012814402580e-05
1.513358165539102629e-05 8.248243102570995688e-05
1.506244461779715493e-05 8.065815927693620324e-05
1.499356312706368044e-05 8.199393050745129585e-05
1.492777846578974277e-05 7.981071394169703126e-05
1.486630935687571764e-05 8.175407856469973922e-05
1.481171966588590294e-05 7.875144365243613720e-05
1.476822944823652506e-05 8.187108323909342289e-05
1.474400960432831198e-05 7.734978862572461367e-05
1.475387853133725002e-05 8.276494190795347095e-05
1.482652623963076621e-05 7.542668754467740655e-05
1.501627411926165223e-05 8.542914292775094509e-05
1.543286634841933846e-05 7.296056719496846199e-05
1.628997597435954958e-05 9.276925993617624044e-05
1.803907798603177071e-05 7.140095112845301628e-05
2.157467861252371222e-05 1.144147099694237113e-04
2.887566188292112201e-05 8.095180237432941794e-05
4.381133476272225380e-05 1.869153784355148673e-04
7.527104025939479470e-05 1.540966040920466185e-04
1.386960066156461835e-04 4.482617077883332968e-04
2.686137158889323473e-04 4.805609059985727072e-04
4.923387314192950726e-04 1.191116753034293652e-03
8.457360672764480114e-04 1.052351202815771103e-03
1.076475717127323151e-03 1.437733997590839863e-03
9.759742533788084984e-04 3.640295763034373522e-04
3.418635460548102856e-04 1.744271576171740890e-04
4.900177736999467015e-05 7.166797877289354801e-04
3.743707493413239717e-04 4.578473162837326527e-04
4.674445954151451588e-04 3.746809088625013828e-04
1.319035218330100179e-04 3.093800914939492941e-04
8.591339428676292300e-05 3.291323955636471510e-04
3.102648770436644554e-04 4.802166367881000042e-04
1.906202669488266110e-04 1.980593224288895726e-04
3.483680848148651421e-05 2.366058761253952980e-04
1.970398297999054193e-04 4.299736465327441692e-04
1.818558084778487682e-04 1.420783228240907192e-04
2.903260792663786560e-05 1.739659928716719151e-04
1.288033818127587438e-04 3.732005425263196230e-04
1.523051032563671470e-04 1.294996909564360976e-04
2.969120941997971386e-05 1.460158819099888206e-04
9.107597725233063102e-05 3.156570019200444221e-04
1.181845218525268137e-04 1.233430957654491067e-04
2.756647882051765919e-05 1.281566510442644358e-04
7.243829168146476150e-05 2.592219098005443811e-04
9.023112215800210834e-05 1.121484237955883145e-04
2.317242251592688262e-05 1.138116203946992755e-04
5.896330549148842692e-05 2.164961479138582945e-04
7.077384361764416099e-05 1.038322443491779268e-04
2.082955688820220530e-05 1.042831427184864879e-04
4.771550084115006030e-05 1.920506620081141591e-04
5.657532165059819818e-05 1.044749951688572764e-04
1.943692950590047985e-05 1.012017746688798070e-04
3.890191874234005809e-05 1.747564529068768024e-04
4.576076389639638364e-05 9.989963291445747018e-05
1.819261888158507645e-05 9.270427835872396827e-05
3.203599771950393915e-05 1.530363369965925813e-04
3.849666973110288382e-05 9.134574065683409572e-05
1.764245826052501798e-05 8.669176168041303754e-05
2.633855365274939686e-05 1.403053174726665020e-04
3.306524740764871240e-05 8.876657375367358327e-05
1.749422153807245195e-05 8.441029058303683996e-05
2.179514012823347002e-05 1.277795818168669939e-04
2.860191125364508480e-05 8.311789133585989475e-05
1.743631946737878025e-05 8.104666630970314145e-05
1.818516648199874908e-05 1.168416565633378923e-04
2.478791066096164286e-05 8.048009476624429226e-05
1.757831705617718399e-05 8.249808888649567962e-05
1.579866875545121729e-05 1.109670411096885800e-04
2.152695014956407249e-05 7.981059752637520432e-05
1.770353264873847365e-05 8.415016054641455412e-05
1.441454514861106873e-05 1.035838358802720904e-04
1.857648203440476209e-05 7.828915840946137905e-05
1.752126809151377529e-05 8.629160583950579166e-05
1.387944212183356285e-05 9.699113434180617332e-05
1.613459062355104834e-05 7.828614616300910711e-05
1.695741229923442006e-05 8.900971442926675081e-05
1.394690207234816626e-05 9.112351835938170552e-05
1.436261118215043098e-05 7.766638736939057708e-05
1.597568007127847522e-05 9.043202589964494109e-05
1.419373256794642657e-05 8.576925029046833515e-05
1.329082260781433433e-05 7.774870027787983418e-05
1.473140127927763388e-05 9.137135930359363556e-05
1.430892007192596793e-05 8.212607644964009523e-05
1.290915861318353564e-05 7.879885379225015640e-05
1.351731225440744311e-05 9.039623546414077282e-05
1.402420002705184743e-05 7.919660129118710756e-05
1.296561276831198484e-05 7.978999201441183686e-05
1.268124651687685400e-05 8.756333409110084176e-05
1.335837623628322035e-05 7.727144839009270072e-05
1.304380384681280702e-05 8.145121682900935411e-05
1.234878254763316363e-05 8.412548049818724394e-05
1.260478165931999683e-05 7.631468906765803695e-05
1.284752761421259493e-05 8.249052916653454304e-05
1.233822422364028171e-05 8.020019595278427005e-05
1.208530920848716050e-05 7.583675323985517025e-05
1.237300602952018380e-05 8.230891398852691054e-05
1.231110672961222008e-05 7.706803444307297468e-05
1.191290812130318955e-05 7.640991680091246963e-05
1.188868918688967824e-05 8.091417112154886127e-05
1.205648186441976577e-05 7.490751886507496238e-05
1.188635087601142004e-05 7.708500197622925043e-05
1.163110300694825128e-05 7.811021350789815187e-05
1.166748461400857195e-05 7.369123341049998999e-05
1.173145574284717441e-05 7.755457772873342037e-05
1.156114467448787764e-05 7.547625864390283823e-05
1.140086533268913627e-05 7.380442548310384154e-05
1.143251301982672885e-05 7.724523311480879784e-05
1.144236466643633321e-05 7.353188993874937296e-05
1.130149757955223322e-05 7.440647459588944912e-05
1.118925683840643615e-05 7.563350663986057043e-05
1.119989974540658295e-05 7.244647713378071785e-05
1.118753334594657645e-05 7.484514935640618205e-05
1.107864227378740907e-05 7.352739339694380760e-05
1.098872053262311965e-05 7.222375279525294900e-05
1.097930180549155921e-05 7.438083412125706673e-05
1.096066898753633723e-05 7.179014210123568773e-05
1.087825148715637624e-05 7.253370131365954876e-05
1.079931371350539848e-05 7.296442345250397921e-05
1.077347587852273136e-05 7.089338760124519467e-05
1.075284581020241603e-05 7.252826617332175374e-05
1.069168592948699370e-05 7.109349098755046725e-05
1.062105638993671164e-05 7.062356598908081651e-05
1.058254747476894408e-05 7.167279545683413744e-05
1.055896245816256851e-05 6.982636114116758108e-05
1.051385152095463127e-05 7.079789793351665139e-05
1.045284716383321211e-05 7.033724250504747033e-05
1.040596089296741411e-05 6.937158468645066023e-05
1.037655874824849889e-05 7.036221359157934785e-05
1.034167053148848936e-05 6.889331416459754109e-05
1.029187660606112331e-05 6.923792534507811069e-05
1.024240373226348311e-05 6.922183092683553696e-05
1.020564923237543553e-05 6.823243165854364634e-05
1.017393151414580643e-05 6.908790965098887682e-05
1.013463952403981239e-05 6.807130557717755437e-05
1.008880826702807099e-05 6.812081846874207258e-05
1.004698697215644643e-05 6.820402632001787424e-05
1.001265900413272902e-05 6.725999992340803146e-05
9.979132300941273570e-06 6.785865843994542956e-05
9.940478776115924120e-06 6.708430009894073009e-05
9.899134965962730348e-06 6.705219129798933864e-05
9.861000762612093240e-06 6.714634218951687217e-05
9.827166650211438537e-06 6.638239574385806918e-05
9.793525350687559694e-06 6.681242666672915220e-05
9.757020961842499673e-06 6.614633457502350211e-05
9.719055015011690557e-06 6.610263517359271646e-05
9.682873496785759926e-06 6.609210686292499304e-05
9.649350431573111564e-06 6.548896635649725795e-05
9.616422175895422697e-06 6.579462933586910367e-05
9.582169695931952447e-06 6.519861926790326834e-05
9.546788533043581992e-06 6.522153125843033195e-05
9.512040378467645496e-06 6.509033119073137641e-05
9.478925676376093179e-06 6.466580089181661606e-05
9.446777767152525485e-06 6.485800986411049962e-05
9.414392479811795056e-06 6.431532528949901462e-05
9.381285963172558695e-06 6.438891432480886579e-05
9.348054845759179443e-06 6.411399954231455922e-05
9.315534953202586621e-06 6.385517917806282640e-05
9.283962754125241190e-06 6.390093039954081178e-05
9.252828021999448538e-06 6.345017754938453436e-05
9.221570508088916540e-06 6.355059304041787982e-05
9.190053788188379258e-06 6.318493979051709175e-05
9.158618013316299766e-06 6.308834417723119259e-05
9.127636985795106739e-06 6.296052015386521816e-05
9.097209840547293425e-06 6.264916009968146682e-05
9.067146493180189282e-06 6.268773722695186734e-05
9.037182280735578388e-06 6.231752195162698627e-05
9.007195330923423171e-06 6.233005842659622431e-05
8.977252946351654828e-06 6.206040416145697236e-05
8.947538844950031489e-06 6.192107684910297394e-05
8.918176717997994274e-06 6.181188655318692327e-05
8.889145647117402405e-06 6.153652066132053733e-05
8.860358320816885680e-06 6.152609421405941248e-05
8.831677405396476388e-06 6.121544720372185111e-05
8.803094715403858572e-06 6.119070167187601328e-05
8.774614798312541097e-06 6.094116179156117141e-05
8.746324965613894165e-06 6.082617983338423073e-05
8.718266144569497555e-06 6.068187576602213085e-05
8.690442882652860135e-06 6.047357601346448064e-05
8.662856998853385448e-06 6.041097367415204644e-05
8.635423910163808614e-06 6.015361213940195739e-05
8.608129974163603038e-06 6.011318328091874719e-05
8.580971552873961627e-06 5.986283213132992387e-05
8.553969564673025161e-06 5.979289562674239278e-05
8.527092177246231586e-06 5.959214104223065078e-05
8.500413969159126282e-06 5.947027966612949967e-05
8.473902198602445424e-06 5.933010106673464179e-05
8.447575055470224470e-06 5.915693327551707625e-05
8.421420716331340373e-06 5.906331352889537811e-05
8.395420081797055900e-06 5.885649443371221423e-05
8.369574061362072825e-06 5.878689626115374267e-05
8.343865374627057463e-06 5.857004362042061985e-05
8.318296750076115131e-06 5.850400702911429107e-05
8.292862730741035193e-06 5.829685687785968184e-05
8.267584234999958426e-06 5.821979721076786518e-05
8.242437615990638733e-06 5.803131352877244353e-05
8.217436516133602709e-06 5.793526725028641522e-05
8.192591849365271628e-06 5.776892794528976083e-05
8.167879968823399395e-06 5.765317473560571671e-05
8.143297236529178917e-06 5.750758646172471344e-05
8.118867299344856292e-06 5.737605533795431256e-05
8.094580152828712016e-06 5.724898801418021321e-05
8.070433977991342545e-06 5.710421100957319140e-05
8.046397852012887597e-06 5.699205939890816808e-05
8.022502697713207453e-06 5.683647395926527679e-05
7.998746696102898568e-06 5.673702253261581063e-05
7.975126209203153849e-06 5.657094152411445975e-05
7.951615771162323654e-06 5.648499427479691803e-05
7.928262675704900175e-06 5.630688247038051486e-05
7.905015081632882357e-06 5.623786273645237088e-05
7.881895726313814521e-06 5.604273610515519977e-05
7.858906428737100214e-06 5.599813448498025537e-05
7.836053555365651846e-06 5.577494084718637168e-05
7.813341653672978282e-06 5.576929470407776535e-05
7.790771633153781295e-06 5.549925845116376877e-05
7.768374416627921164e-06 5.555713869398459792e-05
7.746170922473538667e-06 5.520632112165912986e-05
7.724235729256179184e-06 5.537464312510564923e-05
7.702637049078475684e-06 5.488154056365601718e-05
7.681585884711239487e-06 5.524658627109602094e-05
7.661428753635846078e-06 5.449556192616000772e-05
7.642805940122343600e-06 5.522266292246058583e-05
7.626903880009194836e-06 5.399197834776714444e-05
7.616065886395517737e-06 5.541053178603760898e-05
7.614825335622299463e-06 5.327369945007376373e-05
7.632060260220896453e-06 5.606691047432832420e-05
7.685771379328798503e-06 5.220046659815125167e-05
7.811913746991194785e-06 5.786549809272401035e-05
8.085791705525480211e-06 5.073535794508643448e-05
8.660503226565197110e-06 6.283666152739897370e-05
9.868820598057936877e-06 5.001386307412758470e-05
1.239172979694558308e-05 7.813908450771123171e-05
1.777786201273556799e-05 5.823384708492085338e-05
2.913143180194310844e-05 1.325215998804196715e-04
5.390752266976051033e-05 1.199692051159217954e-04
1.056226901710033417e-04 3.469811344984918833e-04
2.183532633353024721e-04 4.271018260624259710e-04
4.302103479858487844e-04 1.107984920963644981e-03
8.347340044565498829e-04 1.260175486095249653e-03
1.264215330593287945e-03 2.076457720249891281e-03
1.571392291225492954e-03 9.188578696921467781e-04
9.162962669506669044e-04 4.066790861543267965e-04
1.547177816973999143e-04 4.908678238280117512e-04
2.159813157049939036e-04 6.415223469957709312e-04
6.646011606790125370e-04 8.148819906637072563e-04
4.461677162908017635e-04 1.940980146173387766e-04
4.303636524127796292e-05 3.559300093911588192e-04
3.441929584369063377e-04 7.972467574290931225e-04
4.088699934072792530e-04 2.010131283896043897e-04
5.625483026960864663e-05 2.683877828530967236e-04
2.298949548276141286e-04 6.150738918222486973e-04
3.089182719122618437e-04 1.607176964171230793e-04
4.272419391782023013e-05 2.239498280687257648e-04
1.860783231677487493e-04 4.773198161274194717e-04
2.182527969125658274e-04 1.668706390773877501e-04
3.240750447730533779e-05 2.169428917113691568e-04
1.703000307315960526e-04 3.512033435981720686e-04
1.390210672980174422e-04 1.682191505096852779e-04
3.068928708671592176e-05 1.876616879599168897e-04
1.531416346551850438e-04 2.307060931343585253e-04
7.654926594113931060e-05 1.746562775224447250e-04
4.090818401891738176e-05 1.658323890296742320e-04
1.231145579367876053e-04 1.620914845261722803e-04
3.819621633738279343e-05 1.895100431283935905e-04
5.162477464182302356e-05 1.414060534443706274e-04
8.670175884617492557e-05 1.237520336871966720e-04
1.934593456098809838e-05 1.910668943310156465e-04
5.616942507913336158e-05 1.106166600948199630e-04
5.427321957540698349e-05 1.042569492710754275e-04
1.659994632063899189e-05 1.814288407331332564e-04
5.318891635397449136e-05 9.129924728767946362e-05
3.147139068460091949e-05 9.440605936106294394e-05
2.100113306369166821e-05 1.626944576855748892e-04
4.389556852402165532e-05 8.401194645557552576e-05
1.989001066249329597e-05 8.456171781290322542e-05
2.326803223695605993e-05 1.420099724782630801e-04
3.403807932045310736e-05 8.481318945996463299e-05
1.449357205274282023e-05 7.993115286808460951e-05
2.377307282586116344e-05 1.230059133376926184e-04
2.593070348666515201e-05 8.713112038094550371e-05
1.271044493478257209e-05 7.690781785640865564e-05
2.252045669592916965e-05 1.082744784071110189e-04
2.008012961596250534e-05 8.752622670726850629e-05
1.190854891319759190e-05 7.624491263413801789e-05
2.075094744213856757e-05 9.976796718547120690e-05
1.587158294569235295e-05 8.817591879051178694e-05
1.187568432214902714e-05 7.540374645031988621e-05
1.833180976973380893e-05 9.336107177659869194e-05
1.325274934060871601e-05 8.747413085075095296e-05
1.187911675515351817e-05 7.304695463972166181e-05
1.604588578629773110e-05 8.885911665856838226e-05
1.177275953523349017e-05 8.805927063804119825e-05
1.147144303104141727e-05 7.348880171775817871e-05
1.415714177710469812e-05 8.647527283756062388e-05
1.085450730897719041e-05 8.786706894170492887e-05
1.093428454623790458e-05 7.405181531794369221e-05
1.271875771635677665e-05 8.323045040015131235e-05
1.029389659379376099e-05 8.457776129944249988e-05
1.036471621773671359e-05 7.358096627285704017e-05
1.169595088867936283e-05 8.167945634340867400e-05
9.797320672078058124e-06 8.259361493401229382e-05
9.944894372893031687e-06 7.321724115172401071e-05
1.088805674953619018e-05 8.046499715419486165e-05
9.443125236430205405e-06 8.017980144359171391e-05
9.528983355266973376e-06 7.150073361117392778e-05
1.022149535856442526e-05 7.844799984013661742e-05
9.170037628791760653e-06 7.826490036677569151e-05
9.170064004138112068e-06 7.094717147992923856e-05
9.701563612907193601e-06 7.715752872172743082e-05
8.980238817457575351e-06 7.621802797075361013e-05
8.854906809574458748e-06 7.009176624706014991e-05
9.264152140531223267e-06 7.542215462308377028e-05
8.808039638097397983e-06 7.377919246209785342e-05
8.574624189350288361e-06 6.955095159355551004e-05
8.915330909076146781e-06 7.471716526197269559e-05
8.640314263175241649e-06 7.229277252918109298e-05
8.367966984224040061e-06 6.907877104822546244e-05
8.607152267359197140e-06 7.367886428255587816e-05
8.473810339637566358e-06 7.059013296384364367e-05
8.202193384931888431e-06 6.827347533544525504e-05
8.344142770511098206e-06 7.250572525663301349e-05
8.307051757583394647e-06 6.943599146325141191e-05
8.072779564827214926e-06 6.803258293075487018e-05
8.117864126688800752e-06 7.137603097362443805e-05
8.141432772390544415e-06 6.827059405623003840e-05
7.963820280565414578e-06 6.772603956051170826e-05
7.926933903945609927e-06 7.007895328570157290e-05
7.977679160831030458e-06 6.713568291161209345e-05
7.861056474212091416e-06 6.750696047674864531e-05
7.776710845064371824e-06 6.890485383337363601e-05
7.814892342139501125e-06 6.607838440686464310e-05
7.757106686767656356e-06 6.703040708089247346e-05
7.656718480575364083e-06 6.763089913874864578e-05
7.663367796340025961e-06 6.527930236188694835e-05
7.645777259313035756e-06 6.660672079306095839e-05
7.559369805676396936e-06 6.650873547187075019e-05
7.530533366661984473e-06 6.475753616541624069e-05
7.528374226239975542e-06 6.604527152376249433e-05
7.471251592505723238e-06 6.522433250211179256e-05
7.418153018079465255e-06 6.419749843189492822e-05
7.410560101561713964e-06 6.543158815475180745e-05
7.380196620943024755e-06 6.421434227377176285e-05
7.324259968299884349e-06 6.385224696714431047e-05
7.300162451429059729e-06 6.478833529399707913e-05
7.284664206963498145e-06 6.335211219266057014e-05
7.240162631205748767e-06 6.341831613099202514e-05
7.202715096354950219e-06 6.390681664925068617e-05
7.186360107880318537e-06 6.267538265092298388e-05
7.157394520618254319e-06 6.312319601420313120e-05
7.117860604921588674e-06 6.311222387012094259e-05
7.092362011462682858e-06 6.220198702067136765e-05
7.072226253512781113e-06 6.273416511248797178e-05
7.039569027256220579e-06 6.220572686288505793e-05
7.007306521700229496e-06 6.167610263219103217e-05
6.986198968661483377e-06 6.217436020961031318e-05
6.962154202483361587e-06 6.144581129774451256e-05
6.930537438165629283e-06 6.134504656074568629e-05
6.904420843056868762e-06 6.162174395285546780e-05
6.883432888571405783e-06 6.086203575250692666e-05
6.857399966975208372e-06 6.100186874391511083e-05
6.829347512393724173e-06 6.091221439419314265e-05
6.806101737311109900e-06 6.031594966771081090e-05
6.784335710108280182e-06 6.057872087694704533e-05
6.758859854016918689e-06 6.020155342412181199e-05
6.733407644787803292e-06 5.988202246953733265e-05
6.711622518196236342e-06 6.009412027196958661e-05
6.689645033475244418e-06 5.956398672424256802e-05
6.665220098511781543e-06 5.950027116341516376e-05
6.641888376179849729e-06 5.953452273388393223e-05
6.620796739298384637e-06 5.903995406697504222e-05
6.599007065233308822e-06 5.912071719649247825e-05
6.576033683813875541e-06 5.892345143365673721e-05
6.554032552230637521e-06 5.859104567207396030e-05
6.533413397846743464e-06 5.867853906238451600e-05
6.512310392281506211e-06 5.832802344230003655e-05
6.490451596619095653e-06 5.820500518893823028e-05
6.469484105764422566e-06 5.818483623443171382e-05
6.449413376685697585e-06 5.780849460279569030e-05
6.428985216189175844e-06 5.781232175650075078e-05
6.408191438822541386e-06 5.763553053839132190e-05
6.388022484316024929e-06 5.736321327276527882e-05
6.368464710249099880e-06 5.738461186410859227e-05
6.348780971165979281e-06 5.710473124054260552e-05
6.328876224870327860e-06 5.698153836419805884e-05
6.309377113211667165e-06 5.691319165634922683e-05
6.290405963227385655e-06 5.662113107973709702e-05
6.271387974265962839e-06 5.659242015099152923e-05
6.252260845940327272e-06 5.640960807795636356e-05
6.233413387235486880e-06 5.620130832539871335e-05
6.214961558725917712e-06 5.617201168206520379e-05
6.196588401508051902e-06 5.593113019131124020e-05
6.178162493597483262e-06 5.582770245382562280e-05
6.159913937153760344e-06 5.571977089857682586e-05
6.141962330730166286e-06 5.550386777031235397e-05
6.124169885879382491e-06 5.544992018258199096e-05
6.106381079007405788e-06 5.525972301256842911e-05
6.088696409278782085e-06 5.512074494617991149e-05
6.071235475246794522e-06 5.503930879058316350e-05
6.053970537323039025e-06 5.483172208187170327e-05
6.036764716554898769e-06 5.475608486449345946e-05
6.019630745868198574e-06 5.461216642288491130e-05
6.002648660796694458e-06 5.445093120215460658e-05
5.985853931633755565e-06 5.437489744508638978e-05
5.969185167487012222e-06 5.419128501671366394e-05
5.952545507170725614e-06 5.409030563896521926e-05
5.936047728027915582e-06 5.396792039391584694e-05
5.919695922784740105e-06 5.380549555411562324e-05
5.903479177504777908e-06 5.372728264774195850e-05
5.887352472200291231e-06 5.356572364689782262e-05
5.871310349903069437e-06 5.345092358766123652e-05
5.855382823938271031e-06 5.334110392141155899e-05
5.839594905410194770e-06 5.318577677826397121e-05
5.823893388878786936e-06 5.309703919920139015e-05
5.808298283227486536e-06 5.295163646223954856e-05
5.792796855530468747e-06 5.283757491270080209e-05
5.777402293460909277e-06 5.273296847008168697e-05
5.762113232776755467e-06 5.258518649498000741e-05
5.746922397520393133e-06 5.249454261502251029e-05
5.731829332944471389e-06 5.236001379671506584e-05
5.716812665923498571e-06 5.224290725891478360e-05
5.701921963918721303e-06 5.214131670072674751e-05
5.687119482900016010e-06 5.200468513066880405e-05
5.672386578225996345e-06 5.191117088543251157e-05
5.657764631905592978e-06 5.178330320632085204e-05
5.643209078698419034e-06 5.167046401766128838e-05
5.628750841424334794e-06 5.156771658221259713e-05
5.614398560283007100e-06 5.143833186593838036e-05
5.600119038717821240e-06 5.134415550855919719e-05
5.585929557128110901e-06 5.122206493979319930e-05
5.571820565819507465e-06 5.111481368658132851e-05
5.557782515097642317e-06 5.101014539832249284e-05
5.543857241718797013e-06 5.088861144031397998e-05
5.529993813979672268e-06 5.079412221675738692e-05
5.516217697731917724e-06 5.067435995442792773e-05
5.502508884092094377e-06 5.057245289208367467e-05
5.488888746185693890e-06 5.046771184424869716e-05
5.475351827044505626e-06 5.035359208704903722e-05
5.461878572532441467e-06 5.025824793847277761e-05
5.448475349112413824e-06 5.014286580262705684e-05
5.435163075162563473e-06 5.004573176847770810e-05
5.421923560788854957e-06 4.993913898942992091e-05
5.408747711044270545e-06 4.983359394827857614e-05
5.395649623096687719e-06 4.973731847712770104e-05
5.382624749472597614e-06 4.962620005244389176e-05
5.369676728150807321e-06 4.953224561177194118e-05
5.356780093279667199e-06 4.942552186548709869e-05
5.343951670511160046e-06 4.932643423671834171e-05
5.331212832970777526e-06 4.922849620925262570e-05
5.318531748343957588e-06 4.912347503704950213e-05
5.305911145114805549e-06 4.903132867184467614e-05
5.293363756209146231e-06 4.892567085335031152e-05
5.280882760416716337e-06 4.883208384853787720e-05
5.268454515316989273e-06 4.873234502156265080e-05
5.256113581708632410e-06 4.863400681642815471e-05
5.243820396572118625e-06 4.854068538406863809e-05
5.231591330812079832e-06 4.843895658268593252e-05
5.219430022407323122e-06 4.834900028072297573e-05
5.207334652368444949e-06 4.824809002457186580e-05
5.195282938075251877e-06 4.815642387256957591e-05
5.183312168810516596e-06 4.806057040696032345e-05
5.171378234081203118e-06 4.796545908902771771e-05
5.159525244380347431e-06 4.787476791534572840e-05
5.147717729414580390e-06 4.777744470629841089e-05
5.135960236657410860e-06 4.768926010001450777e-05
5.124289600644260645e-06 4.759232615469954908e-05
5.112648068461567163e-06 4.750381049234420061e-05
5.101077476865611970e-06 4.741040902445092797e-05
5.089552814752096310e-06 4.731917942990548909e-05
5.078102276456775144e-06 4.723031452158465981e-05
5.066686298960121349e-06 4.713701855507679284e-05
5.055334895587293431e-06 4.705108221969567239e-05
5.044034878665115684e-06 4.695739698945544660e-05
5.032787612435640767e-06 4.687194450525566936e-05
5.021599918109131977e-06 4.678074037656188011e-05
5.010454970033606514e-06 4.669365807785652578e-05
4.999373686587205157e-06 4.660545528167858720e-05
4.988332875655032694e-06 4.651694325730204582e-05
4.977356638846686110e-06 4.643186548491939902e-05
4.966415417584357783e-06 4.634263677871786058e-05
4.955534677719697356e-06 4.625882502296008170e-05
4.944703050568932667e-06 4.617069862433709204e-05
4.933914169669151306e-06 4.608670496963895857e-05
4.923189408145844936e-06 4.600000102072954178e-05
4.912493750452995300e-06 4.591581455315463245e-05
4.901861302641918883e-06 4.583086774800904095e-05
4.891270236839773133e-06 4.574669583234935999e-05
4.880715096078347415e-06 4.566332791000604630e-05
4.870219527219887823e-06 4.557921783998608589e-05
4.859771706833271310e-06 4.549667210085317492e-05
4.849362085224129260e-06 4.541336602414958179e-05
4.839016582991462201e-06 4.533146784524433315e-05
4.828695637115743011e-06 4.524873656919226050e-05
4.818427441932726651e-06 4.516755871009081602e-05
4.808205630979500711e-06 4.508571146288886666e-05
4.798034751729574054e-06 4.500456634559668601e-05
4.787892066815402359e-06 4.492419247981160879e-05
4.777805770572740585e-06 4.484330565901473165e-05
4.767761765833711252e-06 4.476348112802952528e-05
4.757760052598314360e-06 4.468330735107883811e-05
4.747791081172181293e-06 4.460434502107091248e-05
4.737878498417558149e-06 4.452470602700486779e-05
4.727987288788426667e-06 4.444600926944985986e-05
4.718158834293717518e-06 4.436737071955576539e-05
4.708366759587079287e-06 4.428941247169859707e-05
4.698623797594336793e-06 4.421126504894345999e-05
4.688912213168805465e-06 4.413382703205570579e-05
4.679233825299888849e-06 4.405594518175348639e-05
4.669605914386920631e-06 4.397943121148273349e-05
4.660010290535865352e-06 4.390194226289168000e-05
4.650466962630162016e-06 4.382670158520340919e-05
4.640943643607897684e-06 4.374929267214611173e-05
4.631478986993897706e-06 4.367530709714628756e-05
4.622035248758038506e-06 4.359757804195396602e-05
4.612638804246671498e-06 4.352488758740946651e-05
4.603281013260129839e-06 4.344645640230737627e-05
4.593951416609343141e-06 4.337587961344979703e-05
4.584683210850926116e-06 4.329676812631078064e-05
4.575436832965351641e-06 4.322798486100509763e-05
4.566226380120497197e-06 4.314793477533385158e-05
4.557047304842853919e-06 4.308154530008323491e-05
4.547922799247317016e-06 4.299979991628788412e-05
4.538818302535219118e-06 4.293706660973839462e-05
4.529759280558209866e-06 4.285152681404724717e-05
4.520733909885166213e-06 4.279471977497451007e-05
4.511743554758140817e-06 4.270285717211663723e-05
4.502789124671835452e-06 4.265557436156086624e-05
4.493880624067969620e-06 4.255276508047245443e-05
4.485006684262771159e-06 4.252124199410900474e-05
4.476165486266836524e-06 4.239815098117105663e-05
4.467380222195060924e-06 4.239496047375723720e-05
4.458651346794795245e-06 4.223509677103720605e-05
4.450009328138548881e-06 4.228343823342584074e-05
4.441485543793532997e-06 4.205482764518819749e-05
4.433157300809398293e-06 4.219954644213430583e-05
4.425152383191743866e-06 4.184151111985556781e-05
4.417755462782224640e-06 4.216918023303151131e-05
4.411471763887675479e-06 4.156408976996317506e-05
4.407334017741959542e-06 4.224987060297280550e-05
4.407404958328697830e-06 4.116511627216823399e-05
4.415781404532026500e-06 4.257683758623898029e-05
4.440887096279766411e-06 4.055477256770245731e-05
4.499772785493405536e-06 4.349726441432721913e-05
4.628305305232061073e-06 3.966994700022041798e-05
4.900165549770463258e-06 4.603665729518979788e-05
5.474865247379057109e-06 3.895861664204858243e-05
6.680934347969014198e-06 5.371564839151687920e-05
9.258064892492257059e-06 4.211783743812702596e-05
1.470309234719024971e-05 8.039448584895581007e-05
2.657044024090282619e-05 7.001929770922288299e-05
5.154939572094008327e-05 1.851917040767148137e-04
1.066747354343533516e-04 2.215417771367356181e-04
2.163166354876011610e-04 5.989884375594556332e-04
4.473911249078810215e-04 7.892690482549369335e-04
7.929697749204933643e-04 1.652919105254113674e-03
1.312504056841135025e-03 1.334161264821887016e-03
1.340506365522742271e-03 1.350756734609603882e-03
9.436086984351277351e-04 2.445733116474002600e-04
1.725334004731848836e-04 2.550947247073054314e-04
1.905921963043510914e-04 1.028688624501228333e-03
6.624346715398132801e-04 4.180294345133006573e-04
4.403889761306345463e-04 2.417841751594096422e-04
6.639439379796385765e-05 5.171172670088708401e-04
2.281513588968664408e-04 3.536226577125489712e-04
3.419537970330566168e-04 3.274438786320388317e-04
1.068345300154760480e-04 2.970201021526008844e-04
9.635970491217449307e-05 2.514941734261810780e-04
2.426005958113819361e-04 3.101010224781930447e-04
1.166555666713975370e-04 2.044265565928071737e-04
5.456927465274930000e-05 2.094871160807088017e-04
1.759623992256820202e-04 2.791999431792646646e-04
9.868441702565178275e-05 1.620632538106292486e-04
3.852894587907940149e-05 1.623819116503000259e-04
1.316640555160120130e-04 2.135629474651068449e-04
7.860960613470524549e-05 1.259994314750656486e-04
2.800233414745889604e-05 1.454013399779796600e-04
1.016109454212710261e-04 1.875976013252511621e-04
6.137581658549606800e-05 1.206388114951550961e-04
2.033530290646012872e-05 1.300664735026657581e-04
7.846108928788453341e-05 1.609258906682953238e-04
4.599189196596853435e-05 1.081371592590585351e-04
1.751760646584443748e-05 1.050461432896554470e-04
6.105552165536209941e-05 1.451362040825188160e-04
3.551755435182712972e-05 1.060603754012845457e-04
1.593440720171201974e-05 9.504984336672350764e-05
4.895783058600500226e-05 1.290570507990196347e-04
2.778071211650967598e-05 9.770724136615172029e-05
1.403847454639617354e-05 8.337655162904411554e-05
3.813632429228164256e-05 1.158588420366868377e-04
2.256069819850381464e-05 9.262674575438722968e-05
1.228494329552631825e-05 7.899037154857069254e-05
3.009021202160511166e-05 1.069008285412564874e-04
1.906224133563227952e-05 8.647002687212079763e-05
1.056619112205225974e-05 7.269954949151724577e-05
2.414909067738335580e-05 9.918760042637586594e-05
1.646743839955888689e-05 8.217894355766475201e-05
9.489958756603300571e-06 7.058243500068783760e-05
1.919595524668693542e-05 9.608252730686217546e-05
1.488972156948875636e-05 7.898562034824863076e-05
8.517068636137992144e-06 6.890324584674090147e-05
1.550954220874700695e-05 9.166913514491170645e-05
1.355020503979176283e-05 7.550601003458723426e-05
7.849019311834126711e-06 6.914191908435896039e-05
1.250164677912835032e-05 9.081814641831442714e-05
1.229551889991853386e-05 7.441408524755388498e-05
7.488540177291724831e-06 6.953499541850760579e-05
1.027121925289975479e-05 8.725096995476633310e-05
1.119471653510117903e-05 7.060782809276133776e-05
7.351952262979466468e-06 6.845740426797419786e-05
8.680037353769876063e-06 8.449552115052938461e-05
1.009169045573798940e-05 6.901706365169957280e-05
7.372397703875321895e-06 6.836553802713751793e-05
7.526573426730465144e-06 8.109425834845751524e-05
9.082677024707663804e-06 6.649969145655632019e-05
7.316389201150741428e-06 6.703713734168559313e-05
6.771324933652067557e-06 7.691926293773576617e-05
8.140583304339088500e-06 6.483595643658190966e-05
7.288593224075157195e-06 6.700724770780652761e-05
6.368894446495687589e-06 7.322357851080596447e-05
7.279036708496278152e-06 6.350022158585488796e-05
7.155152161431033164e-06 6.694783951388671994e-05
6.189070518303196877e-06 6.963407940929755569e-05
6.597655101359123364e-06 6.261927046580240130e-05
6.892759301990736276e-06 6.737651710864156485e-05
6.165268132463097572e-06 6.690948066534474492e-05
6.105373358877841383e-06 6.191849388414993882e-05
6.536623004649300128e-06 6.688894791295751929e-05
6.168836989672854543e-06 6.408273475244641304e-05
5.841126949235331267e-06 6.125316576799377799e-05
6.143249720480525866e-06 6.632975419051945210e-05
6.108325123932445422e-06 6.244476389838382602e-05
5.739746029576053843e-06 6.144588405732065439e-05
5.806950412079459056e-06 6.527228833874687552e-05
5.954531388852046803e-06 6.077327270759269595e-05
5.708789103664457798e-06 6.113719427958130836e-05
5.589280590356793255e-06 6.343884160742163658e-05
5.729883923777379096e-06 5.951445928076282144e-05
5.667876393999904394e-06 6.116670556366443634e-05
5.482743745233165100e-06 6.185570236993953586e-05
5.515310476766899228e-06 5.887076986255124211e-05
5.567264452110975981e-06 6.094850687077268958e-05
5.439369488158263266e-06 5.998448978061787784e-05
5.365860033634817228e-06 5.825263360748067498e-05
5.420242814579978585e-06 6.032019882695749402e-05
5.391058493842137977e-06 5.846775457030162215e-05
5.288056854624301195e-06 5.805715773021802306e-05
5.279725428408710286e-06 5.954786320216953754e-05
5.301299097482115030e-06 5.733977377531118691e-05
5.242006864136783406e-06 5.787882400909438729e-05
5.182289442018372938e-06 5.845903797307983041e-05
5.190425326873082668e-06 5.659391172230243683e-05
5.181622327654622495e-06 5.771002179244533181e-05
5.124344625073717907e-06 5.737619358114898205e-05
5.094499556435039267e-06 5.625945050269365311e-05
5.097591383673716336e-06 5.739779589930549264e-05
5.073924057796830311e-06 5.638790389639325440e-05
5.029881322116125375e-06 5.605456681223586202e-05
5.013111149310134351e-06 5.671940016327425838e-05
5.007852905691834167e-06 5.545988824451342225e-05
4.980029643775196746e-06 5.576977855525910854e-05
4.947609795635798946e-06 5.582518497249111533e-05
4.934583557769656181e-06 5.485145811690017581e-05
4.923163942294195294e-06 5.549913112190552056e-05
4.897097824141383171e-06 5.499054168467409909e-05
4.872346380579983816e-06 5.447513103717938066e-05
4.859529781242599711e-06 5.495569712365977466e-05
4.845401690545259044e-06 5.411632446339353919e-05
4.822300979867577553e-06 5.409400182543322444e-05
4.801715931534999982e-06 5.423032052931375802e-05
4.788261321664322168e-06 5.351696745492517948e-05
4.773238742927787825e-06 5.382091694627888501e-05
4.753141638502711430e-06 5.353475717129185796e-05
4.734740286949090660e-06 5.310804772307164967e-05
4.720895049104001373e-06 5.336915637599304318e-05
4.706101663032313809e-06 5.283935024635866284e-05
4.688264652941143140e-06 5.278637399896979332e-05
4.671295755542814732e-06 5.281252742861397564e-05
4.657264071283861995e-06 5.230261012911796570e-05
4.643044121621642262e-06 5.244092972134239972e-05
4.626870122592663392e-06 5.215850615059025586e-05
4.610938958649057895e-06 5.184910332900471985e-05
4.596998223860282451e-06 5.197095015319064260e-05
4.583382633427390829e-06 5.156758197699673474e-05
4.568457825371297076e-06 5.151009099790826440e-05
4.553415237751323730e-06 5.144786700839176774e-05
4.539659585134359077e-06 5.110145502840168774e-05
4.526543307292740792e-06 5.114107625558972359e-05
4.512682153290370479e-06 5.087731551611796021e-05
4.498453563428483903e-06 5.070625411462970078e-05
