0.0 -0.065 -0.065 -0.065 -0.065 -0.08601728 -0.10168963 -0.09330151 0.009143181
0.0005 -0.065 -0.065 -0.065 -0.065 -0.0771629 -0.09085891 -0.08867882 -0.010278948
0.001 -0.065 -0.065 -0.065 -0.065 -0.07077111 -0.0840693 -0.08567369 -0.022364862
0.0015 -0.065 -0.065 -0.065 -0.065 -0.06631392 -0.07953711 -0.083551414 -0.030471176
0.002 -0.065 -0.065 -0.065 -0.065 -0.06325247 -0.07637401 -0.0819579 -0.03620746
0.0025 -0.065 -0.065 -0.065 -0.065 -0.06117704 -0.07409091 -0.08070286 -0.04043544
0.003 -0.065 -0.065 -0.065 -0.065 -0.059797708 -0.072398275 -0.07967586 -0.04365524
0.0035 -0.065 -0.065 -0.065 -0.065 -0.058912624 -0.07111506 -0.07880894 -0.046175465
0.004 -0.065 -0.065 -0.065 -0.065 -0.058380768 -0.07012305 -0.07805829 -0.048195854
0.0045 -0.065 -0.065 -0.065 -0.065 -0.05810261 -0.06934236 -0.07739463 -0.049850576
0.005 -0.065 -0.065 -0.065 -0.065 -0.058007076 -0.06871758 -0.07679774 -0.051232465
0.0055 -0.065 -0.065 -0.065 -0.065 -0.058042858 -0.06820932 -0.07625331 -0.05240736
0.006 -0.065 -0.065 -0.065 -0.065 -0.058172558 -0.06778921 -0.07575101 -0.05342274
0.0065 -0.065 -0.065 -0.065 -0.065 -0.058368683 -0.06743641 -0.0752832 -0.054313503
0.007 -0.065 -0.065 -0.065 -0.065 -0.058610927 -0.067135535 -0.074844204 -0.0551055
0.0075 -0.065 -0.065 -0.065 -0.065 -0.058884222 -0.06687506 -0.07442966 -0.055818208
0.008 -0.065 -0.065 -0.065 -0.065 -0.05917739 -0.06664634 -0.07403627 -0.05646634
0.0085 -0.065 -0.065 -0.065 -0.065 -0.059482116 -0.06644278 -0.07366141 -0.05706115
0.009 -0.065 -0.065 -0.065 -0.065 -0.05979225 -0.06625939 -0.073303044 -0.057611316
0.0095 -0.065 -0.065 -0.065 -0.065 -0.060103238 -0.06609235 -0.07295955 -0.058123536
0.01 -0.065 -0.065 -0.065 -0.065 -0.060411777 -0.065938696 -0.072629586 -0.0586031
0.0105 -0.065 -0.065 -0.065 -0.065 -0.06071547 -0.06579617 -0.07231209 -0.05905416
0.011 -0.065 -0.065 -0.065 -0.065 -0.06101258 -0.06566298 -0.072006136 -0.05947998
0.0115 -0.065 -0.065 -0.065 -0.065 -0.061301954 -0.065537766 -0.071710974 -0.059883274
0.012 -0.065 -0.065 -0.065 -0.065 -0.06158277 -0.06541941 -0.071425974 -0.060266174
0.0125 -0.065 -0.065 -0.065 -0.065 -0.061854556 -0.06530709 -0.07115055 -0.06063044
0.013 -0.065 -0.065 -0.065 -0.065 -0.06211701 -0.065200076 -0.07088421 -0.060977608
0.0135 -0.065 -0.065 -0.065 -0.065 -0.06237002 -0.065097846 -0.070626535 -0.06130887
0.014 -0.065 -0.065 -0.065 -0.065 -0.062613614 -0.06499994 -0.07037711 -0.0616253
0.0145 -0.065 -0.065 -0.065 -0.065 -0.06284787 -0.064905964 -0.07013559 -0.061927848
0.015 -0.065 -0.065 -0.065 -0.065 -0.063072965 -0.06481563 -0.06990165 -0.062217288
0.0155 -0.065 -0.065 -0.065 -0.065 -0.06328909 -0.06472868 -0.06967497 -0.062494367
0.016 -0.065 -0.065 -0.065 -0.065 -0.0634965 -0.06464488 -0.06945528 -0.06275971
0.0165 -0.065 -0.065 -0.065 -0.065 -0.063695446 -0.06456405 -0.06924231 -0.063013904
0.017 -0.065 -0.065 -0.065 -0.065 -0.063886225 -0.06448601 -0.06903581 -0.06325747
0.0175 -0.065 -0.065 -0.065 -0.065 -0.064069085 -0.064410605 -0.06883556 -0.06349092
0.018 -0.065 -0.065 -0.065 -0.065 -0.06424431 -0.064337716 -0.06864131 -0.063714705
0.0185 -0.065 -0.065 -0.065 -0.065 -0.06441217 -0.06426721 -0.068452865 -0.06392924
0.019 -0.065 -0.065 -0.065 -0.065 -0.06457296 -0.064198986 -0.06827003 -0.06413492
0.0195 -0.065 -0.065 -0.065 -0.065 -0.06472695 -0.06413294 -0.068092585 -0.064332135
0.02 -0.065 -0.065 -0.065 -0.065 -0.064874396 -0.06406896 -0.06792037 -0.064521246
0.0205 -0.065 -0.065 -0.065 -0.065 -0.06501554 -0.06400698 -0.067753196 -0.06470258
0.021 -0.065 -0.065 -0.065 -0.065 -0.06515063 -0.0639469 -0.06759091 -0.06487643
0.0215 -0.065 -0.065 -0.065 -0.065 -0.06527993 -0.06388867 -0.06743332 -0.06504313
0.022 -0.065 -0.065 -0.065 -0.065 -0.065403655 -0.06383218 -0.06728029 -0.065202974
0.0225 -0.065 -0.065 -0.065 -0.065 -0.065522045 -0.06377739 -0.06713167 -0.06535625
0.023 -0.065 -0.065 -0.065 -0.065 -0.065635264 -0.063724205 -0.0669873 -0.06550319
0.0235 -0.065 -0.065 -0.065 -0.065 -0.06574358 -0.063672595 -0.066847056 -0.06564405
0.024 -0.065 -0.065 -0.065 -0.065 -0.06584715 -0.063622475 -0.06671079 -0.06577909
0.0245 -0.065 -0.065 -0.065 -0.065 -0.06594618 -0.06357381 -0.066578396 -0.06590853
0.025 -0.065 -0.065 -0.065 -0.065 -0.06604084 -0.06352652 -0.06644972 -0.06603261
0.0255 -0.065 -0.065 -0.065 -0.065 -0.06613132 -0.063480556 -0.06632465 -0.06615154
0.026 -0.065 -0.065 -0.065 -0.065 -0.0662178 -0.0634359 -0.06620309 -0.0662655
0.0265 -0.065 -0.065 -0.065 -0.065 -0.06630042 -0.063392475 -0.066084914 -0.06637468
0.027 -0.065 -0.065 -0.065 -0.065 -0.06637934 -0.06335024 -0.06597001 -0.06647933
0.0275 -0.065 -0.065 -0.065 -0.065 -0.06645471 -0.06330916 -0.06585829 -0.066579565
0.028 -0.065 -0.065 -0.065 -0.065 -0.066526696 -0.06326918 -0.06574963 -0.0666756
0.0285 -0.065 -0.065 -0.065 -0.065 -0.066595405 -0.06323028 -0.06564396 -0.06676758
0.029 -0.065 -0.065 -0.065 -0.065 -0.066660985 -0.06319241 -0.06554116 -0.06685566
0.0295 -0.065 -0.065 -0.065 -0.065 -0.06672356 -0.063155524 -0.06544117 -0.066940024
0.03 -0.065 -0.065 -0.065 -0.065 -0.06678324 -0.06311959 -0.06534387 -0.06702081
0.0305 -0.065 -0.065 -0.065 -0.065 -0.066840164 -0.063084595 -0.06524921 -0.06709812
0.031 -0.065 -0.065 -0.065 -0.065 -0.066894434 -0.06305048 -0.065157086 -0.06717213
0.0315 -0.065 -0.065 -0.065 -0.065 -0.06694615 -0.06301724 -0.065067425 -0.06724296
0.032 -0.065 -0.065 -0.065 -0.065 -0.06699543 -0.06298482 -0.06498016 -0.06731075
0.0325 -0.065 -0.065 -0.065 -0.065 -0.06704235 -0.062953204 -0.0648952 -0.06737561
0.033 -0.065 -0.065 -0.065 -0.065 -0.06708704 -0.062922366 -0.06481249 -0.06743763
0.0335 -0.065 -0.065 -0.065 -0.065 -0.06712957 -0.06289228 -0.06473196 -0.06749693
0.034 -0.065 -0.065 -0.065 -0.065 -0.067170046 -0.06286291 -0.064653546 -0.06755366
0.0345 -0.065 -0.065 -0.065 -0.065 -0.06720851 -0.06283425 -0.06457718 -0.06760788
0.035 -0.065 -0.065 -0.065 -0.065 -0.06724511 -0.062806256 -0.06450279 -0.0676597
0.0355 -0.065 -0.065 -0.065 -0.065 -0.06727986 -0.06277892 -0.06443033 -0.06770923
0.036 -0.065 -0.065 -0.065 -0.065 -0.06731287 -0.06275222 -0.06435975 -0.06775655
0.0365 -0.065 -0.065 -0.065 -0.065 -0.0673442 -0.06272613 -0.06429098 -0.06780174
0.037 -0.065 -0.065 -0.065 -0.065 -0.06737393 -0.06270064 -0.06422397 -0.06784488
0.0375 -0.065 -0.065 -0.065 -0.065 -0.06740212 -0.062675714 -0.06415867 -0.06788608
0.038 -0.065 -0.065 -0.065 -0.065 -0.06742882 -0.062651336 -0.06409503 -0.067925386
0.0385 -0.065 -0.065 -0.065 -0.065 -0.06745413 -0.06262751 -0.064033 -0.06796291
0.039 -0.065 -0.065 -0.065 -0.065 -0.06747806 -0.0626042 -0.063972525 -0.067998685
0.0395 -0.065 -0.065 -0.065 -0.065 -0.06750071 -0.06258139 -0.06391358 -0.0680328
0.04 -0.065 -0.065 -0.065 -0.065 -0.06752211 -0.06255908 -0.0638561 -0.068065315
0.0405 -0.065 -0.065 -0.065 -0.065 -0.06754233 -0.06253723 -0.06380006 -0.06809632
0.041 -0.065 -0.065 -0.065 -0.065 -0.0675614 -0.062515855 -0.063745394 -0.06812584
0.0415 -0.065 -0.065 -0.065 -0.065 -0.0675794 -0.062494922 -0.0636921 -0.068153925
0.042 -0.065 -0.065 -0.065 -0.065 -0.06759632 -0.06247441 -0.0636401 -0.068180695
0.0425 -0.065 -0.065 -0.065 -0.065 -0.06761227 -0.062454328 -0.06358938 -0.06820617
0.043 -0.065 -0.065 -0.065 -0.065 -0.06762723 -0.062434655 -0.06353991 -0.06823036
0.0435 -0.065 -0.065 -0.065 -0.065 -0.06764129 -0.06241537 -0.06349162 -0.06825338
0.044 -0.065 -0.065 -0.065 -0.065 -0.067654476 -0.062396478 -0.06344451 -0.06827526
0.0445 -0.065 -0.065 -0.065 -0.065 -0.067666814 -0.062377952 -0.06339854 -0.06829602
0.045 -0.065 -0.065 -0.065 -0.065 -0.06767833 -0.062359802 -0.06335368 -0.06831571
0.0455 -0.065 -0.065 -0.065 -0.065 -0.0676891 -0.062342003 -0.063309886 -0.06833439
0.046 -0.065 -0.065 -0.065 -0.065 -0.067699134 -0.06232454 -0.063267134 -0.06835213
0.0465 -0.065 -0.065 -0.065 -0.065 -0.06770846 -0.062307417 -0.0632254 -0.068368904
0.047 -0.065 -0.065 -0.065 -0.065 -0.06771712 -0.062290616 -0.06318466 -0.06838481
0.0475 -0.065 -0.065 -0.065 -0.065 -0.06772512 -0.06227413 -0.06314487 -0.06839987
0.048 -0.065 -0.065 -0.065 -0.065 -0.06773251 -0.062257946 -0.063106015 -0.068414085
0.0485 -0.065 -0.065 -0.065 -0.065 -0.06773934 -0.062242076 -0.06306808 -0.06842751
0.049 -0.065 -0.065 -0.065 -0.065 -0.0677456 -0.06222648 -0.06303101 -0.06844021
0.0495 -0.065 -0.065 -0.065 -0.065 -0.06775132 -0.062211186 -0.06299481 -0.06845216
0.05 -0.065 -0.065 -0.065 -0.065 -0.06775652 -0.06219616 -0.06295944 -0.06846345
0.0505 -0.065 -0.065 -0.065 -0.065 -0.06776124 -0.062181406 -0.06292489 -0.068474054
0.051 -0.065 -0.065 -0.065 -0.065 -0.06776552 -0.062166926 -0.06289113 -0.068484016
0.0515 -0.065 -0.065 -0.065 -0.065 -0.06776932 -0.06215269 -0.06285814 -0.06849338
0.052 -0.065 -0.065 -0.065 -0.065 -0.0677727 -0.0621387 -0.0628259 -0.06850218
0.0525 -0.065 -0.065 -0.065 -0.065 -0.067775674 -0.062124975 -0.0627944 -0.068510376
0.053 -0.065 -0.065 -0.065 -0.065 -0.06777831 -0.062111467 -0.062763594 -0.06851808
0.0535 -0.065 -0.065 -0.065 -0.065 -0.06778055 -0.062098213 -0.062733494 -0.06852526
0.054 -0.065 -0.065 -0.065 -0.065 -0.06778244 -0.06208517 -0.062704064 -0.06853195
0.0545 -0.065 -0.065 -0.065 -0.065 -0.067784 -0.062072355 -0.06267529 -0.06853819
0.055 -0.065 -0.065 -0.065 -0.065 -0.06778525 -0.062059753 -0.06264716 -0.06854398
0.0555 -0.065 -0.065 -0.065 -0.065 -0.06778621 -0.062047362 -0.06261964 -0.06854935
0.056 -0.065 -0.065 -0.065 -0.065 -0.06778686 -0.062035177 -0.06259273 -0.06855432
0.0565 -0.065 -0.065 -0.065 -0.065 -0.06778726 -0.0620232 -0.062566414 -0.06855887
0.057 -0.065 -0.065 -0.065 -0.065 -0.06778741 -0.06201143 -0.06254068 -0.06856305
0.0575 -0.065 -0.065 -0.065 -0.065 -0.06778729 -0.06199984 -0.0625155 -0.06856688
0.058 -0.065 -0.065 -0.065 -0.065 -0.06778696 -0.06198845 -0.062490873 -0.06857038
0.0585 -0.065 -0.065 -0.065 -0.065 -0.06778642 -0.061977237 -0.062466774 -0.06857356
0.059 -0.065 -0.065 -0.065 -0.065 -0.067785665 -0.06196621 -0.062443193 -0.06857642
0.0595 -0.065 -0.065 -0.065 -0.065 -0.0677847 -0.061955355 -0.062420115 -0.068578996
0.06 -0.065 -0.065 -0.065 -0.065 -0.067783564 -0.061944675 -0.062397536 -0.0685813
0.0605 -0.065 -0.065 -0.065 -0.065 -0.06778226 -0.06193417 -0.06237544 -0.06858332
0.061 -0.065 -0.065 -0.065 -0.065 -0.06778078 -0.061923828 -0.06235381 -0.068585105
0.0615 -0.065 -0.065 -0.065 -0.065 -0.06777914 -0.06191366 -0.06233264 -0.068586595
0.062 -0.065 -0.065 -0.065 -0.065 -0.06777735 -0.061903648 -0.062311918 -0.06858789
0.0625 -0.065 -0.065 -0.065 -0.065 -0.06777542 -0.06189379 -0.06229163 -0.068588965
0.063 -0.065 -0.065 -0.065 -0.065 -0.067773364 -0.061884087 -0.062271766 -0.06858983
0.0635 -0.065 -0.065 -0.065 -0.065 -0.06777121 -0.06187453 -0.062252313 -0.0685905
0.064 -0.065 -0.065 -0.065 -0.065 -0.06776891 -0.06186513 -0.06223327 -0.06859096
0.0645 -0.065 -0.065 -0.065 -0.065 -0.06776653 -0.061855875 -0.062214613 -0.06859126
0.065 -0.065 -0.065 -0.065 -0.065 -0.06776402 -0.061846755 -0.06219635 -0.06859138
0.0655 -0.065 -0.065 -0.065 -0.065 -0.06776144 -0.061837785 -0.062178455 -0.06859135
0.066 -0.065 -0.065 -0.065 -0.065 -0.06775878 -0.06182894 -0.062160935 -0.068591155
0.0665 -0.065 -0.065 -0.065 -0.065 -0.06775604 -0.061820243 -0.062143765 -0.06859081
0.067 -0.065 -0.065 -0.065 -0.065 -0.067753196 -0.06181167 -0.062126953 -0.06859033
0.0675 -0.065 -0.065 -0.065 -0.065 -0.06775029 -0.061803233 -0.062110476 -0.06858971
0.068 -0.065 -0.065 -0.065 -0.065 -0.06774732 -0.061794914 -0.06209433 -0.06858899
0.0685 -0.065 -0.065 -0.065 -0.065 -0.067744285 -0.061786726 -0.062078513 -0.06858814
0.069 -0.065 -0.065 -0.065 -0.065 -0.067741185 -0.061778665 -0.062063012 -0.06858718
0.0695 -0.065 -0.065 -0.065 -0.065 -0.06773807 -0.061770726 -0.062047824 -0.068586096
0.07 -0.065 -0.065 -0.065 -0.065 -0.06773488 -0.0617629 -0.062032938 -0.06858494
0.0705 -0.065 -0.065 -0.065 -0.065 -0.06773166 -0.0617552 -0.06201835 -0.06858366
0.071 -0.065 -0.065 -0.065 -0.065 -0.06772839 -0.0617476 -0.062004045 -0.06858232
0.0715 -0.065 -0.065 -0.065 -0.065 -0.06772511 -0.061740123 -0.06199003 -0.0685809
0.072 -0.065 -0.065 -0.065 -0.065 -0.06772178 -0.061732754 -0.061976284 -0.06857938
0.0725 -0.065 -0.065 -0.065 -0.065 -0.06771842 -0.061725505 -0.061962813 -0.0685778
0.073 -0.065 -0.065 -0.065 -0.065 -0.067715034 -0.06171835 -0.061949603 -0.068576165
0.0735 -0.065 -0.065 -0.065 -0.065 -0.06771165 -0.061711308 -0.061936654 -0.06857445
0.074 -0.065 -0.065 -0.065 -0.065 -0.06770824 -0.061704352 -0.061923943 -0.06857272
0.0745 -0.065 -0.065 -0.065 -0.065 -0.0677048 -0.06169752 -0.061911494 -0.068570875
0.075 -0.065 -0.065 -0.065 -0.065 -0.06770134 -0.061690785 -0.061899282 -0.068569
0.0755 -0.065 -0.065 -0.065 -0.065 -0.06769791 -0.061684143 -0.0618873 -0.06856709
0.076 -0.065 -0.065 -0.065 -0.065 -0.06769444 -0.061677597 -0.061875556 -0.06856511
0.0765 -0.065 -0.065 -0.065 -0.065 -0.06769097 -0.061671153 -0.06186403 -0.0685631
0.077 -0.065 -0.065 -0.065 -0.065 -0.06768751 -0.0616648 -0.06185273 -0.06856107
0.0775 -0.065 -0.065 -0.065 -0.065 -0.06768404 -0.061658543 -0.06184164 -0.06855898
0.078 -0.065 -0.065 -0.065 -0.065 -0.06768057 -0.061652377 -0.061830766 -0.06855685
0.0785 -0.065 -0.065 -0.065 -0.065 -0.067677096 -0.061646294 -0.061820094 -0.06855472
0.079 -0.065 -0.065 -0.065 -0.065 -0.06767364 -0.061640307 -0.06180962 -0.068552546
0.0795 -0.065 -0.065 -0.065 -0.065 -0.06767018 -0.061634406 -0.061799347 -0.06855037
0.08 -0.065 -0.065 -0.065 -0.065 -0.06766674 -0.061628588 -0.06178927 -0.06854815
0.0805 -0.065 -0.065 -0.065 -0.065 -0.0676633 -0.06162285 -0.061779372 -0.06854594
0.081 -0.065 -0.065 -0.065 -0.065 -0.067659885 -0.061617218 -0.06176967 -0.068543665
0.0815 -0.065 -0.065 -0.065 -0.065 -0.06765647 -0.06161164 -0.061760142 -0.06854141
0.082 -0.065 -0.065 -0.065 -0.065 -0.06765307 -0.06160616 -0.0617508 -0.06853913
0.0825 -0.065 -0.065 -0.065 -0.065 -0.06764969 -0.061600752 -0.06174162 -0.06853685
0.083 -0.065 -0.065 -0.065 -0.065 -0.067646325 -0.06159543 -0.061732616 -0.068534546
0.0835 -0.065 -0.065 -0.065 -0.065 -0.06764297 -0.061590176 -0.061723776 -0.06853225
0.084 -0.065 -0.065 -0.065 -0.065 -0.06763963 -0.061584994 -0.061715093 -0.068529956
0.0845 -0.065 -0.065 -0.065 -0.065 -0.067636326 -0.061579894 -0.061706573 -0.06852765
0.085 -0.065 -0.065 -0.065 -0.065 -0.06763303 -0.06157487 -0.06169821 -0.06852532
0.0855 -0.065 -0.065 -0.065 -0.065 -0.06762976 -0.06156992 -0.061690003 -0.06852301
0.086 -0.065 -0.065 -0.065 -0.065 -0.06762652 -0.061565038 -0.06168194 -0.0685207
0.0865 -0.065 -0.065 -0.065 -0.065 -0.06762329 -0.06156022 -0.06167402 -0.0685184
0.087 -0.065 -0.065 -0.065 -0.065 -0.06762008 -0.061555482 -0.06166625 -0.06851608
0.0875 -0.065 -0.065 -0.065 -0.065 -0.06761692 -0.06155081 -0.06165862 -0.06851377
0.088 -0.065 -0.065 -0.065 -0.065 -0.067613766 -0.061546203 -0.061651126 -0.06851148
0.0885 -0.065 -0.065 -0.065 -0.065 -0.067610644 -0.061541658 -0.061643764 -0.0685092
0.089 -0.065 -0.065 -0.065 -0.065 -0.06760753 -0.06153718 -0.061636534 -0.06850692
0.0895 -0.065 -0.065 -0.065 -0.065 -0.06760446 -0.061532773 -0.061629437 -0.06850463
0.09 -0.065 -0.065 -0.065 -0.065 -0.06760143 -0.06152843 -0.061622467 -0.06850237
0.0905 -0.065 -0.065 -0.065 -0.065 -0.06759839 -0.061524145 -0.061615616 -0.06850011
0.091 -0.065 -0.065 -0.065 -0.065 -0.0675954 -0.061519925 -0.06160889 -0.06849786
0.0915 -0.065 -0.065 -0.065 -0.065 -0.06759242 -0.061515763 -0.06160229 -0.068495624
0.092 -0.065 -0.065 -0.065 -0.065 -0.06758948 -0.061511666 -0.0615958 -0.06849338
0.0925 -0.065 -0.065 -0.065 -0.065 -0.06758654 -0.061507627 -0.061589427 -0.06849117
0.093 -0.065 -0.065 -0.065 -0.065 -0.067583665 -0.06150365 -0.06158317 -0.06848896
0.0935 -0.065 -0.065 -0.065 -0.065 -0.067580804 -0.061499726 -0.061577015 -0.06848679
0.094 -0.065 -0.065 -0.065 -0.065 -0.06757797 -0.06149585 -0.06157097 -0.06848462
0.0945 -0.065 -0.065 -0.065 -0.065 -0.06757517 -0.061492033 -0.061565027 -0.068482466
0.095 -0.065 -0.065 -0.065 -0.065 -0.0675724 -0.06148828 -0.061559193 -0.068480335
0.0955 -0.065 -0.065 -0.065 -0.065 -0.06756966 -0.061484575 -0.061553463 -0.068478204
0.096 -0.065 -0.065 -0.065 -0.065 -0.06756693 -0.061480924 -0.061547827 -0.0684761
0.0965 -0.065 -0.065 -0.065 -0.065 -0.067564264 -0.061477326 -0.061542295 -0.068474
0.097 -0.065 -0.065 -0.065 -0.065 -0.06756158 -0.061473776 -0.061536852 -0.06847193
0.0975 -0.065 -0.065 -0.065 -0.065 -0.067558974 -0.061470293 -0.06153151 -0.06846986
0.098 -0.065 -0.065 -0.065 -0.065 -0.067556374 -0.06146685 -0.061526258 -0.068467826
0.0985 -0.065 -0.065 -0.065 -0.065 -0.06755382 -0.061463453 -0.061521098 -0.06846579
0.099 -0.065 -0.065 -0.065 -0.065 -0.06755126 -0.061460108 -0.06151602 -0.06846381
0.0995 -0.065 -0.065 -0.065 -0.065 -0.06754876 -0.061456814 -0.061511036 -0.06846182
0.1 -0.065 -0.065 -0.065 -0.065 -0.06927045 -0.058744643 -0.061591867 -0.026203148
0.1005 -0.05395411 -0.05424113 -0.0503403 -0.04905331 -0.06349889 -0.036424257 -0.050175928 -0.023311466
0.101 -0.03890795 -0.03747828 -0.03240716 -0.03278831 -0.05843086 -0.015071176 -0.039068397 -0.017419145
0.1015 -0.02814193 -0.01790903 -0.01727841 -0.02045658 -0.05346019 0.0062393323 -0.027847439 -0.011696041
0.102 -0.02069542 0.003178119 -0.004227219 -0.009795039 -0.048530914 0.027498432 -0.01651831 -0.0059480034
0.1025 -0.0150448 0.0250925 0.007807406 0.0001286696 -0.043617126 0.04870493 -0.0050875247 -0.00019867718
0.103 -0.01028089 0.0474125 0.01940331 0.009585489 -0.038711455 0.06985139 0.006436929 0.005547557
0.1035 -0.005937762 0.06993615 0.03085921 0.0186779 -0.033812977 0.09092782 0.018045783 0.0112867765
0.104 -0.00178744 0.09256156 0.04231596 0.02745464 -0.028923087 0.111923195 0.029729396 0.017015615
0.1045 0.002247947 0.1152241 0.05373037 0.03590317 -0.024043925 0.13282636 0.041477934 0.022730932
0.105 0.006173272 0.1378681 0.06514498 0.04397101 -0.01917807 0.15362567 0.053281263 0.028429545
0.1055 0.01004466 0.1604401 0.07662013 0.05175869 -0.01432813 0.17430964 0.065129295 0.034108326
0.106 0.01390944 0.1828917 0.08816177 0.05932093 -0.009496681 0.19486696 0.07701205 0.0397642
0.1065 0.01777463 0.2051775 0.09972897 0.06667168 -0.004686393 0.2152862 0.08891936 0.04539405
0.107 0.02162822 0.2272565 0.1113051 0.07379875 0.000100165606 0.2355563 0.10084137 0.050994907
0.1075 0.02547291 0.2490907 0.1228791 0.08072575 0.0048604384 0.25566626 0.11276816 0.056563757
0.108 0.02931324 0.2706478 0.134441 0.08746946 0.009591922 0.27560553 0.12469016 0.0620977
0.1085 0.03314654 0.2919015 0.1459791 0.09403694 0.014292166 0.29536363 0.13659772 0.067593865
0.109 0.03696713 0.3124343 0.1574776 0.1004319 0.018958807 0.3149307 0.14848173 0.07304953
0.1095 0.04076905 0.3318113 0.1689008 0.1066564 0.023589559 0.33429697 0.16033307 0.07846201
0.11 0.04454797 0.3506541 0.1802432 0.112717 0.028182156 0.3534532 0.17214283 0.08382873
0.1105 0.04830111 0.3692651 0.1915119 0.1186187 0.03273452 0.37239072 0.18390271 0.089147285
0.111 0.0520266 0.3877729 0.2027119 0.1243664 0.037244596 0.3911011 0.19560441 0.09441526
0.1115 0.05572328 0.4062089 0.2138441 0.1299648 0.04171049 0.4095765 0.20724007 0.0996305
0.112 0.05939041 0.424555 0.2249059 0.1354189 0.046130292 0.42780963 0.21880221 0.104790844
0.1125 0.06302755 0.4427713 0.2358928 0.1407335 0.050502352 0.4457936 0.23028365 0.109894395
0.113 0.06663443 0.4608112 0.2467994 0.1459072 0.05482506 0.46352223 0.24167758 0.11493929
0.1135 0.07021071 0.4786304 0.2576206 0.1509458 0.059096925 0.48098978 0.25297764 0.11992386
0.114 0.07375616 0.4961907 0.2683517 0.1558612 0.063316606 0.49819115 0.2641779 0.12484657
0.1145 0.07727063 0.5134613 0.2789883 0.1606582 0.06748284 0.5151218 0.27527264 0.12970603
0.115 0.08075414 0.5304188 0.2895263 0.1653407 0.07159447 0.5317775 0.28625664 0.13450092
0.1155 0.08419939 0.5470457 0.2999613 0.1699053 0.07565055 0.54815495 0.29712513 0.13923019
0.116 0.08759454 0.5633286 0.3102875 0.1743514 0.079650216 0.5642515 0.3078738 0.14389287
0.1165 0.090956 0.579261 0.320505 0.1786939 0.0835926 0.58006436 0.31849846 0.14848807
0.117 0.09429381 0.5948416 0.330614 0.1829395 0.087477125 0.59559184 0.3289956 0.1530151
0.1175 0.09760871 0.6100723 0.3406131 0.1870861 0.09130321 0.61083263 0.3393618 0.15747342
0.118 0.1008762 0.6249548 0.3504918 0.1910754 0.095070444 0.62578595 0.34959432 0.16186252
0.1185 0.1040922 0.6394943 0.360248 0.1949488 0.09877851 0.6404514 0.35969052 0.16618213
0.119 0.1072797 0.6536994 0.3698906 0.198749 0.10242718 0.65482914 0.36964825 0.17043206
0.1195 0.1104494 0.6675795 0.3794235 0.2024867 0.10601627 0.66891956 0.37946552 0.1746121
0.12 0.1136016 0.6811439 0.3888463 0.2061625 0.10954585 0.682724 0.3891411 0.17872244
0.1205 0.1167332 0.6944018 0.3981572 0.2097751 0.11301591 0.6962436 0.3986735 0.18276307
0.121 0.11984 0.7073618 0.4073548 0.2133231 0.11642658 0.7094799 0.40806177 0.18673426
0.1215 0.1229189 0.7200324 0.416438 0.216806 0.119778074 0.7224351 0.41730526 0.19063625
0.122 0.125968 0.7324218 0.4254062 0.2202238 0.12307071 0.7351118 0.42640367 0.19446945
0.1225 0.1289829 0.7445375 0.4342586 0.2235679 0.1263049 0.7475127 0.4353569 0.19823444
0.123 0.1319381 0.7563843 0.442988 0.2267024 0.1294809 0.75964034 0.44416466 0.20193157
0.1235 0.134828 0.76797 0.4515957 0.2295728 0.13259932 0.77149826 0.45282742 0.20556152
0.124 0.137682 0.7793027 0.4600885 0.2324538 0.13566077 0.7830901 0.46134588 0.20912504
0.1245 0.1405222 0.79039 0.4684708 0.2353647 0.1386657 0.7944193 0.46972045 0.21262276
0.125 0.1433522 0.8012392 0.4767436 0.2382883 0.14161476 0.8054896 0.47795203 0.21605548
0.1255 0.1461675 0.8118568 0.4849067 0.2412044 0.14450869 0.81630504 0.48604152 0.21942401
0.126 0.1489617 0.8222489 0.4929595 0.2438531 0.1473481 0.8268697 0.49399003 0.2227292
0.1265 0.1517288 0.832421 0.5009015 0.2464207 0.15013379 0.8371878 0.50179887 0.22597188
0.127 0.1544651 0.8423772 0.5087306 0.2490344 0.15286651 0.847264 0.5094694 0.22915307
0.1275 0.1571698 0.8521225 0.5164472 0.2516867 0.15554711 0.8571026 0.5170032 0.2322737
0.128 0.1598441 0.8616628 0.5240549 0.2543572 0.1581763 0.8667079 0.52440166 0.23533472
0.1285 0.1624875 0.8710027 0.5315551 0.2567362 0.16075498 0.8760846 0.5316665 0.2383371
0.129 0.1650902 0.8801468 0.5389477 0.2590714 0.163284 0.8852376 0.5387995 0.2412819
0.1295 0.1676391 0.8890772 0.545286 0.2614595 0.16576418 0.8941711 0.5458025 0.2441701
0.13 0.1701525 0.8977716 0.5513828 0.2638907 0.16819641 0.9028901 0.55267704 0.24700266
0.1305 0.1726441 0.906258 0.5578106 0.2663438 0.17058158 0.911399 0.55942535 0.24978077
0.131 0.1751029 0.9145641 0.5645398 0.2687797 0.17292058 0.91970277 0.56604934 0.2525054
0.1315 0.1775154 0.9227073 0.5714263 0.2711628 0.17521423 0.9278058 0.5725508 0.2551775
0.132 0.1798952 0.9306962 0.5780628 0.273511 0.17746347 0.9357128 0.5789317 0.25779817
0.1325 0.182228 0.9384943 0.5836788 0.2758464 0.17966914 0.9434283 0.58519423 0.26036847
0.133 0.1845372 0.9461022 0.589453 0.27817 0.18183213 0.9509568 0.5913402 0.2628894
0.1335 0.1868213 0.953549 0.5956235 0.2804496 0.18395332 0.958303 0.5973717 0.26536193
0.134 0.189073 0.9608589 0.6020633 0.2826775 0.18603352 0.96547115 0.6032908 0.26778713
0.1345 0.1913092 0.9680465 0.6086183 0.28488 0.18807364 0.97246575 0.6090995 0.27016595
0.135 0.1935351 0.9751181 0.6151746 0.2870631 0.1900745 0.97929096 0.61479986 0.2724994
0.1355 0.1957532 0.9820747 0.6216606 0.2892243 0.19203702 0.9859514 0.620394 0.27478856
0.136 0.1979592 0.988915 0.6280361 0.2913597 0.19396186 0.99245083 0.6258836 0.27703422
0.1365 0.2001199 0.9956348 0.6342387 0.2934418 0.19584998 0.9987937 0.6312709 0.27923742
0.137 0.2022386 1.002228 0.6402856 0.2954728 0.19770217 1.0049838 0.6365577 0.2813991
0.1375 0.2043413 1.008697 0.6462179 0.2974748 0.19951919 1.0110255 0.6417463 0.2835202
0.138 0.2064339 1.015044 0.6520446 0.2994534 0.20130181 1.0169222 0.6468382 0.28560156
0.1385 0.2085139 1.021269 0.6577658 0.3014077 0.20305079 1.022678 0.65183556 0.2876441
0.139 0.2105765 1.027374 0.663381 0.3033357 0.20476693 1.0282968 0.6567404 0.2896487
0.1395 0.2126171 1.03336 0.6688913 0.3052356 0.20645094 1.033782 0.6615542 0.2916162
0.14 0.2146321 1.039227 0.6742983 0.3070938 0.22953022 1.0398216 0.66905594 0.27180478
0.1405 0.2055716 1.034215 0.6649471 0.2929531 0.23038083 1.0277557 0.66656137 0.2659717
0.141 0.1924767 1.023092 0.6522265 0.2784649 0.22864363 1.0104638 0.65985334 0.25961775
0.1415 0.1836237 1.00905 0.6421208 0.2678631 0.22600779 0.992496 0.65253186 0.25375873
0.142 0.1780582 0.9933742 0.6339567 0.2588918 0.22285053 0.9743291 0.64486897 0.24824363
0.1425 0.1742545 0.9767125 0.6267303 0.2506369 0.21938625 0.95612013 0.6369741 0.24295229
0.143 0.171299 0.9594229 0.619848 0.2428118 0.21574137 0.9379569 0.6289133 0.23781401
0.1435 0.1687363 0.9417273 0.6130275 0.2353228 0.21199286 0.91989446 0.6207292 0.23278713
0.144 0.1663535 0.923779 0.6061521 0.2281308 0.20818877 0.90196836 0.6124517 0.2278465
0.1445 0.164053 0.9056929 0.5991818 0.2212135 0.20436019 0.8842031 0.60410273 0.22297713
0.145 0.1617902 0.8875592 0.5921097 0.2145543 0.20052737 0.86661583 0.5956993 0.21817017
0.1455 0.1595015 0.8694507 0.5849423 0.2081387 0.19670412 0.84921956 0.5872556 0.21342057
0.146 0.1570579 0.8514267 0.5776903 0.2019538 0.19289988 0.8320249 0.5787841 0.20872584
0.1465 0.1546562 0.8335354 0.570366 0.1959874 0.18912116 0.81503874 0.57029486 0.2040847
0.147 0.1523441 0.8158162 0.5629821 0.1902287 0.18537283 0.79826826 0.56179774 0.19949707
0.1475 0.1501031 0.798301 0.5555507 0.1846672 0.18165845 0.7817187 0.5533017 0.19496334
0.148 0.1479061 0.7810154 0.5480825 0.1792934 0.1779806 0.7653943 0.5448147 0.1904842
0.1485 0.1457321 0.7639797 0.5405874 0.1740982 0.1743415 0.7492991 0.5363444 0.18606052
0.149 0.1435684 0.7472099 0.5330741 0.1690728 0.17074272 0.7334359 0.5278977 0.1816932
0.1495 0.1414078 0.730718 0.5255509 0.1642093 0.1671856 0.71780765 0.5194814 0.17738321
0.15 0.1392476 0.7145132 0.5180253 0.1595001 0.16367131 0.70241636 0.5111016 0.17313147
0.1505 0.1370873 0.6986016 0.5105042 0.1549378 0.16020072 0.687264 0.5027642 0.16893882
0.151 0.1349273 0.6829876 0.5029941 0.1505157 0.15677452 0.6723514 0.49447432 0.16480592
0.1515 0.1327692 0.6676735 0.4955007 0.1462275 0.15339333 0.65768 0.4862372 0.16073346
0.152 0.1306143 0.6526601 0.4880296 0.1420671 0.1500577 0.6432501 0.47805735 0.15672201
0.1525 0.1284641 0.637947 0.4805856 0.1380289 0.14676797 0.62906194 0.46993914 0.15277198
0.153 0.1263201 0.6235328 0.4731734 0.1341076 0.14352444 0.6151157 0.46188644 0.14888376
0.1535 0.1241836 0.609415 0.4657973 0.1302979 0.1403273 0.6014107 0.45390287 0.14505754
0.154 0.1220556 0.5955908 0.4584609 0.1265953 0.13717669 0.58794653 0.44599178 0.14129353
0.1545 0.1199372 0.5820566 0.451168 0.1229951 0.13407266 0.5747223 0.43815616 0.13759178
0.155 0.1178293 0.5688083 0.4439217 0.1194932 0.13101515 0.56173676 0.4303988 0.13395226
0.1555 0.1157326 0.5558417 0.4367251 0.1160855 0.1280042 0.54898864 0.42272207 0.13037488
0.156 0.1136479 0.543152 0.4295809 0.1127682 0.12503955 0.53647643 0.4151282 0.12685946
0.1565 0.1115756 0.5307344 0.4224916 0.1095376 0.12212115 0.5241985 0.40761933 0.12340578
0.157 0.1095165 0.518584 0.4154594 0.1063905 0.11924862 0.51215255 0.40019688 0.12001347
0.1575 0.1074708 0.5066956 0.4084865 0.1033235 0.11642166 0.5003365 0.39286238 0.11668212
0.158 0.1054392 0.495064 0.4015748 0.1003336 0.11364003 0.48874834 0.38561723 0.113411345
0.1585 0.1034218 0.4836841 0.394726 0.09741782 0.110903315 0.4773855 0.37846243 0.110200584
0.159 0.1014192 0.4725506 0.3879415 0.09457349 0.10821115 0.46624556 0.37139896 0.107049376
0.1595 0.0994316 0.4616584 0.3812229 0.09179798 0.10556304 0.4553258 0.36442745 0.10395707
0.16 0.0974593 0.4510023 0.3745713 0.08908878 0.10295854 0.44462344 0.35754848 0.10092306
0.1605 0.09550256 0.4405771 0.3679878 0.08644354 0.1003971 0.43413547 0.35076234 0.09794658
0.161 0.09356162 0.4303778 0.3614735 0.08386 0.0978783 0.4238594 0.34406954 0.09502704
0.1615 0.09163668 0.4203995 0.3550293 0.08133604 0.09540152 0.4137918 0.33746997 0.09216362
0.162 0.08972795 0.4106371 0.3486557 0.07886961 0.092966236 0.40393004 0.33096385 0.08935563
0.1625 0.0878356 0.4010858 0.3423536 0.07645878 0.09057184 0.39427063 0.3245509 0.08660222
0.163 0.08595977 0.3917409 0.3361235 0.0741017 0.08821774 0.38481048 0.3182309 0.083902575
0.1635 0.08410061 0.3825978 0.3299658 0.07179661 0.0859034 0.37554672 0.31200376 0.08125592
0.164 0.08225825 0.3736519 0.3238808 0.06954182 0.083628125 0.3664758 0.30586883 0.07866135
0.1645 0.08043278 0.3648986 0.3178689 0.06733575 0.0813913 0.35759452 0.29982573 0.076118045
0.165 0.07862431 0.3563336 0.3119303 0.06517684 0.07919233 0.34889978 0.2938739 0.0736251
0.1655 0.0768329 0.3479527 0.3060652 0.06306364 0.07703061 0.34038827 0.2880128 0.07118169
0.166 0.07505864 0.3397516 0.3002735 0.06099475 0.07490542 0.33205667 0.2822416 0.068786904
0.1665 0.07330157 0.3317262 0.2945554 0.05896883 0.072816215 0.3239019 0.2765598 0.06643991
0.167 0.07156174 0.3238725 0.2889107 0.0569846 0.07076227 0.31592035 0.27096626 0.06413971
0.1675 0.06983918 0.3161867 0.2833394 0.05504082 0.06874298 0.30810907 0.2654604 0.0618855
0.168 0.06813392 0.3086648 0.2778414 0.05313633 0.066757746 0.30046475 0.26004133 0.05967637
0.1685 0.06644596 0.3013031 0.2724163 0.05126999 0.06480589 0.29298425 0.25470808 0.05751144
0.169 0.06477531 0.2940981 0.267064 0.04944072 0.06288683 0.28566438 0.2494598 0.055389863
0.1695 0.06312197 0.2870461 0.2617842 0.04764748 0.060999908 0.27850196 0.24429551 0.053310726
0.17 0.06148591 0.2801436 0.2565766 0.04588928 0.05914449 0.2714938 0.23921415 0.051273152
0.1705 0.05986713 0.2733874 0.2514408 0.04416516 0.057320066 0.26463705 0.23421487 0.04927633
0.171 0.05826558 0.266774 0.2463764 0.0424742 0.05552589 0.25792828 0.22929648 0.047319345
0.1715 0.05668123 0.2603002 0.2413829 0.0408155 0.05376143 0.2513648 0.22445804 0.0454014
0.172 0.05511403 0.2539628 0.23646 0.03918823 0.052026115 0.24494341 0.21969846 0.04352163
0.1725 0.05356395 0.2477589 0.2316071 0.03759155 0.05031935 0.23866126 0.21501672 0.041679215
0.173 0.05203091 0.2416853 0.2268237 0.03602469 0.048640557 0.23251545 0.21041176 0.039873388
0.1735 0.05051485 0.2357392 0.2221094 0.03448688 0.04698915 0.2265031 0.20588249 0.0381033
0.174 0.04901572 0.2299176 0.2174635 0.03297738 0.04536461 0.22062132 0.20142782 0.036368135
0.1745 0.04753343 0.2242178 0.2128854 0.03149549 0.043766372 0.21486744 0.19704676 0.034667175
0.175 0.0460679 0.2186371 0.2083747 0.03004052 0.042193927 0.20923868 0.1927382 0.032999653
0.1755 0.04461906 0.2131728 0.2039306 0.02861183 0.040646724 0.2037324 0.18850109 0.03136478
0.176 0.04318681 0.2078222 0.1995526 0.02720876 0.039124213 0.19834578 0.18433428 0.029761843
0.1765 0.04177106 0.2025829 0.19524 0.02583072 0.03762599 0.19307643 0.18023688 0.0281901
0.177 0.04037172 0.1974523 0.1909922 0.0244771 0.036151506 0.18792173 0.17620769 0.026648855
0.1775 0.03898869 0.1924281 0.1868085 0.02314733 0.034700252 0.18287912 0.17224574 0.02513739
0.178 0.03762186 0.1875079 0.1826882 0.02184086 0.033271737 0.17794615 0.16834995 0.02365504
0.1785 0.03627113 0.1826893 0.1786307 0.02055714 0.03186559 0.17312044 0.16451928 0.022201095
0.179 0.03493639 0.1779702 0.1746353 0.01929567 0.030481271 0.1683996 0.16075277 0.020774972
0.1795 0.03361753 0.1733483 0.1707013 0.01805593 0.029118381 0.16378134 0.15704942 0.01937597
0.18 0.03231443 0.1688214 0.166828 0.01683745 0.027776442 0.15926331 0.15340811 0.018003464
0.1805 0.03102698 0.1643876 0.1630147 0.01563974 0.026455082 0.15484333 0.14982799 0.016656857
0.181 0.02975506 0.1600446 0.1592607 0.01446235 0.025153883 0.15051928 0.14630799 0.015335547
0.1815 0.02849854 0.1557906 0.1555653 0.01330484 0.023872405 0.14628881 0.14284714 0.0140389055
0.182 0.02725731 0.1516236 0.1519277 0.01216677 0.022610262 0.14215001 0.13944452 0.01276641
0.1825 0.02603123 0.1475417 0.1483474 0.01104773 0.021367088 0.13810068 0.13609914 0.011517454
0.183 0.02482018 0.1435429 0.1448234 0.009947321 0.02014251 0.13413894 0.13281012 0.010291532
0.1835 0.02362404 0.1396256 0.1413552 0.00886514 0.018936142 0.13026273 0.12957653 0.009088058
0.184 0.02244268 0.1357878 0.137942 0.007800807 0.017747648 0.12647015 0.1263974 0.007906556
0.1845 0.02127595 0.132028 0.1345832 0.006753951 0.016576655 0.122759275 0.12327191 0.0067465045
0.185 0.02012374 0.1283443 0.1312779 0.005724213 0.015422851 0.119128324 0.120199144 0.005607404
0.1855 0.01898591 0.1247351 0.1280255 0.004711241 0.014285885 0.115575455 0.11717823 0.0044887513
0.186 0.01786233 0.1211989 0.1248253 0.003714696 0.013165444 0.11209882 0.11420825 0.0033900738
0.1865 0.01675285 0.117734 0.1216765 0.002734245 0.012061223 0.10869687 0.11128849 0.0023109391
0.187 0.01565736 0.1143388 0.1185785 0.001769566 0.010972895 0.10536768 0.10841796 0.0012508668
0.1875 0.01457571 0.1110119 0.1155305 0.0008203463 0.009900175 0.10210977 0.10559595 0.0002094321
0.188 0.01350776 0.1077519 0.112532 -0.0001137204 0.008842789 0.098921515 0.10282165 -0.0008137636
0.1885 0.01245339 0.1045572 0.1095821 -0.001032931 0.0078004375 0.09580124 0.10009417 -0.0018191934
0.189 0.01141245 0.1014264 0.1066801 -0.001937575 0.006772831 0.0927474 0.09741275 -0.0028072335
0.1895 0.01038481 0.09835825 0.1038255 -0.002827935 0.0057597235 0.08975857 0.09477669 -0.0037782788
0.19 0.009370329 0.09535131 0.1010175 -0.003704284 0.004760839 0.086833216 0.09218514 -0.0047327094
0.1905 0.008368875 0.09240429 0.09825545 -0.004566891 0.0037759393 0.08396994 0.08963743 -0.005670905
0.191 0.00738031 0.08951591 0.09553867 -0.005416017 0.002804771 0.08116726 0.08713275 -0.0065932386
0.1915 0.006404497 0.08668492 0.09286649 -0.006251916 0.0018470734 0.078423835 0.08467041 -0.00750006
0.192 0.005441301 0.08391009 0.09023826 -0.007074837 0.0009026602 0.07573835 0.0822497 -0.008391686
0.1925 0.004490586 0.08119022 0.08765333 -0.00788502 -2.874434e-05 0.073109455 0.079869896 -0.009268478
0.193 0.003552216 0.07852415 0.08511106 -0.008682703 -0.0009473488 0.070535876 0.07753034 -0.010130763
0.1935 0.002626055 0.07591072 0.0826108 -0.009468116 -0.0018533692 0.06801634 0.075230315 -0.010978833
0.194 0.001711969 0.07334883 0.08015191 -0.01024148 -0.0027470216 0.065549634 0.07296915 -0.011813037
0.1945 0.0008098247 0.07083737 0.07773377 -0.01100302 -0.0036284998 0.06313462 0.07074626 -0.012633644
0.195 -8.051317e-05 0.06837529 0.07535576 -0.01175295 -0.004498005 0.060770027 0.06856088 -0.013440967
0.1955 -0.0009591774 0.06596154 0.07301726 -0.01249148 -0.0053557456 0.058454745 0.06641245 -0.014235277
0.196 -0.001826301 0.06359509 0.07071767 -0.01321881 -0.006201908 0.056187667 0.0643003 -0.015016843
0.1965 -0.002682015 0.06127496 0.06845638 -0.01393514 -0.007036686 0.05396772 0.062223867 -0.015785951
0.197 -0.003526451 0.05900015 0.06623279 -0.01464067 -0.007860236 0.05179382 0.060182497 -0.016542848
0.1975 -0.004359741 0.05676973 0.06404632 -0.01533559 -0.0086727515 0.049664967 0.05817564 -0.017287806
0.198 -0.005182013 0.05458276 0.06189639 -0.01602008 -0.009474397 0.047580086 0.05620265 -0.018021047
0.1985 -0.005993398 0.05243833 0.05978241 -0.01669433 -0.010265373 0.045538224 0.054262966 -0.018742837
0.199 -0.006794023 0.05033555 0.05770383 -0.01735851 -0.011045791 0.0435384 0.052356064 -0.019453384
0.1995 -0.007584015 0.04827354 0.05566009 -0.01801281 -0.011815846 0.04157967 0.05048135 -0.020152941
0.2 -0.008363503 0.04625146 0.05365062 -0.01865738 -0.0125756785 0.03966113 0.048638284 -0.020841725
0.2005 -0.00913261 0.04426848 0.05167489 -0.0192924 -0.013325483 0.03778187 0.046826333 -0.021519914
0.201 -0.009891463 0.04232377 0.04973235 -0.01991803 -0.014065355 0.035941012 0.04504493 -0.02218777
0.2015 -0.01064019 0.04041655 0.04782247 -0.02053443 -0.01479546 0.034137674 0.043293595 -0.02284547
0.202 -0.0113789 0.03854603 0.04594472 -0.02114176 -0.015515909 0.03237105 0.04157181 -0.0234932
0.2025 -0.01210773 0.03671146 0.04409858 -0.02174016 -0.016226925 0.030640282 0.039879024 -0.024131179
0.203 -0.01282679 0.03491208 0.04228355 -0.0223298 -0.016928568 0.028944649 0.038214833 -0.024759576
0.2035 -0.01353621 0.03314718 0.04049911 -0.02291081 -0.017621003 0.027283274 0.036578655 -0.025378592
0.204 -0.0142361 0.03141604 0.03874478 -0.02348333 -0.018304355 0.02565547 0.034970045 -0.02598837
0.2045 -0.01492659 0.02971797 0.03702005 -0.02404752 -0.018978722 0.02406048 0.033388585 -0.026589118
0.205 -0.01560779 0.02805227 0.03532444 -0.02460351 -0.019644298 0.022497512 0.03183371 -0.027180992
0.2055 -0.01627981 0.0264183 0.03365748 -0.02515143 -0.020301133 0.020965941 0.030305043 -0.027764156
0.206 -0.01694277 0.02481539 0.0320187 -0.02569142 -0.020949379 0.019465066 0.028802112 -0.028338745
0.2065 -0.01759679 0.02324291 0.03040762 -0.0262236 -0.021589167 0.017994158 0.027324468 -0.028904945
0.207 -0.01824197 0.02170024 0.0288238 -0.0267481 -0.02222059 0.01655259 0.025871694 -0.029462889
0.2075 -0.01887844 0.02018677 0.02726678 -0.02726505 -0.022843756 0.015139751 0.024443373 -0.030012764
0.208 -0.01950629 0.0187019 0.02573611 -0.02777457 -0.023458801 0.013754956 0.023039043 -0.030554652
0.2085 -0.02012565 0.01724504 0.02423137 -0.02827678 -0.024065815 0.012397595 0.021658331 -0.031088717
0.209 -0.02073661 0.01581564 0.02275211 -0.02877179 -0.024664916 0.011067115 0.02030082 -0.0316151
0.2095 -0.02133929 0.01441312 0.02129792 -0.02925973 -0.025256164 0.00976292 0.018966146 -0.03213396
0.21 -0.0219338 0.01303695 0.01986837 -0.0297407 -0.025839716 0.008484401 0.01765386 -0.032645352
0.2105 -0.02252023 0.01168659 0.01846305 -0.03021481 -0.026415654 0.0072310045 0.016363606 -0.03314948
0.211 -0.02309869 0.01036152 0.01708156 -0.03068218 -0.026984073 0.00600224 0.015095018 -0.033646427
0.2115 -0.02366929 0.009061225 0.0157235 -0.0311429 -0.027545057 0.004797511 0.013847709 -0.034136318
0.212 -0.02423212 0.007785207 0.01438847 -0.03159709 -0.028098755 0.0036163107 0.012621313 -0.034619264
0.2125 -0.0247873 0.006532977 0.01307609 -0.03204485 -0.028645195 0.0024581626 0.011415489 -0.03509541
0.213 -0.02533491 0.005304055 0.01178596 -0.03248628 -0.02918449 0.00132256 0.010229863 -0.03556481
0.2135 -0.02587506 0.004097974 0.01051773 -0.03292147 -0.029716745 0.00020900369 0.009064116 -0.036027633
0.214 -0.02640785 0.002914275 0.009271018 -0.03335053 -0.03024204 -0.00088296086 0.007917874 -0.03648395
0.2145 -0.02693336 0.001752511 0.008045459 -0.03377355 -0.03076046 -0.001953803 0.0067908317 -0.03693386
0.215 -0.02745171 0.0006122411 0.006840696 -0.03419062 -0.031272106 -0.0030039921 0.0056826323 -0.037377506
0.2155 -0.02796298 -0.0005069628 0.005656376 -0.03460183 -0.03177703 -0.0040339455 0.0045929775 -0.037814952
0.216 -0.02846726 -0.001605521 0.004492153 -0.03500728 -0.03227535 -0.005044088 0.0035215616 -0.03824628
0.2165 -0.02896465 -0.002683846 0.003347686 -0.03540705 -0.032767124 -0.006034866 0.0024680272 -0.03867162
0.217 -0.02945524 -0.003742338 0.002222637 -0.03580123 -0.033252448 -0.007006675 0.001432091 -0.03909103
0.2175 -0.02993912 -0.004781393 0.001116678 -0.03618991 -0.0337314 -0.00795991 0.00041346252 -0.03950464
0.218 -0.03041638 -0.005801396 2.948217e-05 -0.03657316 -0.034204043 -0.008894965 -0.00058816373 -0.0399125
0.2185 -0.0308871 -0.006802724 -0.00103927 -0.03695108 -0.034670457 -0.009812199 -0.001573056 -0.040314734
0.219 -0.03135138 -0.007785746 -0.002089894 -0.03732374 -0.035130758 -0.01071205 -0.002541557 -0.04071138
0.2195 -0.03180931 -0.008750824 -0.003122698 -0.03769122 -0.035584982 -0.011594839 -0.003493905 -0.04110256
0.22 -0.03226095 -0.009698311 -0.004137988 -0.0380536 -0.036033187 -0.01246091 -0.0044303685 -0.041488335
0.2205 -0.03270641 -0.01062855 -0.005136062 -0.03841095 -0.036475502 -0.013310641 -0.0053512454 -0.04186879
0.221 -0.03314576 -0.01154189 -0.006117217 -0.03876336 -0.036911942 -0.014144354 -0.006256789 -0.042243995
0.2215 -0.03357908 -0.01243866 -0.007081741 -0.0391109 -0.037342615 -0.014962383 -0.0071472675 -0.042614043
0.222 -0.03400646 -0.01331917 -0.00802992 -0.03945364 -0.03776758 -0.015765063 -0.008022934 -0.042978995
0.2225 -0.03442798 -0.01418376 -0.008962033 -0.03979164 -0.03818693 -0.016552731 -0.008884057 -0.043338932
0.223 -0.03484372 -0.01503273 -0.009878357 -0.04012499 -0.038600687 -0.017325662 -0.009730861 -0.043693922
0.2235 -0.03525374 -0.01586638 -0.01077916 -0.04045374 -0.03900896 -0.018084161 -0.010563612 -0.044044018
0.224 -0.03565814 -0.01668502 -0.01166472 -0.04077798 -0.03941179 -0.018828534 -0.01138252 -0.04438933
0.2245 -0.03605699 -0.01748893 -0.01253528 -0.04109776 -0.039809242 -0.019559078 -0.012187853 -0.04472988
0.225 -0.03645035 -0.01827841 -0.01339111 -0.04141315 -0.040201426 -0.020276077 -0.012979835 -0.045065783
0.2255 -0.03683832 -0.01905373 -0.01423247 -0.04172422 -0.040588338 -0.02097977 -0.013758667 -0.045397073
0.226 -0.03722095 -0.01981517 -0.01505959 -0.04203102 -0.04097008 -0.02167049 -0.014524624 -0.045723803
0.2265 -0.03759833 -0.02056299 -0.01587273 -0.04233363 -0.04134673 -0.022348464 -0.015277892 -0.046046056
0.227 -0.03797052 -0.02129746 -0.01667213 -0.0426321 -0.041718327 -0.023013942 -0.016018681 -0.046363898
0.2275 -0.0383376 -0.02201884 -0.01745802 -0.0429265 -0.04208491 -0.023667194 -0.016747214 -0.046677373
0.228 -0.03869963 -0.02272737 -0.01823063 -0.04321688 -0.042446587 -0.024308465 -0.017463714 -0.046986543
0.2285 -0.03905669 -0.02342331 -0.0189902 -0.04350329 -0.04280341 -0.024938002 -0.018168367 -0.047291487
0.229 -0.03940883 -0.0241069 -0.01973695 -0.04378581 -0.043155413 -0.025556028 -0.018861383 -0.047592245
0.2295 -0.03975614 -0.02477837 -0.0204711 -0.04406449 -0.043502674 -0.026162773 -0.019542947 -0.047888853
0.23 -0.04009867 -0.02543795 -0.02119287 -0.04433937 -0.04384522 -0.026758462 -0.020213276 -0.048181422
0.2305 -0.04043649 -0.02608588 -0.02190247 -0.04461052 -0.044183172 -0.02734334 -0.020872548 -0.048469953
0.231 -0.04076967 -0.02672238 -0.02260011 -0.04487799 -0.04451652 -0.027917609 -0.021520957 -0.04875453
0.2315 -0.04109826 -0.02734766 -0.023286 -0.04514184 -0.044845365 -0.028481461 -0.022158682 -0.0490352
0.232 -0.04142234 -0.02796193 -0.02396034 -0.04540211 -0.04516972 -0.029035136 -0.022785902 -0.049312033
0.2325 -0.04174196 -0.02856541 -0.02462333 -0.04565886 -0.045489684 -0.029578812 -0.02340281 -0.049585037
0.233 -0.04205719 -0.02915831 -0.02527517 -0.04591213 -0.0458053 -0.030112691 -0.024009556 -0.049854286
0.2335 -0.04236808 -0.02974081 -0.02591604 -0.04616198 -0.046116605 -0.030636959 -0.024606325 -0.050119832
0.234 -0.0426747 -0.03031312 -0.02654614 -0.04640846 -0.046423666 -0.031151824 -0.025193296 -0.050381742
0.2345 -0.0429771 -0.03087543 -0.02716566 -0.04665161 -0.04672654 -0.031657465 -0.025770634 -0.050640024
0.235 -0.04327534 -0.03142794 -0.02777477 -0.04689148 -0.04702524 -0.032154046 -0.02633848 -0.05089476
0.2355 -0.04356948 -0.03197081 -0.02837365 -0.04712812 -0.04731988 -0.03264176 -0.02689702 -0.05114598
0.236 -0.04385958 -0.03250424 -0.02896249 -0.04736157 -0.04761046 -0.03312078 -0.027446397 -0.051393747
0.2365 -0.04414569 -0.03302841 -0.02954146 -0.04759189 -0.047897078 -0.033591278 -0.027986772 -0.05163809
0.237 -0.04442787 -0.03354348 -0.03011072 -0.0478191 -0.04817973 -0.034053408 -0.02851829 -0.051879056
0.2375 -0.04470616 -0.03404962 -0.03067045 -0.04804327 -0.048458498 -0.03450734 -0.029041111 -0.052116685
0.238 -0.04498064 -0.03454701 -0.0312208 -0.04826442 -0.048733417 -0.03495322 -0.02955538 -0.052351043
0.2385 -0.04525134 -0.03503581 -0.03176195 -0.04848261 -0.04900455 -0.035391234 -0.030061238 -0.052582137
0.239 -0.04551832 -0.03551618 -0.03229404 -0.04869788 -0.04927194 -0.035821483 -0.030558825 -0.052810073
0.2395 -0.04578163 -0.03598827 -0.03281724 -0.04891026 -0.04953563 -0.03624416 -0.031048268 -0.053034812
0.24 -0.04604132 -0.03645223 -0.03333169 -0.04911979 -0.049795646 -0.036659397 -0.031529732 -0.053256452
0.2405 -0.04629744 -0.03690823 -0.03383756 -0.04932653 -0.050052084 -0.037067346 -0.032003343 -0.053475007
0.241 -0.04655005 -0.0373564 -0.03433498 -0.0495305 -0.05030495 -0.037468128 -0.032469213 -0.053690515
0.2415 -0.04679919 -0.0377969 -0.03482411 -0.04973174 -0.05055429 -0.037861884 -0.0329275 -0.053903043
0.242 -0.0470449 -0.03822986 -0.03530509 -0.0499303 -0.050800167 -0.038248748 -0.033378318 -0.05411262
0.2425 -0.04728724 -0.03865542 -0.03577805 -0.05012621 -0.051042616 -0.03862886 -0.03382179 -0.054319263
0.243 -0.04752625 -0.03907372 -0.03624313 -0.0503195 -0.051281672 -0.039002337 -0.034258038 -0.05452306
0.2435 -0.04776198 -0.03948489 -0.03670048 -0.05051022 -0.051517405 -0.039369315 -0.03468719 -0.054723978
0.244 -0.04799448 -0.03988906 -0.03715021 -0.0506984 -0.051749825 -0.0397299 -0.035109363 -0.054922096
0.2445 -0.04822378 -0.04028637 -0.03759248 -0.05088408 -0.051978987 -0.040084228 -0.035524674 -0.055117473
0.245 -0.04844994 -0.04067694 -0.0380274 -0.05106728 -0.05220494 -0.040432416 -0.035933234 -0.055310093
0.2455 -0.04867299 -0.04106088 -0.03845509 -0.05124805 -0.052427724 -0.040774576 -0.03633517 -0.05550003
0.246 -0.04889299 -0.04143833 -0.03887569 -0.05142641 -0.05264737 -0.041110814 -0.036730573 -0.0556873
0.2465 -0.04910996 -0.0418094 -0.03928932 -0.05160241 -0.052863948 -0.041441254 -0.037119567 -0.055871956
0.247 -0.04932396 -0.0421742 -0.03969609 -0.05177607 -0.053077467 -0.041765995 -0.03750226 -0.05605402
0.2475 -0.04953503 -0.04253286 -0.04009613 -0.05194743 -0.05328796 -0.04208512 -0.03787873 -0.056233548
0.248 -0.0497432 -0.04288548 -0.04048954 -0.05211651 -0.053495493 -0.042398788 -0.038249113 -0.056410514
0.2485 -0.04994852 -0.04323217 -0.04087645 -0.05228336 -0.05370008 -0.04270705 -0.0386135 -0.05658502
0.249 -0.05015103 -0.04357304 -0.04125697 -0.05244799 -0.053901788 -0.04301004 -0.038971994 -0.05675707
0.2495 -0.05035076 -0.04390819 -0.0416312 -0.05261045 -0.054100636 -0.043307826 -0.039324682 -0.056926697
0.25 -0.05054775 -0.04423773 -0.04199925 -0.05277075 -0.05429667 -0.043600522 -0.03967167 -0.05709391
0.2505 -0.05074205 -0.04456176 -0.04236123 -0.05292894 -0.054489903 -0.043888234 -0.04001306 -0.057258777
0.251 -0.05093368 -0.04488038 -0.04271724 -0.05308503 -0.054680403 -0.044171013 -0.040348925 -0.05742132
0.2515 -0.05112269 -0.04519368 -0.04306739 -0.05323907 -0.05486818 -0.044448994 -0.040679373 -0.05758155
0.252 -0.05130912 -0.04550177 -0.04341177 -0.05339107 -0.055053312 -0.044722237 -0.041004483 -0.057739533
0.2525 -0.05149299 -0.04580473 -0.04375048 -0.05354106 -0.05523579 -0.044990838 -0.041324355 -0.057895258
0.253 -0.05167435 -0.04610265 -0.04408363 -0.05368908 -0.055415645 -0.045254864 -0.041639067 -0.058048785
0.2535 -0.05185322 -0.04639564 -0.0444113 -0.05383514 -0.055592958 -0.045514427 -0.04194871 -0.058200136
0.254 -0.05202965 -0.04668376 -0.0447336 -0.05397928 -0.055767726 -0.045769602 -0.042253364 -0.05834934
0.2545 -0.05220367 -0.04696712 -0.0450506 -0.05412152 -0.05593999 -0.04602045 -0.042553112 -0.058496423
0.255 -0.0523753 -0.0472458 -0.04536241 -0.05426188 -0.056109793 -0.046267062 -0.042848043 -0.058641404
0.2555 -0.0525446 -0.04751987 -0.04566911 -0.0544004 -0.056277145 -0.046509504 -0.043138217 -0.058784336
0.256 -0.05271157 -0.04778943 -0.04597078 -0.0545371 -0.05644211 -0.04674788 -0.043423735 -0.05892521
0.2565 -0.05287627 -0.04805454 -0.04626752 -0.054672 -0.056604706 -0.04698223 -0.043704662 -0.059064098
0.257 -0.05303872 -0.0483153 -0.04655941 -0.05480513 -0.056764968 -0.047212638 -0.043981075 -0.059200995
0.2575 -0.05319895 -0.04857177 -0.04684653 -0.05493651 -0.05692291 -0.04743918 -0.04425306 -0.05933594
0.258 -0.05335699 -0.04882404 -0.04712896 -0.05506616 -0.057078566 -0.047661923 -0.044520672 -0.059468925
0.2585 -0.05351287 -0.04907217 -0.04740678 -0.05519411 -0.057231992 -0.047880925 -0.04478399 -0.059600033
0.259 -0.05366663 -0.04931624 -0.04768007 -0.05532038 -0.057383213 -0.048096277 -0.045043092 -0.059729256
0.2595 -0.05381829 -0.04955632 -0.04794891 -0.055445 -0.05753223 -0.048308007 -0.045298025 -0.059856646
0.26 -0.05396788 -0.04979249 -0.04821337 -0.05556798 -0.057679098 -0.048516206 -0.04554888 -0.059982188
0.2605 -0.05411544 -0.0500248 -0.04847353 -0.05568936 -0.05782385 -0.048720933 -0.045795724 -0.060105927
0.261 -0.05426098 -0.05025333 -0.04872946 -0.05580914 -0.057966504 -0.04892225 -0.046038616 -0.060227893
0.2615 -0.05440453 -0.05047815 -0.04898123 -0.05592735 -0.05810707 -0.049120203 -0.046277612 -0.06034811
0.262 -0.05454613 -0.05069931 -0.04922892 -0.05604402 -0.058245633 -0.04931487 -0.04651279 -0.06046658
0.2625 -0.05468581 -0.05091688 -0.04947258 -0.05615916 -0.05838216 -0.0495063 -0.046744213 -0.06058336
0.263 -0.05482358 -0.05113093 -0.0497123 -0.05627279 -0.05851669 -0.04969456 -0.046971932 -0.060698442
0.2635 -0.05495947 -0.05134152 -0.04994813 -0.05638494 -0.058649287 -0.049879692 -0.047196016 -0.060811877
0.264 -0.05509351 -0.0515487 -0.05018015 -0.05649562 -0.058779947 -0.050061747 -0.047416516 -0.060923673
0.2645 -0.05522573 -0.05175253 -0.05040841 -0.05660486 -0.058908712 -0.050240807 -0.0476335 -0.061033837
0.265 -0.05535616 -0.05195308 -0.05063299 -0.05671267 -0.05903558 -0.050416894 -0.047847018 -0.061142422
0.2655 -0.0554848 -0.0521504 -0.05085393 -0.05681907 -0.05916063 -0.050590068 -0.04805713 -0.061249427
0.266 -0.0556117 -0.05234454 -0.05107131 -0.05692408 -0.059283827 -0.05076039 -0.048263893 -0.06135489
0.2665 -0.05573688 -0.05253556 -0.05128519 -0.05702773 -0.059405223 -0.0509279 -0.048467364 -0.06145882
0.267 -0.05586035 -0.05272352 -0.05149562 -0.05713002 -0.059524853 -0.051092647 -0.048667595 -0.061561234
0.2675 -0.05598214 -0.05290847 -0.05170266 -0.05723098 -0.059642736 -0.051254682 -0.048864625 -0.061662175
0.268 -0.05610229 -0.05309045 -0.05190637 -0.05733062 -0.05975887 -0.05141405 -0.049058523 -0.061761655
0.2685 -0.05622079 -0.05326952 -0.0521068 -0.05742897 -0.059873324 -0.051570803 -0.049249336 -0.061859675
0.269 -0.0563377 -0.05344573 -0.05230402 -0.05752603 -0.059986103 -0.051724985 -0.049437113 -0.06195628
0.2695 -0.05645301 -0.05361913 -0.05249806 -0.05762184 -0.060097218 -0.051876634 -0.04962191 -0.062051453
0.27 -0.05656676 -0.05378977 -0.052689 -0.05771639 -0.060206708 -0.052025795 -0.04980376 -0.062145256
0.2705 -0.05667897 -0.05395769 -0.05287687 -0.05780971 -0.060314577 -0.05217251 -0.049982723 -0.062237702
0.271 -0.05678965 -0.05412294 -0.05306174 -0.05790183 -0.060420863 -0.052316822 -0.050158836 -0.06232878
0.2715 -0.05689884 -0.05428557 -0.05324364 -0.05799274 -0.060525592 -0.052458785 -0.05033216 -0.062418535
0.272 -0.05700654 -0.05444561 -0.05342264 -0.05808247 -0.06062878 -0.05259843 -0.050502736 -0.06250697
0.2725 -0.05711279 -0.05460312 -0.05359878 -0.05817104 -0.06073043 -0.052735776 -0.050670587 -0.062594146
0.273 -0.05721759 -0.05475814 -0.0537721 -0.05825845 -0.0608306 -0.0528709 -0.05083579 -0.06268
0.2735 -0.05732098 -0.0549107 -0.05394266 -0.05834473 -0.060929287 -0.05300381 -0.050998367 -0.06276462
0.274 -0.05742297 -0.05506086 -0.0541105 -0.05842989 -0.061026514 -0.05313456 -0.05115837 -0.062847994
0.2745 -0.05752358 -0.05520864 -0.05427567 -0.05851395 -0.061122302 -0.05326318 -0.05131583 -0.06293016
0.275 -0.05762282 -0.0553541 -0.0544382 -0.05859691 -0.061216693 -0.053389706 -0.0514708 -0.06301109
0.2755 -0.05772073 -0.05549727 -0.05459815 -0.0586788 -0.06130967 -0.053514183 -0.051623315 -0.06309084
0.276 -0.05781731 -0.05563818 -0.05475556 -0.05875963 -0.06140126 -0.053636633 -0.051773414 -0.06316944
0.2765 -0.05791258 -0.05577689 -0.05491047 -0.05883941 -0.061491497 -0.053757086 -0.051921133 -0.06324687
0.277 -0.05800657 -0.05591341 -0.05506292 -0.05891815 -0.061580427 -0.053875603 -0.052066527 -0.06332315
0.2775 -0.05809929 -0.0560478 -0.05521295 -0.05899588 -0.061668005 -0.053992182 -0.0522096 -0.06339834
0.278 -0.05819075 -0.05618008 -0.05536061 -0.0590726 -0.06175431 -0.054106884 -0.052350424 -0.0634724
0.2785 -0.05828098 -0.0563103 -0.05550593 -0.05914833 -0.061839316 -0.05421973 -0.05248902 -0.06354535
0.279 -0.05836999 -0.05643848 -0.05564894 -0.05922307 -0.06192306 -0.054330744 -0.05262542 -0.06361725
0.2795 -0.0584578 -0.05656466 -0.0557897 -0.05929685 -0.062005565 -0.054439977 -0.05275967 -0.06368808
0.28 -0.05854443 -0.05668887 -0.05592824 -0.05936967 -0.062086854 -0.05454743 -0.052891795 -0.063757874
0.2805 -0.05862989 -0.05681115 -0.05606458 -0.05944156 -0.062166907 -0.054653145 -0.053021833 -0.06382664
0.281 -0.05871419 -0.05693153 -0.05619878 -0.05951251 -0.062245805 -0.05475717 -0.05314982 -0.06389436
0.2815 -0.05879736 -0.05705004 -0.05633087 -0.05958254 -0.062323503 -0.05485951 -0.053275786 -0.06396111
0.282 -0.05887941 -0.05716671 -0.05646087 -0.05965167 -0.062400047 -0.0549602 -0.053399764 -0.064026855
0.2825 -0.05896035 -0.05728157 -0.05658883 -0.05971991 -0.06247546 -0.05505926 -0.053521782 -0.06409164
0.283 -0.0590402 -0.05739465 -0.05671477 -0.05978727 -0.062549755 -0.055156745 -0.053641886 -0.06415546
0.2835 -0.05911898 -0.05750598 -0.05683874 -0.05985375 -0.06262291 -0.05525265 -0.05376008 -0.06421835
0.284 -0.0591967 -0.05761558 -0.05696076 -0.05991938 -0.062695 -0.05534701 -0.053876422 -0.06428028
0.2845 -0.05927337 -0.0577235 -0.05708087 -0.05998416 -0.062765986 -0.055439867 -0.05399093 -0.064341284
0.285 -0.05934901 -0.05782975 -0.05719909 -0.06004811 -0.06283593 -0.055531226 -0.054103635 -0.06440139
0.2855 -0.05942363 -0.05793437 -0.05731547 -0.06011123 -0.06290482 -0.05562111 -0.05421456 -0.06446063
0.286 -0.05949725 -0.05803737 -0.05743002 -0.06017354 -0.0629727 -0.05570957 -0.05432374 -0.06451894
0.2865 -0.05956988 -0.05813879 -0.05754278 -0.06023504 -0.06303954 -0.0557966 -0.054431204 -0.064576425
0.287 -0.05964153 -0.05823866 -0.05765378 -0.06029575 -0.063105404 -0.055882238 -0.05453697 -0.06463304
0.2875 -0.05971222 -0.05833699 -0.05776305 -0.06035568 -0.06317027 -0.05596651 -0.05464108 -0.06468881
0.288 -0.05978196 -0.05843381 -0.05787061 -0.06041483 -0.06323415 -0.05604943 -0.054743547 -0.06474375
0.2885 -0.05985076 -0.05852915 -0.0579765 -0.06047322 -0.063297085 -0.05613102 -0.0548444 -0.06479787
0.289 -0.05991865 -0.05862303 -0.05808074 -0.06053087 -0.06335908 -0.056211315 -0.05494367 -0.0648512
0.2895 -0.05998562 -0.05871548 -0.05818335 -0.06058777 -0.06342012 -0.056290314 -0.05504138 -0.064903714
0.29 -0.06005169 -0.05880651 -0.05828437 -0.06064393 -0.06348029 -0.05636806 -0.055137552 -0.06495545
0.2905 -0.06011687 -0.05889616 -0.05838382 -0.06069938 -0.063539535 -0.056444563 -0.05523222 -0.065006405
0.291 -0.06018119 -0.05898444 -0.05848173 -0.06075411 -0.06359787 -0.056519844 -0.055325393 -0.06505662
0.2915 -0.06024464 -0.05907137 -0.05857811 -0.06080813 -0.06365535 -0.056593925 -0.055417106 -0.06510607
0.292 -0.06030724 -0.05915699 -0.05867301 -0.06086146 -0.063711956 -0.05666683 -0.055507373 -0.06515479
0.2925 -0.060369 -0.0592413 -0.05876643 -0.06091411 -0.063767746 -0.056738563 -0.055596232 -0.06520277
0.293 -0.06042993 -0.05932433 -0.05885841 -0.06096608 -0.06382264 -0.056809157 -0.055683687 -0.06525005
0.2935 -0.06049005 -0.0594061 -0.05894896 -0.06101738 -0.06387673 -0.056878634 -0.055769775 -0.06529661
0.294 -0.06054936 -0.05948664 -0.05903812 -0.06106802 -0.06393001 -0.056947 -0.055854514 -0.06534246
0.2945 -0.06060788 -0.05956595 -0.0591259 -0.06111801 -0.06398249 -0.05701428 -0.055937916 -0.06538765
0.295 -0.06066562 -0.05964407 -0.05921232 -0.06116736 -0.06403419 -0.057080492 -0.056020018 -0.06543214
0.2955 -0.06072258 -0.059721 -0.05929741 -0.06121608 -0.06408508 -0.057145648 -0.05610083 -0.06547596
0.296 -0.06077879 -0.05979678 -0.0593812 -0.06126417 -0.06413523 -0.057209767 -0.056180373 -0.06551913
0.2965 -0.06083424 -0.05987141 -0.05946369 -0.06131164 -0.064184606 -0.057272874 -0.05625867 -0.06556166
0.297 -0.06088895 -0.05994492 -0.05954491 -0.0613585 -0.06423326 -0.057334974 -0.05633574 -0.06560355
0.2975 -0.06094293 -0.06001732 -0.05962489 -0.06140476 -0.06428115 -0.057396084 -0.0564116 -0.06564482
0.298 -0.06099619 -0.06008863 -0.05970363 -0.06145043 -0.06432834 -0.057456233 -0.056486275 -0.06568546
0.2985 -0.06104874 -0.06015887 -0.05978117 -0.06149551 -0.06437482 -0.057515435 -0.05655978 -0.06572549
0.299 -0.06110058 -0.06022806 -0.05985752 -0.06154002 -0.06442058 -0.05757369 -0.056632135 -0.06576491
0.2995 -0.06115174 -0.0602962 -0.0599327 -0.06158395 -0.06446566 -0.057631023 -0.05670336 -0.06580373
0.3 -0.06120221 -0.06036333 -0.06000673 -0.06162732 -0.06451005 -0.057687446 -0.05677346 -0.06584198
0.3005 -0.06125201 -0.06042945 -0.06007963 -0.06167014 -0.06455375 -0.05774299 -0.056842472 -0.06587964
0.301 -0.06130115 -0.06049459 -0.06015141 -0.0617124 -0.06459682 -0.057797633 -0.0569104 -0.065916754
0.3015 -0.06134963 -0.06055875 -0.0602221 -0.06175413 -0.06463924 -0.057851426 -0.056977265 -0.06595331
0.302 -0.06139746 -0.06062195 -0.06029171 -0.06179532 -0.06468102 -0.05790437 -0.057043083 -0.06598929
0.3025 -0.06144466 -0.06068421 -0.06036025 -0.06183598 -0.064722165 -0.057956472 -0.057107873 -0.06602476
0.303 -0.06149123 -0.06074554 -0.06042776 -0.06187612 -0.06476267 -0.05800774 -0.057171647 -0.066059686
0.3035 -0.06153718 -0.06080596 -0.06049423 -0.06191575 -0.064802565 -0.05805821 -0.05723443 -0.06609407
0.304 -0.06158251 -0.06086548 -0.06055969 -0.06195487 -0.06484187 -0.058107875 -0.057296224 -0.06612795
0.3045 -0.06162725 -0.06092412 -0.06062416 -0.06199349 -0.06488056 -0.058156766 -0.057357058 -0.06616131
0.305 -0.06167138 -0.06098188 -0.06068765 -0.06203161 -0.06491868 -0.05820488 -0.05741694 -0.06619417
0.3055 -0.06171494 -0.06103879 -0.06075017 -0.06206925 -0.06495621 -0.058252238 -0.05747588 -0.06622654
0.306 -0.06175791 -0.06109485 -0.06081175 -0.06210641 -0.06499317 -0.058298856 -0.057533912 -0.06625839
0.3065 -0.06180031 -0.06115009 -0.06087239 -0.06214309 -0.06502958 -0.05834473 -0.057591032 -0.06628978
0.307 -0.06184215 -0.0612045 -0.06093212 -0.0621793 -0.06506541 -0.058389872 -0.057647254 -0.06632071
0.3075 -0.06188343 -0.06125812 -0.06099094 -0.06221505 -0.06510073 -0.058434322 -0.05770261 -0.06635114
0.308 -0.06192416 -0.06131094 -0.06104887 -0.06225034 -0.0651355 -0.058478065 -0.05775709 -0.066381134
0.3085 -0.06196436 -0.06136298 -0.06110593 -0.06228518 -0.06516973 -0.058521114 -0.057810724 -0.06641067
0.309 -0.06200401 -0.06141425 -0.06116212 -0.06231958 -0.06520347 -0.058563493 -0.05786352 -0.066439755
0.3095 -0.06204315 -0.06146476 -0.06121747 -0.06235353 -0.06523667 -0.0586052 -0.057915494 -0.066468395
0.31 -0.06208176 -0.06151454 -0.06127198 -0.06238705 -0.06526936 -0.058646254 -0.057966657 -0.0664966
0.3105 -0.06211986 -0.06156358 -0.06132567 -0.06242015 -0.06530158 -0.058686655 -0.058017015 -0.0665244
0.311 -0.06215746 -0.0616119 -0.06137856 -0.06245282 -0.06533331 -0.05872643 -0.058066595 -0.06655176
0.3115 -0.06219455 -0.06165951 -0.06143065 -0.06248507 -0.06536455 -0.058765568 -0.058115397 -0.06657872
0.312 -0.06223116 -0.06170642 -0.06148195 -0.06251692 -0.06539531 -0.058804102 -0.05816344 -0.066605255
0.3125 -0.06226728 -0.06175264 -0.06153249 -0.06254835 -0.065425605 -0.058842026 -0.058210738 -0.0666314
0.313 -0.06230292 -0.06179819 -0.06158226 -0.06257939 -0.06545543 -0.058879353 -0.05825729 -0.06665715
0.3135 -0.06233809 -0.06184307 -0.06163129 -0.06261003 -0.06548481 -0.058916092 -0.058303118 -0.066682495
0.314 -0.0623728 -0.06188729 -0.06167959 -0.06264027 -0.06551375 -0.058952264 -0.05834824 -0.066707455
0.3145 -0.06240704 -0.06193087 -0.06172716 -0.06267013 -0.065542236 -0.05898786 -0.058392648 -0.06673206
0.315 -0.06244083 -0.06197381 -0.06177402 -0.06269962 -0.06557031 -0.059022892 -0.058436364 -0.06675628
0.3155 -0.06247418 -0.06201612 -0.06182018 -0.06272872 -0.06559791 -0.05905739 -0.058479406 -0.066780105
0.316 -0.06250708 -0.06205782 -0.06186565 -0.06275745 -0.06562511 -0.059091333 -0.058521777 -0.0668036
0.3165 -0.06253955 -0.06209891 -0.06191044 -0.06278582 -0.06565192 -0.059124753 -0.058563482 -0.06682671
0.317 -0.06257159 -0.0621394 -0.06195457 -0.06281383 -0.06567831 -0.059157647 -0.058604546 -0.06684951
0.3175 -0.06260321 -0.0621793 -0.06199803 -0.06284148 -0.065704286 -0.059190024 -0.058644965 -0.06687192
0.318 -0.0626344 -0.06221862 -0.06204085 -0.06286877 -0.06572987 -0.059221894 -0.05868475 -0.06689402
0.3185 -0.06266519 -0.06225737 -0.06208303 -0.06289572 -0.06575506 -0.059253268 -0.058723927 -0.06691576
0.319 -0.06269557 -0.06229556 -0.06212459 -0.06292233 -0.06577988 -0.05928415 -0.05876249 -0.06693717
0.3195 -0.06272555 -0.0623332 -0.06216552 -0.0629486 -0.0658043 -0.059314545 -0.058800448 -0.06695827
0.32 -0.06275513 -0.06237029 -0.06220585 -0.06297453 -0.06582837 -0.059344467 -0.05883782 -0.06697904
0.3205 -0.06278432 -0.06240684 -0.06224558 -0.06300013 -0.06585206 -0.05937391 -0.0588746 -0.06699952
0.321 -0.06281313 -0.06244286 -0.06228472 -0.0630254 -0.065875396 -0.059402905 -0.058910824 -0.06701965
0.3215 -0.06284156 -0.06247836 -0.06232328 -0.06305036 -0.06589837 -0.05943144 -0.058946468 -0.0670395
0.322 -0.06286961 -0.06251335 -0.06236127 -0.063075 -0.06592099 -0.059459522 -0.05898156 -0.06705904
0.3225 -0.06289729 -0.06254784 -0.0623987 -0.06309932 -0.065943256 -0.05948718 -0.05901612 -0.067078255
0.323 -0.06292461 -0.06258182 -0.06243557 -0.06312333 -0.06596519 -0.059514396 -0.059050128 -0.06709721
0.3235 -0.06295156 -0.06261532 -0.0624719 -0.06314704 -0.06598679 -0.0595412 -0.059083622 -0.06711585
0.324 -0.06297817 -0.06264834 -0.06250769 -0.06317045 -0.06600807 -0.05956757 -0.05911658 -0.067134224
0.3245 -0.06300442 -0.06268088 -0.06254296 -0.06319355 -0.066029005 -0.059593532 -0.059149034 -0.06715233
0.325 -0.06303032 -0.06271295 -0.0625777 -0.06321637 -0.066049635 -0.059619084 -0.059180975 -0.06717015
0.3255 -0.06305589 -0.06274456 -0.06261194 -0.06323889 -0.06606994 -0.059644252 -0.05921243 -0.067187674
0.326 -0.06308112 -0.06277571 -0.06264566 -0.06326113 -0.066089936 -0.05966901 -0.05924339 -0.06720495
0.3265 -0.06310601 -0.06280642 -0.0626789 -0.06328309 -0.06610963 -0.059693392 -0.05927387 -0.06722196
0.327 -0.06313058 -0.06283669 -0.06271164 -0.06330476 -0.06612903 -0.05971738 -0.05930387 -0.067238726
0.3275 -0.06315483 -0.06286653 -0.0627439 -0.06332616 -0.06614812 -0.059741005 -0.059333406 -0.06725522
0.328 -0.06317875 -0.06289593 -0.06277569 -0.06334729 -0.06616692 -0.05976426 -0.059362486 -0.06727146
0.3285 -0.06320237 -0.06292492 -0.06280702 -0.06336815 -0.066185445 -0.059787147 -0.059391115 -0.06728747
0.329 -0.06322567 -0.06295349 -0.06283788 -0.06338874 -0.06620368 -0.059809685 -0.059419297 -0.06730322
0.3295 -0.06324866 -0.06298166 -0.06286829 -0.06340908 -0.06622165 -0.05983187 -0.059447043 -0.06731873
0.33 -0.06327136 -0.06300942 -0.06289826 -0.06342915 -0.06623931 -0.059853703 -0.05947436 -0.067334
0.3305 -0.06329375 -0.06303678 -0.06292778 -0.06344897 -0.06625674 -0.059875198 -0.05950125 -0.06734905
0.331 -0.06331585 -0.06306376 -0.06295688 -0.06346854 -0.06627385 -0.05989635 -0.059527718 -0.067363866
0.3315 -0.06333767 -0.06309035 -0.06298555 -0.06348786 -0.06629075 -0.059917185 -0.05955378 -0.06737844
0.332 -0.06335919 -0.06311656 -0.0630138 -0.06350694 -0.06630738 -0.059937686 -0.059579432 -0.06739282
0.3325 -0.06338043 -0.0631424 -0.06304165 -0.06352577 -0.06632373 -0.059957866 -0.05960469 -0.06740696
0.333 -0.0634014 -0.06316787 -0.06306908 -0.06354436 -0.06633985 -0.05997774 -0.05962956 -0.06742089
0.3335 -0.06342209 -0.06319298 -0.06309611 -0.06356272 -0.06635571 -0.059997298 -0.059654035 -0.0674346
0.334 -0.0634425 -0.06321773 -0.06312276 -0.06358084 -0.06637137 -0.060016554 -0.05967813 -0.06744812
0.3345 -0.06346265 -0.06324213 -0.06314901 -0.06359874 -0.06638673 -0.060035504 -0.059701853 -0.06746142
0.335 -0.06348254 -0.06326619 -0.06317488 -0.0636164 -0.066401884 -0.06005417 -0.059725214 -0.06747451
0.3355 -0.06350216 -0.0632899 -0.06320038 -0.06363385 -0.0664168 -0.060072538 -0.05974821 -0.0674874
0.336 -0.06352153 -0.06331328 -0.0632255 -0.06365107 -0.066431485 -0.06009061 -0.059770834 -0.06750012
0.3365 -0.06354065 -0.06333633 -0.06325027 -0.06366807 -0.066445954 -0.060108416 -0.059793122 -0.06751261
0.337 -0.06355951 -0.06335905 -0.06327467 -0.06368486 -0.06646018 -0.060125943 -0.059815064 -0.06752492
0.3375 -0.06357813 -0.06338145 -0.06329872 -0.06370144 -0.06647421 -0.060143195 -0.059836663 -0.06753703
0.338 -0.0635965 -0.06340353 -0.06332242 -0.0637178 -0.06648801 -0.060160175 -0.05985792 -0.06754898
0.3385 -0.06361463 -0.06342531 -0.06334577 -0.06373396 -0.0665016 -0.060176894 -0.059878856 -0.06756074
0.339 -0.06363253 -0.06344677 -0.06336879 -0.06374991 -0.066515006 -0.060193352 -0.059899464 -0.06757232
0.3395 -0.06365019 -0.06346793 -0.06339148 -0.06376566 -0.0665282 -0.060209557 -0.059919752 -0.0675837
0.34 -0.06366762 -0.0634888 -0.06341384 -0.06378121 -0.066541165 -0.06022551 -0.059939727 -0.06759492
0.3405 -0.06368482 -0.06350937 -0.06343588 -0.06379656 -0.066553965 -0.060241215 -0.059959393 -0.06760598
0.341 -0.0637018 -0.06352965 -0.0634576 -0.06381172 -0.06656654 -0.060256667 -0.05997875 -0.06761686
0.3415 -0.06371856 -0.06354964 -0.063479 -0.06382669 -0.06657894 -0.06027188 -0.059997804 -0.06762759
0.342 -0.06373509 -0.06356936 -0.0635001 -0.06384147 -0.06659114 -0.06028686 -0.06001657 -0.06763814
0.3425 -0.06375141 -0.06358879 -0.06352089 -0.06385606 -0.06660315 -0.06030161 -0.060035035 -0.067648515
0.343 -0.06376752 -0.06360796 -0.06354139 -0.06387046 -0.066614985 -0.060316127 -0.060053222 -0.06765876
0.3435 -0.06378342 -0.06362685 -0.06356159 -0.06388469 -0.066626616 -0.06033042 -0.060071126 -0.06766882
0.344 -0.06379911 -0.06364548 -0.0635815 -0.06389873 -0.06663809 -0.060344495 -0.060088754 -0.06767873
0.3445 -0.06381459 -0.06366385 -0.06360112 -0.06391259 -0.06664938 -0.06035834 -0.060106106 -0.0676885
0.345 -0.06382987 -0.06368196 -0.06362047 -0.06392628 -0.06666051 -0.06037198 -0.06012319 -0.06769811
0.3455 -0.06384496 -0.06369982 -0.06363953 -0.0639398 -0.06667143 -0.0603854 -0.060140006 -0.06770758
0.346 -0.06385984 -0.06371743 -0.06365832 -0.06395314 -0.06668224 -0.060398616 -0.06015656 -0.06771691
0.3465 -0.06387454 -0.06373479 -0.06367685 -0.06396632 -0.06669285 -0.06041163 -0.060172863 -0.0677261
0.347 -0.06388904 -0.06375191 -0.06369511 -0.06397933 -0.0667033 -0.060424432 -0.06018891 -0.06773513
0.3475 -0.06390335 -0.06376879 -0.0637131 -0.06399217 -0.06671357 -0.060437046 -0.06020471 -0.06774403
0.348 -0.06391747 -0.06378544 -0.06373084 -0.06400486 -0.06672372 -0.060449466 -0.06022027 -0.06775277
0.3485 -0.06393141 -0.06380185 -0.06374833 -0.06401738 -0.06673368 -0.060461678 -0.06023558 -0.06776142
0.349 -0.06394517 -0.06381803 -0.06376557 -0.06402974 -0.06674351 -0.06047371 -0.060250655 -0.0677699
0.3495 -0.06395875 -0.06383399 -0.06378256 -0.06404195 -0.06675318 -0.060485553 -0.060265496 -0.067778274
0.35 -0.06397216 -0.06384973 -0.06379931 -0.064054 -0.066762686 -0.060497217 -0.060280114 -0.06778651
0.3505 -0.06398539 -0.06386524 -0.06381582 -0.0640659 -0.06677209 -0.060508706 -0.0602945 -0.0677946
0.351 -0.06399844 -0.06388055 -0.06383209 -0.06407765 -0.06678131 -0.060520004 -0.060308665 -0.067802586
0.3515 -0.06401133 -0.06389563 -0.06384813 -0.06408925 -0.066790394 -0.060531124 -0.060322605 -0.06781045
0.352 -0.06402405 -0.06391051 -0.06386395 -0.06410071 -0.06679934 -0.060542077 -0.060336336 -0.067818195
0.3525 -0.0640366 -0.06392519 -0.06387954 -0.06411202 -0.066808164 -0.060552865 -0.06034985 -0.0678258
0.353 -0.06404899 -0.06393965 -0.06389491 -0.06412318 -0.06681682 -0.060563475 -0.060363155 -0.06783332
0.3535 -0.06406122 -0.06395392 -0.06391006 -0.06413421 -0.066825375 -0.060573936 -0.060376257 -0.0678407
0.354 -0.06407329 -0.06396799 -0.063925 -0.06414509 -0.066833794 -0.06058421 -0.06038915 -0.067848
0.3545 -0.0640852 -0.06398187 -0.06393972 -0.06415584 -0.06684207 -0.06059435 -0.06040185 -0.06785514
0.355 -0.06409696 -0.06399555 -0.06395424 -0.06416645 -0.066850215 -0.06060431 -0.060414344 -0.067862205
0.3555 -0.06410856 -0.06400905 -0.06396855 -0.06417693 -0.06685825 -0.06061413 -0.060426652 -0.06786915
0.356 -0.06412002 -0.06402235 -0.06398265 -0.06418728 -0.066866145 -0.060623787 -0.06043876 -0.067876
0.3565 -0.06413132 -0.06403548 -0.06399656 -0.0641975 -0.06687394 -0.06063331 -0.06045069 -0.06788274
0.357 -0.06414248 -0.06404842 -0.06401027 -0.06420758 -0.0668816 -0.060642675 -0.060462438 -0.067889355
0.3575 -0.0641535 -0.06406118 -0.06402379 -0.06421754 -0.06688915 -0.0606519 -0.060473997 -0.0678959
0.358 -0.06416437 -0.06407377 -0.06403712 -0.06422737 -0.066896595 -0.060660977 -0.060485378 -0.06790232
0.3585 -0.0641751 -0.06408618 -0.06405026 -0.06423708 -0.066903904 -0.060669914 -0.060496584 -0.06790865
0.359 -0.06418569 -0.06409843 -0.06406321 -0.06424667 -0.066911116 -0.060678717 -0.060507618 -0.06791488
0.3595 -0.06419614 -0.0641105 -0.06407598 -0.06425614 -0.066918194 -0.060687367 -0.060518473 -0.067921035
0.36 -0.06420646 -0.06412241 -0.06408857 -0.06426548 -0.06692518 -0.060695894 -0.060529165 -0.067927085
0.3605 -0.06421664 -0.06413415 -0.06410099 -0.06427471 -0.06693205 -0.060704283 -0.06053969 -0.06793303
0.361 -0.06422669 -0.06414573 -0.06411322 -0.06428382 -0.06693883 -0.060712554 -0.060550056 -0.06793889
0.3615 -0.06423661 -0.06415716 -0.06412529 -0.06429282 -0.066945516 -0.060720697 -0.06056026 -0.06794465
0.362 -0.0642464 -0.06416842 -0.06413719 -0.0643017 -0.066952065 -0.060728706 -0.060570303 -0.067950346
0.3625 -0.06425607 -0.06417953 -0.06414892 -0.06431047 -0.06695855 -0.060736593 -0.060580198 -0.06795593
0.363 -0.06426561 -0.06419049 -0.06416049 -0.06431913 -0.066964895 -0.06074436 -0.060589932 -0.06796144
0.3635 -0.06427503 -0.0642013 -0.06417189 -0.06432768 -0.06697117 -0.060752004 -0.060599517 -0.067966856
0.364 -0.06428432 -0.06421196 -0.06418313 -0.06433612 -0.06697733 -0.06075953 -0.060608953 -0.067972206
0.3645 -0.0642935 -0.06422247 -0.06419422 -0.06434446 -0.066983394 -0.060766935 -0.060618244 -0.06797746
0.365 -0.06430255 -0.06423284 -0.06420515 -0.06435269 -0.06698938 -0.060774226 -0.060627393 -0.06798263
0.3655 -0.06431149 -0.06424307 -0.06421593 -0.06436082 -0.066995285 -0.06078141 -0.0606364 -0.067987725
0.366 -0.06432031 -0.06425316 -0.06422656 -0.06436884 -0.067001075 -0.060788475 -0.060645264 -0.067992754
0.3665 -0.06432902 -0.06426311 -0.06423703 -0.06437677 -0.06700678 -0.060795438 -0.060653992 -0.06799769
0.367 -0.06433761 -0.06427292 -0.06424737 -0.06438459 -0.06701241 -0.060802296 -0.06066259 -0.068002544
0.3675 -0.0643461 -0.0642826 -0.06425755 -0.06439232 -0.067017935 -0.06080903 -0.060671046 -0.06800736
0.368 -0.06435447 -0.06429215 -0.0642676 -0.06439995 -0.06702338 -0.06081568 -0.06067938 -0.06801205
0.3685 -0.06436274 -0.06430156 -0.06427751 -0.06440748 -0.067028746 -0.06082222 -0.06068758 -0.06801669
0.369 -0.0643709 -0.06431085 -0.06428727 -0.06441491 -0.067034036 -0.06082865 -0.060695656 -0.068021275
0.3695 -0.06437895 -0.06432001 -0.0642969 -0.06442226 -0.06703925 -0.06083499 -0.0607036 -0.068025775
0.37 -0.0643869 -0.06432905 -0.0643064 -0.06442951 -0.06704436 -0.060841233 -0.06071143 -0.0680302
0.3705 -0.06439475 -0.06433796 -0.06431577 -0.06443667 -0.0670494 -0.06084737 -0.060719132 -0.068034574
0.371 -0.06440249 -0.06434675 -0.064325 -0.06444373 -0.06705436 -0.06085342 -0.060726717 -0.06803886
0.3715 -0.06441014 -0.06435543 -0.06433411 -0.06445071 -0.06705926 -0.060859382 -0.06073419 -0.06804309
0.372 -0.06441768 -0.06436398 -0.06434309 -0.06445761 -0.06706406 -0.06086524 -0.06074154 -0.06804726
0.3725 -0.06442513 -0.06437242 -0.06435194 -0.06446441 -0.0670688 -0.06087101 -0.06074878 -0.06805136
0.373 -0.06443249 -0.06438074 -0.06436067 -0.06447113 -0.06707347 -0.06087669 -0.06075591 -0.0680554
0.3735 -0.06443974 -0.06438895 -0.06436928 -0.06447776 -0.06707807 -0.06088228 -0.060762923 -0.06805938
0.374 -0.06444691 -0.06439705 -0.06437778 -0.06448432 -0.06708259 -0.06088779 -0.06076983 -0.06806329
0.3745 -0.06445398 -0.06440504 -0.06438615 -0.06449078 -0.067087024 -0.060893215 -0.060776636 -0.06806714
0.375 -0.06446096 -0.06441292 -0.06439441 -0.06449717 -0.06709143 -0.060898557 -0.060783334 -0.06807093
0.3755 -0.06446785 -0.06442069 -0.06440255 -0.06450348 -0.06709573 -0.060903814 -0.060789928 -0.06807465
0.376 -0.06447465 -0.06442836 -0.06441058 -0.0645097 -0.06709999 -0.060908988 -0.060796417 -0.06807835
0.3765 -0.06448136 -0.06443592 -0.0644185 -0.06451585 -0.06710416 -0.06091408 -0.06080281 -0.06808196
0.377 -0.06448799 -0.06444338 -0.06442631 -0.06452192 -0.06710827 -0.06091909 -0.0608091 -0.06808553
0.3775 -0.06449453 -0.06445074 -0.06443401 -0.06452792 -0.06711233 -0.060924035 -0.060815297 -0.06808902
0.378 -0.06450099 -0.064458 -0.06444161 -0.06453384 -0.06711633 -0.06092889 -0.06082139 -0.06809249
0.3785 -0.06450736 -0.06446517 -0.0644491 -0.06453968 -0.067120254 -0.06093368 -0.060827397 -0.068095885
0.379 -0.06451366 -0.06447223 -0.06445649 -0.06454545 -0.06712411 -0.060938384 -0.060833305 -0.06809924
0.3795 -0.06451987 -0.0644792 -0.06446377 -0.06455115 -0.067127936 -0.06094303 -0.060839124 -0.06810253
0.38 -0.064526 -0.06448608 -0.06447096 -0.06455678 -0.06713168 -0.06094759 -0.06084485 -0.0681058
0.3805 -0.06453205 -0.06449286 -0.06447805 -0.06456234 -0.06713539 -0.06095209 -0.060850494 -0.06810898
0.381 -0.06453802 -0.06449955 -0.06448504 -0.06456782 -0.06713903 -0.06095651 -0.060856044 -0.06811214
0.3815 -0.06454392 -0.06450615 -0.06449193 -0.06457324 -0.067142606 -0.060960863 -0.06086151 -0.06811526
0.382 -0.06454974 -0.06451266 -0.06449873 -0.06457859 -0.067146145 -0.060965158 -0.0608669 -0.06811829
0.3825 -0.06455548 -0.06451909 -0.06450543 -0.06458387 -0.06714961 -0.06096939 -0.0608722 -0.06812129
0.383 -0.06456116 -0.06452542 -0.06451204 -0.06458908 -0.06715301 -0.060973547 -0.06087742 -0.06812425
0.3835 -0.06456676 -0.06453168 -0.06451856 -0.06459423 -0.06715639 -0.06097764 -0.060882553 -0.06812716
0.384 -0.06457228 -0.06453784 -0.064525 -0.06459932 -0.06715968 -0.06098167 -0.060887612 -0.06813004
0.3845 -0.06457774 -0.06454393 -0.06453134 -0.06460434 -0.06716296 -0.060985647 -0.060892597 -0.06813284
0.385 -0.06458312 -0.06454993 -0.0645376 -0.0646093 -0.06716617 -0.060989544 -0.060897492 -0.06813564
0.3855 -0.06458844 -0.06455585 -0.06454377 -0.06461419 -0.06716932 -0.060993396 -0.060902327 -0.06813835
0.386 -0.06459369 -0.0645617 -0.06454985 -0.06461903 -0.06717242 -0.060997173 -0.06090707 -0.06814107
0.3865 -0.06459887 -0.06456746 -0.06455586 -0.0646238 -0.06717551 -0.061000906 -0.06091175 -0.06814373
0.387 -0.06460398 -0.06457315 -0.06456178 -0.06462851 -0.06717853 -0.06100458 -0.060916357 -0.068146326
0.3875 -0.06460903 -0.06457876 -0.06456762 -0.06463316 -0.06718151 -0.061008193 -0.060920894 -0.0681489
0.388 -0.06461401 -0.06458429 -0.06457338 -0.06463776 -0.06718444 -0.061011743 -0.06092535 -0.06815145
0.3885 -0.06461893 -0.06458975 -0.06457906 -0.0646423 -0.06718731 -0.06101525 -0.06092975 -0.06815394
0.389 -0.06462379 -0.06459514 -0.06458466 -0.06464678 -0.06719015 -0.061018694 -0.060934074 -0.0681564
0.3895 -0.06462858 -0.06460045 -0.06459019 -0.0646512 -0.06719294 -0.061022095 -0.060938336 -0.06815881
0.39 -0.06463331 -0.0646057 -0.06459564 -0.06465557 -0.06719568 -0.061025433 -0.06094253 -0.0681612
0.3905 -0.06463798 -0.06461087 -0.06460102 -0.06465988 -0.06719842 -0.061028726 -0.06094666 -0.06816355
0.391 -0.06464259 -0.06461597 -0.06460632 -0.06466414 -0.06720108 -0.061031967 -0.060950726 -0.06816586
0.3915 -0.06464714 -0.06462101 -0.06461155 -0.06466835 -0.0672037 -0.061035156 -0.060954727 -0.068168126
0.392 -0.06465164 -0.06462598 -0.06461671 -0.0646725 -0.06720629 -0.061038293 -0.06095867 -0.06817036
0.3925 -0.06465607 -0.06463088 -0.0646218 -0.0646766 -0.067208834 -0.061041385 -0.060962543 -0.06817258
0.393 -0.06466045 -0.06463572 -0.06462682 -0.06468065 -0.067211345 -0.06104442 -0.060966365 -0.06817476
0.3935 -0.06466477 -0.06464049 -0.06463178 -0.06468465 -0.0672138 -0.06104742 -0.06097012 -0.06817689
0.394 -0.06466904 -0.0646452 -0.06463666 -0.0646886 -0.06721623 -0.061050378 -0.06097383 -0.06817898
0.3945 -0.06467325 -0.06464984 -0.06464148 -0.0646925 -0.06721862 -0.061053276 -0.060977474 -0.06818107
0.395 -0.06467741 -0.06465442 -0.06464623 -0.06469634 -0.06722097 -0.061056137 -0.060981065 -0.0681831
0.3955 -0.06468152 -0.06465895 -0.06465092 -0.06470015 -0.067223296 -0.061058953 -0.060984597 -0.0681851
0.396 -0.06468557 -0.06466341 -0.06465555 -0.0647039 -0.06722559 -0.061061732 -0.060988076 -0.06818708
0.3965 -0.06468957 -0.06466781 -0.06466011 -0.06470761 -0.06722783 -0.061064452 -0.060991496 -0.06818903
0.397 -0.06469352 -0.06467215 -0.06466461 -0.06471127 -0.067230046 -0.061067145 -0.06099487 -0.06819094
0.3975 -0.06469741 -0.06467644 -0.06466905 -0.06471488 -0.06723223 -0.06106979 -0.060998194 -0.06819283
0.398 -0.06470126 -0.06468067 -0.06467343 -0.06471845 -0.06723436 -0.061072394 -0.06100146 -0.06819468
0.3985 -0.06470506 -0.06468484 -0.06467775 -0.06472197 -0.067236476 -0.061074957 -0.06100468 -0.0681965
0.399 -0.06470881 -0.06468895 -0.06468201 -0.06472545 -0.06723854 -0.061077483 -0.06100785 -0.0681983
0.3995 -0.06471251 -0.06469302 -0.06468621 -0.06472889 -0.067240596 -0.06107997 -0.06101097 -0.06820007
0.4 -0.06471617 -0.06469702 -0.06469036 -0.06473228 -0.06724261 -0.061082423 -0.06101404 -0.0682018
0.4005 -0.06471978 -0.06470098 -0.06469445 -0.06473563 -0.067244604 -0.061084833 -0.061017066 -0.068203524
0.401 -0.06472334 -0.06470488 -0.06469848 -0.06473894 -0.06724654 -0.061087202 -0.061020043 -0.06820522
0.4015 -0.06472685 -0.06470873 -0.06470247 -0.0647422 -0.06724845 -0.061089545 -0.06102298 -0.06820687
0.402 -0.06473033 -0.06471253 -0.06470639 -0.06474543 -0.06725034 -0.061091844 -0.061025865 -0.0682085
0.4025 -0.06473375 -0.06471627 -0.06471027 -0.06474861 -0.06725222 -0.061094105 -0.061028704 -0.068210125
0.403 -0.06473713 -0.06471997 -0.06471409 -0.06475176 -0.06725406 -0.061096333 -0.0610315 -0.06821171
0.4035 -0.06474047 -0.06472362 -0.06471786 -0.06475486 -0.067255884 -0.061098523 -0.061034255 -0.068213284
0.404 -0.06474377 -0.06472722 -0.06472158 -0.06475793 -0.067257665 -0.061100684 -0.061036963 -0.068214834
0.4045 -0.06474702 -0.06473078 -0.06472525 -0.06476096 -0.067259416 -0.061102808 -0.061039634 -0.06821635
0.405 -0.06475024 -0.06473428 -0.06472887 -0.06476395 -0.06726113 -0.0611049 -0.06104226 -0.06821785
0.4055 -0.06475341 -0.06473774 -0.06473244 -0.0647669 -0.06726283 -0.06110696 -0.061044846 -0.06821933
0.406 -0.06475654 -0.06474115 -0.06473596 -0.06476981 -0.067264505 -0.061108995 -0.061047398 -0.06822077
0.4065 -0.06475963 -0.06474452 -0.06473944 -0.06477269 -0.06726615 -0.061110996 -0.061049905 -0.068222195
0.407 -0.06476268 -0.06474785 -0.06474286 -0.06477554 -0.067267776 -0.061112955 -0.06105237 -0.0682236
0.4075 -0.0647657 -0.06475113 -0.06474625 -0.06477834 -0.06726936 -0.0611149 -0.061054803 -0.06822498
0.408 -0.06476867 -0.06475436 -0.06474958 -0.06478111 -0.067270935 -0.061116807 -0.061057203 -0.06822632
0.4085 -0.06477161 -0.06475756 -0.06475288 -0.06478385 -0.067272484 -0.061118677 -0.06105955 -0.06822769
0.409 -0.0647745 -0.06476071 -0.06475612 -0.06478655 -0.067274004 -0.061120525 -0.061061874 -0.068229
0.4095 -0.06477737 -0.06476382 -0.06475933 -0.06478922 -0.06727551 -0.061122343 -0.061064154 -0.06823031
0.41 -0.06478019 -0.06476689 -0.06476249 -0.06479186 -0.067276984 -0.061124146 -0.06106641 -0.068231575
0.4105 -0.06478298 -0.06476991 -0.06476561 -0.06479446 -0.067278445 -0.061125904 -0.061068617 -0.06823285
0.411 -0.06478573 -0.0647729 -0.06476869 -0.06479703 -0.067279875 -0.061127644 -0.061070807 -0.06823407
0.4115 -0.06478845 -0.06477585 -0.06477172 -0.06479957 -0.067281276 -0.06112935 -0.061072946 -0.0682353
0.412 -0.06479113 -0.06477876 -0.06477472 -0.06480207 -0.06728266 -0.061131038 -0.06107506 -0.06823649
0.4125 -0.06479378 -0.06478163 -0.06477767 -0.06480455 -0.067284025 -0.06113269 -0.06107714 -0.068237685
0.413 -0.0647964 -0.06478446 -0.06478059 -0.06480699 -0.067285374 -0.061134327 -0.06107919 -0.06823885
0.4135 -0.06479898 -0.06478726 -0.06478346 -0.0648094 -0.0672867 -0.061135937 -0.06108121 -0.06823997
0.414 -0.06480153 -0.06479002 -0.0647863 -0.06481179 -0.067288 -0.061137512 -0.06108319 -0.06824112
0.4145 -0.06480404 -0.06479274 -0.0647891 -0.06481414 -0.06728928 -0.061139073 -0.061085146 -0.06824223
0.415 -0.06480653 -0.06479543 -0.06479187 -0.06481646 -0.067290545 -0.061140604 -0.061087072 -0.06824332
0.4155 -0.06480898 -0.06479808 -0.06479459 -0.06481875 -0.06729181 -0.061142117 -0.061088968 -0.0682444
0.416 -0.0648114 -0.06480069 -0.06479728 -0.06482102 -0.06729302 -0.0611436 -0.061090827 -0.06824546
0.4165 -0.06481379 -0.06480328 -0.06479993 -0.06482326 -0.067294225 -0.06114506 -0.061092667 -0.06824651
0.417 -0.06481615 -0.06480582 -0.06480255 -0.06482546 -0.06729541 -0.061146498 -0.061094474 -0.068247534
0.4175 -0.06481848 -0.06480834 -0.06480513 -0.06482765 -0.067296565 -0.06114792 -0.061096255 -0.06824855
0.418 -0.06482078 -0.06481082 -0.06480768 -0.0648298 -0.06729772 -0.061149314 -0.061098006 -0.068249546
0.4185 -0.06482305 -0.06481327 -0.0648102 -0.06483193 -0.067298844 -0.061150685 -0.06109973 -0.06825054
0.419 -0.06482529 -0.06481569 -0.06481268 -0.06483403 -0.06729999 -0.06115204 -0.06110143 -0.06825151
0.4195 -0.06482751 -0.06481807 -0.06481513 -0.0648361 -0.06730111 -0.06115338 -0.061103106 -0.06825245
0.42 -0.06482969 -0.06482042 -0.06481754 -0.06483815 -0.06730219 -0.061154686 -0.061104745 -0.068253405
0.4205 -0.06483185 -0.06482275 -0.06481992 -0.06484017 -0.06730325 -0.061155975 -0.06110637 -0.06825433
0.421 -0.06483398 -0.06482504 -0.06482228 -0.06484217 -0.0673043 -0.06115725 -0.061107963 -0.06825522
0.4215 -0.06483608 -0.0648273 -0.0648246 -0.06484414 -0.06730533 -0.061158497 -0.061109535 -0.06825613
0.422 -0.06483815 -0.06482953 -0.06482689 -0.06484608 -0.06730635 -0.061159734 -0.061111085 -0.06825701
0.4225 -0.0648402 -0.06483174 -0.06482914 -0.06484801 -0.06730735 -0.061160944 -0.061112605 -0.068257876
0.423 -0.06484223 -0.06483391 -0.06483137 -0.06484991 -0.06730834 -0.06116214 -0.06111411 -0.068258725
0.4235 -0.06484422 -0.06483605 -0.06483357 -0.06485178 -0.067309305 -0.061163314 -0.061115585 -0.068259574
0.424 -0.06484619 -0.06483817 -0.06483574 -0.06485363 -0.06731026 -0.061164472 -0.061117038 -0.068260394
0.4245 -0.06484814 -0.06484026 -0.06483788 -0.06485546 -0.067311205 -0.06116562 -0.061118472 -0.068261206
0.425 -0.06485006 -0.06484232 -0.06484 -0.06485727 -0.06731212 -0.06116674 -0.061119884 -0.068262
0.4255 -0.06485196 -0.06484436 -0.06484208 -0.06485905 -0.06731304 -0.061167847 -0.06112127 -0.0682628
0.426 -0.06485383 -0.06484637 -0.06484414 -0.06486081 -0.067313924 -0.06116893 -0.06112263 -0.06826358
0.4265 -0.06485568 -0.06484835 -0.06484617 -0.06486255 -0.06731482 -0.061170008 -0.061123982 -0.06826434
0.427 -0.06485751 -0.06485031 -0.06484817 -0.06486426 -0.06731568 -0.06117106 -0.0611253 -0.068265095
0.4275 -0.06485931 -0.06485224 -0.06485015 -0.06486596 -0.067316525 -0.061172098 -0.061126605 -0.06826583
0.428 -0.06486109 -0.06485414 -0.0648521 -0.06486763 -0.067317374 -0.06117311 -0.061127886 -0.06826658
0.4285 -0.06486285 -0.06485602 -0.06485402 -0.06486928 -0.0673182 -0.061174124 -0.061129153 -0.068267286
0.429 -0.06486458 -0.06485788 -0.06485592 -0.06487092 -0.06731902 -0.06117512 -0.061130397 -0.06826799
0.4295 -0.06486629 -0.06485971 -0.06485779 -0.06487253 -0.067319825 -0.0611761 -0.061131626 -0.06826868
0.43 -0.06486799 -0.06486152 -0.06485964 -0.06487412 -0.06732062 -0.061177053 -0.061132826 -0.06826938
0.4305 -0.06486965 -0.0648633 -0.06486147 -0.06487569 -0.067321405 -0.061178006 -0.06113402 -0.068270035
0.431 -0.0648713 -0.06486506 -0.06486327 -0.06487724 -0.06732216 -0.06117893 -0.061135188 -0.06827071
0.4315 -0.06487293 -0.0648668 -0.06486504 -0.06487878 -0.06732292 -0.061179854 -0.06113634 -0.06827137
0.432 -0.06487454 -0.06486852 -0.0648668 -0.06488029 -0.06732368 -0.06118075 -0.061137468 -0.06827202
0.4325 -0.06487612 -0.06487021 -0.06486852 -0.06488178 -0.06732441 -0.061181646 -0.06113859 -0.06827264
0.433 -0.06487769 -0.06487188 -0.06487023 -0.06488326 -0.067325115 -0.06118251 -0.06113968 -0.06827328
0.4335 -0.06487923 -0.06487353 -0.06487192 -0.06488472 -0.06732584 -0.061183378 -0.061140765 -0.06827389
0.434 -0.06488076 -0.06487515 -0.06487358 -0.06488616 -0.067326546 -0.061184227 -0.061141834 -0.06827449
0.4345 -0.06488227 -0.06487676 -0.06487522 -0.06488758 -0.067327246 -0.061185054 -0.061142877 -0.0682751
0.435 -0.06488375 -0.06487835 -0.06487684 -0.06488898 -0.0673279 -0.061185874 -0.061143905 -0.0682757
0.4355 -0.06488522 -0.06487991 -0.06487843 -0.06489036 -0.06732857 -0.06118669 -0.061144926 -0.068276264
0.436 -0.06488667 -0.06488145 -0.06488001 -0.06489173 -0.06732921 -0.061187483 -0.061145924 -0.06827683
0.4365 -0.0648881 -0.06488298 -0.06488157 -0.06489308 -0.067329876 -0.06118828 -0.06114691 -0.06827738
0.437 -0.06488952 -0.06488448 -0.0648831 -0.06489442 -0.06733052 -0.06118904 -0.061147876 -0.06827795
0.4375 -0.06489091 -0.06488597 -0.06488462 -0.06489574 -0.06733115 -0.061189808 -0.061148833 -0.0682785
0.438 -0.06489229 -0.06488743 -0.06488611 -0.06489704 -0.06733177 -0.06119055 -0.06114977 -0.068279035
0.4385 -0.06489365 -0.06488888 -0.06488758 -0.06489832 -0.06733237 -0.06119129 -0.0611507 -0.06827956
0.439 -0.06489499 -0.06489031 -0.06488904 -0.06489959 -0.06733298 -0.061192013 -0.06115161 -0.06828009
0.4395 -0.06489632 -0.06489171 -0.06489048 -0.06490084 -0.067333564 -0.06119272 -0.061152495 -0.06828061
0.44 -0.06489763 -0.0648931 -0.06489189 -0.06490208 -0.06733415 -0.061193433 -0.06115339 -0.06828109
0.4405 -0.06489892 -0.06489448 -0.06489329 -0.0649033 -0.06733472 -0.06119412 -0.061154258 -0.06828159
0.441 -0.0649002 -0.06489583 -0.06489467 -0.06490451 -0.06733528 -0.061194804 -0.06115511 -0.068282075
0.4415 -0.06490146 -0.06489717 -0.06489604 -0.0649057 -0.067335844 -0.06119547 -0.061155953 -0.06828257
0.442 -0.0649027 -0.06489849 -0.06489738 -0.06490688 -0.06733638 -0.061196137 -0.061156787 -0.06828304
0.4425 -0.06490393 -0.06489979 -0.06489871 -0.06490804 -0.06733693 -0.06119679 -0.0611576 -0.06828349
0.443 -0.06490514 -0.06490108 -0.06490002 -0.06490919 -0.06733746 -0.06119743 -0.06115841 -0.06828395
0.4435 -0.06490634 -0.06490234 -0.06490131 -0.06491032 -0.067337975 -0.061198067 -0.0611592 -0.06828439
0.444 -0.06490752 -0.0649036 -0.06490258 -0.06491144 -0.06733848 -0.06119868 -0.06115998 -0.06828484
0.4445 -0.06490869 -0.06490483 -0.06490384 -0.06491254 -0.06733897 -0.061199293 -0.061160747 -0.06828528
0.445 -0.06490984 -0.06490605 -0.06490508 -0.06491363 -0.06733949 -0.061199903 -0.061161507 -0.068285696
0.4455 -0.06491098 -0.06490726 -0.06490631 -0.06491471 -0.067339964 -0.06120049 -0.06116225 -0.06828614
0.446 -0.0649121 -0.06490845 -0.06490752 -0.06491577 -0.06734045 -0.06120108 -0.061162986 -0.068286546
0.4465 -0.06491321 -0.06490962 -0.06490871 -0.06491682 -0.06734091 -0.061201654 -0.061163705 -0.06828695
0.447 -0.0649143 -0.06491078 -0.06490989 -0.06491786 -0.06734138 -0.06120222 -0.061164416 -0.06828735
0.4475 -0.06491538 -0.06491192 -0.06491105 -0.06491889 -0.067341834 -0.06120278 -0.061165117 -0.06828774
0.448 -0.06491645 -0.06491305 -0.0649122 -0.0649199 -0.06734231 -0.061203327 -0.061165802 -0.06828815
0.4485 -0.0649175 -0.06491416 -0.06491333 -0.0649209 -0.06734274 -0.06120386 -0.06116648 -0.06828854
0.449 -0.06491854 -0.06491526 -0.06491445 -0.06492188 -0.06734318 -0.061204396 -0.06116715 -0.068288915
0.4495 -0.06491957 -0.06491634 -0.06491556 -0.06492286 -0.067343615 -0.061204918 -0.061167806 -0.06828929
0.45 -0.06492059 -0.06491741 -0.06491664 -0.06492382 -0.06734404 -0.06120544 -0.061168455 -0.06828965
0.4505 -0.06492159 -0.06491847 -0.06491772 -0.06492477 -0.06734446 -0.061205946 -0.061169088 -0.06829
0.451 -0.06492258 -0.06491952 -0.06491878 -0.06492571 -0.06734486 -0.061206438 -0.061169714 -0.068290375
0.4515 -0.06492355 -0.06492054 -0.06491982 -0.06492663 -0.06734527 -0.061206937 -0.061170332 -0.06829072
0.452 -0.06492451 -0.06492156 -0.06492086 -0.06492755 -0.067345664 -0.061207414 -0.061170936 -0.068291076
0.4525 -0.06492547 -0.06492256 -0.06492188 -0.06492845 -0.067346066 -0.06120789 -0.06117154 -0.06829142
0.453 -0.06492641 -0.06492355 -0.06492288 -0.06492934 -0.06734644 -0.06120836 -0.061172128 -0.068291746
0.4535 -0.06492733 -0.06492453 -0.06492388 -0.06493022 -0.06734684 -0.06120882 -0.06117271 -0.06829209
0.454 -0.06492825 -0.0649255 -0.06492486 -0.06493109 -0.06734721 -0.061209276 -0.061173275 -0.06829242
0.4545 -0.06492915 -0.06492645 -0.06492582 -0.06493195 -0.06734757 -0.061209723 -0.06117384 -0.06829273
0.455 -0.06493005 -0.06492739 -0.06492678 -0.0649328 -0.06734794 -0.061210163 -0.061174393 -0.06829304
0.4555 -0.06493093 -0.06492832 -0.06492772 -0.06493364 -0.0673483 -0.061210603 -0.061174937 -0.068293355
0.456 -0.0649318 -0.06492923 -0.06492865 -0.06493447 -0.06734866 -0.061211027 -0.061175473 -0.06829366
0.4565 -0.06493266 -0.06493014 -0.06492957 -0.06493528 -0.06734902 -0.06121145 -0.061176002 -0.06829397
0.457 -0.0649335 -0.06493103 -0.06493047 -0.06493609 -0.067349344 -0.061211865 -0.061176524 -0.06829425
0.4575 -0.06493434 -0.06493191 -0.06493137 -0.06493689 -0.06734968 -0.061212275 -0.061177038 -0.06829453
0.458 -0.06493517 -0.06493278 -0.06493225 -0.06493767 -0.067350015 -0.061212678 -0.061177544 -0.06829483
0.4585 -0.06493599 -0.06493364 -0.06493312 -0.06493845 -0.06735033 -0.06121307 -0.06117804 -0.06829511
0.459 -0.06493679 -0.06493449 -0.06493398 -0.06493922 -0.067350656 -0.061213464 -0.061178535 -0.068295375
0.4595 -0.06493759 -0.06493532 -0.06493483 -0.06493998 -0.06735097 -0.06121385 -0.061179012 -0.06829565
0.46 -0.06493837 -0.06493615 -0.06493566 -0.06494072 -0.067351274 -0.061214224 -0.061179485 -0.06829592
0.4605 -0.06493915 -0.06493696 -0.06493649 -0.06494146 -0.06735157 -0.0612146 -0.061179955 -0.06829617
0.461 -0.06493992 -0.06493777 -0.06493731 -0.06494219 -0.06735189 -0.06121496 -0.06118041 -0.068296455
0.4615 -0.06494067 -0.06493856 -0.06493811 -0.06494291 -0.06735218 -0.061215322 -0.061180864 -0.06829671
0.462 -0.06494142 -0.06493934 -0.0649389 -0.06494362 -0.067352474 -0.061215676 -0.061181307 -0.06829697
0.4625 -0.06494216 -0.06494012 -0.06493969 -0.06494433 -0.06735277 -0.061216034 -0.061181754 -0.068297185
0.463 -0.06494288 -0.06494088 -0.06494046 -0.06494502 -0.067353025 -0.061216377 -0.061182186 -0.06829744
0.4635 -0.0649436 -0.06494163 -0.06494123 -0.0649457 -0.0673533 -0.061216712 -0.061182603 -0.06829768
0.464 -0.06494431 -0.06494238 -0.06494198 -0.06494638 -0.067353584 -0.061217047 -0.061183024 -0.06829793
0.4645 -0.06494501 -0.06494311 -0.06494272 -0.06494705 -0.067353874 -0.06121737 -0.061183438 -0.06829815
0.465 -0.06494571 -0.06494384 -0.06494346 -0.06494771 -0.06735411 -0.061217695 -0.06118384 -0.06829839
0.4655 -0.06494639 -0.06494455 -0.06494418 -0.06494836 -0.06735438 -0.061218012 -0.061184242 -0.068298616
0.466 -0.06494706 -0.06494526 -0.0649449 -0.064949 -0.06735465 -0.06121833 -0.061184634 -0.068298824
0.4665 -0.06494773 -0.06494596 -0.06494561 -0.06494964 -0.0673549 -0.06121864 -0.061185025 -0.06829903
0.467 -0.06494839 -0.06494665 -0.0649463 -0.06495027 -0.06735515 -0.06121894 -0.0611854 -0.06829927
0.4675 -0.06494904 -0.06494733 -0.06494699 -0.06495089 -0.06735541 -0.06121924 -0.061185777 -0.06829948
0.468 -0.06494968 -0.064948 -0.06494767 -0.0649515 -0.06735563 -0.061219536 -0.06118615 -0.06829969
0.4685 -0.06495031 -0.06494866 -0.06494834 -0.0649521 -0.06735587 -0.06121982 -0.06118651 -0.06829991
0.469 -0.06495094 -0.06494931 -0.064949 -0.0649527 -0.0673561 -0.06122011 -0.06118687 -0.06830009
0.4695 -0.06495155 -0.06494996 -0.06494965 -0.06495329 -0.06735634 -0.061220393 -0.061187223 -0.0683003
0.47 -0.06495216 -0.0649506 -0.0649503 -0.06495387 -0.06735657 -0.06122067 -0.061187573 -0.068300486
0.4705 -0.06495276 -0.06495122 -0.06495093 -0.06495445 -0.067356795 -0.061220944 -0.061187916 -0.06830068
0.471 -0.06495336 -0.06495184 -0.06495156 -0.06495501 -0.067357 -0.06122121 -0.06118825 -0.068300866
0.4715 -0.06495394 -0.06495246 -0.06495218 -0.06495557 -0.06735722 -0.06122147 -0.06118858 -0.068301074
0.472 -0.06495452 -0.06495306 -0.06495279 -0.06495613 -0.06735744 -0.06122173 -0.061188903 -0.06830127
0.4725 -0.06495509 -0.06495366 -0.0649534 -0.06495667 -0.06735767 -0.06122199 -0.061189227 -0.06830143
0.473 -0.06495566 -0.06495425 -0.06495399 -0.06495721 -0.06735785 -0.06122224 -0.06118954 -0.06830162
0.4735 -0.06495622 -0.06495483 -0.06495458 -0.06495775 -0.06735806 -0.061222486 -0.061189853 -0.06830179
0.474 -0.06495677 -0.06495541 -0.06495516 -0.06495827 -0.06735827 -0.061222732 -0.06119016 -0.06830197
0.4745 -0.06495731 -0.06495597 -0.06495574 -0.06495879 -0.067358494 -0.06122297 -0.06119046 -0.068302155
0.475 -0.06495785 -0.06495653 -0.0649563 -0.0649593 -0.06735867 -0.06122321 -0.061190758 -0.06830231
0.4755 -0.06495838 -0.06495708 -0.06495686 -0.06495981 -0.06735887 -0.061223432 -0.06119105 -0.06830249
0.476 -0.0649589 -0.06495763 -0.06495741 -0.06496031 -0.06735905 -0.061223663 -0.061191328 -0.06830267
0.4765 -0.06495942 -0.06495817 -0.06495796 -0.06496081 -0.06735925 -0.06122389 -0.06119162 -0.06830282
0.477 -0.06495993 -0.0649587 -0.06495849 -0.06496129 -0.06735943 -0.06122411 -0.061191894 -0.06830298
0.4775 -0.06496043 -0.06495923 -0.06495902 -0.06496178 -0.06735962 -0.06122433 -0.061192174 -0.06830314
0.478 -0.06496093 -0.06495974 -0.06495955 -0.06496225 -0.067359805 -0.061224535 -0.061192438 -0.06830331
0.4785 -0.06496142 -0.06496025 -0.06496006 -0.06496272 -0.06735997 -0.06122475 -0.061192706 -0.06830346
0.479 -0.0649619 -0.06496076 -0.06496057 -0.06496319 -0.06736013 -0.061224964 -0.061192967 -0.068303585
0.4795 -0.06496238 -0.06496126 -0.06496108 -0.06496364 -0.06736032 -0.061225172 -0.061193228 -0.06830374
0.48 -0.06496285 -0.06496175 -0.06496157 -0.0649641 -0.06736048 -0.06122537 -0.06119348 -0.06830389
0.4805 -0.06496332 -0.06496224 -0.06496206 -0.06496454 -0.06736064 -0.06122557 -0.061193734 -0.06830403
0.481 -0.06496378 -0.06496272 -0.06496255 -0.06496499 -0.067360796 -0.061225772 -0.06119398 -0.068304166
0.4815 -0.06496424 -0.06496319 -0.06496303 -0.06496542 -0.06736097 -0.06122595 -0.061194215 -0.06830434
0.482 -0.06496469 -0.06496366 -0.0649635 -0.06496585 -0.067361124 -0.061226144 -0.06119445 -0.06830447
0.4825 -0.06496513 -0.06496412 -0.06496396 -0.06496628 -0.06736128 -0.06122633 -0.061194688 -0.06830459
0.483 -0.06496557 -0.06496457 -0.06496442 -0.0649667 -0.06736143 -0.061226524 -0.061194927 -0.06830471
0.4835 -0.064966 -0.06496502 -0.06496488 -0.06496711 -0.06736159 -0.061226696 -0.06119515 -0.06830486
0.484 -0.06496643 -0.06496547 -0.06496532 -0.06496752 -0.067361735 -0.061226875 -0.061195374 -0.068304986
0.4845 -0.06496685 -0.0649659 -0.06496577 -0.06496793 -0.06736189 -0.061227057 -0.061195597 -0.06830512
0.485 -0.06496726 -0.06496634 -0.0649662 -0.06496832 -0.06736203 -0.061227232 -0.061195813 -0.06830524
0.4855 -0.06496768 -0.06496676 -0.06496663 -0.06496872 -0.067362174 -0.061227396 -0.06119602 -0.068305366
0.486 -0.06496808 -0.06496719 -0.06496706 -0.06496911 -0.0673623 -0.061227564 -0.061196234 -0.068305485
0.4865 -0.06496848 -0.0649676 -0.06496748 -0.06496949 -0.06736243 -0.061227728 -0.061196443 -0.0683056
0.487 -0.06496888 -0.06496801 -0.06496789 -0.06496987 -0.06736256 -0.06122789 -0.061196648 -0.06830571
0.4875 -0.06496927 -0.06496842 -0.0649683 -0.06497025 -0.0673627 -0.06122806 -0.06119685 -0.06830583
0.488 -0.06496965 -0.06496882 -0.06496871 -0.06497062 -0.06736283 -0.06122821 -0.061197042 -0.06830595
0.4885 -0.06497003 -0.06496921 -0.0649691 -0.06497098 -0.06736297 -0.061228365 -0.061197236 -0.068306066
0.489 -0.06497041 -0.0649696 -0.0649695 -0.06497134 -0.06736309 -0.06122852 -0.06119743 -0.068306156
0.4895 -0.06497078 -0.06496999 -0.06496989 -0.0649717 -0.06736321 -0.06122867 -0.061197624 -0.06830627
0.49 -0.06497115 -0.06497037 -0.06497027 -0.06497205 -0.06736331 -0.06122882 -0.06119781 -0.06830638
0.4905 -0.06497151 -0.06497074 -0.06497065 -0.0649724 -0.067363456 -0.06122897 -0.061197996 -0.06830647
0.491 -0.06497187 -0.06497112 -0.06497102 -0.06497274 -0.067363575 -0.06122911 -0.061198175 -0.06830658
0.4915 -0.06497222 -0.06497148 -0.06497139 -0.06497308 -0.0673637 -0.06122925 -0.06119835 -0.06830669
0.492 -0.06497257 -0.06497184 -0.06497175 -0.06497342 -0.06736381 -0.061229393 -0.061198525 -0.06830678
0.4925 -0.06497291 -0.0649722 -0.06497211 -0.06497375 -0.06736393 -0.061229534 -0.061198704 -0.06830687
0.493 -0.06497325 -0.06497255 -0.06497247 -0.06497408 -0.06736404 -0.061229665 -0.061198868 -0.068306975
0.4935 -0.06497359 -0.0649729 -0.06497282 -0.0649744 -0.067364156 -0.061229795 -0.061199035 -0.068307064
0.494 -0.06497392 -0.06497324 -0.06497316 -0.06497472 -0.06736425 -0.061229926 -0.061199196 -0.06830716
0.4945 -0.06497425 -0.06497358 -0.06497351 -0.06497503 -0.06736436 -0.06123006 -0.06119936 -0.06830725
0.495 -0.06497457 -0.06497392 -0.06497384 -0.06497534 -0.06736444 -0.061230183 -0.06119952 -0.06830733
0.4955 -0.06497489 -0.06497425 -0.06497417 -0.06497565 -0.06736454 -0.06123031 -0.06119968 -0.06830741
0.496 -0.0649752 -0.06497457 -0.0649745 -0.06497595 -0.06736465 -0.061230436 -0.061199836 -0.068307504
0.4965 -0.06497552 -0.06497489 -0.06497483 -0.06497625 -0.06736475 -0.061230548 -0.06119998 -0.068307616
0.497 -0.06497582 -0.06497521 -0.06497515 -0.06497655 -0.06736484 -0.061230674 -0.061200134 -0.06830768
0.4975 -0.06497613 -0.06497552 -0.06497546 -0.06497684 -0.067364946 -0.061230786 -0.061200283 -0.06830777
0.498 -0.06497643 -0.06497583 -0.06497577 -0.06497713 -0.067365035 -0.06123091 -0.061200432 -0.06830784
0.4985 -0.06497672 -0.06497614 -0.06497608 -0.06497741 -0.06736513 -0.061231017 -0.061200567 -0.06830793
0.499 -0.06497701 -0.06497644 -0.06497639 -0.06497769 -0.067365214 -0.061231136 -0.061200716 -0.06830799
0.4995 -0.0649773 -0.06497674 -0.06497669 -0.06497797 -0.0673653 -0.061231248 -0.06120085 -0.06830808
0.5 -0.06497759 -0.06497703 -0.06497698 -0.06497824 -0.06736539 -0.061231352 -0.061200984 -0.06830816
