0.0 -0.065 -0.065 -0.065 -0.065 -0.05757244 -0.060312666 -0.04348462 -0.03813052
0.0005 -0.06384289 -0.06464472 -0.0512747 -0.05417261 -0.05912359 -0.07312751 -0.044121794 -0.024970137
0.001 -0.06083567 -0.0634941 -0.03530862 -0.04314938 -0.06412714 -0.07514791 -0.029873341 -0.018814895
0.0015 -0.05798817 -0.06178684 -0.02191495 -0.03488906 -0.06856762 -0.07405314 -0.015959874 -0.013445839
0.002 -0.05569197 -0.05971861 -0.01039331 -0.02783877 -0.07111497 -0.07186329 -0.003692857 -0.0077808574
0.0025 -0.05378855 -0.05740445 0.0001619536 -0.02134624 -0.072068244 -0.06883684 0.007715949 -0.0020451397
0.003 -0.05209747 -0.05490901 0.01025717 -0.01520563 -0.07190246 -0.06513852 0.018736381 0.003567934
0.0035 -0.05050822 -0.05227283 0.02015502 -0.009353891 -0.07093843 -0.060993463 0.029547833 0.008991353
0.004 -0.04896596 -0.04952375 0.02987979 -0.003756989 -0.069387734 -0.056606177 0.04020958 0.014201887
0.0045 -0.04744636 -0.04668778 0.03946865 0.001593564 -0.06740666 -0.05212661 0.05073967 0.019184671
0.005 -0.04593479 -0.04377646 0.04910654 0.006727971 -0.06511861 -0.04765205 0.061145328 0.02392774
0.0055 -0.04441896 -0.04079662 0.05872574 0.01165952 -0.06262207 -0.043238856 0.071433514 0.028424047
0.006 -0.04289562 -0.03775665 0.06836325 0.01639343 -0.059994273 -0.038915694 0.08161174 0.032673284
0.0065 -0.04137008 -0.03466148 0.078053 0.02093581 -0.057294294 -0.034693334 0.09168779 0.03668181
0.007 -0.03984237 -0.03151744 0.08778361 0.0253099 -0.05456603 -0.030572176 0.10166855 0.04046122
0.0075 -0.03830924 -0.02833039 0.09753183 0.02953283 -0.051841214 -0.02654679 0.11155927 0.0440266
0.008 -0.03677109 -0.02510429 0.1072715 0.03359857 -0.049142092 -0.02260924 0.121363565 0.047394805
0.0085 -0.03523044 -0.0218454 0.1169801 0.03751904 -0.04648365 -0.018750645 0.1310835 0.050583147
0.009 -0.03368761 -0.01855902 0.1266414 0.04129899 -0.043875467 -0.014962338 0.14071998 0.05360856
0.0095 -0.0321449 -0.01525106 0.1362418 0.04494591 -0.041323144 -0.011236414 0.15027253 0.056487106
0.01 -0.03060095 -0.01192807 0.1457736 0.04847887 -0.038829505 -0.0075659044 0.15974028 0.05923336
0.0105 -0.02905453 -0.008595306 0.1552306 0.05190627 -0.036395364 -0.0039448068 0.16912179 0.061860718
0.011 -0.02750604 -0.005257163 0.1646076 0.05523212 -0.034020066 -0.00036822818 0.17841503 0.064381056
0.0115 -0.02595678 -0.001917421 0.1739002 0.05845951 -0.03170211 0.0031679384 0.18761817 0.06680506
0.012 -0.02440821 0.001420596 0.1831048 0.06159149 -0.029439403 0.006666947 0.19672912 0.069142155
0.0125 -0.02286157 0.004755246 0.1922188 0.06463137 -0.027229525 0.010131329 0.20574585 0.071400635
0.013 -0.02131762 0.008084332 0.20124 0.06758452 -0.025069911 0.013563141 0.21466641 0.07358778
0.0135 -0.01977706 0.0114049 0.2101665 0.07045393 -0.02295788 0.016963884 0.22348891 0.075710125
0.014 -0.01824083 0.01471324 0.2189969 0.07323961 -0.020890854 0.020334572 0.23221177 0.07777328
0.0145 -0.01670998 0.01800667 0.2277299 0.07594476 -0.01886639 0.023676094 0.24083334 0.079782285
0.015 -0.01518529 0.02128318 0.236364 0.07857306 -0.016882084 0.026988793 0.24935228 0.08174152
0.0155 -0.01366735 0.02454125 0.2448985 0.081128 -0.014935821 0.030273113 0.25776753 0.08365487
0.016 -0.01215667 0.02777958 0.2533328 0.08361253 -0.013025515 0.033529073 0.26607788 0.08552574
0.0165 -0.01065374 0.03099702 0.2616662 0.08602946 -0.011149317 0.0367567 0.27428254 0.0873571
0.017 -0.009158928 0.03413917 0.2698976 0.0883816 -0.009305552 0.03995589 0.28238067 0.0891517
0.0175 -0.007672503 0.03717343 0.2780235 0.0906713 -0.0074925832 0.04312639 0.29037192 0.0909118
0.018 -0.006194783 0.04016432 0.2860441 0.0929009 -0.005709175 0.04626806 0.2982556 0.09263948
0.0185 -0.004726017 0.04314385 0.2939611 0.0950729 -0.0039538704 0.049380496 0.30603135 0.094336666
0.019 -0.003266568 0.04612641 0.3017755 0.09718949 -0.0022256002 0.052463494 0.31369916 0.096004955
0.0195 -0.001816708 0.04911603 0.3094882 0.09925284 -0.00052332506 0.055516675 0.32125884 0.09764578
0.02 -0.0003765127 0.05211105 0.3170995 0.1012652 0.0011539534 0.058539778 0.3287104 0.09926046
0.0205 0.00104533 0.0551073 0.3246006 0.1031202 0.0028070807 0.061532468 0.33605406 0.10085017
0.021 0.002436428 0.05809865 0.3319856 0.1048824 0.0044367462 0.06449446 0.34328997 0.10241587
0.0215 0.003813975 0.06107888 0.3392714 0.1066248 0.0060438067 0.067425445 0.35041854 0.10395863
0.022 0.005187946 0.06404301 0.3464637 0.1083608 0.007628776 0.070325136 0.35743994 0.10547919
0.0225 0.006560223 0.06698692 0.353562 0.1100872 0.009192318 0.073193416 0.36435488 0.10697826
0.023 0.007929287 0.06990715 0.3605643 0.1117979 0.010734916 0.0760299 0.3711638 0.10845665
0.0235 0.009291356 0.07280079 0.3674582 0.1134877 0.012257099 0.07883447 0.37786734 0.10991492
0.024 0.01063473 0.07566228 0.3741552 0.1151518 0.0137593 0.081606954 0.38446617 0.11135364
0.0245 0.01196699 0.0784858 0.3806732 0.1167883 0.015241966 0.0843472 0.39096096 0.11277335
0.025 0.01329316 0.08126929 0.3870657 0.1183963 0.016705409 0.08705505 0.3973526 0.11417439
0.0255 0.01461299 0.08401316 0.3933695 0.1199748 0.018150069 0.08973053 0.40364188 0.11555735
0.026 0.01592489 0.08671899 0.3996037 0.1215234 0.019576252 0.092373416 0.40982968 0.116922624
0.0265 0.01722732 0.08938876 0.405776 0.1230419 0.020984277 0.094983816 0.41591695 0.118270494
0.027 0.01851917 0.09202435 0.4118871 0.1245304 0.022374474 0.0975616 0.4219048 0.11960136
0.0275 0.01979969 0.09462735 0.4179343 0.1259893 0.023747057 0.100106895 0.4277941 0.12091554
0.028 0.02106843 0.09719902 0.4239138 0.1274189 0.02510228 0.1026196 0.43358582 0.1222133
0.0285 0.02232513 0.09974025 0.4298212 0.1288198 0.026440404 0.10509984 0.43928114 0.123494916
0.029 0.02356972 0.1022517 0.435653 0.1301926 0.027761802 0.10754773 0.4448812 0.12476071
0.0295 0.02480218 0.1047337 0.441406 0.1315381 0.029066518 0.10996324 0.45038697 0.1260109
0.03 0.02602245 0.1071866 0.4470778 0.1328568 0.030354872 0.11234662 0.45579985 0.1272457
0.0305 0.02723036 0.1096102 0.4526661 0.1341483 0.03162703 0.11469798 0.46112078 0.12846535
0.031 0.02842572 0.1120042 0.4581691 0.1354136 0.032883234 0.11701737 0.46635112 0.12967011
0.0315 0.02960874 0.1143688 0.463587 0.1366546 0.03412368 0.11930503 0.471492 0.13086009
0.032 0.03077962 0.1167043 0.4689199 0.1378719 0.03534849 0.121561214 0.47654447 0.13203555
0.0325 0.03193841 0.119011 0.4741679 0.1390663 0.036557913 0.123786 0.48151 0.13319662
0.033 0.03308514 0.1212888 0.4793315 0.1402383 0.037752144 0.12597963 0.48638973 0.13434356
0.0335 0.03421983 0.1235378 0.4844109 0.1413883 0.038931325 0.12814242 0.4911849 0.13547647
0.034 0.0353425 0.1257581 0.4894068 0.1425171 0.040095598 0.13027452 0.49589667 0.13659555
0.0345 0.03645317 0.1279496 0.4943199 0.1436251 0.041245185 0.13237625 0.50052637 0.137701
0.035 0.03755188 0.1301126 0.4991511 0.1447128 0.04238026 0.13444774 0.5050755 0.13879293
0.0355 0.03863864 0.1322469 0.5039014 0.1457805 0.043500975 0.13648936 0.50954497 0.13987151
0.036 0.03970893 0.1343523 0.5085694 0.1468069 0.044607468 0.13850142 0.5139361 0.14093682
0.0365 0.04075928 0.1364284 0.5131541 0.147798 0.045699894 0.1404841 0.5182502 0.14198914
0.037 0.0417962 0.1384756 0.5176604 0.1487744 0.04677844 0.14243771 0.5224884 0.1430285
0.0375 0.04282424 0.1404944 0.5220917 0.1497414 0.047843203 0.14436261 0.52665204 0.14405513
0.038 0.04384272 0.1424849 0.5264485 0.1506917 0.048894428 0.14625913 0.5307423 0.14506906
0.0385 0.04484435 0.1444461 0.5307265 0.1516019 0.049932204 0.14812747 0.5347605 0.14607057
0.039 0.04583134 0.1463785 0.5349287 0.1524946 0.050956726 0.14996801 0.53870755 0.14705971
0.0395 0.04680929 0.1482833 0.5390602 0.1533822 0.051968068 0.15178102 0.54258496 0.14803663
0.04 0.04778047 0.1501614 0.5431231 0.1542658 0.052966453 0.15356687 0.54639405 0.14900139
0.0405 0.04874468 0.1520133 0.5471182 0.1551438 0.053951927 0.15532583 0.5501355 0.14995426
0.041 0.04970088 0.1538396 0.5510459 0.1560142 0.05492474 0.15705831 0.5538108 0.15089521
0.0415 0.05064797 0.1556405 0.5549067 0.1568756 0.055885002 0.15876457 0.55742127 0.15182447
0.042 0.051585 0.1574163 0.558701 0.1577266 0.056832805 0.16044497 0.5609676 0.15274212
0.0425 0.05251126 0.1591672 0.5624297 0.1585664 0.057768367 0.1620999 0.56445134 0.15364832
0.043 0.05342655 0.1608935 0.5660935 0.1593944 0.058691747 0.16372953 0.5678735 0.15454319
0.0435 0.05432579 0.1623358 0.5696813 0.1602095 0.059603147 0.16533433 0.5712352 0.15542677
0.044 0.05519685 0.1633893 0.5731649 0.1610094 0.060502686 0.16691455 0.57453734 0.15629932
0.0445 0.05605779 0.1643876 0.5764725 0.161797 0.061390504 0.16847059 0.57778114 0.15716085
0.045 0.05689981 0.1654318 0.5786603 0.1625731 0.062266685 0.17000276 0.58096784 0.1580115
0.0455 0.05772723 0.1665525 0.5808867 0.1633371 0.06313145 0.17151134 0.5840981 0.15885141
0.046 0.05855444 0.1677781 0.5835651 0.1640895 0.063984886 0.17299673 0.58717346 0.15968072
0.0465 0.05938343 0.1691145 0.5866114 0.1648307 0.06482708 0.17445916 0.59019434 0.16049942
0.047 0.06021147 0.1705497 0.5898667 0.1655609 0.06565825 0.17589907 0.59316224 0.16130778
0.0475 0.06103517 0.1720632 0.5932043 0.1662801 0.066478446 0.1773167 0.596078 0.16210583
0.048 0.0618518 0.1736319 0.5965428 0.1669882 0.06728786 0.17871238 0.5989424 0.16289374
0.0485 0.06265954 0.1752343 0.5998353 0.1676853 0.068086624 0.18008654 0.60175663 0.16367152
0.049 0.0634574 0.1768519 0.603058 0.1683718 0.06887479 0.18143937 0.6045218 0.16443935
0.0495 0.06424495 0.1784696 0.6062009 0.1690479 0.0696525 0.18277116 0.60723805 0.16519731
0.05 0.06502204 0.1800761 0.6092619 0.1697137 0.07042001 0.18408239 0.60990745 0.16594565
0.0505 0.0657887 0.1816627 0.6122426 0.1703694 0.07117729 0.18537323 0.61252993 0.16668427
0.051 0.06654503 0.1832236 0.615147 0.1710151 0.07192449 0.18664402 0.61510676 0.16741338
0.0515 0.06729121 0.1847549 0.6179792 0.171651 0.0726618 0.18789506 0.61763877 0.16813314
0.052 0.06802742 0.1862543 0.6207437 0.1722773 0.07338925 0.1891267 0.6201269 0.16884348
0.0525 0.06875384 0.1877206 0.6234445 0.1728941 0.07410705 0.19033922 0.6225719 0.16954467
0.053 0.06947065 0.1891535 0.6260854 0.1735015 0.07481526 0.19153285 0.6249745 0.1702368
0.0535 0.07017803 0.1905533 0.6286696 0.1740615 0.075514 0.19270791 0.6273356 0.17091992
0.054 0.07087601 0.1919206 0.6311999 0.1744364 0.07620348 0.19386473 0.62965584 0.17159414
0.0545 0.07156454 0.1932566 0.6336786 0.1748416 0.07688367 0.19500355 0.63193625 0.17225963
0.055 0.07224205 0.1945622 0.6361078 0.1751322 0.07755479 0.19612466 0.6341777 0.17291638
0.0555 0.07290594 0.1958388 0.6384889 0.1754253 0.078216895 0.19722834 0.63638043 0.17356458
0.056 0.0735605 0.1970874 0.6408238 0.1758065 0.07887016 0.19831485 0.6385456 0.17420435
0.0565 0.07420844 0.1983093 0.6431145 0.1762569 0.07951461 0.19938459 0.6406737 0.17483565
0.057 0.07485026 0.1995058 0.6453622 0.1767546 0.08015038 0.2004376 0.6427656 0.17545873
0.0575 0.07548553 0.2006779 0.6475681 0.1772831 0.080777675 0.20147426 0.6448217 0.17607364
0.058 0.07611373 0.2018268 0.6497331 0.1778305 0.08139649 0.20249493 0.646843 0.17668045
0.0585 0.07673441 0.2029534 0.6518583 0.1783882 0.082006946 0.20349967 0.64882994 0.17727917
0.059 0.07734732 0.2040586 0.6539445 0.1789498 0.08260922 0.20448889 0.65078336 0.17787012
0.0595 0.07795233 0.2051432 0.6559924 0.1795108 0.083203375 0.20546283 0.65270406 0.17845336
0.06 0.07854942 0.2062081 0.658003 0.1800681 0.08378945 0.20642157 0.6545921 0.17902875
0.0605 0.07913863 0.2072539 0.6599768 0.1806193 0.08436765 0.20736544 0.65644854 0.1795966
0.061 0.07972 0.2082812 0.6619147 0.1811625 0.08493802 0.20829478 0.6582738 0.18015689
0.0615 0.08029363 0.2092907 0.6638174 0.181697 0.0855007 0.20920977 0.6600685 0.18070981
0.062 0.08085965 0.2102829 0.6656855 0.1822224 0.086055785 0.2101106 0.6618332 0.18125534
0.0625 0.08141819 0.2112582 0.6675197 0.1827381 0.0866033 0.21099755 0.6635687 0.18179366
0.063 0.08196556 0.2122161 0.6693188 0.1832255 0.08714345 0.21187082 0.66527534 0.18232486
0.0635 0.08249513 0.2131555 0.6710795 0.1836785 0.08767626 0.21273062 0.6669536 0.18284896
0.064 0.08301431 0.2140781 0.6728067 0.1841234 0.08820188 0.21357714 0.6686042 0.18336609
0.0645 0.08352936 0.2149852 0.6745044 0.1845639 0.08872032 0.21441065 0.67022735 0.1838763
0.065 0.08404019 0.2158484 0.6749988 0.1849873 0.08923176 0.21523139 0.6718239 0.18437985
0.0655 0.08454272 0.2166345 0.6753175 0.185408 0.08973624 0.21603954 0.6733943 0.18487653
0.066 0.085038 0.2173737 0.676161 0.1858294 0.09023388 0.2168352 0.6749389 0.18536666
0.0665 0.08552841 0.2180977 0.6774811 0.1862502 0.090724766 0.21761872 0.6764583 0.18585026
0.067 0.08601439 0.2188253 0.6790967 0.1866681 0.091208965 0.21839023 0.67795277 0.18632731
0.0675 0.0864912 0.2195634 0.6808539 0.1870772 0.09168665 0.21914995 0.67942303 0.18679804
0.068 0.08696122 0.2203138 0.6826525 0.1874821 0.09215771 0.21989805 0.68086946 0.18726239
0.0685 0.0874282 0.2210751 0.6844359 0.187884 0.09262243 0.22063473 0.68229246 0.18772054
0.069 0.08789277 0.2218438 0.6861745 0.1882826 0.093080744 0.22136012 0.68369234 0.18817261
0.0695 0.08835415 0.2226161 0.6878553 0.1886771 0.093532965 0.22207442 0.68506956 0.1886186
0.07 0.08881133 0.2233882 0.6894751 0.1890669 0.09397894 0.22277802 0.6864252 0.18905854
0.0705 0.08926352 0.2241568 0.6910353 0.1894517 0.09441882 0.22347078 0.6877585 0.18949264
0.071 0.08971008 0.2249193 0.6925398 0.189828 0.09485273 0.2241531 0.68907094 0.18992078
0.0715 0.09014727 0.2256725 0.6939908 0.1901737 0.09528069 0.22482494 0.69036186 0.19034323
0.072 0.0905736 0.2264153 0.6953931 0.1905052 0.09570287 0.22548664 0.6916326 0.19076002
0.0725 0.09099142 0.2271474 0.6967538 0.1908332 0.09611924 0.22613835 0.692883 0.19117114
0.073 0.09139958 0.2278683 0.6980773 0.1911571 0.096529946 0.22678027 0.6941137 0.19157678
0.0735 0.09180313 0.2285777 0.6993673 0.1914834 0.09693509 0.22741234 0.6953247 0.191977
0.074 0.09220502 0.2292755 0.7006265 0.1918122 0.09733467 0.228035 0.696517 0.19237179
0.0745 0.09260537 0.2299617 0.7018571 0.1921421 0.09772876 0.2286481 0.69769007 0.19276112
0.075 0.09300229 0.2306363 0.7030605 0.1924716 0.0981175 0.22925219 0.69884497 0.19314533
0.0755 0.09339339 0.2312993 0.7042382 0.1927995 0.09850094 0.22984695 0.6999818 0.19352436
0.076 0.09377969 0.2319509 0.7053913 0.1931248 0.09887916 0.23043299 0.7011009 0.1938982
0.0765 0.09415954 0.2325907 0.7065204 0.1934369 0.09925221 0.23101017 0.70220244 0.194267
0.077 0.09452469 0.233218 0.7076232 0.1937188 0.09962015 0.23157862 0.7032868 0.19463092
0.0775 0.09488037 0.2338338 0.7087024 0.193994 0.099983096 0.23213872 0.70435447 0.19498977
0.078 0.0952336 0.2344388 0.7097617 0.194273 0.10034108 0.23269036 0.7054053 0.19534385
0.0785 0.09558691 0.2350337 0.7108025 0.1945566 0.10069412 0.23323378 0.7064403 0.19569308
0.079 0.09593999 0.2356189 0.7118252 0.1948434 0.10104236 0.23376912 0.70745903 0.19603765
0.0795 0.09629167 0.2361948 0.7128298 0.1951315 0.10138585 0.23429644 0.7084625 0.19637752
0.08 0.09664077 0.2367614 0.7138164 0.1954196 0.10172467 0.23481596 0.7094504 0.19671276
0.0805 0.0969864 0.2373191 0.7147851 0.1957066 0.10205886 0.23532772 0.7104231 0.19704357
0.081 0.09732798 0.2378678 0.7157362 0.1959916 0.1023884 0.23583192 0.7113811 0.1973697
0.0815 0.09766519 0.2384078 0.7166699 0.196274 0.102713466 0.23632857 0.7123243 0.19769156
0.082 0.09799786 0.2389392 0.7175865 0.1965536 0.103034064 0.23681796 0.71325326 0.19800895
0.0825 0.09832594 0.2394621 0.7184864 0.1968298 0.10335031 0.23730013 0.7141681 0.19832209
0.083 0.09864945 0.2399767 0.7193699 0.1971027 0.10366231 0.23777518 0.71506906 0.19863102
0.0835 0.09896843 0.240483 0.7202373 0.1973719 0.10396992 0.23824316 0.7159564 0.19893566
0.084 0.09928292 0.2409813 0.7210891 0.1976373 0.10427335 0.23870426 0.7168305 0.19923618
0.0845 0.09958706 0.2414703 0.7219235 0.197876 0.10457273 0.2391586 0.71769154 0.19953272
0.085 0.09987716 0.2419503 0.7227392 0.1980929 0.10486798 0.23960635 0.71853954 0.19982517
0.0855 0.1001614 0.2424223 0.7235396 0.1983093 0.10515906 0.2400473 0.7193749 0.20011362
0.086 0.1004453 0.2428867 0.724327 0.1985311 0.105446234 0.24048191 0.72019774 0.20039809
0.0865 0.10073 0.2433441 0.7251019 0.1987562 0.105729476 0.24091026 0.7210084 0.20067883
0.087 0.1010146 0.2437947 0.7258643 0.1989785 0.10600893 0.2413322 0.72180676 0.20095572
0.0875 0.1012945 0.2442386 0.726614 0.1992032 0.106284484 0.2417481 0.72259337 0.20122877
0.088 0.1015698 0.2446759 0.7273506 0.1994302 0.10655634 0.24215782 0.7233685 0.20149824
0.0885 0.1018427 0.2451061 0.7280743 0.1996582 0.10682443 0.24256158 0.72413224 0.20176396
0.089 0.1021135 0.2455284 0.728785 0.1998861 0.107088834 0.24295953 0.72488433 0.20202601
0.0895 0.102382 0.2459439 0.729483 0.2001132 0.10734959 0.24335164 0.72562563 0.20228457
0.09 0.1026478 0.2463532 0.7301684 0.2003386 0.10760683 0.24373806 0.7263561 0.2025396
0.0905 0.1029106 0.2467567 0.7308416 0.2005621 0.10786055 0.24411899 0.7270758 0.20279115
0.091 0.1031703 0.2471544 0.7315028 0.2007833 0.1081108 0.24449429 0.727785 0.20303932
0.0915 0.1034266 0.2475464 0.7321521 0.2010019 0.10835768 0.24486426 0.728484 0.20328403
0.092 0.1036797 0.2479324 0.7327899 0.2011034 0.10860112 0.24522889 0.7291727 0.20352545
0.0925 0.1039291 0.2483111 0.7334162 0.2010708 0.108841196 0.24558815 0.72985125 0.20376351
0.093 0.1041747 0.2486835 0.7340312 0.2011023 0.109078005 0.2459423 0.7305201 0.20399839
0.0935 0.1044169 0.2490504 0.7346352 0.2011977 0.10931161 0.24629134 0.73117936 0.20423007
0.094 0.1046556 0.2494121 0.7352284 0.2013393 0.10954204 0.24663535 0.73182887 0.20445865
0.0945 0.1048912 0.2497687 0.7358112 0.2015125 0.1097693 0.24697444 0.7324694 0.20468405
0.095 0.1051237 0.2501202 0.7363837 0.201707 0.1099935 0.24730873 0.73310035 0.20490643
0.0955 0.105353 0.2504665 0.736946 0.2019151 0.11021452 0.2476381 0.73372257 0.20512572
0.096 0.1055793 0.2508075 0.7374984 0.2021315 0.110432684 0.24796295 0.73433584 0.20534205
0.0965 0.1058026 0.2511419 0.7380391 0.2023522 0.11064774 0.248283 0.73494005 0.20555547
0.097 0.1060229 0.25147 0.7385687 0.2025743 0.110859916 0.24859849 0.7355358 0.20576596
0.0975 0.1062402 0.2517929 0.7390885 0.202796 0.11106919 0.24890956 0.736123 0.20597363
0.098 0.1064546 0.252111 0.7395993 0.2030158 0.11127555 0.24921623 0.7367021 0.20617837
0.0985 0.1066662 0.2524246 0.7401014 0.2032328 0.11147915 0.24951845 0.73727274 0.2063804
0.099 0.1068749 0.2527338 0.7405952 0.2034462 0.11167991 0.24981645 0.7378354 0.20657966
0.0995 0.1070808 0.2530387 0.7410807 0.2036556 0.11187801 0.25011015 0.7383901 0.20677611
0.1 0.107284 0.2533392 0.741558 0.2038608 0.090291694 0.2650817 0.7657414 0.2031008
0.1005 0.106358 0.2636599 0.7284943 0.1933711 0.10054119 0.25753978 0.73550576 0.18805617
0.101 0.1036705 0.2782875 0.713581 0.1827758 0.10568361 0.2590359 0.7122578 0.16697651
0.1015 0.1011935 0.294527 0.7014762 0.174954 0.11212422 0.26687247 0.6931017 0.15375748
0.102 0.09929584 0.3115173 0.691389 0.1683588 0.11624797 0.27987233 0.6788667 0.14412642
0.1025 0.09781023 0.3288616 0.6823686 0.1623411 0.11826283 0.2967738 0.6687753 0.13707018
0.103 0.09655379 0.3463432 0.6738509 0.1566924 0.11877075 0.31591523 0.6612444 0.13166904
0.1035 0.09541395 0.3638233 0.665559 0.151342 0.11819765 0.33610708 0.6549508 0.1271837
0.104 0.09433203 0.381203 0.65737 0.1462592 0.11687213 0.35666177 0.6491136 0.12319916
0.1045 0.09327961 0.3984076 0.6492341 0.1414248 0.11504604 0.3771997 0.64335084 0.11951225
0.105 0.09224356 0.4153789 0.6411339 0.1368239 0.112905085 0.39750713 0.6374967 0.11602988
0.1055 0.09121805 0.4320716 0.6330659 0.1324431 0.110580176 0.41745728 0.63148785 0.1127085
0.106 0.09020077 0.4484504 0.6250319 0.1282704 0.10815993 0.43697265 0.62530583 0.10952536
0.1065 0.089191 0.4644883 0.6170359 0.1242944 0.10570215 0.45600444 0.6189511 0.106466345
0.107 0.08818881 0.4801652 0.6090826 0.1205046 0.103244096 0.4745231 0.61243355 0.10352152
0.1075 0.08719461 0.4954667 0.6011765 0.1168912 0.10080919 0.49251166 0.60576797 0.10068344
0.108 0.08620897 0.5103829 0.5933224 0.1134449 0.098412246 0.5099617 0.59896976 0.09794635
0.1085 0.08523253 0.524908 0.5855242 0.110157 0.09606227 0.52687085 0.592055 0.095305316
0.109 0.08426588 0.5390391 0.5777861 0.1070195 0.09376539 0.5432404 0.5850409 0.09275653
0.1095 0.08330961 0.5527763 0.5701115 0.1040246 0.09152526 0.55907524 0.57794285 0.0902968
0.11 0.08236437 0.5661215 0.5625039 0.1011653 0.08934446 0.5743818 0.57077664 0.08792315
0.1105 0.08143078 0.5790783 0.5549663 0.0984347 0.08722471 0.58916795 0.563557 0.08563288
0.111 0.0805094 0.5916519 0.5475013 0.09582657 0.08516732 0.60344243 0.5562982 0.08342377
0.1115 0.07960075 0.6038486 0.5401117 0.09333493 0.083173394 0.61721516 0.54901356 0.081293635
0.112 0.07870531 0.6156752 0.5327996 0.0909542 0.08124344 0.6304964 0.54171586 0.07924049
0.1125 0.07782354 0.6271396 0.525567 0.08867911 0.079378024 0.6432966 0.5344165 0.07726248
0.113 0.07695585 0.63825 0.5184159 0.08650472 0.07757753 0.6556268 0.5271266 0.07535782
0.1135 0.07610263 0.6490149 0.5113479 0.08442635 0.07584229 0.66749823 0.5198566 0.07352499
0.114 0.07526423 0.6594432 0.5043643 0.08243963 0.07417208 0.6789223 0.51261514 0.07176239
0.1145 0.074441 0.6695438 0.4974665 0.0805404 0.07256706 0.68991077 0.5054113 0.070068724
0.115 0.07363324 0.6793257 0.4906556 0.07872477 0.07102671 0.7004752 0.49825275 0.06844237
0.1155 0.07284123 0.688798 0.4839324 0.07698906 0.06955096 0.71062756 0.49114674 0.066882126
0.116 0.07206522 0.6979697 0.4772978 0.07532979 0.068139076 0.72038007 0.48409957 0.06538681
0.1165 0.07130547 0.7068497 0.4707524 0.07374369 0.06679056 0.72974443 0.47711724 0.06395502
0.117 0.07056218 0.7154469 0.4642968 0.07222765 0.06550462 0.73873293 0.47020495 0.06258551
0.1175 0.06983555 0.7237697 0.4579313 0.07077876 0.06428021 0.7473575 0.46336734 0.06127698
0.118 0.06912576 0.7318269 0.4516563 0.06939424 0.06311668 0.7556306 0.45660877 0.060028307
0.1185 0.06843297 0.7396265 0.4454719 0.06807147 0.062012598 0.763564 0.4499328 0.05883812
0.119 0.06775731 0.7471769 0.4393781 0.06680797 0.060967118 0.77116954 0.4433429 0.05770517
0.1195 0.06709891 0.7544858 0.4333751 0.0656014 0.05997877 0.7784593 0.4368418 0.056628086
0.12 0.06645788 0.761561 0.4274626 0.06444954 0.059046626 0.785445 0.43043217 0.055605836
0.1205 0.06583431 0.7684099 0.4216406 0.06335026 0.05816883 0.79213834 0.42411616 0.05463677
0.121 0.06522827 0.77504 0.4159088 0.06230159 0.057344258 0.79855037 0.41789576 0.0537195
0.1215 0.06463984 0.7814582 0.4102668 0.06130161 0.056571573 0.8046926 0.41177246 0.052853025
0.122 0.06406905 0.7876714 0.4047143 0.06034852 0.055849135 0.8105757 0.40574723 0.052035578
0.1225 0.06351596 0.7936863 0.3992508 0.05944061 0.055175528 0.81621087 0.3998216 0.05126605
0.123 0.06298058 0.7995094 0.3938759 0.05857626 0.054549232 0.82160807 0.3939963 0.05054281
0.1235 0.06246293 0.8051468 0.3885891 0.05775391 0.05396886 0.82677805 0.38827157 0.049864642
0.124 0.061963 0.8106047 0.3833896 0.0569721 0.053432867 0.8317301 0.3826483 0.049230203
0.1245 0.06148081 0.8158888 0.3782769 0.05622941 0.05293967 0.8364743 0.37712643 0.048637763
0.125 0.06101631 0.821005 0.3732504 0.05552452 0.052487984 0.84101987 0.37170607 0.048086353
0.1255 0.0605695 0.8259586 0.3683093 0.05485616 0.052076027 0.8453758 0.36638725 0.047574252
0.126 0.06014033 0.8307551 0.3634528 0.0542231 0.051702857 0.84955084 0.36116964 0.047100425
0.1265 0.05972876 0.8353994 0.3586802 0.05362419 0.051366776 0.8535533 0.3560528 0.04666329
0.127 0.05933474 0.8398967 0.3539908 0.05305833 0.05106643 0.85739136 0.35103625 0.046261735
0.1275 0.05895821 0.8442517 0.3493837 0.05252446 0.050800428 0.8610728 0.34611958 0.045894317
0.128 0.05859911 0.8484691 0.344858 0.05202157 0.050567582 0.8646052 0.34130186 0.04555971
0.1285 0.05825735 0.8525533 0.3404128 0.05154869 0.050366506 0.8679955 0.33658248 0.045257017
0.129 0.05793286 0.8565088 0.3360474 0.05110491 0.050196066 0.87125075 0.33196056 0.044984765
0.1295 0.05762556 0.8603397 0.3317608 0.05068934 0.050055012 0.87437737 0.32743508 0.04474178
0.13 0.05733536 0.8640501 0.327552 0.05030114 0.04994203 0.8773818 0.323005 0.04452703
0.1305 0.05706215 0.867644 0.3234203 0.04993949 0.049856186 0.8802701 0.31866932 0.04433944
0.131 0.05680584 0.8711252 0.3193645 0.04960363 0.049796373 0.88304794 0.31442672 0.044177704
0.1315 0.05656632 0.8744972 0.3153838 0.0492928 0.049761534 0.88572073 0.31027633 0.044041127
0.132 0.05634348 0.8777638 0.3114773 0.0490063 0.04975058 0.888294 0.30621678 0.043928474
0.1325 0.05613721 0.8809283 0.3076439 0.04874343 0.049762666 0.89077246 0.30224663 0.043838903
0.133 0.05594739 0.8839941 0.3038828 0.04850354 0.04979664 0.8931608 0.2983647 0.04377134
0.1335 0.05577389 0.8869644 0.3001929 0.04828601 0.04985182 0.8954637 0.29456985 0.04372509
0.134 0.0556166 0.8898423 0.2965733 0.04809021 0.049927205 0.8976854 0.29086035 0.04369916
0.1345 0.05547538 0.8926307 0.2930229 0.04791557 0.05002202 0.89983034 0.28723517 0.043692768
0.135 0.0553501 0.8953326 0.2895409 0.04776151 0.050135598 0.9019017 0.28369266 0.043705054
0.1355 0.05524063 0.8979508 0.2861262 0.04762751 0.050266907 0.9039037 0.28023148 0.043735296
0.136 0.05514682 0.900488 0.282778 0.04751303 0.050415367 0.90583956 0.27685034 0.04378289
0.1365 0.05506854 0.9029468 0.2794951 0.04741758 0.050580233 0.90771294 0.27354768 0.043847047
0.137 0.05500566 0.90533 0.2762767 0.04734068 0.050760984 0.9095267 0.27032208 0.04392703
0.1375 0.05495803 0.9076399 0.2731217 0.04728185 0.0509568 0.91128385 0.26717207 0.044022284
0.138 0.05492552 0.909879 0.2700293 0.04724066 0.051167145 0.9129877 0.2640963 0.04413213
0.1385 0.05490797 0.9120495 0.2669985 0.04721666 0.051391423 0.9146404 0.26109335 0.04425609
0.139 0.05490525 0.9141538 0.2640283 0.04720944 0.051629066 0.9162444 0.25816166 0.044393487
0.1395 0.05491721 0.9161939 0.2611178 0.0472186 0.051879585 0.9178026 0.25529987 0.044543967
0.14 0.0549437 0.9181721 0.2582661 0.04724375 0.05214247 0.919317 0.25250667 0.044706717
0.1405 0.05498458 0.9200902 0.2554721 0.0472845 0.05241713 0.9207901 0.24978046 0.044881657
0.141 0.05503969 0.9219504 0.2527351 0.0473405 0.052703097 0.92222345 0.2471199 0.045067914
0.1415 0.05510889 0.9237544 0.250054 0.04741139 0.053000078 0.9236193 0.24452369 0.045265347
0.142 0.05519202 0.9255041 0.2474281 0.04749683 0.053307623 0.92497957 0.24199055 0.04547342
0.1425 0.05528893 0.9272013 0.2448563 0.04759649 0.053625196 0.9263059 0.23951887 0.04569166
0.143 0.05539947 0.9288477 0.2423378 0.04771005 0.05395247 0.92759967 0.23710756 0.045919843
0.1435 0.0555235 0.9304449 0.2398717 0.0478372 0.054289237 0.9288629 0.23475508 0.04615754
0.144 0.05566085 0.9319947 0.2374571 0.04797764 0.0546349 0.93009686 0.23246025 0.046404406
0.1445 0.05581139 0.9334984 0.2350932 0.04813108 0.054989293 0.9313029 0.23022181 0.046660125
0.145 0.05597495 0.9349577 0.2327791 0.04829724 0.055352002 0.9324825 0.22803846 0.046924263
0.1455 0.05615138 0.936374 0.230514 0.04847584 0.055722818 0.93363667 0.22590894 0.047196664
0.146 0.05634054 0.9377487 0.2282971 0.04866661 0.056101322 0.93476677 0.22383198 0.047477044
0.1465 0.05654228 0.9390832 0.2261274 0.0488693 0.056487307 0.93587387 0.22180644 0.047764987
0.147 0.05675643 0.9403788 0.2240043 0.04908367 0.056880623 0.93695915 0.21983114 0.04806044
0.1475 0.05698287 0.9416367 0.2219268 0.04930945 0.057280958 0.93802345 0.21790497 0.048363067
0.148 0.05722143 0.9428583 0.2198942 0.04954643 0.057687968 0.93906784 0.21602659 0.04867263
0.1485 0.05747197 0.9440447 0.2179058 0.04979436 0.05810146 0.9400933 0.21419506 0.04898887
0.149 0.05773433 0.945197 0.2159607 0.05005303 0.058521226 0.9411001 0.2124091 0.049311593
0.1495 0.05800839 0.9463165 0.2140581 0.05032222 0.05894713 0.9420899 0.21066782 0.04964059
0.15 0.05829398 0.9474042 0.2121974 0.05060171 0.059378847 0.9430628 0.20897 0.04997573
0.1505 0.05859096 0.9484611 0.2103778 0.05089131 0.059816226 0.9440198 0.20731471 0.05031669
0.151 0.05889919 0.9494883 0.2085985 0.0511908 0.060256705 0.94495535 0.20570011 0.050676562
0.1515 0.05921852 0.9504867 0.2068588 0.05150001 0.06069532 0.9458808 0.20412807 0.051021166
0.152 0.05954882 0.9514573 0.2051581 0.05181873 0.061144605 0.94679594 0.20259516 0.051375397
0.1525 0.05988994 0.9524011 0.2034955 0.05214679 0.061599746 0.94769716 0.20110002 0.051734067
0.153 0.06024173 0.953319 0.2018705 0.052484 0.062060922 0.9485847 0.19964233 0.05209876
0.1535 0.06060407 0.9542117 0.2002823 0.05283018 0.062527254 0.94945943 0.19822113 0.052468814
0.154 0.06097681 0.9550802 0.1987303 0.05318518 0.06299843 0.95032203 0.1968356 0.052844264
0.1545 0.06135982 0.9559252 0.1972138 0.05354881 0.06347433 0.95117307 0.19548485 0.053224824
0.155 0.06175295 0.9567476 0.1957322 0.05392092 0.06395474 0.9520128 0.19416815 0.053610243
0.1555 0.06215608 0.9575481 0.1942848 0.05430135 0.06443943 0.9528419 0.19288452 0.054000355
0.156 0.06256907 0.9583274 0.192871 0.05468995 0.06492834 0.95366085 0.19163325 0.054395057
0.1565 0.06299178 0.9590863 0.1914901 0.05508655 0.06542134 0.95446944 0.19041342 0.05479417
0.157 0.0634241 0.9598254 0.1901416 0.05549103 0.06591831 0.95526886 0.18922436 0.055197634
0.1575 0.06386587 0.9605455 0.1888249 0.05590323 0.066419154 0.956059 0.18806526 0.05560527
0.158 0.06431699 0.9612471 0.1875394 0.05632301 0.06692366 0.9568399 0.18693537 0.05601684
0.1585 0.06477731 0.9619309 0.1862844 0.05675024 0.06743188 0.9576124 0.18583393 0.056432493
0.159 0.06524672 0.9625975 0.1850595 0.05718478 0.06794371 0.9583764 0.18476021 0.056851886
0.1595 0.06572508 0.9632476 0.183864 0.0576265 0.06845896 0.95913243 0.18371356 0.05727517
0.16 0.06621227 0.9638815 0.1826975 0.05807527 0.0689777 0.9598805 0.18269321 0.05770216
0.1605 0.06670816 0.9645 0.1815593 0.05853096 0.06949973 0.9606209 0.1816986 0.058132775
0.161 0.06721263 0.9651036 0.1804489 0.05899346 0.07002497 0.9613538 0.18072903 0.058566935
0.1615 0.06772557 0.9656927 0.1793659 0.05946265 0.07055348 0.9620795 0.17978382 0.059004523
0.162 0.06824686 0.9662678 0.1783096 0.0599384 0.071085066 0.96279836 0.17886241 0.059445567
0.1625 0.06877639 0.9668296 0.1772797 0.06042061 0.07161975 0.96351016 0.17796414 0.05989004
0.163 0.06931404 0.9673783 0.1762755 0.06090917 0.07215743 0.9642153 0.17708836 0.06033767
0.1635 0.06985969 0.9679145 0.1752966 0.06140396 0.072698 0.9649141 0.17623462 0.060788594
0.164 0.07041323 0.9684386 0.1743426 0.06190488 0.07324143 0.96560645 0.17540227 0.061242722
0.1645 0.07097456 0.968951 0.1734129 0.06241182 0.07378763 0.96629286 0.17459074 0.06169986
0.165 0.07154352 0.9694514 0.1725071 0.06285692 0.07433677 0.9669728 0.17379948 0.06216014
0.1655 0.07211982 0.9699397 0.1716246 0.06330497 0.07488841 0.96764696 0.17302813 0.062623315
0.166 0.07270316 0.9704169 0.1707649 0.06378089 0.07544285 0.96831524 0.17227592 0.06308962
0.1665 0.07329358 0.9708838 0.1699277 0.06428077 0.075999916 0.9689779 0.17154253 0.063558735
0.167 0.07389115 0.9713412 0.1691126 0.06479956 0.07655953 0.9696348 0.17082734 0.064030744
0.1675 0.0744959 0.9717894 0.1683192 0.06533334 0.077121735 0.97028637 0.17013003 0.064505585
0.168 0.07510776 0.9722289 0.1675471 0.0658792 0.077686355 0.9709325 0.16944993 0.06498315
0.1685 0.07572665 0.97266 0.1667959 0.066435 0.07825336 0.9715731 0.16878664 0.0654634
0.169 0.07635248 0.973083 0.1660652 0.06699916 0.07882284 0.97220874 0.16813998 0.06594642
0.1695 0.07698504 0.9734983 0.1653546 0.06757048 0.07939473 0.9728391 0.16750911 0.06643217
0.17 0.07762229 0.973906 0.1646637 0.06814803 0.079968885 0.97346437 0.16689388 0.06692038
0.1705 0.07826513 0.9743064 0.1639921 0.06873112 0.08054532 0.9740845 0.16629383 0.06741128
0.171 0.07891474 0.9746997 0.1633395 0.06931928 0.0811242 0.9747 0.16570851 0.06790476
0.1715 0.07957138 0.9750863 0.1627054 0.06991213 0.08170511 0.9753103 0.16513748 0.06840057
0.172 0.08023494 0.9754662 0.1620896 0.07050941 0.082288325 0.97591615 0.16458048 0.06889903
0.1725 0.08090522 0.9758399 0.1614917 0.07111089 0.0828736 0.97651696 0.164037 0.06939975
0.173 0.08158204 0.9762073 0.1609113 0.07171643 0.08346099 0.977113 0.16350678 0.069902934
0.1735 0.08226523 0.9765688 0.1603481 0.07232591 0.08405076 0.9777045 0.16298951 0.070408605
0.174 0.08295458 0.9769246 0.1598017 0.07293924 0.084642276 0.9782915 0.16248463 0.07091639
0.1745 0.08364991 0.9772749 0.1592719 0.07355633 0.08523594 0.9788737 0.16199198 0.07142661
0.175 0.08435104 0.97762 0.1587583 0.07417711 0.08583167 0.97945154 0.16151129 0.07193913
0.1755 0.08505786 0.9779599 0.1582606 0.07480151 0.08642931 0.9800246 0.16104193 0.072453745
0.176 0.08577023 0.978295 0.1577784 0.07542949 0.087028876 0.9805937 0.16058393 0.07297059
0.1765 0.08648807 0.9786253 0.1573116 0.076061 0.08763057 0.9811579 0.16013685 0.07348988
0.177 0.08721123 0.9789511 0.1568597 0.07668811 0.08823411 0.98171794 0.15970033 0.074011125
0.1775 0.08793941 0.9792726 0.1564226 0.07731432 0.08883947 0.9822736 0.1592741 0.07453445
0.178 0.08867236 0.9795897 0.1559998 0.0779399 0.08944678 0.9828249 0.158858 0.07505999
0.1785 0.08940979 0.9799028 0.155591 0.07856772 0.09005584 0.98337185 0.15845157 0.0755875
0.179 0.09015194 0.9802118 0.1551961 0.07920118 0.09066677 0.9839146 0.15805465 0.076117136
0.1795 0.09089911 0.9805169 0.1548147 0.07984075 0.09127949 0.98445284 0.15766701 0.07664878
0.18 0.09165139 0.9808185 0.1544466 0.08048615 0.091893926 0.98498726 0.15728845 0.07718236
0.1805 0.09240873 0.9811166 0.1540916 0.08113701 0.09251021 0.98551726 0.1569184 0.077718
0.181 0.09317103 0.9814114 0.1537495 0.08179299 0.093128204 0.9860431 0.15655698 0.07825557
0.1815 0.09393819 0.9817031 0.1534199 0.08245377 0.093747795 0.98656464 0.15620372 0.078794904
0.182 0.09471011 0.9819918 0.1531026 0.08311908 0.09436928 0.98708224 0.1558586 0.07933632
0.1825 0.09548671 0.9822777 0.1527975 0.08378869 0.09499219 0.98759544 0.15552117 0.07987947
0.183 0.09626788 0.9825609 0.1525042 0.08446238 0.095617 0.9881046 0.15519136 0.080424555
0.1835 0.09705356 0.9828415 0.1522225 0.08513994 0.09624323 0.98860955 0.15486896 0.08097134
0.184 0.09784366 0.9831196 0.1519522 0.08582123 0.09687121 0.9891107 0.15455365 0.08152009
0.1845 0.09863811 0.9833954 0.151693 0.08650606 0.09750067 0.9896076 0.15424526 0.08207042
0.185 0.09943683 0.9836688 0.1514449 0.08719432 0.0981317 0.9901004 0.15394361 0.082622476
0.1855 0.1002398 0.9839402 0.1512074 0.08788587 0.09876445 0.99058914 0.15364861 0.083176576
0.186 0.1010468 0.9842094 0.1509805 0.08858061 0.0993987 0.99107385 0.15335998 0.083732136
0.1865 0.101858 0.9844767 0.1507639 0.08927842 0.100034386 0.9915545 0.15307748 0.08428947
0.187 0.1026731 0.9847421 0.1505575 0.08997905 0.10067159 0.9920312 0.15280105 0.08484843
0.1875 0.1034919 0.9850057 0.150361 0.09067163 0.1013103 0.9925039 0.15253043 0.08540904
0.188 0.1043134 0.9852672 0.1501741 0.09136213 0.1019505 0.9929725 0.15226544 0.08597126
0.1885 0.1051374 0.9855268 0.1499967 0.0920577 0.10259195 0.99343705 0.15200599 0.086534925
0.189 0.1059644 0.9857847 0.1498285 0.09275917 0.10323511 0.9938977 0.15175194 0.087100394
0.1895 0.106795 0.986041 0.1496696 0.09346614 0.103879616 0.99435437 0.15150301 0.08766728
0.19 0.1076298 0.9862959 0.1495196 0.09417803 0.10452549 0.994807 0.15125915 0.08823579
0.1905 0.1084687 0.9865496 0.1493786 0.09489425 0.10517274 0.9952557 0.15102023 0.08880568
0.191 0.1093118 0.9868021 0.1492462 0.09561435 0.105821386 0.9957006 0.15078604 0.08937717
0.1915 0.110159 0.9870535 0.1491224 0.09633791 0.106471375 0.9961413 0.15055642 0.08994997
0.192 0.1110102 0.9873039 0.1490068 0.09706465 0.10712257 0.9965781 0.15033123 0.09052429
0.1925 0.1118616 0.9875534 0.1488993 0.09772448 0.1077752 0.9970108 0.15011041 0.091100015
0.193 0.1127001 0.9878019 0.1487982 0.09832948 0.10842925 0.99743986 0.1498939 0.091677256
0.1935 0.1135376 0.9880493 0.1487039 0.09896878 0.10908446 0.99786484 0.14968136 0.09225569
0.194 0.1143844 0.9882957 0.1486177 0.09964349 0.10974096 0.99828625 0.14947286 0.09283567
0.1945 0.1152424 0.9885413 0.1485399 0.1003458 0.11039874 0.99870324 0.14926815 0.09341688
0.195 0.1161101 0.9887861 0.1484702 0.1010688 0.11105776 0.99911654 0.14906725 0.09399945
0.1955 0.1169851 0.9890302 0.1484083 0.1018071 0.11171797 0.9995258 0.14886986 0.09458322
0.196 0.1178655 0.9892738 0.1483538 0.1025569 0.11237943 0.9999312 0.14867608 0.09516839
0.1965 0.11875 0.9895168 0.1483065 0.1033151 0.113042206 1.0003328 0.14848569 0.095754884
0.197 0.1196377 0.9897594 0.1482661 0.1040797 0.11370596 1.0007305 0.14829855 0.09634233
0.1975 0.1205281 0.9900016 0.1482324 0.1048489 0.114371076 1.0011244 0.14811468 0.096931346
0.198 0.1214209 0.9902433 0.1482052 0.1056214 0.11503726 1.0015142 0.14793384 0.09752128
0.1985 0.1223107 0.9904839 0.1481842 0.1063925 0.115704566 1.0019002 0.14775601 0.09811253
0.199 0.1231845 0.9907221 0.1481669 0.1071547 0.11637302 1.0022824 0.1475811 0.09870487
0.1995 0.1240568 0.9909592 0.1481547 0.1079173 0.11704254 1.0026605 0.14740907 0.099298365
0.2 0.1249384 0.991196 0.1481492 0.1086844 0.12629142 0.99385333 0.14268659 0.14459085
0.2005 0.1159277 0.9810303 0.1472151 0.1043272 0.096408606 0.9844068 0.15217234 0.124269046
0.201 0.1047081 0.965658 0.1452412 0.09980895 0.09068309 0.9747412 0.15009259 0.12375245
0.2015 0.09755017 0.9480329 0.1434069 0.09641817 0.085535035 0.9557618 0.1454602 0.11570979
0.202 0.09312341 0.9292431 0.1417385 0.09345878 0.08133252 0.934389 0.14201958 0.10735995
0.2025 0.09007026 0.9098189 0.1401291 0.0906698 0.07719831 0.9126284 0.13929938 0.09927834
0.203 0.0876609 0.890051 0.1385178 0.0879744 0.07334134 0.8911716 0.13709271 0.09212198
0.2035 0.08555333 0.8701214 0.1368801 0.0853492 0.07000464 0.87006795 0.1351162 0.08609357
0.204 0.08359354 0.8501565 0.1352091 0.08278573 0.06718397 0.8493062 0.13320048 0.08102787
0.2045 0.0817125 0.8302513 0.133505 0.08028001 0.06478813 0.82891 0.131281 0.07670171
0.205 0.0798788 0.8104797 0.1317706 0.07782958 0.06270774 0.8089204 0.12933712 0.07291708
0.2055 0.07807779 0.7909004 0.1300097 0.07543252 0.060847998 0.78937554 0.12736392 0.06952319
0.206 0.07630242 0.7715604 0.1282259 0.07308719 0.059135966 0.7703018 0.12536068 0.066412725
0.2065 0.07454912 0.7524966 0.1264228 0.07079206 0.057518803 0.7517122 0.12332762 0.063510366
0.207 0.072816 0.7337383 0.1246034 0.06854572 0.05595907 0.733608 0.12126552 0.060763575
0.2075 0.07110204 0.7153082 0.1227708 0.06634676 0.054431498 0.7159821 0.1191765 0.058136173
0.208 0.0694066 0.6972231 0.1209274 0.06419387 0.052919395 0.69882023 0.11706334 0.055603303
0.2085 0.06772929 0.6794958 0.1190755 0.06208574 0.051412903 0.6821035 0.114929624 0.053148367
0.209 0.06606985 0.6621347 0.1172173 0.06002112 0.049906828 0.66581047 0.11277959 0.050760843
0.2095 0.0644281 0.6451455 0.1153545 0.05799881 0.048399575 0.64991796 0.11061762 0.048434593
0.21 0.06280387 0.6285309 0.1134889 0.05601762 0.046891667 0.6344024 0.108448274 0.046165936
0.2105 0.06119704 0.6122917 0.1116219 0.05407643 0.04538531 0.61924124 0.106275864 0.04395365
0.211 0.05960751 0.5964268 0.109755 0.05217413 0.043883443 0.6044123 0.10410459 0.04179781
0.2115 0.05803516 0.5809336 0.1078894 0.05030967 0.042389557 0.58989584 0.101938345 0.039698884
0.212 0.05647992 0.5658083 0.1060262 0.04848201 0.040907323 0.5756736 0.09978084 0.037658244
0.2125 0.05494167 0.5510465 0.1041665 0.04669017 0.03944002 0.5617292 0.09763525 0.03567677
0.213 0.05342033 0.5366425 0.1023113 0.04493319 0.037990905 0.54804885 0.095504485 0.033755645
0.2135 0.05191581 0.5225904 0.1004613 0.04321015 0.036562584 0.5346203 0.0933912 0.03189566
0.214 0.050428 0.5088837 0.09861752 0.04152017 0.03515757 0.52143323 0.091297604 0.03009732
0.2145 0.04895682 0.4955156 0.09678057 0.03986237 0.033777654 0.5084797 0.08922565 0.028360672
0.215 0.04750215 0.482479 0.09495115 0.03823594 0.03242424 0.49575284 0.08717683 0.026685394
0.2155 0.04606391 0.4697666 0.09312992 0.03664008 0.031098485 0.48324773 0.085152544 0.025070809
0.216 0.04464199 0.4573711 0.09131744 0.03507402 0.029800922 0.4709604 0.08315378 0.023515701
0.2165 0.04323629 0.4452852 0.08951427 0.033537 0.028531976 0.45888844 0.08118129 0.022018753
0.217 0.0418467 0.4335013 0.08772089 0.03202832 0.02729173 0.44703004 0.07923562 0.020578243
0.2175 0.0404731 0.4220122 0.08593778 0.03054728 0.026079908 0.4353842 0.077317044 0.01919204
0.218 0.0391154 0.4108104 0.08416536 0.0290932 0.024896055 0.4239509 0.075425655 0.017857917
0.2185 0.03777348 0.3998888 0.08240402 0.02766545 0.02373974 0.41273007 0.07356147 0.016573623
0.219 0.03644721 0.3892403 0.08065413 0.0262634 0.022610173 0.40172213 0.07172413 0.015336521
0.2195 0.0351365 0.3788577 0.07891603 0.02488643 0.021506667 0.39092758 0.06991346 0.014144175
0.22 0.03384122 0.3687342 0.07719004 0.02353398 0.0204283 0.38034686 0.06812886 0.012993954
0.2205 0.03256125 0.3588632 0.07547644 0.02220546 0.019374281 0.36998054 0.066369936 0.011883363
0.221 0.03129646 0.3492378 0.0737755 0.02090034 0.018343687 0.3598287 0.06463598 0.010809965
0.2215 0.03004675 0.3398517 0.07208747 0.01961808 0.01733566 0.34989136 0.06292645 0.00977134
0.222 0.02881198 0.3306986 0.07041256 0.01835818 0.016349345 0.34016818 0.061240643 0.00876531
0.2225 0.02759202 0.3217723 0.06875099 0.01712012 0.015383907 0.33065826 0.059577905 0.007789664
0.223 0.02638677 0.3130669 0.06710295 0.01590343 0.014438525 0.32136053 0.057937592 0.00684236
0.2235 0.02519607 0.3045763 0.0654686 0.01470765 0.013512343 0.31227368 0.056319036 0.0059216097
0.224 0.02401982 0.296295 0.06384811 0.01353232 0.012604699 0.3033956 0.054721616 0.005025618
0.2245 0.02285788 0.2882174 0.06224161 0.01237699 0.011714861 0.2947241 0.053144738 0.004152909
0.225 0.02171012 0.2803381 0.06064923 0.01124125 0.01084201 0.28625655 0.051587805 0.0033017993
0.2255 0.0205764 0.2726519 0.05907109 0.01012467 0.009985626 0.27799013 0.050050348 0.0024711117
0.226 0.01945661 0.2651536 0.05750728 0.009026859 0.009144925 0.26992163 0.048531808 0.0016595945
0.2265 0.01835061 0.2578382 0.05595789 0.00794742 0.008319408 0.26204777 0.04703176 0.0008661449
0.227 0.01725827 0.250701 0.05442299 0.006885972 0.007508412 0.25436473 0.045549802 8.974224e-05
0.2275 0.01617945 0.2437371 0.05290266 0.005842148 0.006711349 0.24686882 0.044085488 -0.0006705895
0.228 0.01511403 0.2369422 0.05139695 0.004815585 0.0059277564 0.2395561 0.042638518 -0.001415588
0.2285 0.01406187 0.2303116 0.04990589 0.003805934 0.005156994 0.23242262 0.041208535 -0.0021461546
0.229 0.01302284 0.2238411 0.04842954 0.002812855 0.004398614 0.22546434 0.03979519 -0.0028629005
0.2295 0.01199681 0.2175266 0.04696791 0.001836016 0.0036520734 0.21867713 0.038398325 -0.0035665333
0.23 0.01098365 0.2113638 0.04552102 0.0008750929 0.0029168874 0.21205695 0.0370176 -0.0042577162
0.2305 0.009983215 0.2053489 0.04408888 -7.02282e-05 0.002192542 0.20559974 0.035652794 -0.004937038
0.231 0.008995384 0.199478 0.04267149 -0.001000254 0.001478672 0.19930138 0.034303643 -0.0056048855
0.2315 0.008020022 0.1937474 0.04126885 -0.001915283 0.00077475235 0.19315791 0.03296999 -0.006261915
0.232 0.007056999 0.1881533 0.03988094 -0.002815608 8.04998e-05 0.18716538 0.03165163 -0.0069085136
0.2325 0.006106182 0.1826923 0.03850774 -0.003701511 -0.0006046705 0.18131998 0.03034833 -0.0075451434
0.233 0.005167442 0.177361 0.03714924 -0.00457327 -0.0012810454 0.17561787 0.029059961 -0.0081722215
0.2335 0.004240647 0.1721559 0.03580539 -0.005431155 -0.0019490197 0.17005545 0.027786374 -0.008790217
0.234 0.003325667 0.1670739 0.03447616 -0.00627543 -0.00260894 0.16462904 0.026527308 -0.0093994215
0.2345 0.002422373 0.1621117 0.0331615 -0.007106352 -0.0032611638 0.1593352 0.025282696 -0.010000281
0.235 0.001530635 0.1572663 0.03186138 -0.007924172 -0.0039060228 0.1541705 0.024052367 -0.010593072
0.2355 0.0006503262 0.1525348 0.03057573 -0.008729135 -0.0045438297 0.14913148 0.022836111 -0.011178173
0.236 -0.0002186823 0.1479141 0.0293045 -0.009521481 -0.005174864 0.14421514 0.02163387 -0.011755891
0.2365 -0.001076517 0.1434015 0.02804763 -0.01030144 -0.0057994314 0.13941815 0.020445473 -0.012326553
0.237 -0.001923306 0.1389943 0.02680505 -0.01106925 -0.006417744 0.13473758 0.01927074 -0.012890376
0.2375 -0.002759174 0.1346896 0.0255767 -0.01182513 -0.007030051 0.13017045 0.018109612 -0.013447676
0.238 -0.003584245 0.1304851 0.02436249 -0.01256929 -0.0076366514 0.12571386 0.016961887 -0.013998706
0.2385 -0.004398646 0.126378 0.02316235 -0.01330195 -0.008237712 0.12136495 0.01582747 -0.01454372
0.239 -0.005202498 0.122366 0.02197621 -0.01402332 -0.008833483 0.1171211 0.014706255 -0.015082993
0.2395 -0.005995926 0.1184467 0.02080397 -0.0147336 -0.00942412 0.11297971 0.013598138 -0.0156167075
0.24 -0.00677905 0.1146177 0.01964556 -0.015433 -0.010009792 0.10893808 0.012502925 -0.01614505
0.2405 -0.007551992 0.1108768 0.01850088 -0.01612169 -0.01059071 0.10499379 0.011420556 -0.016668279
0.241 -0.008314872 0.1072218 0.01736985 -0.01679989 -0.0111669935 0.10114448 0.010350929 -0.017186552
0.2415 -0.009067809 0.1036504 0.01625237 -0.01746776 -0.011738792 0.09738758 0.009293907 -0.017700057
0.242 -0.009810923 0.1001608 0.01514834 -0.0181255 -0.012306228 0.09372108 0.008249388 -0.018208917
0.2425 -0.01054433 0.09675068 0.01405767 -0.01877329 -0.012869425 0.09014253 0.0072172815 -0.01871334
0.243 -0.01126815 0.09341823 0.01298026 -0.01941129 -0.013428494 0.086649835 0.0061974684 -0.019213427
0.2435 -0.01198249 0.09016149 0.011916 -0.02003968 -0.01398357 0.08324089 0.0051898295 -0.019709386
0.244 -0.01268747 0.08697859 0.0108648 -0.02065862 -0.014534697 0.079913616 0.004194298 -0.020201296
0.2445 -0.01338321 0.08386769 0.009826551 -0.02126828 -0.015081942 0.076666 0.0032107467 -0.0206892
0.245 -0.01406981 0.08082703 0.008801143 -0.02186883 -0.01562544 0.07349612 0.0022390792 -0.02117335
0.2455 -0.01474739 0.07785488 0.007788472 -0.02246041 -0.016165212 0.07040199 0.0012792507 -0.021653756
0.246 -0.01541606 0.07494956 0.006788429 -0.02304317 -0.016701326 0.067381784 0.00033109728 -0.022130515
0.2465 -0.01607593 0.07210943 0.005800905 -0.02361728 -0.017233834 0.06443374 -0.0006054109 -0.022603728
0.247 -0.0167271 0.0693329 0.004825791 -0.02418288 -0.017762795 0.0615561 -0.0015303856 -0.02307348
0.2475 -0.01736969 0.06661842 0.003862974 -0.02474011 -0.018288203 0.058747023 -0.0024439758 -0.02353974
0.248 -0.0180038 0.06396447 0.002912344 -0.02528911 -0.01881018 0.056004956 -0.003346174 -0.02400278
0.2485 -0.01862954 0.06136959 0.001973788 -0.02583002 -0.019328654 0.053328253 -0.0042371443 -0.02446245
0.249 -0.01924701 0.05883234 0.001047193 -0.02636298 -0.019843698 0.050715216 -0.0051169535 -0.02491888
0.2495 -0.01985632 0.05635132 0.000132445 -0.02688812 -0.020355359 0.04816439 -0.0059856987 -0.025372151
0.25 -0.02045757 0.05392518 -0.0007705693 -0.02740558 -0.020863578 0.04567422 -0.0068434393 -0.025822215
0.2505 -0.02105085 0.05155259 -0.001661964 -0.02791547 -0.021368422 0.043243177 -0.0076902574 -0.026269197
0.251 -0.02163628 0.04923227 -0.002541855 -0.02841792 -0.021869868 0.04086992 -0.008526291 -0.026713062
0.2515 -0.02221394 0.04696295 -0.003410355 -0.02891306 -0.02236794 0.03855302 -0.009351577 -0.027153883
0.252 -0.02278394 0.04474342 -0.004267581 -0.02940101 -0.022862613 0.03629104 -0.010166249 -0.027591597
0.2525 -0.02334638 0.04257248 -0.005113646 -0.02988188 -0.023353927 0.03408259 -0.010970342 -0.028026331
0.253 -0.02390135 0.04044897 -0.005948666 -0.0303558 -0.02384182 0.031926565 -0.011763978 -0.028457984
0.2535 -0.02444894 0.03837175 -0.006772755 -0.03082287 -0.024326347 0.029821493 -0.012547213 -0.028886687
0.254 -0.02498926 0.03633974 -0.00758603 -0.0312832 -0.024807457 0.02776619 -0.013320173 -0.029312372
0.2545 -0.02552239 0.03435185 -0.008388603 -0.03173691 -0.025285136 0.025759466 -0.0140828965 -0.029735029
0.255 -0.02604843 0.03240704 -0.00918059 -0.03218409 -0.02575941 0.023800112 -0.014835532 -0.030154705
0.2555 -0.02656747 0.03050428 -0.009962106 -0.03262487 -0.02623026 0.021886982 -0.01557809 -0.030571423
0.256 -0.02707959 0.02864259 -0.01073326 -0.03305933 -0.026697643 0.02001895 -0.016310696 -0.030985128
0.2565 -0.02758489 0.02682099 -0.01149418 -0.03348759 -0.027161539 0.018194884 -0.017033458 -0.03139578
0.257 -0.02808346 0.02503855 -0.01224496 -0.03390973 -0.027621953 0.01641374 -0.017746415 -0.03180348
0.2575 -0.02857538 0.02329433 -0.01298572 -0.03432586 -0.028078878 0.014674492 -0.018449679 -0.03220816
0.258 -0.02906074 0.02158745 -0.01371658 -0.03473608 -0.028532287 0.012976095 -0.019143343 -0.032609805
0.2585 -0.02953962 0.01991703 -0.01443764 -0.03514046 -0.02898214 0.011317544 -0.019827515 -0.033008374
0.259 -0.03001211 0.01828222 -0.01514903 -0.03553912 -0.02942846 0.009697847 -0.020502258 -0.033403948
0.2595 -0.0304783 0.01668219 -0.01585084 -0.03593214 -0.029871196 0.008116096 -0.021167614 -0.03379648
0.26 -0.03093826 0.01511612 -0.01654319 -0.0363196 -0.030310337 0.00657133 -0.02182376 -0.0341859
0.2605 -0.03139207 0.01358324 -0.01722618 -0.03670159 -0.030745896 0.0050626323 -0.022470694 -0.034572296
0.261 -0.03183982 0.01208277 -0.01789994 -0.03707821 -0.03117781 0.003589198 -0.023108583 -0.03495556
0.2615 -0.03228159 0.01061396 -0.01856456 -0.03744952 -0.031606093 0.0021501034 -0.02373746 -0.035335734
0.262 -0.03271744 0.009176071 -0.01922016 -0.03781562 -0.032030717 0.00074452907 -0.02435743 -0.035712793
0.2625 -0.03314747 0.007768403 -0.01986684 -0.03817659 -0.032451663 -0.00062833726 -0.024968598 -0.036086716
0.263 -0.03357175 0.006390255 -0.02050471 -0.0385325 -0.03286892 -0.001969315 -0.02557104 -0.03645751
0.2635 -0.03399035 0.00504095 -0.02113387 -0.03888344 -0.03328251 -0.0032791868 -0.026164796 -0.036825173
0.264 -0.03440335 0.003719825 -0.02175443 -0.03922947 -0.033692356 -0.0045586824 -0.02675007 -0.03718962
0.2645 -0.03481082 0.002426236 -0.02236649 -0.03957068 -0.034098476 -0.005808562 -0.027326856 -0.037550926
0.265 -0.03521284 0.001159554 -0.02297016 -0.03990714 -0.03450086 -0.007029526 -0.027895268 -0.037909012
0.2655 -0.03560947 -8.083419e-05 -0.02356554 -0.04023892 -0.034899496 -0.008222304 -0.028455392 -0.03826394
0.266 -0.0360008 -0.001295527 -0.02415273 -0.04056609 -0.035294354 -0.009387597 -0.029007327 -0.038615607
0.2665 -0.03638688 -0.002485109 -0.02473183 -0.04088872 -0.035685457 -0.010525994 -0.029551145 -0.038964078
0.267 -0.03676779 -0.003650148 -0.02530295 -0.04120689 -0.036072783 -0.011638239 -0.03008695 -0.039309304
0.2675 -0.03714359 -0.0047912 -0.02586618 -0.04152065 -0.036456317 -0.012724951 -0.030614823 -0.039651316
0.268 -0.03751437 -0.005908806 -0.02642162 -0.04183008 -0.036836054 -0.013786741 -0.031134848 -0.03999005
0.2685 -0.03788017 -0.007003496 -0.02696937 -0.04213524 -0.03721199 -0.014824212 -0.03164715 -0.040325545
0.269 -0.03824107 -0.008075784 -0.02750952 -0.04243619 -0.037584156 -0.0158379 -0.032151774 -0.040657785
0.2695 -0.03859713 -0.009126174 -0.02804217 -0.042733 -0.037952457 -0.016828492 -0.03264881 -0.040986735
0.27 -0.03894842 -0.01015516 -0.02856743 -0.04302573 -0.038317002 -0.017796487 -0.033138353 -0.04131245
0.2705 -0.039295 -0.01116321 -0.02908537 -0.04331444 -0.038677685 -0.018742457 -0.033620548 -0.041634798
0.271 -0.03963693 -0.0121508 -0.0295961 -0.04359919 -0.039034598 -0.019666933 -0.034095366 -0.041953973
0.2715 -0.03997428 -0.01311839 -0.0300997 -0.04388003 -0.039387684 -0.02057036 -0.034562983 -0.042269804
0.272 -0.04030711 -0.01406642 -0.03059628 -0.04415704 -0.03973697 -0.021453373 -0.035023455 -0.04258237
0.2725 -0.04063547 -0.01499532 -0.03108591 -0.04443026 -0.040082447 -0.022316433 -0.035476886 -0.04289164
0.273 -0.04095943 -0.01590552 -0.0315687 -0.04469974 -0.040424135 -0.023159951 -0.03592334 -0.043197654
0.2735 -0.04127904 -0.01679742 -0.03204472 -0.04496556 -0.04076201 -0.023984492 -0.036362905 -0.043500338
0.274 -0.04159437 -0.01767145 -0.03251407 -0.04522775 -0.04109613 -0.024790414 -0.036795653 -0.043799795
0.2745 -0.04190547 -0.01852798 -0.03297683 -0.04548637 -0.041426443 -0.02557823 -0.037221737 -0.04409593
0.275 -0.04221239 -0.01936741 -0.03343309 -0.04574147 -0.04175297 -0.026348412 -0.037641183 -0.044388797
0.2755 -0.0425152 -0.0201901 -0.03388294 -0.04599311 -0.042075753 -0.027101293 -0.03805409 -0.0446784
0.276 -0.04281395 -0.02099643 -0.03432646 -0.04624134 -0.04239479 -0.027837344 -0.038460497 -0.044964768
0.2765 -0.04310869 -0.02178675 -0.03476373 -0.0464862 -0.04271006 -0.028556988 -0.038860574 -0.045247823
0.277 -0.04339948 -0.02256142 -0.03519484 -0.04672774 -0.04302161 -0.029260583 -0.039254338 -0.045527644
0.2775 -0.04368637 -0.02332077 -0.03561987 -0.04696602 -0.043329462 -0.029948547 -0.039641872 -0.04580428
0.278 -0.04396941 -0.02406513 -0.0360389 -0.04720108 -0.043633588 -0.030621223 -0.040023327 -0.046077598
0.2785 -0.04424865 -0.02479484 -0.03645201 -0.04743296 -0.043934043 -0.031278946 -0.04039869 -0.046347752
0.279 -0.04452415 -0.0255102 -0.03685927 -0.04766172 -0.04423082 -0.03192213 -0.04076811 -0.046614695
0.2795 -0.04479595 -0.02621154 -0.03726078 -0.04788739 -0.044523917 -0.03255117 -0.04113165 -0.046878375
0.28 -0.04506411 -0.02689914 -0.0376566 -0.04811003 -0.044813395 -0.03316632 -0.04148937 -0.04713892
0.2805 -0.04532867 -0.02757331 -0.03804681 -0.04832967 -0.045099262 -0.0337679 -0.04184136 -0.04739629
0.281 -0.04558969 -0.02823434 -0.03843148 -0.04854635 -0.0453815 -0.03435631 -0.042187702 -0.04765049
0.2815 -0.0458472 -0.0288825 -0.0388107 -0.04876013 -0.04566021 -0.03493174 -0.042528465 -0.04790158
0.282 -0.04610127 -0.02951808 -0.03918453 -0.04897104 -0.045935325 -0.035494633 -0.042863738 -0.048149474
0.2825 -0.04635192 -0.03014133 -0.03955305 -0.04917912 -0.04620689 -0.036045253 -0.04319358 -0.048394304
0.283 -0.04659922 -0.03075253 -0.03991634 -0.04938442 -0.04647495 -0.036583796 -0.043518104 -0.048636
0.2835 -0.0468432 -0.03135193 -0.04027445 -0.04958696 -0.04673952 -0.037110656 -0.043837324 -0.048874635
0.284 -0.04708391 -0.03193978 -0.04062747 -0.0497868 -0.047000602 -0.037626065 -0.044151366 -0.049110208
0.2845 -0.04732139 -0.03251633 -0.04097546 -0.04998397 -0.047258236 -0.038130306 -0.044460304 -0.04934271
0.285 -0.04755569 -0.03308181 -0.04131849 -0.05017851 -0.04751245 -0.03862364 -0.044764165 -0.049572192
0.2855 -0.04778685 -0.03363646 -0.04165663 -0.05037045 -0.04776326 -0.039106302 -0.045063086 -0.04979866
0.286 -0.04801491 -0.03418051 -0.04198995 -0.05055983 -0.0480107 -0.039578542 -0.04535706 -0.050022185
0.2865 -0.04823992 -0.03471418 -0.04231851 -0.05074669 -0.048254795 -0.040040642 -0.045646217 -0.050242737
0.287 -0.04846191 -0.03523768 -0.04264238 -0.05093106 -0.048495553 -0.04049284 -0.04593062 -0.0504603
0.2875 -0.04868093 -0.03575124 -0.04296163 -0.05111298 -0.048733026 -0.040935263 -0.04621031 -0.050674964
0.288 -0.04889701 -0.03625505 -0.04327631 -0.05129248 -0.048967205 -0.0413683 -0.046485394 -0.05088672
0.2885 -0.0491102 -0.03674932 -0.04358649 -0.0514696 -0.049198158 -0.041792057 -0.04675591 -0.051095616
0.289 -0.04932054 -0.03723426 -0.04389224 -0.05164437 -0.0494259 -0.04220678 -0.04702195 -0.051301643
0.2895 -0.04952805 -0.03771005 -0.04419361 -0.05181682 -0.049650453 -0.04261265 -0.047283553 -0.05150483
0.29 -0.04973279 -0.03817688 -0.04449066 -0.05198698 -0.04987184 -0.04300996 -0.047540825 -0.0517052
0.2905 -0.04993479 -0.03863495 -0.04478346 -0.05215489 -0.050090097 -0.043398812 -0.04779379 -0.05190278
0.291 -0.05013408 -0.03908442 -0.04507207 -0.05232058 -0.05030527 -0.04377941 -0.04804253 -0.052097626
0.2915 -0.05033071 -0.03952549 -0.04535654 -0.05248408 -0.05051735 -0.044152 -0.04828711 -0.052289713
0.292 -0.0505247 -0.03995831 -0.04563694 -0.05264541 -0.0507264 -0.044516772 -0.048527583 -0.052479085
0.2925 -0.0507161 -0.04038307 -0.04591331 -0.05280462 -0.050932422 -0.04487378 -0.048764013 -0.052665774
0.293 -0.05090493 -0.04079992 -0.04618572 -0.05296172 -0.051135488 -0.04522334 -0.048996493 -0.05284982
0.2935 -0.05109124 -0.04120903 -0.04645422 -0.05311675 -0.051335573 -0.045565583 -0.049225032 -0.05303121
0.294 -0.05127506 -0.04161055 -0.04671886 -0.05326974 -0.051532738 -0.04590062 -0.049449734 -0.05320996
0.2945 -0.05145642 -0.04200465 -0.04697971 -0.05342071 -0.05172702 -0.046228714 -0.049670625 -0.05338617
0.295 -0.05163535 -0.04239146 -0.0472368 -0.05356969 -0.051918436 -0.046549946 -0.049887788 -0.05355979
0.2955 -0.05181189 -0.04277115 -0.04749021 -0.05371671 -0.05210703 -0.046864495 -0.050101265 -0.05373089
0.296 -0.05198607 -0.04314385 -0.04773997 -0.0538618 -0.052292824 -0.047172472 -0.050311107 -0.0538995
0.2965 -0.05215792 -0.04350971 -0.04798615 -0.05400498 -0.052475818 -0.047474094 -0.050517425 -0.054065593
0.297 -0.05232747 -0.04386886 -0.04822878 -0.05414628 -0.05265608 -0.047769487 -0.050720233 -0.054229215
0.2975 -0.05249476 -0.04422144 -0.04846793 -0.05428572 -0.052833643 -0.04805877 -0.050919548 -0.05439043
0.298 -0.05265981 -0.04456758 -0.04870363 -0.05442334 -0.053008534 -0.048342086 -0.051115476 -0.054549243
0.2985 -0.05282266 -0.04490741 -0.04893595 -0.05455915 -0.053180758 -0.04861956 -0.0513081 -0.054705665
0.299 -0.05298333 -0.04524106 -0.04916492 -0.05469317 -0.053350378 -0.048891336 -0.051497385 -0.054859754
0.2995 -0.05314186 -0.04556864 -0.0493906 -0.05482545 -0.053517424 -0.049157508 -0.05168344 -0.05501152
0.3 -0.05329826 -0.04589029 -0.04961303 -0.05495599 -0.05368189 -0.049418263 -0.051866315 -0.055160977
0.3005 -0.05345258 -0.04620612 -0.04983225 -0.05508482 -0.053843837 -0.04967366 -0.05204606 -0.055308156
0.301 -0.05360484 -0.04651624 -0.05004832 -0.05521197 -0.05400329 -0.049923867 -0.052222706 -0.05545311
0.3015 -0.05375507 -0.04682078 -0.05026128 -0.05533745 -0.054160275 -0.05016896 -0.052396312 -0.055595838
0.302 -0.05390329 -0.04711983 -0.05047118 -0.05546129 -0.05431483 -0.050409064 -0.05256693 -0.055736355
0.3025 -0.05404953 -0.04741351 -0.05067804 -0.05558352 -0.054466963 -0.050644293 -0.052734606 -0.05587472
0.303 -0.05419382 -0.04770192 -0.05088193 -0.05570415 -0.05461675 -0.05087477 -0.052899383 -0.05601097
0.3035 -0.05433619 -0.04798517 -0.05108289 -0.05582321 -0.054764174 -0.051100574 -0.053061344 -0.056145072
0.304 -0.05447666 -0.04826336 -0.05128094 -0.05594071 -0.054909296 -0.051321797 -0.05322048 -0.05627713
0.3045 -0.05461525 -0.04853658 -0.05147614 -0.05605668 -0.055052117 -0.05153858 -0.053376865 -0.056407113
0.305 -0.054752 -0.04880495 -0.05166853 -0.05617114 -0.055192694 -0.05175098 -0.053530537 -0.056535013
0.3055 -0.05488692 -0.04906854 -0.05185815 -0.05628411 -0.05533105 -0.05195909 -0.053681545 -0.05666096
0.306 -0.05502005 -0.04932745 -0.05204503 -0.05639561 -0.055467192 -0.052163057 -0.05382996 -0.056784883
0.3065 -0.0551514 -0.04958178 -0.05222922 -0.05650566 -0.055601187 -0.052362904 -0.053975746 -0.056906886
0.307 -0.055281 -0.04983162 -0.05241076 -0.05661427 -0.055733025 -0.052558787 -0.05411903 -0.057026945
0.3075 -0.05540887 -0.05007704 -0.05258968 -0.05672148 -0.05586279 -0.05275073 -0.054259814 -0.057145108
0.308 -0.05553504 -0.05031814 -0.05276601 -0.05682729 -0.055990446 -0.05293881 -0.054398134 -0.05726137
0.3085 -0.05565953 -0.050555 -0.05293981 -0.05693172 -0.05611604 -0.05312316 -0.054534066 -0.05737579
0.309 -0.05578236 -0.05078771 -0.0531111 -0.0570348 -0.056239635 -0.053303882 -0.05466763 -0.057488363
0.3095 -0.05590355 -0.05101633 -0.05327993 -0.05713654 -0.056361217 -0.05348099 -0.05479882 -0.057599146
0.31 -0.05602314 -0.05124095 -0.05344631 -0.05723696 -0.056480825 -0.05365456 -0.05492776 -0.057708144
0.3105 -0.05614113 -0.05146165 -0.0536103 -0.05733608 -0.056598496 -0.053824686 -0.055054426 -0.057815377
0.311 -0.05625755 -0.05167851 -0.05377193 -0.05743391 -0.05671426 -0.05399149 -0.05517888 -0.057920896
0.3115 -0.05637242 -0.05189158 -0.05393122 -0.05753047 -0.05682814 -0.05415497 -0.055301145 -0.058024693
0.312 -0.05648576 -0.05210096 -0.05408822 -0.05762579 -0.056940146 -0.054315217 -0.055421263 -0.058126803
0.3125 -0.0565976 -0.0523067 -0.05424296 -0.05771987 -0.057050325 -0.05447232 -0.05553928 -0.05822725
0.313 -0.05670794 -0.05250888 -0.05439546 -0.05781273 -0.05715869 -0.054626323 -0.055655226 -0.05832605
0.3135 -0.05681682 -0.05270756 -0.05454577 -0.05790439 -0.057265297 -0.05477728 -0.05576913 -0.05842328
0.314 -0.05692426 -0.05290282 -0.05469391 -0.05799486 -0.057370123 -0.0549253 -0.055881023 -0.058518887
0.3145 -0.05703026 -0.05309471 -0.05483992 -0.05808416 -0.05747323 -0.05507043 -0.055990994 -0.058612928
0.315 -0.05713486 -0.0532833 -0.05498382 -0.05817231 -0.057574637 -0.055212684 -0.056098975 -0.058705404
0.3155 -0.05723807 -0.05346864 -0.05512564 -0.05825932 -0.05767436 -0.05535215 -0.05620507 -0.058796372
0.316 -0.0573399 -0.05365082 -0.05526543 -0.0583452 -0.0577724 -0.055488937 -0.056309305 -0.058885828
0.3165 -0.05744039 -0.05382987 -0.0554032 -0.05842998 -0.05786884 -0.055623025 -0.056411676 -0.05897382
0.317 -0.05753953 -0.05400586 -0.05553898 -0.05851366 -0.05796366 -0.055754505 -0.056512244 -0.059060358
0.3175 -0.05763737 -0.05417885 -0.05567281 -0.05859626 -0.058056902 -0.05588346 -0.05661106 -0.05914541
0.318 -0.0577339 -0.05434889 -0.05580471 -0.0586778 -0.058148608 -0.05600985 -0.056708105 -0.059229113
0.3185 -0.05782915 -0.05451604 -0.05593471 -0.05875828 -0.058238752 -0.05613382 -0.056803435 -0.059311423
0.319 -0.05792314 -0.05468036 -0.05606284 -0.05883773 -0.058327377 -0.056255385 -0.05689709 -0.059392292
0.3195 -0.05801588 -0.05484188 -0.05618912 -0.05891615 -0.058414526 -0.056374587 -0.05698909 -0.059471846
0.32 -0.05810739 -0.05500068 -0.05631359 -0.05899356 -0.058500227 -0.0564915 -0.05707944 -0.059550095
0.3205 -0.05819769 -0.05515678 -0.05643626 -0.05906997 -0.05858446 -0.056606136 -0.057168216 -0.05962699
0.321 -0.05828679 -0.05531026 -0.05655717 -0.0591454 -0.05866729 -0.056718566 -0.057255372 -0.059702616
0.3215 -0.0583747 -0.05546115 -0.05667633 -0.05921986 -0.05874871 -0.05682884 -0.057341024 -0.05977698
0.322 -0.05846146 -0.0556095 -0.05679378 -0.05929336 -0.058828752 -0.05693697 -0.05742514 -0.05985008
0.3225 -0.05854706 -0.05575536 -0.05690955 -0.05936591 -0.058907427 -0.057043023 -0.05750776 -0.05992192
0.323 -0.05863153 -0.05589878 -0.05702364 -0.05943753 -0.0589848 -0.057147026 -0.05758889 -0.0599926
0.3235 -0.05871488 -0.05603979 -0.0571361 -0.05950823 -0.059060827 -0.057249054 -0.057668604 -0.06006204
0.324 -0.05879712 -0.05617845 -0.05724693 -0.05957802 -0.059135575 -0.057349138 -0.057746902 -0.060130306
0.3245 -0.05887828 -0.05631479 -0.05735618 -0.05964692 -0.059209045 -0.057447262 -0.057823777 -0.06019744
0.325 -0.05895836 -0.05644886 -0.05746385 -0.05971493 -0.05928126 -0.05754353 -0.05789932 -0.060263403
0.3255 -0.05903738 -0.0565807 -0.05756997 -0.05978206 -0.059352234 -0.05763793 -0.057973504 -0.060328245
0.326 -0.05911535 -0.05671035 -0.05767457 -0.05984833 -0.05942201 -0.05773057 -0.05804637 -0.060391992
0.3265 -0.05919229 -0.05683785 -0.05777767 -0.05991375 -0.059490602 -0.057821423 -0.05811791 -0.06045469
0.327 -0.05926822 -0.05696324 -0.05787928 -0.05997834 -0.059557993 -0.05791054 -0.058188193 -0.060516264
0.3275 -0.05934314 -0.05708655 -0.05797943 -0.06004209 -0.059624255 -0.057997927 -0.058257237 -0.060576793
0.328 -0.05941707 -0.05720783 -0.05807815 -0.06010502 -0.059689336 -0.058083713 -0.058325037 -0.06063629
0.3285 -0.05949002 -0.05732711 -0.05817545 -0.06016715 -0.059753317 -0.05816783 -0.0583916 -0.06069476
0.329 -0.059562 -0.05744442 -0.05827135 -0.06022848 -0.05981621 -0.05825033 -0.058456995 -0.060752254
0.3295 -0.05963304 -0.05755981 -0.05836587 -0.06028903 -0.05987802 -0.05833131 -0.058521226 -0.060808744
0.33 -0.05970313 -0.0576733 -0.05845904 -0.06034879 -0.059938747 -0.058410726 -0.058584318 -0.060864244
0.3305 -0.0597723 -0.05778493 -0.05855087 -0.0604078 -0.059998427 -0.058488645 -0.05864626 -0.060918793
0.331 -0.05984056 -0.05789473 -0.05864138 -0.06046604 -0.060057078 -0.058565073 -0.05870709 -0.060972422
0.3315 -0.05990791 -0.05800274 -0.0587306 -0.06052354 -0.06011471 -0.05864007 -0.058766834 -0.06102513
0.332 -0.05997438 -0.05810899 -0.05881854 -0.06058031 -0.060171355 -0.058713667 -0.058825523 -0.06107691
0.3325 -0.06003996 -0.0582135 -0.05890521 -0.06063635 -0.060227014 -0.058785826 -0.058883153 -0.061127797
0.333 -0.06010468 -0.05831632 -0.05899064 -0.06069167 -0.060281705 -0.058856614 -0.058939725 -0.06117781
0.3335 -0.06016855 -0.05841746 -0.05907485 -0.06074628 -0.060335446 -0.058926105 -0.0589953 -0.061226957
0.334 -0.06023157 -0.05851696 -0.05915785 -0.06080019 -0.06038825 -0.058994323 -0.05904986 -0.061275247
0.3345 -0.06029376 -0.05861485 -0.05923966 -0.06085341 -0.06044015 -0.05906117 -0.059103467 -0.0613227
0.335 -0.06035513 -0.05871116 -0.05932031 -0.06090596 -0.060491126 -0.0591268 -0.059156112 -0.061369304
0.3355 -0.06041569 -0.05880591 -0.05939979 -0.06095783 -0.06054122 -0.05919116 -0.059207812 -0.061415132
0.336 -0.06047545 -0.05889913 -0.05947814 -0.06100904 -0.060590442 -0.059254333 -0.059258595 -0.061460134
0.3365 -0.06053443 -0.05899084 -0.05955537 -0.06105959 -0.060638823 -0.05931633 -0.059308417 -0.06150441
0.337 -0.06059262 -0.05908109 -0.05963149 -0.0611095 -0.060686335 -0.059377156 -0.059357382 -0.061547868
0.3375 -0.06065005 -0.05916988 -0.05970652 -0.06115877 -0.060733028 -0.059436843 -0.059405454 -0.061590586
0.338 -0.06070672 -0.05925724 -0.05978049 -0.06120741 -0.06077889 -0.059495404 -0.05945269 -0.06163254
0.3385 -0.06076265 -0.05934321 -0.05985339 -0.06125543 -0.06082395 -0.059552863 -0.059499048 -0.061673746
0.339 -0.06081783 -0.0594278 -0.05992525 -0.06130283 -0.06086823 -0.059609234 -0.059544586 -0.061714265
0.3395 -0.0608723 -0.05951104 -0.05999609 -0.06134963 -0.06091173 -0.059664585 -0.05958929 -0.06175406
0.34 -0.06092604 -0.05959295 -0.06006591 -0.06139584 -0.060954455 -0.059718862 -0.059633225 -0.061793134
0.3405 -0.06097907 -0.05967355 -0.06013473 -0.06144145 -0.060996443 -0.05977218 -0.059676327 -0.061831545
0.341 -0.06103141 -0.05975287 -0.06020258 -0.06148648 -0.06103769 -0.05982446 -0.05971864 -0.061869316
0.3415 -0.06108306 -0.05983093 -0.06026945 -0.06153094 -0.061078217 -0.059875764 -0.059760243 -0.061906382
0.342 -0.06113403 -0.05990775 -0.06033537 -0.06157483 -0.061118014 -0.059926115 -0.059801057 -0.061942812
0.3425 -0.06118433 -0.05998335 -0.06040035 -0.06161816 -0.061157133 -0.05997552 -0.05984115 -0.0619786
0.343 -0.06123396 -0.06005776 -0.06046441 -0.06166094 -0.06119555 -0.060024016 -0.05988051 -0.062013764
0.3435 -0.06128295 -0.06013098 -0.06052755 -0.06170317 -0.06123329 -0.060071588 -0.059919134 -0.06204831
0.344 -0.06133129 -0.06020305 -0.06058979 -0.06174486 -0.06127036 -0.06011828 -0.059957124 -0.06208222
0.3445 -0.06137899 -0.06027399 -0.06065114 -0.06178603 -0.061306782 -0.0601641 -0.059994414 -0.062115554
0.345 -0.06142606 -0.0603438 -0.06071162 -0.06182667 -0.061342556 -0.06020908 -0.060031027 -0.062148288
0.3455 -0.06147252 -0.06041252 -0.06077124 -0.06186679 -0.061377697 -0.06025321 -0.060066976 -0.062180452
0.346 -0.06151837 -0.06048016 -0.06083001 -0.0619064 -0.06141222 -0.060296535 -0.06010226 -0.06221206
0.3465 -0.06156361 -0.06054674 -0.06088794 -0.0619455 -0.06144614 -0.06033902 -0.060136914 -0.062243097
0.347 -0.06160826 -0.06061227 -0.06094505 -0.06198411 -0.061479457 -0.06038072 -0.06017095 -0.062273588
0.3475 -0.06165232 -0.06067678 -0.06100134 -0.06202222 -0.061512172 -0.060421698 -0.06020437 -0.062303532
0.348 -0.06169581 -0.06074027 -0.06105684 -0.06205985 -0.06154431 -0.06046188 -0.060237177 -0.062332958
0.3485 -0.06173872 -0.06080278 -0.06111155 -0.06209701 -0.061575882 -0.06050133 -0.060269393 -0.06236186
0.349 -0.06178107 -0.06086431 -0.06116548 -0.06213368 -0.0616069 -0.060540035 -0.06030102 -0.062390245
0.3495 -0.06182286 -0.06092488 -0.06121864 -0.0621699 -0.06163736 -0.06057802 -0.06033209 -0.062418133
0.35 -0.06186411 -0.06098451 -0.06127105 -0.06220565 -0.061667282 -0.0606153 -0.060362585 -0.062445536
0.3505 -0.06190481 -0.06104322 -0.06132271 -0.06224094 -0.06169668 -0.06065189 -0.060392544 -0.062472448
0.351 -0.06194498 -0.06110101 -0.06137364 -0.06227579 -0.061725546 -0.06068781 -0.060421966 -0.062498875
0.3515 -0.06198462 -0.0611579 -0.06142385 -0.0623102 -0.06175389 -0.06072305 -0.060450852 -0.062524825
0.352 -0.06202375 -0.06121392 -0.06147334 -0.06234416 -0.06178174 -0.060757667 -0.060479224 -0.06255033
0.3525 -0.06206236 -0.06126907 -0.06152214 -0.0623777 -0.061809093 -0.06079162 -0.060507074 -0.06257537
0.353 -0.06210046 -0.06132336 -0.06157024 -0.06241081 -0.06183598 -0.060824946 -0.060534373 -0.06259998
0.3535 -0.06213806 -0.06137682 -0.06161766 -0.0624435 -0.06186235 -0.06085767 -0.060561225 -0.062624134
0.354 -0.06217517 -0.06142946 -0.06166441 -0.06247577 -0.06188828 -0.060889766 -0.060587578 -0.06264789
0.3545 -0.0622118 -0.06148128 -0.0617105 -0.06250763 -0.061913732 -0.06092129 -0.060613476 -0.06267118
0.355 -0.06224794 -0.06153231 -0.06175593 -0.06253909 -0.061938725 -0.060952224 -0.060638897 -0.06269406
0.3555 -0.06228361 -0.06158255 -0.06180072 -0.06257015 -0.06196329 -0.060982585 -0.060663834 -0.062716566
0.356 -0.06231882 -0.06163202 -0.06184488 -0.06260081 -0.061987396 -0.061012372 -0.060688354 -0.06273863
0.3565 -0.06235356 -0.06168074 -0.06188841 -0.06263109 -0.062011085 -0.061041646 -0.06071242 -0.06276032
0.357 -0.06238785 -0.06172871 -0.06193133 -0.06266098 -0.062034365 -0.06107036 -0.060736008 -0.06278167
0.3575 -0.06242169 -0.06177594 -0.06197364 -0.06269049 -0.0620572 -0.061098553 -0.06075923 -0.06280257
0.358 -0.06245508 -0.06182246 -0.06201535 -0.06271962 -0.06207965 -0.06112621 -0.060782008 -0.0628231
0.3585 -0.06248804 -0.06186826 -0.06205648 -0.06274839 -0.062101703 -0.061153337 -0.060804382 -0.06284329
0.359 -0.06252057 -0.06191337 -0.06209702 -0.06277679 -0.06212334 -0.06118001 -0.06082633 -0.06286313
0.3595 -0.06255267 -0.06195778 -0.06213699 -0.06280483 -0.062144596 -0.061206162 -0.06084788 -0.0628826
0.36 -0.06258435 -0.06200153 -0.0621764 -0.06283252 -0.062165476 -0.06123185 -0.060869053 -0.06290171
0.3605 -0.06261562 -0.06204461 -0.06221525 -0.06285985 -0.062185973 -0.06125707 -0.060889825 -0.062920496
0.361 -0.06264648 -0.06208703 -0.06225355 -0.06288684 -0.06220611 -0.061281793 -0.060910232 -0.06293893
0.3615 -0.06267693 -0.06212882 -0.06229132 -0.06291348 -0.062225882 -0.06130608 -0.060930274 -0.06295704
0.362 -0.06270699 -0.06216997 -0.06232855 -0.06293979 -0.06224531 -0.061329946 -0.06094996 -0.06297483
0.3625 -0.06273665 -0.0622105 -0.06236525 -0.06296576 -0.0622644 -0.061353296 -0.060969263 -0.06299232
0.363 -0.06276593 -0.06225041 -0.06240144 -0.06299141 -0.06228312 -0.061376326 -0.060988262 -0.063009456
0.3635 -0.06279482 -0.06228972 -0.06243712 -0.06301672 -0.062301513 -0.06139884 -0.061006866 -0.06302631
0.364 -0.06282334 -0.06232844 -0.0624723 -0.06304172 -0.062319573 -0.061421007 -0.061025172 -0.06304284
0.3645 -0.06285148 -0.06236658 -0.06250699 -0.0630664 -0.06233732 -0.061442718 -0.061043106 -0.063059114
0.365 -0.06287926 -0.06240415 -0.06254118 -0.06309077 -0.06235475 -0.06146405 -0.06106071 -0.06307509
0.3655 -0.06290667 -0.06244114 -0.0625749 -0.06311483 -0.06237186 -0.061484993 -0.061078034 -0.06309074
0.366 -0.06293372 -0.06247759 -0.06260814 -0.06313859 -0.06238867 -0.06150554 -0.061095014 -0.06310615
0.3665 -0.06296043 -0.06251349 -0.06264091 -0.06316204 -0.062405158 -0.061525717 -0.06111172 -0.06312126
0.367 -0.06298678 -0.06254884 -0.06267323 -0.0631852 -0.062421363 -0.061545506 -0.06112811 -0.06313609
0.3675 -0.06301279 -0.06258367 -0.06270509 -0.06320806 -0.06243728 -0.061564974 -0.06114418 -0.06315068
0.368 -0.06303846 -0.06261798 -0.0627365 -0.06323063 -0.06245293 -0.061584048 -0.061159953 -0.06316502
0.3685 -0.0630638 -0.06265178 -0.06276747 -0.06325292 -0.062468264 -0.06160278 -0.06117548 -0.06317905
0.369 -0.0630888 -0.06268507 -0.06279801 -0.06327493 -0.062483337 -0.061621167 -0.06119071 -0.06319287
0.3695 -0.06311348 -0.06271787 -0.06282812 -0.06329665 -0.06249814 -0.061639227 -0.061205678 -0.06320641
0.37 -0.06313784 -0.06275018 -0.06285781 -0.0633181 -0.06251266 -0.061656944 -0.061220348 -0.063219726
0.3705 -0.06316188 -0.062782 -0.06288708 -0.06333928 -0.06252693 -0.061674356 -0.061234735 -0.06323281
0.371 -0.0631856 -0.06281336 -0.06291594 -0.0633602 -0.06254095 -0.061691433 -0.06124887 -0.06324567
0.3715 -0.06320902 -0.06284425 -0.0629444 -0.06338084 -0.06255472 -0.06170822 -0.06126277 -0.063258275
0.372 -0.06323213 -0.06287468 -0.06297246 -0.06340123 -0.06256823 -0.061724648 -0.06127642 -0.06327065
0.3725 -0.06325494 -0.06290465 -0.06300013 -0.06342136 -0.06258151 -0.061740816 -0.061289802 -0.06328282
0.373 -0.06327745 -0.06293419 -0.06302741 -0.06344123 -0.06259454 -0.061756656 -0.061302945 -0.06329475
0.3735 -0.06329967 -0.06296329 -0.06305431 -0.06346085 -0.06260734 -0.061772235 -0.061315864 -0.06330648
0.374 -0.0633216 -0.06299196 -0.06308084 -0.06348023 -0.06261991 -0.061787516 -0.061328523 -0.063318
0.3745 -0.06334325 -0.0630202 -0.06310699 -0.06349936 -0.06263225 -0.061802536 -0.061341003 -0.0633293
0.375 -0.06336461 -0.06304803 -0.06313278 -0.06351824 -0.06264435 -0.061817266 -0.06135323 -0.06334039
0.3755 -0.0633857 -0.06307545 -0.0631582 -0.06353689 -0.06265626 -0.061831728 -0.061365187 -0.063351326
0.376 -0.06340651 -0.06310246 -0.06318328 -0.0635553 -0.062667966 -0.061845914 -0.06137699 -0.06336203
0.3765 -0.06342705 -0.06312908 -0.063208 -0.06357348 -0.062679425 -0.061859854 -0.061388537 -0.06337254
0.377 -0.06344732 -0.0631553 -0.06323238 -0.06359143 -0.062690705 -0.061873533 -0.061399885 -0.06338288
0.3775 -0.06346733 -0.06318115 -0.06325642 -0.06360916 -0.06270178 -0.061886966 -0.061411053 -0.06339301
0.378 -0.06348707 -0.06320661 -0.06328012 -0.06362665 -0.06271263 -0.06190017 -0.061421998 -0.06340296
0.3785 -0.06350657 -0.0632317 -0.0633035 -0.06364393 -0.06272331 -0.06191308 -0.06143274 -0.06341275
0.379 -0.0635258 -0.06325642 -0.06332655 -0.06366099 -0.062733784 -0.06192582 -0.0614433 -0.06342233
0.3795 -0.06354479 -0.06328078 -0.06334927 -0.06367783 -0.062744066 -0.061938316 -0.061453655 -0.06343175
0.38 -0.06356353 -0.06330478 -0.06337169 -0.06369447 -0.062754184 -0.06195052 -0.061463803 -0.06344104
0.3805 -0.06358203 -0.06332843 -0.06339379 -0.06371089 -0.06276409 -0.061962567 -0.0614738 -0.06345011
0.381 -0.06360029 -0.06335174 -0.06341558 -0.0637271 -0.06277385 -0.06197433 -0.0614836 -0.06345904
0.3815 -0.06361831 -0.06337471 -0.06343707 -0.06374311 -0.06278341 -0.061985955 -0.061493225 -0.0634678
0.382 -0.06363609 -0.06339734 -0.06345826 -0.06375891 -0.06279281 -0.061997317 -0.061502673 -0.06347642
0.3825 -0.06365365 -0.06341965 -0.06347916 -0.06377452 -0.062802 -0.0620085 -0.06151198 -0.06348483
0.383 -0.06367097 -0.06344163 -0.06349976 -0.06378993 -0.06281108 -0.062019445 -0.061521053 -0.06349318
0.3835 -0.06368807 -0.06346329 -0.06352008 -0.06380514 -0.062819965 -0.062030233 -0.061530016 -0.06350132
0.384 -0.06370495 -0.06348463 -0.06354012 -0.06382017 -0.06282869 -0.06204079 -0.06153877 -0.06350932
0.3845 -0.06372161 -0.06350567 -0.06355989 -0.063835 -0.06283729 -0.06205117 -0.0615474 -0.06351717
0.385 -0.06373806 -0.0635264 -0.06357937 -0.06384964 -0.06284569 -0.062061362 -0.061555862 -0.063524894
0.3855 -0.06375429 -0.06354683 -0.06359859 -0.06386411 -0.06285397 -0.06207134 -0.06156417 -0.06353246
0.386 -0.06377031 -0.06356697 -0.06361754 -0.06387838 -0.062862076 -0.062081166 -0.061572343 -0.0635399
0.3865 -0.06378612 -0.06358681 -0.06363623 -0.06389248 -0.06287004 -0.062090836 -0.06158033 -0.063547224
0.387 -0.06380173 -0.06360637 -0.06365466 -0.0639064 -0.06287786 -0.06210026 -0.061588213 -0.06355437
0.3875 -0.06381713 -0.06362565 -0.06367283 -0.06392015 -0.06288555 -0.06210959 -0.0615959 -0.06356144
0.388 -0.06383233 -0.06364464 -0.06369076 -0.06393372 -0.06289309 -0.062118687 -0.06160351 -0.063568324
0.3885 -0.06384734 -0.06366337 -0.06370843 -0.06394712 -0.06290048 -0.062127635 -0.061610952 -0.063575104
0.389 -0.06386215 -0.06368182 -0.06372586 -0.06396035 -0.06290778 -0.062136404 -0.061618254 -0.063581795
0.3895 -0.06387678 -0.06370001 -0.06374306 -0.06397341 -0.06291492 -0.062145047 -0.06162542 -0.06358835
0.39 -0.06389121 -0.06371794 -0.06376001 -0.06398631 -0.062921934 -0.06215351 -0.06163247 -0.06359475
0.3905 -0.06390545 -0.06373561 -0.06377673 -0.06399904 -0.062928826 -0.062161848 -0.0616394 -0.06360107
0.391 -0.06391951 -0.06375303 -0.06379322 -0.06401162 -0.06293558 -0.062170014 -0.061646193 -0.063607275
0.3915 -0.06393339 -0.06377019 -0.06380948 -0.06402404 -0.06294222 -0.062177993 -0.061652847 -0.06361336
0.392 -0.06394708 -0.06378711 -0.06382551 -0.0640363 -0.06294875 -0.062185884 -0.06165938 -0.063619345
0.3925 -0.0639606 -0.06380379 -0.06384133 -0.0640484 -0.06295517 -0.062193595 -0.06166581 -0.06362523
0.393 -0.06397395 -0.06382023 -0.06385693 -0.06406035 -0.06296144 -0.062201187 -0.06167212 -0.06363098
0.3935 -0.06398712 -0.06383644 -0.06387231 -0.06407216 -0.06296761 -0.062208608 -0.061678305 -0.06363664
0.394 -0.06400012 -0.06385241 -0.06388748 -0.06408381 -0.06297368 -0.062215924 -0.0616844 -0.0636422
0.3945 -0.06401296 -0.06386816 -0.06390244 -0.06409532 -0.06297962 -0.062223077 -0.061690375 -0.06364764
0.395 -0.06402562 -0.06388368 -0.0639172 -0.06410668 -0.06298547 -0.062230147 -0.06169624 -0.063652985
0.3955 -0.06403813 -0.06389898 -0.06393175 -0.06411789 -0.0629912 -0.06223707 -0.061701998 -0.06365824
0.396 -0.06405047 -0.06391406 -0.0639461 -0.06412897 -0.062996835 -0.06224385 -0.061707646 -0.0636634
0.3965 -0.06406265 -0.06392893 -0.06396026 -0.06413991 -0.06300237 -0.06225054 -0.06171318 -0.063668475
0.397 -0.06407467 -0.06394358 -0.06397422 -0.06415071 -0.0630078 -0.062257066 -0.061718643 -0.06367345
0.3975 -0.06408654 -0.06395803 -0.06398799 -0.06416137 -0.06301314 -0.062263496 -0.061723992 -0.06367834
0.398 -0.06409826 -0.06397227 -0.06400157 -0.0641719 -0.063018374 -0.062269807 -0.061729237 -0.06368314
0.3985 -0.06410982 -0.06398631 -0.06401496 -0.06418229 -0.06302352 -0.062276 -0.061734363 -0.06368788
0.399 -0.06412123 -0.06400015 -0.06402817 -0.06419256 -0.06302856 -0.062282093 -0.061739437 -0.06369249
0.3995 -0.0641325 -0.0640138 -0.0640412 -0.0642027 -0.063033536 -0.06228804 -0.061744407 -0.06369704
0.4 -0.06414362 -0.06402725 -0.06405405 -0.0642127 -0.06303838 -0.06229394 -0.0617493 -0.06370149
0.4005 -0.0641546 -0.06404051 -0.06406673 -0.06422258 -0.06304316 -0.06229966 -0.061754078 -0.06370588
0.401 -0.06416543 -0.06405359 -0.06407923 -0.06423234 -0.06304785 -0.062305316 -0.06175878 -0.06371017
0.4015 -0.06417613 -0.06406648 -0.06409156 -0.06424198 -0.06305245 -0.062310867 -0.061763383 -0.0637144
0.402 -0.06418668 -0.06407918 -0.06410372 -0.06425149 -0.063057 -0.0623163 -0.061767936 -0.06371855
0.4025 -0.0641971 -0.06409171 -0.06411571 -0.06426088 -0.06306143 -0.06232164 -0.0617724 -0.0637226
0.403 -0.06420739 -0.06410406 -0.06412754 -0.06427016 -0.0630658 -0.0623269 -0.061776757 -0.06372661
0.4035 -0.06421754 -0.06411624 -0.06413921 -0.06427932 -0.06307007 -0.06233205 -0.061781056 -0.063730545
0.404 -0.06422756 -0.06412824 -0.06415072 -0.06428836 -0.06307429 -0.062337108 -0.06178526 -0.0637344
0.4045 -0.06423746 -0.06414008 -0.06416207 -0.06429729 -0.06307841 -0.06234207 -0.0617894 -0.06373816
0.405 -0.06424722 -0.06415175 -0.06417326 -0.0643061 -0.06308247 -0.062346943 -0.061793454 -0.0637419
0.4055 -0.06425686 -0.06416326 -0.06418431 -0.06431481 -0.063086435 -0.06235175 -0.06179744 -0.06374553
0.406 -0.06426637 -0.0641746 -0.0641952 -0.06432341 -0.063090354 -0.06235645 -0.06180136 -0.06374912
0.4065 -0.06427576 -0.06418579 -0.06420594 -0.06433189 -0.063094184 -0.062361054 -0.061805196 -0.06375262
0.407 -0.06428503 -0.06419682 -0.06421654 -0.06434027 -0.063097954 -0.06236559 -0.061808966 -0.0637561
0.4075 -0.06429418 -0.06420769 -0.06422699 -0.06434855 -0.06310165 -0.06237004 -0.06181267 -0.063759476
0.408 -0.06430322 -0.06421841 -0.0642373 -0.06435672 -0.06310527 -0.06237442 -0.06181629 -0.06376281
0.4085 -0.06431213 -0.06422899 -0.06424747 -0.06436479 -0.06310884 -0.062378712 -0.06181986 -0.06376607
0.409 -0.06432093 -0.06423941 -0.0642575 -0.06437276 -0.06311235 -0.06238293 -0.061823368 -0.063769296
0.4095 -0.06432962 -0.06424969 -0.0642674 -0.06438062 -0.063115776 -0.062387064 -0.061826795 -0.06377245
0.41 -0.0643382 -0.06425982 -0.06427716 -0.06438839 -0.06311916 -0.062391102 -0.06183017 -0.06377554
0.4105 -0.06434666 -0.06426982 -0.06428678 -0.06439606 -0.063122466 -0.06239509 -0.061833493 -0.06377855
0.411 -0.06435502 -0.06427967 -0.06429628 -0.06440363 -0.063125715 -0.062399007 -0.061836757 -0.063781545
0.4115 -0.06436327 -0.06428939 -0.06430564 -0.06441111 -0.0631289 -0.06240286 -0.061839953 -0.06378448
0.412 -0.06437141 -0.06429897 -0.06431488 -0.06441849 -0.06313205 -0.062406637 -0.061843105 -0.06378735
0.4125 -0.06437944 -0.06430842 -0.064324 -0.06442579 -0.06313513 -0.062410295 -0.061846167 -0.06379018
0.413 -0.06438738 -0.06431773 -0.06433299 -0.06443298 -0.06313814 -0.062413953 -0.061849207 -0.06379294
0.4135 -0.06439521 -0.06432692 -0.06434185 -0.06444009 -0.06314112 -0.062417507 -0.061852165 -0.06379567
0.414 -0.06440294 -0.06433598 -0.0643506 -0.06444711 -0.06314404 -0.062421016 -0.061855085 -0.06379836
0.4145 -0.06441057 -0.06434491 -0.06435923 -0.06445404 -0.063146904 -0.06242445 -0.06185794 -0.06380098
0.415 -0.0644181 -0.06435372 -0.06436774 -0.06446089 -0.063149706 -0.06242785 -0.061860763 -0.06380353
0.4155 -0.06442554 -0.06436241 -0.06437614 -0.06446764 -0.06315248 -0.06243118 -0.061863527 -0.06380608
0.416 -0.06443288 -0.06437097 -0.06438442 -0.06447432 -0.06315519 -0.06243442 -0.061866216 -0.06380858
0.4165 -0.06444012 -0.06437942 -0.06439259 -0.06448091 -0.06315784 -0.062437586 -0.061868876 -0.063811
0.417 -0.06444727 -0.06438775 -0.06440065 -0.06448741 -0.06316046 -0.062440753 -0.061871506 -0.06381339
0.4175 -0.06445433 -0.06439597 -0.0644086 -0.06449384 -0.06316303 -0.062443815 -0.06187404 -0.06381575
0.418 -0.0644613 -0.06440407 -0.06441644 -0.06450018 -0.063165545 -0.06244684 -0.061876558 -0.06381805
0.4185 -0.06446818 -0.06441206 -0.06442418 -0.06450644 -0.06316802 -0.062449813 -0.06187903 -0.06382032
0.419 -0.06447497 -0.06441994 -0.06443181 -0.06451263 -0.06317043 -0.062452734 -0.06188146 -0.063822545
0.4195 -0.06448167 -0.06442771 -0.06443934 -0.06451874 -0.0631728 -0.062455587 -0.06188386 -0.06382472
0.42 -0.06448829 -0.06443537 -0.06444676 -0.06452477 -0.06317516 -0.062458396 -0.061886184 -0.06382687
0.4205 -0.06449482 -0.06444293 -0.06445409 -0.06453072 -0.06317744 -0.062461182 -0.0618885 -0.06382896
0.421 -0.06450127 -0.06445038 -0.06446132 -0.0645366 -0.06317972 -0.062463857 -0.06189073 -0.06383107
0.4215 -0.06450764 -0.06445773 -0.06446845 -0.06454241 -0.063181914 -0.06246654 -0.061892956 -0.06383308
0.422 -0.06451392 -0.06446498 -0.06447548 -0.06454814 -0.063184105 -0.062469125 -0.061895117 -0.0638351
0.4225 -0.06452012 -0.06447213 -0.06448242 -0.0645538 -0.06318623 -0.062471695 -0.06189727 -0.06383703
0.423 -0.06452625 -0.06447918 -0.06448926 -0.06455939 -0.063188314 -0.06247423 -0.061899386 -0.063838944
0.4235 -0.06453229 -0.06448613 -0.06449601 -0.06456491 -0.063190386 -0.062476665 -0.061901428 -0.06384083
0.424 -0.06453826 -0.06449299 -0.06450267 -0.06457036 -0.06319241 -0.062479094 -0.061903425 -0.06384269
0.4245 -0.06454415 -0.06449976 -0.06450925 -0.06457574 -0.06319438 -0.062481485 -0.061905444 -0.06384449
0.425 -0.06454996 -0.06450643 -0.06451573 -0.06458106 -0.06319633 -0.062483802 -0.06190738 -0.06384626
0.4255 -0.0645557 -0.06451301 -0.06452212 -0.0645863 -0.06319825 -0.06248612 -0.061909273 -0.06384807
0.426 -0.06456136 -0.0645195 -0.06452843 -0.06459148 -0.063200146 -0.06248837 -0.06191115 -0.063849784
0.4265 -0.06456696 -0.0645259 -0.06453466 -0.0645966 -0.06320197 -0.06249059 -0.061913013 -0.063851446
0.427 -0.06457248 -0.06453221 -0.0645408 -0.06460165 -0.06320378 -0.06249275 -0.061914824 -0.0638531
0.4275 -0.06457793 -0.06453844 -0.06454686 -0.06460664 -0.06320554 -0.062494896 -0.061916597 -0.063854724
0.428 -0.06458331 -0.06454458 -0.06455283 -0.06461157 -0.063207306 -0.06249699 -0.061918333 -0.06385638
0.4285 -0.06458862 -0.06455064 -0.06455873 -0.06461643 -0.06320901 -0.06249906 -0.061920047 -0.06385792
0.429 -0.06459386 -0.06455662 -0.06456454 -0.06462123 -0.06321069 -0.062501065 -0.061921716 -0.06385946
0.4295 -0.06459904 -0.06456251 -0.06457028 -0.06462598 -0.06321234 -0.062503085 -0.061923385 -0.06386095
0.43 -0.06460415 -0.06456832 -0.06457594 -0.06463066 -0.06321396 -0.062505 -0.061925 -0.06386245
0.4305 -0.06460919 -0.06457406 -0.06458153 -0.06463528 -0.063215554 -0.06250692 -0.061926574 -0.063863926
0.431 -0.06461417 -0.06457971 -0.06458704 -0.06463985 -0.06321712 -0.06250877 -0.061928138 -0.063865334
0.4315 -0.06461908 -0.06458529 -0.06459248 -0.06464436 -0.06321866 -0.06251062 -0.061929666 -0.06386675
0.432 -0.06462394 -0.06459079 -0.06459784 -0.06464881 -0.063220166 -0.06251241 -0.061931185 -0.06386813
0.4325 -0.06462873 -0.06459622 -0.06460313 -0.06465321 -0.06322163 -0.062514216 -0.061932683 -0.06386948
0.433 -0.06463345 -0.06460157 -0.06460835 -0.06465755 -0.063223094 -0.06251596 -0.061934136 -0.06387081
0.4335 -0.06463812 -0.06460685 -0.0646135 -0.06466184 -0.063224524 -0.06251766 -0.061935544 -0.06387213
0.434 -0.06464273 -0.06461206 -0.06461859 -0.06466607 -0.06322591 -0.06251936 -0.061936945 -0.0638734
0.4345 -0.06464728 -0.0646172 -0.0646236 -0.06467025 -0.06322728 -0.06252101 -0.0619383 -0.06387467
0.435 -0.06465177 -0.06462227 -0.06462855 -0.06467438 -0.063228644 -0.062522635 -0.061939634 -0.063875936
0.4355 -0.0646562 -0.06462727 -0.06463343 -0.06467845 -0.06322995 -0.06252419 -0.06194099 -0.06387711
0.436 -0.06466058 -0.0646322 -0.06463824 -0.06468248 -0.06323127 -0.06252577 -0.06194228 -0.063878335
0.4365 -0.0646649 -0.06463706 -0.06464299 -0.06468645 -0.06323255 -0.06252729 -0.061943553 -0.063879475
0.437 -0.06466916 -0.06464186 -0.06464768 -0.06469037 -0.06323379 -0.06252879 -0.06194482 -0.063880615
0.4375 -0.06467337 -0.06464659 -0.0646523 -0.06469425 -0.06323503 -0.062530264 -0.06194605 -0.06388174
0.438 -0.06467753 -0.06465126 -0.06465686 -0.06469807 -0.06323622 -0.062531754 -0.06194727 -0.06388284
0.4385 -0.06468163 -0.06465587 -0.06466137 -0.06470185 -0.06323744 -0.06253316 -0.06194842 -0.063883975
0.439 -0.06468568 -0.06466041 -0.06466581 -0.06470558 -0.06323859 -0.062534556 -0.06194958 -0.06388503
0.4395 -0.06468968 -0.0646649 -0.06467019 -0.06470927 -0.06323974 -0.062535934 -0.06195073 -0.063886076
0.44 -0.06469363 -0.06466932 -0.06467451 -0.0647129 -0.06324085 -0.062537275 -0.06195183 -0.0638871
0.4405 -0.06469752 -0.06467368 -0.06467878 -0.0647165 -0.06324196 -0.06253858 -0.06195294 -0.063888125
0.441 -0.06470137 -0.06467798 -0.06468299 -0.06472004 -0.06324304 -0.06253989 -0.06195403 -0.06388911
0.4415 -0.06470517 -0.06468223 -0.06468714 -0.06472355 -0.06324409 -0.0625412 -0.061955072 -0.06389008
0.442 -0.06470892 -0.06468641 -0.06469124 -0.064727 -0.06324514 -0.06254244 -0.061956108 -0.063891046
0.4425 -0.06471262 -0.06469055 -0.06469528 -0.06473042 -0.063246176 -0.06254365 -0.061957136 -0.06389199
0.443 -0.06471627 -0.06469462 -0.06469927 -0.06473379 -0.06324719 -0.06254485 -0.061958157 -0.063892916
0.4435 -0.06471988 -0.06469864 -0.0647032 -0.06473712 -0.063248165 -0.06254606 -0.06195917 -0.0638938
0.444 -0.06472344 -0.06470261 -0.06470709 -0.06474041 -0.06324914 -0.06254722 -0.06196011 -0.0638947
0.4445 -0.06472695 -0.06470652 -0.06471092 -0.06474366 -0.063250095 -0.06254836 -0.061961077 -0.063895576
0.445 -0.06473042 -0.06471038 -0.0647147 -0.06474686 -0.063251026 -0.06254948 -0.061962 -0.063896425
0.4455 -0.06473385 -0.06471419 -0.06471843 -0.06475003 -0.06325195 -0.0625506 -0.061962925 -0.06389728
0.446 -0.06473723 -0.06471795 -0.06472211 -0.06475316 -0.06325285 -0.06255166 -0.061963804 -0.063898094
0.4465 -0.06474057 -0.06472165 -0.06472574 -0.06475624 -0.063253745 -0.062552705 -0.061964713 -0.063898936
0.447 -0.06474387 -0.06472531 -0.06472933 -0.06475929 -0.063254595 -0.062553756 -0.061965585 -0.0638997
0.4475 -0.06474712 -0.06472892 -0.06473286 -0.0647623 -0.063255444 -0.06255477 -0.06196641 -0.0639005
0.448 -0.06475033 -0.06473248 -0.06473635 -0.06476527 -0.06325631 -0.06255577 -0.06196726 -0.063901275
0.4485 -0.0647535 -0.06473599 -0.06473979 -0.06476821 -0.06325711 -0.06255677 -0.061968066 -0.06390202
0.449 -0.06475663 -0.06473945 -0.06474319 -0.06477111 -0.06325793 -0.06255775 -0.061968885 -0.06390275
0.4495 -0.06475972 -0.06474287 -0.06474654 -0.06477397 -0.06325872 -0.06255869 -0.061969668 -0.06390349
0.45 -0.06476277 -0.06474624 -0.06474985 -0.0647768 -0.063259505 -0.06255962 -0.06197045 -0.063904196
0.4505 -0.06476579 -0.06474957 -0.06475311 -0.06477959 -0.06326026 -0.06256053 -0.061971217 -0.0639049
0.451 -0.06476876 -0.06475285 -0.06475633 -0.06478234 -0.06326102 -0.06256144 -0.061971948 -0.06390559
0.4515 -0.0647717 -0.06475609 -0.06475951 -0.06478506 -0.06326175 -0.06256233 -0.061972678 -0.063906275
0.452 -0.06477459 -0.06475928 -0.06476264 -0.06478775 -0.06326248 -0.0625632 -0.061973408 -0.06390693
0.4525 -0.06477746 -0.06476244 -0.06476574 -0.0647904 -0.06326318 -0.06256404 -0.061974116 -0.06390756
0.453 -0.06478028 -0.06476555 -0.06476879 -0.06479302 -0.06326388 -0.06256488 -0.06197481 -0.06390823
0.4535 -0.06478307 -0.06476861 -0.0647718 -0.06479561 -0.06326457 -0.0625657 -0.061975494 -0.063908845
0.454 -0.06478582 -0.06477164 -0.06477477 -0.06479817 -0.063265234 -0.062566504 -0.061976157 -0.06390946
0.4545 -0.06478854 -0.06477463 -0.06477771 -0.06480069 -0.063265905 -0.062567316 -0.061976835 -0.063910075
0.455 -0.06479122 -0.06477758 -0.0647806 -0.06480318 -0.06326655 -0.062568076 -0.061977476 -0.06391068
0.4555 -0.06479387 -0.06478048 -0.06478346 -0.06480564 -0.06326718 -0.06256882 -0.061978117 -0.06391122
0.456 -0.06479649 -0.06478335 -0.06478627 -0.06480807 -0.06326781 -0.06256958 -0.061978742 -0.063911825
0.4565 -0.06479907 -0.06478618 -0.06478905 -0.06481047 -0.06326841 -0.062570326 -0.061979376 -0.063912354
0.457 -0.06480162 -0.06478898 -0.0647918 -0.06481284 -0.06326903 -0.06257105 -0.061979964 -0.063912936
0.4575 -0.06480413 -0.06479173 -0.06479451 -0.06481518 -0.063269615 -0.06257174 -0.061980538 -0.06391349
0.458 -0.06480662 -0.06479445 -0.06479718 -0.06481749 -0.06327019 -0.06257245 -0.061981134 -0.06391401
0.4585 -0.06480907 -0.06479713 -0.06479981 -0.06481977 -0.06327076 -0.06257313 -0.061981693 -0.06391453
0.459 -0.06481149 -0.06479978 -0.06480242 -0.06482202 -0.06327133 -0.06257379 -0.061982237 -0.06391505
0.4595 -0.06481388 -0.06480239 -0.06480498 -0.06482424 -0.06327188 -0.062574446 -0.061982796 -0.06391554
0.46 -0.06481624 -0.06480497 -0.06480752 -0.06482644 -0.06327242 -0.06257507 -0.061983332 -0.063916035
0.4605 -0.06481857 -0.06480751 -0.06481002 -0.06482861 -0.06327295 -0.062575705 -0.06198386 -0.063916534
0.461 -0.06482087 -0.06481002 -0.06481248 -0.06483075 -0.06327346 -0.062576346 -0.06198439 -0.06391698
0.4615 -0.06482314 -0.0648125 -0.06481492 -0.06483286 -0.06327398 -0.06257696 -0.06198488 -0.06391748
0.462 -0.06482538 -0.06481494 -0.06481732 -0.06483495 -0.06327446 -0.062577575 -0.06198541 -0.06391792
0.4625 -0.06482759 -0.06481735 -0.06481969 -0.06483701 -0.06327497 -0.06257816 -0.061985888 -0.06391838
0.463 -0.06482978 -0.06481973 -0.06482203 -0.06483905 -0.06327544 -0.06257875 -0.061986364 -0.063918814
0.4635 -0.06483194 -0.06482208 -0.06482434 -0.06484106 -0.06327592 -0.06257932 -0.061986826 -0.063919246
0.464 -0.06483407 -0.06482439 -0.06482662 -0.06484305 -0.0632764 -0.06257986 -0.061987303 -0.063919686
0.4645 -0.06483617 -0.06482668 -0.06482887 -0.06484501 -0.06327684 -0.06258041 -0.06198775 -0.063920096
0.465 -0.06483824 -0.06482893 -0.06483109 -0.06484694 -0.06327729 -0.062580965 -0.061988197 -0.063920505
0.4655 -0.06484029 -0.06483116 -0.06483328 -0.06484886 -0.06327774 -0.062581465 -0.061988644 -0.063920915
0.466 -0.06484232 -0.06483335 -0.06483544 -0.06485074 -0.06327815 -0.062582 -0.06198906 -0.06392131
0.4665 -0.06484431 -0.06483552 -0.06483757 -0.06485261 -0.063278586 -0.0625825 -0.061989494 -0.06392169
0.467 -0.06484628 -0.06483766 -0.06483967 -0.06485445 -0.06327901 -0.062583 -0.061989896 -0.06392209
0.4675 -0.06484823 -0.06483976 -0.06484175 -0.06485627 -0.063279405 -0.06258353 -0.061990306 -0.063922465
0.468 -0.06485015 -0.06484185 -0.0648438 -0.06485806 -0.06327982 -0.06258398 -0.061990708 -0.06392283
0.4685 -0.06485205 -0.0648439 -0.06484582 -0.06485984 -0.0632802 -0.06258444 -0.06199111 -0.06392319
0.469 -0.06485392 -0.06484593 -0.06484782 -0.06486159 -0.0632806 -0.06258491 -0.061991505 -0.06392356
0.4695 -0.06485577 -0.06484793 -0.06484979 -0.06486331 -0.06328099 -0.062585354 -0.061991863 -0.06392391
0.47 -0.0648576 -0.0648499 -0.06485173 -0.06486502 -0.06328136 -0.06258582 -0.061992235 -0.06392424
0.4705 -0.0648594 -0.06485185 -0.06485365 -0.06486671 -0.06328173 -0.06258625 -0.0619926 -0.063924596
0.471 -0.06486118 -0.06485377 -0.06485554 -0.06486837 -0.06328209 -0.062586665 -0.06199296 -0.063924916
0.4715 -0.06486294 -0.06485567 -0.06485741 -0.06487002 -0.06328243 -0.0625871 -0.061993293 -0.063925244
0.472 -0.06486467 -0.06485754 -0.06485925 -0.06487164 -0.06328279 -0.062587515 -0.061993666 -0.06392556
0.4725 -0.06486638 -0.06485938 -0.06486107 -0.06487324 -0.06328313 -0.062587924 -0.061994 -0.06392587
0.473 -0.06486808 -0.06486121 -0.06486287 -0.06487482 -0.06328346 -0.06258832 -0.06199432 -0.06392619
0.4735 -0.06486974 -0.064863 -0.06486464 -0.06487639 -0.063283786 -0.06258873 -0.061994627 -0.06392649
0.474 -0.06487139 -0.06486478 -0.06486639 -0.06487793 -0.06328411 -0.06258911 -0.061994962 -0.063926786
0.4745 -0.06487302 -0.06486653 -0.06486811 -0.06487945 -0.06328443 -0.06258948 -0.06199529 -0.06392706
0.475 -0.06487463 -0.06486826 -0.06486982 -0.06488096 -0.06328474 -0.06258986 -0.06199559 -0.06392737
0.4755 -0.06487621 -0.06486996 -0.0648715 -0.06488245 -0.06328504 -0.06259024 -0.061995916 -0.06392762
0.476 -0.06487778 -0.06487165 -0.06487316 -0.06488391 -0.06328535 -0.062590584 -0.061996184 -0.06392791
0.4765 -0.06487932 -0.06487331 -0.0648748 -0.06488536 -0.06328564 -0.06259095 -0.061996505 -0.06392818
0.477 -0.06488085 -0.06487495 -0.06487641 -0.06488679 -0.06328593 -0.06259129 -0.061996788 -0.06392843
0.4775 -0.06488236 -0.06487656 -0.06487801 -0.06488821 -0.06328622 -0.06259161 -0.06199708 -0.06392871
0.478 -0.06488384 -0.06487816 -0.06487958 -0.0648896 -0.0632865 -0.06259193 -0.06199734 -0.06392895
0.4785 -0.06488531 -0.06487974 -0.06488113 -0.06489098 -0.06328677 -0.06259228 -0.061997622 -0.06392918
0.479 -0.06488676 -0.06488129 -0.06488267 -0.06489234 -0.063287035 -0.06259262 -0.06199789 -0.06392944
0.4795 -0.06488819 -0.06488282 -0.06488418 -0.06489368 -0.06328729 -0.06259294 -0.061998166 -0.06392968
0.48 -0.06488961 -0.06488434 -0.06488567 -0.06489501 -0.06328754 -0.06259326 -0.061998397 -0.06392991
0.4805 -0.064891 -0.06488583 -0.06488715 -0.06489632 -0.0632878 -0.06259354 -0.06199865 -0.063930154
0.481 -0.06489238 -0.06488731 -0.0648886 -0.06489762 -0.06328806 -0.06259385 -0.06199888 -0.0639304
0.4815 -0.06489374 -0.06488876 -0.06489004 -0.06489889 -0.063288294 -0.06259414 -0.06199915 -0.0639306
0.482 -0.06489508 -0.0648902 -0.06489145 -0.06490016 -0.06328855 -0.06259443 -0.061999395 -0.06393083
0.4825 -0.06489641 -0.06489162 -0.06489285 -0.0649014 -0.063288786 -0.062594704 -0.06199961 -0.06393106
0.483 -0.06489772 -0.06489301 -0.06489423 -0.06490263 -0.063289 -0.06259502 -0.061999865 -0.06393125
0.4835 -0.06489901 -0.06489439 -0.06489559 -0.06490385 -0.06328924 -0.062595256 -0.06200009 -0.06393149
0.484 -0.06490029 -0.06489576 -0.06489694 -0.06490505 -0.06328947 -0.0625955 -0.062000304 -0.063931696
0.4845 -0.06490155 -0.0648971 -0.06489826 -0.06490623 -0.06328969 -0.06259576 -0.062000543 -0.06393189
0.485 -0.06490279 -0.06489843 -0.06489957 -0.0649074 -0.06328989 -0.062596045 -0.06200079 -0.063932054
0.4855 -0.06490402 -0.06489974 -0.06490086 -0.06490856 -0.063290134 -0.06259627 -0.062000968 -0.06393229
0.486 -0.06490523 -0.06490103 -0.06490214 -0.0649097 -0.06329033 -0.062596515 -0.062001184 -0.063932486
0.4865 -0.06490643 -0.0649023 -0.0649034 -0.06491082 -0.06329052 -0.062596805 -0.062001407 -0.06393265
0.487 -0.06490761 -0.06490356 -0.06490464 -0.06491194 -0.06329073 -0.06259703 -0.062001586 -0.06393285
0.4875 -0.06490878 -0.06490481 -0.06490587 -0.06491304 -0.063290924 -0.062597275 -0.062001772 -0.063933015
0.488 -0.06490993 -0.06490603 -0.06490708 -0.06491412 -0.06329113 -0.06259748 -0.06200196 -0.0639332
0.4885 -0.06491107 -0.06490724 -0.06490827 -0.06491519 -0.06329131 -0.06259772 -0.062002152 -0.06393337
0.489 -0.06491219 -0.06490844 -0.06490945 -0.06491625 -0.0632915 -0.06259793 -0.062002353 -0.063933544
0.4895 -0.0649133 -0.06490961 -0.06491061 -0.0649173 -0.06329168 -0.06259816 -0.062002525 -0.063933685
0.49 -0.06491439 -0.06491078 -0.06491176 -0.06491833 -0.06329185 -0.06259838 -0.06200269 -0.063933864
0.4905 -0.06491547 -0.06491193 -0.0649129 -0.06491935 -0.06329203 -0.06259858 -0.062002875 -0.06393403
0.491 -0.06491654 -0.06491306 -0.06491401 -0.06492035 -0.0632922 -0.062598795 -0.062003054 -0.063934185
0.4915 -0.06491759 -0.06491418 -0.06491512 -0.06492135 -0.06329236 -0.06259901 -0.062003225 -0.06393433
0.492 -0.06491863 -0.06491528 -0.06491621 -0.06492233 -0.06329255 -0.0625992 -0.062003374 -0.063934505
0.4925 -0.06491966 -0.06491637 -0.06491728 -0.0649233 -0.06329271 -0.06259942 -0.062003538 -0.06393466
0.493 -0.06492067 -0.06491744 -0.06491835 -0.06492425 -0.063292846 -0.06259962 -0.06200371 -0.063934796
0.4935 -0.06492168 -0.06491851 -0.06491939 -0.0649252 -0.06329301 -0.062599786 -0.062003866 -0.06393494
0.494 -0.06492266 -0.06491955 -0.06492043 -0.06492613 -0.06329316 -0.06259998 -0.062004037 -0.06393508
0.4945 -0.06492364 -0.06492059 -0.06492145 -0.06492705 -0.06329332 -0.06260017 -0.062004194 -0.06393521
0.495 -0.0649246 -0.06492161 -0.06492246 -0.06492796 -0.06329347 -0.06260034 -0.062004328 -0.06393535
0.4955 -0.06492555 -0.06492261 -0.06492345 -0.06492886 -0.063293636 -0.0626005 -0.062004477 -0.06393548
0.496 -0.06492649 -0.06492361 -0.06492443 -0.06492975 -0.06329378 -0.062600665 -0.06200461 -0.06393563
0.4965 -0.06492742 -0.06492459 -0.0649254 -0.06493062 -0.06329391 -0.062600836 -0.062004752 -0.06393576
0.497 -0.06492834 -0.06492556 -0.06492636 -0.06493149 -0.06329405 -0.062601015 -0.06200488 -0.06393588
0.4975 -0.06492924 -0.06492651 -0.0649273 -0.06493234 -0.06329418 -0.062601194 -0.062005036 -0.06393601
0.498 -0.06493013 -0.06492745 -0.06492823 -0.06493319 -0.06329432 -0.06260135 -0.062005162 -0.06393612
0.4985 -0.06493101 -0.06492839 -0.06492915 -0.06493402 -0.06329444 -0.06260149 -0.062005274 -0.06393625
0.499 -0.06493188 -0.0649293 -0.06493006 -0.06493484 -0.063294575 -0.06260168 -0.0620054 -0.06393635
0.4995 -0.06493274 -0.06493021 -0.06493096 -0.06493565 -0.0632947 -0.062601805 -0.062005505 -0.06393648
0.5 -0.06493359 -0.06493111 -0.06493184 -0.06493646 -0.06329483 -0.06260198 -0.06200564 -0.06393659
