0.0 -0.065 -0.065 -0.065 -0.065 0.06898348 -0.10128865 0.013173148 -0.07574391
0.005 -0.06243376 -0.04617013 0.04202088 -0.06356144 -0.031482637 -0.07269173 0.21855699 -0.07963824
0.01 -0.05797083 -0.01757621 0.1339319 -0.06032577 0.046610713 0.043564938 0.4203757 -0.09626944
0.015 -0.05222275 0.01216812 0.2199188 -0.05580099 -0.035655856 0.0053940024 0.4450488 -0.09085938
0.02 -0.04534156 0.04047947 0.2966263 -0.05022348 -0.07858968 0.03165763 0.50444776 -0.013303084
0.025 -0.03758807 0.06594754 0.3621122 -0.04387165 -0.019206077 0.08590336 0.56451386 -0.004807038
0.03 -0.02909087 0.08911286 0.4195106 -0.03686957 -0.019356042 0.11131461 0.56468135 0.0014320482
0.035 -0.02000692 0.1096097 0.4689285 -0.02937255 -0.004023254 0.13504633 0.59593654 -0.0029834937
0.04 -0.01049578 0.1277983 0.5110783 -0.02142665 0.026531309 0.16471116 0.59536433 0.0024619866
0.045 -0.0006040042 0.1437696 0.5466981 -0.0132919 0.034112245 0.1808687 0.61165786 0.005535053
0.05 0.009514319 0.1577609 0.5767482 -0.004955546 0.06196785 0.21178274 0.6199977 0.01679884
0.055 0.0197742 0.1667911 0.5999532 0.003557424 0.07151905 0.22102755 0.62976915 0.016480492
0.06 0.0302976 0.1764799 0.6224205 0.01225266 0.0896198 0.2420607 0.6381063 0.030428516
0.065 0.04092434 0.1881434 0.6410028 0.02105652 0.10146047 0.25045174 0.6466318 0.03407879
0.07 0.05159807 0.1979112 0.6567881 0.02988059 0.11387494 0.2631107 0.65303147 0.046784148
0.075 0.0623943 0.2058169 0.6702947 0.03879031 0.12573543 0.26997092 0.65909666 0.053546146
0.08 0.07311682 0.2127078 0.6818849 0.047718 0.13556239 0.27658725 0.6631469 0.06348692
0.085 0.0840127 0.2189236 0.6920719 0.05673838 0.1460417 0.28119972 0.66609555 0.07113235
0.09 0.09488707 0.2245868 0.7009992 0.06554657 0.15485826 0.2844771 0.66747487 0.07875644
0.095 0.1056867 0.2297831 0.7088847 0.07461392 0.16412376 0.2873352 0.66733676 0.08545475
0.1 0.1165947 0.2346217 0.7159629 0.08339575 0.011578068 0.3084509 0.6695187 0.07873589
0.105 0.07505689 0.4170279 0.7258255 0.06186002 0.060892273 0.44876194 0.61122954 -0.020363389
0.11 0.06352781 0.5977773 0.7420013 0.05590803 -0.16474813 0.66651356 0.68815845 0.066710874
0.115 0.05554918 0.7419336 0.7583258 0.05769935 -0.041977435 0.8288222 0.68015134 0.007882463
0.12 0.05079079 0.8536051 0.7740553 0.06482387 0.019677639 0.92924947 0.64956284 0.10115276
0.125 0.0489078 0.9400082 0.7889175 0.07576365 0.008069083 1.0476938 0.7110426 0.102724105
0.13 0.04962871 1.007284 0.8028749 0.08967882 0.0068711042 1.0690674 0.71557605 0.1365596
0.135 0.05259846 1.060083 0.8159269 0.1058248 0.02292654 1.1172494 0.7522381 0.17234087
0.14 0.05749327 1.101888 0.8281255 0.1236937 0.013173342 1.12881 0.7751541 0.20666637
0.145 0.06391641 1.134519 0.8357391 0.1421335 0.0075991154 1.1366402 0.80160755 0.23827003
0.15 0.0718437 1.161601 0.8488453 0.1619427 0.0018763542 1.131837 0.8195768 0.26542836
0.155 0.07880317 1.183762 0.8584804 0.1754373 0.006244391 1.1366577 0.8275389 0.2659542
0.16 0.08389684 1.201311 0.8659992 0.1787573 0.02239266 1.1378382 0.80211234 0.22271897
0.165 0.08707913 1.214423 0.868809 0.1758909 0.032167852 1.1419741 0.7743024 0.20300667
0.17 0.08813471 1.224858 0.8712938 0.1684708 0.046402574 1.1496376 0.7502364 0.16909717
0.175 0.08745432 1.233526 0.8780073 0.1577348 0.057445496 1.1427791 0.7167479 0.13728203
0.18 0.08496219 1.240288 0.8810873 0.144431 0.06614649 1.1324513 0.685756 0.10501139
0.185 0.08084179 1.245099 0.8826796 0.1290925 0.0701409 1.1106049 0.65200055 0.07284049
0.19 0.07526652 1.248354 0.8832049 0.1121192 0.07130349 1.0804065 0.6179192 0.042695254
0.195 0.0683981 1.250329 0.8828087 0.09381075 0.06761918 1.0408808 0.58424187 0.0146696735
0.2 0.06038903 1.251225 0.8816009 0.07439773 0.091138564 1.058807 0.62023056 0.20610866
0.205 0.0525863 1.232664 0.7737188 0.06188707 0.11037844 1.069955 0.4823396 0.15333438
0.21 0.04656446 1.204257 0.6814529 0.05872515 0.050911263 1.0456995 0.39181182 0.11627771
0.215 0.04229769 1.175102 0.5963843 0.06159441 0.08154191 1.0385104 0.32972983 0.108072884
0.22 0.03984948 1.147784 0.5211445 0.06867025 0.09072445 1.0437127 0.30280653 0.09132321
0.225 0.03923384 1.123352 0.4563265 0.07891981 0.08654472 1.027344 0.28642067 0.10494611
0.23 0.04036762 1.102126 0.4015276 0.09165245 0.09923419 1.0239471 0.2793467 0.106177896
0.235 0.0431267 1.084075 0.355878 0.1063303 0.103432715 1.012159 0.27599096 0.11756529
0.24 0.04737631 1.069027 0.3183412 0.1225955 0.112225324 1.0021871 0.2760031 0.12561874
0.245 0.05297728 1.056725 0.2878568 0.1401807 0.12107918 0.98858565 0.27724186 0.13249584
0.25 0.05976277 1.046872 0.2634163 0.1576954 0.13073668 0.9722663 0.27986288 0.13915502
0.255 0.06559879 1.038978 0.2431464 0.1693004 0.13293833 0.9694676 0.29113463 0.14831868
0.26 0.06938708 1.032371 0.2260917 0.1715439 0.11584881 0.9687993 0.2937562 0.1405669
0.265 0.07119177 1.026665 0.21165 0.1673043 0.11227316 0.9666988 0.28134084 0.14497852
0.27 0.07101151 1.021573 0.1992355 0.1584523 0.10406163 0.9702558 0.2705498 0.128271
0.275 0.0690035 1.01696 0.1884178 0.1464419 0.08908546 0.9588538 0.25754493 0.12027572
0.28 0.06529014 1.012639 0.1788124 0.1319777 0.07937339 0.94883436 0.24624586 0.10470713
0.285 0.06003645 1.008489 0.1701302 0.1155802 0.066134706 0.93155813 0.23573315 0.092883386
0.29 0.05341152 1.004426 0.1621431 0.09764435 0.054404005 0.91068566 0.22591901 0.079539165
0.295 0.04557783 1.000387 0.154672 0.07846373 0.04226148 0.88508886 0.21637496 0.06621408
0.3 0.03668656 0.9963241 0.1475777 0.05826265 0.1986786 0.9177931 0.25418475 0.06131819
0.305 0.02844208 0.8119652 0.1318684 0.04347172 0.059945896 0.67778176 0.20825745 0.058105424
0.31 0.02215865 0.6284221 0.1131391 0.03778471 0.09324223 0.5454455 0.17518291 0.01873179
0.315 0.01774141 0.4818522 0.09517366 0.03824428 0.035702348 0.40863183 0.15669402 0.05258876
0.32 0.01523262 0.3684462 0.07886224 0.04322037 0.007814899 0.3206956 0.13852492 0.03588392
0.325 0.01458527 0.2811123 0.06452512 0.05165465 0.008152425 0.22644734 0.09167216 0.054470345
0.33 0.01567545 0.2138165 0.05223851 0.0627487 0.014058292 0.18416974 0.06851096 0.0764882
0.335 0.01842067 0.1619352 0.04198897 0.07609735 0.014591873 0.1341027 0.041501634 0.08356072
0.34 0.02265602 0.1219662 0.03366197 0.09131228 0.02306503 0.09327662 0.020563863 0.093486264
0.345 0.02824097 0.09125725 0.02712001 0.1080363 0.031004041 0.06429033 0.007352315 0.092724085
0.35 0.03502896 0.06778487 0.02220752 0.1260222 0.036311716 0.035112113 -0.0009657517 0.09340358
0.355 0.04089075 0.04980061 0.01781746 0.1368568 0.031347632 0.022106243 0.0027904436 0.11866504
0.36 0.04458219 0.03562241 0.01358333 0.1379968 0.011107177 0.008948771 0.0080431625 0.13531643
0.365 0.04632622 0.02426521 0.009513383 0.133128 0.013118088 0.016841186 0.0060742423 0.15419029
0.37 0.04610804 0.01499261 0.005473131 0.1239543 0.011647493 0.021061776 -0.0030400977 0.13668983
0.375 0.04403274 0.007226336 0.001383739 0.1116101 -0.0027857125 0.012054531 -0.013662003 0.120615736
0.38 0.0402488 0.0005381275 -0.002809777 0.09685854 -0.005592078 0.007951388 -0.021992065 0.090562716
0.385 0.03492329 -0.005390199 -0.007143393 0.08022821 -0.012150496 0.0007794297 -0.03108894 0.063354805
0.39 0.02822638 -0.01079507 -0.01163892 0.06210002 -0.013593212 -0.00048350892 -0.035816886 0.032782033
0.395 0.02032187 -0.0158515 -0.01630782 0.04275806 -0.01475694 -0.002293698 -0.04069323 -0.000121636316
0.4 0.01136201 -0.02068819 -0.02115407 0.02242009 -0.014542848 -0.001187993 -0.042935826 -0.03187743
0.405 0.002482811 -0.02529998 -0.02570275 0.005365746 -0.030773021 -0.0048953556 -0.054080747 -0.056768492
0.41 -0.005646719 -0.02952792 -0.02985195 -0.007140079 -0.03541609 -0.0130246505 -0.052911796 -0.04867828
0.415 -0.0130494 -0.03337081 -0.03365465 -0.01675256 -0.041324995 -0.020060921 -0.051275454 -0.055372015
0.42 -0.01969088 -0.03684686 -0.0371123 -0.02436205 -0.047966175 -0.029397381 -0.051437832 -0.053654104
0.425 -0.02558563 -0.03997885 -0.0402368 -0.0305175 -0.04749553 -0.03531617 -0.051695667 -0.05749646
0.43 -0.03077644 -0.04279159 -0.04304642 -0.03557648 -0.052138254 -0.041810594 -0.053640552 -0.055512056
0.435 -0.03532079 -0.04531055 -0.04556297 -0.03978383 -0.051406622 -0.044839572 -0.054171003 -0.05664316
0.44 -0.03928212 -0.047561 -0.04780987 -0.04331453 -0.052380897 -0.048680834 -0.05595208 -0.05613929
0.445 -0.0427244 -0.04956744 -0.04981081 -0.04629814 -0.052609354 -0.050664756 -0.05661448 -0.056733236
0.45 -0.04570893 -0.05135314 -0.05158893 -0.04883339 -0.053136915 -0.053344302 -0.05779367 -0.057056904
0.455 -0.04829251 -0.05293997 -0.05316627 -0.05099729 -0.053116277 -0.054816216 -0.058488123 -0.057120502
0.46 -0.05052672 -0.05434821 -0.05456347 -0.05285099 -0.053445175 -0.05628139 -0.05909369 -0.05733289
0.465 -0.05245764 -0.05559655 -0.05579961 -0.05444381 -0.05357954 -0.057383746 -0.059593357 -0.05736506
0.47 -0.05412596 -0.05670204 -0.05689216 -0.055816 -0.05361396 -0.05825149 -0.05998396 -0.057521626
0.475 -0.05556739 -0.0576802 -0.05785699 -0.05700075 -0.053811423 -0.058985796 -0.060300805 -0.05752778
0.48 -0.056813 -0.05854505 -0.05870843 -0.05802561 -0.053830147 -0.05953453 -0.0605456 -0.05763091
0.485 -0.05788977 -0.05930922 -0.05945939 -0.05891366 -0.05391378 -0.0600043 -0.060761504 -0.057637706
0.49 -0.05882101 -0.05998407 -0.0601214 -0.05968429 -0.053955913 -0.060337663 -0.060907237 -0.057682797
0.495 -0.05962683 -0.06057973 -0.06070476 -0.06035391 -0.054003336 -0.060642295 -0.061045997 -0.057709694
0.5 -0.06032456 -0.06110529 -0.06121866 -0.06093644 -0.05402395 -0.060855456 -0.06114424 -0.057725623
