0.0 -0.065 -0.065 -0.065 -0.065 -0.020421416 0.08376908 0.13244599 -0.072470665
0.0005 -0.065 -0.065 -0.065 -0.065 -0.07800257 -0.04806028 0.03645803 -0.044727564
0.001 -0.065 -0.065 -0.065 -0.065 -0.08662368 0.08584422 -0.038811445 0.028575458
0.0015 -0.065 -0.065 -0.065 -0.065 -0.06947445 -0.039610665 -0.12202026 -0.05702828
0.002 -0.065 -0.065 -0.065 -0.065 -0.04956216 0.04275212 0.045070738 -0.02991508
0.0025 -0.065 -0.065 -0.065 -0.065 -0.04465562 -0.04096405 -0.012047932 -0.041872874
0.003 -0.065 -0.065 -0.065 -0.065 -0.063630566 0.02968401 -0.017266452 -0.009483412
0.0035 -0.065 -0.065 -0.065 -0.065 -0.057065606 -0.007058095 -0.05304922 -0.04098633
0.004 -0.065 -0.065 -0.065 -0.065 -0.053392228 0.035429437 0.025209397 -0.031113207
0.0045 -0.065 -0.065 -0.065 -0.065 -0.04255003 -0.008217882 0.00010687858 -0.037433118
0.005 -0.065 -0.065 -0.065 -0.065 -0.05415198 0.010382939 -0.010144249 -0.022597924
0.0055 -0.065 -0.065 -0.065 -0.065 -0.053505693 0.008426029 -0.02706553 -0.031815857
0.006 -0.065 -0.065 -0.065 -0.065 -0.05083405 0.020323504 0.0044486076 -0.033734933
0.0065 -0.065 -0.065 -0.065 -0.065 -0.04510271 0.0067249425 0.007078871 -0.034111217
0.007 -0.065 -0.065 -0.065 -0.065 -0.050661895 0.008104373 -0.0059033483 -0.027833179
0.0075 -0.065 -0.065 -0.065 -0.065 -0.053016886 0.012324262 -0.016578868 -0.029923052
0.008 -0.065 -0.065 -0.065 -0.065 -0.05084348 0.016304571 -0.003217645 -0.03335373
0.0085 -0.065 -0.065 -0.065 -0.065 -0.04738853 0.011165965 0.004649684 -0.033282906
0.009 -0.065 -0.065 -0.065 -0.065 -0.049576964 0.008851547 -0.003522344 -0.029925838
0.0095 -0.065 -0.065 -0.065 -0.065 -0.052048743 0.011983145 -0.011619955 -0.029927492
0.01 -0.065 -0.065 -0.065 -0.065 -0.05097919 0.014553685 -0.005759135 -0.0324274
0.0105 -0.065 -0.065 -0.065 -0.065 -0.048666652 0.012332518 0.0012712404 -0.032830775
0.011 -0.065 -0.065 -0.065 -0.065 -0.049357202 0.009983916 -0.0024546906 -0.03087382
0.0115 -0.065 -0.065 -0.065 -0.065 -0.051212564 0.011546183 -0.008512989 -0.030300513
0.012 -0.065 -0.065 -0.065 -0.065 -0.050941713 0.01351564 -0.0063652396 -0.03180541
0.0125 -0.065 -0.065 -0.065 -0.065 -0.04941386 0.012628365 -0.0012252554 -0.0324319
0.013 -0.065 -0.065 -0.065 -0.065 -0.049442135 0.010864306 -0.0023255795 -0.03133765
0.0135 -0.065 -0.065 -0.065 -0.065 -0.05066286 0.0114195235 -0.006519206 -0.030681267
0.014 -0.065 -0.065 -0.065 -0.065 -0.050792545 0.012840021 -0.0062090307 -0.031484455
0.0145 -0.065 -0.065 -0.065 -0.065 -0.04984423 0.012622226 -0.0028129965 -0.032097727
0.015 -0.065 -0.065 -0.065 -0.065 -0.049614403 0.011436541 -0.0026414543 -0.031545818
0.0155 -0.065 -0.065 -0.065 -0.065 -0.05034585 0.01147889 -0.005313769 -0.030982047
0.016 -0.065 -0.065 -0.065 -0.065 -0.0506171 0.012416709 -0.0057957023 -0.031353146
0.0165 -0.065 -0.065 -0.065 -0.065 -0.05007438 0.012509305 -0.0037304312 -0.03184727
0.017 -0.065 -0.065 -0.065 -0.065 -0.049785882 0.011773307 -0.003082797 -0.031615928
0.0175 -0.065 -0.065 -0.065 -0.065 -0.050183963 0.011605639 -0.004646063 -0.03119351
0.018 -0.065 -0.065 -0.065 -0.065 -0.050462116 0.012172449 -0.0053577647 -0.031323165
0.0185 -0.065 -0.065 -0.065 -0.065 -0.05018267 0.012375046 -0.004208401 -0.03167683
0.019 -0.065 -0.065 -0.065 -0.065 -0.049924545 0.011953879 -0.0034922063 -0.03161773
0.0195 -0.065 -0.065 -0.065 -0.065 -0.0501149 0.011735249 -0.004318692 -0.03132999
0.02 -0.065 -0.065 -0.065 -0.065 -0.05034402 0.012046266 -0.004991129 -0.03133923
0.0205 -0.065 -0.065 -0.065 -0.065 -0.050222192 0.012256671 -0.004421845 -0.03157045
0.021 -0.065 -0.065 -0.065 -0.065 -0.05002418 0.012039054 -0.003812164 -0.03159164
0.0215 -0.065 -0.065 -0.065 -0.065 -0.050096 0.011841495 -0.0041892007 -0.031411186
0.022 -0.065 -0.065 -0.065 -0.065 -0.050262675 0.011991549 -0.004720971 -0.03137073
0.0225 -0.065 -0.065 -0.065 -0.065 -0.0502268 0.012166221 -0.004489921 -0.031509623
0.023 -0.065 -0.065 -0.065 -0.065 -0.05008965 0.012070436 -0.0040365756 -0.031559184
0.0235 -0.065 -0.065 -0.065 -0.065 -0.050100647 0.011918265 -0.0041631684 -0.03145531
0.024 -0.065 -0.065 -0.065 -0.065 -0.05021127 0.011975873 -0.004539579 -0.031402394
0.0245 -0.065 -0.065 -0.065 -0.065 -0.05021655 0.012103725 -0.0044872314 -0.03147848
0.025 -0.065 -0.065 -0.065 -0.065 -0.050129287 0.012074698 -0.0041807443 -0.03153014
0.0255 -0.065 -0.065 -0.065 -0.065 -0.050113935 0.01196887 -0.004183665 -0.031476334
0.026 -0.065 -0.065 -0.065 -0.065 -0.050181434 0.0119788535 -0.004427582 -0.031428233
0.0265 -0.065 -0.065 -0.065 -0.065 -0.050202206 0.012063999 -0.0044566244 -0.031465054
0.027 -0.065 -0.065 -0.065 -0.065 -0.050151195 0.012067217 -0.0042660534 -0.031507894
0.0275 -0.065 -0.065 -0.065 -0.065 -0.050128102 0.011999596 -0.0042187944 -0.03148417
0.028 -0.065 -0.065 -0.065 -0.065 -0.050165806 0.011988629 -0.004364349 -0.03144695
0.0285 -0.065 -0.065 -0.065 -0.065 -0.050188906 0.012040932 -0.0044205114 -0.031461164
0.029 -0.065 -0.065 -0.065 -0.065 -0.050161924 0.0120563395 -0.004311815 -0.031492546
0.0295 -0.065 -0.065 -0.065 -0.065 -0.050140083 0.012016762 -0.004253298 -0.031485245
0.03 -0.065 -0.065 -0.065 -0.065 -0.050158773 0.011999417 -0.004332304 -0.031459376
0.0305 -0.065 -0.065 -0.065 -0.065 -0.05017854 0.012028713 -0.0043889657 -0.03146188
0.031 -0.065 -0.065 -0.065 -0.065 -0.050166182 0.012046237 -0.004333295 -0.03148277
0.0315 -0.065 -0.065 -0.065 -0.065 -0.05014889 0.0120251365 -0.0042811483 -0.03148344
0.032 -0.065 -0.065 -0.065 -0.065 -0.05015651 0.012008507 -0.0043187737 -0.031466886
0.0325 -0.065 -0.065 -0.065 -0.065 -0.050171234 0.012023229 -0.0043650717 -0.03146425
0.033 -0.065 -0.065 -0.065 -0.065 -0.050167065 0.012038309 -0.0043409914 -0.03147708
0.0335 -0.065 -0.065 -0.065 -0.065 -0.050154816 0.012028534 -0.004301183 -0.03148082
0.034 -0.065 -0.065 -0.065 -0.065 -0.050156582 0.012015242 -0.0043151975 -0.03147112
0.0345 -0.065 -0.065 -0.065 -0.065 -0.050166547 0.012021352 -0.0043486953 -0.0314669
0.035 -0.065 -0.065 -0.065 -0.065 -0.050166406 0.012032647 -0.0043418333 -0.031474024
0.0355 -0.065 -0.065 -0.065 -0.065 -0.050158482 0.012029309 -0.004314348 -0.03147836
0.036 -0.065 -0.065 -0.065 -0.065 -0.05015751 0.0120198615 -0.0043162405 -0.03147319
0.0365 -0.065 -0.065 -0.065 -0.065 -0.050163765 0.012021292 -0.004338369 -0.03146912
0.037 -0.065 -0.065 -0.065 -0.065 -0.05016528 0.012029011 -0.0043396503 -0.031472713
0.0375 -0.065 -0.065 -0.065 -0.065 -0.050160542 0.012028921 -0.004322201 -0.031476364
0.038 -0.065 -0.065 -0.065 -0.065 -0.05015872 0.0120227225 -0.004319042 -0.03147398
0.0385 -0.065 -0.065 -0.065 -0.065 -0.050162252 0.012022037 -0.0043323934 -0.03147079
0.039 -0.065 -0.065 -0.065 -0.065 -0.050164144 0.012026895 -0.004336655 -0.031472236
0.0395 -0.065 -0.065 -0.065 -0.065 -0.050161574 0.012028027 -0.004326582 -0.031475008
0.04 -0.065 -0.065 -0.065 -0.065 -0.050159767 0.012024332 -0.004321918 -0.031474233
0.0405 -0.065 -0.065 -0.065 -0.065 -0.05016154 0.012022901 -0.004329309 -0.031471908
0.041 -0.065 -0.065 -0.065 -0.065 -0.050163247 0.012025673 -0.0043340176 -0.031472236
0.0415 -0.065 -0.065 -0.065 -0.065 -0.050162014 0.012027163 -0.0043287054 -0.0314741
0.042 -0.065 -0.065 -0.065 -0.065 -0.050160542 0.012025107 -0.0043242946 -0.03147407
0.0425 -0.065 -0.065 -0.065 -0.065 -0.05016132 0.012023795 -0.0043279603 -0.03147258
0.043 -0.065 -0.065 -0.065 -0.065 -0.050162587 0.012025107 -0.004331887 -0.031472445
0.0435 -0.065 -0.065 -0.065 -0.065 -0.05016212 0.012026448 -0.0043295175 -0.031473607
0.044 -0.065 -0.065 -0.065 -0.065 -0.050161045 0.012025494 -0.0043260455 -0.031473905
0.0445 -0.065 -0.065 -0.065 -0.065 -0.050161295 0.012024302 -0.0043275207 -0.031472996
0.045 -0.065 -0.065 -0.065 -0.065 -0.05016219 0.012024928 -0.004330471 -0.031472668
0.0455 -0.065 -0.065 -0.065 -0.065 -0.0501621 0.012025911 -0.004329607 -0.031473354
0.046 -0.065 -0.065 -0.065 -0.065 -0.050161418 0.012025613 -0.0043272376 -0.031473666
0.0465 -0.065 -0.065 -0.065 -0.065 -0.05016138 0.012024749 -0.0043275505 -0.03147316
0.047 -0.065 -0.065 -0.065 -0.065 -0.050161906 0.012024928 -0.004329562 -0.031472847
0.0475 -0.065 -0.065 -0.065 -0.065 -0.050162 0.012025613 -0.0043295473 -0.03147319
0.048 -0.065 -0.065 -0.065 -0.065 -0.050161585 0.012025494 -0.004327938 -0.031473532
0.0485 -0.065 -0.065 -0.065 -0.065 -0.05016146 0.012024958 -0.0043277144 -0.03147325
0.049 -0.065 -0.065 -0.065 -0.065 -0.050161764 0.012024958 -0.0043290257 -0.031472966
0.0495 -0.065 -0.065 -0.065 -0.065 -0.050161943 0.0120254345 -0.004329309 -0.031473115
0.05 -0.065 -0.065 -0.065 -0.065 -0.050161675 0.012025494 -0.0043283403 -0.0314734
0.0505 -0.065 -0.065 -0.065 -0.065 -0.05016153 0.0120251365 -0.00432799 -0.031473294
0.051 -0.065 -0.065 -0.065 -0.065 -0.050161712 0.012024958 -0.0043287054 -0.0314731
0.0515 -0.065 -0.065 -0.065 -0.065 -0.050161883 0.0120252855 -0.004329078 -0.03147316
0.052 -0.065 -0.065 -0.065 -0.065 -0.050161712 0.012025405 -0.004328564 -0.031473294
0.0525 -0.065 -0.065 -0.065 -0.065 -0.05016158 0.012025196 -0.004328206 -0.031473294
0.053 -0.065 -0.065 -0.065 -0.065 -0.05016166 0.012025077 -0.0043285936 -0.031473145
0.0535 -0.065 -0.065 -0.065 -0.065 -0.050161798 0.012025226 -0.004328929 -0.031473145
0.054 -0.065 -0.065 -0.065 -0.065 -0.05016176 0.0120252855 -0.004328683 -0.03147325
0.0545 -0.065 -0.065 -0.065 -0.065 -0.050161656 0.012025226 -0.00432837 -0.031473264
0.055 -0.065 -0.065 -0.065 -0.065 -0.050161652 0.012025107 -0.0043284893 -0.03147322
0.0555 -0.065 -0.065 -0.065 -0.065 -0.05016176 0.012025166 -0.00432878 -0.031473145
0.056 -0.065 -0.065 -0.065 -0.065 -0.050161738 0.012025315 -0.0043286905 -0.03147325
0.0565 -0.065 -0.065 -0.065 -0.065 -0.050161686 0.012025256 -0.0043284595 -0.031473264
0.057 -0.065 -0.065 -0.065 -0.065 -0.05016166 0.012025166 -0.0043284595 -0.03147322
0.0575 -0.065 -0.065 -0.065 -0.065 -0.05016171 0.012025166 -0.0043286756 -0.031473204
0.058 -0.065 -0.065 -0.065 -0.065 -0.050161738 0.012025315 -0.004328735 -0.031473204
0.0585 -0.065 -0.065 -0.065 -0.065 -0.050161734 0.0120252855 -0.0043285787 -0.03147325
0.059 -0.065 -0.065 -0.065 -0.065 -0.05016166 0.012025226 -0.0043284297 -0.03147322
0.0595 -0.065 -0.065 -0.065 -0.065 -0.05016171 0.012025196 -0.0043285936 -0.031473175
0.06 -0.065 -0.065 -0.065 -0.065 -0.050161745 0.012025256 -0.0043287203 -0.03147319
0.0605 -0.065 -0.065 -0.065 -0.065 -0.05016175 0.012025256 -0.004328631 -0.031473264
0.061 -0.065 -0.065 -0.065 -0.065 -0.050161675 0.012025226 -0.004328504 -0.03147325
0.0615 -0.065 -0.065 -0.065 -0.065 -0.050161697 0.012025166 -0.004328601 -0.031473204
0.062 -0.065 -0.065 -0.065 -0.065 -0.050161745 0.0120252855 -0.004328668 -0.031473175
0.0625 -0.065 -0.065 -0.065 -0.065 -0.050161727 0.0120252855 -0.0043286085 -0.03147325
0.063 -0.065 -0.065 -0.065 -0.065 -0.050161697 0.012025196 -0.0043285713 -0.03147325
0.0635 -0.065 -0.065 -0.065 -0.065 -0.05016171 0.012025166 -0.004328631 -0.03147322
0.064 -0.065 -0.065 -0.065 -0.065 -0.05016173 0.012025256 -0.004328668 -0.031473204
0.0645 -0.065 -0.065 -0.065 -0.065 -0.050161693 0.0120252855 -0.0043285936 -0.03147322
0.065 -0.065 -0.065 -0.065 -0.065 -0.05016169 0.012025256 -0.004328534 -0.03147322
0.0655 -0.065 -0.065 -0.065 -0.065 -0.050161716 0.012025196 -0.0043285713 -0.031473204
0.066 -0.065 -0.065 -0.065 -0.065 -0.050161712 0.012025226 -0.0043286607 -0.031473204
0.0665 -0.065 -0.065 -0.065 -0.065 -0.0501617 0.012025256 -0.0043286085 -0.03147322
0.067 -0.065 -0.065 -0.065 -0.065 -0.050161675 0.012025226 -0.004328519 -0.031473234
0.0675 -0.065 -0.065 -0.065 -0.065 -0.050161712 0.012025196 -0.0043285787 -0.03147322
0.068 -0.065 -0.065 -0.065 -0.065 -0.050161693 0.012025226 -0.0043285936 -0.03147319
0.0685 -0.065 -0.065 -0.065 -0.065 -0.050161745 0.012025256 -0.004328601 -0.03147322
0.069 -0.065 -0.065 -0.065 -0.065 -0.050161704 0.012025226 -0.004328564 -0.031473234
0.0695 -0.065 -0.065 -0.065 -0.065 -0.0501617 0.012025166 -0.004328616 -0.03147322
0.07 -0.065 -0.065 -0.065 -0.065 -0.05016171 0.012025256 -0.0043286756 -0.03147319
0.0705 -0.065 -0.065 -0.065 -0.065 -0.050161716 0.0120252855 -0.004328564 -0.031473234
0.071 -0.065 -0.065 -0.065 -0.065 -0.050161663 0.012025196 -0.004328504 -0.03147325
0.0715 -0.065 -0.065 -0.065 -0.065 -0.05016171 0.012025166 -0.0043285936 -0.03147319
0.072 -0.065 -0.065 -0.065 -0.065 -0.05016173 0.012025226 -0.0043286458 -0.031473234
0.0725 -0.065 -0.065 -0.065 -0.065 -0.050161716 0.012025226 -0.004328564 -0.03147325
0.073 -0.065 -0.065 -0.065 -0.065 -0.050161697 0.012025256 -0.004328549 -0.03147322
0.0735 -0.065 -0.065 -0.065 -0.065 -0.050161716 0.012025166 -0.004328601 -0.031473204
0.074 -0.065 -0.065 -0.065 -0.065 -0.050161693 0.012025256 -0.004328616 -0.031473234
0.0745 -0.065 -0.065 -0.065 -0.065 -0.05016174 0.012025226 -0.0043285936 -0.031473234
0.075 -0.065 -0.065 -0.065 -0.065 -0.05016168 0.012025256 -0.0043285787 -0.031473234
0.0755 -0.065 -0.065 -0.065 -0.065 -0.05016171 0.012025196 -0.004328586 -0.031473234
0.076 -0.065 -0.065 -0.065 -0.065 -0.0501617 0.012025256 -0.0043286383 -0.031473204
0.0765 -0.065 -0.065 -0.065 -0.065 -0.050161716 0.012025166 -0.004328616 -0.031473234
0.077 -0.065 -0.065 -0.065 -0.065 -0.05016171 0.012025256 -0.0043285936 -0.03147319
0.0775 -0.065 -0.065 -0.065 -0.065 -0.05016169 0.012025196 -0.0043285787 -0.031473234
0.078 -0.065 -0.065 -0.065 -0.065 -0.050161686 0.012025226 -0.004328601 -0.03147319
0.0785 -0.065 -0.065 -0.065 -0.065 -0.050161727 0.012025256 -0.004328653 -0.031473234
0.079 -0.065 -0.065 -0.065 -0.065 -0.050161682 0.012025226 -0.004328564 -0.031473234
0.0795 -0.065 -0.065 -0.065 -0.065 -0.050161704 0.012025196 -0.0043285936 -0.03147325
0.08 -0.065 -0.065 -0.065 -0.065 -0.050161738 0.012025196 -0.004328601 -0.03147322
0.0805 -0.065 -0.065 -0.065 -0.065 -0.050161734 0.012025256 -0.004328631 -0.03147322
0.081 -0.065 -0.065 -0.065 -0.065 -0.050161704 0.012025256 -0.004328586 -0.031473234
0.0815 -0.065 -0.065 -0.065 -0.065 -0.05016171 0.012025256 -0.0043285787 -0.031473234
0.082 -0.065 -0.065 -0.065 -0.065 -0.050161693 0.012025166 -0.004328586 -0.03147322
0.0825 -0.065 -0.065 -0.065 -0.065 -0.050161738 0.012025196 -0.004328631 -0.031473234
0.083 -0.065 -0.065 -0.065 -0.065 -0.050161716 0.012025256 -0.004328616 -0.031473234
0.0835 -0.065 -0.065 -0.065 -0.065 -0.05016171 0.012025226 -0.004328616 -0.031473234
0.084 -0.065 -0.065 -0.065 -0.065 -0.05016169 0.0120252855 -0.0043285787 -0.031473204
0.0845 -0.065 -0.065 -0.065 -0.065 -0.050161682 0.012025196 -0.004328616 -0.031473234
0.085 -0.065 -0.065 -0.065 -0.065 -0.050161697 0.012025256 -0.004328564 -0.031473204
0.0855 -0.065 -0.065 -0.065 -0.065 -0.05016174 0.012025226 -0.0043285936 -0.03147322
0.086 -0.065 -0.065 -0.065 -0.065 -0.050161693 0.0120252855 -0.0043285713 -0.03147322
0.0865 -0.065 -0.065 -0.065 -0.065 -0.05016172 0.012025166 -0.004328653 -0.031473234
0.087 -0.065 -0.065 -0.065 -0.065 -0.050161697 0.012025256 -0.0043285713 -0.031473204
0.0875 -0.065 -0.065 -0.065 -0.065 -0.050161727 0.012025226 -0.0043286383 -0.031473234
0.088 -0.065 -0.065 -0.065 -0.065 -0.050161686 0.0120252855 -0.0043286085 -0.03147322
0.0885 -0.065 -0.065 -0.065 -0.065 -0.050161697 0.012025166 -0.0043285787 -0.031473234
0.089 -0.065 -0.065 -0.065 -0.065 -0.050161697 0.0120252855 -0.004328601 -0.03147319
0.0895 -0.065 -0.065 -0.065 -0.065 -0.0501617 0.012025226 -0.0043286085 -0.031473234
0.09 -0.065 -0.065 -0.065 -0.065 -0.050161686 0.012025226 -0.004328549 -0.031473204
0.0905 -0.065 -0.065 -0.065 -0.065 -0.05016173 0.012025256 -0.0043285713 -0.03147322
0.091 -0.065 -0.065 -0.065 -0.065 -0.0501617 0.012025256 -0.0043285936 -0.031473204
0.0915 -0.065 -0.065 -0.065 -0.065 -0.050161723 0.012025196 -0.004328631 -0.031473234
0.092 -0.065 -0.065 -0.065 -0.065 -0.050161686 0.012025226 -0.0043286234 -0.031473204
0.0925 -0.065 -0.065 -0.065 -0.065 -0.05016175 0.012025226 -0.0043286085 -0.03147322
0.093 -0.065 -0.065 -0.065 -0.065 -0.050161686 0.012025256 -0.004328534 -0.03147322
0.0935 -0.065 -0.065 -0.065 -0.065 -0.0501617 0.012025196 -0.004328616 -0.031473204
0.094 -0.065 -0.065 -0.065 -0.065 -0.050161712 0.012025256 -0.0043285564 -0.031473204
0.0945 -0.065 -0.065 -0.065 -0.065 -0.050161712 0.012025256 -0.004328549 -0.031473204
0.095 -0.065 -0.065 -0.065 -0.065 -0.050161704 0.012025256 -0.0043285936 -0.031473204
0.0955 -0.065 -0.065 -0.065 -0.065 -0.050161723 0.012025196 -0.004328631 -0.03147322
0.096 -0.065 -0.065 -0.065 -0.065 -0.05016174 0.012025256 -0.0043286085 -0.03147322
0.0965 -0.065 -0.065 -0.065 -0.065 -0.050161716 0.012025166 -0.004328631 -0.03147325
0.097 -0.065 -0.065 -0.065 -0.065 -0.050161704 0.012025226 -0.004328616 -0.031473204
0.0975 -0.065 -0.065 -0.065 -0.065 -0.050161697 0.012025256 -0.0043285936 -0.031473234
0.098 -0.065 -0.065 -0.065 -0.065 -0.050161682 0.012025226 -0.004328549 -0.031473234
0.0985 -0.065 -0.065 -0.065 -0.065 -0.050161704 0.012025226 -0.0043285787 -0.031473234
0.099 -0.065 -0.065 -0.065 -0.065 -0.05016172 0.012025226 -0.0043286234 -0.031473204
0.0995 -0.065 -0.065 -0.065 -0.065 -0.050161716 0.0120252855 -0.004328631 -0.031473234
0.1 -0.065 -0.065 -0.065 -0.065 0.027127083 -0.022401955 -0.0535437 0.024032786
0.1005 -0.05511737 -0.0649302 -0.06419675 -0.05997816 0.11540822 0.16578689 0.17800358 0.11925362
0.101 -0.04308189 -0.06460963 -0.06258238 -0.05481228 0.10820631 0.11398892 0.18980312 0.10099359
0.1015 -0.03514444 -0.06402545 -0.06120177 -0.05073959 0.124132164 0.07566866 0.20482391 0.12230988
0.102 -0.02995886 -0.06319236 -0.06000998 -0.04708158 0.093649484 0.106006086 0.15872337 0.12995058
0.1025 -0.02615958 -0.06211801 -0.05886049 -0.04358344 0.10255962 0.1530273 0.16084456 0.13459043
0.103 -0.02301297 -0.06080533 -0.05766895 -0.04017033 0.12701538 0.11718455 0.20802075 0.11799799
0.1035 -0.02017526 -0.05925552 -0.05639596 -0.03681942 0.11054265 0.102587655 0.21473499 0.1172497
0.104 -0.01749152 -0.05746944 -0.05502408 -0.03352226 0.09870795 0.15599152 0.18038392 0.14317222
0.1045 -0.01489314 -0.05544787 -0.05354566 -0.03027535 0.116651334 0.15125859 0.19088818 0.13292047
0.105 -0.01236078 -0.05319016 -0.05195857 -0.02708111 0.1159881 0.12920214 0.22393744 0.11452636
0.1055 -0.009882781 -0.0506981 -0.05026188 -0.02393716 0.102930464 0.16653998 0.20814192 0.13845356
0.106 -0.007434348 -0.04797597 -0.04845383 -0.02083631 0.110751696 0.16893402 0.19693768 0.13992496
0.1065 -0.005001742 -0.0450268 -0.04653502 -0.01777412 0.11786138 0.14936388 0.22524504 0.120430216
0.107 -0.002585651 -0.04185771 -0.04455015 -0.0147546 0.104625516 0.17913273 0.22131467 0.13436745
0.1075 -0.000188568 -0.03847449 -0.04246121 -0.01177657 0.105400465 0.19139604 0.20310472 0.14378615
0.108 0.002190648 -0.03487962 -0.04024514 -0.008834916 0.119253 0.16878663 0.22944824 0.124797255
0.1085 0.00454556 -0.03107398 -0.03790193 -0.005925929 0.10789091 0.18287785 0.2346722 0.12780944
0.109 0.00687353 -0.0270604 -0.03543741 -0.003051339 0.10097469 0.21165305 0.20879492 0.14794037
0.1095 0.009184719 -0.02284324 -0.03285588 -0.0002099479 0.115218095 0.19397675 0.22447452 0.13150512
0.11 0.01148258 -0.01842651 -0.03016184 0.002600594 0.11246718 0.1879099 0.24583928 0.12008184
0.1105 0.01376548 -0.01381413 -0.02736038 0.00538179 0.101342104 0.2225779 0.22160417 0.14606582
0.111 0.0160333 -0.009009948 -0.02445164 0.008134782 0.107585825 0.21727966 0.21659642 0.1397895
0.1115 0.01828528 -0.004017853 -0.02143657 0.01086044 0.11506779 0.2007506 0.2469296 0.11806227
0.112 0.02052044 0.001158862 -0.01830004 0.0135596 0.10439973 0.2274988 0.2359456 0.1375075
0.1125 0.02273783 0.006514617 -0.0150443 0.01623371 0.10202614 0.23526652 0.21532899 0.1448993
0.113 0.02493466 0.01201399 -0.01171151 0.01888396 0.113908194 0.21849123 0.24046572 0.12216006
0.1135 0.02711286 0.01760955 -0.008298592 0.02151031 0.10757073 0.23074737 0.24520187 0.12744986
0.114 0.02927407 0.02331713 -0.004796845 0.02411243 0.100758664 0.24833283 0.22071001 0.14462909
0.1145 0.03141864 0.02916533 -0.001200249 0.02669097 0.10936118 0.237526 0.23150438 0.12870078
0.115 0.03354561 0.03517751 0.002493912 0.02924631 0.10989984 0.23643227 0.24776733 0.12054637
0.1155 0.03563778 0.04136833 0.006279756 0.03177108 0.10279591 0.25597304 0.2294084 0.1387972
0.116 0.0377028 0.04774426 0.01016182 0.03427066 0.10461702 0.25412774 0.22490737 0.13389087
0.1165 0.03975647 0.05430573 0.01414437 0.03675141 0.11015529 0.24687336 0.24394254 0.11900827
0.117 0.04180383 0.06104907 0.01822693 0.0392154 0.10556171 0.26046115 0.23702008 0.13012676
0.1175 0.04384426 0.067968 0.0224072 0.04166324 0.102883585 0.26602396 0.22408989 0.13469924
0.118 0.04587553 0.07505485 0.02668256 0.04409515 0.10821804 0.25983405 0.23685879 0.12127164
0.1185 0.04788731 0.08230104 0.03100923 0.04650658 0.107226394 0.26564685 0.23999578 0.12299846
0.119 0.049845 0.08969617 0.03536795 0.04884412 0.10384751 0.27395135 0.22761123 0.13096173
0.1195 0.05174986 0.09723139 0.03980604 0.05112926 0.106022306 0.27182153 0.23122734 0.12356545
0.12 0.05364375 0.1048995 0.0443513 0.05341335 0.107444696 0.27294883 0.23853922 0.11941485
0.1205 0.0555283 0.1126957 0.04899818 0.05569165 0.10536448 0.27999264 0.23165035 0.12529801
0.121 0.05740974 0.1206147 0.05374761 0.05796671 0.10512478 0.28134775 0.22935009 0.123469904
0.1215 0.05930126 0.1286523 0.05860102 0.06024439 0.10674118 0.2814034 0.23546001 0.11828841
0.122 0.0612028 0.1368049 0.06355335 0.06252412 0.106146716 0.28592095 0.23394567 0.12038572
0.1225 0.06310862 0.1450696 0.06859822 0.06480342 0.105257 0.28883088 0.2304245 0.12111583
0.123 0.06501259 0.1534432 0.07372999 0.06707983 0.1059385 0.28959334 0.23345189 0.117595315
0.1235 0.06691012 0.1619229 0.0789442 0.06935139 0.106076814 0.2923553 0.23471388 0.11713524
0.124 0.06879815 0.1705062 0.08423747 0.07161659 0.10544429 0.29533234 0.23266166 0.11795308
0.1245 0.0706748 0.1791903 0.08960717 0.07387427 0.10537609 0.29692507 0.23358646 0.11625682
0.125 0.07253913 0.187973 0.09505126 0.07612359 0.10550108 0.29901728 0.2353887 0.115023166
0.1255 0.07439076 0.1968517 0.1005681 0.07836399 0.10516336 0.30158326 0.23513724 0.11512332
0.126 0.07622965 0.2058236 0.1061561 0.08059503 0.10481342 0.3035759 0.23555626 0.114377216
0.1265 0.078056 0.214886 0.1118142 0.08281649 0.104662664 0.30555853 0.23711388 0.113316506
0.127 0.07987013 0.2240365 0.117541 0.08502834 0.10437254 0.307807 0.23799667 0.11292054
0.1275 0.08167245 0.2332734 0.1233355 0.08723059 0.10394398 0.3098909 0.23879734 0.11244789
0.128 0.08346334 0.2425951 0.1291967 0.0894233 0.10355865 0.31190246 0.2402556 0.11171822
0.1285 0.085243 0.2519997 0.1351235 0.09160637 0.1031499 0.3140116 0.24171491 0.111196056
0.129 0.08701166 0.2614858 0.1411148 0.09377992 0.10264086 0.31609023 0.24308686 0.110767186
0.1295 0.08876982 0.271052 0.1471696 0.09594435 0.102092125 0.31813273 0.24475047 0.11025579
0.13 0.09051797 0.2806968 0.1532869 0.09810007 0.1015211 0.32020697 0.24658364 0.10979134
0.1305 0.09225641 0.2904189 0.159466 0.1002473 0.10088902 0.3222841 0.24845667 0.1094002
0.131 0.09398537 0.3002171 0.165706 0.1023861 0.1002003 0.3243551 0.25048277 0.10901372
0.1315 0.09570506 0.3100898 0.1720059 0.1045167 0.099472605 0.3264435 0.2526728 0.10864805
0.132 0.09740465 0.3200353 0.1783636 0.106631 0.098697 0.32854533 0.25497067 0.10832508
0.1325 0.09907959 0.3300518 0.1847765 0.1087302 0.09786872 0.33065793 0.25739288 0.10802935
0.133 0.100746 0.3401376 0.1912453 0.1108144 0.09699429 0.33279005 0.2599544 0.10775758
0.1335 0.1024092 0.3502909 0.1977688 0.1128835 0.096074186 0.33494365 0.26263997 0.10751638
0.134 0.104071 0.3605107 0.2043483 0.1149397 0.095106386 0.3371194 0.26544738 0.10730401
0.1345 0.1057311 0.3707961 0.2109839 0.1169935 0.094092585 0.339322 0.26838052 0.10711813
0.135 0.1073873 0.3811459 0.2176745 0.1190477 0.093034245 0.34155473 0.27143636 0.10695973
0.1355 0.1090215 0.3915584 0.2244164 0.1210845 0.09193161 0.34382057 0.27461192 0.10682884
0.136 0.1106378 0.4020322 0.2312076 0.1231123 0.090785556 0.3461235 0.27790695 0.10672486
0.1365 0.1122514 0.412566 0.2380503 0.1251418 0.089597136 0.3484678 0.28132045 0.106647715
0.137 0.1138678 0.4231589 0.2449448 0.1271746 0.088367485 0.35085794 0.2848511 0.10659766
0.1375 0.1154858 0.4338097 0.2518902 0.1292098 0.087097384 0.3532992 0.28849816 0.1065747
0.138 0.117102 0.4445172 0.258885 0.1312437 0.08578792 0.35579735 0.29226148 0.106579006
0.1385 0.1186964 0.4552793 0.2659244 0.1332528 0.08444019 0.35835925 0.29614115 0.10661107
0.139 0.1202725 0.4660944 0.2730069 0.135251 0.08305527 0.36099234 0.30013764 0.10667151
0.1395 0.1218465 0.4769617 0.2801358 0.1372515 0.08163445 0.36370602 0.30425242 0.10676119
0.14 0.1234241 0.4878804 0.287312 0.1392565 0.08017879 0.36651075 0.30848724 0.10688108
0.1405 0.1250044 0.4988497 0.2945345 0.1412649 0.07868977 0.36941925 0.31284535 0.10703276
0.141 0.1265847 0.5098687 0.301802 0.1432749 0.07716886 0.3724468 0.31733066 0.107218
0.1415 0.1281624 0.5209362 0.3091132 0.1452851 0.07561778 0.3756122 0.32194892 0.10743922
0.142 0.1297361 0.5320511 0.3164669 0.1472946 0.07403862 0.3789383 0.3267075 0.107699424
0.1425 0.1313046 0.5432125 0.3238622 0.1493029 0.07243404 0.38245425 0.33161634 0.10800265
0.143 0.1328675 0.5544191 0.331298 0.1513092 0.07080758 0.386197 0.33668822 0.10835408
0.1435 0.1344245 0.56567 0.3387737 0.1532779 0.06916389 0.3902144 0.34194034 0.10876058
0.144 0.1359732 0.5769641 0.3462883 0.1550055 0.067509905 0.39457038 0.34739548 0.1092314
0.1445 0.1374902 0.5882993 0.3538383 0.1566137 0.0658556 0.39935157 0.3530836 0.10977952
0.145 0.1389688 0.5996727 0.3614181 0.1582882 0.06421705 0.40467945 0.35904616 0.1104231
0.1455 0.1404414 0.6110841 0.3690328 0.160055 0.06261998 0.41072968 0.36534008 0.11118916
0.146 0.1419266 0.6225341 0.3766864 0.1618472 0.061108567 0.41776597 0.37204522 0.112118825
0.1465 0.1434255 0.6340212 0.3843791 0.1635431 0.05976311 0.42620376 0.37927705 0.11327879
0.147 0.1449324 0.6455455 0.3921096 0.1653107 0.05873865 0.43673232 0.38720423 0.11478339
0.1475 0.146442 0.6571071 0.3998762 0.1671644 0.05835828 0.4505726 0.39607662 0.11684446
0.148 0.1479511 0.6687054 0.4076776 0.1690844 0.05935759 0.47004995 0.40625447 0.11989106
0.1485 0.1494581 0.6803401 0.415513 0.1710519 0.063566685 0.49992466 0.41818088 0.12488134
0.149 0.150962 0.6920102 0.4233814 0.1730527 0.075701885 0.5501158 0.43201733 0.1340739
0.1495 0.1524624 0.7037151 0.4312821 0.1750757 0.10438547 0.6350134 0.44659466 0.15143614
0.15 0.1539588 0.7154539 0.4392143 0.1771125 0.13695973 0.7300857 0.4616295 0.17183204
0.1505 0.1554504 0.7271368 0.4471194 0.1791485 0.13504204 0.7703068 0.47196102 0.17656395
0.151 0.1569355 0.7385728 0.4548974 0.1811821 0.12321138 0.7947972 0.47131526 0.17323397
0.1515 0.1584149 0.7496929 0.4625592 0.1832138 0.12903279 0.7872658 0.47967523 0.17338221
0.152 0.1598888 0.7604616 0.47012 0.1852412 0.12774625 0.78770477 0.48119664 0.17453082
0.1525 0.1613534 0.7708592 0.4775876 0.1872621 0.12794736 0.7887369 0.48100883 0.17529957
0.153 0.1628065 0.7808744 0.4849648 0.1892742 0.12936053 0.78745085 0.48250508 0.17597625
0.1535 0.1642473 0.7905001 0.4922516 0.1912723 0.12979731 0.7874563 0.48347455 0.17668162
0.154 0.1656608 0.7997309 0.4994438 0.1932334 0.13065982 0.78696615 0.48458296 0.17745239
0.1545 0.1670587 0.8085666 0.5065404 0.195174 0.13138822 0.786549 0.485649 0.17820148
0.155 0.1684322 0.8169861 0.5126304 0.1970973 0.13212767 0.78616893 0.48670387 0.1789529
0.1555 0.1697771 0.8249644 0.5184755 0.1990062 0.13290697 0.7856939 0.487813 0.17971763
0.156 0.1711345 0.8325275 0.5246469 0.2009105 0.1336529 0.7852449 0.4889021 0.18048625
0.1565 0.1725161 0.8396903 0.5304362 0.2028084 0.13441733 0.7847637 0.4900062 0.18126209
0.157 0.1739045 0.8464362 0.5359772 0.2046881 0.13518086 0.7842615 0.49112016 0.18204409
0.1575 0.1752803 0.8527944 0.5419484 0.2065418 0.1359446 0.7837445 0.49223924 0.18283264
0.158 0.1766588 0.8587993 0.5483017 0.2083906 0.13671273 0.7832046 0.49336773 0.1836279
0.1585 0.1780477 0.8644729 0.5548605 0.2102378 0.13748187 0.7826461 0.49450308 0.18442966
0.159 0.1794429 0.8698254 0.561473 0.2120677 0.1382536 0.7820672 0.49564606 0.18523805
0.1595 0.180839 0.8748639 0.5680403 0.2138917 0.13902792 0.78146756 0.49679673 0.1860532
0.16 0.1822346 0.879592 0.5745071 0.215717 0.13980445 0.7808474 0.49795437 0.18687497
0.1605 0.1836283 0.8840117 0.5808452 0.2175434 0.14058354 0.7802062 0.49911904 0.1877035
0.161 0.1850183 0.8881246 0.5870427 0.219369 0.14136526 0.77954376 0.5002907 0.1885388
0.1615 0.1864033 0.891933 0.5930973 0.2211917 0.14214966 0.7788598 0.5014691 0.18938091
0.162 0.1877823 0.8954391 0.5990118 0.2230099 0.14293677 0.778154 0.50265396 0.19022976
0.1625 0.1891548 0.8986444 0.604791 0.2248221 0.1437268 0.7774259 0.50384516 0.19108543
0.163 0.1905205 0.9015541 0.610441 0.2266276 0.14451966 0.7766755 0.5050426 0.19194801
0.1635 0.1918793 0.9041744 0.6159677 0.2284255 0.14531562 0.77590233 0.50624585 0.19281736
0.164 0.1932312 0.9065112 0.6213767 0.2302155 0.14611465 0.77510595 0.5074548 0.19369362
0.1645 0.1945763 0.9085702 0.6266729 0.231997 0.14691705 0.7742862 0.50866926 0.19457677
0.165 0.1959147 0.9103574 0.6318608 0.2337698 0.14772269 0.77344257 0.50988895 0.19546676
0.1655 0.1972405 0.9118749 0.6369424 0.2355109 0.14853188 0.77257466 0.5111134 0.19636369
0.166 0.1985288 0.9131272 0.6419138 0.2371904 0.14934456 0.7716823 0.51234263 0.19726747
0.1665 0.1997977 0.9141233 0.6467822 0.2388545 0.15016106 0.7707648 0.5135761 0.19817817
0.167 0.2010683 0.9148712 0.6515563 0.2405246 0.15098134 0.769822 0.5148136 0.19909571
0.1675 0.2022462 0.9153776 0.65624 0.2422034 0.15180564 0.7688531 0.51605475 0.20002016
0.168 0.2032598 0.9156488 0.6608341 0.243888 0.15263411 0.7678579 0.51729935 0.20095152
0.1685 0.2043445 0.9156904 0.6653391 0.2455752 0.15346688 0.7668359 0.5185469 0.20188968
0.169 0.2055357 0.9155078 0.6697567 0.2472626 0.15430409 0.76578665 0.51979697 0.20283468
0.1695 0.2068056 0.9151064 0.6740873 0.248948 0.15514591 0.76470935 0.5210493 0.2037865
0.17 0.2080936 0.9144901 0.6782899 0.2506113 0.15599269 0.76360345 0.5223035 0.20474522
0.1705 0.2093807 0.9136621 0.6823884 0.2522544 0.15684426 0.7624687 0.5235589 0.2057106
0.171 0.2106779 0.9126281 0.6864213 0.2538945 0.15770116 0.76130396 0.5248153 0.20668279
0.1715 0.2119826 0.9113945 0.6903935 0.2555357 0.15856346 0.76010877 0.52607197 0.20766161
0.172 0.2132886 0.9099669 0.6943001 0.2571773 0.15943137 0.7588826 0.52732843 0.20864715
0.1725 0.2145899 0.9083505 0.6981358 0.2588177 0.16030511 0.7576243 0.52858436 0.2096393
0.173 0.2158826 0.9065501 0.7018969 0.2604551 0.16118503 0.75633335 0.529839 0.21063803
0.1735 0.2171648 0.9045702 0.7055815 0.2620884 0.16207129 0.7550089 0.5310917 0.21164326
0.174 0.2184353 0.9024148 0.7091888 0.2637165 0.1629642 0.75364983 0.5323419 0.212655
0.1745 0.2196931 0.9000882 0.7127191 0.2653382 0.16386399 0.7522552 0.5335889 0.21367307
0.175 0.2209384 0.897594 0.7161729 0.2669531 0.16477111 0.750824 0.534832 0.2146975
0.1755 0.2221731 0.8949363 0.7195511 0.2685613 0.16568574 0.7493552 0.53607047 0.21572815
0.176 0.2233983 0.8921188 0.7228549 0.2701629 0.16660824 0.7478473 0.5373035 0.21676497
0.1765 0.2246151 0.8891453 0.7260853 0.2717573 0.16753909 0.7462994 0.53853023 0.21780787
0.177 0.2258236 0.8860193 0.7292434 0.2733437 0.16847852 0.7447098 0.5397496 0.21885668
0.1775 0.2270244 0.8827445 0.7323304 0.2749227 0.16942698 0.743077 0.5409609 0.21991138
0.178 0.2282179 0.8793243 0.7353472 0.2764944 0.17038494 0.74139947 0.54216295 0.22097178
0.1785 0.2294043 0.8757622 0.7382951 0.2780589 0.1713529 0.7396754 0.54335487 0.22203784
0.179 0.2305842 0.8720614 0.7411751 0.2796164 0.17233121 0.737903 0.54453516 0.22310929
0.1795 0.2317565 0.8682249 0.7439858 0.2811661 0.17332056 0.73607993 0.54570293 0.22418599
0.18 0.2328906 0.8642527 0.7466772 0.2826942 0.17432138 0.7342042 0.5468565 0.22526793
0.1805 0.2340056 0.8601455 0.749288 0.2842123 0.17533433 0.7322733 0.54799455 0.2263547
0.181 0.2351119 0.8559055 0.7518544 0.2857021 0.17636007 0.7302842 0.5491158 0.22744618
0.1815 0.2362032 0.8515372 0.7543747 0.287162 0.17739922 0.7282344 0.5502183 0.22854222
0.182 0.2372994 0.8470479 0.7568485 0.2886207 0.17845258 0.72612035 0.55130017 0.22964244
0.1825 0.2384087 0.8424426 0.7592734 0.2900858 0.1795209 0.72393847 0.5523597 0.23074655
0.183 0.239529 0.8377252 0.7616462 0.2915568 0.18060505 0.72168493 0.5533946 0.23185427
0.1835 0.2406553 0.8328989 0.763964 0.2930314 0.18170601 0.7193551 0.5544027 0.23296534
0.184 0.2417825 0.827966 0.7662252 0.2945072 0.18282473 0.71694434 0.5553815 0.23407917
0.1845 0.2429074 0.8229288 0.7684292 0.2959825 0.18396223 0.71444684 0.5563278 0.23519547
0.185 0.2440273 0.8177894 0.770576 0.297455 0.18511978 0.7118566 0.557239 0.23631363
0.1855 0.2451408 0.8125496 0.7726659 0.2989233 0.18629864 0.70916665 0.5581115 0.237433
0.186 0.2462472 0.8072114 0.7746998 0.3003872 0.18750021 0.70636904 0.5589416 0.23855303
0.1865 0.2473469 0.8017733 0.7766771 0.3018466 0.18872598 0.70345485 0.5597251 0.23967294
0.187 0.2484393 0.7962378 0.7785984 0.3032993 0.18997762 0.70041376 0.5604571 0.24079175
0.1875 0.2495021 0.7906039 0.7804593 0.3047011 0.19125697 0.697234 0.5611325 0.24190848
0.188 0.2505357 0.7848747 0.7822592 0.3060763 0.19256604 0.69390166 0.5617452 0.24302183
0.1885 0.2515662 0.7790565 0.7840083 0.3074509 0.19390696 0.6904007 0.5622882 0.24413024
0.189 0.2526011 0.7731532 0.7857064 0.3088229 0.19528222 0.68671227 0.5627538 0.245232
0.1895 0.2536079 0.7671659 0.7873032 0.3101922 0.19669434 0.682814 0.5631327 0.24632497
0.19 0.2546095 0.7610951 0.7888476 0.3115514 0.19814622 0.67867875 0.56341434 0.24740635
0.1905 0.2556254 0.7549439 0.790371 0.312914 0.19964105 0.674274 0.5635862 0.24847285
0.191 0.2566549 0.7487153 0.7918727 0.3142829 0.20118189 0.6695595 0.56363326 0.24952029
0.1915 0.2576907 0.7424116 0.7933449 0.3156567 0.20277241 0.6644856 0.5635378 0.25054324
0.192 0.2587282 0.7360348 0.794781 0.3170337 0.20441577 0.6589893 0.5632781 0.25153458
0.1925 0.2597645 0.7295862 0.7961767 0.3184126 0.20611513 0.6529898 0.5628275 0.25248492
0.193 0.2607977 0.7230644 0.7974711 0.3197922 0.2078721 0.6463815 0.562153 0.25338125
0.1935 0.2617903 0.7164253 0.7972283 0.3211557 0.2096864 0.6390231 0.56121284 0.2542054
0.194 0.2627244 0.7096399 0.7969066 0.3225 0.2115522 0.6307213 0.55995405 0.25493097
0.1945 0.263657 0.7027497 0.7972318 0.3238437 0.21345365 0.6212038 0.5583079 0.25551832
0.195 0.2646125 0.6957947 0.7981196 0.3251916 0.21535328 0.6100749 0.5561851 0.2559049
0.1955 0.2655907 0.6887989 0.7993478 0.3265427 0.21716774 0.5967387 0.5534704 0.25598752
0.196 0.2665836 0.6817726 0.8007338 0.3278951 0.21871313 0.58026135 0.55002016 0.2555853
0.1965 0.2675835 0.6747179 0.8021576 0.3292475 0.21957102 0.5591138 0.54567575 0.25435913
0.197 0.2685845 0.6676269 0.8034566 0.3305988 0.21875432 0.5306876 0.540341 0.25162584
0.1975 0.2695821 0.6604899 0.8045493 0.3319478 0.21386218 0.49041986 0.5342625 0.2459246
0.198 0.2705742 0.6533019 0.8054909 0.3332943 0.1993469 0.43076596 0.52876204 0.23418935
0.1985 0.2715603 0.6460608 0.8063445 0.334631 0.16713089 0.34410745 0.52625996 0.21219914
0.199 0.2725399 0.6387669 0.8071529 0.3359521 0.1284498 0.24491474 0.52149945 0.1863775
0.1995 0.2735128 0.6314215 0.8079393 0.337272 0.11888484 0.18126853 0.5033964 0.18251024
0.2 0.2744793 0.6240263 0.8087138 0.3385925 -0.03679391 0.23441666 0.2558353 0.08731429
0.2005 0.2644031 0.6162918 0.7950117 0.3240677 -0.10893492 0.19510804 -0.03662996 0.005148016
0.201 0.2503258 0.6078853 0.7784136 0.3092149 -0.03585591 0.04077362 -0.008749962 -0.06038539
0.2015 0.2405007 0.5991297 0.7647568 0.2982204 -0.025176449 0.044330705 0.11130463 -0.027111456
0.202 0.2339723 0.5902843 0.7532787 0.2888505 -0.041243594 0.0015920289 0.0006329864 -0.017853245
0.2025 0.2292177 0.5815001 0.7429228 0.2801987 -0.057865303 0.043675262 -0.036038235 -0.01437217
0.203 0.2253253 0.5728606 0.7330639 0.2719814 -0.048613545 0.065574035 0.013243146 -0.031538144
0.2035 0.2218409 0.5644141 0.7234 0.264106 -0.030988533 0.06913093 0.07339245 -0.030205399
0.204 0.2185521 0.5561902 0.7138009 0.2565345 -0.034385826 0.050248224 0.04140257 -0.019353077
0.2045 0.2153615 0.5482091 0.7042166 0.249245 -0.046701573 0.07496023 0.009104952 -0.012023911
0.205 0.2122247 0.5404848 0.6946326 0.242221 -0.04459411 0.09420487 0.027113818 -0.02110286
0.2055 0.2091213 0.5330275 0.6850493 0.2354485 -0.033522546 0.10066822 0.067555025 -0.023104966
0.206 0.206042 0.5258447 0.6754725 0.2289146 -0.031111185 0.094049364 0.06259953 -0.016248897
0.2065 0.2029826 0.5189416 0.6659103 0.2226074 -0.037877433 0.10472554 0.040453963 -0.010186985
0.207 0.1999413 0.5123219 0.6563712 0.2165159 -0.039006382 0.1220648 0.045835182 -0.012441769
0.2075 0.1969177 0.5059876 0.6468633 0.2106296 -0.032791387 0.13078435 0.06977601 -0.014571279
0.208 0.1939116 0.4999397 0.6373944 0.2049388 -0.029012267 0.13106251 0.07534151 -0.010938615
0.2085 0.1909235 0.4941781 0.6279718 0.1994343 -0.0316121 0.13712342 0.06399371 -0.0061341375
0.209 0.1879538 0.488702 0.618602 0.1941074 -0.033224877 0.1501762 0.063820034 -0.0052933246
0.2095 0.1850031 0.4835097 0.6092914 0.18895 -0.03018793 0.1598262 0.077140585 -0.0060698017
0.21 0.1820719 0.4785992 0.6000454 0.1839543 -0.026821598 0.16390896 0.084749684 -0.004138142
0.2105 0.1791608 0.4739678 0.5908694 0.1791131 -0.027031098 0.16905919 0.08091751 -0.00058024377
0.211 0.1762702 0.4696125 0.581768 0.1744196 -0.02802267 0.17874213 0.079640776 0.0014331117
0.2115 0.1734009 0.4655302 0.5727456 0.1698674 -0.026657883 0.18795359 0.08657941 0.0019154847
0.212 0.1705531 0.4617171 0.5638061 0.1654503 -0.024218438 0.19392744 0.093085825 0.0032803789
0.2125 0.1677274 0.4581695 0.5549531 0.1611626 -0.023373295 0.19933705 0.093255505 0.005886078
0.213 0.1649243 0.4548836 0.5461898 0.1569989 -0.023591341 0.20701523 0.09265217 0.00812836
0.2135 0.1621441 0.4518552 0.5375193 0.1529541 -0.022902843 0.2152398 0.09622049 0.009385616
0.214 0.1593873 0.4490803 0.528944 0.1490233 -0.021279138 0.22187655 0.100930706 0.010708004
0.2145 0.1566541 0.4465546 0.5204664 0.1452021 -0.020162825 0.22765706 0.10268521 0.0127256885
0.215 0.1539449 0.444274 0.5120886 0.1414859 -0.019832615 0.2343064 0.10300124 0.014819764
0.2155 0.15126 0.442234 0.5038125 0.1378709 -0.019315718 0.24155398 0.10501991 0.016409636
0.216 0.1485996 0.4404306 0.4956397 0.134353 -0.018225761 0.248164 0.10820378 0.017817244
0.2165 0.1459641 0.4388593 0.4875718 0.1309286 -0.017182592 0.254098 0.11025517 0.019514851
0.217 0.1433536 0.437516 0.4796098 0.1275942 -0.016580751 0.26021713 0.11116311 0.021364987
0.2175 0.1407684 0.4363964 0.4717551 0.1243465 -0.016054835 0.26669848 0.112546146 0.023003519
0.218 0.1382086 0.4354963 0.4640084 0.1211825 -0.015258588 0.27297404 0.114683434 0.024450958
0.2185 0.1356745 0.4348116 0.4563706 0.1180991 -0.014381297 0.27882564 0.116501614 0.025965787
0.219 0.133166 0.4343382 0.4488422 0.1150934 -0.013704147 0.28460264 0.117623314 0.027582295
0.2195 0.1306834 0.4340719 0.4414238 0.1121629 -0.013147514 0.2905188 0.11873625 0.029123023
0.22 0.1282268 0.4340089 0.4341157 0.109305 -0.012500232 0.2963729 0.12022029 0.030526392
0.2205 0.1257962 0.4341451 0.4269183 0.1065172 -0.011776656 0.3019864 0.12166874 0.031902492
0.221 0.1233917 0.4344766 0.4198315 0.1037971 -0.011126572 0.307464 0.1227525 0.0333142
0.2215 0.1210134 0.4349997 0.4128555 0.1011428 -0.010568701 0.31294632 0.123698965 0.034695223
0.222 0.1186613 0.4357106 0.4059903 0.09855188 -0.010002721 0.318389 0.12477648 0.035986796
0.2225 0.1163354 0.4366056 0.3992356 0.09602251 -0.009395985 0.323692 0.12587743 0.037222147
0.223 0.1140358 0.437681 0.3925913 0.09355274 -0.008811157 0.32886857 0.12680243 0.038447574
0.2235 0.1117624 0.4389332 0.386057 0.09114075 -0.008282648 0.33398917 0.12759393 0.039647587
0.224 0.1095152 0.4403588 0.3796324 0.08878478 -0.007773634 0.33905968 0.12839855 0.04078582
0.2245 0.1072942 0.4419543 0.3733171 0.08648318 -0.0072529186 0.34403673 0.12921496 0.04186505
0.225 0.1050993 0.4437163 0.3671105 0.08423434 -0.0067395046 0.34891108 0.12994583 0.042910308
0.2255 0.1029306 0.4456415 0.3610121 0.08203674 -0.0062579066 0.35371193 0.1305781 0.043923765
0.226 0.1007878 0.4477266 0.3550213 0.07988892 -0.0057995655 0.35845292 0.13117872 0.044887617
0.2265 0.09867106 0.4499685 0.3491374 0.07778947 -0.005345747 0.3631206 0.13177077 0.045796633
0.227 0.09658017 0.452364 0.3433598 0.07573705 -0.0048980713 0.36770698 0.13231525 0.046661757
0.2275 0.09451506 0.4549101 0.3376877 0.07373038 -0.004469402 0.3722222 0.13279286 0.04748836
0.228 0.09247564 0.4576036 0.3321202 0.07176821 -0.004060559 0.3766772 0.13322951 0.0482696
0.2285 0.09046181 0.4604418 0.3266567 0.06984935 -0.003662765 0.381071 0.1336454 0.049000323
0.229 0.08847344 0.4634216 0.3212963 0.06797268 -0.0032731257 0.38540098 0.13402945 0.049684383
0.2295 0.08651041 0.4665403 0.316038 0.06613708 -0.0028968416 0.38967174 0.13436887 0.050326005
0.23 0.0845726 0.469795 0.310881 0.0643415 -0.0025364608 0.3938909 0.13467203 0.05092363
0.2305 0.08265986 0.4731831 0.3058243 0.06258493 -0.0021886192 0.39806247 0.134952 0.05147408
0.231 0.08077207 0.4767019 0.300867 0.06086639 -0.0018505808 0.40218848 0.13520844 0.051978298
0.2315 0.07890906 0.4803487 0.2960082 0.05918494 -0.0015237629 0.40627357 0.13543585 0.052438915
0.232 0.07707069 0.484121 0.2912468 0.05753966 -0.0012099054 0.41032472 0.13563657 0.052856386
0.2325 0.07525681 0.4880163 0.2865818 0.05592968 -0.00090825185 0.41434872 0.13581859 0.053229332
0.233 0.07346725 0.4920321 0.2820122 0.05435417 -0.0006169714 0.41835183 0.13598503 0.053557955
0.2335 0.07170183 0.496166 0.277537 0.05281229 -0.00033594668 0.42234161 0.13613528 0.05384375
0.234 0.06996041 0.5004157 0.2731551 0.05130327 -6.615743e-05 0.42632762 0.13627099 0.054087766
0.2345 0.06824279 0.5047788 0.2688655 0.04982634 0.00019271672 0.43032077 0.13639767 0.05428973
0.235 0.0665488 0.5092531 0.2646671 0.04838078 0.00044167787 0.43433294 0.1365198 0.05444996
0.2355 0.06487826 0.5138363 0.2605589 0.04696586 0.00068130344 0.43837848 0.13664004 0.054569483
0.236 0.06323099 0.5185263 0.2565397 0.04558089 0.00091184303 0.44247422 0.1367618 0.054649226
0.2365 0.0616068 0.5233209 0.2526086 0.04422523 0.0011337213 0.44664085 0.13689063 0.054689832
0.237 0.06000551 0.5282181 0.2487643 0.04289821 0.0013481788 0.45090288 0.1370331 0.05469176
0.2375 0.05842691 0.5332158 0.2450059 0.04159922 0.0015569441 0.45529082 0.1371959 0.054655857
0.238 0.05687082 0.538312 0.2413322 0.04032765 0.0017619394 0.45984265 0.1373863 0.054583415
0.2385 0.05533703 0.5435047 0.2377422 0.03908292 0.0019659512 0.46460685 0.13761465 0.054475434
0.239 0.05382537 0.5487921 0.2342348 0.03786445 0.0021734126 0.46964648 0.13789405 0.054333128
0.2395 0.05233561 0.5541722 0.2308088 0.0366717 0.0023913085 0.4750451 0.13824055 0.05415807
0.24 0.05086758 0.5596432 0.2274633 0.03550414 0.0026299395 0.48091674 0.13867536 0.05395273
0.2405 0.04942105 0.5652034 0.2241971 0.03436123 0.0029060282 0.48742142 0.13922769 0.05372069
0.241 0.04799584 0.5708508 0.2210091 0.03324248 0.0032475144 0.49479106 0.1399385 0.053467676
0.2415 0.04659173 0.5765838 0.2178984 0.0321474 0.0037027784 0.5033756 0.14086704 0.053203776
0.242 0.04520853 0.5824007 0.2148637 0.03107552 0.004360523 0.51372623 0.14210221 0.052948944
0.2425 0.04384603 0.5882999 0.2119041 0.03002636 0.005393453 0.5267577 0.14378199 0.052745044
0.243 0.04250403 0.5942796 0.2090185 0.02899949 0.0071643665 0.54407626 0.14612556 0.052688204
0.2435 0.04118231 0.6003384 0.2062059 0.02799446 0.010499924 0.5686676 0.14947905 0.05302141
0.244 0.03988068 0.6064746 0.2034652 0.02701084 0.017409597 0.6062502 0.15433308 0.054406226
0.2445 0.03859893 0.6126867 0.2007953 0.02604824 0.032450415 0.66657174 0.16118038 0.058562577
0.245 0.03733685 0.6189732 0.1981953 0.02510623 0.058635116 0.75349534 0.17153178 0.06740073
0.2455 0.03609424 0.6253327 0.1956642 0.02418443 0.06669336 0.82367355 0.19556284 0.072136134
0.246 0.03487089 0.6317637 0.1932008 0.02328246 0.04223431 0.8457793 0.22275178 0.06650558
0.2465 0.0336666 0.6382648 0.1908043 0.02239994 0.032888122 0.84201324 0.22425507 0.050381064
0.247 0.03248117 0.6448346 0.1884736 0.02153652 0.03534443 0.81787115 0.22134869 0.026528604
0.2475 0.03131438 0.6514717 0.1862077 0.02069183 0.03576103 0.81558144 0.21764013 0.028317124
0.248 0.03016604 0.658175 0.1840057 0.01986553 0.032688707 0.8197052 0.21405001 0.033345222
0.2485 0.02903594 0.6649429 0.1818666 0.01905729 0.03376481 0.81709695 0.21856149 0.029541373
0.249 0.02792389 0.6717744 0.1797894 0.01826678 0.03449566 0.81874317 0.22127065 0.029401816
0.2495 0.02682967 0.6786681 0.1777732 0.01749368 0.032649547 0.8191732 0.21914963 0.030383222
0.25 0.0257531 0.6856228 0.1758171 0.01673767 0.032700583 0.8195583 0.2195066 0.030663423
0.2505 0.02469555 0.6925503 0.1739202 0.01602011 0.03412623 0.8210932 0.22079045 0.031047098
0.251 0.02366604 0.6992664 0.1720808 0.0153761 0.034946993 0.8208222 0.22039858 0.03087876
0.2515 0.02266749 0.7057071 0.1702919 0.01479192 0.035567574 0.8220437 0.21965712 0.032643244
0.252 0.02169739 0.7118401 0.1685467 0.01425768 0.03624419 0.82348716 0.21940291 0.03403105
0.2525 0.02075306 0.7176478 0.1668402 0.01376884 0.037180625 0.82402563 0.21972196 0.034507327
0.253 0.0198328 0.7231202 0.1651693 0.01332275 0.03797082 0.82512367 0.21967848 0.03565044
0.2535 0.01893557 0.7282518 0.1635313 0.01291741 0.038555823 0.82613146 0.21933773 0.036833867
0.254 0.01806078 0.73304 0.1619242 0.01255105 0.039368756 0.8270202 0.21937461 0.03779891
0.2545 0.017208 0.7374845 0.1603465 0.01222205 0.040148318 0.8279903 0.219394 0.038800865
0.255 0.01637693 0.7415864 0.1587964 0.01192887 0.040832378 0.82884955 0.21926422 0.039824978
0.2555 0.01556728 0.7453483 0.1572727 0.01167006 0.041563086 0.8297846 0.21920893 0.040902577
0.256 0.0147788 0.7487738 0.1557739 0.01144427 0.042287454 0.8306792 0.21918969 0.041918628
0.2565 0.01401125 0.7518674 0.1542988 0.0112502 0.043006226 0.8315178 0.21916814 0.04292181
0.257 0.01326439 0.7546341 0.1528463 0.01108662 0.043709554 0.83239484 0.2191305 0.04397805
0.2575 0.01253797 0.7570795 0.1514153 0.01095236 0.044405863 0.833234 0.21910506 0.045008868
0.258 0.01183175 0.7592097 0.1500048 0.01084633 0.045111135 0.8340543 0.21910776 0.04603146
0.2585 0.01114549 0.7610309 0.1486138 0.01076747 0.045801178 0.83486867 0.21910204 0.047066838
0.259 0.01047896 0.7625497 0.1472415 0.01071478 0.046484523 0.8356596 0.21909922 0.048100002
0.2595 0.009831894 0.7637728 0.1458868 0.01068733 0.047168113 0.8364402 0.21911216 0.049134262
0.26 0.009204065 0.7647069 0.1445491 0.01068422 0.0478445 0.8372011 0.21912946 0.05016631
0.2605 0.008595224 0.7653589 0.1432275 0.01070457 0.048515953 0.83794415 0.21915147 0.051200345
0.261 0.008005128 0.7657355 0.1419213 0.01074759 0.049182467 0.8386733 0.21917991 0.05223743
0.2615 0.007433532 0.7658435 0.1406297 0.01081249 0.049844638 0.8393824 0.21921545 0.053272568
0.262 0.006880191 0.7656896 0.1393522 0.01089853 0.050502755 0.84007394 0.21925716 0.054309078
0.2625 0.006344863 0.7652806 0.1380879 0.01100501 0.051155575 0.8407476 0.21930361 0.05534736
0.263 0.005827304 0.7646229 0.1368364 0.01113124 0.051804326 0.8414018 0.21935576 0.056385994
0.2635 0.005327272 0.763723 0.135597 0.0112766 0.052449085 0.84203726 0.21941397 0.057425663
0.264 0.004844523 0.7625873 0.1343692 0.01144045 0.05308952 0.84265256 0.21947679 0.05846621
0.2645 0.004378818 0.761222 0.1331523 0.01162222 0.053725913 0.84324753 0.21954447 0.059507884
0.265 0.003929916 0.7596331 0.1319459 0.01182134 0.05435834 0.8438222 0.2196167 0.060550757
0.2655 0.003497579 0.7578267 0.1307494 0.01203727 0.054987013 0.84437525 0.21969329 0.06159441
0.266 0.003081569 0.7558084 0.1295624 0.01226949 0.05561191 0.84490657 0.21977393 0.062639244
0.2665 0.002681648 0.7535841 0.1283844 0.01251752 0.05623319 0.84541535 0.21985817 0.063685164
0.267 0.002297584 0.7511591 0.127215 0.01278088 0.0568508 0.8459012 0.21994576 0.064732164
0.2675 0.001929142 0.748539 0.1260536 0.01305911 0.057465024 0.84636337 0.22003633 0.06578015
0.268 0.00157609 0.745729 0.1249 0.01335179 0.058075927 0.8468012 0.2201295 0.06682922
0.2685 0.001238199 0.7427342 0.1237536 0.01365848 0.058683455 0.8472141 0.22022475 0.06787936
0.269 0.0009152402 0.7395596 0.1226141 0.01397879 0.05928792 0.8476013 0.22032179 0.06893058
0.2695 0.0006069874 0.7362101 0.1214812 0.01431234 0.05988916 0.8479621 0.22042012 0.06998272
0.27 0.0003132161 0.7326903 0.1203544 0.01465875 0.06048757 0.8482957 0.22051926 0.07103583
0.2705 3.370379e-05 0.7290048 0.1192335 0.01501766 0.061082833 0.84860116 0.22061867 0.072089955
0.271 -0.0002317701 0.7251582 0.1181181 0.01538874 0.061675422 0.848878 0.22071774 0.07314493
0.2715 -0.000483424 0.7211548 0.1170078 0.01577165 0.062265165 0.849125 0.22081597 0.07420081
0.272 -0.0007214743 0.7169988 0.1159025 0.01616606 0.06285226 0.8493413 0.22091268 0.07525743
0.2725 -0.000946135 0.7126943 0.1148017 0.01657169 0.06343673 0.84952617 0.2210072 0.076314956
0.273 -0.001157618 0.7082453 0.1137052 0.01698822 0.064018644 0.8496785 0.22109902 0.07737313
0.2735 -0.001356134 0.7036557 0.1126128 0.01741538 0.06459808 0.8497971 0.22118713 0.078431934
0.274 -0.001545636 0.6989289 0.1115182 0.01784958 0.06517527 0.84988105 0.22127101 0.07949136
0.2745 -0.001726394 0.6940683 0.1104231 0.01829012 0.06574998 0.8499293 0.22134976 0.08055131
0.275 -0.001893856 0.6890778 0.1093337 0.01874065 0.06632256 0.8499405 0.22142237 0.08161169
0.2755 -0.002046789 0.6839611 0.1082508 0.01920216 0.066892855 0.84991336 0.2214882 0.08267246
0.276 -0.002185592 0.6787217 0.1071735 0.01967447 0.06746109 0.8498467 0.22154592 0.0837335
0.2765 -0.0023111 0.6733631 0.1061003 0.02015712 0.06802727 0.84973913 0.22159497 0.08479467
0.277 -0.002424115 0.6678884 0.1050304 0.02064962 0.06859143 0.84958917 0.22163394 0.085856006
0.2775 -0.002525274 0.6623007 0.103963 0.02115152 0.069153614 0.8493954 0.22166163 0.086917266
0.278 -0.002615055 0.656603 0.1028977 0.02166244 0.06971404 0.849156 0.22167723 0.08797832
0.2785 -0.002693816 0.6507982 0.1018341 0.02218204 0.0702725 0.84886956 0.22167903 0.08903921
0.279 -0.00276183 0.6448891 0.1007721 0.02271 0.07082926 0.8485342 0.22166593 0.09009965
0.2795 -0.00281932 0.6388784 0.09971133 0.02324606 0.07138428 0.8481479 0.22163644 0.09115964
0.28 -0.002866477 0.6327688 0.09865176 0.02378997 0.07193763 0.8477089 0.22158904 0.092218906
0.2805 -0.002903474 0.6265629 0.09759321 0.02434148 0.07248937 0.84721494 0.22152232 0.09327735
0.281 -0.002930474 0.6202632 0.09653556 0.02490041 0.07303957 0.8466637 0.22143428 0.09433478
0.2815 -0.002947635 0.6138722 0.09547869 0.02546654 0.0735882 0.8460531 0.22132324 0.09539114
0.282 -0.002955111 0.6073923 0.09442247 0.02603968 0.07413552 0.84538025 0.2211875 0.09644604
0.2825 -0.002953057 0.6008257 0.0933668 0.02661967 0.074681364 0.8446425 0.22102484 0.097499415
0.283 -0.002941625 0.5941749 0.09231157 0.02720634 0.07522585 0.8438371 0.22083317 0.09855105
0.2835 -0.002920969 0.587442 0.09125666 0.02779953 0.07576917 0.84296083 0.22061048 0.0996006
0.284 -0.002891241 0.5806291 0.09020197 0.02839908 0.07631119 0.84201026 0.22035402 0.10064791
0.2845 -0.00285259 0.5737383 0.08914741 0.02900486 0.07685213 0.8409817 0.22006138 0.10169266
0.285 -0.002805169 0.5667717 0.08809286 0.02961671 0.077392 0.8398715 0.2197299 0.10273458
0.2855 -0.002749124 0.5597312 0.08703825 0.03023451 0.07793086 0.83867526 0.21935661 0.10377337
0.286 -0.002684605 0.5526189 0.08598347 0.03085812 0.0784689 0.8373883 0.21893854 0.10480851
0.2865 -0.002611757 0.5454364 0.08492844 0.03148742 0.079006106 0.83600557 0.21847233 0.105839774
0.287 -0.002530725 0.5381858 0.08387308 0.03212228 0.07954264 0.83452165 0.21795441 0.10686673
0.2875 -0.002441651 0.5308686 0.0828173 0.03276258 0.0800785 0.8329303 0.21738105 0.10788868
0.288 -0.002344676 0.5234868 0.08176103 0.03340822 0.08061392 0.8312252 0.21674812 0.108905345
0.2885 -0.002239939 0.5160419 0.08070419 0.03405906 0.08114897 0.82939863 0.21605113 0.10991593
0.289 -0.002127577 0.5085355 0.07964672 0.03471502 0.0816837 0.8274426 0.21528558 0.11091988
0.2895 -0.002007996 0.4998232 0.0785708 0.03537292 0.08221838 0.8253479 0.21444601 0.11191635
0.29 -0.001882258 0.4902493 0.0774461 0.03603287 0.08275302 0.8231041 0.2135269 0.112904474
0.2905 -0.001749837 0.4807048 0.07629516 0.03669886 0.08328769 0.8206997 0.2125221 0.11388327
0.291 -0.00161028 0.4715184 0.07514255 0.0373709 0.083822645 0.8181215 0.21142472 0.11485152
0.2915 -0.001463505 0.4627674 0.0740026 0.03804856 0.084357746 0.81535447 0.21022728 0.11580801
0.292 -0.001309598 0.454414 0.07288089 0.03873145 0.084893145 0.81238115 0.20892146 0.116751045
0.2925 -0.001148701 0.4463774 0.07177767 0.03941927 0.08542869 0.80918145 0.2074976 0.117678896
0.293 -0.0009809759 0.4385687 0.07069056 0.04011179 0.085964255 0.80573153 0.2059453 0.11858933
0.2935 -0.0008065824 0.4309066 0.06961622 0.04080882 0.08649945 0.80200374 0.20425224 0.119479805
0.294 -0.0006256753 0.423324 0.06855128 0.0415102 0.08703369 0.79796445 0.20240448 0.12034713
0.2945 -0.0004384018 0.4157682 0.06749271 0.04221578 0.08756598 0.7935729 0.20038556 0.12118733
0.295 -0.0002449011 0.4082002 0.066438 0.04292545 0.08809466 0.78877944 0.19817606 0.12199576
0.2955 -4.53052e-05 0.400592 0.06538519 0.0436391 0.08861724 0.7835213 0.19575243 0.1227663
0.296 0.0001602607 0.3929248 0.06433277 0.04435664 0.0891298 0.77771926 0.19308604 0.12349112
0.2965 0.0003716973 0.3851869 0.06327965 0.04507798 0.08962608 0.7712699 0.19014098 0.12415995
0.297 0.0005889155 0.3773716 0.06222505 0.04580305 0.09009636 0.7640352 0.18687136 0.12475887
0.2975 0.0008117985 0.369476 0.06116844 0.04653177 0.09052471 0.7558263 0.18321678 0.12526856
0.298 0.001040221 0.3615 0.06010948 0.04726405 0.09088436 0.74637514 0.17909539 0.12566109
0.2985 0.001274061 0.3534452 0.05904796 0.04799983 0.09112917 0.73528695 0.17439257 0.12589405
0.299 0.001513206 0.3453145 0.05798377 0.04873902 0.091175 0.7219524 0.16894123 0.12589973
0.2995 0.001757549 0.3371112 0.05691686 0.04948156 0.090859234 0.7053789 0.16248804 0.12556243
0.3 0.00200699 0.3288394 0.05584726 0.05022737 0.08984273 0.6838425 0.15463077 0.12466703
0.3005 0.002261479 0.3205899 0.05477611 0.05097724 0.08900454 0.6619896 0.1488068 0.12310831
0.301 0.002521357 0.3125503 0.05371031 0.05173376 0.08460167 0.63659805 0.14163524 0.12239598
0.3015 0.002786818 0.3047876 0.05265613 0.05249699 0.07660588 0.60010695 0.13353679 0.119962126
0.302 0.003057829 0.2973371 0.0516175 0.05326687 0.059891 0.5376315 0.1234823 0.113024086
0.3025 0.003334332 0.2902188 0.05059698 0.05404348 0.026792496 0.43037537 0.10894588 0.09817959
0.303 0.003616282 0.2834448 0.04959636 0.05482695 -0.014719905 0.28715432 0.08698444 0.07558901
0.3035 0.003902599 0.2770228 0.04861656 0.05561069 -0.02424407 0.17825574 0.06969885 0.063862264
0.304 0.004190914 0.270957 0.04765751 0.05639182 -0.009935234 0.12844099 0.07759519 0.07137462
0.3045 0.004483176 0.2652489 0.04672126 0.05718032 -0.0073089506 0.114333495 0.061729357 0.07865824
0.305 0.004781421 0.2598985 0.04580955 0.05797946 -0.011382809 0.13292225 0.05464931 0.08062509
0.3055 0.005086378 0.2549043 0.04492324 0.0587895 -0.01160164 0.15356682 0.07207345 0.0821711
0.306 0.005398044 0.2502635 0.04406277 0.05960994 -0.005948741 0.161666 0.092325635 0.08721396
0.3065 0.005716082 0.2459725 0.04322841 0.06044046 -0.0007839184 0.15991494 0.08990102 0.09091888
0.307 0.006039801 0.2420272 0.04242031 0.06128147 -0.00092471763 0.16568363 0.08097577 0.09169085
0.3075 0.006369395 0.2384223 0.04163871 0.06213117 -0.002202848 0.18082716 0.0858094 0.092842445
0.308 0.006705021 0.235152 0.04088392 0.06298912 -0.00028657913 0.19256537 0.098844275 0.09565799
0.3085 0.007046429 0.2322101 0.04015616 0.06385524 0.0038944483 0.19652092 0.105072215 0.09871937
0.309 0.007393302 0.2295905 0.03945559 0.06472949 0.0060008466 0.20014274 0.10213447 0.10067187
0.3095 0.00774542 0.2272865 0.03878234 0.06561178 0.005787622 0.20940562 0.10128287 0.10193904
0.31 0.008102665 0.2252916 0.03813651 0.06650206 0.0063067973 0.22004344 0.10747165 0.10363799
0.3105 0.008464999 0.2235989 0.03751815 0.06740027 0.008828346 0.22673969 0.11442269 0.105869845
0.311 0.008832418 0.2222017 0.03692734 0.06830635 0.01138201 0.23102792 0.116084926 0.10800034
0.3115 0.009204941 0.2210931 0.0363641 0.06922024 0.012327235 0.23724268 0.11504772 0.10955651
0.312 0.009582587 0.2202664 0.03582843 0.07014191 0.012697905 0.24549286 0.11696225 0.11085628
0.3125 0.009965374 0.2197149 0.03532033 0.0710713 0.014068164 0.25261015 0.12167077 0.11239356
0.313 0.01035331 0.2194318 0.03483977 0.07200838 0.016172491 0.2576362 0.12488138 0.11413585
0.3135 0.01074641 0.2194105 0.03438671 0.0729531 0.017674252 0.262643 0.1252189 0.11569494
0.314 0.01114467 0.2196447 0.03396107 0.07390542 0.018370952 0.26891524 0.12554619 0.11690369
0.3145 0.01154808 0.2201279 0.03356278 0.0748653 0.019231904 0.27527687 0.12787698 0.11802329
0.315 0.01195661 0.2208538 0.03319175 0.07582671 0.020729057 0.28046173 0.13067378 0.1192853
0.3155 0.01237008 0.2218164 0.03284787 0.07679078 0.022253387 0.28499764 0.13190359 0.12058483
0.316 0.01278847 0.2230095 0.03253103 0.07776439 0.023245752 0.28997374 0.13208094 0.12168662
0.3165 0.01321188 0.2244275 0.03224109 0.07874793 0.024010267 0.29529315 0.13294806 0.122584894
0.317 0.0136404 0.2260644 0.03197793 0.07974081 0.025074415 0.30013263 0.13466735 0.123471305
0.3175 0.01407406 0.2279148 0.03174141 0.08074249 0.026367027 0.30435067 0.13596736 0.12442508
0.318 0.01451287 0.2299731 0.03153137 0.08175252 0.02745632 0.30852452 0.1363286 0.12532414
0.3185 0.01495681 0.232234 0.03134766 0.08277056 0.028268836 0.312915 0.13656549 0.12605916
0.319 0.01540584 0.2346924 0.03119012 0.08379633 0.029116131 0.31717122 0.13733172 0.12669267
0.3195 0.01585984 0.2373431 0.03105856 0.08482961 0.030147985 0.32101882 0.13821425 0.12733716
0.32 0.01631877 0.2401812 0.03095282 0.08587019 0.031170703 0.32465106 0.13860111 0.12798505
0.3205 0.01678267 0.243202 0.0308727 0.08691794 0.032013647 0.32832408 0.13862532 0.128546
0.321 0.01725156 0.2464008 0.03081801 0.08797272 0.032776035 0.3319672 0.138792 0.12899788
0.3215 0.01772545 0.2497729 0.03078857 0.08903443 0.033615567 0.3353845 0.13915583 0.12940772
0.322 0.01820432 0.2533141 0.03078418 0.09010299 0.034503132 0.33858538 0.1393623 0.12981829
0.3225 0.01868814 0.2570199 0.03080464 0.09117831 0.035312526 0.34171984 0.13927463 0.13019346
0.323 0.01917688 0.2608861 0.03084974 0.09226031 0.036031194 0.34482348 0.13912061 0.13049115
0.3235 0.01967061 0.2649087 0.03091928 0.09334896 0.036749847 0.34780428 0.13906956 0.13072896
0.324 0.02016934 0.2690838 0.03101305 0.09444422 0.037502475 0.35062176 0.13900779 0.13094774
0.3245 0.02067299 0.2734074 0.03113084 0.09554599 0.038232327 0.35333768 0.13878644 0.13114958
0.325 0.02118146 0.2778759 0.03127243 0.09665422 0.03890004 0.35600087 0.13845141 0.13130674
0.3255 0.0216947 0.2824854 0.03143761 0.09776881 0.039536715 0.3585851 0.13812643 0.13141215
0.326 0.02221272 0.2872325 0.03162615 0.09888971 0.040178843 0.36105648 0.1378159 0.13148746
0.3265 0.02273552 0.2921136 0.03183783 0.1000169 0.040813908 0.36343163 0.13743807 0.13154696
0.327 0.02326305 0.2971254 0.03207244 0.1011502 0.041413106 0.36574277 0.13697314 0.13158162
0.3275 0.02379521 0.3022647 0.03232975 0.1022897 0.041978665 0.367991 0.13647684 0.13158092
0.328 0.02433197 0.3075281 0.03260953 0.1034352 0.042531095 0.3701601 0.13598043 0.13155133
0.3285 0.02487329 0.3129126 0.03291156 0.1045867 0.043074124 0.37225118 0.13545758 0.13150473
0.329 0.02541914 0.3184152 0.03323561 0.1057442 0.043594755 0.37428018 0.13488424 0.13144235
0.3295 0.02596952 0.3240329 0.03358145 0.1069075 0.04408767 0.37625447 0.13427576 0.13135849
0.33 0.02652442 0.3297628 0.03394886 0.1080765 0.044560574 0.37816995 0.13365513 0.13125335
0.3305 0.02708381 0.3356022 0.03433762 0.1092514 0.045018777 0.38002512 0.13302074 0.13113318
0.331 0.02764769 0.3415483 0.03474749 0.1104319 0.045458637 0.3818274 0.13236034 0.13100198
0.3315 0.02821312 0.3475983 0.03517683 0.1116014 0.04587596 0.38358286 0.13167512 0.13085845
0.332 0.0287764 0.3537492 0.03562348 0.112761 0.046272457 0.3852923 0.13097611 0.130702
0.3325 0.02934235 0.3599986 0.03609014 0.1139283 0.046651118 0.38695595 0.13026758 0.13053542
0.333 0.02991473 0.3663443 0.03657833 0.1151081 0.047011696 0.38857713 0.12954615 0.13036175
0.3335 0.03049457 0.3727841 0.03708808 0.1162999 0.04735242 0.39016002 0.12881117 0.13018191
0.334 0.03108146 0.3793158 0.03761879 0.1175024 0.047673084 0.39170673 0.12806654 0.12999602
0.3345 0.0316746 0.3859373 0.03816982 0.1187142 0.047974996 0.39321867 0.12731618 0.12980531
0.335 0.03227325 0.3926463 0.03874059 0.1199344 0.048258483 0.39469784 0.12656035 0.12961185
0.3355 0.03287588 0.3994408 0.03933038 0.1211595 0.04852312 0.39614704 0.12579921 0.1294169
0.336 0.03347928 0.4063182 0.03993771 0.1223871 0.048768587 0.39756846 0.12503444 0.12922129
0.3365 0.03408601 0.4132767 0.04056339 0.1236214 0.04899531 0.39896366 0.12426801 0.1290257
0.337 0.03469814 0.4203145 0.04120792 0.1248631 0.049203597 0.40033442 0.12350157 0.12883149
0.3375 0.03531602 0.4274297 0.04187116 0.1261115 0.04939335 0.4016827 0.12273559 0.12863982
0.338 0.03593933 0.4346205 0.04255275 0.1273663 0.049564622 0.40301046 0.121971175 0.12845145
0.3385 0.03656761 0.4418851 0.04325235 0.128627 0.049717553 0.40431896 0.12120971 0.12826724
0.339 0.03720038 0.4492217 0.04396961 0.1298931 0.049852222 0.40560994 0.120452374 0.12808801
0.3395 0.0378372 0.4566285 0.04470425 0.1311643 0.04996889 0.406885 0.119700044 0.12791468
0.34 0.03847795 0.4641038 0.045456 0.1324404 0.050067432 0.4081454 0.11895345 0.12774791
0.3405 0.03912266 0.471646 0.04622466 0.1337213 0.050148167 0.40939268 0.11821376 0.12758848
0.341 0.03977136 0.4792533 0.04701001 0.135007 0.050211124 0.4106281 0.11748178 0.127437
0.3415 0.04042404 0.4869243 0.04781184 0.1362972 0.050256424 0.41185284 0.11675826 0.12729414
0.342 0.0410794 0.494657 0.04862866 0.1375761 0.050284326 0.4130682 0.116044015 0.12716039
0.3425 0.04173114 0.5024491 0.04945656 0.1388259 0.050294884 0.4142752 0.11533977 0.12703636
0.343 0.04237578 0.5102984 0.0502952 0.1400581 0.05028826 0.41547516 0.11464621 0.12692252
0.3435 0.04302161 0.5182021 0.05114966 0.1413025 0.050264657 0.41666892 0.11396399 0.12681945
0.344 0.04367525 0.526158 0.05202264 0.1425664 0.050224237 0.4178575 0.11329368 0.12672743
0.3445 0.04433845 0.534165 0.05291405 0.1438489 0.05016718 0.41904196 0.112635925 0.1266469
0.345 0.04501045 0.5422226 0.05382281 0.1451468 0.0500936 0.42022303 0.1119912 0.12657817
0.3455 0.04568741 0.5503301 0.0547435 0.1464557 0.050003804 0.4214017 0.11136004 0.12652168
0.346 0.04635814 0.5584858 0.0556606 0.1477692 0.049897946 0.42257884 0.11074287 0.12647751
0.3465 0.0470331 0.5666892 0.05659313 0.1490919 0.049776264 0.42375508 0.110140175 0.12644601
0.347 0.04771767 0.574941 0.05754871 0.1504238 0.049638934 0.4249313 0.10955231 0.12642747
0.3475 0.04841145 0.5832413 0.05852609 0.1517636 0.049486242 0.4261081 0.10897964 0.12642199
0.348 0.04911265 0.5915897 0.05952243 0.1531103 0.0493183 0.4272863 0.10842262 0.12642972
0.3485 0.04981959 0.5999858 0.06053525 0.1544629 0.049135506 0.42846653 0.107881516 0.12645079
0.349 0.05053112 0.6084284 0.0615628 0.1558208 0.048938014 0.42964938 0.10735658 0.12648532
0.3495 0.0512465 0.6169167 0.06260407 0.1571834 0.04872614 0.43083546 0.106848076 0.1265334
0.35 0.05196528 0.6254497 0.0636585 0.1585505 -0.054987937 0.48041132 0.08015695 0.08229554
0.3505 0.05154108 0.6339164 0.0638863 0.1490846 0.014874056 0.47943476 0.19849682 -0.015751652
0.351 0.0493076 0.6420525 0.06328705 0.139386 0.01334871 0.5424448 0.15523206 0.049343824
0.3515 0.04724376 0.6498126 0.06308515 0.1324048 0.010859225 0.55738395 0.09913567 0.06797059
0.352 0.04572486 0.6571995 0.06326231 0.1265965 0.015275765 0.59431773 0.15734728 0.052084185
0.3525 0.04459043 0.6642159 0.06363471 0.1213139 0.012999978 0.6605388 0.17544985 0.046756104
0.353 0.04366309 0.6708615 0.06408677 0.1163502 0.059662357 0.73585427 0.16034952 0.055572294
0.3535 0.04283386 0.6771358 0.0645626 0.1116366 0.071155496 0.8198332 0.18753815 0.07824434
0.354 0.0420462 0.6830386 0.06503749 0.1071444 0.04182761 0.8527512 0.22195016 0.07487396
0.3545 0.04127287 0.6885707 0.06550076 0.1028563 0.03442797 0.8394819 0.22875635 0.046726316
0.355 0.04050135 0.6937346 0.06594775 0.09875912 0.037451237 0.81726813 0.2223479 0.026254788
0.3555 0.03972613 0.6985334 0.06637631 0.09484139 0.035782404 0.8134451 0.2137896 0.029434226
0.356 0.03894503 0.7029714 0.06678534 0.09109258 0.034887634 0.8158723 0.21247661 0.033007883
0.3565 0.03815741 0.7070537 0.06717419 0.08750295 0.036771253 0.8126747 0.2174698 0.028577812
0.357 0.03736335 0.7107858 0.06754248 0.08406344 0.03711527 0.81194663 0.21903354 0.028210536
0.3575 0.03656327 0.7141738 0.0678899 0.08076554 0.035933286 0.81237537 0.21692625 0.029943667
0.358 0.03575775 0.7172242 0.06821624 0.07760133 0.03641089 0.8116877 0.21715139 0.029651113
0.3585 0.0349474 0.7199438 0.06852135 0.07456335 0.037058726 0.81111777 0.21798497 0.029111668
0.359 0.03413287 0.7223395 0.06880511 0.07164465 0.03692077 0.8102154 0.21746063 0.02905254
0.3595 0.03331479 0.7244184 0.06906743 0.06883867 0.03694149 0.80971956 0.21719602 0.02936019
0.36 0.03249377 0.7261876 0.06930825 0.0661393 0.037146598 0.8092217 0.21750374 0.02928523
0.3605 0.03167041 0.7276544 0.06952756 0.0635408 0.037339263 0.808333 0.21775794 0.028965712
0.361 0.03084525 0.7288259 0.06972533 0.06103776 0.03740135 0.8076861 0.21775939 0.029027663
0.3615 0.03001884 0.7297093 0.06990158 0.05862513 0.037457116 0.8070464 0.21778609 0.029053904
0.362 0.02919167 0.7303117 0.07005634 0.05629817 0.037619658 0.8062713 0.21800973 0.028908923
0.3625 0.02836422 0.7306401 0.07018966 0.05405241 0.037731446 0.80550927 0.21818936 0.028827898
0.363 0.02753694 0.7307013 0.0703016 0.05188366 0.037804022 0.80472267 0.21830598 0.028774932
0.3635 0.02671026 0.7305021 0.07039222 0.04978799 0.037908763 0.80392194 0.21849814 0.028701112
0.364 0.02588458 0.7300493 0.07046163 0.04776169 0.038015455 0.80308634 0.21872757 0.028601363
0.3645 0.02506026 0.7293494 0.0705099 0.0458013 0.03811214 0.8022083 0.21894665 0.028498456
0.365 0.02423768 0.7284087 0.07053715 0.04390352 0.038204096 0.80131763 0.21917358 0.028407745
0.3655 0.02341717 0.7272335 0.07054348 0.04206528 0.038301013 0.80039495 0.21942669 0.028300427
0.366 0.02259903 0.72583 0.07052903 0.04028368 0.038402326 0.79943186 0.21969973 0.02817782
0.3665 0.02178357 0.7242041 0.07049392 0.03855598 0.038499676 0.79843867 0.21997923 0.028054737
0.367 0.02097106 0.7223616 0.07043828 0.03687961 0.03859801 0.79741234 0.22027 0.02792462
0.3675 0.02016176 0.7203082 0.07036226 0.03525213 0.03870091 0.79634887 0.22057837 0.027782947
0.368 0.01935591 0.7180495 0.070266 0.03367126 0.038805574 0.79524744 0.22089851 0.0276324
0.3685 0.01855374 0.7155909 0.07014965 0.03213483 0.03891199 0.79410756 0.2212272 0.027473986
0.369 0.01775547 0.7129376 0.07001338 0.0306408 0.039021797 0.79292816 0.22156645 0.027306527
0.3695 0.01696128 0.7100948 0.06985733 0.02918724 0.03913544 0.7917073 0.22191593 0.027128913
0.37 0.01617136 0.7070674 0.06968168 0.02777233 0.039252765 0.79044336 0.22227329 0.026941456
0.3705 0.01538588 0.7038603 0.06948658 0.02639435 0.03937394 0.7891359 0.2226372 0.026744612
0.371 0.014605 0.7004782 0.06927222 0.02505166 0.03949943 0.7877831 0.22300708 0.026537657
0.3715 0.01382886 0.6969257 0.06903876 0.02374272 0.039629787 0.78638357 0.22338173 0.026320316
0.372 0.0130576 0.6932073 0.06878638 0.02246608 0.03976485 0.7849359 0.22375974 0.026092686
0.3725 0.01229133 0.6893273 0.06851525 0.02122034 0.039904803 0.783439 0.22413932 0.025854826
0.373 0.01153017 0.68529 0.06822556 0.0200042 0.040050015 0.7818914 0.22451934 0.025606409
0.3735 0.01077421 0.6810994 0.06791749 0.01881642 0.0402005 0.7802917 0.2248983 0.025347516
0.374 0.01002356 0.6767597 0.06759121 0.01765581 0.040356383 0.77863854 0.2252743 0.025078066
0.3745 0.009278288 0.6722746 0.06724691 0.01652125 0.04051762 0.7769304 0.22564548 0.02479799
0.375 0.008538474 0.667648 0.06688479 0.01541169 0.040684395 0.77516603 0.22601041 0.024507418
0.3755 0.007804182 0.6628836 0.06650501 0.01432611 0.04085651 0.7733439 0.22636677 0.02420643
0.376 0.00707547 0.6579849 0.06610777 0.01326355 0.041034013 0.77146256 0.22671266 0.02389481
0.3765 0.006352389 0.6529554 0.06569326 0.0122231 0.04121688 0.7695206 0.22704592 0.0235729
0.377 0.005634982 0.6477986 0.06526167 0.0112039 0.04140482 0.76751643 0.22736423 0.023240753
0.3775 0.004923284 0.6425176 0.06481318 0.01020512 0.04159788 0.7654485 0.22766538 0.022898287
0.378 0.004217327 0.6371158 0.06434797 0.009225965 0.041795775 0.76331544 0.22794679 0.022545792
0.3785 0.003517135 0.6315963 0.06386625 0.008265695 0.041998237 0.7611155 0.22820579 0.022183418
0.379 0.002822725 0.625962 0.06336819 0.007323594 0.04220511 0.75884706 0.22843999 0.021811262
0.3795 0.002134111 0.620216 0.06285399 0.006398981 0.042416133 0.7565086 0.22864635 0.021429569
0.38 0.001451301 0.6143611 0.06232384 0.005491207 0.042630814 0.7540982 0.22882189 0.02103848
0.3805 0.0007742964 0.6084001 0.06177791 0.004599654 0.042848982 0.75161433 0.22896369 0.020638265
0.381 0.0001030967 0.6023358 0.0612164 0.003723728 0.043070257 0.7490549 0.22906856 0.020229056
0.3815 -0.0005623045 0.5961707 0.0606395 0.002862867 0.04329419 0.74641824 0.22913319 0.019811124
0.382 -0.001221917 0.5899075 0.06004739 0.00201653 0.043520316 0.74370253 0.22915414 0.01938489
0.3825 -0.001875756 0.5835487 0.05944025 0.001184202 0.04374835 0.7409056 0.22912784 0.01895041
0.383 -0.002523838 0.5770967 0.05881828 0.0003653888 0.04397759 0.7380254 0.22905058 0.018508159
0.3835 -0.003166184 0.5705539 0.05818165 -0.0004403805 0.0442077 0.73505974 0.2289186 0.018058255
0.384 -0.003802819 0.5639226 0.05753055 -0.001233558 0.04443811 0.73200655 0.22872794 0.017601267
0.3845 -0.00443377 0.557205 0.05686516 -0.002014575 0.044668213 0.7288635 0.22847429 0.017137311
0.385 -0.005059068 0.5504034 0.05618566 -0.002783847 0.04489751 0.725628 0.22815362 0.016666919
0.3855 -0.005678744 0.5435198 0.05549224 -0.00354177 0.045125462 0.72229785 0.22776149 0.016190484
0.386 -0.006292835 0.5365563 0.05478506 -0.004288724 0.04535123 0.7188701 0.22729324 0.015708342
0.3865 -0.006901378 0.5295151 0.05406431 -0.005025074 0.045574374 0.7153422 0.22674437 0.015220888
0.387 -0.007504412 0.5223979 0.05333017 -0.00575117 0.04579416 0.7117112 0.22610989 0.014728822
0.3875 -0.00810198 0.5152068 0.05258281 -0.006467347 0.046009943 0.7079743 0.2253849 0.014232434
0.388 -0.008694125 0.5079436 0.05182241 -0.007173928 0.046220936 0.7041282 0.22456443 0.013732336
0.3885 -0.009280892 0.5006101 0.05104913 -0.007871222 0.046426453 0.7001696 0.22364293 0.013229076
0.389 -0.009862329 0.4932081 0.05026315 -0.008559527 0.04662568 0.69609505 0.22261506 0.0127232745
0.3895 -0.01043848 0.4857393 0.04946464 -0.009239127 0.046817906 0.69190097 0.22147548 0.0122155845
0.39 -0.01100941 0.4782053 0.04865377 -0.009910299 0.04700215 0.6875833 0.22021817 0.011706673
0.3905 -0.01157515 0.4706079 0.04783071 -0.0105733 0.047177687 0.683138 0.21883729 0.011197321
0.391 -0.01213576 0.4629485 0.04699562 -0.0112284 0.047343463 0.67856085 0.21732692 0.010688398
0.3915 -0.0126913 0.4552288 0.04614867 -0.01187583 0.04749859 0.6738469 0.21568085 0.010180756
0.392 -0.01324181 0.4474502 0.04529001 -0.01251583 0.047642097 0.6689911 0.21389261 0.009675212
0.3925 -0.01378736 0.4396143 0.04441982 -0.01314862 0.047772676 0.66398793 0.21195579 0.009172887
0.393 -0.01432799 0.4317223 0.04353825 -0.01377442 0.04788927 0.65883166 0.20986357 0.008674927
0.3935 -0.01486377 0.4237758 0.04264547 -0.01439345 0.047990575 0.6535153 0.20760888 0.008182444
0.394 -0.01539475 0.4157761 0.04174162 -0.01500591 0.04807508 0.6480317 0.20518453 0.0076968186
0.3945 -0.015921 0.4077244 0.04082686 -0.01561199 0.04814125 0.64237255 0.202583 0.0072195046
0.395 -0.01644256 0.3996221 0.03990135 -0.01621187 0.048187308 0.636528 0.19979636 0.0067519136
0.3955 -0.01695949 0.3914705 0.03896524 -0.01680575 0.048211187 0.63048714 0.1968163 0.0062957704
0.396 -0.01747186 0.3832707 0.03801868 -0.0173938 0.04821042 0.6242367 0.19363385 0.005853027
0.3965 -0.01797972 0.375024 0.03706182 -0.01797618 0.048182175 0.6177612 0.19023903 0.0054256395
0.397 -0.01848314 0.3667314 0.03609481 -0.01855307 0.048123054 0.61104107 0.18662116 0.0050158165
0.3975 -0.01898216 0.3583942 0.03511779 -0.01912461 0.04802864 0.60405225 0.18276799 0.0046258494
0.398 -0.01947686 0.3500134 0.03413091 -0.01969096 0.04789353 0.5967635 0.17866501 0.004258223
0.3985 -0.01996728 0.3415901 0.03313432 -0.02025227 0.04771041 0.5891345 0.17429519 0.003915556
0.399 -0.02045349 0.3331253 0.03212814 -0.02080868 0.047469683 0.581111 0.16963726 0.0036004707
0.3995 -0.02093556 0.3246201 0.03111253 -0.02136032 0.04715754 0.5726183 0.1646639 0.003315173
0.4 -0.02141352 0.3160754 0.03008762 -0.02190734 0.046754293 0.5635507 0.15933861 0.0030610934
0.4005 -0.0218858 0.3075357 0.02905538 -0.02242692 0.04794012 0.5588084 0.15724802 0.004694611
0.401 -0.02234259 0.299094 0.02802522 -0.02287981 0.04791864 0.55785394 0.15484396 0.008334652
0.4015 -0.02278039 0.2907834 0.02700067 -0.0232794 0.048472114 0.5603401 0.15291551 0.012315869
0.402 -0.02320151 0.2826209 0.02598158 -0.02363538 0.048957147 0.562059 0.15251023 0.014959231
0.4025 -0.02360844 0.2746158 0.02496785 -0.02395194 0.049441047 0.5652977 0.15277763 0.017891742
0.403 -0.02400269 0.2667736 0.02395973 -0.02423128 0.050579794 0.56519705 0.15174581 0.01926466
0.4035 -0.02438507 0.2590975 0.02295771 -0.02447495 0.050766766 0.5665862 0.15237667 0.021474443
0.404 -0.02475596 0.251589 0.02196228 -0.0246843 0.05114515 0.56765294 0.15230152 0.023378178
0.4045 -0.02511554 0.2442488 0.02097395 -0.02486055 0.05122432 0.57049185 0.15187283 0.02543106
0.405 -0.02546389 0.2370765 0.0199932 -0.02500484 0.051691093 0.5709338 0.15134966 0.026653044
0.4055 -0.02580107 0.2300712 0.01902043 -0.02511826 0.05164276 0.5741549 0.15181044 0.02926977
0.406 -0.02612665 0.2232319 0.01805606 -0.02520097 0.0525219 0.57474905 0.150531 0.030320622
0.4065 -0.0264402 0.2165569 0.01710055 -0.0252536 0.052889533 0.57588595 0.1509783 0.031837516
0.407 -0.02674252 0.2100434 0.01615412 -0.0252782 0.05319024 0.57603765 0.15103854 0.03339234
0.4075 -0.02703406 0.2036884 0.01521696 -0.025276 0.053334743 0.5782713 0.15043409 0.03525927
0.408 -0.02731491 0.1974892 0.01428928 -0.02524791 0.05396144 0.57732695 0.14957263 0.035890065
0.4085 -0.02758502 0.1914428 0.0133713 -0.02519471 0.05369974 0.57910985 0.1502516 0.03824372
0.409 -0.02784431 0.185546 0.01246322 -0.02511715 0.054188415 0.57900554 0.14869024 0.039366595
0.4095 -0.02809273 0.179796 0.01156524 -0.02501592 0.054565333 0.57909334 0.14822946 0.040624484
0.41 -0.02833027 0.1741895 0.0106775 -0.0248917 0.054647975 0.57724476 0.1479174 0.041965954
0.4105 -0.02855692 0.1687233 0.009800159 -0.02474513 0.05440495 0.5777067 0.14699505 0.04391805
0.411 -0.0287727 0.1633944 0.00893334 -0.02457681 0.054876894 0.57413733 0.14499956 0.04421912
0.4115 -0.02897766 0.1581995 0.008077152 -0.02438735 0.0542327 0.57166296 0.14466947 0.04614193
0.412 -0.02917183 0.1531354 0.007231691 -0.0241773 0.053573593 0.56654274 0.14205618 0.047153488
0.4125 -0.02935527 0.148199 0.006397041 -0.02394722 0.052851073 0.56008065 0.13937113 0.047967292
0.413 -0.02952802 0.1433873 0.005573273 -0.02369762 0.051130995 0.5469979 0.13598244 0.048221223
0.4135 -0.02969016 0.1386971 0.004760447 -0.02342901 0.04718083 0.53010535 0.13121006 0.04884357
0.414 -0.02984173 0.1341255 0.003958613 -0.02314188 0.040897414 0.497817 0.12246436 0.04632654
0.4145 -0.02998281 0.1296694 0.003167814 -0.02283668 0.02736462 0.44180462 0.1105756 0.04178223
0.415 -0.03011345 0.1253261 0.002388081 -0.02251387 -0.00026918203 0.33828008 0.08890627 0.029005691
0.4155 -0.03023373 0.1210926 0.001619441 -0.02217387 -0.03513688 0.1956553 0.053436317 0.008248217
0.416 -0.03034371 0.1169661 0.0008619093 -0.02181712 -0.04640724 0.0795975 0.017250821 -0.0077549815
0.4165 -0.03044346 0.112944 0.0001154981 -0.021444 -0.03886378 0.029705632 0.013157852 -0.004142359
0.417 -0.03053306 0.1090235 -0.000619789 -0.0210549 -0.041877944 0.01498704 -0.005832538 0.001259923
0.4175 -0.03061258 0.1052022 -0.001343954 -0.02065021 -0.047291223 0.026687164 -0.011709586 0.0020878017
0.418 -0.03068208 0.1014774 -0.002057004 -0.02023027 -0.045191728 0.032030422 0.0013191551 -0.0012262315
0.4185 -0.03074166 0.09784675 -0.002758953 -0.01979545 -0.041445144 0.029401142 0.013266265 0.0008620918
0.419 -0.03079138 0.0943078 -0.003449818 -0.01934607 -0.042066973 0.024047513 0.0030277073 0.004386708
0.4195 -0.03083132 0.09085822 -0.004129622 -0.01888247 -0.044819362 0.027428795 -0.0061512142 0.0052224398
0.42 -0.03086156 0.08749573 -0.004798392 -0.01840496 -0.044356104 0.031570185 -0.00050348043 0.0037795007
0.4205 -0.03088218 0.08421813 -0.00545616 -0.01791384 -0.04190408 0.031193305 0.008615285 0.00471434
0.421 -0.03089326 0.08102324 -0.006102961 -0.0174094 -0.041437723 0.027893294 0.0054669753 0.0071929544
0.4215 -0.03089488 0.07790899 -0.006738834 -0.01689195 -0.04295035 0.028734405 -0.0012752116 0.008454591
0.422 -0.03088712 0.07487331 -0.007363821 -0.01636175 -0.04320652 0.031799097 0.00013380498 0.008121565
0.4225 -0.03087006 0.07191422 -0.007977969 -0.01581907 -0.04180616 0.032601375 0.0061145276 0.008661404
0.423 -0.03084379 0.06902979 -0.008581327 -0.01526417 -0.04098795 0.030877192 0.0062535107 0.010395795
0.4235 -0.0308084 0.06621813 -0.009173946 -0.01469731 -0.041594256 0.030686904 0.0021549165 0.011734739
0.424 -0.03076395 0.06347741 -0.009755881 -0.01411872 -0.041965183 0.032587457 0.0016986281 0.012061417
0.4245 -0.03071054 0.06080586 -0.01032719 -0.01352866 -0.04125441 0.033768553 0.0051719397 0.012571678
0.425 -0.03064826 0.05820173 -0.01088793 -0.01292735 -0.040484462 0.03316878 0.0064914674 0.013849661
0.4255 -0.03057717 0.05566334 -0.01143817 -0.01231501 -0.040544327 0.032784153 0.0044625252 0.015107885
0.426 -0.03049738 0.05318905 -0.01197796 -0.01169186 -0.040783603 0.03382959 0.0035202727 0.01579009
0.4265 -0.03040897 0.05077726 -0.01250738 -0.01105811 -0.040444106 0.034954 0.005297035 0.01639688
0.427 -0.03031201 0.04842643 -0.01302649 -0.01041397 -0.039847672 0.035025317 0.00674361 0.017429054
0.4275 -0.0302066 0.04613503 -0.01353537 -0.009759638 -0.03963982 0.034799475 0.006052837 0.018571332
0.428 -0.03009282 0.0439016 -0.01403408 -0.009095312 -0.039694544 0.035348523 0.0052667186 0.01942113
0.4285 -0.02997075 0.04172469 -0.01452269 -0.008421183 -0.039509796 0.036252815 0.0060649365 0.020138562
0.429 -0.02984048 0.03960293 -0.01500129 -0.007737437 -0.039079346 0.03665303 0.007235259 0.0210585
0.4295 -0.02970209 0.03753494 -0.01546994 -0.007044254 -0.038776096 0.036665816 0.007270649 0.02210109
0.43 -0.02955567 0.03551941 -0.01592872 -0.006341813 -0.03868017 0.036994327 0.006837979 0.023015514
0.4305 -0.0294013 0.03355506 -0.01637772 -0.005630283 -0.038528748 0.037672777 0.0071705803 0.023817256
0.431 -0.02923908 0.03164063 -0.01681701 -0.004909833 -0.038211305 0.038185973 0.008002058 0.024697602
0.4315 -0.02906906 0.02977495 -0.01724666 -0.004180618 -0.037898086 0.03839578 0.00835406 0.02567093
0.432 -0.02889131 0.02795687 -0.01766676 -0.003442786 -0.03770719 0.03866859 0.008252405 0.0266006
0.4325 -0.02870591 0.02618524 -0.01807738 -0.00269649 -0.03753634 0.039181966 0.008427829 0.027454555
0.433 -0.02851308 0.02445874 -0.01849553 -0.001942324 -0.037278276 0.0396968 0.00899718 0.028328478
0.4335 -0.02831653 0.02277146 -0.01899412 -0.001190309 -0.03698469 0.040029544 0.009439595 0.02926007
0.434 -0.02811657 0.02112198 -0.01946684 -0.0004356661 -0.036745865 0.04032092 0.009571023 0.030185178
0.4345 -0.02790993 0.01951269 -0.01988608 0.0003283427 -0.036542945 0.040739674 0.009742044 0.031066611
0.435 -0.0276947 0.01794515 -0.02026156 0.001103234 -0.036306124 0.041214813 0.01015427 0.031945154
0.4355 -0.02747016 0.01641978 -0.02060741 0.001888844 -0.036033746 0.041605998 0.010589227 0.032854497
0.436 -0.02723644 0.01493605 -0.02093422 0.002684465 -0.035776347 0.041935075 0.010855615 0.033769682
0.4365 -0.02699414 0.01349293 -0.02124869 0.003489371 -0.035546444 0.042312283 0.011077642 0.034662828
0.437 -0.02674392 0.01208915 -0.02155461 0.004302957 -0.035310034 0.042744804 0.011418298 0.03554733
0.4375 -0.02648636 0.01072339 -0.02185385 0.005124736 -0.035050508 0.04315253 0.011819944 0.036445633
0.438 -0.02622185 0.00939437 -0.02214721 0.00595431 -0.034788564 0.043512423 0.012152001 0.03735149
0.4385 -0.02595069 0.00810088 -0.02243487 0.00679135 -0.034540977 0.043878544 0.01243034 0.03824766
0.439 -0.02567306 0.006841803 -0.02271673 0.007635572 -0.034296833 0.04428007 0.012752995 0.039135948
0.4395 -0.02538909 0.005616135 -0.02299256 0.008486679 -0.03404141 0.044683833 0.013127923 0.04002893
0.44 -0.02509889 0.004422935 -0.02326209 0.009344439 -0.033779103 0.045060653 0.013486661 0.0409275
0.4405 -0.02480249 0.003261307 -0.02352509 0.0102087 -0.0335216 0.045428146 0.013808638 0.041822463
0.441 -0.02449995 0.002130412 -0.02378134 0.01107934 -0.033268373 0.04581209 0.014139421 0.04271196
0.4415 -0.0241913 0.001029462 -0.02403068 0.01195621 -0.033011127 0.046205062 0.014502786 0.0436019
0.442 -0.02387659 -4.230556e-05 -0.024273 0.01283919 -0.032748215 0.04658698 0.014871471 0.04449497
0.4425 -0.02355587 -0.0010856 -0.02450821 0.01372817 -0.03248497 0.046958167 0.015222639 0.04538697
0.443 -0.02322921 -0.002101087 -0.02473626 0.01462303 -0.03222416 0.04733341 0.015570715 0.04627554
0.4435 -0.02289703 -0.003088521 -0.0249574 0.01551901 -0.03196249 0.04771607 0.015935086 0.04716307
0.444 -0.0225607 -0.004048177 -0.02517232 0.01641391 -0.0316972 0.04809608 0.016309686 0.048051685
0.4445 -0.02221958 -0.004981634 -0.02538034 0.01731441 -0.031430062 0.048468757 0.016679764 0.048940107
0.445 -0.02187317 -0.005889434 -0.02558171 0.01821969 -0.031163268 0.048840065 0.017045826 0.049826473
0.4455 -0.02152313 -0.006771751 -0.02577798 0.01912454 -0.030896302 0.04921486 0.017418876 0.05071132
0.446 -0.02116809 -0.007630168 -0.02596705 0.02003571 -0.030627523 0.04958998 0.017800517 0.05159606
0.4465 -0.02080648 -0.008465647 -0.02614789 0.02095601 -0.030356761 0.049961407 0.018183902 0.052480638
0.447 -0.02043786 -0.009278776 -0.02632052 0.02188538 -0.030085113 0.050329883 0.018565938 0.05336377
0.4475 -0.02006244 -0.01006998 -0.02648535 0.02282306 -0.029813174 0.050698984 0.018951103 0.05424559
0.448 -0.01968066 -0.01083964 -0.02664281 0.02376823 -0.02954007 0.051068712 0.019341998 0.055126622
0.4485 -0.01929295 -0.0115881 -0.02679324 0.02472019 -0.02926543 0.051436592 0.019736737 0.056007147
0.449 -0.01889966 -0.01231573 -0.02693689 0.0256784 -0.02898958 0.051802207 0.020132773 0.056886613
0.4495 -0.01850106 -0.01302289 -0.02707393 0.02664239 -0.028713 0.05216672 0.020530552 0.05776477
0.45 -0.01809733 -0.01370997 -0.0272045 0.02761182 -0.028435461 0.05253132 0.02093257 0.05864197
0.4505 -0.01768861 -0.01437736 -0.0273287 0.02858638 -0.028156728 0.05289476 0.021338418 0.059518293
0.451 -0.01727502 -0.01502545 -0.0274466 0.02956584 -0.027876817 0.05325662 0.02174677 0.060393646
0.4515 -0.01685661 -0.01565464 -0.02755828 0.03055001 -0.027595814 0.05361699 0.022157326 0.061267793
0.452 -0.01643348 -0.01626532 -0.02766381 0.03153871 -0.027313951 0.053976644 0.022571206 0.062140808
0.4525 -0.01600566 -0.0168579 -0.02776325 0.03253181 -0.027031057 0.054335404 0.022988334 0.06301278
0.453 -0.01557323 -0.01743275 -0.02785667 0.03352917 -0.026747022 0.054692823 0.023408487 0.06388368
0.4535 -0.01513625 -0.01799028 -0.02794413 0.03453066 -0.026461959 0.0550489 0.02383136 0.06475341
0.454 -0.01469477 -0.01853085 -0.02802571 0.03553619 -0.026175834 0.055403817 0.024257109 0.06562194
0.4545 -0.01424883 -0.01905484 -0.02810147 0.03654571 -0.025888756 0.05575766 0.024685957 0.0664892
0.455 -0.01379847 -0.01956262 -0.02817147 0.03755914 -0.025600657 0.0561104 0.025117911 0.06735541
0.4555 -0.01334375 -0.02005453 -0.02823578 0.03857644 -0.025311477 0.05646177 0.02555269 0.06822031
0.456 -0.01288471 -0.02053094 -0.02829445 0.03959752 -0.02502131 0.056811858 0.025990337 0.069083996
0.4565 -0.01242142 -0.02099217 -0.02834757 0.04062234 -0.02473018 0.057160664 0.026430845 0.06994634
0.457 -0.01195393 -0.02143857 -0.02839519 0.04165084 -0.024437983 0.057508457 0.026874468 0.07080744
0.4575 -0.0114823 -0.02187045 -0.02843739 0.04268295 -0.024144817 0.05785485 0.027320974 0.07166722
0.458 -0.01100656 -0.02226604 -0.028474 0.04371882 -0.023850635 0.05819987 0.027770363 0.07252566
0.4585 -0.01052666 -0.02258864 -0.0285031 0.0447591 -0.023555495 0.05854367 0.028222695 0.07338279
0.459 -0.0100427 -0.02288651 -0.02852508 0.04580267 -0.023259345 0.05888613 0.02867788 0.07423844
0.4595 -0.009554872 -0.02318269 -0.02854139 0.04684926 -0.022962205 0.059227306 0.029136062 0.07509279
0.46 -0.009063241 -0.02348593 -0.02855301 0.04789891 -0.022664096 0.059567112 0.029597104 0.075945705
0.4605 -0.008567834 -0.02379768 -0.02856043 0.04895167 -0.022365026 0.059905607 0.030061044 0.07679714
0.461 -0.008068676 -0.02411601 -0.02856382 0.05000755 -0.022064969 0.060242612 0.03052789 0.077647105
0.4615 -0.007565794 -0.0244377 -0.0285632 0.05106657 -0.021763954 0.060578305 0.030997619 0.07849565
0.462 -0.007059225 -0.02475935 -0.0285585 0.0521287 -0.021461979 0.060912687 0.031470135 0.07934268
0.4625 -0.006549008 -0.02507784 -0.02854963 0.05319394 -0.02115905 0.06124561 0.03194566 0.080188155
0.463 -0.006036272 -0.02538976 -0.02853693 0.05425463 -0.020855144 0.06157704 0.032424003 0.08103216
0.4635 -0.005523596 -0.02569268 -0.02852141 0.05530744 -0.020550314 0.06190704 0.03290514 0.08187449
0.464 -0.005008983 -0.0259862 -0.02850195 0.05636342 -0.020244509 0.062235642 0.03338916 0.08271532
0.4645 -0.004490143 -0.02626978 -0.02847753 0.05742631 -0.019937843 0.06256275 0.03387612 0.08355448
0.465 -0.003966266 -0.02654287 -0.02844796 0.05849624 -0.019630194 0.0628884 0.034365788 0.08439207
0.4655 -0.003437467 -0.02680504 -0.02841339 0.05957246 -0.019321606 0.06321253 0.034858376 0.08522801
0.466 -0.002904183 -0.02705595 -0.02837406 0.06065436 -0.019012056 0.06353514 0.035353757 0.08606221
0.4665 -0.002366985 -0.02729448 -0.02833025 0.06174284 -0.018701617 0.06385623 0.035852008 0.086894825
0.467 -0.001825847 -0.02752122 -0.0282821 0.06283543 -0.018390317 0.06417577 0.036352992 0.087725624
0.4675 -0.001280785 -0.02773691 -0.02822965 0.06393118 -0.018078033 0.06449376 0.036856778 0.088554725
0.468 -0.0007321806 -0.02794201 -0.02817297 0.06502998 -0.017764825 0.06481008 0.037363462 0.08938208
0.4685 -0.0001804242 -0.02813683 -0.02811215 0.06613172 -0.017450742 0.065125 0.037872955 0.090207726
0.469 0.0003742296 -0.02832163 -0.02804727 0.06723632 -0.017135795 0.065438166 0.03838507 0.09103154
0.4695 0.0009316756 -0.02849661 -0.02797839 0.06834369 -0.016819868 0.06574978 0.038900077 0.091853514
0.47 0.001491903 -0.02866197 -0.02790558 0.06945375 -0.016503088 0.06605969 0.03941784 0.09267363
0.4705 0.002054906 -0.02881792 -0.02782889 0.07056642 -0.016185421 0.06636806 0.039938472 0.093492
0.471 0.002620672 -0.02896473 -0.02774837 0.07168162 -0.01586688 0.066674694 0.04046169 0.09430836
0.4715 0.003189193 -0.02910265 -0.02766408 0.07279929 -0.015547447 0.06697969 0.040987752 0.09512293
0.472 0.003760457 -0.02923193 -0.02757606 0.07391936 -0.015227158 0.06728287 0.041516475 0.09593551
0.4725 0.004334451 -0.02935283 -0.02748436 0.07504177 -0.014905933 0.06758456 0.042048052 0.09674628
0.473 0.004911158 -0.02946557 -0.02738903 0.07616648 -0.014583897 0.06788425 0.042582266 0.09755495
0.4735 0.005490557 -0.0295704 -0.02729013 0.07729345 -0.014261022 0.068182394 0.043119267 0.098361835
0.474 0.006072624 -0.02966753 -0.0271877 0.07842264 -0.013937205 0.06847869 0.043658815 0.09916656
0.4745 0.006657331 -0.02975719 -0.02708178 0.079554 -0.013612546 0.068773225 0.044201277 0.09996934
0.475 0.007244649 -0.02983956 -0.02697243 0.0806875 -0.013287049 0.069066 0.044746332 0.10077013
0.4755 0.007834548 -0.02991485 -0.02685969 0.08182312 -0.01296071 0.06935696 0.045294017 0.1015688
0.476 0.008426993 -0.02998323 -0.02674361 0.08296082 -0.012633558 0.069646075 0.04584442 0.102365404
0.4765 0.009021954 -0.03004487 -0.02662424 0.08410057 -0.012305513 0.06993346 0.046397552 0.10315995
0.477 0.009619363 -0.03009995 -0.02650161 0.08523637 -0.011976611 0.07021879 0.04695327 0.10395245
0.4775 0.01021904 -0.03014862 -0.02637579 0.08636935 -0.011646964 0.070502385 0.04751157 0.10474275
0.478 0.01082093 -0.03019103 -0.02624682 0.08750641 -0.011316415 0.07078414 0.04807263 0.10553093
0.4785 0.01142513 -0.03022733 -0.02611473 0.08864796 -0.010985084 0.07106383 0.048636332 0.10631694
0.479 0.01203165 -0.03025766 -0.02597958 0.08979343 -0.010652859 0.07134174 0.049202576 0.10710083
0.4795 0.01264048 -0.03028215 -0.02584142 0.09094225 -0.010319896 0.07161768 0.04977137 0.107882485
0.48 0.01325159 -0.03030095 -0.02570029 0.092094 -0.009986088 0.07189168 0.050342835 0.108661935
0.4805 0.01386499 -0.03031417 -0.02555622 0.09324839 -0.009651434 0.072163805 0.050917 0.10943918
0.481 0.01448066 -0.0303219 -0.02540925 0.09440517 -0.009316031 0.072433785 0.051493607 0.11021416
0.4815 0.01509868 -0.03032424 -0.02525939 0.09556422 -0.00897979 0.07270183 0.05207277 0.1109869
0.482 0.01571903 -0.03032129 -0.0251067 0.09672538 -0.008642793 0.0729679 0.052654594 0.11175729
0.4825 0.01634164 -0.03031319 -0.0249512 0.09788854 -0.008304995 0.07323204 0.053238936 0.11252548
0.483 0.01696644 -0.03030004 -0.02479295 0.0990536 -0.007966358 0.07349406 0.053825766 0.11329134
0.4835 0.01759335 -0.03028195 -0.02463198 0.1002205 -0.0076269507 0.073754 0.054415204 0.114054844
0.484 0.01822232 -0.03025903 -0.02446833 0.1013891 -0.007286757 0.07401179 0.05500713 0.114816025
0.4845 0.01885332 -0.03023139 -0.02430205 0.1025595 -0.0069457814 0.07426761 0.055601623 0.11557488
0.485 0.0194863 -0.03019912 -0.02413316 0.1037315 -0.006604053 0.07452138 0.056198496 0.116331264
0.4855 0.02012123 -0.03016232 -0.0239617 0.1049051 -0.0062615834 0.07477306 0.056797884 0.11708538
0.486 0.02075817 -0.03012107 -0.02378772 0.1060804 -0.0059182867 0.07502253 0.057399787 0.11783704
0.4865 0.02139712 -0.03007546 -0.02361123 0.1072572 -0.00557426 0.0752698 0.058004085 0.11858626
0.487 0.022038 -0.03002558 -0.02343229 0.1084356 -0.0052294433 0.07551493 0.058610898 0.11933304
0.4875 0.02268072 -0.02997151 -0.02325092 0.1096155 -0.0048839003 0.075757965 0.059220165 0.12007742
0.488 0.02332522 -0.02991333 -0.02306716 0.1107969 -0.004537616 0.07599883 0.059831794 0.120819286
0.4885 0.02397149 -0.02985112 -0.02288104 0.1119798 -0.0041905604 0.076237485 0.060445998 0.12155874
0.489 0.02461948 -0.02978496 -0.02269259 0.1131642 -0.0038427524 0.07647386 0.061062403 0.1222956
0.4895 0.0252692 -0.02971492 -0.02250185 0.1143499 -0.0034941696 0.07670805 0.0616814 0.12303008
0.49 0.02592061 -0.02964108 -0.02230886 0.1155371 -0.0031449907 0.076940104 0.062302668 0.123762056
0.4905 0.02657372 -0.0295635 -0.02211363 0.1167256 -0.0027949475 0.077169746 0.06292628 0.12449142
0.491 0.02722846 -0.02948227 -0.02191621 0.1179155 -0.0024441779 0.07739715 0.063552395 0.12521823
0.4915 0.02788455 -0.02939748 -0.02171667 0.1191064 -0.0020927899 0.077622354 0.06418074 0.1259426
0.492 0.02854194 -0.0293092 -0.02151506 0.1202983 -0.0017405897 0.077845216 0.064811334 0.12666433
0.4925 0.02920079 -0.02921752 -0.02131138 0.1214913 -0.0013876967 0.07806575 0.065444514 0.12738346
0.493 0.02986125 -0.02912247 -0.02110563 0.1226856 -0.0010341145 0.07828407 0.06607984 0.12810008
0.4935 0.03052337 -0.02902413 -0.02089782 0.1238813 -0.0006797761 0.07849996 0.066717416 0.12881406
0.494 0.03118714 -0.02892254 -0.02068798 0.1250782 -0.00032478198 0.07871351 0.067357354 0.12952538
0.4945 0.03185254 -0.02881775 -0.02047614 0.1262764 3.0938536e-05 0.078924716 0.06799959 0.13023414
0.495 0.03251955 -0.02870983 -0.02026232 0.1274758 0.00038734078 0.079133615 0.068644 0.13094027
0.4955 0.03318811 -0.02859881 -0.02004656 0.1286766 0.0007444285 0.07934004 0.06929076 0.13164373
0.496 0.03385822 -0.02848477 -0.01982887 0.1298786 0.0011022538 0.07954407 0.069939636 0.13234459
0.4965 0.03452982 -0.02836774 -0.0196093 0.1310819 0.0014607236 0.079745695 0.07059075 0.13304268
0.497 0.03520291 -0.02824779 -0.01938787 0.1322864 0.0018198602 0.079945 0.07124424 0.1337382
0.4975 0.03587745 -0.02812495 -0.0191646 0.1334921 0.002179727 0.08014177 0.07189978 0.13443103
0.498 0.03655341 -0.0279993 -0.01893952 0.134699 0.0025401711 0.08033614 0.072557494 0.13512117
0.4985 0.03723078 -0.02787088 -0.01871266 0.1359071 0.0029013604 0.08052808 0.07321741 0.13580863
0.499 0.03790953 -0.02773973 -0.01848404 0.1371164 0.0032631755 0.08071755 0.07387947 0.13649331
0.4995 0.03858965 -0.0276059 -0.01825369 0.1383268 0.0036256537 0.08090444 0.074543685 0.13717534
0.5 0.03927111 -0.02746945 -0.01802163 0.1395384 -0.076114535 0.082977876 -0.074630335 0.013498858
