0.0 -0.065 -0.065 -0.065 -0.065 -0.063016064 -0.0758975 -0.048907734 -0.046806775
0.001 -0.06083567 -0.0634941 -0.03530862 -0.04314938 -0.06039538 -0.071587056 -0.030889109 -0.030795738
0.002 -0.05569197 -0.05971861 -0.01039331 -0.02783877 -0.05759908 -0.06753582 -0.011448249 -0.017334506
0.003 -0.05209747 -0.05490901 0.01025717 -0.01520563 -0.05463846 -0.06260696 0.008839123 -0.0055517815
0.004 -0.04896596 -0.04952375 0.02987979 -0.003756989 -0.05154016 -0.05676258 0.029561408 0.004978627
0.005 -0.04593479 -0.04377646 0.04910654 0.006727971 -0.048332624 -0.050202858 0.050429195 0.014516987
0.006 -0.04289562 -0.03775665 0.06836325 0.01639343 -0.04504227 -0.043140333 0.071240924 0.023243569
0.007 -0.03984237 -0.03151744 0.08778361 0.0253099 -0.04169244 -0.035750017 0.091856696 0.031291552
0.008 -0.03677109 -0.02510429 0.1072715 0.03359857 -0.038303345 -0.028166205 0.112179674 0.03876292
0.009 -0.03368761 -0.01855902 0.1266414 0.04129899 -0.034892347 -0.020489424 0.13214311 0.04573737
0.01 -0.03060095 -0.01192807 0.1457736 0.04847887 -0.031474203 -0.012794182 0.15170154 0.052278362
0.011 -0.02750604 -0.005257163 0.1646076 0.05523212 -0.028061427 -0.0051355213 0.17082474 0.058437057
0.012 -0.02440821 0.001420596 0.1831048 0.06159149 -0.024664566 0.0024461895 0.18949333 0.06425529
0.013 -0.02131762 0.008084332 0.20124 0.06758452 -0.021292508 0.009921379 0.20769578 0.06976765
0.014 -0.01824083 0.01471324 0.2189969 0.07323961 -0.017952658 0.017268836 0.22542647 0.07500299
0.015 -0.01518529 0.02128318 0.236364 0.07857306 -0.0146512315 0.024473429 0.24268389 0.07998576
0.016 -0.01215667 0.02777958 0.2533328 0.08361253 -0.011393376 0.031524703 0.2594699 0.0847367
0.017 -0.009158928 0.03413917 0.2698976 0.0883816 -0.008183282 0.03841579 0.27578834 0.0892737
0.018 -0.006194783 0.04016432 0.2860441 0.0929009 -0.0050243996 0.045142487 0.29164505 0.09361226
0.019 -0.003266568 0.04612641 0.3017755 0.09718949 -0.0019195452 0.051702634 0.30704692 0.0977659
0.02 -0.0003765127 0.05211105 0.3170995 0.1012652 0.0011291504 0.05809562 0.322002 0.101746626
0.021 0.002436428 0.05809865 0.3319856 0.1048824 0.0041199103 0.06432195 0.33651873 0.105564944
0.022 0.005187946 0.06404301 0.3464637 0.1083608 0.0070514604 0.07038309 0.35060623 0.10923044
0.023 0.007929287 0.06990715 0.3605643 0.1117979 0.0099228695 0.076281086 0.36427402 0.112751536
0.024 0.01063473 0.07566228 0.3741552 0.1151518 0.012733504 0.08201851 0.3775315 0.1161359
0.025 0.01329316 0.08126929 0.3870657 0.1183963 0.015483029 0.08759822 0.3903886 0.11939063
0.026 0.01592489 0.08671899 0.3996037 0.1215234 0.018171333 0.093023434 0.40285507 0.12252208
0.027 0.01851917 0.09202435 0.4118871 0.1245304 0.020798467 0.09829743 0.41494063 0.12553611
0.028 0.02106843 0.09719902 0.4239138 0.1274189 0.023364693 0.103423625 0.42665517 0.1284382
0.029 0.02356972 0.1022517 0.435653 0.1301926 0.025870435 0.108405486 0.4380083 0.13123336
0.03 0.02602245 0.1071866 0.4470778 0.1328568 0.028316148 0.11324647 0.44900978 0.13392627
0.031 0.02842572 0.1120042 0.4581691 0.1354136 0.030702524 0.11795016 0.45966905 0.13652134
0.032 0.03077962 0.1167043 0.4689199 0.1378719 0.033030204 0.122519895 0.46999544 0.13902256
0.033 0.03308514 0.1212888 0.4793315 0.1402383 0.035300054 0.12695916 0.47999823 0.1414339
0.034 0.0353425 0.1257581 0.4894068 0.1425171 0.03751286 0.13127135 0.48968643 0.14375886
0.035 0.03755188 0.1301126 0.4991511 0.1447128 0.039669566 0.13545972 0.49906915 0.14600098
0.036 0.03970893 0.1343523 0.5085694 0.1468069 0.04177112 0.13952753 0.50815487 0.14816347
0.037 0.0417962 0.1384756 0.5176604 0.1487744 0.04381852 0.14347796 0.5169523 0.15024936
0.038 0.04384272 0.1424849 0.5264485 0.1506917 0.04581275 0.14731409 0.52546984 0.15226158
0.039 0.04583134 0.1463785 0.5349287 0.1524946 0.047754847 0.15103899 0.53371567 0.15420294
0.04 0.04778047 0.1501614 0.5431231 0.1542658 0.04964587 0.15465558 0.54169786 0.15607604
0.041 0.04970088 0.1538396 0.5510459 0.1560142 0.051486872 0.15816675 0.54942423 0.15788344
0.042 0.051585 0.1574163 0.558701 0.1577266 0.053278953 0.16157532 0.5569025 0.15962756
0.043 0.05342655 0.1608935 0.5660935 0.1593944 0.055023156 0.16488405 0.5641401 0.16131064
0.044 0.05519685 0.1633893 0.5731649 0.1610094 0.056720577 0.1680956 0.57114434 0.16293496
0.045 0.05689981 0.1654318 0.5786603 0.1625731 0.05837225 0.17121263 0.5779224 0.16450265
0.046 0.05855444 0.1677781 0.5835651 0.1640895 0.059979282 0.1742376 0.58448106 0.16601568
0.047 0.06021147 0.1705497 0.5898667 0.1655609 0.061542667 0.17717303 0.5908273 0.16747603
0.048 0.0618518 0.1736319 0.5965428 0.1669882 0.06306354 0.18002139 0.59696764 0.16888556
0.049 0.0634574 0.1768519 0.603058 0.1683718 0.06454287 0.18278496 0.6029085 0.17024606
0.05 0.06502204 0.1800761 0.6092619 0.1697137 0.065981664 0.18546613 0.6086559 0.17155927
0.051 0.06654503 0.1832236 0.615147 0.1710151 0.06738097 0.18806715 0.6142164 0.17282692
0.052 0.06802742 0.1862543 0.6207437 0.1722773 0.06874179 0.19059016 0.61959547 0.17405048
0.053 0.06947065 0.1891535 0.6260854 0.1735015 0.07006506 0.19303732 0.62479895 0.17523158
0.054 0.07087601 0.1919206 0.6311999 0.1744364 0.071351774 0.19541074 0.62983245 0.17637166
0.055 0.07224205 0.1945622 0.6361078 0.1751322 0.072602846 0.19771247 0.63470143 0.17747217
0.056 0.0735605 0.1970874 0.6408238 0.1758065 0.07381923 0.19994445 0.6394111 0.17853451
0.057 0.07485026 0.1995058 0.6453622 0.1767546 0.07500181 0.20210864 0.64396673 0.17955995
0.058 0.07611373 0.2018268 0.6497331 0.1778305 0.07615147 0.20420696 0.648373 0.18054977
0.059 0.07734732 0.2040586 0.6539445 0.1789498 0.077269115 0.20624126 0.652635 0.18150526
0.06 0.07854942 0.2062081 0.658003 0.1800681 0.07835556 0.20821331 0.65675706 0.18242753
0.061 0.07972 0.2082812 0.6619147 0.1811625 0.07941163 0.21012487 0.66074413 0.18331778
0.062 0.08085965 0.2102829 0.6656855 0.1822224 0.080438204 0.2119777 0.6646003 0.18417704
0.063 0.08196556 0.2122161 0.6693188 0.1832255 0.081436 0.21377344 0.6683299 0.1850065
0.064 0.08301431 0.2140781 0.6728067 0.1841234 0.08240584 0.21551378 0.6719371 0.18580708
0.065 0.08404019 0.2158484 0.6749988 0.1849873 0.08334852 0.21720023 0.67542595 0.18657985
0.066 0.085038 0.2173737 0.676161 0.1858294 0.08426469 0.21883439 0.6788001 0.18732566
0.067 0.08601439 0.2188253 0.6790967 0.1866681 0.08515514 0.22041775 0.68206364 0.18804553
0.068 0.08696122 0.2203138 0.6826525 0.1874821 0.08602057 0.2219518 0.68521994 0.18874031
0.069 0.08789277 0.2218438 0.6861745 0.1882826 0.08686163 0.22343801 0.6882728 0.18941087
0.07 0.08881133 0.2233882 0.6894751 0.1890669 0.08767899 0.22487773 0.69122523 0.19005796
0.071 0.08971008 0.2249193 0.6925398 0.189828 0.08847336 0.22627233 0.69408095 0.19068253
0.072 0.0905736 0.2264153 0.6953931 0.1905052 0.08924536 0.22762318 0.69684285 0.19128522
0.073 0.09139958 0.2278683 0.6980773 0.1911571 0.08999557 0.2289315 0.69951427 0.19186693
0.074 0.09220502 0.2292755 0.7006265 0.1918122 0.09072464 0.2301987 0.70209795 0.19242823
0.075 0.09300229 0.2306363 0.7030605 0.1924716 0.09143313 0.23142584 0.7045972 0.19296983
0.076 0.09377969 0.2319509 0.7053913 0.1931248 0.09212162 0.23261423 0.70701426 0.19349247
0.077 0.09452469 0.233218 0.7076232 0.1937188 0.0927907 0.23376493 0.70935225 0.19399679
0.078 0.0952336 0.2344388 0.7097617 0.194273 0.0934409 0.23487918 0.71161366 0.19448337
0.079 0.09593999 0.2356189 0.7118252 0.1948434 0.09407269 0.23595805 0.71380115 0.19495288
0.08 0.09664077 0.2367614 0.7138164 0.1954196 0.094686665 0.23700257 0.715917 0.19540584
0.081 0.09732798 0.2378678 0.7157362 0.1959916 0.09528329 0.23801388 0.71796364 0.1958428
0.082 0.09799786 0.2389392 0.7175865 0.1965536 0.09586305 0.23899288 0.7199434 0.19626436
0.083 0.09864945 0.2399767 0.7193699 0.1971027 0.096426435 0.23994063 0.72185856 0.19667107
0.084 0.09928292 0.2409813 0.7210891 0.1976373 0.09697389 0.2408581 0.7237112 0.19706336
0.085 0.09987716 0.2419503 0.7227392 0.1980929 0.097505905 0.24174614 0.7255034 0.19744182
0.086 0.1004453 0.2428867 0.724327 0.1985311 0.098022856 0.24260573 0.72723716 0.19780678
0.087 0.1010146 0.2437947 0.7258643 0.1989785 0.09852523 0.24343775 0.72891444 0.19815886
0.088 0.1015698 0.2446759 0.7273506 0.1994302 0.099013396 0.24424298 0.7305372 0.19849837
0.089 0.1021135 0.2455284 0.728785 0.1998861 0.099487744 0.24502237 0.732107 0.19882584
0.09 0.1026478 0.2463532 0.7301684 0.2003386 0.09994871 0.24577658 0.73362595 0.19914162
0.091 0.1031703 0.2471544 0.7315028 0.2007833 0.1003967 0.2465065 0.73509544 0.19944611
0.092 0.1036797 0.2479324 0.7327899 0.2011034 0.10083199 0.2472129 0.73651713 0.1997397
0.093 0.1041747 0.2486835 0.7340312 0.2011023 0.10125504 0.24789648 0.7378927 0.20002279
0.094 0.1046556 0.2494121 0.7352284 0.2013393 0.10166613 0.24855791 0.73922384 0.20029575
0.095 0.1051237 0.2501202 0.7363837 0.201707 0.102065615 0.24919797 0.7405117 0.2005589
0.096 0.1055793 0.2508075 0.7374984 0.2021315 0.10245382 0.24981739 0.7417579 0.20081252
0.097 0.1060229 0.25147 0.7385687 0.2025743 0.10283112 0.25041664 0.74296373 0.20105708
0.098 0.1064546 0.252111 0.7395993 0.2030158 0.10319779 0.25099653 0.7441308 0.20129275
0.099 0.1068749 0.2527338 0.7405952 0.2034462 0.10355408 0.2515576 0.7452599 0.20151994
0.1 0.107284 0.2533392 0.741558 0.2038608 0.10075498 0.28041917 0.7287075 0.19037187
0.101 0.1036705 0.2782875 0.713581 0.1827758 0.09802378 0.3093518 0.71207064 0.17943785
0.102 0.09929584 0.3115173 0.691389 0.1683588 0.09536936 0.3384294 0.69537526 0.168814
0.103 0.09655379 0.3463432 0.6738509 0.1566924 0.09280185 0.36763543 0.67865044 0.15859634
0.104 0.09433203 0.381203 0.65737 0.1462592 0.090330966 0.3968712 0.6619293 0.14887217
0.105 0.09224356 0.4153789 0.6411339 0.1368239 0.08796472 0.42597455 0.64524776 0.13971269
0.106 0.09020077 0.4484504 0.6250319 0.1282704 0.085708745 0.4547457 0.62864506 0.13116795
0.107 0.08818881 0.4801652 0.6090826 0.1205046 0.083565794 0.48297417 0.61216176 0.12326529
0.108 0.08620897 0.5103829 0.5933224 0.1134449 0.08153597 0.5104625 0.59583914 0.11601033
0.109 0.08426588 0.5390391 0.5777861 0.1070195 0.07961742 0.5370436 0.57971716 0.10939012
0.11 0.08236437 0.5661215 0.5625039 0.1011653 0.07780651 0.56258935 0.5638341 0.10337769
0.111 0.0805094 0.5916519 0.5475013 0.09582657 0.07609875 0.5870131 0.54822505 0.097936474
0.112 0.07870531 0.6156752 0.5327996 0.0909542 0.074489094 0.6102667 0.53292125 0.093024634
0.113 0.07695585 0.63825 0.5184159 0.08650472 0.0729726 0.63233423 0.51795053 0.088598244
0.114 0.07526423 0.6594432 0.5043643 0.08243963 0.07154436 0.6532254 0.5033359 0.084613614
0.115 0.07363324 0.6793257 0.4906556 0.07872477 0.070199884 0.67296875 0.48909646 0.081029154
0.116 0.07206522 0.6979697 0.4772978 0.07532979 0.06893527 0.6916046 0.4752475 0.07780593
0.117 0.07056218 0.7154469 0.4642968 0.07222765 0.06774699 0.7091817 0.4618004 0.07490838
0.118 0.06912576 0.7318269 0.4516563 0.06939424 0.06663207 0.7257521 0.44876325 0.07230445
0.119 0.06775731 0.7471769 0.4393781 0.06680797 0.065587886 0.7413692 0.43614095 0.06996512
0.12 0.06645788 0.761561 0.4274626 0.06444954 0.0646122 0.75608593 0.42393565 0.0678648
0.121 0.06522827 0.77504 0.4159088 0.06230159 0.06370316 0.7699535 0.41214707 0.065980636
0.122 0.06406905 0.7876714 0.4047143 0.06034852 0.062859066 0.7830206 0.4007729 0.064292274
0.123 0.06298058 0.7995094 0.3938759 0.05857626 0.06207847 0.7953334 0.38980877 0.0627818
0.124 0.061963 0.8106047 0.3833896 0.0569721 0.061360084 0.80693513 0.37924895 0.061433278
0.125 0.06101631 0.821005 0.3732504 0.05552452 0.060702704 0.8178667 0.36908624 0.06023263
0.126 0.06014033 0.8307551 0.3634528 0.0542231 0.06010524 0.828166 0.35931244 0.059167407
0.127 0.05933474 0.8398967 0.3539908 0.05305833 0.059566684 0.8378688 0.34991848 0.05822649
0.128 0.05859911 0.8484691 0.344858 0.05202157 0.05908601 0.84700847 0.34089455 0.05740007
0.129 0.05793286 0.8565088 0.3360474 0.05110491 0.05866223 0.8556167 0.3322304 0.056679398
0.13 0.05733536 0.8640501 0.327552 0.05030114 0.058294415 0.86372244 0.32391536 0.0560567
0.131 0.05680584 0.8711252 0.3193645 0.04960363 0.057981633 0.871354 0.3159385 0.055525087
0.132 0.05634348 0.8777638 0.3114773 0.0490063 0.057722896 0.8785372 0.30828884 0.055078313
0.133 0.05594739 0.8839941 0.3038828 0.04850354 0.057517305 0.88529676 0.30095515 0.05471079
0.134 0.0556166 0.8898423 0.2965733 0.04809021 0.057363845 0.8916561 0.2939264 0.05441758
0.135 0.0553501 0.8953326 0.2895409 0.04776151 0.05726163 0.8976371 0.28719166 0.054194182
0.136 0.05514682 0.900488 0.282778 0.04751303 0.057209693 0.9032607 0.2807401 0.054036565
0.137 0.05500566 0.90533 0.2762767 0.04734068 0.057206973 0.90854657 0.27456114 0.05394105
0.138 0.05492552 0.909879 0.2700293 0.04724066 0.05725261 0.91351354 0.26864448 0.053904302
0.139 0.05490525 0.9141538 0.2640283 0.04720944 0.05734563 0.91817904 0.2629798 0.053923346
0.14 0.0549437 0.9181721 0.2582661 0.04724375 0.05748499 0.9225601 0.2575574 0.05399535
0.141 0.05503969 0.9219504 0.2527351 0.0473405 0.05766978 0.92667234 0.25236765 0.054117806
0.142 0.05519202 0.9255041 0.2474281 0.04749683 0.05789905 0.930531 0.24740139 0.054288484
0.143 0.05539947 0.9288477 0.2423378 0.04771005 0.058171786 0.93415034 0.24264967 0.054505087
0.144 0.05566085 0.9319947 0.2374571 0.04797764 0.058487073 0.93754375 0.2381038 0.054765746
0.145 0.05597495 0.9349577 0.2327791 0.04829724 0.058843978 0.94072413 0.23375556 0.055068605
0.146 0.05634054 0.9377487 0.2282971 0.04866661 0.05924155 0.94370353 0.22959697 0.05541198
0.147 0.05675643 0.9403788 0.2240043 0.04908367 0.05967889 0.9464935 0.22562021 0.0557942
0.148 0.05722143 0.9428583 0.2198942 0.04954643 0.060155027 0.94910514 0.22181806 0.056213863
0.149 0.05773433 0.945197 0.2159607 0.05005303 0.060669117 0.9515486 0.21818334 0.056669533
0.15 0.05829398 0.9474042 0.2121974 0.05060171 0.061220236 0.9538332 0.21470919 0.057159945
0.151 0.05889919 0.9494883 0.2085985 0.0511908 0.06180314 0.955968 0.21138832 0.05768033
0.152 0.05954882 0.9514573 0.2051581 0.05181873 0.062421672 0.9579632 0.20821542 0.058233254
0.153 0.06024173 0.953319 0.2018705 0.052484 0.063074864 0.9598268 0.20518437 0.058817573
0.154 0.06097681 0.9550802 0.1987303 0.05318518 0.06376187 0.9615661 0.20228958 0.0594322
0.155 0.06175295 0.9567476 0.1957322 0.05392092 0.06448195 0.9631883 0.19952554 0.06007614
0.156 0.06256907 0.9583274 0.192871 0.05468995 0.06523422 0.9647008 0.19688696 0.060748376
0.157 0.0634241 0.9598254 0.1901416 0.05549103 0.06601792 0.9661099 0.19436881 0.06144803
0.158 0.06431699 0.9612471 0.1875394 0.05632301 0.06683227 0.967422 0.19196615 0.062174298
0.159 0.06524672 0.9625975 0.1850595 0.05718478 0.06767654 0.96864307 0.18967468 0.062926255
0.16 0.06621227 0.9638815 0.1826975 0.05807527 0.06854991 0.9697789 0.1874896 0.06370317
0.161 0.06721263 0.9651036 0.1804489 0.05899346 0.06945167 0.9708346 0.1854069 0.06450424
0.162 0.06824686 0.9662678 0.1783096 0.0599384 0.07038117 0.9718152 0.18342257 0.0653288
0.163 0.06931404 0.9673783 0.1762755 0.06090917 0.07133768 0.97272563 0.18153268 0.066176094
0.164 0.07041323 0.9684386 0.1743426 0.06190488 0.07232051 0.97357 0.17973346 0.0670455
0.165 0.07154352 0.9694514 0.1725071 0.06285692 0.07332907 0.97435296 0.17802152 0.06793631
0.166 0.07270316 0.9704169 0.1707649 0.06378089 0.07436258 0.97507834 0.17639333 0.0688479
0.167 0.07389115 0.9713412 0.1691126 0.06479956 0.07542051 0.97574997 0.17484584 0.06977973
0.168 0.07510776 0.9722289 0.1675471 0.0658792 0.07650221 0.9763713 0.17337582 0.0707312
0.169 0.07635248 0.973083 0.1660652 0.06699916 0.07760713 0.9769459 0.17198023 0.0717017
0.17 0.07762229 0.973906 0.1646637 0.06814803 0.0787346 0.9774766 0.17065641 0.07269075
0.171 0.07891474 0.9746997 0.1633395 0.06931928 0.079884194 0.97796667 0.16940147 0.0736978
0.172 0.08023494 0.9754662 0.1620896 0.07050941 0.0810552 0.97841895 0.16821292 0.07472234
0.173 0.08158204 0.9762073 0.1609113 0.07171643 0.08224716 0.97883594 0.16708827 0.0757639
0.174 0.08295458 0.9769246 0.1598017 0.07293924 0.08345955 0.97922015 0.16602498 0.07682202
0.175 0.08435104 0.97762 0.1587583 0.07417711 0.084691815 0.9795741 0.16502091 0.077896215
0.176 0.08577023 0.978295 0.1577784 0.07542949 0.08594348 0.97989964 0.1640738 0.07898607
0.177 0.08721123 0.9789511 0.1568597 0.07668811 0.087214 0.98019934 0.1631816 0.08009114
0.178 0.08867236 0.9795897 0.1559998 0.0779399 0.08850301 0.9804748 0.16234219 0.08121099
0.179 0.09015194 0.9802118 0.1551961 0.07920118 0.08980989 0.9807284 0.16155374 0.08234527
0.18 0.09165139 0.9808185 0.1544466 0.08048615 0.09113438 0.9809613 0.16081432 0.08349357
0.181 0.09317103 0.9814114 0.1537495 0.08179299 0.09247591 0.9811754 0.16012213 0.084655546
0.182 0.09471011 0.9819918 0.1531026 0.08311908 0.09383405 0.9813721 0.15947556 0.085830785
0.183 0.09626788 0.9825609 0.1525042 0.08446238 0.095208414 0.9815531 0.15887287 0.08701896
0.184 0.09784366 0.9831196 0.1519522 0.08582123 0.09659866 0.9817195 0.15831256 0.088219695
0.185 0.09943683 0.9836688 0.1514449 0.08719432 0.098004214 0.9818727 0.15779307 0.08943268
0.186 0.1010468 0.9842094 0.1509805 0.08858061 0.09942485 0.98201406 0.15731296 0.09065763
0.187 0.1026731 0.9847421 0.1505575 0.08997905 0.10086008 0.9821441 0.15687084 0.09189419
0.188 0.1043134 0.9852672 0.1501741 0.09136213 0.10230955 0.98226476 0.15646538 0.093142025
0.189 0.1059644 0.9857847 0.1498285 0.09275917 0.103772976 0.9823762 0.15609524 0.09440089
0.19 0.1076298 0.9862959 0.1495196 0.09417803 0.10524995 0.98248005 0.15575925 0.095670484
0.191 0.1093118 0.9868021 0.1492462 0.09561435 0.10674011 0.9825766 0.15545616 0.09695052
0.192 0.1110102 0.9873039 0.1490068 0.09706465 0.10824313 0.98266697 0.15518478 0.098240726
0.193 0.1127001 0.9878019 0.1487982 0.09832948 0.10975876 0.9827517 0.15494421 0.09954088
0.194 0.1143844 0.9882957 0.1486177 0.09964349 0.11128656 0.98283184 0.15473318 0.100850664
0.195 0.1161101 0.9887861 0.1484702 0.1010688 0.11282625 0.9829078 0.15455082 0.10216985
0.196 0.1178655 0.9892738 0.1483538 0.1025569 0.114377625 0.98298013 0.15439597 0.10349823
0.197 0.1196377 0.9897594 0.1482661 0.1040797 0.11594028 0.9830495 0.15426782 0.1048355
0.198 0.1214209 0.9902433 0.1482052 0.1056214 0.11751399 0.9831166 0.1541655 0.10618151
0.199 0.1231845 0.9907221 0.1481669 0.1071547 0.11909836 0.9831816 0.15408799 0.10753595
0.2 0.1249384 0.991196 0.1481492 0.1086844 0.108896576 0.99788344 0.14931142 0.10547706
0.201 0.1047081 0.965658 0.1452412 0.09980895 0.102870874 0.96387863 0.14775565 0.09916403
0.202 0.09312341 0.9292431 0.1417385 0.09345878 0.09759072 0.9248177 0.1459181 0.09311185
0.203 0.0876609 0.890051 0.1385178 0.0879744 0.0927139 0.8853528 0.14369655 0.08752667
0.204 0.08359354 0.8501565 0.1352091 0.08278573 0.088139735 0.846347 0.14115545 0.08232012
0.205 0.0798788 0.8104797 0.1317706 0.07782958 0.08381163 0.8081479 0.13835669 0.07741166
0.206 0.07630242 0.7715604 0.1282259 0.07308719 0.07969027 0.7709611 0.13534972 0.0727446
0.207 0.072816 0.7337383 0.1246034 0.06854572 0.07574653 0.73491687 0.1321736 0.068279915
0.208 0.0694066 0.6972231 0.1209274 0.06419387 0.07195819 0.7000956 0.12886027 0.06399042
0.209 0.06606985 0.6621347 0.1172173 0.06002112 0.06830802 0.6665428 0.12543613 0.059857108
0.21 0.06280387 0.6285309 0.1134889 0.05601762 0.064782344 0.634278 0.121923424 0.05586636
0.211 0.05960751 0.5964268 0.109755 0.05217413 0.06137032 0.6033026 0.11834123 0.05200825
0.212 0.05647992 0.5658083 0.1060262 0.04848201 0.058063038 0.5736039 0.11470618 0.04827547
0.213 0.05342033 0.5366425 0.1023113 0.04493319 0.054853342 0.54516 0.11103269 0.044662416
0.214 0.050428 0.5088837 0.09861752 0.04152017 0.051735193 0.51794136 0.107333474 0.04116463
0.215 0.04750215 0.482479 0.09495115 0.03823594 0.048703626 0.49191397 0.103619836 0.03777846
0.216 0.04464199 0.4573711 0.09131744 0.03507402 0.045754433 0.46704036 0.09990179 0.03450074
0.217 0.0418467 0.4335013 0.08772089 0.03202832 0.042883992 0.44328076 0.096188195 0.031328656
0.218 0.0391154 0.4108104 0.08416536 0.0290932 0.040089227 0.42059445 0.092486985 0.028259523
0.219 0.03644721 0.3892403 0.08065413 0.0262634 0.037367307 0.3989401 0.08880519 0.025290802
0.22 0.03384122 0.3687342 0.07719004 0.02353398 0.034715876 0.3782764 0.08514906 0.02241999
0.221 0.03129646 0.3492378 0.0737755 0.02090034 0.032132663 0.3585626 0.081524126 0.019644573
0.222 0.02881198 0.3306986 0.07041256 0.01835818 0.029615693 0.33975852 0.07793527 0.016962074
0.223 0.02638677 0.3130669 0.06710295 0.01590343 0.027163096 0.32182467 0.07438684 0.014369935
0.224 0.02401982 0.296295 0.06384811 0.01353232 0.024773128 0.3047232 0.070882596 0.011865623
0.225 0.02171012 0.2803381 0.06064923 0.01124125 0.022444122 0.28841686 0.06742584 0.009446599
0.226 0.01945661 0.2651536 0.05750728 0.009026859 0.020174563 0.27287 0.064019464 0.0071102604
0.227 0.01725827 0.250701 0.05442299 0.006885972 0.017962895 0.25804794 0.060665913 0.0048540607
0.228 0.01511403 0.2369422 0.05139695 0.004815585 0.015807725 0.24391736 0.057367302 0.0026753992
0.229 0.01302284 0.2238411 0.04842954 0.002812855 0.013707571 0.23044647 0.05412539 0.0005717501
0.23 0.01098365 0.2113638 0.04552102 0.0008750929 0.01166112 0.2176043 0.05094167 -0.0014594421
0.231 0.008995384 0.199478 0.04267149 -0.001000254 0.0096670315 0.2053615 0.047817327 -0.0034206733
0.232 0.007056999 0.1881533 0.03988094 -0.002815608 0.007723987 0.19368978 0.044753335 -0.0053143986
0.233 0.005167442 0.177361 0.03714924 -0.00457327 0.0058307275 0.1825621 0.04175044 -0.0071430467
0.234 0.003325667 0.1670739 0.03447616 -0.00627543 0.0039859787 0.17195262 0.038809203 -0.008909009
0.235 0.001530635 0.1572663 0.03186138 -0.007924172 0.002188526 0.16183649 0.03592994 -0.010614574
0.236 -0.0002186823 0.1479141 0.0293045 -0.009521481 0.00043716282 0.1521902 0.033112854 -0.012262017
0.237 -0.001923306 0.1389943 0.02680505 -0.01106925 -0.0012692884 0.14299107 0.030358009 -0.013853528
0.238 -0.003584245 0.1304851 0.02436249 -0.01256929 -0.0029319897 0.13421756 0.027665317 -0.0153912455
0.239 -0.005202498 0.122366 0.02197621 -0.01402332 -0.004552085 0.12584914 0.025034554 -0.016877241
0.24 -0.00677905 0.1146177 0.01964556 -0.015433 -0.0061306693 0.11786623 0.0224654 -0.018313501
0.241 -0.008314872 0.1072218 0.01736985 -0.01679989 -0.007668838 0.11025013 0.01995746 -0.019701954
0.242 -0.009810923 0.1001608 0.01514834 -0.0181255 -0.009167649 0.10298298 0.017510213 -0.021044452
0.243 -0.01126815 0.09341823 0.01298026 -0.01941129 -0.010628141 0.09604792 0.015123077 -0.022342794
0.244 -0.01268747 0.08697859 0.0108648 -0.02065862 -0.012051325 0.08942877 0.012795411 -0.02359869
0.245 -0.01406981 0.08082703 0.008801143 -0.02186883 -0.013438173 0.08311017 0.01052653 -0.024813779
0.246 -0.01541606 0.07494956 0.006788429 -0.02304317 -0.014789648 0.07707752 0.008315608 -0.025989644
0.247 -0.0167271 0.0693329 0.004825791 -0.02418288 -0.016106687 0.07131694 0.006161861 -0.027127795
0.248 -0.0180038 0.06396447 0.002912344 -0.02528911 -0.017390199 0.065815225 0.0040644407 -0.028229672
0.249 -0.01924701 0.05883234 0.001047193 -0.02636298 -0.01864105 0.060559765 0.0020224229 -0.029296663
0.25 -0.02045757 0.05392518 -0.0007705693 -0.02740558 -0.019860096 0.0555387 3.490597e-05 -0.030330084
0.251 -0.02163628 0.04923227 -0.002541855 -0.02841792 -0.021048155 0.050740644 -0.0018991008 -0.03133118
0.252 -0.02278394 0.04474342 -0.004267581 -0.02940101 -0.022206038 0.04615484 -0.0037805364 -0.03230117
0.253 -0.02390135 0.04044897 -0.005948666 -0.0303558 -0.023334518 0.041771084 -0.0056104213 -0.033241183
0.254 -0.02498926 0.03633974 -0.00758603 -0.0312832 -0.02443435 0.03757961 -0.0073897615 -0.034152318
0.255 -0.02604843 0.03240704 -0.00918059 -0.03218409 -0.025506243 0.033571243 -0.009119593 -0.03503559
0.256 -0.02707959 0.02864259 -0.01073326 -0.03305933 -0.026550911 0.029737197 -0.010800939 -0.035892025
0.257 -0.02808346 0.02503855 -0.01224496 -0.03390973 -0.027569044 0.026069164 -0.012434848 -0.036722533
0.258 -0.02906074 0.02158745 -0.01371658 -0.03473608 -0.02856129 0.022559233 -0.014022369 -0.037528034
0.259 -0.03001211 0.01828222 -0.01514903 -0.03553912 -0.02952829 0.019199938 -0.015564539 -0.038309373
0.26 -0.03093826 0.01511612 -0.01654319 -0.0363196 -0.030470673 0.015984148 -0.017062403 -0.03906737
0.261 -0.03183982 0.01208277 -0.01789994 -0.03707821 -0.03138902 0.0129050985 -0.01851701 -0.039802797
0.262 -0.03271744 0.009176071 -0.01922016 -0.03781562 -0.032283936 0.009956367 -0.019929394 -0.040516414
0.263 -0.03357175 0.006390255 -0.02050471 -0.0385325 -0.033155967 0.0071319193 -0.021300562 -0.041208915
0.264 -0.03440335 0.003719825 -0.02175443 -0.03922947 -0.034005675 0.004425928 -0.022631563 -0.041880988
0.265 -0.03521284 0.001159554 -0.02297016 -0.03990714 -0.034833588 0.0018329099 -0.023923386 -0.042533286
0.266 -0.0360008 -0.001295527 -0.02415273 -0.04056609 -0.03564022 -0.0006523356 -0.02517704 -0.043166425
0.267 -0.03676779 -0.003650148 -0.02530295 -0.04120689 -0.036426097 -0.003034778 -0.026393503 -0.043781005
0.268 -0.03751437 -0.005908806 -0.02642162 -0.04183008 -0.03719169 -0.005319111 -0.027573742 -0.044377606
0.269 -0.03824107 -0.008075784 -0.02750952 -0.04243619 -0.03793749 -0.0075097904 -0.028718729 -0.044956774
0.27 -0.03894842 -0.01015516 -0.02856743 -0.04302573 -0.038663957 -0.0096111 -0.029829402 -0.04551903
0.271 -0.03963693 -0.0121508 -0.0295961 -0.04359919 -0.03937155 -0.011627048 -0.030906677 -0.0460649
0.272 -0.04030711 -0.01406642 -0.03059628 -0.04415704 -0.040060714 -0.013561472 -0.031951472 -0.04659486
0.273 -0.04095943 -0.01590552 -0.0315687 -0.04469974 -0.040731892 -0.015418008 -0.032964673 -0.04710938
0.274 -0.04159437 -0.01767145 -0.03251407 -0.04522775 -0.0413855 -0.01720015 -0.033947155 -0.04760892
0.275 -0.04221239 -0.01936741 -0.03343309 -0.04574147 -0.042021964 -0.018911175 -0.03489978 -0.048093934
0.276 -0.04281395 -0.02099643 -0.03432646 -0.04624134 -0.042641684 -0.020554222 -0.035823382 -0.048564836
0.277 -0.04339948 -0.02256142 -0.03519484 -0.04672774 -0.043245055 -0.022132285 -0.036718793 -0.049022034
0.278 -0.04396941 -0.02406513 -0.0360389 -0.04720108 -0.043832473 -0.023648191 -0.03758681 -0.049465932
0.279 -0.04452415 -0.0255102 -0.03685927 -0.04766172 -0.044404328 -0.025104657 -0.03842821 -0.049896915
0.28 -0.04506411 -0.02689914 -0.0376566 -0.04811003 -0.044960983 -0.026504256 -0.03924376 -0.050315354
0.281 -0.04558969 -0.02823434 -0.03843148 -0.04854635 -0.04550281 -0.027849413 -0.040034227 -0.050721616
0.282 -0.04610127 -0.02951808 -0.03918453 -0.04897104 -0.046030167 -0.029142499 -0.040800333 -0.05111606
0.283 -0.04659922 -0.03075253 -0.03991634 -0.04938442 -0.04654341 -0.03038571 -0.041542776 -0.051499017
0.284 -0.04708391 -0.03193978 -0.04062747 -0.0497868 -0.047042884 -0.03158117 -0.042262256 -0.051870815
0.285 -0.04755569 -0.03308181 -0.04131849 -0.05017851 -0.047528926 -0.032730922 -0.042959463 -0.052231792
0.286 -0.04801491 -0.03418051 -0.04198995 -0.05055983 -0.04800187 -0.033836864 -0.04363504 -0.052582245
0.287 -0.04846191 -0.03523768 -0.04264238 -0.05093106 -0.04846204 -0.03490085 -0.04428964 -0.05292249
0.288 -0.04889701 -0.03625505 -0.04327631 -0.05129248 -0.04890976 -0.03592461 -0.044923875 -0.053252824
0.289 -0.04932054 -0.03723426 -0.04389224 -0.05164437 -0.04934534 -0.03690983 -0.045538377 -0.053573526
0.29 -0.04973279 -0.03817688 -0.04449066 -0.05198698 -0.04976908 -0.03785811 -0.046133712 -0.05388488
0.291 -0.05013408 -0.03908442 -0.04507207 -0.05232058 -0.050181296 -0.03877096 -0.04671047 -0.054187153
0.292 -0.0505247 -0.03995831 -0.04563694 -0.05264541 -0.050582267 -0.039649826 -0.04726921 -0.05448062
0.293 -0.05090493 -0.04079992 -0.04618572 -0.05296172 -0.050972287 -0.040496107 -0.047810473 -0.054765537
0.294 -0.05127506 -0.04161055 -0.04671886 -0.05326974 -0.051351637 -0.041311122 -0.048334792 -0.055042148
0.295 -0.05163535 -0.04239146 -0.0472368 -0.05356969 -0.051720597 -0.04209615 -0.04884268 -0.0553107
0.296 -0.05198607 -0.04314385 -0.04773997 -0.0538618 -0.05207943 -0.042852376 -0.049334638 -0.055571437
0.297 -0.05232747 -0.04386886 -0.04822878 -0.05414628 -0.052428413 -0.04358097 -0.049811155 -0.055824574
0.298 -0.05265981 -0.04456758 -0.04870363 -0.05442334 -0.05276779 -0.04428303 -0.05027269 -0.05607035
0.299 -0.05298333 -0.04524106 -0.04916492 -0.05469317 -0.053097825 -0.044959616 -0.050719716 -0.05630897
0.3 -0.05329826 -0.04589029 -0.04961303 -0.05495599 -0.053418763 -0.04561173 -0.051152676 -0.05654066
0.301 -0.05360484 -0.04651624 -0.05004832 -0.05521197 -0.053730838 -0.046240352 -0.051572002 -0.056765616
0.302 -0.05390329 -0.04711983 -0.05047118 -0.05546129 -0.0540343 -0.04684638 -0.05197811 -0.056984037
0.303 -0.05419382 -0.04770192 -0.05088193 -0.05570415 -0.05432937 -0.04743072 -0.052371405 -0.05719612
0.304 -0.05447666 -0.04826336 -0.05128094 -0.05594071 -0.054616276 -0.047994208 -0.052752294 -0.057402063
0.305 -0.054752 -0.04880495 -0.05166853 -0.05617114 -0.05489524 -0.048537657 -0.053121153 -0.05760204
0.306 -0.05502005 -0.04932745 -0.05204503 -0.05639561 -0.055166475 -0.049061835 -0.05347836 -0.057796225
0.307 -0.055281 -0.04983162 -0.05241076 -0.05661427 -0.055430196 -0.049567487 -0.053824276 -0.057984803
0.308 -0.05553504 -0.05031814 -0.05276601 -0.05682729 -0.0556866 -0.05005533 -0.054159246 -0.058167934
0.309 -0.05578236 -0.05078771 -0.0531111 -0.0570348 -0.055935893 -0.05052604 -0.054483607 -0.05834579
0.31 -0.05602314 -0.05124095 -0.05344631 -0.05723696 -0.05617827 -0.050980262 -0.0547977 -0.05851852
0.311 -0.05625755 -0.05167851 -0.05377193 -0.05743391 -0.05641392 -0.051418636 -0.05510185 -0.058686282
0.312 -0.05648576 -0.05210096 -0.05408822 -0.05762579 -0.056643024 -0.051841743 -0.05539634 -0.058849238
0.313 -0.05670794 -0.05250888 -0.05439546 -0.05781273 -0.056865774 -0.052250173 -0.055681497 -0.059007507
0.314 -0.05692426 -0.05290282 -0.05469391 -0.05799486 -0.057082336 -0.052644476 -0.055957608 -0.059161253
0.315 -0.05713486 -0.0532833 -0.05498382 -0.05817231 -0.057292886 -0.053025167 -0.056224965 -0.059310604
0.316 -0.0573399 -0.05365082 -0.05526543 -0.0583452 -0.05749759 -0.053392753 -0.056483835 -0.059455685
0.317 -0.05753953 -0.05400586 -0.05553898 -0.05851366 -0.05769661 -0.05374774 -0.05673448 -0.059596635
0.318 -0.0577339 -0.05434889 -0.05580471 -0.0586778 -0.057890113 -0.05409057 -0.05697716 -0.059733585
0.319 -0.05792314 -0.05468036 -0.05606284 -0.05883773 -0.058078244 -0.054421708 -0.05721213 -0.059866644
0.32 -0.05810739 -0.05500068 -0.05631359 -0.05899356 -0.058261156 -0.05474157 -0.057439625 -0.059995927
0.321 -0.05828679 -0.05531026 -0.05655717 -0.0591454 -0.058439 -0.055050574 -0.057659883 -0.06012156
0.322 -0.05846146 -0.0556095 -0.05679378 -0.05929336 -0.05861191 -0.05534912 -0.05787315 -0.060243636
0.323 -0.05863153 -0.05589878 -0.05702364 -0.05943753 -0.058780037 -0.055637583 -0.058079623 -0.060362283
0.324 -0.05879712 -0.05617845 -0.05724693 -0.05957802 -0.058943503 -0.055916324 -0.05827953 -0.060477592
0.325 -0.05895836 -0.05644886 -0.05746385 -0.05971493 -0.059102446 -0.05618571 -0.058473073 -0.060589664
0.326 -0.05911535 -0.05671035 -0.05767457 -0.05984833 -0.059256993 -0.056446057 -0.058660455 -0.0606986
0.327 -0.05926822 -0.05696324 -0.05787928 -0.05997834 -0.05940727 -0.056697696 -0.058841873 -0.06080449
0.328 -0.05941707 -0.05720783 -0.05807815 -0.06010502 -0.059553396 -0.05694095 -0.05901752 -0.060907427
0.329 -0.059562 -0.05744442 -0.05827135 -0.06022848 -0.05969549 -0.0571761 -0.059187576 -0.061007507
0.33 -0.05970313 -0.0576733 -0.05845904 -0.06034879 -0.059833664 -0.05740344 -0.059352215 -0.0611048
0.331 -0.05984056 -0.05789473 -0.05864138 -0.06046604 -0.05996803 -0.05762326 -0.059511613 -0.061199404
0.332 -0.05997438 -0.05810899 -0.05881854 -0.06058031 -0.060098693 -0.057835802 -0.059665933 -0.061291393
0.333 -0.06010468 -0.05831632 -0.05899064 -0.06069167 -0.060225762 -0.05804134 -0.059815343 -0.061380845
0.334 -0.06023157 -0.05851696 -0.05915785 -0.06080019 -0.06034934 -0.05824011 -0.05996 -0.061467834
0.335 -0.06035513 -0.05871116 -0.05932031 -0.06090596 -0.060469523 -0.058432356 -0.060100053 -0.06155244
0.336 -0.06047545 -0.05889913 -0.05947814 -0.06100904 -0.060586408 -0.058618296 -0.060235642 -0.06163472
0.337 -0.06059262 -0.05908109 -0.05963149 -0.0611095 -0.06070009 -0.058798157 -0.06036692 -0.061714754
0.338 -0.06070672 -0.05925724 -0.05978049 -0.06120741 -0.06081066 -0.058972154 -0.060494024 -0.061792616
0.339 -0.06081783 -0.0594278 -0.05992525 -0.06130283 -0.060918204 -0.05914048 -0.06061708 -0.061868355
0.34 -0.06092604 -0.05959295 -0.06006591 -0.06139584 -0.06102281 -0.05930333 -0.060736213 -0.06194204
0.341 -0.06103141 -0.05975287 -0.06020258 -0.06148648 -0.061124563 -0.0594609 -0.060851563 -0.06201373
0.342 -0.06113403 -0.05990775 -0.06033537 -0.06157483 -0.061223537 -0.05961337 -0.060963236 -0.06208349
0.343 -0.06123396 -0.06005776 -0.06046441 -0.06166094 -0.06131982 -0.059760913 -0.061071362 -0.06215136
0.344 -0.06133129 -0.06020305 -0.06058979 -0.06174486 -0.06141348 -0.059903696 -0.061176054 -0.062217414
0.345 -0.06142606 -0.0603438 -0.06071162 -0.06182667 -0.0615046 -0.060041886 -0.061277412 -0.0622817
0.346 -0.06151837 -0.06048016 -0.06083001 -0.0619064 -0.061593242 -0.060175627 -0.06137555 -0.062344268
0.347 -0.06160826 -0.06061227 -0.06094505 -0.06198411 -0.061679482 -0.06030509 -0.06147058 -0.062405158
0.348 -0.06169581 -0.06074027 -0.06105684 -0.06205985 -0.061763387 -0.060430404 -0.061562583 -0.06246443
0.349 -0.06178107 -0.06086431 -0.06116548 -0.06213368 -0.061845023 -0.0605517 -0.06165167 -0.062522136
0.35 -0.06186411 -0.06098451 -0.06127105 -0.06220565 -0.061924458 -0.06066913 -0.061737932 -0.062578306
0.351 -0.06194498 -0.06110101 -0.06137364 -0.06227579 -0.062001746 -0.060782827 -0.06182146 -0.06263299
0.352 -0.06202375 -0.06121392 -0.06147334 -0.06234416 -0.062076956 -0.060892906 -0.061902337 -0.062686235
0.353 -0.06210046 -0.06132336 -0.06157024 -0.06241081 -0.06215014 -0.06099949 -0.06198065 -0.06273808
0.354 -0.06217517 -0.06142946 -0.06166441 -0.06247577 -0.06222136 -0.061102696 -0.062056486 -0.06278856
0.355 -0.06224794 -0.06153231 -0.06175593 -0.06253909 -0.062290665 -0.06120263 -0.06212992 -0.062837735
0.356 -0.06231882 -0.06163202 -0.06184488 -0.06260081 -0.062358115 -0.061299413 -0.062201023 -0.062885605
0.357 -0.06238785 -0.06172871 -0.06193133 -0.06266098 -0.062423762 -0.06139314 -0.062269885 -0.06293224
0.358 -0.06245508 -0.06182246 -0.06201535 -0.06271962 -0.06248765 -0.06148392 -0.06233656 -0.062977664
0.359 -0.06252057 -0.06191337 -0.06209702 -0.06277679 -0.06254984 -0.061571836 -0.062401135 -0.0630219
0.36 -0.06258435 -0.06200153 -0.0621764 -0.06283252 -0.062610365 -0.061657004 -0.062463667 -0.06306499
0.361 -0.06264648 -0.06208703 -0.06225355 -0.06288684 -0.062669285 -0.061739497 -0.06252423 -0.063106984
0.362 -0.06270699 -0.06216997 -0.06232855 -0.06293979 -0.06272663 -0.061819404 -0.06258287 -0.06314788
0.363 -0.06276593 -0.06225041 -0.06240144 -0.06299141 -0.06278247 -0.061896812 -0.062639676 -0.06318773
0.364 -0.06282334 -0.06232844 -0.0624723 -0.06304172 -0.06283681 -0.061971813 -0.06269469 -0.06322656
0.365 -0.06287926 -0.06240415 -0.06254118 -0.06309077 -0.062889725 -0.062044464 -0.06274797 -0.0632644
0.366 -0.06293372 -0.06247759 -0.06260814 -0.06313859 -0.06294124 -0.062114872 -0.06279957 -0.063301265
0.367 -0.06298678 -0.06254884 -0.06267323 -0.0631852 -0.06299139 -0.062183082 -0.06284956 -0.06333719
0.368 -0.06303846 -0.06261798 -0.0627365 -0.06323063 -0.06304022 -0.06224917 -0.062897965 -0.0633722
0.369 -0.0630888 -0.06268507 -0.06279801 -0.06327493 -0.06308776 -0.062313214 -0.06294487 -0.063406326
0.37 -0.06313784 -0.06275018 -0.06285781 -0.0633181 -0.06313406 -0.062375277 -0.06299029 -0.063439585
0.371 -0.0631856 -0.06281336 -0.06291594 -0.0633602 -0.06317914 -0.062435422 -0.06303429 -0.06347201
0.372 -0.06323213 -0.06287468 -0.06297246 -0.06340123 -0.06322304 -0.06249371 -0.063076906 -0.063503616
0.373 -0.06327745 -0.06293419 -0.06302741 -0.06344123 -0.06326579 -0.0625502 -0.06311819 -0.06353442
0.374 -0.0633216 -0.06299196 -0.06308084 -0.06348023 -0.06330743 -0.06260496 -0.06315819 -0.063564464
0.375 -0.06336461 -0.06304803 -0.06313278 -0.06351824 -0.06334797 -0.062658034 -0.06319694 -0.063593745
0.376 -0.06340651 -0.06310246 -0.06318328 -0.0635553 -0.06338746 -0.062709466 -0.06323449 -0.063622296
0.377 -0.06344732 -0.0631553 -0.06323238 -0.06359143 -0.06342593 -0.06275934 -0.06327085 -0.06365013
0.378 -0.06348707 -0.06320661 -0.06328012 -0.06362665 -0.06346339 -0.06280768 -0.0633061 -0.063677266
0.379 -0.0635258 -0.06325642 -0.06332655 -0.06366099 -0.063499875 -0.06285453 -0.06334024 -0.06370374
0.38 -0.06356353 -0.06330478 -0.06337169 -0.06369447 -0.06353542 -0.06289996 -0.06337331 -0.06372955
0.381 -0.06360029 -0.06335174 -0.06341558 -0.0637271 -0.06357005 -0.062943995 -0.063405365 -0.063754715
0.382 -0.06363609 -0.06339734 -0.06345826 -0.06375891 -0.06360378 -0.0629867 -0.06343642 -0.063779265
0.383 -0.06367097 -0.06344163 -0.06349976 -0.06378993 -0.063636646 -0.0630281 -0.06346651 -0.06380321
0.384 -0.06370495 -0.06348463 -0.06354012 -0.06382017 -0.06366866 -0.06306824 -0.063495666 -0.06382656
0.385 -0.06373806 -0.0635264 -0.06357937 -0.06384964 -0.06369985 -0.06310716 -0.063523926 -0.06384934
0.386 -0.06377031 -0.06356697 -0.06361754 -0.06387838 -0.06373024 -0.063144915 -0.06355131 -0.06387156
0.387 -0.06380173 -0.06360637 -0.06365466 -0.0639064 -0.06375985 -0.06318151 -0.06357785 -0.06389323
0.388 -0.06383233 -0.06364464 -0.06369076 -0.06393372 -0.0637887 -0.06321701 -0.06360357 -0.06391437
0.389 -0.06386215 -0.06368182 -0.06372586 -0.06396035 -0.06381681 -0.063251436 -0.06362851 -0.063935
0.39 -0.06389121 -0.06371794 -0.06376001 -0.06398631 -0.063844204 -0.063284814 -0.063652664 -0.06395512
0.391 -0.06391951 -0.06375303 -0.06379322 -0.06401162 -0.0638709 -0.063317195 -0.06367609 -0.06397475
0.392 -0.06394708 -0.06378711 -0.06382551 -0.0640363 -0.06389692 -0.063348606 -0.06369878 -0.063993916
0.393 -0.06397395 -0.06382023 -0.06385693 -0.06406035 -0.06392227 -0.063379064 -0.06372079 -0.0640126
0.394 -0.06400012 -0.06385241 -0.06388748 -0.06408381 -0.06394698 -0.063408606 -0.06374212 -0.06403084
0.395 -0.06402562 -0.06388368 -0.0639172 -0.06410668 -0.063971065 -0.06343727 -0.0637628 -0.06404864
0.396 -0.06405047 -0.06391406 -0.0639461 -0.06412897 -0.063994534 -0.06346506 -0.06378285 -0.06406601
0.397 -0.06407467 -0.06394358 -0.06397422 -0.06415071 -0.064017415 -0.06349204 -0.06380228 -0.06408295
0.398 -0.06409826 -0.06397227 -0.06400157 -0.0641719 -0.064039715 -0.0635182 -0.06382112 -0.06409948
0.399 -0.06412123 -0.06400015 -0.06402817 -0.06419256 -0.064061455 -0.06354359 -0.06383939 -0.06411563
0.4 -0.06414362 -0.06402725 -0.06405405 -0.0642127 -0.064082645 -0.063568205 -0.06385711 -0.06413138
0.401 -0.06416543 -0.06405359 -0.06407923 -0.06423234 -0.064103305 -0.06359209 -0.06387428 -0.06414676
0.402 -0.06418668 -0.06407918 -0.06410372 -0.06425149 -0.06412344 -0.06361527 -0.06389094 -0.06416176
0.403 -0.06420739 -0.06410406 -0.06412754 -0.06427016 -0.06414307 -0.06363776 -0.06390709 -0.06417641
0.404 -0.06422756 -0.06412824 -0.06415072 -0.06428836 -0.06416221 -0.063659586 -0.06392275 -0.064190716
0.405 -0.06424722 -0.06415175 -0.06417326 -0.0643061 -0.06418087 -0.06368076 -0.06393793 -0.06420467
0.406 -0.06426637 -0.0641746 -0.0641952 -0.06432341 -0.06419907 -0.06370132 -0.06395267 -0.0642183
0.407 -0.06428503 -0.06419682 -0.06421654 -0.06434027 -0.06421681 -0.063721254 -0.06396697 -0.06423159
0.408 -0.06430322 -0.06421841 -0.0642373 -0.06435672 -0.06423411 -0.06374061 -0.06398082 -0.064244576
0.409 -0.06432093 -0.06423941 -0.0642575 -0.06437276 -0.064250976 -0.063759394 -0.06399425 -0.06425726
0.41 -0.0643382 -0.06425982 -0.06427716 -0.06438839 -0.06426742 -0.06377762 -0.06400729 -0.06426963
0.411 -0.06435502 -0.06427967 -0.06429628 -0.06440363 -0.06428346 -0.06379531 -0.06401993 -0.06428171
0.412 -0.06437141 -0.06429897 -0.06431488 -0.06441849 -0.0642991 -0.06381249 -0.064032204 -0.06429351
0.413 -0.06438738 -0.06431773 -0.06433299 -0.06443298 -0.06431436 -0.063829154 -0.0640441 -0.06430503
0.414 -0.06440294 -0.06433598 -0.0643506 -0.06444711 -0.06432923 -0.06384533 -0.064055644 -0.06431629
0.415 -0.0644181 -0.06435372 -0.06436774 -0.06446089 -0.06434374 -0.063861035 -0.06406684 -0.06432727
0.416 -0.06443288 -0.06437097 -0.06438442 -0.06447432 -0.06435789 -0.06387628 -0.06407771 -0.06433799
0.417 -0.06444727 -0.06438775 -0.06440065 -0.06448741 -0.0643717 -0.063891076 -0.06408825 -0.06434846
0.418 -0.0644613 -0.06440407 -0.06441644 -0.06450018 -0.06438515 -0.06390544 -0.064098485 -0.06435868
0.419 -0.06447497 -0.06441994 -0.06443181 -0.06451263 -0.06439829 -0.063919395 -0.06410842 -0.06436867
0.42 -0.06448829 -0.06443537 -0.06444676 -0.06452477 -0.0644111 -0.063932925 -0.06411805 -0.06437843
0.421 -0.06450127 -0.06445038 -0.06446132 -0.0645366 -0.0644236 -0.06394608 -0.064127415 -0.064387955
0.422 -0.06451392 -0.06446498 -0.06447548 -0.06454814 -0.06443578 -0.06395885 -0.06413648 -0.06439726
0.423 -0.06452625 -0.06447918 -0.06448926 -0.06455939 -0.06444768 -0.063971244 -0.06414529 -0.06440634
0.424 -0.06453826 -0.06449299 -0.06450267 -0.06457036 -0.06445927 -0.06398328 -0.06415384 -0.064415224
0.425 -0.06454996 -0.06450643 -0.06451573 -0.06458106 -0.0644706 -0.063994974 -0.064162135 -0.06442389
0.426 -0.06456136 -0.0645195 -0.06452843 -0.06459148 -0.06448163 -0.06400631 -0.06417019 -0.06443235
0.427 -0.06457248 -0.06453221 -0.0645408 -0.06460165 -0.064492404 -0.06401733 -0.064178005 -0.06444062
0.428 -0.06458331 -0.06454458 -0.06455283 -0.06461157 -0.06450292 -0.06402804 -0.0641856 -0.0644487
0.429 -0.06459386 -0.06455662 -0.06456454 -0.06462123 -0.06451317 -0.064038426 -0.06419297 -0.06445658
0.43 -0.06460415 -0.06456832 -0.06457594 -0.06463066 -0.064523175 -0.06404852 -0.064200126 -0.064464286
0.431 -0.06461417 -0.06457971 -0.06458704 -0.06463985 -0.06453294 -0.064058326 -0.06420707 -0.06447182
0.432 -0.06462394 -0.06459079 -0.06459784 -0.06464881 -0.064542465 -0.06406785 -0.06421381 -0.06447917
0.433 -0.06463345 -0.06460157 -0.06460835 -0.06465755 -0.06455176 -0.064077094 -0.064220354 -0.064486355
0.434 -0.06464273 -0.06461206 -0.06461859 -0.06466607 -0.06456084 -0.06408607 -0.06422671 -0.06449337
0.435 -0.06465177 -0.06462227 -0.06462855 -0.06467438 -0.06456969 -0.0640948 -0.064232886 -0.06450023
0.436 -0.06466058 -0.0646322 -0.06463824 -0.06468248 -0.064578325 -0.06410328 -0.06423888 -0.064506926
0.437 -0.06466916 -0.06464186 -0.06464768 -0.06469037 -0.06458676 -0.06411151 -0.0642447 -0.06451347
0.438 -0.06467753 -0.06465126 -0.06465686 -0.06469807 -0.064594984 -0.0641195 -0.064250365 -0.06451985
0.439 -0.06468568 -0.06466041 -0.06466581 -0.06470558 -0.064603016 -0.06412728 -0.06425586 -0.0645261
0.44 -0.06469363 -0.06466932 -0.06467451 -0.0647129 -0.064610854 -0.06413482 -0.0642612 -0.064532205
0.441 -0.06470137 -0.06467798 -0.06468299 -0.06472004 -0.064618506 -0.06414216 -0.06426638 -0.064538166
0.442 -0.06470892 -0.06468641 -0.06469124 -0.064727 -0.06462598 -0.06414929 -0.06427141 -0.06454399
0.443 -0.06471627 -0.06469462 -0.06469927 -0.06473379 -0.064633265 -0.06415621 -0.06427631 -0.064549685
0.444 -0.06472344 -0.06470261 -0.06470709 -0.06474041 -0.06464038 -0.06416294 -0.06428106 -0.06455524
0.445 -0.06473042 -0.06471038 -0.0647147 -0.06474686 -0.06464732 -0.06416948 -0.06428567 -0.064560674
0.446 -0.06473723 -0.06471795 -0.06472211 -0.06475316 -0.0646541 -0.06417582 -0.06429016 -0.06456598
0.447 -0.06474387 -0.06472531 -0.06472933 -0.06475929 -0.06466071 -0.064182 -0.06429452 -0.064571165
0.448 -0.06475033 -0.06473248 -0.06473635 -0.06476527 -0.06466717 -0.06418799 -0.06429875 -0.06457623
0.449 -0.06475663 -0.06473945 -0.06474319 -0.06477111 -0.064673476 -0.064193815 -0.06430287 -0.064581186
0.45 -0.06476277 -0.06474624 -0.06474985 -0.0647768 -0.06467964 -0.06419949 -0.06430687 -0.06458603
0.451 -0.06476876 -0.06475285 -0.06475633 -0.06478234 -0.06468565 -0.06420499 -0.06431075 -0.06459075
0.452 -0.06477459 -0.06475928 -0.06476264 -0.06478775 -0.064691514 -0.06421035 -0.06431452 -0.06459539
0.453 -0.06478028 -0.06476555 -0.06476879 -0.06479302 -0.06469724 -0.06421555 -0.064318195 -0.0645999
0.454 -0.06478582 -0.06477164 -0.06477477 -0.06479817 -0.06470284 -0.06422061 -0.064321764 -0.06460431
0.455 -0.06479122 -0.06477758 -0.0647806 -0.06480318 -0.0647083 -0.064225525 -0.06432523 -0.064608626
0.456 -0.06479649 -0.06478335 -0.06478627 -0.06480807 -0.064713635 -0.0642303 -0.064328596 -0.06461285
0.457 -0.06480162 -0.06478898 -0.0647918 -0.06481284 -0.064718835 -0.06423495 -0.06433188 -0.06461697
0.458 -0.06480662 -0.06479445 -0.06479718 -0.06481749 -0.06472392 -0.06423946 -0.06433506 -0.064620994
0.459 -0.06481149 -0.06479978 -0.06480242 -0.06482202 -0.064728886 -0.06424385 -0.064338155 -0.06462493
0.46 -0.06481624 -0.06480497 -0.06480752 -0.06482644 -0.064733736 -0.064248115 -0.064341165 -0.06462878
0.461 -0.06482087 -0.06481002 -0.06481248 -0.06483075 -0.06473847 -0.064252265 -0.06434409 -0.06463254
0.462 -0.06482538 -0.06481494 -0.06481732 -0.06483495 -0.06474309 -0.064256296 -0.06434694 -0.06463621
0.463 -0.06482978 -0.06481973 -0.06482203 -0.06483905 -0.0647476 -0.06426022 -0.0643497 -0.0646398
0.464 -0.06483407 -0.06482439 -0.06482662 -0.06484305 -0.064752005 -0.06426403 -0.06435239 -0.06464331
0.465 -0.06483824 -0.06482893 -0.06483109 -0.06484694 -0.06475631 -0.06426773 -0.064355016 -0.06464674
0.466 -0.06484232 -0.06483335 -0.06483544 -0.06485074 -0.06476051 -0.064271346 -0.06435756 -0.064650096
0.467 -0.06484628 -0.06483766 -0.06483967 -0.06485445 -0.06476462 -0.064274855 -0.06436003 -0.064653374
0.468 -0.06485015 -0.06484185 -0.0648438 -0.06485806 -0.06476863 -0.06427825 -0.06436244 -0.064656585
0.469 -0.06485392 -0.06484593 -0.06484782 -0.06486159 -0.06477255 -0.06428157 -0.064364776 -0.064659715
0.47 -0.0648576 -0.0648499 -0.06485173 -0.06486502 -0.06477637 -0.064284794 -0.06436705 -0.06466277
0.471 -0.06486118 -0.06485377 -0.06485554 -0.06486837 -0.06478011 -0.06428793 -0.06436926 -0.064665765
0.472 -0.06486467 -0.06485754 -0.06485925 -0.06487164 -0.06478375 -0.06429098 -0.064371414 -0.064668685
0.473 -0.06486808 -0.06486121 -0.06486287 -0.06487482 -0.06478731 -0.06429394 -0.064373516 -0.064671546
0.474 -0.06487139 -0.06486478 -0.06486639 -0.06487793 -0.0647908 -0.06429683 -0.06437554 -0.06467434
0.475 -0.06487463 -0.06486826 -0.06486982 -0.06488096 -0.0647942 -0.06429963 -0.06437753 -0.06467707
0.476 -0.06487778 -0.06487165 -0.06487316 -0.06488391 -0.06479751 -0.064302355 -0.06437945 -0.064679734
0.477 -0.06488085 -0.06487495 -0.06487641 -0.06488679 -0.06480076 -0.064305015 -0.06438133 -0.06468235
0.478 -0.06488384 -0.06487816 -0.06487958 -0.0648896 -0.06480393 -0.0643076 -0.06438316 -0.0646849
0.479 -0.06488676 -0.06488129 -0.06488267 -0.06489234 -0.06480702 -0.0643101 -0.06438494 -0.06468739
0.48 -0.06488961 -0.06488434 -0.06488567 -0.06489501 -0.064810045 -0.06431255 -0.064386666 -0.06468983
0.481 -0.06489238 -0.06488731 -0.0648886 -0.06489762 -0.064812995 -0.06431493 -0.06438835 -0.06469222
0.482 -0.06489508 -0.0648902 -0.06489145 -0.06490016 -0.06481589 -0.06431724 -0.06438999 -0.064694546
0.483 -0.06489772 -0.06489301 -0.06489423 -0.06490263 -0.0648187 -0.06431949 -0.06439159 -0.064696826
0.484 -0.06490029 -0.06489576 -0.06489694 -0.06490505 -0.06482145 -0.06432168 -0.06439313 -0.064699054
0.485 -0.06490279 -0.06489843 -0.06489957 -0.0649074 -0.06482414 -0.06432381 -0.06439465 -0.06470123
0.486 -0.06490523 -0.06490103 -0.06490214 -0.0649097 -0.06482677 -0.064325884 -0.06439611 -0.06470335
0.487 -0.06490761 -0.06490356 -0.06490464 -0.06491194 -0.06482934 -0.0643279 -0.06439754 -0.06470544
0.488 -0.06490993 -0.06490603 -0.06490708 -0.06491412 -0.064831845 -0.06432986 -0.06439894 -0.064707465
0.489 -0.06491219 -0.06490844 -0.06490945 -0.06491625 -0.0648343 -0.06433178 -0.064400285 -0.064709455
0.49 -0.06491439 -0.06491078 -0.06491176 -0.06491833 -0.06483669 -0.06433363 -0.06440161 -0.0647114
0.491 -0.06491654 -0.06491306 -0.06491401 -0.06492035 -0.06483903 -0.06433544 -0.06440289 -0.0647133
0.492 -0.06491863 -0.06491528 -0.06491621 -0.06492233 -0.064841315 -0.064337194 -0.06440415 -0.06471516
0.493 -0.06492067 -0.06491744 -0.06491835 -0.06492425 -0.06484355 -0.064338915 -0.06440536 -0.06471697
0.494 -0.06492266 -0.06491955 -0.06492043 -0.06492613 -0.064845726 -0.064340584 -0.06440655 -0.06471875
0.495 -0.0649246 -0.06492161 -0.06492246 -0.06492796 -0.064847864 -0.0643422 -0.064407706 -0.06472049
0.496 -0.06492649 -0.06492361 -0.06492443 -0.06492975 -0.06484994 -0.06434379 -0.064408824 -0.06472219
0.497 -0.06492834 -0.06492556 -0.06492636 -0.06493149 -0.064851984 -0.06434532 -0.06440992 -0.06472385
0.498 -0.06493013 -0.06492745 -0.06492823 -0.06493319 -0.06485397 -0.06434682 -0.06441098 -0.06472548
0.499 -0.06493188 -0.0649293 -0.06493006 -0.06493484 -0.06485591 -0.06434827 -0.064412005 -0.06472706
0.5 -0.06493359 -0.06493111 -0.06493184 -0.06493646 -0.06485782 -0.064349696 -0.06441301 -0.06472862
