2.396411418914794922e+00 1.607622861862182617e+00
1.862016916275024414e+00 1.358005285263061523e+00
1.601393938064575195e+00 1.206134319305419922e+00
1.435359358787536621e+00 1.075487375259399414e+00
1.291918039321899414e+00 9.635289311408996582e-01
1.155666828155517578e+00 8.630117177963256836e-01
1.024662017822265625e+00 7.818249464035034180e-01
9.109910726547241211e-01 7.170366644859313965e-01
8.154178857803344727e-01 6.742697954177856445e-01
7.417624592781066895e-01 6.442914009094238281e-01
6.837158203125000000e-01 6.088836789131164551e-01
6.332157850265502930e-01 5.305125713348388672e-01
5.511662960052490234e-01 4.700826108455657959e-01
4.793030321598052979e-01 4.462034106254577637e-01
4.502549171447753906e-01 3.872263133525848389e-01
3.885039389133453369e-01 3.524683713912963867e-01
3.457865417003631592e-01 3.574169576168060303e-01
3.433536291122436523e-01 3.494960963726043701e-01
3.348647058010101318e-01 3.226906955242156982e-01
3.098469376564025879e-01 2.881549000740051270e-01
2.870993316173553467e-01 2.853266894817352295e-01
2.872794270515441895e-01 2.785677909851074219e-01
2.772828936576843262e-01 2.741578221321105957e-01
2.586869895458221436e-01 2.807136178016662598e-01
2.553202509880065918e-01 2.803111374378204346e-01
2.523772120475769043e-01 2.677875757217407227e-01
2.409105300903320312e-01 2.508619725704193115e-01
2.262905836105346680e-01 2.394081652164459229e-01
2.180428802967071533e-01 2.346114665269851685e-01
2.167201936244964600e-01 2.277185916900634766e-01
2.120657712221145630e-01 2.156628072261810303e-01
2.010743170976638794e-01 2.049782723188400269e-01
1.932568848133087158e-01 2.002555429935455322e-01
1.884103864431381226e-01 1.954941004514694214e-01
1.830190122127532959e-01 1.888224184513092041e-01
1.764224618673324585e-01 1.822380572557449341e-01
1.698163449764251709e-01 1.778714954853057861e-01
1.648964732885360718e-01 1.739003956317901611e-01
1.596995443105697632e-01 1.702479422092437744e-01
1.547825038433074951e-01 1.682714074850082397e-01
1.515247523784637451e-01 1.668062955141067505e-01
1.486971676349639893e-01 1.657135039567947388e-01
1.465579718351364136e-01 1.646007299423217773e-01
1.439067125320434570e-01 1.631624847650527954e-01
1.419174671173095703e-01 1.618042141199111938e-01
1.404652297496795654e-01 1.604182869195938110e-01
1.376790851354598999e-01 1.593144685029983521e-01
1.361507475376129150e-01 1.578832715749740601e-01
1.348208487033843994e-01 1.558359414339065552e-01
1.329657584428787231e-01 1.533151715993881226e-01
1.305896490812301636e-01 1.509323418140411377e-01
1.285529136657714844e-01 1.490338146686553955e-01
1.269102096557617188e-01 1.475787460803985596e-01
1.251073926687240601e-01 1.466522067785263062e-01
1.233382448554039001e-01 1.462260633707046509e-01
1.219886690378189087e-01 1.457868665456771851e-01
1.206765398383140564e-01 1.453177928924560547e-01
1.192040294408798218e-01 1.451974213123321533e-01
1.179810762405395508e-01 1.451729387044906616e-01
1.170287579298019409e-01 1.448243260383605957e-01
1.158857345581054688e-01 1.443410664796829224e-01
1.148510947823524475e-01 1.436348259449005127e-01
1.139215677976608276e-01 1.429372876882553101e-01
1.128896251320838928e-01 1.424672007560729980e-01
1.118243783712387085e-01 1.416742056608200073e-01
1.109911054372787476e-01 1.402469426393508911e-01
1.100556403398513794e-01 1.390595585107803345e-01
1.092903167009353638e-01 1.381718069314956665e-01
1.085871234536170959e-01 1.372129172086715698e-01
1.077445745468139648e-01 1.363428384065628052e-01
1.070417389273643494e-01 1.352223902940750122e-01
1.064331158995628357e-01 1.347603052854537964e-01
1.057599633932113647e-01 1.341259628534317017e-01
1.050610318779945374e-01 1.337166726589202881e-01
1.042842417955398560e-01 1.336929649114608765e-01
1.034366488456726074e-01 1.339915245771408081e-01
1.027103886008262634e-01 1.342523247003555298e-01
1.020486801862716675e-01 1.342015862464904785e-01
1.012984290719032288e-01 1.340529173612594604e-01
1.005528196692466736e-01 1.340270638465881348e-01
9.976786375045776367e-02 1.340275257825851440e-01
9.890516847372055054e-02 1.336788982152938843e-01
9.800653159618377686e-02 1.330258697271347046e-01
9.707725793123245239e-02 1.324427574872970581e-01
9.615503251552581787e-02 1.317610591650009155e-01
9.514145553112030029e-02 1.307926923036575317e-01
9.408245235681533813e-02 1.299732029438018799e-01
9.303269535303115845e-02 1.297546476125717163e-01
9.187905490398406982e-02 1.294710934162139893e-01
9.081460535526275635e-02 1.285027563571929932e-01
8.965472877025604248e-02 1.278510391712188721e-01
8.850103616714477539e-02 1.270625740289688110e-01
8.772492408752441406e-02 1.269799470901489258e-01
8.821280300617218018e-02 1.255255341529846191e-01
8.568640053272247314e-02 1.239849179983139038e-01
8.401780575513839722e-02 1.244380101561546326e-01
8.194049447774887085e-02 1.246325224637985229e-01
8.140467852354049683e-02 1.191609501838684082e-01
8.042870461940765381e-02 1.171567216515541077e-01
7.976406812667846680e-02 1.154025569558143616e-01
7.936002314090728760e-02 1.123842447996139526e-01
7.774139940738677979e-02 1.119165644049644470e-01
7.687208056449890137e-02 1.123362332582473755e-01
7.675150781869888306e-02 1.097991093993186951e-01
7.595738768577575684e-02 1.088178902864456177e-01
7.454646378755569458e-02 1.077914983034133911e-01
7.401519268751144409e-02 1.066538468003273010e-01
7.360527664422988892e-02 1.048072129487991333e-01
7.186599820852279663e-02 1.037652865052223206e-01
7.089842855930328369e-02 1.027858629822731018e-01
7.003638148307800293e-02 1.014147251844406128e-01
6.923317164182662964e-02 9.994713217020034790e-02
6.861975044012069702e-02 9.811573475599288940e-02
6.757976859807968140e-02 9.701656550168991089e-02
6.675545126199722290e-02 9.582275897264480591e-02
6.613518297672271729e-02 9.370261430740356445e-02
6.525385379791259766e-02 9.190429747104644775e-02
6.443475931882858276e-02 9.038350731134414673e-02
6.350181996822357178e-02 8.883034437894821167e-02
6.257455796003341675e-02 8.657749742269515991e-02
6.164416670799255371e-02 8.385186642408370972e-02
6.059051305055618286e-02 8.129048347473144531e-02
5.957066267728805542e-02 7.916876673698425293e-02
5.845188349485397339e-02 7.741393148899078369e-02
5.729927495121955872e-02 7.556882500648498535e-02
5.622844025492668152e-02 7.379596680402755737e-02
5.518721416592597961e-02 7.233640551567077637e-02
5.414960533380508423e-02 7.140396535396575928e-02
5.327006429433822632e-02 7.024060934782028198e-02
5.247659236192703247e-02 6.936451047658920288e-02
5.169677734375000000e-02 6.938531249761581421e-02
5.091061443090438843e-02 6.983584910631179810e-02
5.018401890993118286e-02 6.959134340286254883e-02
4.944673925638198853e-02 6.862310320138931274e-02
4.865208640694618225e-02 6.755369901657104492e-02
4.793186113238334656e-02 6.751911342144012451e-02
4.720702022314071655e-02 6.827466934919357300e-02
4.649310186505317688e-02 6.811875849962234497e-02
4.587484151124954224e-02 6.975901871919631958e-02
4.567538946866989136e-02 6.847149878740310669e-02
4.731590300798416138e-02 7.190486788749694824e-02
4.473114386200904846e-02 6.774392724037170410e-02
4.327064752578735352e-02 6.531243771314620972e-02
4.289089888334274292e-02 6.881932914257049561e-02
4.294678568840026855e-02 6.537471711635589600e-02
4.423146322369575500e-02 6.819622963666915894e-02
4.129539430141448975e-02 6.409817934036254883e-02
4.190979152917861938e-02 6.269989907741546631e-02
4.768345504999160767e-02 6.318769603967666626e-02
3.981373086571693420e-02 7.588753104209899902e-02
5.779994651675224304e-02 7.139915972948074341e-02
6.181908398866653442e-02 7.756946235895156860e-02
7.539556175470352173e-02 6.975638866424560547e-02
6.340328603982925415e-02 7.898267358541488647e-02
6.371198594570159912e-02 7.140786200761795044e-02
5.238471180200576782e-02 7.031591236591339111e-02
5.709544941782951355e-02 6.738440692424774170e-02
5.412430688738822937e-02 6.463047862052917480e-02
4.784443974494934082e-02 5.979614704847335815e-02
4.747014492750167847e-02 5.960517376661300659e-02
4.918584600090980530e-02 5.729211121797561646e-02
4.617260396480560303e-02 5.289204046130180359e-02
4.339729994535446167e-02 4.985459148883819580e-02
4.278098419308662415e-02 4.921200498938560486e-02
4.300311580300331116e-02 4.794858396053314209e-02
4.133401066064834595e-02 4.705661535263061523e-02
4.109964892268180847e-02 5.211110785603523254e-02
4.010214656591415405e-02 5.490917712450027466e-02
3.747168928384780884e-02 5.174754932522773743e-02
3.654634580016136169e-02 5.381161719560623169e-02
3.622000664472579956e-02 5.062162131071090698e-02
3.548248484730720520e-02 4.542620480060577393e-02
3.477878868579864502e-02 4.403247684240341187e-02
3.427967056632041931e-02 4.438933357596397400e-02
3.403991460800170898e-02 4.240606725215911865e-02
3.305997699499130249e-02 4.175537452101707458e-02
3.261752426624298096e-02 4.192164540290832520e-02
3.250105679035186768e-02 3.938161954283714294e-02
3.140214458107948303e-02 3.925455734133720398e-02
3.046089969575405121e-02 4.003017395734786987e-02
2.998610213398933411e-02 3.934409841895103455e-02
2.929408848285675049e-02 4.133455827832221985e-02
2.903730235993862152e-02 5.553347989916801453e-02
2.900559082627296448e-02 4.393304511904716492e-02
3.066116943955421448e-02 3.892666101455688477e-02
3.069108352065086365e-02 3.668767586350440979e-02
2.679460868239402771e-02 4.423952475190162659e-02
3.078412637114524841e-02 3.592292219400405884e-02
2.727211080491542816e-02 3.618256747722625732e-02
2.643447183072566986e-02 4.109113663434982300e-02
2.764588594436645508e-02 3.570293262600898743e-02
2.342715486884117126e-02 3.560055792331695557e-02
2.587051689624786377e-02 3.636553883552551270e-02
2.293013595044612885e-02 3.737045451998710632e-02
2.372136153280735016e-02 3.413932025432586670e-02
2.366988733410835266e-02 3.294458985328674316e-02
2.176438644528388977e-02 3.682104498147964478e-02
2.369346655905246735e-02 3.308736160397529602e-02
2.177113108336925507e-02 3.301412984728813171e-02
2.150969207286834717e-02 3.514806553721427917e-02
2.196336910128593445e-02 3.223112970590591431e-02
2.038094587624073029e-02 3.183610737323760986e-02
2.104362286627292633e-02 3.240577876567840576e-02
2.021763101220130920e-02 3.172028809785842896e-02
1.983640715479850769e-02 3.026816807687282562e-02
2.018744125962257385e-02 2.997394464910030365e-02
1.898568868637084961e-02 3.032278083264827728e-02
1.928492262959480286e-02 2.923707105219364166e-02
1.912363432347774506e-02 2.832723595201969147e-02
1.831475645303726196e-02 2.870879694819450378e-02
1.844250410795211792e-02 2.852523885667324066e-02
1.840742491185665131e-02 2.815115824341773987e-02
1.765920780599117279e-02 2.806583605706691742e-02
1.765559799969196320e-02 2.780869603157043457e-02
1.777519285678863525e-02 2.814380452036857605e-02
1.732933893799781799e-02 2.752247080206871033e-02
1.685477234423160553e-02 2.699107490479946136e-02
1.686516031622886658e-02 2.709168754518032074e-02
1.689658872783184052e-02 2.678165957331657410e-02
1.648671180009841919e-02 2.659748867154121399e-02
1.617789827287197113e-02 2.634756639599800110e-02
1.615517586469650269e-02 2.606664970517158508e-02
1.618400216102600098e-02 2.595548331737518311e-02
1.607623882591724396e-02 2.564090490341186523e-02
1.577011309564113617e-02 2.517737820744514465e-02
1.549382694065570831e-02 2.495189383625984192e-02
1.540193520486354828e-02 2.495388686656951904e-02
1.541099883615970612e-02 2.485702000558376312e-02
1.545196212828159332e-02 2.463256381452083588e-02
1.535104028880596161e-02 2.416814677417278290e-02
1.513397507369518280e-02 2.385861054062843323e-02
1.484802924096584320e-02 2.358552441000938416e-02
1.466324646025896072e-02 2.342990040779113770e-02
1.461376436054706573e-02 2.344230189919471741e-02
1.464888732880353928e-02 2.333681471645832062e-02
1.474743150174617767e-02 2.365975454449653625e-02
1.481453888118267059e-02 2.305835671722888947e-02
1.479850988835096359e-02 2.324026264250278473e-02
1.456212811172008514e-02 2.266873233020305634e-02
1.423850841820240021e-02 2.271517924964427948e-02
1.396530400961637497e-02 2.239085361361503601e-02
1.380665041506290436e-02 2.229270339012145996e-02
1.373804919421672821e-02 2.253382839262485504e-02
1.375567633658647537e-02 2.225407212972640991e-02
1.386188250035047531e-02 2.279857173562049866e-02
1.405214052647352219e-02 2.241806685924530029e-02
1.440924685448408127e-02 2.367980033159255981e-02
1.483112853020429611e-02 2.291591465473175049e-02
1.531146466732025146e-02 2.398822456598281860e-02
1.512181572616100311e-02 2.215003967285156250e-02
1.400881260633468628e-02 2.187911048531532288e-02
1.314929686486721039e-02 2.215563319623470306e-02
1.332507841289043427e-02 2.230582758784294128e-02
1.400748640298843384e-02 2.338614687323570251e-02
1.430054567754268646e-02 2.208019793033599854e-02
1.375695504248142242e-02 2.198712714016437531e-02
1.300399471074342728e-02 2.184144221246242523e-02
1.277770102024078369e-02 2.176655270159244537e-02
1.311848592013120651e-02 2.262912504374980927e-02
1.342006959021091461e-02 2.195992879569530487e-02
1.321136485785245895e-02 2.228784747421741486e-02
1.275961659848690033e-02 2.189572714269161224e-02
1.243745069950819016e-02 2.194918505847454071e-02
1.246223691850900650e-02 2.257756330072879791e-02
1.267386414110660553e-02 2.247757278382778168e-02
1.282329577952623367e-02 2.300756797194480896e-02
1.277760416269302368e-02 2.242507413029670715e-02
1.253831852227449417e-02 2.258156239986419678e-02
1.225069630891084671e-02 2.231773361563682556e-02
1.205749437212944031e-02 2.230225317180156708e-02
1.201578695327043533e-02 2.258963324129581451e-02
1.208558678627014160e-02 2.260615304112434387e-02
1.217935513705015182e-02 2.302028797566890717e-02
1.225464791059494019e-02 2.278026565909385681e-02
1.226371899247169495e-02 2.310887724161148071e-02
1.221418194472789764e-02 2.281056344509124756e-02
1.208985596895217896e-02 2.294291742146015167e-02
1.192972995340824127e-02 2.266812510788440704e-02
1.175533886998891830e-02 2.273348532617092133e-02
1.161172613501548767e-02 2.266447246074676514e-02
1.151113770902156830e-02 2.263602055609226227e-02
1.144896633923053741e-02 2.267196960747241974e-02
1.141836959868669510e-02 2.272904105484485626e-02
1.141368877142667770e-02 2.287468314170837402e-02
1.144333276897668839e-02 2.282816357910633087e-02
1.152984052896499634e-02 2.312401495873928070e-02
1.172944810241460800e-02 2.333338931202888489e-02
1.211765222251415253e-02 2.418720163404941559e-02
1.287836302071809769e-02 2.477338723838329315e-02
1.392112113535404205e-02 2.584297396242618561e-02
1.503231842070817947e-02 2.499002218246459961e-02
1.446547172963619232e-02 2.351812273263931274e-02
1.257394440472126007e-02 2.221294119954109192e-02
1.105726137757301331e-02 2.271468378603458405e-02
1.164382975548505783e-02 2.374071255326271057e-02
1.284068543463945389e-02 2.312001399695873260e-02
1.242740824818611145e-02 2.200502157211303711e-02
1.115437597036361694e-02 2.180353924632072449e-02
1.092336140573024750e-02 2.241384983062744141e-02
1.175137609243392944e-02 2.245904318988323212e-02
1.196739450097084045e-02 2.156147360801696777e-02
1.112942583858966827e-02 2.122273854911327362e-02
1.065435912460088730e-02 2.176124602556228638e-02
1.111407391726970673e-02 2.190951816737651825e-02
1.147830393165349960e-02 2.177106216549873352e-02
1.115307584404945374e-02 2.119948156177997589e-02
1.056225411593914032e-02 2.133351005613803864e-02
1.056868582963943481e-02 2.178888767957687378e-02
1.091747265309095383e-02 2.169776707887649536e-02
1.092261355370283127e-02 2.151503786444664001e-02
1.057759020477533340e-02 2.139043249189853668e-02
1.030325982719659805e-02 2.152510732412338257e-02
1.041177101433277130e-02 2.165377698838710785e-02
1.061167009174823761e-02 2.149891480803489685e-02
1.057921256870031357e-02 2.142625860869884491e-02
1.031802780926227570e-02 2.134215831756591797e-02
1.013089902698993683e-02 2.131099067628383636e-02
1.014102902263402939e-02 2.140514366328716278e-02
1.027150824666023254e-02 2.144817076623439789e-02
1.030377205461263657e-02 2.147478237748146057e-02
1.018533762544393539e-02 2.126725390553474426e-02
1.001798640936613083e-02 2.111493796110153198e-02
9.910606779158115387e-03 2.111585251986980438e-02
9.904601611196994781e-03 2.116182819008827209e-02
9.951811283826828003e-03 2.118041180074214935e-02
9.993494488298892975e-03 2.110654674470424652e-02
9.976452216506004333e-03 2.102259919047355652e-02
9.903448633849620819e-03 2.090883441269397736e-02
9.791859425604343414e-03 2.083650603890419006e-02
9.701381437480449677e-03 2.074972726404666901e-02
9.644516743719577789e-03 2.066662348806858063e-02
9.628633968532085419e-03 2.065261639654636383e-02
9.634523652493953705e-03 2.070895396173000336e-02
9.651376865804195404e-03 2.071522548794746399e-02
9.669557213783264160e-03 2.070978097617626190e-02
9.684992954134941101e-03 2.073170058429241180e-02
9.704637341201305389e-03 2.084466069936752319e-02
9.727782569825649261e-03 2.087685652077198029e-02
9.781510569155216217e-03 2.099414169788360596e-02
9.863021783530712128e-03 2.106914296746253967e-02
1.003075949847698212e-02 2.135476842522621155e-02
1.025890000164508820e-02 2.143778093159198761e-02
1.062464807182550430e-02 2.182367816567420959e-02
1.098334882408380508e-02 2.175293304026126862e-02
1.131629478186368942e-02 2.168650180101394653e-02
1.114713121205568314e-02 2.081234194338321686e-02
1.060083881020545959e-02 2.006314136087894440e-02
9.738634340465068817e-03 1.936378702521324158e-02
9.169098921120166779e-03 1.918071880936622620e-02
9.122980758547782898e-03 1.932307705283164978e-02
9.466845542192459106e-03 1.948348805308341980e-02
9.836292825639247894e-03 1.937911659479141235e-02
9.885878302156925201e-03 1.906625553965568542e-02
9.625193662941455841e-03 1.862039230763912201e-02
9.188420139253139496e-03 1.833169907331466675e-02
8.910014294087886810e-03 1.832945831120014191e-02
8.920325897634029388e-03 1.848170161247253418e-02
9.116720408201217651e-03 1.869377307593822479e-02
9.313147515058517456e-03 1.864272728562355042e-02
9.350039064884185791e-03 1.857784576714038849e-02
9.230883792042732239e-03 1.836187578737735748e-02
8.994138799607753754e-03 1.818332634866237640e-02
8.778199553489685059e-03 1.808624155819416046e-02
8.662055246531963348e-03 1.806682161986827850e-02
8.658635430037975311e-03 1.807936653494834900e-02
8.729573339223861694e-03 1.809296943247318268e-02
8.825234137475490570e-03 1.815012283623218536e-02
8.903424255549907684e-03 1.809173263609409332e-02
8.936259895563125610e-03 1.807848736643791199e-02
8.934810757637023926e-03 1.792449131608009338e-02
8.884678594768047333e-03 1.785354502499103546e-02
8.813926018774509430e-03 1.764234341681003571e-02
8.712857030332088470e-03 1.756570860743522644e-02
8.616923354566097260e-03 1.734399050474166870e-02
8.525934070348739624e-03 1.726785674691200256e-02
8.451617322862148285e-03 1.706936024129390717e-02
8.391367271542549133e-03 1.704097352921962738e-02
8.344923146069049835e-03 1.688493415713310242e-02
8.312080055475234985e-03 1.687335781753063202e-02
8.293099701404571533e-03 1.672890782356262207e-02
8.293458260595798492e-03 1.681620441377162933e-02
8.330159820616245270e-03 1.668188720941543579e-02
8.426684886217117310e-03 1.699329167604446411e-02
8.653540164232254028e-03 1.698184385895729065e-02
9.093648754060268402e-03 1.802586764097213745e-02
1.000800542533397675e-02 1.859671436250209808e-02
1.144216954708099365e-02 2.078312262892723083e-02
1.352752000093460083e-02 2.062382176518440247e-02
1.419481914490461349e-02 1.950713247060775757e-02
1.248395908623933792e-02 1.632621511816978455e-02
9.019720368087291718e-03 1.548626739531755447e-02
8.148497901856899261e-03 1.708751544356346130e-02
1.016036234796047211e-02 1.723806932568550110e-02
1.089878752827644348e-02 1.593015529215335846e-02
9.008958004415035248e-03 1.482848823070526123e-02
7.914731279015541077e-03 1.574513502418994904e-02
9.221174754202365875e-03 1.624827459454536438e-02
9.727366268634796143e-03 1.471703033894300461e-02
8.319769054651260376e-03 1.431881077587604523e-02
7.853376679122447968e-03 1.543940044939517975e-02
8.931589312851428986e-03 1.497315429151058197e-02
8.942797780036926270e-03 1.445172447711229324e-02
7.931956090033054352e-03 1.429029740393161774e-02
7.738640997558832169e-03 1.458677928894758224e-02
8.495999500155448914e-03 1.482032425701618195e-02
8.410856127738952637e-03 1.402743719518184662e-02
7.681636605411767960e-03 1.396784745156764984e-02
7.568301167339086533e-03 1.457963418215513229e-02
8.090337738394737244e-03 1.416237466037273407e-02
8.014446124434471130e-03 1.402176916599273682e-02
7.513987366110086441e-03 1.374214142560958862e-02
7.350505329668521881e-03 1.380217820405960083e-02
7.685871329158544540e-03 1.417562831193208694e-02
7.749502547085285187e-03 1.356444694101810455e-02
7.424478419125080109e-03 1.345561165362596512e-02
7.163332309573888779e-03 1.363659370690584183e-02
7.302885409444570541e-03 1.344433426856994629e-02
7.453875150531530380e-03 1.362719945609569550e-02
7.359278853982686996e-03 1.319298706948757172e-02
7.086213678121566772e-03 1.315426640212535858e-02
6.980366073548793793e-03 1.326645351946353912e-02
7.056565023958683014e-03 1.308300532400608063e-02
7.157628424465656281e-03 1.327469944953918457e-02
7.103285752236843109e-03 1.290473621338605881e-02
6.948463618755340576e-03 1.290318369865417480e-02
6.792746484279632568e-03 1.281804591417312622e-02
6.738116033375263214e-03 1.271547563374042511e-02
6.755565758794546127e-03 1.290018577128648758e-02
6.803884170949459076e-03 1.268385071307420731e-02
6.819411180913448334e-03 1.284358091652393341e-02
6.798986345529556274e-03 1.253324467688798904e-02
6.737140007317066193e-03 1.265409030020236969e-02
6.661268882453441620e-03 1.233692839741706848e-02
6.580107845366001129e-03 1.238332223147153854e-02
6.511754356324672699e-03 1.215325854718685150e-02
6.450378801673650742e-03 1.222848705947399139e-02
6.407617591321468353e-03 1.200423855334520340e-02
6.379584781825542450e-03 1.213084720075130463e-02
6.383482366800308228e-03 1.193619426339864731e-02
6.445539183914661407e-03 1.232874672859907150e-02
6.628047674894332886e-03 1.222982537001371384e-02
7.118130568414926529e-03 1.362533308565616608e-02
8.121476508677005768e-03 1.441553700715303421e-02
1.031655073165893555e-02 1.754389330744743347e-02
1.281304843723773956e-02 1.728147268295288086e-02
1.415290124714374542e-02 1.520135439932346344e-02
1.044104620814323425e-02 1.146050542593002319e-02
6.410593632608652115e-03 1.200785487890243530e-02
7.502759806811809540e-03 1.422231830656528473e-02
1.010354515165090561e-02 1.264317147433757782e-02
8.704461157321929932e-03 1.089614164084196091e-02
6.088677328079938889e-03 1.188122946768999100e-02
7.386082317680120468e-03 1.257304567843675613e-02
8.681153878569602966e-03 1.138712745159864426e-02
6.633414886891841888e-03 1.082522701472043991e-02
6.351531948894262314e-03 1.165067125111818314e-02
7.730875164270401001e-03 1.114598289132118225e-02
6.653789430856704712e-03 1.038836967200040817e-02
5.897683557122945786e-03 1.098669972270727158e-02
6.949026137590408325e-03 1.125004421919584274e-02
6.624585948884487152e-03 1.013640221208333969e-02
5.728545133024454117e-03 1.046036742627620697e-02
6.236613728106021881e-03 1.107821427285671234e-02
6.512216292321681976e-03 1.026837434619665146e-02
5.861421581357717514e-03 1.025800406932830811e-02
5.758837796747684479e-03 1.090486161410808563e-02
6.121146492660045624e-03 1.020351704210042953e-02
5.907123908400535583e-03 1.001930329948663712e-02
5.569321103394031525e-03 1.031225174665451050e-02
5.709495861083269119e-03 1.019219029694795609e-02
5.871941801160573959e-03 1.027326844632625580e-02
5.560612305998802185e-03 1.006224565207958221e-02
5.408849567174911499e-03 1.003583334386348724e-02
5.641127005219459534e-03 1.021064631640911102e-02
5.556837655603885651e-03 9.944542311131954193e-03
5.417634267359972000e-03 9.936012327671051025e-03
5.361530929803848267e-03 1.006762869656085968e-02
5.385812837630510330e-03 9.854016825556755066e-03
5.441977176815271378e-03 9.873962029814720154e-03
5.244775209575891495e-03 9.861544705927371979e-03
5.230060312896966934e-03 9.758432395756244659e-03
5.270074587315320969e-03 9.879860095679759979e-03
5.273532588034868240e-03 9.746997617185115814e-03
5.261566955596208572e-03 9.922128170728683472e-03
5.172795616090297699e-03 9.681737981736660004e-03
5.065550096333026886e-03 9.606223553419113159e-03
5.064840428531169891e-03 9.753556922078132629e-03
5.087653174996376038e-03 9.659093804657459259e-03
5.155257880687713623e-03 9.796463884413242340e-03
5.083866417407989502e-03 9.538840502500534058e-03
5.019653588533401489e-03 9.544297121465206146e-03
4.930493421852588654e-03 9.584033861756324768e-03
4.938039928674697876e-03 9.445377625524997711e-03
4.911092109978199005e-03 9.473565965890884399e-03
5.096027627587318420e-03 1.022399961948394775e-02
6.496415473520755768e-03 1.216305978596210480e-02
7.524436805397272110e-03 1.079969387501478195e-02
7.430913858115673065e-03 1.076276972889900208e-02
6.658130325376987457e-03 9.834800846874713898e-03
5.713584832847118378e-03 9.672689251601696014e-03
5.779987201094627380e-03 1.091821677982807159e-02
6.661578081548213959e-03 1.073566451668739319e-02
6.735292263329029083e-03 1.033699885010719299e-02
5.864877253770828247e-03 9.683939628303050995e-03
5.346846766769886017e-03 9.509078226983547211e-03
5.354188382625579834e-03 9.979350492358207703e-03
5.719399079680442810e-03 9.771501645445823669e-03
5.860276054590940475e-03 9.812598116695880890e-03
5.260910373181104660e-03 9.111714549362659454e-03
4.946093074977397919e-03 9.150384925305843353e-03
5.103150382637977600e-03 9.659715928137302399e-03
5.193385295569896698e-03 9.203317575156688690e-03
5.201335530728101730e-03 9.290472604334354401e-03
5.059756338596343994e-03 9.170581586658954620e-03
4.744123667478561401e-03 9.088881313800811768e-03
4.758127033710479736e-03 9.262400679290294647e-03
4.931395407766103745e-03 9.138724766671657562e-03
4.902360029518604279e-03 9.222517721354961395e-03
4.810822661966085434e-03 8.846274577081203461e-03
4.693873692303895950e-03 8.819443173706531525e-03
4.586217924952507019e-03 8.709073066711425781e-03
4.581856075674295425e-03 8.687372319400310516e-03
4.625806119292974472e-03 8.976338431239128113e-03
4.636089783161878586e-03 8.606042712926864624e-03
4.611820913851261139e-03 8.688353002071380615e-03
4.531465005129575729e-03 8.520387113094329834e-03
4.489426501095294952e-03 8.449429646134376526e-03
4.410880617797374725e-03 8.509005419909954071e-03
4.389687441289424896e-03 8.576180785894393921e-03
4.413673188537359238e-03 8.576601743698120117e-03
4.397203680127859116e-03 8.444502018392086029e-03
4.419547971338033676e-03 8.626031689345836639e-03
4.431358072906732559e-03 8.495834656059741974e-03
4.482747055590152740e-03 8.807934820652008057e-03
4.538313020020723343e-03 8.493609726428985596e-03
4.597433377057313919e-03 8.747518062591552734e-03
4.743971861898899078e-03 8.792031556367874146e-03
5.068112164735794067e-03 9.761068969964981079e-03
5.531417205929756165e-03 9.400423616170883179e-03
6.021966226398944855e-03 1.029381342232227325e-02
6.452412344515323639e-03 9.773807600140571594e-03
6.568483076989650726e-03 1.009089313447475433e-02
6.202949676662683487e-03 8.959983475506305695e-03
5.418853368610143661e-03 8.556464686989784241e-03
4.565741401165723801e-03 8.014934137463569641e-03
4.193914588540792465e-03 8.120222948491573334e-03
4.371031653136014938e-03 8.760101161897182465e-03
4.855426494032144547e-03 8.778028190135955811e-03
5.211822222918272018e-03 9.105853736400604248e-03
5.184190347790718079e-03 8.384108543395996094e-03
4.811626859009265900e-03 8.149095810949802399e-03
4.294263198971748352e-03 7.911655120551586151e-03
4.078508820384740829e-03 7.913920097053050995e-03
4.209361039102077484e-03 8.428752422332763672e-03
4.488935694098472595e-03 8.272846229374408722e-03
4.686214029788970947e-03 8.425661362707614899e-03
4.610860720276832581e-03 8.096877485513687134e-03
4.394685849547386169e-03 8.037309162318706512e-03
4.135621711611747742e-03 7.773038931190967560e-03
3.976371604949235916e-03 7.751476950943470001e-03
3.971170634031295776e-03 7.824647240340709686e-03
4.049903247505426407e-03 7.786625530570745468e-03
4.173218738287687302e-03 8.109454996883869171e-03
4.266972653567790985e-03 7.822255603969097137e-03
4.309870768338441849e-03 8.060499094426631927e-03
4.288500174880027771e-03 7.760244421660900116e-03
4.217967391014099121e-03 7.897365838289260864e-03
4.123523831367492676e-03 7.638955023139715195e-03
4.011553712189197540e-03 7.659845054149627686e-03
3.920041024684906006e-03 7.537443190813064575e-03
3.849138040095567703e-03 7.592444308102130890e-03
3.810467198491096497e-03 7.499249186366796494e-03
3.784840926527976990e-03 7.506038993597030640e-03
3.770560491830110550e-03 7.525977678596973419e-03
3.763111773878335953e-03 7.485685404390096664e-03
3.769595874473452568e-03 7.582621183246374130e-03
3.789729904383420944e-03 7.470064796507358551e-03
3.845997853204607964e-03 7.718310691416263580e-03
3.982624504715204239e-03 7.802907377481460571e-03
4.351912532001733780e-03 8.791378699243068695e-03
5.102297291159629822e-03 9.601506404578685760e-03
6.735859904438257217e-03 1.231599971652030945e-02
9.383426979184150696e-03 1.459165941923856735e-02
1.288485061377286911e-02 1.577782444655895233e-02
1.362088602036237717e-02 1.168482284992933273e-02
9.234149008989334106e-03 7.394953165203332901e-03
4.273470025509595871e-03 9.882177226245403290e-03
6.482293363660573959e-03 1.196926832199096680e-02
9.779145941138267517e-03 9.432020597159862518e-03
6.990130059421062469e-03 7.547821849584579468e-03
4.216930363327264786e-03 9.352524764835834503e-03
6.227389443665742874e-03 9.580427780747413635e-03
6.690452340990304947e-03 7.771800272166728973e-03
4.373144358396530151e-03 8.000180125236511230e-03
4.740158095955848694e-03 8.917043916881084442e-03
5.936408881098031998e-03 7.827226072549819946e-03
4.573077429085969925e-03 7.534500211477279663e-03
4.144927952438592911e-03 8.969439193606376648e-03
5.477166734635829926e-03 8.010117337107658386e-03
4.750562366098165512e-03 7.292331196367740631e-03
3.864611964672803879e-03 8.254095911979675293e-03
4.665996879339218140e-03 7.874760776758193970e-03
4.612860735505819321e-03 7.292455993592739105e-03
3.827848937362432480e-03 7.925863377749919891e-03
4.179809708148241043e-03 7.556176744401454926e-03
4.414110444486141205e-03 7.198637817054986954e-03
3.933517728000879288e-03 7.205179892480373383e-03
3.790829330682754517e-03 7.301374338567256927e-03
4.115425050258636475e-03 7.537995930761098862e-03
4.020161926746368408e-03 7.047484628856182098e-03
3.631551517173647881e-03 7.078194525092840195e-03
3.805912332609295845e-03 7.484554313123226166e-03
3.971663303673267365e-03 6.949739065021276474e-03
3.668050514534115791e-03 6.978043355047702789e-03
3.597866278141736984e-03 7.515764795243740082e-03
3.800263162702322006e-03 7.124598138034343719e-03
3.745252266526222229e-03 7.038742303848266602e-03
3.573268186300992966e-03 7.132475264370441437e-03
3.556468989700078964e-03 7.096660323441028595e-03
3.675573971122503281e-03 7.318919990211725235e-03
3.633518237620592117e-03 7.118039764463901520e-03
3.493340220302343369e-03 7.056708447635173798e-03
3.506344277411699295e-03 7.236520759761333466e-03
3.556821495294570923e-03 7.014748640358448029e-03
3.540437668561935425e-03 7.012288086116313934e-03
3.468937007710337639e-03 7.105764932930469513e-03
3.435757709667086601e-03 6.984642241150140762e-03
3.460301551967859268e-03 7.043412886559963226e-03
3.460772801190614700e-03 6.945869419723749161e-03
3.430261742323637009e-03 6.868868134915828705e-03
3.396305488422513008e-03 6.960024591535329819e-03
3.377603366971015930e-03 6.912562996149063110e-03
3.388705197721719742e-03 6.922020111232995987e-03
3.390090540051460266e-03 6.913318298757076263e-03
3.365166950970888138e-03 6.818421185016632080e-03
3.334701759740710258e-03 6.846860982477664948e-03
3.317730035632848740e-03 6.849374622106552124e-03
3.328845370560884476e-03 6.827919278293848038e-03
3.330754581838846207e-03 6.833230145275592804e-03
3.311008680611848831e-03 6.781452335417270660e-03
3.285748418420553207e-03 6.744165904819965363e-03
3.268629312515258789e-03 6.768465973436832428e-03
3.269581589847803116e-03 6.735007278621196747e-03
3.268291009590029716e-03 6.732186768203973770e-03
3.260422963649034500e-03 6.719863973557949066e-03
3.249232191592454910e-03 6.649092771112918854e-03
3.236140590161085129e-03 6.680244114249944687e-03
3.224503714591264725e-03 6.622663233429193497e-03
3.210646566003561020e-03 6.625059992074966431e-03
3.200931940227746964e-03 6.619726773351430893e-03
3.196087898686528206e-03 6.569310091435909271e-03
3.193045733496546745e-03 6.605048663914203644e-03
3.188986796885728836e-03 6.561731453984975815e-03
3.181087318807840347e-03 6.583992391824722290e-03
3.173725213855504990e-03 6.556859705597162247e-03
3.166695591062307358e-03 6.537516601383686066e-03
3.159881336614489555e-03 6.534449756145477295e-03
3.152159508317708969e-03 6.538155023008584976e-03
3.144508227705955505e-03 6.517806090414524078e-03
3.139468375593423843e-03 6.534870713949203491e-03
3.136918414384126663e-03 6.486619822680950165e-03
3.138599451631307602e-03 6.524643395096063614e-03
3.146284492686390877e-03 6.500866264104843140e-03
3.167426912114024162e-03 6.574484053999185562e-03
3.215131117030978203e-03 6.601294968277215958e-03
3.316415473818778992e-03 6.804428994655609131e-03
3.524121595546603203e-03 7.080783136188983917e-03
3.958678804337978363e-03 7.895486429333686829e-03
4.825320094823837280e-03 9.170573204755783081e-03
6.507038138806819916e-03 1.145370118319988251e-02
9.162297472357749939e-03 1.404966972768306732e-02
1.215402316302061081e-02 1.348911970853805542e-02
1.213779859244823456e-02 1.024582050740718842e-02
7.870393805205821991e-03 6.297552492469549179e-03
3.605896607041358948e-03 8.151580579578876495e-03
5.215569399297237396e-03 1.070600654929876328e-02
8.317205123603343964e-03 8.793005719780921936e-03
6.729033775627613068e-03 6.930460222065448761e-03
3.699408145621418953e-03 8.054779842495918274e-03
4.650744609534740448e-03 9.201958775520324707e-03
6.336084567010402679e-03 7.614583708345890045e-03
4.540089983493089676e-03 6.604407913982868195e-03
3.402355592697858810e-03 8.211332373321056366e-03
4.941868130117654800e-03 8.051467128098011017e-03
4.793188069015741348e-03 6.428682710975408554e-03
3.306072670966386795e-03 7.019171025604009628e-03
3.860193770378828049e-03 7.696496788412332535e-03
4.583788104355335236e-03 6.942016072571277618e-03
3.712447825819253922e-03 6.557247601449489594e-03
3.262537997215986252e-03 7.072676904499530792e-03
3.977349493652582169e-03 7.171359844505786896e-03
3.914583008736371994e-03 6.266058422625064850e-03
3.167988732457160950e-03 6.465287413448095322e-03
3.383302362635731697e-03 7.010272704064846039e-03
3.786650719121098518e-03 6.362243555486202240e-03
3.336246591061353683e-03 6.125546526163816452e-03
3.092645667493343353e-03 6.732420530170202255e-03
3.480367828160524368e-03 6.464254111051559448e-03
3.465332789346575737e-03 6.280364003032445908e-03
3.117948770523071289e-03 6.332430057227611542e-03
3.121956950053572655e-03 6.388780660927295685e-03
3.354250919073820114e-03 6.570951547473669052e-03
3.266072366386651993e-03 6.274086423218250275e-03
3.022034885361790657e-03 6.281454116106033325e-03
3.087905701249837875e-03 6.526921875774860382e-03
3.219133941456675529e-03 6.234956905245780945e-03
3.112707519903779030e-03 6.166517734527587891e-03
2.988032530993223190e-03 6.446158979088068008e-03
3.048715181648731232e-03 6.322331726551055908e-03
3.101088572293519974e-03 6.305475719273090363e-03
3.035866422578692436e-03 6.178859155625104904e-03
2.957032062113285065e-03 6.149142514914274216e-03
2.979983109980821609e-03 6.424902938306331635e-03
3.018927061930298805e-03 6.244645919650793076e-03
2.970015397295355797e-03 6.162742152810096741e-03
2.926660235971212387e-03 6.209770217537879944e-03
2.936062635853886604e-03 6.084615364670753479e-03
2.946193562820553780e-03 6.185581441968679428e-03
2.918591257184743881e-03 6.147677544504404068e-03
2.888047369197010994e-03 6.108700297772884369e-03
2.894078847020864487e-03 6.198633462190628052e-03
2.906582085415720940e-03 6.043868605047464371e-03
2.883307170122861862e-03 6.082672160118818283e-03
2.852716250345110893e-03 6.120615638792514801e-03
2.849695738404989243e-03 6.075141020119190216e-03
2.860785927623510361e-03 6.127681583166122437e-03
2.859052037820219994e-03 5.986224394291639328e-03
2.832362428307533264e-03 5.991336889564990997e-03
2.812415594235062599e-03 6.036094389855861664e-03
2.814909210428595543e-03 5.990387406200170517e-03
2.820598660036921501e-03 6.021664943546056747e-03
2.813851693645119667e-03 5.919321905821561813e-03
2.794616622850298882e-03 5.927024409174919128e-03
2.782237250357866287e-03 5.963979288935661316e-03
2.781862858682870865e-03 5.929971579462289810e-03
2.782497322186827660e-03 5.942123010754585266e-03
2.775151049718260765e-03 5.861907731741666794e-03
2.761777257546782494e-03 5.865601822733879089e-03
2.753052394837141037e-03 5.896577611565589905e-03
2.750848652794957161e-03 5.881280172616243362e-03
2.749946434050798416e-03 5.893675144761800766e-03
2.744222758337855339e-03 5.839194171130657196e-03
2.734248759225010872e-03 5.838928278535604477e-03
2.725851489230990410e-03 5.858878605067729950e-03
2.721091499552130699e-03 5.846285261213779449e-03
2.718621632084250450e-03 5.856218747794628143e-03
2.714106114581227303e-03 5.799618549644947052e-03
2.706719562411308289e-03 5.798234604299068451e-03
2.699191449210047722e-03 5.796976387500762939e-03
2.693284535780549049e-03 5.795321892946958542e-03
2.689708024263381958e-03 5.799124017357826233e-03
2.686059568077325821e-03 5.759130232036113739e-03
2.680968958884477615e-03 5.757927894592285156e-03
2.674878574907779694e-03 5.748076364398002625e-03
2.668703440576791763e-03 5.748598836362361908e-03
2.664007944986224174e-03 5.749188363552093506e-03
2.660288475453853607e-03 5.717149004340171814e-03
2.656863769516348839e-03 5.722299683839082718e-03
2.653423696756362915e-03 5.703062750399112701e-03
2.650408539921045303e-03 5.722082685679197311e-03
2.650240436196327209e-03 5.708176642656326294e-03
2.656414173543453217e-03 5.728608462959527969e-03
2.676445990800857544e-03 5.744356196373701096e-03
2.727164886891841888e-03 5.875766742974519730e-03
2.849277341738343239e-03 6.054585333913564682e-03
3.139971289783716202e-03 6.701096892356872559e-03
3.832796588540077209e-03 7.780854590237140656e-03
5.429261829704046249e-03 1.090703997761011124e-02
8.900311775505542755e-03 1.493815146386623383e-02
1.481946744024753571e-02 2.121034637093544006e-02
2.084391750395298004e-02 1.590506359934806824e-02
1.671453006565570831e-02 8.276775479316711426e-03
5.924428347498178482e-03 7.574102841317653656e-03
4.887354560196399689e-03 1.233808789402246475e-02
1.201366912573575974e-02 1.161521393805742264e-02
9.537403471767902374e-03 6.715645082294940948e-03
3.598256502300500870e-03 1.109523233026266098e-02
8.613738231360912323e-03 1.130410004407167435e-02
7.866257801651954651e-03 6.386232562363147736e-03
3.474971977993845940e-03 9.095710702240467072e-03
6.982957012951374054e-03 9.748639538884162903e-03
6.301997695118188858e-03 6.960073951631784439e-03
3.449409501627087593e-03 9.499915875494480133e-03
6.556487642228603363e-03 8.144238032400608063e-03
4.848512820899486542e-03 6.585531868040561676e-03
3.409854602068662643e-03 8.584946393966674805e-03
5.690163467079401016e-03 7.129173725843429565e-03
3.678596811369061470e-03 6.901822984218597412e-03
3.680721623823046684e-03 7.813668809831142426e-03
4.864869639277458191e-03 6.115189753472805023e-03
3.173670964315533638e-03 6.625956855714321136e-03
3.665031399577856064e-03 6.914234254509210587e-03
4.171360284090042114e-03 5.841036327183246613e-03
2.879322273656725883e-03 6.450357846915721893e-03
3.647567704319953918e-03 6.650604307651519775e-03
3.630658611655235291e-03 5.774854682385921478e-03
2.837499836459755898e-03 6.362124346196651459e-03
3.476983401924371719e-03 6.222842261195182800e-03
3.282505553215742111e-03 5.668605212122201920e-03
2.799230162054300308e-03 6.115067750215530396e-03
3.317329334095120430e-03 6.118282210081815720e-03
3.109028562903404236e-03 5.784440785646438599e-03
2.761307405307888985e-03 6.000269670039415359e-03
3.141355467960238457e-03 5.870142951607704163e-03
2.986364997923374176e-03 5.703865084797143936e-03
2.730413107201457024e-03 5.986117292195558548e-03
2.978266449645161629e-03 6.091996096074581146e-03
2.925763372331857681e-03 5.797085352241992950e-03
2.674455987289547920e-03 5.887429229915142059e-03
2.857272513210773468e-03 5.944984499365091324e-03
2.855724655091762543e-03 5.710761062800884247e-03
2.660840982571244240e-03 5.830720998346805573e-03
2.750975312665104866e-03 5.910833831876516342e-03
2.799085341393947601e-03 5.646672565490007401e-03
2.644260413944721222e-03 5.638109054416418076e-03
2.678823424503207207e-03 5.739406216889619827e-03
2.745639998465776443e-03 5.679895170032978058e-03
2.639313926920294762e-03 5.686715710908174515e-03
2.621389459818601608e-03 5.750307813286781311e-03
2.686083782464265823e-03 5.653539206832647324e-03
2.640652004629373550e-03 5.591016262769699097e-03
2.579922787845134735e-03 5.674526561051607132e-03
2.627304289489984512e-03 5.701533518731594086e-03
2.628685673698782921e-03 5.613743793219327927e-03
2.571464283391833305e-03 5.594491958618164062e-03
2.571271499618887901e-03 5.616707727313041687e-03
2.604163018986582756e-03 5.558778997510671616e-03
2.586692571640014648e-03 5.543130915611982346e-03
2.552985679358243942e-03 5.597745068371295929e-03
2.563040237873792648e-03 5.597615148872137070e-03
2.571135293692350388e-03 5.522293504327535629e-03
2.548105083405971527e-03 5.469775293022394180e-03
2.530689816921949387e-03 5.477142985910177231e-03
2.541332738474011421e-03 5.485695786774158478e-03
2.538391388952732086e-03 5.462163593620061874e-03
2.518054563552141190e-03 5.436311941593885422e-03
2.510523423552513123e-03 5.436963867396116257e-03
2.516024978831410408e-03 5.449044052511453629e-03
2.511766040697693825e-03 5.449954885989427567e-03
2.496214117854833603e-03 5.433812737464904785e-03
2.489455742761492729e-03 5.415144376456737518e-03
2.491427352651953697e-03 5.390443373471498489e-03
2.488848287612199783e-03 5.379973910748958588e-03
2.475714543834328651e-03 5.388639867305755615e-03
2.468433231115341187e-03 5.386266391724348068e-03
2.469735918566584587e-03 5.370324011892080307e-03
2.467189915478229523e-03 5.339106079190969467e-03
2.458184724673628807e-03 5.337907001376152039e-03
2.449922263622283936e-03 5.352886859327554703e-03
2.448324812576174736e-03 5.359461996704339981e-03
2.446596976369619370e-03 5.347846075892448425e-03
2.441057469695806503e-03 5.322420503944158554e-03
2.434124471619725227e-03 5.309510510414838791e-03
2.429586136713624001e-03 5.301929078996181488e-03
2.427268540486693382e-03 5.301244091242551804e-03
2.424244768917560577e-03 5.295895040035247803e-03
2.419931814074516296e-03 5.291732493788003922e-03
2.414157381281256676e-03 5.286848638206720352e-03
2.410276560112833977e-03 5.275572184473276138e-03
2.407520310953259468e-03 5.277888849377632141e-03
2.405156148597598076e-03 5.281506106257438660e-03
2.400972647592425346e-03 5.279379431158304214e-03
2.396010095253586769e-03 5.263902712613344193e-03
2.391763497143983841e-03 5.256410688161849976e-03
2.388689899817109108e-03 5.255763418972492218e-03
2.385855652391910553e-03 5.249985959380865097e-03
2.382826060056686401e-03 5.235281307250261307e-03
2.378812991082668304e-03 5.222860723733901978e-03
2.374898642301559448e-03 5.225551314651966095e-03
2.371141919866204262e-03 5.226684734225273132e-03
2.368152141571044922e-03 5.219120997935533524e-03
2.365093911066651344e-03 5.203260108828544617e-03
2.362129045650362968e-03 5.196976941078901291e-03
2.358738100156188011e-03 5.194462370127439499e-03
2.355174627155065536e-03 5.188733339309692383e-03
2.351693809032440186e-03 5.184229929000139236e-03
2.348411129787564278e-03 5.178282503038644791e-03
2.345351735129952431e-03 5.169343668967485428e-03
2.342322375625371933e-03 5.160917993634939194e-03
2.339416183531284332e-03 5.161575973033905029e-03
2.336351666599512100e-03 5.158358253538608551e-03
2.333243377506732941e-03 5.150790326297283173e-03
2.330034738406538963e-03 5.143314134329557419e-03
2.326861023902893066e-03 5.140805616974830627e-03
2.323735272511839867e-03 5.135139450430870056e-03
2.320687752217054367e-03 5.127258598804473877e-03
2.317740116268396378e-03 5.124272778630256653e-03
2.314794808626174927e-03 5.121437832713127136e-03
2.311953110620379448e-03 5.117513705044984818e-03
2.309085335582494736e-03 5.113347899168729782e-03
2.306223846971988678e-03 5.111489444971084595e-03
2.303373068571090698e-03 5.103522446006536484e-03
2.300472697243094444e-03 5.099026951938867569e-03
2.297646366059780121e-03 5.098512396216392517e-03
2.294769044965505600e-03 5.095328204333782196e-03
2.291963901370763779e-03 5.089754704385995865e-03
2.289228839799761772e-03 5.082900635898113251e-03
2.286554779857397079e-03 5.080642644315958023e-03
2.284041838720440865e-03 5.072170868515968323e-03
2.281805966049432755e-03 5.076068453490734100e-03
2.279939828440546989e-03 5.066814832389354706e-03
2.278907923027873039e-03 5.072580184787511826e-03
2.279334701597690582e-03 5.057062022387981415e-03
2.282727276906371117e-03 5.081585142761468887e-03
2.291504759341478348e-03 5.066773388534784317e-03
2.312113996595144272e-03 5.131742451339960098e-03
2.354196505621075630e-03 5.147208459675312042e-03
2.441750839352607727e-03 5.334877409040927887e-03
2.621055347844958305e-03 5.496994592249393463e-03
2.989752450957894325e-03 6.169515661895275116e-03
3.729534568265080452e-03 7.032739929854869843e-03
5.145771894603967667e-03 9.072128683328628540e-03
7.708205841481685638e-03 1.137538719922304153e-02
1.134080067276954651e-02 1.418158598244190216e-02
1.458920817822217941e-02 1.275917701423168182e-02
1.296682469546794891e-02 8.308982476592063904e-03
6.492522545158863068e-03 4.983439110219478607e-03
2.519677625969052315e-03 6.519665010273456573e-03
5.556692369282245636e-03 1.029304880648851395e-02
8.913070894777774811e-03 7.793896831572055817e-03
5.947982426732778549e-03 6.182524375617504120e-03
3.049253020435571671e-03 8.433898910880088806e-03
5.753978155553340912e-03 9.345876984298229218e-03
7.234183140099048615e-03 7.030301727354526520e-03
4.009943921118974686e-03 6.076480261981487274e-03
3.125874325633049011e-03 7.485852576792240143e-03
5.282477010041475296e-03 7.251123432070016861e-03
4.389846231788396835e-03 5.769302602857351303e-03
2.807965502142906189e-03 6.239238195121288300e-03
4.322145599871873856e-03 7.531060371547937393e-03
4.905438050627708435e-03 5.891817156225442886e-03
2.991042798385024071e-03 5.853712093085050583e-03
2.940056845545768738e-03 6.585075519979000092e-03
4.098925273865461349e-03 5.749608390033245087e-03
3.390098456293344498e-03 5.372837651520967484e-03
2.593566663563251495e-03 5.945134442299604416e-03
3.326646285131573677e-03 5.946197081357240677e-03
3.312360029667615891e-03 5.078192800283432007e-03
2.492158906534314156e-03 5.340795032680034637e-03
2.744875848293304443e-03 5.881818942725658417e-03
3.213768359273672104e-03 5.337247624993324280e-03
2.675923053175210953e-03 5.092229228466749191e-03
2.380548743531107903e-03 5.509838927537202835e-03
2.829889534041285515e-03 5.476382095366716385e-03
2.822282025590538979e-03 5.137045867741107941e-03
2.425413578748703003e-03 5.088249221444129944e-03
2.475226065143942833e-03 5.366480443626642227e-03
2.740064403042197227e-03 5.276081152260303497e-03
2.551015699282288551e-03 4.958999808877706528e-03
2.315526595339179039e-03 5.076847039163112640e-03
2.480686409398913383e-03 5.135162733495235443e-03
2.597429789602756500e-03 5.083612166345119476e-03
2.413319656625390053e-03 5.013396497815847397e-03
2.283326815813779831e-03 5.109307356178760529e-03
2.419519238173961639e-03 5.136728752404451370e-03
2.475229557603597641e-03 4.992443136870861053e-03
2.338298829272389412e-03 4.986631684005260468e-03
2.272944198921322823e-03 5.057297181338071823e-03
2.359137637540698051e-03 5.088691599667072296e-03
2.387210028246045113e-03 4.991498310118913651e-03
2.290058881044387817e-03 4.946209490299224854e-03
2.253136364743113518e-03 5.026035476475954056e-03
2.305729547515511513e-03 5.051732528954744339e-03
2.331350697204470634e-03 4.993143957108259201e-03
2.269937656819820404e-03 4.954753909260034561e-03
2.226134529337286949e-03 4.974834620952606201e-03
2.257795771583914757e-03 4.997238051146268845e-03
2.283636480569839478e-03 4.965826403349637985e-03
2.257524756714701653e-03 4.924653563648462296e-03
2.216461347416043282e-03 4.912875592708587646e-03
2.216974273324012756e-03 4.941859748214483261e-03
2.240641042590141296e-03 4.939159844070672989e-03
2.240470377728343010e-03 4.906622227281332016e-03
2.214013831689953804e-03 4.889857955276966095e-03
2.195668639615178108e-03 4.873168189078569412e-03
2.203073352575302124e-03 4.888710565865039825e-03
2.213397063314914703e-03 4.869691096246242523e-03
2.207611454650759697e-03 4.850983154028654099e-03
2.189367078244686127e-03 4.840708803385496140e-03
2.179148141294717789e-03 4.832094535231590271e-03
2.183331875130534172e-03 4.848819226026535034e-03
2.188809914514422417e-03 4.839504603296518326e-03
2.185436198487877846e-03 4.834579769521951675e-03
2.173261949792504311e-03 4.822662565857172012e-03
2.164183184504508972e-03 4.816154018044471741e-03
2.163101686164736748e-03 4.821369890123605728e-03
2.165798330679535866e-03 4.811981227248907089e-03
2.166253281757235527e-03 4.812625236809253693e-03
2.160259289667010307e-03 4.802076611667871475e-03
2.152435481548309326e-03 4.804221447557210922e-03
2.147112507373094559e-03 4.804641474038362503e-03
2.145588863641023636e-03 4.801607690751552582e-03
2.146250801160931587e-03 4.797658883035182953e-03
2.145191887393593788e-03 4.786487668752670288e-03
2.141672186553478241e-03 4.783730022609233856e-03
2.136490540578961372e-03 4.775514826178550720e-03
2.131660468876361847e-03 4.772313404828310013e-03
2.128659747540950775e-03 4.765607882291078568e-03
2.127058804035186768e-03 4.762195516377687454e-03
2.126079751178622246e-03 4.759159870445728302e-03
