0.0 -0.065 -0.065 -0.065 -0.065 -0.05498656 -0.051881783 -0.028558938 -0.03800243
0.0005 -0.065 -0.065 -0.065 -0.065 -0.06252761 -0.04949949 -0.0403312 -0.041685563
0.001 -0.065 -0.065 -0.065 -0.065 -0.06755033 -0.049475204 -0.050156638 -0.045951992
0.0015 -0.065 -0.065 -0.065 -0.065 -0.07081959 -0.050694592 -0.058162816 -0.05028919
0.002 -0.065 -0.065 -0.065 -0.065 -0.07290961 -0.052508574 -0.064560935 -0.05438598
0.0025 -0.065 -0.065 -0.065 -0.065 -0.07422596 -0.054549053 -0.06958925 -0.058077037
0.003 -0.065 -0.065 -0.065 -0.065 -0.075042985 -0.05661405 -0.07348018 -0.061294865
0.0035 -0.065 -0.065 -0.065 -0.065 -0.07554046 -0.058597907 -0.07644392 -0.06403302
0.004 -0.065 -0.065 -0.065 -0.065 -0.07583334 -0.06044984 -0.07866216 -0.06632004
0.0045 -0.065 -0.065 -0.065 -0.065 -0.07599372 -0.062149417 -0.08028742 -0.06820194
0.005 -0.065 -0.065 -0.065 -0.065 -0.07606622 -0.06369273 -0.08144531 -0.069731176
0.0055 -0.065 -0.065 -0.065 -0.065 -0.07607831 -0.06508437 -0.08223758 -0.070960045
0.006 -0.065 -0.065 -0.065 -0.065 -0.07604696 -0.066333145 -0.082745925 -0.071937054
0.0065 -0.065 -0.065 -0.065 -0.065 -0.075982794 -0.06744968 -0.08303532 -0.07270527
0.007 -0.065 -0.065 -0.065 -0.065 -0.0758927 -0.06844507 -0.08315712 -0.07330179
0.0075 -0.065 -0.065 -0.065 -0.065 -0.07578145 -0.06933033 -0.083151616 -0.07375789
0.008 -0.065 -0.065 -0.065 -0.065 -0.07565251 -0.07011591 -0.083050326 -0.07409951
0.0085 -0.065 -0.065 -0.065 -0.065 -0.07550859 -0.07081163 -0.08287781 -0.07434799
0.009 -0.065 -0.065 -0.065 -0.065 -0.07535195 -0.07142655 -0.08265306 -0.07452068
0.0095 -0.065 -0.065 -0.065 -0.065 -0.07518457 -0.07196895 -0.08239077 -0.07463163
0.01 -0.065 -0.065 -0.065 -0.065 -0.07500811 -0.07244634 -0.082102224 -0.07469218
0.0105 -0.065 -0.065 -0.065 -0.065 -0.07482416 -0.072865546 -0.0817961 -0.07471149
0.011 -0.065 -0.065 -0.065 -0.065 -0.07463408 -0.07323263 -0.08147893 -0.07469696
0.0115 -0.065 -0.065 -0.065 -0.065 -0.07443914 -0.07355305 -0.081155755 -0.074654534
0.012 -0.065 -0.065 -0.065 -0.065 -0.0742404 -0.07383167 -0.0808303 -0.0745891
0.0125 -0.065 -0.065 -0.065 -0.065 -0.07403889 -0.0740728 -0.08050539 -0.07450463
0.013 -0.065 -0.065 -0.065 -0.065 -0.073835485 -0.07428028 -0.08018306 -0.074404374
0.0135 -0.065 -0.065 -0.065 -0.065 -0.07363096 -0.0744575 -0.0798648 -0.07429108
0.014 -0.065 -0.065 -0.065 -0.065 -0.07342604 -0.07460751 -0.07955167 -0.07416697
0.0145 -0.065 -0.065 -0.065 -0.065 -0.07322131 -0.07473296 -0.079244375 -0.07403399
0.015 -0.065 -0.065 -0.065 -0.065 -0.073017284 -0.07483624 -0.07894345 -0.073893726
0.0155 -0.065 -0.065 -0.065 -0.065 -0.072814465 -0.07491948 -0.078649126 -0.073747605
0.016 -0.065 -0.065 -0.065 -0.065 -0.07261323 -0.07498456 -0.07836156 -0.07359679
0.0165 -0.065 -0.065 -0.065 -0.065 -0.07241394 -0.075033166 -0.07808078 -0.073442295
0.017 -0.065 -0.065 -0.065 -0.065 -0.07221691 -0.07506682 -0.07780676 -0.07328507
0.0175 -0.065 -0.065 -0.065 -0.065 -0.072022386 -0.075086884 -0.07753938 -0.07312586
0.018 -0.065 -0.065 -0.065 -0.065 -0.071830586 -0.075094566 -0.07727852 -0.072965354
0.0185 -0.065 -0.065 -0.065 -0.065 -0.071641676 -0.075090975 -0.077024035 -0.07280412
0.019 -0.065 -0.065 -0.065 -0.065 -0.07145582 -0.07507713 -0.07677569 -0.0726427
0.0195 -0.065 -0.065 -0.065 -0.065 -0.07127314 -0.075053945 -0.07653338 -0.07248157
0.02 -0.065 -0.065 -0.065 -0.065 -0.07109372 -0.07502224 -0.076296836 -0.0723211
0.0205 -0.065 -0.065 -0.065 -0.065 -0.07091766 -0.07498277 -0.07606589 -0.072161615
0.021 -0.065 -0.065 -0.065 -0.065 -0.07074499 -0.07493625 -0.07584038 -0.07200344
0.0215 -0.065 -0.065 -0.065 -0.065 -0.070575744 -0.0748833 -0.07562008 -0.071846806
0.022 -0.065 -0.065 -0.065 -0.065 -0.07040994 -0.0748245 -0.07540482 -0.071691945
0.0225 -0.065 -0.065 -0.065 -0.065 -0.070247635 -0.07476041 -0.075194426 -0.071539044
0.023 -0.065 -0.065 -0.065 -0.065 -0.070088744 -0.07469151 -0.07498873 -0.071388245
0.0235 -0.065 -0.065 -0.065 -0.065 -0.0699333 -0.07461827 -0.0747876 -0.07123968
0.024 -0.065 -0.065 -0.065 -0.065 -0.06978129 -0.074541114 -0.074590854 -0.071093485
0.0245 -0.065 -0.065 -0.065 -0.065 -0.06963265 -0.07446042 -0.074398346 -0.0709497
0.025 -0.065 -0.065 -0.065 -0.065 -0.06948733 -0.07437656 -0.07420995 -0.07080842
0.0255 -0.065 -0.065 -0.065 -0.065 -0.069345355 -0.07428986 -0.074025534 -0.070669696
0.026 -0.065 -0.065 -0.065 -0.065 -0.069206595 -0.074200645 -0.07384499 -0.07053353
0.0265 -0.065 -0.065 -0.065 -0.065 -0.069071054 -0.0741092 -0.0736682 -0.070399985
0.027 -0.065 -0.065 -0.065 -0.065 -0.06893864 -0.07401579 -0.073495 -0.07026906
0.0275 -0.065 -0.065 -0.065 -0.065 -0.0688093 -0.07392066 -0.073325366 -0.070140764
0.028 -0.065 -0.065 -0.065 -0.065 -0.06868298 -0.07382405 -0.073159136 -0.07001507
0.0285 -0.065 -0.065 -0.065 -0.065 -0.06855963 -0.07372616 -0.072996266 -0.06989199
0.029 -0.065 -0.065 -0.065 -0.065 -0.06843917 -0.07362719 -0.07283661 -0.0697715
0.0295 -0.065 -0.065 -0.065 -0.065 -0.068321526 -0.073527336 -0.07268011 -0.06965357
0.03 -0.065 -0.065 -0.065 -0.065 -0.06820667 -0.07342675 -0.0725267 -0.06953816
0.0305 -0.065 -0.065 -0.065 -0.065 -0.068094514 -0.07332562 -0.07237627 -0.06942527
0.031 -0.065 -0.065 -0.065 -0.065 -0.06798501 -0.07322407 -0.07222876 -0.06931484
0.0315 -0.065 -0.065 -0.065 -0.065 -0.06787805 -0.07312222 -0.072084114 -0.06920682
0.032 -0.065 -0.065 -0.065 -0.065 -0.067773625 -0.073020235 -0.07194224 -0.06910119
0.0325 -0.065 -0.065 -0.065 -0.065 -0.067671634 -0.07291819 -0.0718031 -0.06899791
0.033 -0.065 -0.065 -0.065 -0.065 -0.067572035 -0.07281622 -0.07166659 -0.068896934
0.0335 -0.065 -0.065 -0.065 -0.065 -0.06747477 -0.07271443 -0.07153269 -0.0687982
0.034 -0.065 -0.065 -0.065 -0.065 -0.06737976 -0.07261288 -0.07140131 -0.06870168
0.0345 -0.065 -0.065 -0.065 -0.065 -0.06728696 -0.07251169 -0.07127244 -0.0686073
0.035 -0.065 -0.065 -0.065 -0.065 -0.06719632 -0.0724109 -0.07114598 -0.06851507
0.0355 -0.065 -0.065 -0.065 -0.065 -0.06710777 -0.072310604 -0.0710219 -0.06842488
0.036 -0.065 -0.065 -0.065 -0.065 -0.06702127 -0.072210856 -0.07090014 -0.06833674
0.0365 -0.065 -0.065 -0.065 -0.065 -0.06693675 -0.07211173 -0.07078064 -0.06825057
0.037 -0.065 -0.065 -0.065 -0.065 -0.06685418 -0.07201329 -0.07066338 -0.068166316
0.0375 -0.065 -0.065 -0.065 -0.065 -0.06677349 -0.07191555 -0.0705483 -0.068083964
0.038 -0.065 -0.065 -0.065 -0.065 -0.06669463 -0.0718186 -0.07043536 -0.068003446
0.0385 -0.065 -0.065 -0.065 -0.065 -0.06661754 -0.07172245 -0.070324525 -0.06792472
0.039 -0.065 -0.065 -0.065 -0.065 -0.06654221 -0.071627125 -0.070215724 -0.06784776
0.0395 -0.065 -0.065 -0.065 -0.065 -0.066468574 -0.0715327 -0.07010894 -0.06777251
0.04 -0.065 -0.065 -0.065 -0.065 -0.06639658 -0.07143918 -0.070004135 -0.067698926
0.0405 -0.065 -0.065 -0.065 -0.065 -0.0663262 -0.07134659 -0.06990126 -0.06762696
0.041 -0.065 -0.065 -0.065 -0.065 -0.06625739 -0.071254976 -0.06980029 -0.067556605
0.0415 -0.065 -0.065 -0.065 -0.065 -0.066190094 -0.07116435 -0.06970118 -0.067487784
0.042 -0.065 -0.065 -0.065 -0.065 -0.06612428 -0.07107471 -0.06960389 -0.06742047
0.0425 -0.065 -0.065 -0.065 -0.065 -0.06605992 -0.07098609 -0.06950838 -0.06735466
0.043 -0.065 -0.065 -0.065 -0.065 -0.06599698 -0.070898525 -0.06941462 -0.06729028
0.0435 -0.065 -0.065 -0.065 -0.065 -0.06593539 -0.070811994 -0.06932262 -0.067227274
0.044 -0.065 -0.065 -0.065 -0.065 -0.06587514 -0.070726514 -0.06923227 -0.067165636
0.0445 -0.065 -0.065 -0.065 -0.065 -0.06581621 -0.070642106 -0.069143586 -0.06710535
0.045 -0.065 -0.065 -0.065 -0.065 -0.06575854 -0.07055878 -0.06905653 -0.067046374
0.0455 -0.065 -0.065 -0.065 -0.065 -0.06570211 -0.070476525 -0.068971075 -0.06698866
0.046 -0.065 -0.065 -0.065 -0.065 -0.06564688 -0.07039535 -0.0688872 -0.06693217
0.0465 -0.065 -0.065 -0.065 -0.065 -0.06559284 -0.07031527 -0.06880484 -0.0668769
0.047 -0.065 -0.065 -0.065 -0.065 -0.065539956 -0.07023628 -0.06872398 -0.0668228
0.0475 -0.065 -0.065 -0.065 -0.065 -0.065488175 -0.07015836 -0.06864461 -0.06676987
0.048 -0.065 -0.065 -0.065 -0.065 -0.0654375 -0.07008155 -0.06856669 -0.06671804
0.0485 -0.065 -0.065 -0.065 -0.065 -0.065387875 -0.070005804 -0.06849019 -0.0666673
0.049 -0.065 -0.065 -0.065 -0.065 -0.06533931 -0.06993115 -0.06841513 -0.06661764
0.0495 -0.065 -0.065 -0.065 -0.065 -0.06529173 -0.06985757 -0.06834139 -0.066569015
0.05 -0.065 -0.065 -0.065 -0.065 -0.06524516 -0.06978506 -0.06826902 -0.06652142
0.0505 -0.065 -0.065 -0.065 -0.065 -0.065199554 -0.06971363 -0.068197995 -0.0664748
0.051 -0.065 -0.065 -0.065 -0.065 -0.06515489 -0.069643244 -0.06812825 -0.06642915
0.0515 -0.065 -0.065 -0.065 -0.065 -0.06511115 -0.06957393 -0.068059765 -0.06638447
0.052 -0.065 -0.065 -0.065 -0.065 -0.06506829 -0.069505654 -0.06799254 -0.0663407
0.0525 -0.065 -0.065 -0.065 -0.065 -0.06502631 -0.06943843 -0.06792655 -0.06629782
0.053 -0.065 -0.065 -0.065 -0.065 -0.0649852 -0.06937222 -0.06786178 -0.06625584
0.0535 -0.065 -0.065 -0.065 -0.065 -0.06494494 -0.06930706 -0.06779817 -0.0662147
0.054 -0.065 -0.065 -0.065 -0.065 -0.06490547 -0.06924291 -0.0677357 -0.06617442
0.0545 -0.065 -0.065 -0.065 -0.065 -0.06486682 -0.06917974 -0.06767442 -0.066134945
0.055 -0.065 -0.065 -0.065 -0.065 -0.064828955 -0.06911759 -0.06761422 -0.06609629
0.0555 -0.065 -0.065 -0.065 -0.065 -0.06479184 -0.06905642 -0.06755515 -0.0660584
0.056 -0.065 -0.065 -0.065 -0.065 -0.06475545 -0.06899622 -0.067497164 -0.06602127
0.0565 -0.065 -0.065 -0.065 -0.065 -0.06471982 -0.068937 -0.06744022 -0.06598491
0.057 -0.065 -0.065 -0.065 -0.065 -0.06468489 -0.068878725 -0.06738432 -0.06594926
0.0575 -0.065 -0.065 -0.065 -0.065 -0.06465066 -0.0688214 -0.06732942 -0.06591435
0.058 -0.065 -0.065 -0.065 -0.065 -0.0646171 -0.068765 -0.067275554 -0.06588012
0.0585 -0.065 -0.065 -0.065 -0.065 -0.064584196 -0.06870952 -0.06722266 -0.06584658
0.059 -0.065 -0.065 -0.065 -0.065 -0.064551964 -0.06865498 -0.06717074 -0.06581369
0.0595 -0.065 -0.065 -0.065 -0.065 -0.06452037 -0.068601325 -0.067119755 -0.06578149
0.06 -0.065 -0.065 -0.065 -0.065 -0.064489394 -0.06854854 -0.06706971 -0.06574991
0.0605 -0.065 -0.065 -0.065 -0.065 -0.064459026 -0.06849665 -0.06702057 -0.06571894
0.061 -0.065 -0.065 -0.065 -0.065 -0.06442925 -0.068445615 -0.06697234 -0.06568859
0.0615 -0.065 -0.065 -0.065 -0.065 -0.06440006 -0.06839544 -0.06692498 -0.06565885
0.062 -0.065 -0.065 -0.065 -0.065 -0.06437144 -0.06834612 -0.06687849 -0.06562968
0.0625 -0.065 -0.065 -0.065 -0.065 -0.06434338 -0.06829762 -0.06683285 -0.065601096
0.063 -0.065 -0.065 -0.065 -0.065 -0.06431587 -0.06824993 -0.06678804 -0.06557308
0.0635 -0.065 -0.065 -0.065 -0.065 -0.064288884 -0.068203054 -0.06674406 -0.06554559
0.064 -0.065 -0.065 -0.065 -0.065 -0.064262435 -0.06815698 -0.06670085 -0.06551864
0.0645 -0.065 -0.065 -0.065 -0.065 -0.06423648 -0.06811169 -0.06665847 -0.06549222
0.065 -0.065 -0.065 -0.065 -0.065 -0.064211026 -0.06806716 -0.06661685 -0.06546631
0.0655 -0.065 -0.065 -0.065 -0.065 -0.06418609 -0.06802341 -0.066575974 -0.06544091
0.066 -0.065 -0.065 -0.065 -0.065 -0.06416159 -0.0679804 -0.066535875 -0.065415986
0.0665 -0.065 -0.065 -0.065 -0.065 -0.0641376 -0.06793814 -0.066496484 -0.065391555
0.067 -0.065 -0.065 -0.065 -0.065 -0.06411406 -0.067896605 -0.06645782 -0.0653676
0.0675 -0.065 -0.065 -0.065 -0.065 -0.06409096 -0.06785578 -0.06641987 -0.065344095
0.068 -0.065 -0.065 -0.065 -0.065 -0.06406831 -0.06781566 -0.06638261 -0.06532106
0.0685 -0.065 -0.065 -0.065 -0.065 -0.06404609 -0.06777625 -0.06634603 -0.06529843
0.069 -0.065 -0.065 -0.065 -0.065 -0.0640243 -0.067737535 -0.06631011 -0.065276265
0.0695 -0.065 -0.065 -0.065 -0.065 -0.06400294 -0.06769947 -0.06627484 -0.065254524
0.07 -0.065 -0.065 -0.065 -0.065 -0.063981965 -0.06766209 -0.066240214 -0.065233186
0.0705 -0.065 -0.065 -0.065 -0.065 -0.06396138 -0.06762535 -0.06620625 -0.06521228
0.071 -0.065 -0.065 -0.065 -0.065 -0.06394121 -0.06758925 -0.066172846 -0.06519175
0.0715 -0.065 -0.065 -0.065 -0.065 -0.0639214 -0.06755379 -0.06614011 -0.06517162
0.072 -0.065 -0.065 -0.065 -0.065 -0.06390198 -0.06751896 -0.066107936 -0.06515187
0.0725 -0.065 -0.065 -0.065 -0.065 -0.063882925 -0.06748473 -0.066076376 -0.0651325
0.073 -0.065 -0.065 -0.065 -0.065 -0.06386423 -0.0674511 -0.06604537 -0.0651135
0.0735 -0.065 -0.065 -0.065 -0.065 -0.06384586 -0.067418054 -0.06601496 -0.06509484
0.074 -0.065 -0.065 -0.065 -0.065 -0.06382789 -0.067385614 -0.065985076 -0.065076545
0.0745 -0.065 -0.065 -0.065 -0.065 -0.06381023 -0.06735373 -0.06595575 -0.065058604
0.075 -0.065 -0.065 -0.065 -0.065 -0.0637929 -0.06732242 -0.06592695 -0.065041006
0.0755 -0.065 -0.065 -0.065 -0.065 -0.06377589 -0.06729165 -0.06589871 -0.06502373
0.076 -0.065 -0.065 -0.065 -0.065 -0.06375922 -0.06726144 -0.06587093 -0.06500678
0.0765 -0.065 -0.065 -0.065 -0.065 -0.06374285 -0.067231774 -0.065843694 -0.06499015
0.077 -0.065 -0.065 -0.065 -0.065 -0.0637268 -0.06720262 -0.06581694 -0.06497383
0.0775 -0.065 -0.065 -0.065 -0.065 -0.06371103 -0.067173995 -0.06579068 -0.06495781
0.078 -0.065 -0.065 -0.065 -0.065 -0.06369558 -0.06714587 -0.065764904 -0.064942114
0.0785 -0.065 -0.065 -0.065 -0.065 -0.06368041 -0.06711826 -0.065739594 -0.06492671
0.079 -0.065 -0.065 -0.065 -0.065 -0.06366549 -0.06709111 -0.065714754 -0.06491159
0.0795 -0.065 -0.065 -0.065 -0.065 -0.0636509 -0.067064464 -0.06569035 -0.06489673
0.08 -0.065 -0.065 -0.065 -0.065 -0.063636556 -0.0670383 -0.0656664 -0.06488219
0.0805 -0.065 -0.065 -0.065 -0.065 -0.063622475 -0.0670126 -0.06564289 -0.064867884
0.081 -0.065 -0.065 -0.065 -0.065 -0.063608654 -0.06698736 -0.06561983 -0.06485386
0.0815 -0.065 -0.065 -0.065 -0.065 -0.06359511 -0.06696257 -0.065597154 -0.0648401
0.082 -0.065 -0.065 -0.065 -0.065 -0.06358181 -0.06693824 -0.0655749 -0.06482659
0.0825 -0.065 -0.065 -0.065 -0.065 -0.06356877 -0.06691432 -0.06555305 -0.06481335
0.083 -0.065 -0.065 -0.065 -0.065 -0.06355593 -0.06689083 -0.06553163 -0.06480034
0.0835 -0.065 -0.065 -0.065 -0.065 -0.06354338 -0.06686777 -0.065510556 -0.06478758
0.084 -0.065 -0.065 -0.065 -0.065 -0.06353104 -0.06684513 -0.06548988 -0.064775065
0.0845 -0.065 -0.065 -0.065 -0.065 -0.06351891 -0.06682289 -0.065469615 -0.06476277
0.085 -0.065 -0.065 -0.065 -0.065 -0.06350704 -0.06680105 -0.06544968 -0.064750716
0.0855 -0.065 -0.065 -0.065 -0.065 -0.06349537 -0.066779606 -0.065430135 -0.06473887
0.086 -0.065 -0.065 -0.065 -0.065 -0.06348393 -0.06675854 -0.0654109 -0.06472725
0.0865 -0.065 -0.065 -0.065 -0.065 -0.06347267 -0.06673786 -0.06539207 -0.06471585
0.087 -0.065 -0.065 -0.065 -0.065 -0.063461654 -0.06671755 -0.06537356 -0.06470466
0.0875 -0.065 -0.065 -0.065 -0.065 -0.06345083 -0.066697605 -0.0653554 -0.06469366
0.088 -0.065 -0.065 -0.065 -0.065 -0.063440196 -0.06667801 -0.065337576 -0.064682886
0.0885 -0.065 -0.065 -0.065 -0.065 -0.06342977 -0.06665878 -0.06532004 -0.064672306
0.089 -0.065 -0.065 -0.065 -0.065 -0.06341953 -0.0666399 -0.06530285 -0.064661905
0.0895 -0.065 -0.065 -0.065 -0.065 -0.06340948 -0.06662136 -0.06528597 -0.06465173
0.09 -0.065 -0.065 -0.065 -0.065 -0.06339962 -0.066603154 -0.065269396 -0.064641714
0.0905 -0.065 -0.065 -0.065 -0.065 -0.06338994 -0.06658529 -0.06525313 -0.064631894
0.091 -0.065 -0.065 -0.065 -0.065 -0.063380435 -0.06656773 -0.06523715 -0.06462225
0.0915 -0.065 -0.065 -0.065 -0.065 -0.063371114 -0.066550486 -0.06522148 -0.0646128
0.092 -0.065 -0.065 -0.065 -0.065 -0.06336194 -0.06653356 -0.06520607 -0.06460351
0.0925 -0.065 -0.065 -0.065 -0.065 -0.06335298 -0.06651694 -0.065190956 -0.0645944
0.093 -0.065 -0.065 -0.065 -0.065 -0.06334415 -0.06650063 -0.06517613 -0.06458546
0.0935 -0.065 -0.065 -0.065 -0.065 -0.063335486 -0.066484585 -0.06516155 -0.064576685
0.094 -0.065 -0.065 -0.065 -0.065 -0.063326985 -0.066468865 -0.06514725 -0.06456807
0.0945 -0.065 -0.065 -0.065 -0.065 -0.06331865 -0.06645341 -0.06513321 -0.064559594
0.095 -0.065 -0.065 -0.065 -0.065 -0.06331046 -0.06643824 -0.06511943 -0.064551294
0.0955 -0.065 -0.065 -0.065 -0.065 -0.06330242 -0.06642336 -0.06510589 -0.06454314
0.096 -0.065 -0.065 -0.065 -0.065 -0.06329452 -0.06640873 -0.0650926 -0.064535156
0.0965 -0.065 -0.065 -0.065 -0.065 -0.063286796 -0.06639437 -0.06507955 -0.064527296
0.097 -0.065 -0.065 -0.065 -0.065 -0.06327918 -0.06638026 -0.065066755 -0.064519584
0.0975 -0.065 -0.065 -0.065 -0.065 -0.063271694 -0.06636641 -0.065054186 -0.064512014
0.098 -0.065 -0.065 -0.065 -0.065 -0.06326439 -0.06635283 -0.065041825 -0.064504586
0.0985 -0.065 -0.065 -0.065 -0.065 -0.0632572 -0.06633948 -0.0650297 -0.06449731
0.099 -0.065 -0.065 -0.065 -0.065 -0.063250124 -0.066326365 -0.065017805 -0.06449014
0.0995 -0.065 -0.065 -0.065 -0.065 -0.063243195 -0.0663135 -0.06500613 -0.06448311
0.1 -0.065 -0.065 -0.065 -0.065 -0.08068975 -0.06749205 -0.053601786 -0.055280145
0.1005 -0.06493647 -0.05428978 -0.051918 -0.06479838 -0.06838608 -0.051174972 -0.049562454 -0.05284826
0.101 -0.06465211 -0.03778642 -0.0370013 -0.06433864 -0.060723267 -0.034562208 -0.042227097 -0.051812436
0.1015 -0.06420982 -0.01863583 -0.02398053 -0.06374337 -0.055497658 -0.016841903 -0.03292308 -0.0514492
0.102 -0.06367333 0.001949102 -0.01227238 -0.06302918 -0.051869653 0.001883436 -0.022474932 -0.0513403
0.1025 -0.063069 0.02332004 -0.00120208 -0.06220107 -0.04930857 0.021440838 -0.011362916 -0.05125731
0.103 -0.06240731 0.04507542 0.009585299 -0.06126277 -0.047473107 0.041639913 0.00012633763 -0.051083494
0.1035 -0.06169039 0.0670197 0.02027714 -0.06021564 -0.04613544 0.06230071 0.011815676 -0.05076467
0.104 -0.06092727 0.08905172 0.03096319 -0.05906836 -0.045138516 0.08326478 0.023591591 -0.050280873
0.1045 -0.06012241 0.1111063 0.04168133 -0.05782751 -0.044371374 0.10439816 0.035379246 -0.049630146
0.105 -0.0592748 0.1331304 0.05240802 -0.05649677 -0.04375407 0.12559061 0.047128297 -0.04881942
0.1055 -0.05837415 0.1550726 0.06307921 -0.05507718 -0.04322847 0.1467531 0.058804788 -0.04785962
0.106 -0.05742545 0.1768841 0.0737795 -0.05357371 -0.042752057 0.1678153 0.07038633 -0.046762783
0.1065 -0.05643246 0.1985224 0.08451672 -0.05198888 -0.04229375 0.1887223 0.0818587 -0.045540716
0.107 -0.05539271 0.219949 0.09527631 -0.05026961 -0.04183077 0.20943218 0.093213625 -0.044204336
0.1075 -0.05430474 0.2411281 0.1060456 -0.04847629 -0.041346654 0.22991359 0.10444734 -0.042763274
0.108 -0.05317837 0.2620293 0.1168104 -0.04663288 -0.040829495 0.25014332 0.11555914 -0.04122581
0.1085 -0.05201633 0.2826258 0.1275601 -0.04473728 -0.040270694 0.2701051 0.12655059 -0.039598893
0.109 -0.05081761 0.302896 0.1382848 -0.04278624 -0.039664246 0.28978768 0.1374246 -0.03788842
0.1095 -0.04958054 0.3228238 0.1489756 -0.04077795 -0.03900586 0.3091835 0.14818516 -0.036099236
0.11 -0.04830382 0.3423974 0.1596236 -0.03871187 -0.038292564 0.32828808 0.15883657 -0.03423528
0.1105 -0.0469868 0.3616088 0.170221 -0.03658825 -0.037522256 0.34709874 0.1693832 -0.032299798
0.111 -0.04562929 0.3804529 0.1807605 -0.0344079 -0.036693513 0.3656141 0.17982933 -0.030295368
0.1115 -0.04423153 0.3989264 0.1911507 -0.0321724 -0.035805352 0.38383362 0.1901789 -0.028224263
0.112 -0.04279691 0.4170093 0.2010015 -0.02989259 -0.034857042 0.40175718 0.20043531 -0.026088092
0.1125 -0.04132706 0.434698 0.2108335 -0.02756426 -0.033848032 0.4193848 0.21060145 -0.02388845
0.113 -0.03981931 0.4520088 0.2207999 -0.02518319 -0.032777973 0.4367164 0.22067957 -0.021626491
0.1135 -0.0382721 0.468957 0.2308654 -0.02274975 -0.031646624 0.45375177 0.23067129 -0.019303244
0.114 -0.03668532 0.4855543 0.2409639 -0.02026556 -0.030453756 0.4704903 0.24057788 -0.016919557
0.1145 -0.03505952 0.5018089 0.2510401 -0.01773225 -0.029199332 0.48693117 0.25039962 -0.01447637
0.115 -0.03339566 0.5177273 0.2610562 -0.01515173 -0.027883254 0.5030735 0.2601367 -0.011974346
0.1155 -0.03169482 0.5333147 0.2709888 -0.01252592 -0.02650565 0.5189161 0.26978853 -0.009414207
0.116 -0.02995795 0.5485763 0.2808237 -0.009856629 -0.025066629 0.53445786 0.27935427 -0.0067966096
0.1165 -0.02818593 0.5635167 0.2905529 -0.007145682 -0.023566492 0.54969734 0.28883287 -0.0041223057
0.117 -0.02637944 0.5781413 0.3001728 -0.004394227 -0.02200567 0.56463355 0.29822284 -0.0013920739
0.1175 -0.02453906 0.5924558 0.3096822 -0.001603523 -0.020384647 0.57926565 0.30752248 0.0013934039
0.118 -0.02266535 0.6064662 0.319081 0.00122516 -0.018704116 0.59359306 0.31673014 0.0042332485
0.1185 -0.02076254 0.6201782 0.3283633 0.004090485 -0.01696492 0.60761565 0.32584396 0.007126529
0.119 -0.01882956 0.6335979 0.3375328 0.006991416 -0.015167989 0.6213339 0.334862 0.010072436
0.1195 -0.01686314 0.6467315 0.3465961 0.009927006 -0.0133144185 0.6347484 0.34378272 0.013069954
0.12 -0.01486313 0.6595855 0.355555 0.01289607 -0.011405483 0.6478608 0.35260424 0.016117815
0.1205 -0.01283054 0.6721662 0.3644096 0.01589752 -0.00944256 0.6606733 0.3613251 0.019215044
0.121 -0.01076656 0.6844799 0.3731602 0.01893037 -0.007427044 0.6731886 0.36994374 0.022360362
0.1215 -0.008672256 0.6965328 0.3818067 0.02199367 -0.0053606257 0.6854102 0.37845907 0.025552504
0.122 -0.006548464 0.7083311 0.3903496 0.02508659 -0.0032448545 0.69734186 0.38686988 0.028790023
0.1225 -0.004395882 0.7198806 0.3987891 0.02820834 -0.0010816157 0.7089886 0.3951755 0.03207157
0.123 -0.002215489 0.7311875 0.4071259 0.03135666 0.0011273846 0.72035545 0.40337506 0.035395604
0.1235 -1.503494e-05 0.7422564 0.4153574 0.03451492 0.003380254 0.7314483 0.41146833 0.03876069
0.124 0.002195378 0.7530928 0.4234733 0.03768499 0.005675189 0.74227315 0.41945493 0.04216514
0.1245 0.004419677 0.7637023 0.4314793 0.04087465 0.008010298 0.75283676 0.42733485 0.045607414
0.125 0.00667016 0.7740906 0.4393897 0.04409584 0.010383844 0.7631461 0.43510827 0.049085837
0.1255 0.008955514 0.7842637 0.4472083 0.04734801 0.012793787 0.77320844 0.44277558 0.052598823
0.126 0.01127904 0.7942269 0.4549348 0.0506305 0.015238531 0.78303105 0.45033705 0.056144606
0.1265 0.01363847 0.8031876 0.4625609 0.05394077 0.017716259 0.7926216 0.45779347 0.059721638
0.127 0.01602887 0.8098369 0.4700229 0.05727164 0.020225227 0.8019878 0.46514547 0.06332816
0.1275 0.01844329 0.8159203 0.4773274 0.06062274 0.022763923 0.81113744 0.47239405 0.06696254
0.128 0.02087403 0.8222511 0.4845147 0.06399183 0.025330722 0.8200779 0.47953993 0.07062307
0.1285 0.02331227 0.8291239 0.4916115 0.0673496 0.027924068 0.82881695 0.4865846 0.07430813
0.129 0.02575807 0.8365732 0.4986324 0.0707166 0.030542716 0.8373622 0.49352854 0.07801624
0.1295 0.02823176 0.8445195 0.5055929 0.07411639 0.033185236 0.84572047 0.5003734 0.081745595
0.13 0.03074115 0.8528405 0.5124963 0.07755099 0.03585037 0.85389954 0.50712025 0.08549474
0.1305 0.03328524 0.8614083 0.5193394 0.08101773 0.03853693 0.8619059 0.5137701 0.08926214
0.131 0.03586022 0.8701076 0.526117 0.0845134 0.04124391 0.8697463 0.5203244 0.09304635
0.1315 0.03846228 0.8788422 0.5328238 0.08803519 0.043970153 0.87742716 0.5267843 0.096845716
0.132 0.04108852 0.8875365 0.5394557 0.09158077 0.04671471 0.8849545 0.53315103 0.10065898
0.1325 0.04373334 0.8961329 0.5460086 0.09514111 0.04947669 0.8923344 0.53942585 0.10448459
0.133 0.04638475 0.9045892 0.5524769 0.09870223 0.052255183 0.8995723 0.54560995 0.108321205
0.1335 0.04905103 0.9128777 0.5588612 0.1022797 0.05504945 0.90667343 0.5517044 0.11216751
0.134 0.05173861 0.9209796 0.5651612 0.1058617 0.05785881 0.91364306 0.55771047 0.116022244
0.1345 0.05444623 0.9288827 0.571375 0.109452 0.060682297 0.92048544 0.5636293 0.11988409
0.135 0.05717563 0.9365811 0.5775069 0.1130665 0.063519455 0.9272054 0.5694619 0.123751745
0.1355 0.0599276 0.9440745 0.583559 0.1167075 0.06636964 0.93380684 0.57520926 0.12762402
0.136 0.06270133 0.9513669 0.5895319 0.1203698 0.0692321 0.94029397 0.58087254 0.13149981
0.1365 0.0654953 0.9584645 0.5954256 0.1240461 0.07210643 0.94667 0.58645254 0.13537782
0.137 0.06830806 0.9653753 0.6012406 0.1277433 0.07499191 0.9529386 0.5919501 0.13925709
0.1375 0.0711386 0.9721076 0.6069773 0.131461 0.07788814 0.9591027 0.59736633 0.14313637
0.138 0.07397365 0.9786435 0.611555 0.1351974 0.08079448 0.9651652 0.6027017 0.14701463
0.1385 0.07680772 0.984959 0.6158923 0.13895 0.08371047 0.971129 0.6079573 0.15089092
0.139 0.0796607 0.9910892 0.6206561 0.1427178 0.08663554 0.97699636 0.6131336 0.15476407
0.1395 0.08253899 0.9970709 0.6258159 0.1464998 0.08956928 0.98276955 0.6182315 0.15863316
0.14 0.08544178 1.002929 0.6312098 0.1502953 0.092511065 0.9884506 0.6232512 0.16249722
0.1405 0.08836626 1.008678 0.6366981 0.1541037 0.0954606 0.9940415 0.6281937 0.16635527
0.141 0.09130965 1.014326 0.6421874 0.1579243 0.09841708 0.9995442 0.63305926 0.17020638
0.1415 0.0942698 1.019876 0.6476231 0.1617565 0.10138028 1.00496 0.63784844 0.17404969
0.142 0.0972452 1.025329 0.6529766 0.1654434 0.1043495 1.0102903 0.6425617 0.17788425
0.1425 0.1002346 1.030687 0.6582356 0.1691036 0.10732434 1.0155367 0.6471993 0.1817093
0.143 0.1032372 1.035951 0.6633967 0.1728299 0.110304244 1.0206999 0.6517618 0.18552394
0.1435 0.1062523 1.041119 0.6684613 0.1766151 0.11328871 1.0257813 0.6562493 0.18932733
0.144 0.1092796 1.046195 0.6734332 0.1804464 0.116277196 1.0307819 0.660662 0.1931187
0.1445 0.1123194 1.051179 0.6783174 0.1843139 0.119269185 1.0357025 0.6650004 0.19689734
0.145 0.1153718 1.056073 0.6831187 0.1882104 0.122264065 1.0405437 0.66926455 0.2006624
0.1455 0.1184368 1.060879 0.6878418 0.1921301 0.1252613 1.0453066 0.67345464 0.20441325
0.146 0.1215143 1.0656 0.6924907 0.1960442 0.12826043 1.0499914 0.67757094 0.20814915
0.1465 0.124591 1.070236 0.6970682 0.1997516 0.13126075 1.0545987 0.6816135 0.21186943
0.147 0.1276651 1.074791 0.7015765 0.2034771 0.13426182 1.0591294 0.6855821 0.21557344
0.1475 0.130751 1.079266 0.7060198 0.2072089 0.13726294 1.0635835 0.6894773 0.21926056
0.148 0.133855 1.083661 0.7104015 0.2108178 0.14026359 1.0679616 0.6932989 0.22293012
0.1485 0.1369769 1.087979 0.7147239 0.2145326 0.14326319 1.0722641 0.6970472 0.22658162
0.149 0.140115 1.092224 0.7189886 0.2183587 0.1462611 1.0764914 0.70072174 0.23021443
0.1495 0.1432669 1.096398 0.7231971 0.2222702 0.14925689 1.0806437 0.7043231 0.23382817
0.15 0.1464283 1.100504 0.727351 0.226245 0.15834165 1.0554577 0.7050028 0.23797984
0.1505 0.1494951 1.093832 0.7183698 0.2300262 0.15559214 1.0509595 0.7037174 0.24853195
0.151 0.1522087 1.081302 0.7074928 0.2334879 0.15675658 1.040691 0.7000628 0.2534936
0.1515 0.1546636 1.066059 0.6984428 0.2367863 0.15842506 1.0289773 0.6964375 0.25753486
0.152 0.1569756 1.049317 0.6906435 0.2399578 0.15999684 1.0160273 0.69250154 0.260886
0.1525 0.1591997 1.031684 0.6834383 0.2430099 0.16146567 1.0019414 0.6880311 0.2637225
0.153 0.1613523 1.013488 0.6758446 0.2459433 0.16286185 0.9868099 0.68296456 0.26613486
0.1535 0.1634406 0.9948904 0.6674452 0.248758 0.16421819 0.9707201 0.67729354 0.26817104
0.154 0.1654547 0.9760515 0.6594371 0.2514328 0.16556376 0.95375925 0.6710342 0.26985493
0.1545 0.1673816 0.9571125 0.6519067 0.2539386 0.16692138 0.9360207 0.66421837 0.27119973
0.155 0.1692213 0.9381836 0.6446767 0.2562922 0.16830611 0.9176064 0.6568875 0.27221674
0.1555 0.1710042 0.9193486 0.6375855 0.258544 0.16972467 0.89862883 0.64909095 0.27292004
0.156 0.1727485 0.9006683 0.6305276 0.2607124 0.17117539 0.879209 0.64088285 0.27332896
0.1565 0.1744561 0.8821879 0.6234436 0.2628001 0.17264977 0.8594744 0.63232064 0.27346933
0.157 0.1761219 0.863941 0.6163061 0.2648056 0.17413306 0.83955556 0.62346387 0.2733726
0.1575 0.1777402 0.8459528 0.6091078 0.2667277 0.17560643 0.8195825 0.6143722 0.2730749
0.158 0.1793065 0.8282429 0.6018522 0.2685658 0.1770485 0.79968065 0.60510474 0.2726151
0.1585 0.1808182 0.810826 0.5945489 0.2703202 0.17843747 0.77996784 0.59571797 0.27203324
0.159 0.1822736 0.7937132 0.5872095 0.2719918 0.17975253 0.76055044 0.586265 0.27136824
0.1595 0.1836724 0.7769121 0.579846 0.2735817 0.18097535 0.7415217 0.57679486 0.27065676
0.16 0.1850147 0.7604262 0.5724699 0.2750915 0.18209136 0.7229603 0.5673513 0.26993197
0.1605 0.1863009 0.7442606 0.5650918 0.2765231 0.18308997 0.7049294 0.5579729 0.26922244
0.161 0.1875274 0.7284187 0.5577136 0.2778746 0.18396533 0.68747723 0.5486922 0.26855204
0.1615 0.1886648 0.7128995 0.5503008 0.2791215 0.1847158 0.67063826 0.5395364 0.2679397
0.162 0.1897392 0.6977015 0.5429079 0.280285 0.18534389 0.65443355 0.5305276 0.2673996
0.1625 0.1907724 0.6828239 0.5355669 0.2813842 0.18585554 0.6388736 0.52168226 0.2669419
0.163 0.1917686 0.6682656 0.5282827 0.2824247 0.18625966 0.6239589 0.51301306 0.26657268
0.1635 0.1925535 0.6540239 0.5210531 0.2834077 0.18656698 0.6096825 0.50452846 0.266295
0.164 0.1932163 0.6400935 0.5138751 0.2843242 0.18678984 0.5960313 0.49623358 0.26610923
0.1645 0.1939166 0.6264661 0.5067449 0.2851494 0.18694112 0.5829877 0.48813117 0.26601362
0.165 0.19466 0.6131402 0.4996656 0.2859109 0.18703383 0.5705303 0.48022115 0.26600492
0.1655 0.1954221 0.6001128 0.4926421 0.2866249 0.18708053 0.5586358 0.47250202 0.26607862
0.166 0.1961772 0.5873795 0.4856774 0.2872948 0.18709314 0.5472793 0.46497065 0.26622942
0.1665 0.1969059 0.5749349 0.4787735 0.2879202 0.18708241 0.5364351 0.45762312 0.26645148
0.167 0.1975954 0.5627732 0.4719317 0.2885005 0.187058 0.52607703 0.45045438 0.2667386
0.1675 0.1982383 0.5508885 0.4651534 0.289035 0.18702814 0.5161792 0.44345912 0.26708442
0.168 0.1988312 0.5392744 0.4584399 0.2895236 0.18699986 0.5067163 0.43663144 0.26748288
0.1685 0.199373 0.5279248 0.4517924 0.2899665 0.18697879 0.4976631 0.4299655 0.2679277
0.169 0.1998631 0.5168336 0.4452122 0.2903636 0.18696943 0.48899552 0.4234549 0.2684128
0.1695 0.200302 0.5059949 0.4387003 0.2907154 0.18697476 0.4806902 0.4170937 0.2689324
0.17 0.2006915 0.4954025 0.4322577 0.2910228 0.18699723 0.47272477 0.41087562 0.269481
0.1705 0.2010339 0.4850508 0.4258852 0.291287 0.18703806 0.46507725 0.40479463 0.2700533
0.171 0.201331 0.4749341 0.4195838 0.2915086 0.18709767 0.45772752 0.39884478 0.27064443
0.1715 0.2015842 0.4650467 0.4133539 0.2916881 0.18717593 0.4506556 0.39302027 0.27124944
0.172 0.2017949 0.4553832 0.407196 0.2918272 0.18727192 0.4438428 0.38731545 0.2718641
0.1725 0.2019643 0.4459382 0.4011107 0.2919269 0.1873844 0.43727124 0.38172486 0.27248412
0.173 0.2020909 0.4367066 0.3950977 0.2919815 0.18751171 0.43092385 0.3762431 0.27310568
0.1735 0.2021567 0.4276829 0.3891516 0.2919615 0.1876519 0.4247847 0.37086514 0.2737251
0.174 0.2021728 0.4188617 0.3832745 0.2918959 0.18780282 0.41883853 0.36558595 0.27433902
0.1745 0.2021562 0.4102382 0.3774715 0.2918036 0.187962 0.413071 0.36040092 0.27494416
0.175 0.202113 0.4018077 0.3717444 0.2916882 0.18812701 0.40746847 0.3553053 0.2755377
0.1755 0.202043 0.3935641 0.3660924 0.2915489 0.18829545 0.40201816 0.35029483 0.27611688
0.176 0.2019438 0.3855023 0.3605139 0.291384 0.18846473 0.39670822 0.3453653 0.2766791
0.1765 0.2018134 0.3776198 0.355009 0.2911926 0.18863228 0.39152724 0.34051275 0.2772221
0.177 0.2016505 0.3699134 0.3495772 0.2909738 0.18879563 0.3864646 0.33573323 0.2777437
0.1775 0.2014544 0.362379 0.3442182 0.2907273 0.18895239 0.3815103 0.33102313 0.27824187
0.178 0.201225 0.3550127 0.3389315 0.2904528 0.18910027 0.37665525 0.32637894 0.27871487
0.1785 0.2009625 0.3478103 0.3337164 0.2901505 0.18923685 0.3718907 0.32179737 0.27916086
0.179 0.2006671 0.3407677 0.3285726 0.2898206 0.18936005 0.3672084 0.31727517 0.2795784
0.1795 0.2003395 0.3338808 0.3234994 0.2894633 0.18946788 0.36260083 0.31280935 0.27996597
0.18 0.1999793 0.3271454 0.3184962 0.2890765 0.18955842 0.3580608 0.30839697 0.2803224
0.1805 0.1995713 0.3205548 0.3135584 0.2886285 0.1896298 0.3535818 0.30403522 0.28064647
0.181 0.1991185 0.3141062 0.3086847 0.2881387 0.18968025 0.34915745 0.29972145 0.28093705
0.1815 0.1986382 0.3077978 0.3038794 0.2876302 0.18970835 0.34478202 0.29545313 0.2811932
0.182 0.1981375 0.3016269 0.2991444 0.2871081 0.1897125 0.34045005 0.2912278 0.28141406
0.1825 0.1976172 0.2955908 0.294479 0.2865717 0.18969133 0.33615637 0.28704306 0.2815988
0.183 0.197075 0.2896861 0.2898821 0.2860191 0.18964359 0.3318962 0.2828968 0.2817466
0.1835 0.1965088 0.2839097 0.285352 0.285448 0.18956822 0.32766485 0.27878642 0.281857
0.184 0.1959169 0.2782582 0.2808877 0.2848577 0.18946397 0.3234582 0.27471018 0.2819292
0.1845 0.1952965 0.2727275 0.2764874 0.2842391 0.18933001 0.31927213 0.27066576 0.28196275
0.185 0.1946307 0.2673112 0.2721444 0.2835595 0.18916544 0.31510288 0.2666511 0.28195718
0.1855 0.1939185 0.2620077 0.2678425 0.2828521 0.18896934 0.31094658 0.26266435 0.28191203
0.186 0.1931616 0.2568142 0.2635699 0.2821336 0.18874109 0.30679998 0.25870344 0.28182685
0.1865 0.1923925 0.2517291 0.2593715 0.2814078 0.18847984 0.30265957 0.25476658 0.2817012
0.187 0.1916194 0.2467516 0.2552561 0.2806738 0.18818513 0.29852223 0.25085166 0.28153488
0.1875 0.1908386 0.2418801 0.2512179 0.2799295 0.18785626 0.2943849 0.246957 0.2813275
0.188 0.1900444 0.2371126 0.2472494 0.279173 0.18749279 0.29024458 0.24308059 0.2810787
0.1885 0.1892325 0.2324468 0.2433447 0.2784029 0.18709412 0.28609854 0.23922071 0.28078827
0.189 0.1883999 0.22788 0.2394998 0.277618 0.1866599 0.2819439 0.23537543 0.2804559
0.1895 0.1875451 0.2234097 0.2357121 0.2768178 0.18618965 0.277778 0.2315431 0.28008127
0.19 0.1866675 0.2190333 0.23198 0.2760017 0.18568295 0.2735984 0.22772175 0.27966422
0.1905 0.1857671 0.2147482 0.2283023 0.2751696 0.18513945 0.26940247 0.2239097 0.27920437
0.191 0.184844 0.2105521 0.2246781 0.2743213 0.18455887 0.26518777 0.22010508 0.2787016
0.1915 0.1838987 0.2064426 0.2211068 0.2734568 0.18394062 0.26095197 0.21630631 0.2781555
0.192 0.1829316 0.2024175 0.2175876 0.2725763 0.18328458 0.2566928 0.21251139 0.27756596
0.1925 0.1819432 0.1984746 0.21412 0.2716799 0.18259034 0.25240803 0.20871884 0.27693248
0.193 0.180934 0.1946119 0.2107034 0.2707677 0.1818575 0.24809548 0.20492679 0.27625507
0.1935 0.1799046 0.1908274 0.207337 0.2698401 0.18108582 0.24375305 0.20113358 0.2755332
0.194 0.1788554 0.1871192 0.2040202 0.2688971 0.18027487 0.2393786 0.19733757 0.27476668
0.1945 0.1777867 0.1834853 0.2007524 0.2679391 0.17942438 0.2349703 0.19353715 0.27395523
0.195 0.176699 0.179924 0.1975329 0.2669663 0.178534 0.23052624 0.18973061 0.27309853
0.1955 0.1755928 0.1764336 0.1943609 0.265979 0.17760336 0.2260445 0.18591644 0.2721963
0.196 0.1744681 0.1730122 0.1912359 0.2649775 0.17663196 0.22152343 0.18209322 0.27124804
0.1965 0.1733244 0.1696583 0.188157 0.2639619 0.17561969 0.21696126 0.17825931 0.2702536
0.197 0.1721622 0.1663702 0.1851236 0.2629325 0.17456594 0.2123566 0.1744134 0.26921248
0.1975 0.1709826 0.1631463 0.1821349 0.2618896 0.17347047 0.20770779 0.17055403 0.26812452
0.198 0.1697864 0.1599851 0.1791903 0.2608336 0.17233282 0.20301354 0.16668005 0.2669891
0.1985 0.1685744 0.156885 0.1762891 0.2597647 0.17115268 0.19827259 0.16279003 0.26580614
0.199 0.1673467 0.1538447 0.1734306 0.2586833 0.16992962 0.1934838 0.15888296 0.26457506
0.1995 0.1661036 0.1508627 0.170614 0.2575895 0.16866308 0.18864611 0.15495783 0.2632954
0.2 0.1648451 0.1479376 0.1678388 0.2564835 0.14106452 0.19060838 0.18324181 0.26960012
0.2005 0.1625138 0.1453764 0.1771567 0.2446039 0.14758661 0.20100236 0.1897719 0.2666512
0.201 0.158658 0.1434563 0.1871247 0.2326687 0.1535964 0.20329472 0.19552535 0.25774434
0.2015 0.1551927 0.141982 0.1954014 0.2235794 0.15741578 0.2011567 0.20089914 0.24540366
0.202 0.1524032 0.1408313 0.2026456 0.2157667 0.15915573 0.19628736 0.20635837 0.23184411
0.2025 0.1500805 0.1399298 0.2093859 0.2085739 0.15906397 0.19005617 0.21217653 0.21821682
0.203 0.1480257 0.139232 0.2159256 0.2017896 0.15748483 0.1833521 0.21842898 0.20513418
0.2035 0.146121 0.1387086 0.2224135 0.1953419 0.15476856 0.17670877 0.22509657 0.19288254
0.204 0.144306 0.138339 0.2289134 0.1891992 0.15122637 0.17042306 0.23211968 0.1815589
0.2045 0.1425517 0.1381072 0.2354472 0.183342 0.1471175 0.16464445 0.23942542 0.17115772
0.205 0.1408446 0.1379998 0.2420181 0.1777545 0.14264926 0.1594352 0.24694067 0.1616229
0.2055 0.1391786 0.1380054 0.2486216 0.172423 0.13798243 0.15480748 0.25459835 0.15287757
0.206 0.137551 0.1381138 0.2552502 0.1673348 0.13323867 0.15074524 0.26233995 0.14484054
0.2065 0.1359605 0.1383159 0.2618958 0.1624781 0.12850782 0.14721763 0.27011594 0.13743423
0.207 0.1344069 0.1386033 0.2685504 0.1578417 0.123854436 0.14418614 0.27788576 0.1305886
0.2075 0.13289 0.1389688 0.2752066 0.1534151 0.11932395 0.1416094 0.2856167 0.12424229
0.208 0.1314101 0.1394054 0.2818572 0.1491887 0.11494691 0.1394456 0.29328305 0.118342355
0.2085 0.1299674 0.139907 0.2884959 0.1451532 0.11074302 0.13765433 0.3008651 0.11284371
0.209 0.128562 0.1404681 0.2951167 0.1412998 0.10672403 0.1361973 0.30834824 0.10770795
0.2095 0.1271941 0.1410834 0.3017143 0.1376203 0.10289588 0.13503876 0.3157215 0.10290271
0.21 0.125864 0.1417484 0.3082836 0.134107 0.09926049 0.13414603 0.3229775 0.098400325
0.2105 0.1245718 0.1424585 0.3148202 0.1307527 0.0958168 0.13348928 0.33011168 0.09417714
0.211 0.1233176 0.14321 0.32132 0.1275504 0.09256194 0.13304171 0.33712113 0.090212986
0.2115 0.1221015 0.1439992 0.3277791 0.1244937 0.0894917 0.1327793 0.34400472 0.086490154
0.212 0.1209237 0.1448227 0.3341942 0.1215764 0.08660103 0.13268057 0.35076252 0.08299331
0.2125 0.1197841 0.1456775 0.340562 0.1187927 0.08388441 0.13272634 0.35739547 0.079708934
0.213 0.1186827 0.1465607 0.3468799 0.1161371 0.08133594 0.1328999 0.3639053 0.076624885
0.2135 0.1176196 0.1474697 0.3531453 0.1136045 0.07894973 0.13318612 0.37029418 0.073730245
0.214 0.1165947 0.148402 0.3593558 0.11119 0.07671983 0.133572 0.3765646 0.071015105
0.2145 0.115608 0.1493554 0.3655093 0.1088888 0.07464037 0.13404585 0.38271904 0.06847049
0.215 0.1146594 0.1503278 0.371604 0.1066967 0.072705574 0.1345973 0.3887606 0.06608795
0.2155 0.1137488 0.1513173 0.3776382 0.1046095 0.070909925 0.13521743 0.39469194 0.06385973
0.216 0.1128761 0.1523221 0.3836105 0.1026231 0.06924788 0.13589823 0.40051597 0.06177852
0.2165 0.1120411 0.1533404 0.3895195 0.1007338 0.06771425 0.13663267 0.40623564 0.05983759
0.217 0.1112437 0.1543707 0.3953641 0.09893817 0.06630396 0.13741429 0.41185364 0.058030393
0.2175 0.1104838 0.1554117 0.4011433 0.09723269 0.0650122 0.13823776 0.4173727 0.056350935
0.218 0.1097611 0.1564618 0.4068561 0.09561418 0.06383433 0.13909815 0.42279536 0.054793533
0.2185 0.1090755 0.15752 0.412502 0.09407957 0.06276583 0.1399909 0.4281242 0.053352635
0.219 0.1084267 0.158585 0.4180802 0.09262595 0.061802395 0.14091223 0.4333616 0.052023064
0.2195 0.1078146 0.1596556 0.4235903 0.09125054 0.060939997 0.14185864 0.43850976 0.05079997
0.22 0.1072388 0.160731 0.4290318 0.08995071 0.06017466 0.14282696 0.44357112 0.049678598
0.2205 0.1066992 0.1618101 0.4344045 0.08872393 0.05950267 0.14381427 0.44854748 0.048654553
0.221 0.1061955 0.1628921 0.4397081 0.08756779 0.05892043 0.14481819 0.45344108 0.04772355
0.2215 0.1057275 0.1639762 0.4449426 0.08647999 0.058424495 0.14583626 0.4582537 0.046881508
0.222 0.1052948 0.1650615 0.4501078 0.08545835 0.058011644 0.14686656 0.46298718 0.046124678
0.2225 0.1048972 0.1661474 0.4552038 0.08450077 0.0576787 0.14790717 0.46764335 0.04544932
0.223 0.1045344 0.1672332 0.4602306 0.08360524 0.057422616 0.14895631 0.47222376 0.044851888
0.2235 0.104206 0.1683183 0.4651886 0.08276984 0.057240605 0.15001252 0.4767301 0.044329148
0.224 0.1039119 0.1694021 0.4700777 0.08199274 0.057129882 0.15107447 0.4811638 0.043877874
0.2245 0.1036517 0.1704841 0.4748984 0.08127219 0.05708781 0.15214074 0.4855265 0.043495048
0.225 0.103425 0.1715638 0.4796508 0.08060649 0.05711191 0.1532102 0.48981935 0.043177728
0.2255 0.1032316 0.1726407 0.4843355 0.07999403 0.05719979 0.15428191 0.4940439 0.04292326
0.226 0.1030711 0.1737144 0.4889527 0.07943326 0.05734913 0.15535474 0.4982013 0.042728942
0.2265 0.1029433 0.1747845 0.4935029 0.07892269 0.057557687 0.15642804 0.5022929 0.042592328
0.227 0.1028477 0.1758506 0.4979867 0.07846089 0.057823375 0.15750071 0.5063198 0.042510953
0.2275 0.1027841 0.1769125 0.5024045 0.0780465 0.05814413 0.1585723 0.51028323 0.042482648
0.228 0.1027521 0.1779697 0.5067568 0.07767818 0.05851803 0.15964204 0.51418436 0.042505126
0.2285 0.1027513 0.1790221 0.5110442 0.07735468 0.05894322 0.16070932 0.5180242 0.042576414
0.229 0.1027815 0.1800693 0.5152674 0.07707476 0.05941785 0.16177362 0.52180374 0.0426944
0.2295 0.1028423 0.1811112 0.5194269 0.07683726 0.059940204 0.16283447 0.525524 0.042857293
0.23 0.1029334 0.1821474 0.5235234 0.07664104 0.060508683 0.16389135 0.529186 0.04306325
0.2305 0.1030544 0.1831779 0.5275575 0.07648502 0.061121613 0.16494396 0.53279054 0.04331058
0.231 0.1032049 0.1842024 0.53153 0.07636813 0.061777487 0.16599189 0.53633875 0.04359753
0.2315 0.1033846 0.1852208 0.5354414 0.07628936 0.06247484 0.16703475 0.5398314 0.043922577
0.232 0.1035933 0.1862329 0.5392926 0.07624774 0.06321217 0.1680724 0.54326934 0.04428425
0.2325 0.1038304 0.1872386 0.5430842 0.07624232 0.063988194 0.16910443 0.54665333 0.04468101
0.233 0.1040958 0.1882378 0.546817 0.07627218 0.06480148 0.1701306 0.54998434 0.045111466
0.2335 0.104389 0.1892303 0.5504917 0.07633645 0.065650806 0.17115094 0.55326307 0.045574386
0.234 0.1047097 0.1902162 0.5541091 0.07643428 0.066534825 0.17216504 0.55649024 0.04606835
0.2345 0.1050575 0.1911953 0.5576699 0.07656484 0.06745249 0.1731728 0.55966663 0.046592254
0.235 0.1054321 0.1921676 0.5611748 0.07672733 0.06840255 0.1741741 0.56279284 0.047144834
0.2355 0.1058333 0.193133 0.5646247 0.07692098 0.06938388 0.17516878 0.56586987 0.047724944
0.236 0.1062605 0.1940915 0.5680203 0.07714505 0.07039539 0.17615682 0.568898 0.04833157
0.2365 0.1067136 0.195043 0.5713623 0.07739882 0.0714361 0.17713809 0.5718782 0.048963662
0.237 0.1071921 0.1959875 0.5746516 0.07768158 0.07250483 0.17811248 0.57481104 0.04962003
0.2375 0.1076957 0.1969251 0.577889 0.07799266 0.07360063 0.1790801 0.57769716 0.050299983
0.238 0.1082242 0.1978557 0.5810751 0.0783314 0.074722625 0.18004076 0.58053696 0.05100235
0.2385 0.1087771 0.1987793 0.5842108 0.07869716 0.075869754 0.1809944 0.58333135 0.05172633
0.239 0.1093541 0.1996959 0.5872969 0.07908933 0.07704112 0.18194124 0.5860808 0.05247106
0.2395 0.1099549 0.2006055 0.590334 0.07950731 0.078235984 0.18288106 0.58878565 0.05323569
0.24 0.1105793 0.2015083 0.5933231 0.07995052 0.07945327 0.1838139 0.5914468 0.054019388
0.2405 0.1112267 0.2024041 0.5962648 0.08041838 0.08069224 0.18473977 0.5940646 0.05482133
0.241 0.1118971 0.203293 0.5991599 0.08091036 0.081952 0.1856587 0.59663963 0.055640835
0.2415 0.1125899 0.2041751 0.6020092 0.08142593 0.083231844 0.18657082 0.59917235 0.056477133
0.242 0.113305 0.2050504 0.6048134 0.08196456 0.0845309 0.1874761 0.6016633 0.057329547
0.2425 0.114042 0.205919 0.6075733 0.08252574 0.08584841 0.18837455 0.6041129 0.058197346
0.243 0.1148005 0.2067809 0.6102896 0.08310901 0.087183766 0.18926623 0.60652184 0.05907989
0.2435 0.1155804 0.2076361 0.612963 0.08371387 0.08853605 0.19015121 0.60889024 0.059976537
0.244 0.1163813 0.2084848 0.6155943 0.08433987 0.089904614 0.19102952 0.61121887 0.060886618
0.2445 0.1172028 0.2093269 0.6181842 0.08498656 0.09128877 0.19190118 0.6135079 0.06180953
0.245 0.1180447 0.2101627 0.6207335 0.0856535 0.09268782 0.1927664 0.615758 0.06274474
0.2455 0.1189068 0.210992 0.6232428 0.08634026 0.09410114 0.19362512 0.61796945 0.06369166
0.246 0.1197886 0.211815 0.6257128 0.08704644 0.09552803 0.19447747 0.6201428 0.06464964
0.2465 0.1206899 0.2126318 0.6281443 0.08777155 0.09696785 0.19532332 0.6222782 0.06561828
0.247 0.1216102 0.2134424 0.6305378 0.08851495 0.09841996 0.19616315 0.62437636 0.06659694
0.2475 0.1225492 0.214247 0.6328941 0.08927638 0.0998838 0.19699675 0.62643737 0.067585185
0.248 0.1235067 0.2150454 0.6352139 0.09005564 0.101358704 0.19782427 0.6284618 0.068582505
0.2485 0.1244828 0.215838 0.6374978 0.09085248 0.10284413 0.19864577 0.63044983 0.06958841
0.249 0.1254771 0.2166247 0.6397465 0.09166658 0.10433943 0.19946134 0.6324021 0.0706023
0.2495 0.1264895 0.2174056 0.6419608 0.0924976 0.10584416 0.20027107 0.6343188 0.071623966
0.25 0.1275196 0.2181809 0.6441411 0.09334518 0.12549189 0.20435545 0.62259877 0.08633472
0.2505 0.12848 0.2186195 0.6333982 0.09415638 0.11974249 0.20685372 0.6261484 0.08413255
0.251 0.1291655 0.2183633 0.6211869 0.09485405 0.11645443 0.20962512 0.62295586 0.08379795
0.2515 0.1296448 0.2176261 0.6110813 0.09547528 0.11440294 0.21170253 0.6173595 0.083726436
0.252 0.1300061 0.2165643 0.6024061 0.09603514 0.113131754 0.21266839 0.61021453 0.083669856
0.2525 0.130295 0.2152723 0.5944498 0.09653896 0.11242304 0.21248183 0.60201854 0.08353761
0.253 0.1305314 0.2138041 0.5867942 0.09698925 0.11211402 0.21128607 0.5931514 0.083311245
0.2535 0.1307231 0.2121928 0.5792356 0.09738735 0.112082295 0.20928699 0.58389574 0.08300899
0.254 0.1308596 0.210459 0.571685 0.09772421 0.1122346 0.20668918 0.574459 0.08266185
0.2545 0.1309446 0.2086196 0.5641099 0.09800539 0.11249984 0.20367014 0.56499046 0.08230144
0.255 0.1309941 0.2066885 0.5565053 0.09824046 0.11282397 0.20037284 0.5555956 0.08195366
0.2555 0.1310145 0.2046774 0.5488753 0.09843298 0.113167174 0.19690716 0.546346 0.08163746
0.256 0.131006 0.2025964 0.541227 0.09858421 0.113500394 0.19335511 0.5372882 0.08136468
0.2565 0.1309669 0.2004541 0.5335681 0.09869477 0.1138038 0.18977582 0.5284489 0.08114126
0.257 0.1308954 0.1982583 0.5259063 0.09876522 0.114064194 0.18621057 0.51984113 0.0809686
0.2575 0.1307904 0.1960159 0.5182492 0.09879615 0.114274 0.18268763 0.5114671 0.080844805
0.258 0.1306513 0.1937332 0.5106035 0.09878822 0.11442944 0.17922509 0.50332206 0.0807658
0.2585 0.1304779 0.1914158 0.5029759 0.09874218 0.114529826 0.17583436 0.4953956 0.080726266
0.259 0.1302704 0.1890686 0.4953722 0.09865877 0.11457641 0.17252123 0.48767477 0.080720305
0.2595 0.1300292 0.1866964 0.4877981 0.09853882 0.11457177 0.16928846 0.48014396 0.08074182
0.26 0.1297547 0.1843031 0.4802585 0.09838312 0.114519276 0.1661362 0.47278726 0.0807849
0.2605 0.1294474 0.1818926 0.4727581 0.0981925 0.114422806 0.16306293 0.46558815 0.080844
0.261 0.1291078 0.1794684 0.4653011 0.09796778 0.11428628 0.16006643 0.4585309 0.080913916
0.2615 0.1287365 0.1770335 0.4578914 0.09770976 0.11411329 0.15714368 0.45160046 0.080990136
0.262 0.1283341 0.1745908 0.4505326 0.09741925 0.113907404 0.15429136 0.44478297 0.081068546
0.2625 0.127901 0.1721428 0.4432277 0.09709703 0.1136717 0.15150605 0.43806535 0.081145555
0.263 0.1274377 0.169692 0.4359798 0.09674387 0.113408886 0.14878428 0.43143615 0.08121805
0.2635 0.1269448 0.1672405 0.4287914 0.0963605 0.11312129 0.14612275 0.4248851 0.08128333
0.264 0.1264228 0.1647903 0.421665 0.09594767 0.11281089 0.14351824 0.41840327 0.081339106
0.2645 0.1258721 0.1623432 0.4146027 0.09550609 0.11247914 0.14096741 0.41198272 0.08138336
0.265 0.1252932 0.1599008 0.4076064 0.09503645 0.112127356 0.13846728 0.40561685 0.08141443
0.2655 0.1246865 0.1574646 0.4006778 0.09453942 0.11175627 0.1360151 0.39930016 0.08143079
0.266 0.1240526 0.1550361 0.3938185 0.09401565 0.11136665 0.13360803 0.39302784 0.0814313
0.2665 0.1233918 0.1526165 0.3870298 0.0934658 0.11095878 0.13124341 0.3867963 0.081414774
0.267 0.1227047 0.1502069 0.3803128 0.09289046 0.11053295 0.12891872 0.38060254 0.08138044
0.2675 0.1219915 0.1478084 0.3736688 0.09229026 0.11008928 0.12663148 0.3744444 0.08132741
0.268 0.1212528 0.1454219 0.3670984 0.09166576 0.10962755 0.124379426 0.36832014 0.08125503
0.2685 0.120489 0.1430484 0.3606025 0.09101755 0.109147705 0.12216021 0.3622288 0.081162706
0.269 0.1197005 0.1406886 0.3541818 0.09034616 0.108649485 0.11997187 0.35616973 0.08105001
0.2695 0.1188877 0.1383432 0.3478367 0.08965215 0.10813255 0.117812246 0.350143 0.080916375
0.27 0.1180511 0.136013 0.3415676 0.08893603 0.10759663 0.11567941 0.3441484 0.08076143
0.2705 0.1171909 0.1336984 0.3353748 0.08819831 0.10704132 0.113571584 0.33818677 0.080584854
0.271 0.1163076 0.1314001 0.3292587 0.08743948 0.10646617 0.11148678 0.33225876 0.08038625
0.2715 0.1154016 0.1291186 0.3232192 0.08666003 0.10587088 0.10942355 0.3263654 0.0801653
0.272 0.1144733 0.1268542 0.3172565 0.08586042 0.105254985 0.10738014 0.32050776 0.07992171
0.2725 0.1135231 0.1246073 0.3113705 0.08504111 0.10461811 0.105355084 0.31468716 0.07965523
0.273 0.1125512 0.1223784 0.3055611 0.08420253 0.103959806 0.103347 0.30890498 0.07936555
0.2735 0.1115582 0.1201677 0.2998282 0.08334513 0.10327978 0.101354554 0.30316275 0.07905236
0.274 0.1105444 0.1179754 0.2941715 0.08246933 0.102577604 0.09937641 0.29746193 0.0787155
0.2745 0.10951 0.1158019 0.2885908 0.08157552 0.10185278 0.09741162 0.29180413 0.07835455
0.275 0.1084555 0.1136473 0.2830857 0.08066411 0.10110519 0.095458984 0.28619087 0.07796936
0.2755 0.1073813 0.1115118 0.2776558 0.07973549 0.100334264 0.09351748 0.28062385 0.077559575
0.276 0.1062876 0.1093956 0.2723008 0.07879003 0.099539645 0.09158632 0.27510452 0.07712495
0.2765 0.1051748 0.1072987 0.2670201 0.0778281 0.09872114 0.08966476 0.26963454 0.07666515
0.277 0.1040433 0.1052213 0.2618133 0.07685007 0.0978783 0.087752044 0.2642153 0.07617995
0.2775 0.1028933 0.1031634 0.2566797 0.07585628 0.09701081 0.08584753 0.25884828 0.075668976
0.278 0.1017252 0.1011251 0.2516189 0.07484707 0.09611846 0.08395071 0.25353482 0.07513203
0.2785 0.1005393 0.09910641 0.2466303 0.07382278 0.09520074 0.08206105 0.24827641 0.074568644
0.279 0.09933592 0.09710735 0.2417131 0.07278373 0.09425748 0.08017823 0.24307412 0.0739786
0.2795 0.09811538 0.09512791 0.2368668 0.07173024 0.09328837 0.07830201 0.23792922 0.073361576
0.28 0.09687798 0.09316807 0.2320907 0.07066261 0.09229303 0.07643205 0.23284282 0.072717234
0.2805 0.09562401 0.09122779 0.227384 0.06958114 0.091271274 0.07456827 0.2278158 0.07204527
0.281 0.09435377 0.08930703 0.2227461 0.06848614 0.090222694 0.072710484 0.22284931 0.07134527
0.2815 0.09306756 0.08740571 0.2181762 0.06737788 0.08914719 0.07085879 0.21794397 0.07061699
0.282 0.09176565 0.08552376 0.2136736 0.06625665 0.08804437 0.06901321 0.21310064 0.06986001
0.2825 0.09044833 0.08366109 0.2092376 0.06512272 0.08691398 0.06717382 0.20831986 0.069074094
0.283 0.08911588 0.0818176 0.2048672 0.06397636 0.08575583 0.0653407 0.20360228 0.06825882
0.2835 0.08776857 0.07999319 0.2005618 0.06281782 0.08456955 0.06351425 0.19894844 0.06741391
0.284 0.08640666 0.07818773 0.1963206 0.06164736 0.08335505 0.06169458 0.19435857 0.06653899
0.2845 0.08503042 0.0764011 0.1921428 0.06046523 0.08211205 0.059882138 0.18983305 0.06563382
0.285 0.08364012 0.07463316 0.1880275 0.05927167 0.08084032 0.058077287 0.18537208 0.06469801
0.2855 0.08223599 0.07288378 0.183974 0.05806692 0.079539716 0.05628043 0.18097576 0.06373128
0.286 0.08081831 0.0711528 0.1799814 0.0568512 0.07820997 0.054492008 0.17664415 0.06273332
0.2865 0.0793873 0.06944006 0.176049 0.05562475 0.07685092 0.052712586 0.17237723 0.061703783
0.287 0.07794322 0.06774542 0.1721758 0.05438778 0.07546254 0.050942753 0.16817474 0.060642537
0.2875 0.0764863 0.06606869 0.1683611 0.05314051 0.074044526 0.049182992 0.1640367 0.059549194
0.288 0.07501678 0.06440972 0.164604 0.05188314 0.07259685 0.047434013 0.15996271 0.05842353
0.2885 0.07353489 0.06276832 0.1609038 0.0506159 0.07111932 0.04569647 0.15595251 0.057265338
0.289 0.07204085 0.06114433 0.1572595 0.04933896 0.06961196 0.043971088 0.15200564 0.056074355
0.2895 0.07053489 0.05953754 0.1536705 0.04805254 0.068074636 0.042258564 0.1481218 0.05485038
0.29 0.06901722 0.05794779 0.1501357 0.04675682 0.066507325 0.04055975 0.14430034 0.05359325
0.2905 0.06748806 0.05637487 0.1466546 0.04545199 0.06490999 0.038875315 0.14054081 0.052302767
0.291 0.06594763 0.05481861 0.1432261 0.04413824 0.0632826 0.03720616 0.13684262 0.050978776
0.2915 0.06439612 0.05327881 0.1398496 0.04281574 0.061625205 0.03555317 0.1332051 0.04962122
0.292 0.06283374 0.05175526 0.1365242 0.04148466 0.059937797 0.03391717 0.12962765 0.0482299
0.2925 0.0612607 0.05024778 0.1332491 0.04014519 0.0582205 0.03229912 0.12610939 0.046804804
0.293 0.05967719 0.04875617 0.1300235 0.03879748 0.05647333 0.03069989 0.12264987 0.04534578
0.2935 0.05808339 0.04728023 0.1268466 0.0374417 0.0546965 0.029120501 0.119248174 0.043852862
0.294 0.05647951 0.04581975 0.1237177 0.03607801 0.052890047 0.027561877 0.11590349 0.042326
0.2945 0.05486573 0.04437454 0.1206359 0.03470657 0.051054142 0.026025008 0.112615176 0.040765207
0.295 0.05324223 0.04294439 0.1176005 0.03332752 0.049188964 0.024510976 0.10938233 0.039170507
0.2955 0.05160919 0.04152911 0.1146108 0.03194102 0.047294773 0.023020785 0.106204204 0.037541952
0.296 0.04996679 0.04012849 0.1116659 0.03054722 0.04537174 0.021555532 0.103079975 0.035879623
0.2965 0.0483152 0.03874233 0.1087652 0.02914626 0.04342004 0.020116266 0.1000088 0.034183618
0.297 0.04665459 0.03737042 0.1059078 0.02773827 0.041440055 0.01870409 0.0969899 0.03245407
0.2975 0.04498512 0.03601257 0.1030931 0.0263234 0.039432064 0.01732013 0.09402243 0.030691165
0.298 0.04330697 0.03466858 0.1003203 0.02490178 0.0373964 0.015965503 0.09110568 0.028894987
0.2985 0.0416203 0.03333824 0.09758867 0.02347353 0.035333343 0.014641423 0.08823877 0.027065832
0.299 0.03992525 0.03202136 0.09489755 0.0220388 0.033243284 0.013349 0.08542096 0.025203869
0.2995 0.03822199 0.03071773 0.09224621 0.02059769 0.031126633 0.012089502 0.08265149 0.02330935
0.3 0.03651067 0.02942716 0.08963397 0.01915035 0.0004344806 0.019609626 0.09701108 0.029851142
0.3005 0.03487848 0.02848055 0.09995017 0.01774948 0.0040528886 0.026245113 0.098161735 0.032759216
0.301 0.03353062 0.02823589 0.1117399 0.016472 0.0033947565 0.026053797 0.10476241 0.031589124
0.3015 0.0323982 0.02847932 0.1214289 0.01528061 0.001528021 0.023458447 0.11337862 0.028260466
0.302 0.03139294 0.0290542 0.1296925 0.01416004 -0.00065175444 0.020059962 0.1229466 0.024000112
0.3025 0.03046897 0.02986632 0.1372421 0.01310478 -0.002764959 0.016723376 0.13288952 0.01948532
0.303 0.02960636 0.03086125 0.1444959 0.0121121 -0.004669253 0.013861161 0.14288822 0.015085418
0.3035 0.02879687 0.03200594 0.1516577 0.01118009 -0.006331444 0.011637356 0.15277281 0.010983426
0.304 0.02803696 0.03327821 0.1588147 0.01030704 -0.00776371 0.0100833215 0.16245878 0.0072548427
0.3045 0.0273249 0.03466157 0.1659987 0.009491358 -0.008993462 0.00916351 0.17190948 0.003915552
0.305 0.0266596 0.03614269 0.1732169 0.008731497 -0.01004985 0.008812498 0.1811145 0.00095082447
0.3055 0.02604023 0.03771025 0.180466 0.00802598 -0.01095866 0.008955214 0.19007728 -0.0016684942
0.306 0.02546608 0.03935434 0.1877392 0.007373374 -0.011740949 0.009517487 0.19880812 -0.0039762594
0.3065 0.02493647 0.04106618 0.1950284 0.006772297 -0.01241285 0.010431308 0.20732017 -0.006006222
0.307 0.02445074 0.04283792 0.2023254 0.006221411 -0.012986746 0.01163673 0.21562746 -0.0077897348
0.3075 0.02400825 0.04466248 0.2096226 0.005719424 -0.013471935 0.013082471 0.22374347 -0.009354401
0.308 0.02360839 0.04653351 0.2169128 0.005265083 -0.013875449 0.014725301 0.23168111 -0.010724384
0.3085 0.02325055 0.04844527 0.2241894 0.004857182 -0.014202699 0.016529243 0.23945212 -0.011920262
0.309 0.02293411 0.05039257 0.2314463 0.004494548 -0.014457976 0.01846442 0.24706715 -0.012959693
0.3095 0.02265848 0.05237068 0.238678 0.00417605 -0.01464474 0.020506416 0.2545358 -0.013857622
0.31 0.02242307 0.05437534 0.2458792 0.003900593 -0.014765959 0.022635143 0.26186666 -0.014626924
0.3105 0.0222273 0.05640267 0.2530454 0.003667116 -0.01482423 0.024833892 0.2690676 -0.0152785815
0.311 0.02207057 0.05844913 0.2601722 0.00347459 -0.014821818 0.02708922 0.27614543 -0.015822176
0.3115 0.02195232 0.06051151 0.2672558 0.003322021 -0.014760919 0.029389855 0.28310642 -0.016266156
0.312 0.02187198 0.06258688 0.2742926 0.003208445 -0.014643442 0.031726483 0.28995612 -0.016617749
0.3125 0.02182897 0.06467255 0.2812792 0.003132928 -0.01447133 0.034091573 0.29669958 -0.016883496
0.313 0.02182275 0.06676608 0.2882129 0.003094563 -0.014246259 0.0364785 0.3033412 -0.017069299
0.3135 0.02185275 0.06886522 0.2950909 0.003092471 -0.013970068 0.03888191 0.30988514 -0.017180372
0.314 0.02191842 0.07096793 0.3019107 0.003125802 -0.013644235 0.041297283 0.31633505 -0.017221529
0.3145 0.02201923 0.07307234 0.3086703 0.003193727 -0.013270376 0.043720547 0.32269412 -0.017197017
0.315 0.02215462 0.07517671 0.3153676 0.003295445 -0.012849914 0.04614849 0.32896546 -0.017110784
0.3155 0.02232408 0.07727948 0.3220009 0.003430177 -0.012384258 0.04857817 0.33515173 -0.016966525
0.316 0.02252706 0.07937919 0.3285686 0.003597165 -0.011874706 0.05100714 0.34125525 -0.016767476
0.3165 0.02276305 0.08147453 0.3350693 0.003795674 -0.011322595 0.05343314 0.34727842 -0.01651669
0.317 0.02303152 0.08356427 0.3415018 0.004024991 -0.0107290745 0.055854123 0.35322317 -0.016217101
0.3175 0.02333198 0.0856473 0.347865 0.004284421 -0.010095283 0.05826852 0.3590914 -0.0158712
0.318 0.0236639 0.08772259 0.354158 0.00457329 -0.009422306 0.06067471 0.36488467 -0.015481416
0.3185 0.0240268 0.08978922 0.3603799 0.004890941 -0.008711193 0.063071296 0.3706046 -0.015049998
0.319 0.02442017 0.09184631 0.3665302 0.005236735 -0.007962927 0.065457 0.37625265 -0.014579017
0.3195 0.02484352 0.0938931 0.3726082 0.005610052 -0.007178448 0.06783089 0.38183016 -0.014070455
0.32 0.02529638 0.09592885 0.3786136 0.006010287 -0.0063586533 0.0701917 0.3873381 -0.013525967
0.3205 0.02577827 0.09795292 0.3845459 0.006436853 -0.0055044144 0.0725387 0.3927778 -0.01294731
0.321 0.02628857 0.09996471 0.3904049 0.006889011 -0.00461651 0.074870914 0.39815024 -0.012336049
0.3215 0.02682178 0.1019633 0.3961893 0.007362078 -0.0036957376 0.07718772 0.40345633 -0.011693571
0.322 0.02737804 0.1039479 0.4018987 0.007857497 -0.0027429573 0.07948825 0.40869707 -0.011021305
0.3225 0.02796236 0.1059185 0.4075345 0.008377695 -0.0017587095 0.081772 0.4138731 -0.010320399
0.323 0.02857642 0.1078748 0.4130972 0.008922784 -0.0007438883 0.08403829 0.41898537 -0.009592149
0.3235 0.02921968 0.1098166 0.4185873 0.009492191 0.00030085817 0.08628675 0.42403448 -0.008837644
0.324 0.02989092 0.1117437 0.4240046 0.01008521 0.0013749748 0.08851671 0.42902112 -0.008057911
0.3245 0.03058893 0.1136558 0.4293493 0.01070117 0.002477724 0.090727866 0.433946 -0.0072539635
0.325 0.03131268 0.1155527 0.4346216 0.01133943 0.0036084577 0.09291977 0.4388097 -0.0064266957
0.3255 0.03206134 0.1174342 0.4398217 0.01199938 0.0047666095 0.09509207 0.4436128 -0.0055770315
0.326 0.03283426 0.1192999 0.44495 0.01268049 0.0059515834 0.09724459 0.44835582 -0.0047057457
0.3265 0.03363025 0.1211499 0.4500068 0.01338233 0.007162757 0.09937681 0.45303923 -0.0038136803
0.327 0.03444272 0.1229839 0.454992 0.01410386 0.008399557 0.101488695 0.45766363 -0.0029015355
0.3275 0.03527485 0.1248016 0.4598723 0.01484359 0.009661481 0.10357991 0.46222943 -0.0019700713
0.328 0.03612481 0.1265783 0.4638334 0.01560272 0.010947861 0.105650336 0.466737 -0.0010199584
0.3285 0.03699218 0.1282021 0.4677042 0.0163809 0.012258232 0.10769969 0.47118697 -5.1844865e-05
0.329 0.03787717 0.1294338 0.4718692 0.01717598 0.0135920085 0.10972805 0.4755796 0.00093362853
0.3295 0.03878763 0.1305679 0.4762945 0.01798867 0.0149486065 0.111735135 0.47991538 0.0019358732
0.33 0.0397277 0.1317581 0.480872 0.01881935 0.016327593 0.11372092 0.48419473 0.0029543377
0.3305 0.04069579 0.1330629 0.4855053 0.01966775 0.017728359 0.11568537 0.48841792 0.0039884485
0.331 0.04168907 0.1344915 0.4901287 0.02053348 0.019150443 0.117628485 0.49258542 0.005037699
0.3315 0.04270503 0.1360301 0.4947027 0.02141612 0.020593286 0.119550094 0.4966976 0.0061015375
0.332 0.04374181 0.1376558 0.4992063 0.02231525 0.022056341 0.121450394 0.5007549 0.0071794726
0.3325 0.04479201 0.1393441 0.5036284 0.02322581 0.023539148 0.12332922 0.5047575 0.008271035
0.333 0.04585191 0.141072 0.5079642 0.02414641 0.025041237 0.12518686 0.5087059 0.009375762
0.3335 0.04692945 0.1428209 0.5122146 0.02507992 0.026561983 0.12702313 0.5126005 0.010493133
0.334 0.04802878 0.1445764 0.5163837 0.02603019 0.028100975 0.12883821 0.5164414 0.01162276
0.3345 0.04915031 0.1463277 0.5204756 0.02699771 0.02965767 0.13063218 0.52022934 0.012764219
0.335 0.05029284 0.1480669 0.5244935 0.02798192 0.031231567 0.13240522 0.5239643 0.0139170475
0.3355 0.05145487 0.1497881 0.5284403 0.02898208 0.032822214 0.1341573 0.5276468 0.01508091
0.336 0.05263513 0.1514873 0.5323184 0.02999752 0.03442905 0.13588867 0.5312772 0.0162553
0.3365 0.05383264 0.153162 0.5361303 0.03102767 0.03605161 0.13759938 0.53485584 0.01743989
0.337 0.0550467 0.1548107 0.5398782 0.03207198 0.037689455 0.13928974 0.5383831 0.018634278
0.3375 0.05627679 0.1564328 0.543564 0.03313002 0.039342 0.14095978 0.54185927 0.019838091
0.338 0.05752253 0.1580283 0.5471895 0.03420138 0.041008823 0.1426096 0.5452846 0.021050934
0.3385 0.05878361 0.1595975 0.5507563 0.03528569 0.042689376 0.14423963 0.5486598 0.02227242
0.339 0.0600439 0.1611405 0.5542512 0.03637697 0.044383295 0.14584985 0.55198485 0.023502264
0.3395 0.06130133 0.1626573 0.5576795 0.03747415 0.04609 0.14744057 0.55526024 0.024740051
0.34 0.06257706 0.1641492 0.5610592 0.03858353 0.047809064 0.14901191 0.55848634 0.025985483
0.3405 0.0638781 0.1656178 0.5643943 0.0397069 0.04953996 0.15056407 0.56166345 0.027238134
0.341 0.06520343 0.1670644 0.5676837 0.04084412 0.051282205 0.1520974 0.564792 0.028497744
0.3415 0.06654986 0.1684903 0.5709261 0.04199457 0.05303535 0.15361214 0.56787235 0.029763933
0.342 0.06791429 0.1698965 0.5741204 0.04315762 0.054798983 0.15510827 0.57090485 0.031036396
0.3425 0.06929441 0.1712839 0.5772663 0.04433269 0.056572534 0.15658617 0.57388973 0.032314826
0.343 0.07068866 0.1726532 0.580364 0.04551928 0.05835565 0.15804625 0.57682747 0.033598866
0.3435 0.07209603 0.1740051 0.5834141 0.04671695 0.060147792 0.15948838 0.5797185 0.03488818
0.344 0.07351586 0.1753402 0.586417 0.04792533 0.061948508 0.16091311 0.582563 0.03618254
0.3445 0.07494764 0.1766589 0.5893737 0.0491439 0.063757315 0.16232057 0.58536154 0.037481528
0.345 0.07639094 0.1779615 0.5922847 0.05037226 0.065573856 0.16371101 0.58811426 0.038784955
0.3455 0.07784565 0.1792486 0.5951511 0.05161028 0.067397565 0.16508466 0.59082174 0.04009242
0.346 0.07931173 0.1805207 0.5979736 0.05285781 0.0692281 0.16644192 0.59348404 0.041403685
0.3465 0.08078916 0.1817784 0.6007531 0.05411466 0.07106491 0.16778284 0.596102 0.042718407
0.347 0.08227791 0.1830221 0.6034903 0.0553807 0.07290769 0.16910774 0.59867555 0.044036377
0.3475 0.08377788 0.1842523 0.6061861 0.05665576 0.07475584 0.17041683 0.60120517 0.045357253
0.348 0.08528888 0.1854693 0.6088412 0.05793965 0.07660906 0.17171049 0.6036912 0.046680752
0.3485 0.08681072 0.1866737 0.6114565 0.05923219 0.07846686 0.17298877 0.6061342 0.048006576
0.349 0.08834319 0.1878656 0.6140325 0.0605332 0.080328785 0.17425218 0.6085343 0.049334478
0.3495 0.08988613 0.1890454 0.61657 0.06184251 0.082194455 0.1755008 0.6108919 0.050664213
0.35 0.09143934 0.1902133 0.6190698 0.06315995 0.10246997 0.18149877 0.5999978 0.06513272
0.3505 0.09291563 0.1910386 0.6086425 0.06443276 0.09771956 0.1843625 0.60365283 0.0628628
0.351 0.09410975 0.1911631 0.5967429 0.06551358 0.0952541 0.18745074 0.6010923 0.06256157
0.3515 0.09509046 0.1908009 0.5869454 0.06650637 0.09386403 0.1899187 0.59623057 0.0626186
0.352 0.09594594 0.1901085 0.5785744 0.0674529 0.09316789 0.19130552 0.5898562 0.062767565
0.3525 0.09672204 0.1891803 0.5709188 0.06835504 0.092973895 0.19155774 0.5824389 0.06290056
0.353 0.09743879 0.1880706 0.5635603 0.06921046 0.09313544 0.19081059 0.5743385 0.06298566
0.3535 0.09810449 0.1868125 0.5562951 0.07001711 0.09353984 0.18926433 0.56582266 0.06302935
0.354 0.09872271 0.1854282 0.5490359 0.07077371 0.09410023 0.18711892 0.5570882 0.06305283
0.3545 0.09929518 0.1839341 0.5417509 0.07147965 0.09474968 0.18454728 0.5482767 0.06307894
0.355 0.09982296 0.1823436 0.534433 0.07213481 0.09543798 0.181689 0.5394892 0.06312667
0.3555 0.1003068 0.1806681 0.5270854 0.07273945 0.096127905 0.17865124 0.5307948 0.06320907
0.356 0.1007475 0.1789173 0.519715 0.07329407 0.0967933 0.17551363 0.5222389 0.06333354
0.3565 0.1011456 0.1771002 0.5123299 0.0737994 0.09741617 0.17233405 0.5138491 0.06350249
0.357 0.1015017 0.1752244 0.504938 0.07425627 0.09798544 0.16915287 0.50564 0.06371479
0.3575 0.1018164 0.1732971 0.4975471 0.07466562 0.098494925 0.16599797 0.49761617 0.06396672
0.358 0.1020903 0.1713246 0.4901644 0.07502834 0.09894226 0.16288772 0.48977554 0.06425321
0.3585 0.1023239 0.1693127 0.4827964 0.07533881 0.09932781 0.15983367 0.48211133 0.064568296
0.359 0.1025172 0.1672663 0.4754492 0.07559969 0.099653445 0.15684238 0.47461385 0.06490569
0.3595 0.102671 0.1651903 0.4681283 0.07581709 0.099922515 0.15391742 0.4672712 0.06525944
0.36 0.1027862 0.163089 0.4608389 0.0759934 0.10013888 0.1510598 0.4600709 0.06562388
0.3605 0.1028635 0.1609661 0.4535856 0.07612657 0.100306384 0.148269 0.4530001 0.06599386
0.361 0.1029033 0.1588253 0.4463728 0.0762126 0.100429274 0.14554353 0.4460463 0.066364646
0.3615 0.1029062 0.1566698 0.4392043 0.07626198 0.10051126 0.14288133 0.4391974 0.06673223
0.362 0.1028728 0.1545025 0.4320837 0.0762772 0.100555964 0.14027977 0.4324425 0.06709312
0.3625 0.1028037 0.1523261 0.4250142 0.07625858 0.10056647 0.13773622 0.4257716 0.06744419
0.363 0.1026996 0.1501431 0.4179988 0.07620633 0.10054549 0.13524814 0.41917542 0.06778294
0.3635 0.1025611 0.1479556 0.4110401 0.07612076 0.10049536 0.13281244 0.41264609 0.06810717
0.364 0.1023886 0.1457658 0.4041405 0.07600228 0.10041804 0.13042668 0.40617657 0.06841506
0.3645 0.1021826 0.1435754 0.3973022 0.07585137 0.10031498 0.12808806 0.399761 0.06870501
0.365 0.1019437 0.1413862 0.3905272 0.07566854 0.10018761 0.12579404 0.39339423 0.06897585
0.3655 0.1016724 0.1391998 0.3838172 0.07545435 0.10003669 0.12354216 0.38707224 0.069226414
0.366 0.101369 0.1370173 0.3771737 0.07515704 0.099862985 0.12132999 0.38079163 0.06945591
0.3665 0.101034 0.1348396 0.3705982 0.07479202 0.09966687 0.11915526 0.37454987 0.069663465
0.367 0.1006678 0.1326683 0.3640917 0.07442414 0.09944879 0.117015645 0.368345 0.06984852
0.3675 0.1002709 0.130505 0.3576554 0.07405181 0.099208795 0.11490902 0.3621755 0.0700106
0.368 0.09984396 0.1283507 0.3512902 0.07366881 0.09894695 0.11283341 0.35604063 0.07014924
0.3685 0.09938745 0.1262062 0.344997 0.07327038 0.09866316 0.110786706 0.3499399 0.07026401
0.369 0.09890184 0.1240726 0.3387764 0.07285326 0.09835731 0.10876703 0.34387344 0.07035464
0.3695 0.09838762 0.1219504 0.332629 0.07241528 0.0980292 0.10677239 0.33784127 0.07042082
0.37 0.09784525 0.1198404 0.3265551 0.07195504 0.09767849 0.10480122 0.3318443 0.07046223
0.3705 0.09727516 0.1177431 0.3205551 0.07147168 0.09730508 0.10285176 0.32588306 0.07047868
0.371 0.09667782 0.1156592 0.3146293 0.07096476 0.0969085 0.100922406 0.31995878 0.070469946
0.3715 0.09605365 0.113589 0.3087779 0.07043407 0.09648856 0.099011645 0.3140725 0.07043581
0.372 0.09540309 0.1115331 0.3030008 0.06987966 0.0960448 0.09711784 0.3082256 0.07037602
0.3725 0.09472658 0.109492 0.2972981 0.06930167 0.09557701 0.09523991 0.30241948 0.07029039
0.373 0.09402453 0.1074659 0.2916697 0.06870038 0.095084764 0.09337635 0.2966556 0.0701787
0.3735 0.09329738 0.1054552 0.2861155 0.06807612 0.09456781 0.09152605 0.29093558 0.07004072
0.374 0.09254553 0.1034602 0.2806353 0.06742929 0.09402577 0.08968787 0.2852609 0.069876224
0.3745 0.09176939 0.1014812 0.2752288 0.06676029 0.09345838 0.08786067 0.2796331 0.06968507
0.375 0.09096938 0.09951844 0.2698958 0.06606958 0.09286518 0.086043715 0.27405387 0.069466844
0.3755 0.09014589 0.09757214 0.2646358 0.0653576 0.09224599 0.08423595 0.26852468 0.06922139
0.376 0.08929931 0.09564247 0.2594485 0.0646248 0.09160041 0.08243671 0.263047 0.06894846
0.3765 0.08843004 0.09372959 0.2543334 0.06387166 0.090928175 0.0806452 0.25762248 0.06864776
0.377 0.08753846 0.09183364 0.2492901 0.0630986 0.09022889 0.078860804 0.25225246 0.06831899
0.3775 0.08662495 0.08995471 0.244318 0.06230609 0.08950243 0.07708305 0.24693826 0.06796189
0.378 0.08568989 0.0880929 0.2394166 0.06149456 0.08874828 0.07531139 0.24168128 0.067576155
0.3785 0.08473363 0.08624828 0.2345853 0.06066443 0.0879663 0.073545486 0.23648262 0.067161486
0.379 0.08375655 0.08442089 0.2298235 0.05981613 0.08715611 0.07178491 0.23134358 0.066717565
0.3795 0.08275899 0.08261076 0.2251306 0.05895006 0.08631747 0.07002959 0.22626512 0.06624402
0.38 0.08174132 0.08081791 0.2205059 0.05806662 0.08545006 0.06827921 0.22124831 0.0657406
0.3805 0.08070388 0.07904233 0.2159487 0.05716619 0.08455361 0.06653379 0.21629402 0.06520693
0.381 0.07964701 0.077284 0.2114585 0.05624916 0.08362792 0.064793155 0.21140304 0.06464271
0.3815 0.07857104 0.0755429 0.2070343 0.05531588 0.08267268 0.06305738 0.20657608 0.06404759
0.382 0.07747632 0.07381897 0.2026756 0.05436671 0.08168762 0.06132662 0.20181382 0.063421234
0.3825 0.07636315 0.07211216 0.1983816 0.05340199 0.0806725 0.0596009 0.19711676 0.06276327
0.383 0.07523187 0.0704224 0.1941515 0.05242208 0.07962709 0.057880495 0.19248532 0.062073443
0.3835 0.07408279 0.06874962 0.1899845 0.05142727 0.0785511 0.05616564 0.18791994 0.061351385
0.384 0.07291623 0.06709373 0.18588 0.05041791 0.07744439 0.054456618 0.18342078 0.06059676
0.3845 0.07173247 0.06545462 0.1818371 0.04939429 0.076306805 0.052753802 0.17898811 0.059809264
0.385 0.07053184 0.06383219 0.177855 0.04835671 0.075138085 0.051057693 0.17462192 0.05898862
0.3855 0.06931462 0.06222634 0.173933 0.04730548 0.07393801 0.049368564 0.17032233 0.05813444
0.386 0.0680811 0.06063693 0.1700702 0.04624086 0.072706506 0.047687043 0.16608924 0.057246532
0.3865 0.06683158 0.05906385 0.1662659 0.04516314 0.071443416 0.04601365 0.16192244 0.056324553
0.387 0.06556633 0.05750695 0.1625192 0.0440726 0.07014857 0.04434889 0.15782177 0.055368315
0.3875 0.06428563 0.0559661 0.1588294 0.04296948 0.06882187 0.042693455 0.1537869 0.054377478
0.388 0.06298975 0.05444116 0.1551956 0.04185406 0.06746329 0.041047942 0.14981753 0.053351905
0.3885 0.06167896 0.05293198 0.1516171 0.04072657 0.06607266 0.039413113 0.14591318 0.052291285
0.389 0.06035353 0.0514384 0.148093 0.03958726 0.06464999 0.037789594 0.14207341 0.05119549
0.3895 0.05901372 0.04996026 0.1446225 0.03843638 0.06319526 0.036178257 0.13829765 0.05006432
0.39 0.05765977 0.04849741 0.1412048 0.03727414 0.061708413 0.034579735 0.13458535 0.04889762
0.3905 0.05629194 0.04704969 0.1378392 0.03610079 0.060189553 0.03299496 0.13093589 0.047695268
0.391 0.05491048 0.04561691 0.1345249 0.03491653 0.05863864 0.031424742 0.12734857 0.046457093
0.3915 0.05351562 0.04419893 0.131261 0.03372158 0.057055816 0.029869895 0.1238227 0.04518306
0.392 0.05210761 0.04279555 0.1280467 0.03251616 0.05544112 0.028331395 0.12035752 0.04387309
0.3925 0.05068669 0.04140662 0.1248813 0.03130047 0.05379466 0.026810076 0.11695229 0.04252712
0.393 0.04925307 0.04003195 0.1217641 0.03007471 0.052116558 0.025306936 0.11360622 0.041145157
0.3935 0.04780698 0.03867137 0.1186941 0.02883907 0.050407097 0.02382296 0.110318474 0.039727207
0.394 0.04634866 0.0373247 0.1156707 0.02759375 0.048666306 0.022359114 0.10708828 0.038273256
0.3945 0.04487831 0.03599176 0.1126932 0.02633894 0.04689447 0.020916384 0.103914686 0.0367834
0.395 0.04339615 0.03467237 0.1097606 0.02507481 0.04509186 0.019495856 0.10079693 0.035257716
0.3955 0.0419024 0.03336634 0.1068724 0.02380155 0.04325869 0.018098544 0.097734086 0.03369629
0.396 0.04039725 0.03207351 0.1040278 0.02251933 0.041395277 0.016725566 0.09472537 0.032099273
0.3965 0.03888091 0.03079368 0.1012259 0.02122832 0.039501905 0.015377957 0.09176985 0.03046685
0.397 0.03735359 0.02952668 0.09846621 0.01992869 0.037578925 0.014056813 0.08886672 0.028799158
0.3975 0.03581547 0.02827232 0.09574786 0.0186206 0.03562673 0.012763325 0.08601507 0.027096432
0.398 0.03426675 0.02703043 0.09307019 0.01730422 0.033645593 0.011498626 0.083214164 0.025358878
0.3985 0.03270762 0.02580081 0.09043248 0.01597969 0.031636015 0.0102638565 0.08046303 0.023586791
0.399 0.03113827 0.0245833 0.08783405 0.01464717 0.029598363 0.009060193 0.077760965 0.021780457
0.3995 0.02955888 0.0233777 0.0852742 0.01330681 0.027533114 0.007888865 0.07510715 0.019940149
0.4 0.02796962 0.02218385 0.08275227 0.01195876 0.025440738 0.0067510568 0.07250071 0.018066265
0.4005 0.02640892 0.02100162 0.08026986 0.01062402 0.023318104 0.005832944 0.07029454 0.016281512
0.401 0.02496266 0.01983153 0.07783638 0.009337706 0.021315917 0.0051899515 0.06818535 0.014597792
0.4015 0.02360644 0.01867439 0.07545106 0.008088449 0.019418284 0.004687745 0.06614589 0.013000209
0.402 0.02230489 0.01753068 0.07310947 0.006868791 0.017620489 0.004261326 0.06414189 0.011474233
0.4025 0.02103792 0.0164006 0.07080864 0.005675867 0.0159138 0.0038684495 0.062154897 0.010008644
0.403 0.01979583 0.01528423 0.06854687 0.004508314 0.014288992 0.0034838058 0.060175225 0.0085947625
0.4035 0.0185741 0.01418158 0.06632308 0.003365215 0.01273682 0.0030928925 0.058198847 0.007225994
0.404 0.01737058 0.01309262 0.06413649 0.002245805 0.01124873 0.0026882105 0.056225203 0.005897384
0.4045 0.01618419 0.01201731 0.06198643 0.001149384 0.009817295 0.0022666901 0.054255366 0.0046052374
0.405 0.01501433 0.01095558 0.0598723 7.529088e-05 0.008435871 0.0018276833 0.05229169 0.0033466704
0.4055 0.01386063 0.009907352 0.05779354 -0.0009771037 0.007098958 0.0013720505 0.05033671 0.0021195225
0.406 0.01272279 0.00887253 0.05574957 -0.002008404 0.005801849 0.0009012148 0.048393145 0.0009219609
0.4065 0.01160061 0.007851019 0.05373986 -0.003019192 0.0045406297 0.0004169941 0.04646358 -0.0002474524
0.407 0.01049387 0.006842717 0.05176387 -0.004010026 0.0033120885 -7.889792e-05 0.044550397 -0.0013900138
0.4075 0.009402395 0.005847513 0.04982105 -0.004981444 0.0021135658 -0.0005848445 0.042655617 -0.0025068335
0.408 0.008326007 0.004865294 0.04791089 -0.005933965 0.00094279647 -0.0010994188 0.040781125 -0.0035989918
0.4085 0.007264532 0.003895941 0.04603286 -0.006868087 -0.00020203367 -0.0016213097 0.038928427 -0.004667405
0.409 0.006217799 0.002939335 0.04418646 -0.007784292 -0.0013224036 -0.0021494925 0.037098855 -0.0057129674
0.4095 0.005185641 0.001995352 0.04237117 -0.008683044 -0.002419643 -0.0026830286 0.035293467 -0.0067365207
0.41 0.004167889 0.001063866 0.04058649 -0.00956479 -0.003494881 -0.0032212436 0.03351319 -0.0077388696
0.4105 0.003164379 0.0001447507 0.03883193 -0.01042996 -0.004549004 -0.003763426 0.031758696 -0.008720759
0.411 0.002174945 -0.0007621226 0.03710701 -0.01127897 -0.0055827945 -0.004309088 0.030030565 -0.009682905
0.4115 0.001199423 -0.001656883 0.03541123 -0.01211223 -0.0065970346 -0.0048577376 0.02832921 -0.010625992
0.412 0.000237648 -0.002539661 0.03374413 -0.01293011 -0.007592298 -0.0054089837 0.02665489 -0.011550602
0.4125 -0.0007105421 -0.003410587 0.03210524 -0.013733 -0.008569192 -0.0059624948 0.02500789 -0.012457382
0.413 -0.00164531 -0.004269791 0.03049409 -0.01452125 -0.009528223 -0.0065179467 0.023388313 -0.013346922
0.4135 -0.002566818 -0.005117406 0.02891024 -0.01529522 -0.010469854 -0.0070750527 0.02179615 -0.014219735
0.414 -0.003475226 -0.005953561 0.02735322 -0.01605524 -0.011394538 -0.0076335706 0.02023142 -0.015076306
0.4145 -0.004370695 -0.006778389 0.0258226 -0.01680164 -0.012302645 -0.008193266 0.018693967 -0.015917096
0.415 -0.005253384 -0.00759202 0.02431794 -0.01753473 -0.013194634 -0.008753922 0.017183723 -0.016742628
0.4155 -0.006123453 -0.008394585 0.02283881 -0.01825482 -0.014070801 -0.009315282 0.015700461 -0.017553259
0.416 -0.006981058 -0.009186213 0.02138478 -0.01896221 -0.014931517 -0.009877197 0.014243918 -0.018349428
0.4165 -0.007826357 -0.009967034 0.01995544 -0.01965719 -0.015777124 -0.010439482 0.012813879 -0.01913147
0.417 -0.008659506 -0.01073718 0.01855038 -0.02034002 -0.016607879 -0.011001933 0.011410015 -0.019899767
0.4175 -0.009480659 -0.01149677 0.01716919 -0.02101099 -0.01742416 -0.0115644 0.01003206 -0.020654675
0.418 -0.01028997 -0.01224595 0.01581146 -0.02167034 -0.018226208 -0.012126651 0.008679615 -0.02139647
0.4185 -0.01108759 -0.01298482 0.01447681 -0.02231834 -0.019014323 -0.012688607 0.007352354 -0.022125486
0.419 -0.01187368 -0.01371354 0.01316485 -0.02295523 -0.019788735 -0.013250053 0.0060498733 -0.022842001
0.4195 -0.01264838 -0.01443221 0.01187519 -0.02358125 -0.020549778 -0.013810851 0.004771864 -0.023546334
0.42 -0.01341184 -0.01514096 0.01060746 -0.02419663 -0.021297608 -0.014370859 0.0035178196 -0.02423868
0.4205 -0.01416422 -0.01583991 0.009361285 -0.02480159 -0.022032559 -0.014929902 0.002287414 -0.024919372
0.421 -0.01490565 -0.0165292 0.008136306 -0.02539636 -0.022754768 -0.0154878795 0.0010802187 -0.02558856
0.4215 -0.01563629 -0.01720894 0.00693216 -0.02598114 -0.023464533 -0.016044639 -0.00010420382 -0.02624653
0.422 -0.01635628 -0.01787925 0.005748495 -0.02655614 -0.024162091 -0.016600024 -0.0012661796 -0.026893508
0.4225 -0.01706576 -0.01854025 0.004584962 -0.02712157 -0.024847578 -0.017153937 -0.0024062209 -0.027529676
0.423 -0.01776487 -0.01919207 0.003441218 -0.02767761 -0.025521284 -0.017706204 -0.0035247188 -0.028155241
0.4235 -0.01845376 -0.01983481 0.002316927 -0.02822446 -0.026183337 -0.018256757 -0.0046220887 -0.028770406
0.424 -0.01913257 -0.0204686 0.001211757 -0.0287623 -0.026834028 -0.018805437 -0.0056986827 -0.029375393
0.4245 -0.01980143 -0.02109356 0.0001253805 -0.02929132 -0.027473483 -0.019352108 -0.0067549534 -0.029970359
0.425 -0.02046048 -0.02170979 -0.0009425231 -0.02981168 -0.028101923 -0.019896723 -0.007791275 -0.03055549
0.4255 -0.02110985 -0.02231741 -0.00199227 -0.03032356 -0.028719516 -0.020439096 -0.008808106 -0.031130943
0.426 -0.02174969 -0.02291654 -0.003024171 -0.03082713 -0.02932647 -0.020979185 -0.009805765 -0.031696882
0.4265 -0.02238011 -0.02350728 -0.004038532 -0.03132254 -0.029922925 -0.021516833 -0.010784714 -0.032253493
0.427 -0.02300126 -0.02408975 -0.005035655 -0.03180996 -0.030509079 -0.022051971 -0.011745259 -0.03280093
0.4275 -0.02361327 -0.02466405 -0.006015835 -0.03228954 -0.031085083 -0.022584472 -0.0126878135 -0.033339333
0.428 -0.02421625 -0.0252303 -0.006979364 -0.03276142 -0.03165116 -0.023114283 -0.013612725 -0.03386886
0.4285 -0.02481034 -0.0257886 -0.007926528 -0.03322576 -0.032207426 -0.023641262 -0.014520377 -0.034389626
0.429 -0.02539567 -0.02633905 -0.008857608 -0.0336827 -0.03275406 -0.024165332 -0.015411086 -0.034901846
0.4295 -0.02597236 -0.02688177 -0.009772883 -0.03413238 -0.03329122 -0.0246864 -0.016285235 -0.035405602
0.43 -0.02654053 -0.02741686 -0.01067262 -0.03457493 -0.033819046 -0.025204394 -0.017143171 -0.035901036
0.4305 -0.0271003 -0.02794442 -0.0115571 -0.03501049 -0.03433772 -0.025719251 -0.017985152 -0.036388304
0.431 -0.02765179 -0.02846454 -0.01242657 -0.03543919 -0.034847364 -0.026230834 -0.018811606 -0.036867496
0.4315 -0.02819513 -0.02897734 -0.0132813 -0.03586115 -0.035348155 -0.026739128 -0.019622754 -0.037338767
0.432 -0.02873042 -0.02948291 -0.01412154 -0.03627649 -0.035840217 -0.027244017 -0.020418994 -0.037802245
0.4325 -0.02925779 -0.02998135 -0.01494755 -0.03668535 -0.036323696 -0.027745469 -0.02120059 -0.038258027
0.433 -0.02977735 -0.03047275 -0.01575956 -0.03708783 -0.036798753 -0.028243363 -0.021967832 -0.03870627
0.4335 -0.03028921 -0.03095722 -0.01655782 -0.03748406 -0.037265483 -0.028737688 -0.022721035 -0.03914706
0.434 -0.03079349 -0.03143484 -0.01734257 -0.03787414 -0.037724074 -0.029228352 -0.023460457 -0.03958052
0.4345 -0.03129028 -0.03190571 -0.01811404 -0.03825819 -0.03817462 -0.029715307 -0.024186412 -0.040006775
0.435 -0.03177971 -0.03236993 -0.01887247 -0.03863631 -0.0386173 -0.030198492 -0.02489911 -0.04042593
0.4355 -0.03226188 -0.03282758 -0.01961807 -0.03900861 -0.0390522 -0.030677851 -0.025598882 -0.04083809
0.436 -0.0327369 -0.03327876 -0.02035108 -0.03937519 -0.03947947 -0.031153318 -0.026285939 -0.041243378
0.4365 -0.03320487 -0.03372355 -0.0210717 -0.03973616 -0.03989923 -0.0316249 -0.026960548 -0.041641902
0.437 -0.03366589 -0.03416205 -0.02178016 -0.0400916 -0.040311575 -0.032092493 -0.027623018 -0.04203373
0.4375 -0.03412006 -0.03459434 -0.02247666 -0.04044163 -0.040716685 -0.032556072 -0.028273484 -0.042418998
0.438 -0.0345675 -0.0350205 -0.02316141 -0.04078633 -0.04111468 -0.03301561 -0.028912231 -0.042797815
0.4385 -0.03500829 -0.03544063 -0.02383462 -0.0411258 -0.041505635 -0.033471055 -0.029539492 -0.043170255
0.439 -0.03544253 -0.0358548 -0.02449649 -0.04146012 -0.041889675 -0.033922378 -0.030155493 -0.043536436
0.4395 -0.03587033 -0.0362631 -0.0251472 -0.04178939 -0.042266916 -0.034369536 -0.030760463 -0.043896418
0.44 -0.03629177 -0.03666561 -0.02578697 -0.04211369 -0.04263753 -0.034812517 -0.031354584 -0.04425036
0.4405 -0.03670695 -0.03706241 -0.02641597 -0.0424331 -0.04300155 -0.035251264 -0.031938083 -0.0445983
0.441 -0.03711596 -0.03745358 -0.0270344 -0.04274772 -0.04335912 -0.035685793 -0.03251118 -0.044940375
0.4415 -0.0375189 -0.03783921 -0.02764243 -0.04305762 -0.043710355 -0.036116056 -0.033074066 -0.045276646
0.442 -0.03791586 -0.03821936 -0.02824025 -0.04336288 -0.04405535 -0.036542013 -0.03362693 -0.045607217
0.4425 -0.03830692 -0.03859412 -0.02882803 -0.04366358 -0.044394244 -0.036963698 -0.034169957 -0.045932174
0.443 -0.03869217 -0.03896355 -0.02940596 -0.0439598 -0.044727083 -0.037381053 -0.03470332 -0.046251614
0.4435 -0.0390717 -0.03932775 -0.02997419 -0.04425161 -0.045054 -0.03779407 -0.035227254 -0.046565603
0.444 -0.03944559 -0.03968677 -0.0305329 -0.04453909 -0.0453751 -0.038202766 -0.0357419 -0.04687424
0.4445 -0.03981393 -0.0400407 -0.03108226 -0.0448223 -0.045690496 -0.038607083 -0.036247425 -0.047177624
0.445 -0.0401768 -0.0403896 -0.03162242 -0.04510132 -0.046000253 -0.039007086 -0.036744013 -0.047475833
0.4455 -0.04053429 -0.04073354 -0.03215354 -0.04537623 -0.04630451 -0.039402686 -0.03723181 -0.047768917
0.446 -0.04088647 -0.04107261 -0.03267579 -0.04564707 -0.046603307 -0.039793923 -0.03771104 -0.048057
0.4465 -0.04123342 -0.04140685 -0.03318931 -0.04591393 -0.04689679 -0.040180773 -0.03818176 -0.048340157
0.447 -0.04157523 -0.04173635 -0.03369426 -0.04617687 -0.047184996 -0.040563297 -0.038644254 -0.048618425
0.4475 -0.04191196 -0.04206117 -0.03419079 -0.04643595 -0.047468044 -0.040941417 -0.039098583 -0.048891913
0.448 -0.0422437 -0.04238138 -0.03467904 -0.04669123 -0.04774604 -0.041315198 -0.0395449 -0.04916071
0.4485 -0.04257052 -0.04269704 -0.03515915 -0.04694278 -0.048019074 -0.04168461 -0.03998337 -0.04942488
0.449 -0.0428925 -0.04300821 -0.03563127 -0.04719066 -0.048287205 -0.042049658 -0.040414155 -0.049684484
0.4495 -0.0432097 -0.04331497 -0.03609553 -0.04743493 -0.04855054 -0.04241039 -0.040837362 -0.049939625
0.45 -0.04352221 -0.04361736 -0.03655208 -0.04767564 -0.04880914 -0.04276678 -0.04125315 -0.05019035
0.4505 -0.04383008 -0.04391547 -0.03700103 -0.04791285 -0.04906311 -0.043118842 -0.04166163 -0.050436746
0.451 -0.04413339 -0.04420934 -0.03744254 -0.04814662 -0.04931252 -0.043466598 -0.042062975 -0.050678875
0.4515 -0.04443221 -0.04449904 -0.03787671 -0.048377 -0.04955746 -0.043810092 -0.04245726 -0.05091681
0.452 -0.04472661 -0.04478462 -0.03830369 -0.04860405 -0.049797975 -0.044149294 -0.042844646 -0.051150616
0.4525 -0.04501665 -0.04506615 -0.0387236 -0.04882782 -0.050034203 -0.044484247 -0.04322523 -0.05138038
0.453 -0.0453024 -0.04534368 -0.03913655 -0.04904836 -0.050266135 -0.04481495 -0.043599196 -0.051606122
0.4535 -0.04558393 -0.04561728 -0.03954267 -0.04926572 -0.050493956 -0.04514143 -0.04396657 -0.051827982
0.454 -0.04586129 -0.04588699 -0.03994207 -0.04947996 -0.05071764 -0.04546372 -0.044327557 -0.05204596
0.4545 -0.04613455 -0.04615287 -0.04033488 -0.04969112 -0.050937332 -0.045781836 -0.04468219 -0.052260153
0.455 -0.04640378 -0.04641497 -0.0407212 -0.04989925 -0.051153008 -0.046095803 -0.045030642 -0.0524706
0.4555 -0.04666902 -0.04667336 -0.04110115 -0.05010439 -0.051364847 -0.046405636 -0.045373 -0.052677378
0.456 -0.04693036 -0.04692809 -0.04147483 -0.05030661 -0.05157287 -0.046711378 -0.04570937 -0.05288056
0.4565 -0.04718783 -0.04717919 -0.04184236 -0.05050593 -0.05177714 -0.047013037 -0.046039857 -0.05308019
0.457 -0.04744151 -0.04742674 -0.04220384 -0.05070241 -0.051977724 -0.047310635 -0.046364576 -0.053276338
0.4575 -0.04769145 -0.04767078 -0.04255938 -0.05089608 -0.052174706 -0.047604218 -0.046683595 -0.053469043
0.458 -0.0479377 -0.04791135 -0.04290907 -0.051087 -0.05236814 -0.047893815 -0.046997048 -0.053658392
0.4585 -0.04818032 -0.04814852 -0.04325302 -0.05127521 -0.052558064 -0.04817944 -0.04730504 -0.053844415
0.459 -0.04841937 -0.04838232 -0.04359133 -0.05146074 -0.052744552 -0.04846113 -0.047607616 -0.054027185
0.4595 -0.0486549 -0.04861281 -0.04392409 -0.05164365 -0.05292773 -0.048738927 -0.047904916 -0.054206744
0.46 -0.04888697 -0.04884003 -0.0442514 -0.05182396 -0.053107556 -0.04901284 -0.04819703 -0.05438315
0.4605 -0.04911562 -0.04906404 -0.04457335 -0.05200171 -0.053284146 -0.049282916 -0.048484035 -0.05455647
0.461 -0.0493409 -0.04928487 -0.04489004 -0.05217696 -0.05345757 -0.04954919 -0.048765995 -0.054726742
0.4615 -0.04956288 -0.04950257 -0.04520155 -0.05234973 -0.05362784 -0.049811695 -0.049043052 -0.05489402
0.462 -0.04978159 -0.04971719 -0.04550797 -0.05252007 -0.05379504 -0.05007046 -0.04931525 -0.055058353
0.4625 -0.0499971 -0.04992877 -0.04580939 -0.052688 -0.053959236 -0.05032552 -0.04958269 -0.05521981
0.463 -0.05020944 -0.05013736 -0.0461059 -0.05285358 -0.054120447 -0.050576895 -0.049845465 -0.05537841
0.4635 -0.05041866 -0.050343 -0.04639758 -0.05301682 -0.05427877 -0.05082463 -0.050103605 -0.055534225
0.464 -0.05062482 -0.05054572 -0.04668451 -0.05317777 -0.05443421 -0.05106877 -0.05035726 -0.055687297
0.4645 -0.05082795 -0.05074558 -0.04696677 -0.05333647 -0.054586858 -0.05130934 -0.050606452 -0.05583768
0.465 -0.05102811 -0.05094262 -0.04724445 -0.05349294 -0.054736745 -0.05154638 -0.050851293 -0.05598539
0.4655 -0.05122533 -0.05113686 -0.04751762 -0.05364722 -0.05488392 -0.051779915 -0.051091835 -0.056130502
0.466 -0.05141967 -0.05132837 -0.04778635 -0.05379935 -0.05502844 -0.052010015 -0.05132816 -0.056273047
0.4665 -0.05161117 -0.05151716 -0.04805073 -0.05394935 -0.05517035 -0.05223668 -0.05156035 -0.05641309
0.467 -0.05179987 -0.05170329 -0.04831083 -0.05409725 -0.0553097 -0.05245996 -0.05178847 -0.05655065
0.4675 -0.05198581 -0.05188679 -0.04856672 -0.0542431 -0.055446535 -0.052679885 -0.0520126 -0.056685776
0.468 -0.05216903 -0.0520677 -0.04881847 -0.05438691 -0.055580884 -0.052896496 -0.05223278 -0.056818537
0.4685 -0.05234958 -0.05224605 -0.04906615 -0.05452872 -0.055712804 -0.053109825 -0.052449115 -0.05694893
0.469 -0.05252749 -0.05242189 -0.04930984 -0.05466856 -0.055842355 -0.05331993 -0.052661635 -0.05707702
0.4695 -0.05270281 -0.05259525 -0.04954959 -0.05480646 -0.05596954 -0.05352682 -0.052870445 -0.05720285
0.47 -0.05287557 -0.05276616 -0.04978548 -0.05494244 -0.056094453 -0.05373055 -0.053075552 -0.057326455
0.4705 -0.05304581 -0.05293466 -0.05001757 -0.05507654 -0.056217104 -0.053931154 -0.053277098 -0.057447862
0.471 -0.05321358 -0.05310079 -0.05024593 -0.05520878 -0.056337543 -0.05412866 -0.053475067 -0.057567123
0.4715 -0.0533789 -0.05326457 -0.05047062 -0.05533919 -0.05645579 -0.05432312 -0.053669564 -0.057684273
0.472 -0.05354182 -0.05342605 -0.0506917 -0.0554678 -0.0565719 -0.054514542 -0.05386065 -0.057799324
0.4725 -0.05370237 -0.05358525 -0.05090923 -0.05559463 -0.05668591 -0.054702997 -0.054048374 -0.057912346
0.473 -0.05386059 -0.05374221 -0.05112327 -0.05571971 -0.056797866 -0.05488851 -0.0542328 -0.058023363
0.4735 -0.0540165 -0.05389696 -0.05133389 -0.05584306 -0.056907788 -0.05507111 -0.054413967 -0.058132418
0.474 -0.05417016 -0.05404953 -0.05154113 -0.05596472 -0.057015732 -0.055250846 -0.05459196 -0.05823954
0.4745 -0.05432159 -0.05419996 -0.05174506 -0.0560847 -0.05712174 -0.05542775 -0.05476679 -0.058344755
0.475 -0.05447082 -0.05434827 -0.05194573 -0.05620303 -0.0572258 -0.05560184 -0.05493857 -0.05844809
0.4755 -0.05461788 -0.05449449 -0.0521432 -0.05631973 -0.057328 -0.055773176 -0.05510731 -0.058549598
0.476 -0.05476282 -0.05463866 -0.05233751 -0.05643483 -0.05742834 -0.055941798 -0.055273056 -0.058649294
0.4765 -0.05490566 -0.0547808 -0.05252873 -0.05654835 -0.05752687 -0.05610772 -0.055435896 -0.058747225
0.477 -0.05504643 -0.05492095 -0.05271691 -0.05666031 -0.057623617 -0.05627098 -0.05559586 -0.058843415
0.4775 -0.05518517 -0.05505913 -0.05290209 -0.05677074 -0.057718635 -0.056431636 -0.055752985 -0.058937892
0.478 -0.0553219 -0.05519537 -0.05308433 -0.05687966 -0.057811916 -0.056589697 -0.05590737 -0.059030693
0.4785 -0.05545666 -0.05532969 -0.05326367 -0.05698708 -0.05790352 -0.056745224 -0.056058988 -0.05912184
0.479 -0.05558947 -0.05546214 -0.05344017 -0.05709304 -0.057993457 -0.05689822 -0.05620794 -0.05921136
0.4795 -0.05572036 -0.05559272 -0.05361387 -0.05719755 -0.058081772 -0.057048753 -0.056354262 -0.059299286
0.48 -0.05584937 -0.05572147 -0.05378482 -0.05730064 -0.058168463 -0.057196837 -0.056498006 -0.05938564
0.4805 -0.05597652 -0.05584842 -0.05395306 -0.05740231 -0.058253616 -0.057342507 -0.056639187 -0.059470482
0.481 -0.05610184 -0.05597359 -0.05411864 -0.0575026 -0.05833723 -0.057485808 -0.056777902 -0.059553776
0.4815 -0.05622535 -0.05609701 -0.05428161 -0.05760153 -0.058419332 -0.057626758 -0.05691412 -0.059635606
0.482 -0.05634708 -0.0562187 -0.054442 -0.05769911 -0.05849995 -0.057765394 -0.057047933 -0.059715975
0.4825 -0.05646707 -0.05633868 -0.05459987 -0.05779536 -0.05857911 -0.057901762 -0.0571794 -0.059794907
0.483 -0.05658533 -0.05645699 -0.05475525 -0.0578903 -0.058656827 -0.05803588 -0.057308517 -0.059872452
0.4835 -0.05670189 -0.05657364 -0.05490818 -0.05798395 -0.05873315 -0.058167793 -0.05743535 -0.05994859
0.484 -0.05681678 -0.05668866 -0.0550587 -0.05807633 -0.05880809 -0.058297522 -0.057559922 -0.060023382
0.4845 -0.05693002 -0.05680207 -0.05520686 -0.05816746 -0.058881667 -0.0584251 -0.057682298 -0.060096823
0.485 -0.05704164 -0.05691389 -0.05535269 -0.05825735 -0.05895392 -0.05855057 -0.057802506 -0.060168967
0.4855 -0.05715166 -0.05702416 -0.05549624 -0.05834602 -0.059024878 -0.05867394 -0.05792056 -0.060239814
0.486 -0.0572601 -0.05713288 -0.05563753 -0.05843349 -0.059094533 -0.05879526 -0.058036536 -0.060309403
0.4865 -0.05736699 -0.05724009 -0.05577662 -0.05851978 -0.05916295 -0.058914572 -0.05815044 -0.060377754
0.487 -0.05747235 -0.0573458 -0.05591352 -0.0586049 -0.059230108 -0.05903187 -0.058262326 -0.06044487
0.4875 -0.0575762 -0.05745004 -0.05604829 -0.05868887 -0.059296057 -0.059147213 -0.058372222 -0.060510784
0.488 -0.05767857 -0.05755282 -0.05618095 -0.05877171 -0.059360832 -0.059260618 -0.058480136 -0.060575537
0.4885 -0.05777948 -0.05765417 -0.05631154 -0.05885343 -0.0594244 -0.05937212 -0.058586165 -0.060639117
0.489 -0.05787895 -0.0577541 -0.05644009 -0.05893405 -0.059486866 -0.059481747 -0.058690295 -0.06070157
0.4895 -0.057977 -0.05785265 -0.05656665 -0.05901358 -0.059548154 -0.059589524 -0.05879259 -0.060762905
0.49 -0.05807365 -0.05794982 -0.05669123 -0.05909203 -0.059608355 -0.059695482 -0.058893017 -0.06082314
0.4905 -0.05816893 -0.05804564 -0.05681387 -0.05916943 -0.059667468 -0.059799653 -0.058991686 -0.060882293
0.491 -0.05826284 -0.05814012 -0.05693461 -0.05924579 -0.05972551 -0.05990205 -0.059088588 -0.060940385
0.4915 -0.05835542 -0.05823329 -0.05705347 -0.05932113 -0.05978249 -0.0600027 -0.059183776 -0.060997445
0.492 -0.05844669 -0.05832517 -0.05717049 -0.05939545 -0.05983845 -0.060101673 -0.059277266 -0.061053485
0.4925 -0.05853665 -0.05841577 -0.0572857 -0.05946877 -0.059893414 -0.060198955 -0.059369065 -0.06110852
0.493 -0.05862534 -0.05850511 -0.05739912 -0.0595411 -0.05994735 -0.060294572 -0.05945926 -0.061162554
0.4935 -0.05871277 -0.0585932 -0.05751079 -0.05961247 -0.060000338 -0.060388558 -0.05954781 -0.06121564
0.494 -0.05879896 -0.05868008 -0.05762073 -0.05968288 -0.060052365 -0.060480937 -0.059634797 -0.06126777
0.4945 -0.05888393 -0.05876575 -0.05772898 -0.05975234 -0.060103428 -0.06057173 -0.05972024 -0.06131895
0.495 -0.05896769 -0.05885022 -0.05783555 -0.05982087 -0.060153592 -0.060660988 -0.05980414 -0.06136922
0.4955 -0.05905026 -0.05893353 -0.05794048 -0.05988849 -0.06020283 -0.060748715 -0.059886552 -0.0614186
0.496 -0.05913167 -0.05901568 -0.0580438 -0.0599552 -0.060251188 -0.060834922 -0.05996751 -0.061467096
0.4965 -0.05921193 -0.0590967 -0.05814552 -0.06002102 -0.060298666 -0.06091965 -0.060046986 -0.06151471
0.497 -0.05929104 -0.05917659 -0.05824568 -0.06008596 -0.060345296 -0.061002936 -0.060125045 -0.061561484
0.4975 -0.05936905 -0.05925537 -0.05834431 -0.06015003 -0.060391087 -0.061084773 -0.060201712 -0.061607413
0.498 -0.05944594 -0.05933306 -0.05844141 -0.06021324 -0.060436014 -0.0611652 -0.060277008 -0.0616525
0.4985 -0.05952176 -0.05940968 -0.05853703 -0.06027561 -0.06048016 -0.06124425 -0.060350962 -0.061696794
0.499 -0.0595965 -0.05948524 -0.05863119 -0.06033715 -0.060523488 -0.06132192 -0.060423568 -0.061740294
0.4995 -0.05967019 -0.05955975 -0.0587239 -0.06039787 -0.060566057 -0.06139826 -0.0604949 -0.061782993
0.5 -0.05974284 -0.05963323 -0.05881519 -0.06045777 -0.06060784 -0.061473273 -0.060564943 -0.061824955
