0.0 -0.065 -0.065 -0.065 -0.065 -0.055695724 -0.053643104 -0.035976768 -0.016919138
0.0005 -0.065 -0.065 -0.065 -0.065 -0.062541686 -0.07882233 -0.057444006 -0.03354852
0.001 -0.065 -0.065 -0.065 -0.065 -0.06713128 -0.093911774 -0.070788756 -0.04261268
0.0015 -0.065 -0.065 -0.065 -0.065 -0.07018999 -0.1032793 -0.07994342 -0.048176654
0.002 -0.065 -0.065 -0.065 -0.065 -0.07220899 -0.10912727 -0.08663742 -0.051894456
0.0025 -0.065 -0.065 -0.065 -0.065 -0.073512554 -0.11269215 -0.09173536 -0.05454962
0.003 -0.065 -0.065 -0.065 -0.065 -0.07431671 -0.114721544 -0.09571634 -0.056552097
0.0035 -0.065 -0.065 -0.065 -0.065 -0.07476805 -0.115692444 -0.098869786 -0.05813136
0.004 -0.065 -0.065 -0.065 -0.065 -0.07496782 -0.1159217 -0.10138367 -0.059422374
0.0045 -0.065 -0.065 -0.065 -0.065 -0.07498734 -0.11562647 -0.103387475 -0.06050758
0.005 -0.065 -0.065 -0.065 -0.065 -0.07487759 -0.11495918 -0.104975104 -0.061439216
0.0055 -0.065 -0.065 -0.065 -0.065 -0.074675545 -0.11402897 -0.10621728 -0.062251292
0.006 -0.065 -0.065 -0.065 -0.065 -0.07440838 -0.11291506 -0.10716894 -0.06296679
0.0065 -0.065 -0.065 -0.065 -0.065 -0.0740961 -0.11167573 -0.107874095 -0.06360177
0.007 -0.065 -0.065 -0.065 -0.065 -0.073753744 -0.11035424 -0.10836834 -0.064167865
0.0075 -0.065 -0.065 -0.065 -0.065 -0.07339254 -0.10898284 -0.10868129 -0.06467389
0.008 -0.065 -0.065 -0.065 -0.065 -0.07302089 -0.10758568 -0.10883784 -0.065126635
0.0085 -0.065 -0.065 -0.065 -0.065 -0.07264519 -0.10618095 -0.10885899 -0.06553163
0.009 -0.065 -0.065 -0.065 -0.065 -0.07227017 -0.10478226 -0.1087627 -0.06589351
0.0095 -0.065 -0.065 -0.065 -0.065 -0.071899384 -0.10339978 -0.10856444 -0.06621617
0.01 -0.065 -0.065 -0.065 -0.065 -0.07153545 -0.10204098 -0.10827772 -0.066503055
0.0105 -0.065 -0.065 -0.065 -0.065 -0.07118029 -0.10071144 -0.10791421 -0.06675727
0.011 -0.065 -0.065 -0.065 -0.065 -0.07083521 -0.099415 -0.10748413 -0.06698154
0.0115 -0.065 -0.065 -0.065 -0.065 -0.07050114 -0.09815445 -0.10699649 -0.06717838
0.012 -0.065 -0.065 -0.065 -0.065 -0.070178695 -0.0969315 -0.106459185 -0.06735005
0.0125 -0.065 -0.065 -0.065 -0.065 -0.06986816 -0.09574723 -0.10587925 -0.06749872
0.013 -0.065 -0.065 -0.065 -0.065 -0.06956963 -0.09460212 -0.10526276 -0.06762613
0.0135 -0.065 -0.065 -0.065 -0.065 -0.06928313 -0.09349621 -0.104615256 -0.06773416
0.014 -0.065 -0.065 -0.065 -0.065 -0.069008455 -0.0924292 -0.103941634 -0.067824446
0.0145 -0.065 -0.065 -0.065 -0.065 -0.06874539 -0.09140054 -0.10324617 -0.06789852
0.015 -0.065 -0.065 -0.065 -0.065 -0.068493634 -0.09040953 -0.10253273 -0.0679576
0.0155 -0.065 -0.065 -0.065 -0.065 -0.06825281 -0.08945523 -0.10180481 -0.06800317
0.016 -0.065 -0.065 -0.065 -0.065 -0.06802254 -0.088536695 -0.10106535 -0.068036295
0.0165 -0.065 -0.065 -0.065 -0.065 -0.06780237 -0.08765283 -0.10031718 -0.068058066
0.017 -0.065 -0.065 -0.065 -0.065 -0.067591935 -0.08680258 -0.09956272 -0.068069525
0.0175 -0.065 -0.065 -0.065 -0.065 -0.0673908 -0.08598474 -0.09880409 -0.0680716
0.018 -0.065 -0.065 -0.065 -0.065 -0.06719846 -0.08519818 -0.09804329 -0.06806517
0.0185 -0.065 -0.065 -0.065 -0.065 -0.06701457 -0.08444179 -0.09728201 -0.068050966
0.019 -0.065 -0.065 -0.065 -0.065 -0.06683867 -0.08371436 -0.096521825 -0.06802971
0.0195 -0.065 -0.065 -0.065 -0.065 -0.06667035 -0.08301484 -0.0957641 -0.06800208
0.02 -0.065 -0.065 -0.065 -0.065 -0.06650926 -0.082342066 -0.09501003 -0.067968756
0.0205 -0.065 -0.065 -0.065 -0.065 -0.06635498 -0.08169501 -0.09426071 -0.06793027
0.021 -0.065 -0.065 -0.065 -0.065 -0.066207156 -0.08107261 -0.09351708 -0.06788706
0.0215 -0.065 -0.065 -0.065 -0.065 -0.06606545 -0.080473885 -0.09278005 -0.06783966
0.022 -0.065 -0.065 -0.065 -0.065 -0.065929465 -0.07989776 -0.09205033 -0.067788556
0.0225 -0.065 -0.065 -0.065 -0.065 -0.065798916 -0.079343416 -0.09132856 -0.06773407
0.023 -0.065 -0.065 -0.065 -0.065 -0.06567355 -0.078809865 -0.09061539 -0.06767662
0.0235 -0.065 -0.065 -0.065 -0.065 -0.065553 -0.0782962 -0.08991124 -0.067616545
0.024 -0.065 -0.065 -0.065 -0.065 -0.06543706 -0.07780169 -0.08921656 -0.06755414
0.0245 -0.065 -0.065 -0.065 -0.065 -0.06532541 -0.07732542 -0.08853176 -0.06748972
0.025 -0.065 -0.065 -0.065 -0.065 -0.065217845 -0.07686666 -0.08785717 -0.06742354
0.0255 -0.065 -0.065 -0.065 -0.065 -0.06511411 -0.07642466 -0.087193 -0.067355834
0.026 -0.065 -0.065 -0.065 -0.065 -0.065014005 -0.075998716 -0.08653954 -0.06728678
0.0265 -0.065 -0.065 -0.065 -0.065 -0.06491731 -0.07558817 -0.085896924 -0.06721674
0.027 -0.065 -0.065 -0.065 -0.065 -0.06482385 -0.07519232 -0.08526534 -0.06714576
0.0275 -0.065 -0.065 -0.065 -0.065 -0.06473348 -0.07481057 -0.084644884 -0.06707402
0.028 -0.065 -0.065 -0.065 -0.065 -0.064645976 -0.07444239 -0.084035635 -0.06700173
0.0285 -0.065 -0.065 -0.065 -0.065 -0.06456121 -0.07408708 -0.08343761 -0.066929035
0.029 -0.065 -0.065 -0.065 -0.065 -0.064479 -0.07374423 -0.08285096 -0.06685605
0.0295 -0.065 -0.065 -0.065 -0.065 -0.06439924 -0.07341324 -0.082275555 -0.06678291
0.03 -0.065 -0.065 -0.065 -0.065 -0.0643218 -0.07309361 -0.081711456 -0.06670967
0.0305 -0.065 -0.065 -0.065 -0.065 -0.06424656 -0.07278492 -0.08115861 -0.06663655
0.031 -0.065 -0.065 -0.065 -0.065 -0.06417341 -0.072486654 -0.080616996 -0.066563465
0.0315 -0.065 -0.065 -0.065 -0.065 -0.06410218 -0.072198465 -0.08008647 -0.06649064
0.032 -0.065 -0.065 -0.065 -0.065 -0.06403286 -0.07191993 -0.079567075 -0.06641812
0.0325 -0.065 -0.065 -0.065 -0.065 -0.06396532 -0.07165057 -0.07905866 -0.06634597
0.033 -0.065 -0.065 -0.065 -0.065 -0.06389946 -0.071390055 -0.0785611 -0.06627428
0.0335 -0.065 -0.065 -0.065 -0.065 -0.0638352 -0.071138024 -0.078074306 -0.06620303
0.034 -0.065 -0.065 -0.065 -0.065 -0.063772485 -0.07089418 -0.077598155 -0.066132315
0.0345 -0.065 -0.065 -0.065 -0.065 -0.06371126 -0.07065816 -0.07713258 -0.06606225
0.035 -0.065 -0.065 -0.065 -0.065 -0.06365143 -0.07042964 -0.07667738 -0.06599278
0.0355 -0.065 -0.065 -0.065 -0.065 -0.06359294 -0.07020837 -0.07623242 -0.06592392
0.036 -0.065 -0.065 -0.065 -0.065 -0.063535735 -0.06999403 -0.07579759 -0.06585579
0.0365 -0.065 -0.065 -0.065 -0.065 -0.06347977 -0.06978633 -0.075372726 -0.065788455
0.037 -0.065 -0.065 -0.065 -0.065 -0.06342499 -0.06958509 -0.0749577 -0.06572189
0.0375 -0.065 -0.065 -0.065 -0.065 -0.06337135 -0.069389984 -0.0745523 -0.065656155
0.038 -0.065 -0.065 -0.065 -0.065 -0.063318804 -0.06920081 -0.0741564 -0.06559118
0.0385 -0.065 -0.065 -0.065 -0.065 -0.06326736 -0.06901734 -0.07376985 -0.06552703
0.039 -0.065 -0.065 -0.065 -0.065 -0.06321688 -0.06883938 -0.07339248 -0.065463744
0.0395 -0.065 -0.065 -0.065 -0.065 -0.063167445 -0.068666674 -0.073024094 -0.065401316
0.04 -0.065 -0.065 -0.065 -0.065 -0.06311895 -0.06849907 -0.0726646 -0.06533972
0.0405 -0.065 -0.065 -0.065 -0.065 -0.063071355 -0.06833638 -0.07231377 -0.06527902
0.041 -0.065 -0.065 -0.065 -0.065 -0.06302468 -0.068178385 -0.071971476 -0.065219216
0.0415 -0.065 -0.065 -0.065 -0.065 -0.06297885 -0.0680249 -0.07163751 -0.06516032
0.042 -0.065 -0.065 -0.065 -0.065 -0.06293389 -0.06787581 -0.0713118 -0.0651023
0.0425 -0.065 -0.065 -0.065 -0.065 -0.062889725 -0.06773093 -0.07099408 -0.06504517
0.043 -0.065 -0.065 -0.065 -0.065 -0.06284638 -0.06759016 -0.070684224 -0.06498895
0.0435 -0.065 -0.065 -0.065 -0.065 -0.0628038 -0.06745329 -0.0703821 -0.064933695
0.044 -0.065 -0.065 -0.065 -0.065 -0.062762 -0.06732021 -0.07008748 -0.06487929
0.0445 -0.065 -0.065 -0.065 -0.065 -0.062720954 -0.06719076 -0.06980021 -0.064825796
0.045 -0.065 -0.065 -0.065 -0.065 -0.062680595 -0.06706488 -0.069520205 -0.064773224
0.0455 -0.065 -0.065 -0.065 -0.065 -0.062640935 -0.06694236 -0.069247276 -0.06472144
0.046 -0.065 -0.065 -0.065 -0.065 -0.06260197 -0.06682318 -0.068981275 -0.06467061
0.0465 -0.065 -0.065 -0.065 -0.065 -0.06256369 -0.066707164 -0.068722025 -0.0646207
0.047 -0.065 -0.065 -0.065 -0.065 -0.062526084 -0.06659419 -0.06846936 -0.064571664
0.0475 -0.065 -0.065 -0.065 -0.065 -0.06248914 -0.066484205 -0.06822313 -0.06452344
0.048 -0.065 -0.065 -0.065 -0.065 -0.062452808 -0.066377096 -0.06798324 -0.06447618
0.0485 -0.065 -0.065 -0.065 -0.065 -0.06241712 -0.06627273 -0.0677495 -0.06442972
0.049 -0.065 -0.065 -0.065 -0.065 -0.062382035 -0.06617107 -0.06752178 -0.06438413
0.0495 -0.065 -0.065 -0.065 -0.065 -0.062347554 -0.06607198 -0.06729996 -0.064339355
0.05 -0.065 -0.065 -0.065 -0.065 -0.062313654 -0.06597544 -0.06708385 -0.06429544
0.0505 -0.065 -0.065 -0.065 -0.065 -0.062280353 -0.065881364 -0.0668734 -0.06425233
0.051 -0.065 -0.065 -0.065 -0.065 -0.06224759 -0.0657896 -0.06666839 -0.06420999
0.0515 -0.065 -0.065 -0.065 -0.065 -0.062215418 -0.06570014 -0.066468686 -0.064168476
0.052 -0.065 -0.065 -0.065 -0.065 -0.06218379 -0.065612875 -0.066274226 -0.064127766
0.0525 -0.065 -0.065 -0.065 -0.065 -0.06215269 -0.065527774 -0.06608485 -0.064087845
0.053 -0.065 -0.065 -0.065 -0.065 -0.062122148 -0.06544479 -0.065900385 -0.06404869
0.0535 -0.065 -0.065 -0.065 -0.065 -0.06209214 -0.0653638 -0.06572078 -0.06401028
0.054 -0.065 -0.065 -0.065 -0.065 -0.06206266 -0.06528479 -0.06554592 -0.063972615
0.0545 -0.065 -0.065 -0.065 -0.065 -0.06203367 -0.06520766 -0.06537564 -0.0639357
0.055 -0.065 -0.065 -0.065 -0.065 -0.062005207 -0.06513238 -0.06520982 -0.06389953
0.0555 -0.065 -0.065 -0.065 -0.065 -0.061977215 -0.065058894 -0.06504838 -0.06386413
0.056 -0.065 -0.065 -0.065 -0.065 -0.061949737 -0.064987175 -0.064891204 -0.06382933
0.0565 -0.065 -0.065 -0.065 -0.065 -0.0619227 -0.064917095 -0.064738154 -0.0637953
0.057 -0.065 -0.065 -0.065 -0.065 -0.06189616 -0.06484862 -0.06458919 -0.063761935
0.0575 -0.065 -0.065 -0.065 -0.065 -0.06187007 -0.06478184 -0.06444414 -0.06372929
0.058 -0.065 -0.065 -0.065 -0.065 -0.06184447 -0.06471653 -0.06430301 -0.06369728
0.0585 -0.065 -0.065 -0.065 -0.065 -0.061819285 -0.06465276 -0.06416553 -0.0636659
0.059 -0.065 -0.065 -0.065 -0.065 -0.061794564 -0.06459046 -0.064031735 -0.06363522
0.0595 -0.065 -0.065 -0.065 -0.065 -0.061770298 -0.06452955 -0.063901484 -0.0636051
0.06 -0.065 -0.065 -0.065 -0.065 -0.06174642 -0.06447005 -0.06377472 -0.063575655
0.0605 -0.065 -0.065 -0.065 -0.065 -0.06172301 -0.06441192 -0.06365132 -0.06354676
0.061 -0.065 -0.065 -0.065 -0.065 -0.0617 -0.064355105 -0.06353116 -0.063518524
0.0615 -0.065 -0.065 -0.065 -0.065 -0.0616774 -0.06429956 -0.06341423 -0.06349084
0.062 -0.065 -0.065 -0.065 -0.065 -0.061655194 -0.06424528 -0.063300416 -0.06346372
0.0625 -0.065 -0.065 -0.065 -0.065 -0.06163343 -0.06419217 -0.063189626 -0.0634372
0.063 -0.065 -0.065 -0.065 -0.065 -0.061612025 -0.06414024 -0.06308177 -0.063411206
0.0635 -0.065 -0.065 -0.065 -0.065 -0.06159106 -0.0640895 -0.06297679 -0.063385755
0.064 -0.065 -0.065 -0.065 -0.065 -0.061570436 -0.06403985 -0.062874585 -0.063360885
0.0645 -0.065 -0.065 -0.065 -0.065 -0.06155021 -0.06399131 -0.06277515 -0.063336544
0.065 -0.065 -0.065 -0.065 -0.065 -0.061530333 -0.063943855 -0.06267832 -0.06331268
0.0655 -0.065 -0.065 -0.065 -0.065 -0.06151086 -0.063897416 -0.06258415 -0.06328936
0.066 -0.065 -0.065 -0.065 -0.065 -0.061491728 -0.06385197 -0.06249242 -0.06326656
0.0665 -0.065 -0.065 -0.065 -0.065 -0.06147297 -0.06380758 -0.06240316 -0.06324421
0.067 -0.065 -0.065 -0.065 -0.065 -0.061454523 -0.06376414 -0.062316258 -0.06322235
0.0675 -0.065 -0.065 -0.065 -0.065 -0.061436445 -0.063721605 -0.062231664 -0.06320092
0.068 -0.065 -0.065 -0.065 -0.065 -0.061418734 -0.06368002 -0.062149372 -0.06318001
0.0685 -0.065 -0.065 -0.065 -0.065 -0.061401315 -0.063639335 -0.06206927 -0.06315951
0.069 -0.065 -0.065 -0.065 -0.065 -0.061384223 -0.063599505 -0.061991263 -0.063139424
0.0695 -0.065 -0.065 -0.065 -0.065 -0.061367467 -0.06356054 -0.061915334 -0.06311983
0.07 -0.065 -0.065 -0.065 -0.065 -0.061351 -0.06352241 -0.061841432 -0.063100636
0.0705 -0.065 -0.065 -0.065 -0.065 -0.061334863 -0.06348509 -0.061769504 -0.063081875
0.071 -0.065 -0.065 -0.065 -0.065 -0.061319076 -0.063448586 -0.06169946 -0.06306352
0.0715 -0.065 -0.065 -0.065 -0.065 -0.06130357 -0.06341284 -0.061631296 -0.06304555
0.072 -0.065 -0.065 -0.065 -0.065 -0.061288357 -0.06337787 -0.06156494 -0.063027926
0.0725 -0.065 -0.065 -0.065 -0.065 -0.061273415 -0.06334361 -0.061500344 -0.06301073
0.073 -0.065 -0.065 -0.065 -0.065 -0.061258785 -0.06331007 -0.061437447 -0.0629939
0.0735 -0.065 -0.065 -0.065 -0.065 -0.061244436 -0.0632773 -0.061376233 -0.0629774
0.074 -0.065 -0.065 -0.065 -0.065 -0.061230347 -0.06324518 -0.061316658 -0.06296129
0.0745 -0.065 -0.065 -0.065 -0.065 -0.06121654 -0.06321373 -0.061258633 -0.06294556
0.075 -0.065 -0.065 -0.065 -0.065 -0.061203 -0.06318296 -0.061202142 -0.062930115
0.0755 -0.065 -0.065 -0.065 -0.065 -0.061189704 -0.06315279 -0.061147142 -0.06291501
0.076 -0.065 -0.065 -0.065 -0.065 -0.061176706 -0.06312333 -0.061093617 -0.062900305
0.0765 -0.065 -0.065 -0.065 -0.065 -0.06116391 -0.06309445 -0.061041515 -0.06288588
0.077 -0.065 -0.065 -0.065 -0.065 -0.061151415 -0.063066185 -0.06099077 -0.062871754
0.0775 -0.065 -0.065 -0.065 -0.065 -0.061139148 -0.063038506 -0.060941327 -0.062857985
0.078 -0.065 -0.065 -0.065 -0.065 -0.061127126 -0.06301143 -0.060893204 -0.062844455
0.0785 -0.065 -0.065 -0.065 -0.065 -0.061115354 -0.06298491 -0.060846362 -0.06283126
0.079 -0.065 -0.065 -0.065 -0.065 -0.06110376 -0.062958926 -0.06080072 -0.06281838
0.0795 -0.065 -0.065 -0.065 -0.065 -0.061092436 -0.062933505 -0.060756315 -0.06280579
0.08 -0.065 -0.065 -0.065 -0.065 -0.06108133 -0.062908605 -0.0607131 -0.06279344
0.0805 -0.065 -0.065 -0.065 -0.065 -0.06107048 -0.06288425 -0.06067099 -0.06278139
0.081 -0.065 -0.065 -0.065 -0.065 -0.061059803 -0.06286034 -0.060629968 -0.06276958
0.0815 -0.065 -0.065 -0.065 -0.065 -0.061049353 -0.06283699 -0.060590062 -0.062758006
0.082 -0.065 -0.065 -0.065 -0.065 -0.061039105 -0.06281408 -0.06055114 -0.06274672
0.0825 -0.065 -0.065 -0.065 -0.065 -0.06102909 -0.0627917 -0.06051329 -0.06273571
0.083 -0.065 -0.065 -0.065 -0.065 -0.061019257 -0.06276976 -0.06047641 -0.06272494
0.0835 -0.065 -0.065 -0.065 -0.065 -0.06100963 -0.06274826 -0.060440484 -0.06271439
0.084 -0.065 -0.065 -0.065 -0.065 -0.06100019 -0.06272724 -0.06040552 -0.06270406
0.0845 -0.065 -0.065 -0.065 -0.065 -0.060990956 -0.06270665 -0.06037144 -0.06269402
0.085 -0.065 -0.065 -0.065 -0.065 -0.060981907 -0.06268647 -0.060338262 -0.06268413
0.0855 -0.065 -0.065 -0.065 -0.065 -0.06097305 -0.06266673 -0.060305927 -0.0626745
0.086 -0.065 -0.065 -0.065 -0.065 -0.06096435 -0.06264737 -0.06027444 -0.062665045
0.0865 -0.065 -0.065 -0.065 -0.065 -0.060955837 -0.06262845 -0.06024381 -0.06265586
0.087 -0.065 -0.065 -0.065 -0.065 -0.060947493 -0.06260991 -0.06021392 -0.06264682
0.0875 -0.065 -0.065 -0.065 -0.065 -0.06093932 -0.06259174 -0.060184825 -0.06263795
0.088 -0.065 -0.065 -0.065 -0.065 -0.060931284 -0.06257398 -0.060156498 -0.06262934
0.0885 -0.065 -0.065 -0.065 -0.065 -0.06092345 -0.06255654 -0.06012887 -0.06262089
0.089 -0.065 -0.065 -0.065 -0.065 -0.060915805 -0.062539496 -0.060101967 -0.062612675
0.0895 -0.065 -0.065 -0.065 -0.065 -0.060908273 -0.062522806 -0.060075734 -0.06260459
0.09 -0.065 -0.065 -0.065 -0.065 -0.06090092 -0.06250644 -0.060050223 -0.06259672
0.0905 -0.065 -0.065 -0.065 -0.065 -0.060893677 -0.062490433 -0.060025353 -0.06258901
0.091 -0.065 -0.065 -0.065 -0.065 -0.06088663 -0.0624748 -0.06000108 -0.06258151
0.0915 -0.065 -0.065 -0.065 -0.065 -0.060879692 -0.06245942 -0.059977446 -0.062574156
0.092 -0.065 -0.065 -0.065 -0.065 -0.06087292 -0.062444415 -0.059954453 -0.062567
0.0925 -0.065 -0.065 -0.065 -0.065 -0.060866296 -0.06242971 -0.059932034 -0.06255997
0.093 -0.065 -0.065 -0.065 -0.065 -0.06085981 -0.062415328 -0.05991016 -0.06255308
0.0935 -0.065 -0.065 -0.065 -0.065 -0.060853455 -0.06240124 -0.05988886 -0.06254634
0.094 -0.065 -0.065 -0.065 -0.065 -0.06084723 -0.062387425 -0.059868146 -0.06253975
0.0945 -0.065 -0.065 -0.065 -0.065 -0.06084114 -0.062373914 -0.05984791 -0.06253332
0.095 -0.065 -0.065 -0.065 -0.065 -0.06083514 -0.062360685 -0.05982821 -0.06252708
0.0955 -0.065 -0.065 -0.065 -0.065 -0.060829267 -0.062347714 -0.059808996 -0.06252083
0.096 -0.065 -0.065 -0.065 -0.065 -0.060823545 -0.06233501 -0.059790302 -0.06251485
0.0965 -0.065 -0.065 -0.065 -0.065 -0.060817935 -0.062322583 -0.05977205 -0.062508985
0.097 -0.065 -0.065 -0.065 -0.065 -0.06081245 -0.06231041 -0.059754256 -0.062503256
0.0975 -0.065 -0.065 -0.065 -0.065 -0.060807068 -0.06229852 -0.059736926 -0.062497646
0.098 -0.065 -0.065 -0.065 -0.065 -0.060801808 -0.062286843 -0.059720013 -0.062492132
0.0985 -0.065 -0.065 -0.065 -0.065 -0.06079664 -0.062275406 -0.059703533 -0.062486753
0.099 -0.065 -0.065 -0.065 -0.065 -0.060791623 -0.062264226 -0.059687484 -0.062481508
0.0995 -0.065 -0.065 -0.065 -0.065 -0.060786687 -0.062253326 -0.05967183 -0.062476404
0.1 -0.065 -0.065 -0.065 -0.065 -0.0514072 -0.0498878 -0.04516947 -0.050947607
0.1005 -0.05395411 -0.05424113 -0.0503403 -0.04905331 -0.04310506 -0.033881318 -0.03285751 -0.039696977
0.101 -0.03890795 -0.03747828 -0.03240716 -0.03278831 -0.035819072 -0.015324782 -0.021485869 -0.02876302
0.1015 -0.02814193 -0.01790903 -0.01727841 -0.02045658 -0.029407829 0.0050124424 -0.010426942 -0.01815963
0.102 -0.02069542 0.003178119 -0.004227219 -0.009795039 -0.02371085 0.026576955 0.0006277822 -0.007885726
0.1025 -0.0150448 0.0250925 0.007807406 0.0001286696 -0.018574737 0.048963223 0.0118180625 0.002067564
0.103 -0.01028089 0.0474125 0.01940331 0.009585489 -0.013863705 0.07186953 0.023193102 0.011712572
0.1035 -0.005937762 0.06993615 0.03085921 0.0186779 -0.00946296 0.09506857 0.034754645 0.021062268
0.104 -0.00178744 0.09256156 0.04231596 0.02745464 -0.0052785203 0.11838756 0.046480637 0.0301292
0.1045 0.002247947 0.1152241 0.05373037 0.03590317 -0.0012354851 0.14169434 0.058338653 0.038924612
0.105 0.006173272 0.1378681 0.06514498 0.04397101 0.0027242303 0.16488752 0.07029317 0.047458507
0.1055 0.01004466 0.1604401 0.07662013 0.05175869 0.006644167 0.1878894 0.082310155 0.055739634
0.106 0.01390944 0.1828917 0.08816177 0.05932093 0.010556221 0.21064045 0.09435849 0.06377575
0.1065 0.01777463 0.2051775 0.09972897 0.06667168 0.01448223 0.23309551 0.106411144 0.0715736
0.107 0.02162822 0.2272565 0.1113051 0.07379875 0.018436186 0.25522083 0.118445024 0.07913953
0.1075 0.02547291 0.2490907 0.1228791 0.08072575 0.022425964 0.2769915 0.1304412 0.08647925
0.108 0.02931324 0.2706478 0.134441 0.08746946 0.026454784 0.29838967 0.14238377 0.093598254
0.1085 0.03314654 0.2919015 0.1459791 0.09403694 0.030522324 0.31940287 0.15425988 0.10050204
0.109 0.03696713 0.3124343 0.1574776 0.1004319 0.034625523 0.34002328 0.16605924 0.1071958
0.1095 0.04076905 0.3318113 0.1689008 0.1066564 0.03875994 0.3602466 0.17777322 0.11368504
0.11 0.04454797 0.3506541 0.1802432 0.112717 0.04291957 0.38007122 0.18939476 0.11997503
0.1105 0.04830111 0.3692651 0.1915119 0.1186187 0.047097906 0.39949757 0.20091812 0.12607114
0.111 0.0520266 0.3877729 0.2027119 0.1243664 0.05128815 0.41852802 0.21233861 0.13197896
0.1115 0.05572328 0.4062089 0.2138441 0.1299648 0.05548361 0.43716595 0.22365187 0.13770396
0.112 0.05939041 0.424555 0.2249059 0.1354189 0.05967737 0.45541608 0.23485477 0.14325169
0.1125 0.06302755 0.4427713 0.2358928 0.1407335 0.06386306 0.47328356 0.24594383 0.14862765
0.113 0.06663443 0.4608112 0.2467994 0.1459072 0.06803458 0.49077433 0.25691667 0.15383738
0.1135 0.07021071 0.4786304 0.2576206 0.1509458 0.072186306 0.5078948 0.2677707 0.15888648
0.114 0.07375616 0.4961907 0.2683517 0.1558612 0.07631299 0.52465165 0.27850407 0.16378026
0.1145 0.07727063 0.5134613 0.2789883 0.1606582 0.08040987 0.5410513 0.28911465 0.16852409
0.115 0.08075414 0.5304188 0.2895263 0.1653407 0.08447261 0.5571011 0.2996008 0.17312326
0.1155 0.08419939 0.5470457 0.2999613 0.1699053 0.08849718 0.5728079 0.30996114 0.17758282
0.116 0.08759454 0.5633286 0.3102875 0.1743514 0.09248018 0.58817875 0.32019445 0.18190773
0.1165 0.090956 0.579261 0.320505 0.1786939 0.096418455 0.6032207 0.33029953 0.18610296
0.117 0.09429381 0.5948416 0.330614 0.1829395 0.10030928 0.6179407 0.34027544 0.19017318
0.1175 0.09760871 0.6100723 0.3406131 0.1870861 0.104150236 0.6323457 0.35012147 0.19412299
0.118 0.1008762 0.6249548 0.3504918 0.1910754 0.10793917 0.6464424 0.35983706 0.1979568
0.1185 0.1040922 0.6394943 0.360248 0.1949488 0.111674294 0.66023767 0.36942163 0.20167889
0.119 0.1072797 0.6536994 0.3698906 0.198749 0.11535406 0.6737381 0.37887514 0.20529343
0.1195 0.1104494 0.6675795 0.3794235 0.2024867 0.11897719 0.6869502 0.3881974 0.2088043
0.12 0.1136016 0.6811439 0.3888463 0.2061625 0.122542515 0.69988036 0.39738822 0.21221533
0.1205 0.1167332 0.6944018 0.3981572 0.2097751 0.12604928 0.7125347 0.40644786 0.2155303
0.121 0.11984 0.7073618 0.4073548 0.2133231 0.12949671 0.72491956 0.41537648 0.21875261
0.1215 0.1229189 0.7200324 0.416438 0.216806 0.1328844 0.7370408 0.42417464 0.22188573
0.122 0.125968 0.7324218 0.4254062 0.2202238 0.13621184 0.74890447 0.43284252 0.22493294
0.1225 0.1289829 0.7445375 0.4342586 0.2235679 0.13947888 0.76051605 0.44138107 0.22789723
0.123 0.1319381 0.7563843 0.442988 0.2267024 0.14268535 0.77188146 0.44979087 0.23078167
0.1235 0.134828 0.76797 0.4515957 0.2295728 0.14583136 0.7830062 0.45807263 0.23358917
0.124 0.137682 0.7793027 0.4600885 0.2324538 0.14891706 0.7938955 0.4662271 0.23632245
0.1245 0.1405222 0.79039 0.4684708 0.2353647 0.1519426 0.80455464 0.47425532 0.23898412
0.125 0.1433522 0.8012392 0.4767436 0.2382883 0.15490833 0.81498885 0.48215836 0.24157676
0.1255 0.1461675 0.8118568 0.4849067 0.2412044 0.15781467 0.8252032 0.4899373 0.2441028
0.126 0.1489617 0.8222489 0.4929595 0.2438531 0.16066195 0.83520246 0.49759313 0.24656458
0.1265 0.1517288 0.832421 0.5009015 0.2464207 0.16345082 0.84499156 0.5051272 0.2489642
0.127 0.1544651 0.8423772 0.5087306 0.2490344 0.16618183 0.85457516 0.51254046 0.25130397
0.1275 0.1571698 0.8521225 0.5164472 0.2516867 0.16885555 0.86395776 0.5198344 0.25358582
0.128 0.1598441 0.8616628 0.5240549 0.2543572 0.17147268 0.8731441 0.5270102 0.25581172
0.1285 0.1624875 0.8710027 0.5315551 0.2567362 0.17403392 0.88213825 0.53406924 0.25798368
0.129 0.1650902 0.8801468 0.5389477 0.2590714 0.17654005 0.8909447 0.541013 0.26010337
0.1295 0.1676391 0.8890772 0.545286 0.2614595 0.17899178 0.8995675 0.54784286 0.26217267
0.13 0.1701525 0.8977716 0.5513828 0.2638907 0.18138994 0.9080109 0.55456007 0.26419315
0.1305 0.1726441 0.906258 0.5578106 0.2663438 0.18373534 0.9162788 0.5611659 0.26616645
0.131 0.1751029 0.9145641 0.5645398 0.2687797 0.18602887 0.92437506 0.56766236 0.26809412
0.1315 0.1775154 0.9227073 0.5714263 0.2711628 0.18827127 0.93230367 0.5740503 0.26997766
0.132 0.1798952 0.9306962 0.5780628 0.273511 0.19046335 0.94006807 0.58033174 0.27181843
0.1325 0.182228 0.9384943 0.5836788 0.2758464 0.19260621 0.9476723 0.5865078 0.27361783
0.133 0.1845372 0.9461022 0.589453 0.27817 0.1947005 0.9551195 0.5925801 0.27537712
0.1335 0.1868213 0.953549 0.5956235 0.2804496 0.19674729 0.9624135 0.59854996 0.2770976
0.134 0.189073 0.9608589 0.6020633 0.2826775 0.19874732 0.96955734 0.6044189 0.2787806
0.1345 0.1913092 0.9680465 0.6086183 0.28488 0.20070158 0.97655475 0.6101886 0.28042722
0.135 0.1935351 0.9751181 0.6151746 0.2870631 0.20261088 0.9834087 0.61586034 0.28203854
0.1355 0.1957532 0.9820747 0.6216606 0.2892243 0.20447607 0.99012244 0.6214357 0.28361562
0.136 0.1979592 0.988915 0.6280361 0.2913597 0.20629828 0.9966991 0.626916 0.28515962
0.1365 0.2001199 0.9956348 0.6342387 0.2934418 0.2080781 1.0031418 0.632303 0.2866715
0.137 0.2022386 1.002228 0.6402856 0.2954728 0.20981644 1.0094532 0.63759804 0.2881521
0.1375 0.2043413 1.008697 0.6462179 0.2974748 0.21151431 1.0156366 0.6428022 0.28960255
0.138 0.2064339 1.015044 0.6520446 0.2994534 0.21317242 1.0216944 0.6479174 0.29102364
0.1385 0.2085139 1.021269 0.6577658 0.3014077 0.21479173 1.0276296 0.6529448 0.2924163
0.139 0.2105765 1.027374 0.663381 0.3033357 0.21637301 1.033445 0.6578859 0.29378134
0.1395 0.2126171 1.03336 0.6688913 0.3052356 0.21791707 1.039143 0.662742 0.29511952
0.14 0.2146321 1.039227 0.6742983 0.3070938 0.2194248 1.0447264 0.66751474 0.2964317
0.1405 0.2166151 1.044972 0.6796014 0.3088878 0.22089694 1.0501976 0.67220527 0.29771855
0.141 0.2185666 1.050601 0.6848058 0.3106462 0.22233434 1.055559 0.67681485 0.29898098
0.1415 0.2204922 1.056119 0.6899178 0.3123833 0.22373773 1.0608133 0.6813451 0.30021945
0.142 0.2223823 1.061527 0.6949393 0.3140784 0.22510792 1.0659623 0.6857971 0.30143481
0.1425 0.2242229 1.066829 0.6998679 0.3157202 0.22644563 1.0710089 0.6901724 0.3026276
0.143 0.2260377 1.072026 0.7047108 0.3173413 0.22775166 1.075955 0.694472 0.30379853
0.1435 0.2278401 1.07712 0.7094743 0.318951 0.22902675 1.080803 0.69869745 0.30494815
0.144 0.2296327 1.082113 0.7141608 0.320549 0.2302715 1.0855548 0.70285 0.30607706
0.1445 0.2314135 1.087008 0.7187715 0.322133 0.23148675 1.0902127 0.70693064 0.30718586
0.145 0.2331707 1.091807 0.7233072 0.3236997 0.23267312 1.0947787 0.71094084 0.3082751
0.1455 0.2346516 1.096511 0.7277683 0.3252469 0.23383145 1.0992547 0.7148816 0.30934533
0.146 0.2360872 1.101122 0.7321548 0.3267733 0.23496218 1.1036427 0.7187544 0.31039697
0.1465 0.2376194 1.105643 0.7364686 0.3282787 0.23606603 1.1079446 0.7225602 0.3114306
0.147 0.2392427 1.110076 0.7407118 0.3297627 0.23714365 1.1121624 0.7263002 0.31244668
0.1475 0.2409199 1.114421 0.7448857 0.3312251 0.23819576 1.1162977 0.72997576 0.31344566
0.148 0.2426172 1.118682 0.7489915 0.332666 0.23922293 1.1203526 0.7335876 0.314428
0.1485 0.244311 1.12286 0.7530301 0.3340851 0.24022569 1.1243285 0.7371372 0.31539416
0.149 0.2459767 1.126954 0.7570005 0.3354629 0.24120472 1.1282274 0.7406254 0.3163446
0.1495 0.2475873 1.130959 0.7608958 0.3367803 0.24216057 1.1320506 0.7440534 0.31727955
0.15 0.2491626 1.134881 0.7647225 0.3380745 0.2381825 1.1099356 0.7372006 0.31524053
0.1505 0.2396828 1.127972 0.7538307 0.323425 0.23461334 1.088361 0.72987497 0.31081417
0.151 0.2261952 1.114993 0.7396055 0.3084513 0.23128705 1.0673019 0.7222493 0.30472153
0.1515 0.2169537 1.099137 0.7280311 0.2973722 0.22810419 1.0467296 0.71442425 0.2974951
0.152 0.2109952 1.081687 0.7184313 0.2879305 0.22500516 1.026615 0.70645696 0.28953058
0.1525 0.2067941 1.063291 0.7097988 0.2792123 0.22195484 1.0069306 0.6983785 0.28112337
0.153 0.2034383 1.044304 0.7015375 0.270932 0.21893267 0.98765 0.6902058 0.27249423
0.1535 0.2004747 1.024948 0.6933634 0.2629963 0.21592702 0.96874934 0.6819471 0.2638077
0.154 0.1976916 1.005376 0.6851584 0.2553663 0.21293168 0.950207 0.6736067 0.25518605
0.1545 0.1949925 0.9857004 0.6768814 0.2480197 0.20994373 0.93200374 0.6651868 0.24671863
0.155 0.1923336 0.9660113 0.6685247 0.2409395 0.20696206 0.91412234 0.6566902 0.23846973
0.1555 0.1896951 0.9463807 0.660094 0.2341116 0.20398685 0.8965479 0.6481198 0.23048428
0.156 0.1870683 0.9268669 0.6516 0.2275228 0.20101853 0.8792672 0.6394798 0.22279163
0.1565 0.1844491 0.9075177 0.6430539 0.2211607 0.19805804 0.86226904 0.6307761 0.21540977
0.157 0.1818134 0.8883695 0.6344293 0.2150015 0.1951063 0.8455436 0.62201583 0.20834708
0.1575 0.1791712 0.8694508 0.6257591 0.2090435 0.19216444 0.8290826 0.61320704 0.20160517
0.158 0.1765456 0.8507889 0.6170884 0.2032846 0.18923338 0.8128789 0.6043594 0.19518016
0.1585 0.1739406 0.8324053 0.608429 0.1977155 0.18631409 0.79692674 0.59548295 0.18906394
0.159 0.1713536 0.8143167 0.5997835 0.1923263 0.18340749 0.781221 0.5865886 0.18324557
0.1595 0.1687814 0.7965349 0.5911539 0.187108 0.18051456 0.7657577 0.5776875 0.177712
0.16 0.1662218 0.7790686 0.5825433 0.182052 0.17763609 0.7505334 0.56879103 0.17244862
0.1605 0.1636738 0.7619233 0.5739558 0.1771506 0.17477296 0.73554516 0.5599106 0.16744004
0.161 0.1611369 0.7451025 0.5653963 0.1723964 0.17192617 0.7207907 0.5510573 0.16267058
0.1615 0.1586113 0.7286075 0.5568699 0.1677827 0.16909637 0.706268 0.5422418 0.15812446
0.162 0.1560975 0.7124384 0.5483813 0.1633031 0.16628455 0.6919753 0.53347445 0.15378614
0.1625 0.1535961 0.6965941 0.5399355 0.1589517 0.16349156 0.6779112 0.5247648 0.1496406
0.163 0.1511078 0.6810724 0.5315368 0.1547228 0.16071825 0.66407436 0.5161219 0.14567345
0.1635 0.1486332 0.6658703 0.5231893 0.1506112 0.15796545 0.65046346 0.50755394 0.1418711
0.164 0.1461729 0.6509842 0.5148969 0.146612 0.15523396 0.63707733 0.4990685 0.13822056
0.1645 0.1437276 0.6364099 0.5066629 0.1427205 0.15252462 0.6239148 0.4906722 0.13470991
0.165 0.1412977 0.6221429 0.4984905 0.1389322 0.14983813 0.61097443 0.48237097 0.13132803
0.1655 0.1388839 0.6081784 0.4903825 0.135243 0.14717525 0.59825516 0.47417003 0.12806469
0.166 0.1364865 0.5945111 0.4823417 0.1316491 0.14453667 0.58575547 0.4660738 0.12491059
0.1665 0.134106 0.5811358 0.4743702 0.1281465 0.14192294 0.5734739 0.45808598 0.121857114
0.167 0.1317428 0.568047 0.4664703 0.1247319 0.13933463 0.56140894 0.45020956 0.11889644
0.1675 0.1293972 0.5552392 0.4586437 0.1214019 0.13677238 0.54955876 0.4424469 0.11602166
0.168 0.1270696 0.5427068 0.4508923 0.1181533 0.13423644 0.5379217 0.43479967 0.11322642
0.1685 0.1247603 0.5304442 0.4432176 0.1149831 0.13172726 0.5264958 0.42726928 0.1105051
0.169 0.1224695 0.5184457 0.4356209 0.1118885 0.12924519 0.5152789 0.4198564 0.10785253
0.1695 0.1201975 0.5067058 0.4281034 0.1088667 0.12679039 0.50426894 0.41256115 0.105264165
0.17 0.1179446 0.4952189 0.4206661 0.1059152 0.124363095 0.49346364 0.40538344 0.10273596
0.1705 0.1157109 0.4839796 0.4133101 0.1030316 0.12196334 0.48286068 0.39832282 0.10026422
0.171 0.1134966 0.4729824 0.406036 0.1002135 0.11959112 0.47245753 0.39137843 0.097845726
0.1715 0.1113019 0.462222 0.3988446 0.09745868 0.117246434 0.46225172 0.384549 0.09547754
0.172 0.1091269 0.4516931 0.3917364 0.09476506 0.114929244 0.45224047 0.37783328 0.0931571
0.1725 0.1069718 0.4413906 0.3847119 0.09213062 0.11263928 0.4424212 0.37122962 0.090882085
0.173 0.1048367 0.4313093 0.3777714 0.08955345 0.11037634 0.43279108 0.36473617 0.08865037
0.1735 0.1027216 0.4214444 0.3709152 0.0870317 0.108140334 0.4233473 0.35835108 0.08646006
0.174 0.1006267 0.4117909 0.3641435 0.08456364 0.10593085 0.41408694 0.3520723 0.08430954
0.1745 0.09855196 0.402344 0.3574564 0.08214759 0.10374749 0.40500712 0.34589764 0.082197204
0.175 0.09649752 0.3930991 0.350854 0.07978197 0.10159007 0.39610496 0.33982483 0.08012161
0.1755 0.0944634 0.3840516 0.3443361 0.07746524 0.099458024 0.38737735 0.33385167 0.07808155
0.176 0.09244963 0.375197 0.3379027 0.07519594 0.097350985 0.37882134 0.32797584 0.07607569
0.1765 0.09045622 0.366531 0.3315537 0.07297269 0.09526849 0.370434 0.32219502 0.07410312
0.177 0.08848318 0.3580492 0.3252887 0.07079413 0.0932101 0.3622122 0.3165069 0.07216269
0.1775 0.0865305 0.3497475 0.3191076 0.06865899 0.09117536 0.35415304 0.31090897 0.070253454
0.178 0.08459817 0.3416217 0.3130101 0.06656603 0.08916375 0.34625348 0.3053991 0.068374604
0.1785 0.08268617 0.333668 0.3069956 0.06451408 0.08717489 0.33851045 0.299975 0.06652521
0.179 0.08079447 0.3258824 0.301064 0.062502 0.08520818 0.33092102 0.2946344 0.06470442
0.1795 0.07892302 0.3182612 0.2952146 0.0605287 0.083263144 0.3234823 0.289375 0.06291146
0.18 0.07707177 0.3108005 0.289447 0.05859314 0.081339374 0.3161912 0.28419474 0.061145604
0.1805 0.07524066 0.3034968 0.2837608 0.05669431 0.07943635 0.3090449 0.2790915 0.05940616
0.181 0.07342964 0.2963466 0.2781553 0.05483124 0.07755361 0.30204058 0.27406332 0.057692423
0.1815 0.07163862 0.2893463 0.2726299 0.05300301 0.07569074 0.29517528 0.26910815 0.05600377
0.182 0.06986754 0.2824927 0.2671841 0.05120871 0.073847316 0.28844625 0.26422402 0.05433946
0.1825 0.0681163 0.2757823 0.2618172 0.04944749 0.07202285 0.2818506 0.25940922 0.052698933
0.183 0.06638482 0.2692121 0.2565286 0.0477185 0.07021701 0.2753857 0.25466192 0.05108159
0.1835 0.06467299 0.2627789 0.2513176 0.04602096 0.06842941 0.2690488 0.2499805 0.049486876
0.184 0.06298073 0.2564796 0.2461835 0.04435407 0.06665967 0.26283726 0.24536313 0.04791408
0.1845 0.06130791 0.2503112 0.2411255 0.04271711 0.06490745 0.25674835 0.24080834 0.04636284
0.185 0.05965443 0.2442707 0.236143 0.04110934 0.06317239 0.2507797 0.23631461 0.04483249
0.1855 0.05802018 0.2383555 0.2312353 0.03953007 0.06145422 0.2449286 0.23188047 0.043322586
0.186 0.05640503 0.2325626 0.2264015 0.03797863 0.059752658 0.23919262 0.2275046 0.04183258
0.1865 0.05480886 0.2268894 0.2216408 0.03645437 0.058067434 0.23356932 0.2231857 0.040362023
0.187 0.05323154 0.2213331 0.2169526 0.03495665 0.056398295 0.22805622 0.21892248 0.03891044
0.1875 0.05167295 0.2158913 0.212336 0.03348487 0.054745033 0.2226511 0.21471375 0.037477374
0.188 0.05013295 0.2105614 0.2077903 0.03203844 0.053107373 0.21735159 0.21055835 0.036062397
0.1885 0.0486114 0.2053409 0.2033146 0.03061679 0.05148521 0.21215534 0.20645534 0.034665145
0.189 0.04710816 0.2002274 0.1989081 0.02921936 0.049878225 0.20706029 0.20240356 0.033285096
0.1895 0.04562309 0.1952185 0.19457 0.02784563 0.048286356 0.20206413 0.19840218 0.031921946
0.19 0.04415605 0.190312 0.1902995 0.02649507 0.046709515 0.1971648 0.19445018 0.030575348
0.1905 0.04270689 0.1855057 0.1860958 0.02516718 0.045147523 0.19236024 0.19054677 0.029244935
0.191 0.04127547 0.1807972 0.1819581 0.02386147 0.04360023 0.18764827 0.1866911 0.027930325
0.1915 0.03986162 0.1761845 0.1778855 0.02257747 0.04206761 0.18302701 0.18288238 0.02663122
0.192 0.03846521 0.1716655 0.1738772 0.02131472 0.040549524 0.1784945 0.17911991 0.025347328
0.1925 0.03708608 0.1672381 0.1699324 0.02007277 0.039045915 0.17404875 0.17540304 0.024078315
0.193 0.03572407 0.1629004 0.1660503 0.01885119 0.037556745 0.16968796 0.1717311 0.022824017
0.1935 0.03437903 0.1586504 0.16223 0.01764957 0.036081858 0.16541024 0.16810346 0.021584084
0.194 0.0330508 0.1544862 0.1584708 0.01646748 0.034621328 0.1612138 0.16451955 0.020358225
0.1945 0.03173923 0.1504059 0.1547718 0.01530453 0.03317499 0.157097 0.16097887 0.019146299
0.195 0.03044415 0.1464078 0.1511322 0.01416034 0.03174296 0.15305793 0.15748085 0.017947925
0.1955 0.02916541 0.14249 0.1475511 0.01303453 0.030325055 0.14909513 0.15402506 0.01676309
0.196 0.02790285 0.1386507 0.1440279 0.01192674 0.028921373 0.14520684 0.150611 0.015591463
0.1965 0.02665631 0.1348885 0.1405616 0.0108366 0.027531825 0.14139147 0.1472383 0.014432853
0.197 0.02542562 0.1312014 0.1371515 0.009763774 0.026156545 0.13764748 0.14390646 0.013287185
0.1975 0.02421064 0.127588 0.1337968 0.008707923 0.024795324 0.13397339 0.14061518 0.012154205
0.198 0.02301119 0.1240467 0.1304967 0.007668719 0.023448288 0.1303676 0.13736404 0.011033757
0.1985 0.02182712 0.1205759 0.1272504 0.00664584 0.022115365 0.12682879 0.13415276 0.009925699
0.199 0.02065826 0.1171741 0.1240571 0.005638976 0.020796597 0.1233555 0.13098086 0.008829875
0.1995 0.01950447 0.1138398 0.1209162 0.004647821 0.019492045 0.11994635 0.12784818 0.007746188
0.2 0.01836557 0.1105717 0.1178267 0.00367208 0.018201604 0.11659993 0.12475437 0.0066745263
0.2005 0.0172414 0.1073682 0.1147879 0.002711464 0.01692532 0.11331501 0.12169908 0.005614741
0.201 0.01613182 0.104228 0.1117992 0.001765691 0.0156632 0.11009031 0.118682176 0.0045666676
0.2015 0.01503665 0.1011498 0.1088597 0.0008344851 0.014415186 0.10692445 0.115703255 0.003530329
0.202 0.01395574 0.09813221 0.1059687 -8.242079e-05 0.013181381 0.10381633 0.112762064 0.0025055017
0.2025 0.01288893 0.095174 0.1031254 -0.0009852889 0.011961769 0.10076474 0.10985839 0.0014921483
0.203 0.01183606 0.0922739 0.1003293 -0.001874375 0.010756262 0.097768486 0.10699193 0.000490224
0.2035 0.01079698 0.08943067 0.09757941 -0.002749928 0.009564921 0.09482647 0.1041625 -0.000500435
0.204 0.009771535 0.08664313 0.09487519 -0.003612192 0.008387726 0.09193764 0.10136989 -0.0014798958
0.2045 0.008759561 0.08391008 0.09221589 -0.004461406 0.007224582 0.08910081 0.09861381 -0.0024481956
0.205 0.007760908 0.0812304 0.08960081 -0.005297801 0.006075602 0.08631498 0.09589405 -0.003405327
0.2055 0.006775422 0.07860295 0.08702928 -0.006121605 0.004940726 0.0835791 0.093210414 -0.004351424
0.206 0.005802948 0.07602664 0.08450061 -0.006933039 0.0038199387 0.08089223 0.09056263 -0.0052865837
0.2065 0.004843336 0.0735004 0.08201414 -0.007732322 0.0027131885 0.078253366 0.08795051 -0.0062108506
0.207 0.003896434 0.07102317 0.07956919 -0.008519664 0.0016204305 0.07566157 0.08537382 -0.0071242545
0.2075 0.002962091 0.06859395 0.07716512 -0.009295274 0.00054169074 0.07311592 0.082832366 -0.008026937
0.208 0.002040159 0.06621172 0.07480127 -0.01005935 -0.00052307546 0.07061552 0.08032584 -0.008918809
0.2085 0.001130489 0.0638755 0.07247702 -0.0108121 -0.0015739128 0.068159476 0.07785407 -0.009800063
0.209 0.0002329344 0.06158435 0.07019172 -0.01155372 -0.0026108846 0.06574694 0.07541685 -0.010670664
0.2095 -0.0006526515 0.05933731 0.06794476 -0.01228438 -0.003633976 0.06337711 0.07301392 -0.011530677
0.21 -0.001526414 0.05713348 0.06573553 -0.01300429 -0.004643321 0.061049122 0.07064512 -0.012380155
0.2105 -0.002388496 0.05497196 0.0635634 -0.01371361 -0.00563889 0.05876219 0.06831008 -0.013219157
0.211 -0.00323904 0.05285188 0.0614278 -0.01441254 -0.006620832 0.0565156 0.0660087 -0.014047721
0.2115 -0.00407819 0.05077237 0.05932811 -0.01510123 -0.007589124 0.054308537 0.063740745 -0.014865877
0.212 -0.004906084 0.04873261 0.05726377 -0.01577988 -0.008543856 0.05214032 0.061505858 -0.015673699
0.2125 -0.005722862 0.04673177 0.0552342 -0.01644863 -0.009485073 0.050010245 0.059303854 -0.01647118
0.213 -0.006528663 0.04476905 0.05323883 -0.01710766 -0.0104128495 0.047917522 0.057134513 -0.01725843
0.2135 -0.007323623 0.04284367 0.0512771 -0.01775712 -0.01132727 0.045861594 0.054997522 -0.018035496
0.214 -0.008107877 0.04095486 0.04934847 -0.01839718 -0.012228437 0.043841716 0.052892666 -0.018802406
0.2145 -0.008881561 0.03910188 0.04745238 -0.01902798 -0.013116404 0.041857257 0.05081973 -0.019559177
0.215 -0.009644807 0.03728399 0.0455883 -0.01964969 -0.013991244 0.03990756 0.048778404 -0.020305904
0.2155 -0.01039775 0.03550047 0.04375571 -0.02026243 -0.0148530975 0.03799204 0.046768468 -0.021042647
0.216 -0.01114051 0.03375062 0.04195408 -0.02086637 -0.015701985 0.036110077 0.044789556 -0.021769436
0.2165 -0.01187323 0.03203376 0.0401829 -0.02146164 -0.016537972 0.034261085 0.042841475 -0.022486279
0.217 -0.01259604 0.03034922 0.03844167 -0.02204838 -0.017361278 0.032444477 0.04092398 -0.023193361
0.2175 -0.01330905 0.02869634 0.03672989 -0.02262674 -0.018171899 0.03065971 0.039036702 -0.02389058
0.218 -0.01401239 0.02707447 0.03504706 -0.02319683 -0.018969959 0.02890627 0.03717942 -0.024578081
0.2185 -0.0147062 0.02548299 0.03339271 -0.0237588 -0.01975556 0.027183555 0.03535183 -0.025255898
0.219 -0.01539059 0.02392129 0.03176636 -0.02431277 -0.020528838 0.025491081 0.03355368 -0.025924088
0.2195 -0.01606568 0.02238876 0.03016754 -0.02485887 -0.021289833 0.023828305 0.03178462 -0.026582675
0.22 -0.0167316 0.02088481 0.0285958 -0.02539723 -0.02203869 0.022194818 0.03004441 -0.027231762
0.2205 -0.01738846 0.01940887 0.02705066 -0.02592796 -0.02277555 0.02058997 0.0283327 -0.027871506
0.221 -0.01803638 0.01796038 0.0255317 -0.02645118 -0.023500476 0.019013386 0.0266493 -0.028501818
0.2215 -0.01867549 0.01653879 0.02403846 -0.02696702 -0.024213687 0.017464545 0.024993796 -0.029122794
0.222 -0.01930588 0.01514355 0.02257052 -0.02747559 -0.024915144 0.015943024 0.023365926 -0.029734561
0.2225 -0.01992769 0.01377414 0.02112744 -0.02797699 -0.025605042 0.014448346 0.021765407 -0.03033712
0.223 -0.02054101 0.01243004 0.01970881 -0.02847135 -0.026283499 0.012980071 0.02019189 -0.030930685
0.2235 -0.02114597 0.01111074 0.01831422 -0.02895877 -0.026950624 0.011537814 0.018645082 -0.031515107
0.224 -0.02174267 0.00981576 0.01694326 -0.02943935 -0.027606554 0.0101210745 0.017124664 -0.03209065
0.2245 -0.02233122 0.008544606 0.01559552 -0.0299132 -0.028251436 0.008729459 0.015630376 -0.03265726
0.225 -0.02291174 0.007296806 0.01427061 -0.03038043 -0.02888535 0.007362527 0.014161866 -0.03321506
0.2255 -0.02348432 0.006071898 0.01296815 -0.03084114 -0.029508423 0.006019962 0.012718808 -0.03376411
0.226 -0.02404907 0.004869427 0.01168775 -0.03129542 -0.030120824 0.004701336 0.01130094 -0.034304537
0.2265 -0.0246061 0.003688949 0.01042904 -0.03174338 -0.030722603 0.0034062425 0.009907912 -0.034836322
0.227 -0.02515551 0.00253003 0.009191648 -0.0321851 -0.03131392 0.0021343017 0.0085393675 -0.03535966
0.2275 -0.02569739 0.001392245 0.007975212 -0.03262069 -0.031894974 0.00088515226 0.007195074 -0.035874568
0.228 -0.02623187 0.0002751763 0.006779374 -0.03305023 -0.03246579 -0.00034161936 0.0058746524 -0.036381096
0.2285 -0.02675902 -0.0008215826 0.005603782 -0.03347382 -0.033026543 -0.0015463373 0.0045778267 -0.036879398
0.229 -0.02727895 -0.001898431 0.004448091 -0.03389155 -0.033577368 -0.0027293777 0.0033042766 -0.037369482
0.2295 -0.02779175 -0.002955759 0.00331196 -0.0343035 -0.034118395 -0.0038910573 0.002053704 -0.037851453
0.23 -0.02829753 -0.00399395 0.002195054 -0.03470976 -0.034649704 -0.005031745 0.0008257441 -0.03832549
0.2305 -0.02879638 -0.005013377 0.001097045 -0.03511042 -0.035171475 -0.006151772 -0.00037994608 -0.038791552
0.231 -0.02928838 -0.006014407 1.760928e-05 -0.03550556 -0.03568385 -0.007251407 -0.0015636124 -0.03924971
0.2315 -0.02977364 -0.006997399 -0.001043572 -0.03589525 -0.036186878 -0.008331093 -0.0027255826 -0.03970018
0.232 -0.03025224 -0.007962703 -0.002086811 -0.03627959 -0.036680765 -0.009391087 -0.0038661547 -0.04014296
0.2325 -0.03072427 -0.008910665 -0.003112417 -0.03665865 -0.03716563 -0.010431736 -0.004985664 -0.04057821
0.233 -0.03118983 -0.00984162 -0.004120691 -0.03703251 -0.03764155 -0.011453281 -0.0060844086 -0.041005924
0.2335 -0.031649 -0.0107559 -0.005111931 -0.03740124 -0.038108733 -0.012456137 -0.007162709 -0.04142628
0.234 -0.03210186 -0.01165382 -0.006086431 -0.03776493 -0.0385672 -0.013440548 -0.00822084 -0.041839257
0.2345 -0.03254851 -0.01253571 -0.007044476 -0.03812363 -0.03901716 -0.014406837 -0.009259131 -0.042245023
0.235 -0.03298903 -0.01340187 -0.007986351 -0.03847744 -0.039458722 -0.015355277 -0.0102778785 -0.04264366
0.2355 -0.03342349 -0.0142526 -0.008912334 -0.03882642 -0.039892025 -0.01628615 -0.011277366 -0.043035313
0.236 -0.03385199 -0.0150882 -0.009822697 -0.03917063 -0.040317137 -0.01719977 -0.01225793 -0.043419965
0.2365 -0.0342746 -0.01590897 -0.01071771 -0.03951016 -0.04073424 -0.018096432 -0.013219845 -0.043797746
0.237 -0.03469141 -0.01671518 -0.01159764 -0.03984506 -0.041143436 -0.018976372 -0.014163386 -0.044168733
0.2375 -0.03510249 -0.01750712 -0.01246274 -0.0401754 -0.04154487 -0.01983988 -0.015088867 -0.044533066
0.238 -0.03550793 -0.01828505 -0.01331326 -0.04050126 -0.04193864 -0.02068723 -0.015996631 -0.04489085
0.2385 -0.0359078 -0.01904926 -0.01414947 -0.04082269 -0.042324837 -0.021518674 -0.016886871 -0.045242086
0.239 -0.03630217 -0.01979999 -0.01497161 -0.04113976 -0.04270365 -0.022334456 -0.017759908 -0.04558686
0.2395 -0.03669112 -0.0205375 -0.01577991 -0.04145253 -0.04307511 -0.023134872 -0.018616047 -0.04592544
0.24 -0.03707473 -0.02126205 -0.01657462 -0.04176107 -0.04343944 -0.02392019 -0.01945554 -0.046257712
0.2405 -0.03745307 -0.02197389 -0.01735597 -0.04206543 -0.0437967 -0.024690624 -0.020278681 -0.04658384
0.241 -0.03782621 -0.02267324 -0.01812419 -0.04236567 -0.044146966 -0.025446467 -0.021085758 -0.04690396
0.2415 -0.03819422 -0.02336036 -0.01887951 -0.04266186 -0.044490445 -0.026187927 -0.021877017 -0.047218055
0.242 -0.03855717 -0.02403546 -0.01962216 -0.04295405 -0.044827156 -0.026915275 -0.022652727 -0.047526322
0.2425 -0.03891514 -0.02469879 -0.02035234 -0.0432423 -0.045157272 -0.027628738 -0.023413155 -0.047828786
0.243 -0.03926819 -0.02535055 -0.02107027 -0.04352666 -0.045480907 -0.02832853 -0.024158541 -0.04812549
0.2435 -0.03961639 -0.02599097 -0.02177617 -0.04380719 -0.045798127 -0.029014885 -0.024889212 -0.04841663
0.244 -0.03995981 -0.02662026 -0.02247024 -0.04408395 -0.046109095 -0.029688053 -0.0256054 -0.048702233
0.2445 -0.0402985 -0.02723863 -0.02315268 -0.04435698 -0.046413872 -0.030348256 -0.02630731 -0.048982345
0.245 -0.04063255 -0.02784629 -0.02382371 -0.04462635 -0.046712603 -0.030995704 -0.02699526 -0.04925715
0.2455 -0.040962 -0.02844342 -0.0244835 -0.0448921 -0.047005385 -0.031630635 -0.027669448 -0.049526677
0.246 -0.04128694 -0.02903024 -0.02513226 -0.04515428 -0.047292292 -0.032253265 -0.028330158 -0.049790993
0.2465 -0.0416074 -0.02960694 -0.02577018 -0.04541294 -0.047573484 -0.032863744 -0.028977584 -0.050050214
0.247 -0.04192347 -0.03017369 -0.02639745 -0.04566814 -0.04784897 -0.033462364 -0.02961203 -0.050304405
0.2475 -0.0422352 -0.03073069 -0.02701424 -0.04591992 -0.04811895 -0.034049284 -0.03023367 -0.05055371
0.248 -0.04254264 -0.03127812 -0.02762074 -0.04616834 -0.048383467 -0.034624737 -0.03084277 -0.050798126
0.2485 -0.04284587 -0.03181615 -0.02821712 -0.04641343 -0.048642635 -0.03518891 -0.031439524 -0.05103776
0.249 -0.04314493 -0.03234496 -0.02880356 -0.04665524 -0.048896562 -0.03574201 -0.03202421 -0.05127264
0.2495 -0.04343989 -0.03286473 -0.02938024 -0.04689382 -0.04914532 -0.0362842 -0.032597 -0.05150292
0.25 -0.04373079 -0.03337561 -0.02994731 -0.04712922 -0.049389035 -0.0368157 -0.033158157 -0.05172869
0.2505 -0.04401771 -0.03387777 -0.03050494 -0.04736148 -0.049627766 -0.03733673 -0.03370786 -0.051949978
0.251 -0.04430069 -0.03437137 -0.0310533 -0.04759065 -0.04986164 -0.03784742 -0.03424633 -0.052166887
0.2515 -0.04457979 -0.03485657 -0.03159255 -0.04781676 -0.050090678 -0.03834799 -0.034773815 -0.05237955
0.252 -0.04485505 -0.03533353 -0.03212284 -0.04803986 -0.050315052 -0.038838632 -0.035290483 -0.05258788
0.2525 -0.04512655 -0.03580238 -0.03264433 -0.04825999 -0.05053479 -0.039319493 -0.03579655 -0.052792154
0.253 -0.04539431 -0.03626329 -0.03315716 -0.04847719 -0.05075002 -0.03979077 -0.03629223 -0.052992247
0.2535 -0.04565841 -0.0367164 -0.03366149 -0.04869151 -0.05096083 -0.04025263 -0.0367777 -0.053188376
0.254 -0.04591889 -0.03716185 -0.03415746 -0.04890298 -0.05116726 -0.04070522 -0.037253156 -0.053380474
0.2545 -0.04617579 -0.03759978 -0.03464522 -0.04911164 -0.051369403 -0.04114876 -0.037718758 -0.05356872
0.255 -0.04642918 -0.03803032 -0.03512491 -0.04931753 -0.05156738 -0.04158338 -0.038174782 -0.053753205
0.2555 -0.04667909 -0.03845361 -0.03559666 -0.04952069 -0.05176121 -0.042009283 -0.03862134 -0.05393395
0.256 -0.04692558 -0.03886979 -0.03606062 -0.04972116 -0.05195106 -0.04242657 -0.039058633 -0.054111004
0.2565 -0.04716869 -0.03927898 -0.03651691 -0.04991898 -0.052136946 -0.042835366 -0.039486896 -0.05428449
0.257 -0.04740847 -0.0396813 -0.03696566 -0.05011417 -0.052318927 -0.043235984 -0.039906215 -0.05445443
0.2575 -0.04764497 -0.04007689 -0.03740702 -0.05030678 -0.052497115 -0.04362848 -0.040316824 -0.054620914
0.258 -0.04787823 -0.04046586 -0.03784109 -0.05049685 -0.052671578 -0.044012986 -0.040718835 -0.05478397
0.2585 -0.0481083 -0.04084833 -0.03826802 -0.0506844 -0.0528424 -0.04438965 -0.041112464 -0.05494369
0.259 -0.04833522 -0.04122442 -0.03868791 -0.05086947 -0.053009626 -0.044758648 -0.041497882 -0.055100143
0.2595 -0.04855904 -0.04159425 -0.0391009 -0.0510521 -0.053173356 -0.04512017 -0.041875232 -0.05525334
0.26 -0.04877979 -0.04195792 -0.03950709 -0.05123232 -0.053333566 -0.045474235 -0.04224468 -0.055403374
0.2605 -0.04899752 -0.04231555 -0.03990661 -0.05141016 -0.05349045 -0.04582109 -0.042606395 -0.055550314
0.261 -0.04921228 -0.04266724 -0.04029957 -0.05158566 -0.05364401 -0.046160843 -0.042960472 -0.055694222
0.2615 -0.0494241 -0.0430131 -0.04068607 -0.05175884 -0.053794343 -0.0464936 -0.043307148 -0.055835128
0.262 -0.04963302 -0.04335324 -0.04106624 -0.05192974 -0.05394151 -0.046819534 -0.04364652 -0.055973165
0.2625 -0.04983909 -0.04368776 -0.04144018 -0.05209839 -0.054085515 -0.047138747 -0.04397875 -0.056108303
0.263 -0.05004235 -0.04401675 -0.041808 -0.05226482 -0.054226495 -0.0474514 -0.044303965 -0.056240678
0.2635 -0.05024282 -0.04434032 -0.04216979 -0.05242907 -0.054364476 -0.04775755 -0.044622336 -0.05637022
0.264 -0.05044056 -0.04465855 -0.04252567 -0.05259115 -0.054499563 -0.048057426 -0.044933952 -0.056497097
0.2645 -0.0506356 -0.04497156 -0.04287574 -0.0527511 -0.05463173 -0.048351094 -0.04523899 -0.05662132
0.265 -0.05082798 -0.04527942 -0.04322008 -0.05290895 -0.054761115 -0.048638623 -0.0455376 -0.05674293
0.2655 -0.05101773 -0.04558223 -0.04355881 -0.05306472 -0.054887697 -0.04892021 -0.04582986 -0.056861974
0.266 -0.0512049 -0.04588008 -0.04389201 -0.05321846 -0.055011604 -0.04919595 -0.046115942 -0.056978554
0.2665 -0.05138951 -0.04617305 -0.04421978 -0.05337017 -0.055132862 -0.049465932 -0.04639593 -0.05709269
0.267 -0.0515716 -0.04646124 -0.04454221 -0.0535199 -0.055251498 -0.04973032 -0.046669964 -0.05720441
0.2675 -0.05175121 -0.04674472 -0.04485939 -0.05366766 -0.05536764 -0.04998917 -0.046938185 -0.057313778
0.268 -0.05192837 -0.04702357 -0.04517142 -0.05381348 -0.055481266 -0.050242644 -0.0472007 -0.05742085
0.2685 -0.05210312 -0.04729789 -0.04547838 -0.0539574 -0.055592444 -0.050490785 -0.047457635 -0.05752565
0.269 -0.05227549 -0.04756775 -0.04578035 -0.05409943 -0.055701222 -0.05073375 -0.047709066 -0.057628207
0.2695 -0.05244551 -0.04783322 -0.04607742 -0.0542396 -0.055807665 -0.05097161 -0.04795516 -0.057728603
0.27 -0.05261321 -0.04809438 -0.04636967 -0.05437794 -0.05591186 -0.051204458 -0.048196007 -0.05782686
0.2705 -0.05277863 -0.04835131 -0.04665719 -0.05451446 -0.056013767 -0.051432427 -0.048431676 -0.05792305
0.271 -0.0529418 -0.04860409 -0.04694006 -0.05464921 -0.056113537 -0.05165562 -0.048662346 -0.05801723
0.2715 -0.05310275 -0.04885277 -0.04721834 -0.05478219 -0.056211136 -0.051874094 -0.048888072 -0.05810935
0.272 -0.05326151 -0.04909744 -0.04749213 -0.05491343 -0.056306615 -0.05208802 -0.049108975 -0.058199584
0.2725 -0.05341811 -0.04933817 -0.04776149 -0.05504296 -0.056400076 -0.052297376 -0.049325135 -0.05828785
0.273 -0.05357258 -0.04957501 -0.04802651 -0.0551708 -0.056491483 -0.052502323 -0.049536638 -0.058374256
0.2735 -0.05372495 -0.04980805 -0.04828725 -0.05529697 -0.05658091 -0.052702907 -0.049743604 -0.058458783
0.274 -0.05387525 -0.05003734 -0.04854378 -0.0554215 -0.056668423 -0.052899253 -0.04994616 -0.058541507
0.2745 -0.05402351 -0.05026295 -0.04879619 -0.0555444 -0.05675401 -0.053091466 -0.05014432 -0.058622435
0.275 -0.05416976 -0.05048495 -0.04904453 -0.0556657 -0.05683774 -0.053279564 -0.050338306 -0.058701687
0.2755 -0.05431402 -0.05070339 -0.04928888 -0.05578542 -0.05691967 -0.053463686 -0.0505281 -0.058779202
0.276 -0.05445632 -0.05091833 -0.0495293 -0.05590357 -0.056999832 -0.053643916 -0.05071378 -0.05885504
0.2765 -0.05459669 -0.05112985 -0.04976586 -0.05602019 -0.057078257 -0.05382031 -0.05089547 -0.058929242
0.277 -0.05473515 -0.05133798 -0.04999862 -0.0561353 -0.05715498 -0.05399296 -0.05107322 -0.059001923
0.2775 -0.05487174 -0.0515428 -0.05022765 -0.0562489 -0.057230007 -0.054161925 -0.051247187 -0.059073
0.278 -0.05500648 -0.05174436 -0.05045301 -0.05636102 -0.057303432 -0.054327227 -0.051417395 -0.05914256
0.2785 -0.05513938 -0.05194271 -0.05067477 -0.05647169 -0.05737522 -0.054489054 -0.051583935 -0.0592106
0.279 -0.05527049 -0.05213792 -0.05089297 -0.05658092 -0.05744548 -0.054647427 -0.051746897 -0.059277162
0.2795 -0.05539982 -0.05233002 -0.05110769 -0.05668873 -0.05751421 -0.054802418 -0.051906314 -0.05934231
0.28 -0.0555274 -0.05251908 -0.05131897 -0.05679514 -0.05758141 -0.054954063 -0.052062266 -0.05940602
0.2805 -0.05565325 -0.05270515 -0.05152689 -0.05690016 -0.057647176 -0.055102456 -0.052214865 -0.059468463
0.281 -0.0557774 -0.05288828 -0.05173149 -0.05700383 -0.0577115 -0.055247683 -0.052364193 -0.05952946
0.2815 -0.05589987 -0.05306851 -0.05193282 -0.05710614 -0.05777444 -0.05538979 -0.05251027 -0.059589207
0.282 -0.05602068 -0.0532459 -0.05213095 -0.05720713 -0.05783597 -0.055528864 -0.052653193 -0.05964765
0.2825 -0.05613986 -0.0534205 -0.05232593 -0.05730681 -0.057896182 -0.055664968 -0.052793033 -0.059704795
0.283 -0.05625742 -0.05359234 -0.05251781 -0.05740519 -0.057955038 -0.055798117 -0.052929807 -0.059760734
0.2835 -0.0563734 -0.05376149 -0.05270664 -0.0575023 -0.058012627 -0.05592839 -0.053063642 -0.059815414
0.284 -0.05648781 -0.05392798 -0.05289247 -0.05759816 -0.058068957 -0.05605588 -0.05319459 -0.059868954
0.2845 -0.05660067 -0.05409185 -0.05307535 -0.05769277 -0.058124088 -0.056180593 -0.05332266 -0.059921302
0.285 -0.05671201 -0.05425316 -0.05325534 -0.05778615 -0.058177985 -0.056302685 -0.053447936 -0.059972517
0.2855 -0.05682184 -0.05441194 -0.05343247 -0.05787832 -0.058230706 -0.05642208 -0.053570546 -0.060022645
0.286 -0.05693019 -0.05456824 -0.0536068 -0.0579693 -0.058282245 -0.05653893 -0.053690482 -0.06007167
0.2865 -0.05703708 -0.0547221 -0.05377837 -0.05805911 -0.0583327 -0.056653265 -0.05380781 -0.060119636
0.287 -0.05714253 -0.05487356 -0.05394723 -0.05814775 -0.058382034 -0.056765098 -0.053922523 -0.060166523
0.2875 -0.05724655 -0.05502266 -0.05411343 -0.05823524 -0.058430247 -0.05687452 -0.054034837 -0.06021242
0.288 -0.05734918 -0.05516943 -0.054277 -0.05832161 -0.058477417 -0.056981567 -0.054144662 -0.060257323
0.2885 -0.05745042 -0.05531392 -0.054438 -0.05840685 -0.05852355 -0.05708633 -0.0542521 -0.060301214
0.289 -0.05755029 -0.05545617 -0.05459645 -0.058491 -0.05856867 -0.05718879 -0.05435722 -0.06034419
0.2895 -0.05764882 -0.05559621 -0.05475242 -0.05857405 -0.058612823 -0.057289045 -0.05446005 -0.060386196
0.29 -0.05774602 -0.05573408 -0.05490593 -0.05865604 -0.058656 -0.05738709 -0.05456063 -0.060427263
0.2905 -0.05784191 -0.05586981 -0.05505703 -0.05873696 -0.05869823 -0.05748306 -0.05465904 -0.06046746
0.291 -0.05793651 -0.05600344 -0.05520575 -0.05881684 -0.05873951 -0.05757692 -0.05475528 -0.06050679
0.2915 -0.05802984 -0.05613501 -0.05535214 -0.05889569 -0.05877991 -0.057668757 -0.05484941 -0.06054526
0.292 -0.05812192 -0.05626455 -0.05549624 -0.05897352 -0.058819395 -0.057758573 -0.05494149 -0.06058287
0.2925 -0.05821275 -0.05639208 -0.05563808 -0.05905035 -0.058858015 -0.05784646 -0.05503161 -0.060619645
0.293 -0.05830236 -0.05651766 -0.0557777 -0.05912619 -0.058895793 -0.05793242 -0.05511968 -0.060655624
0.2935 -0.05839077 -0.0566413 -0.05591513 -0.05920104 -0.05893274 -0.058016513 -0.0552059 -0.060690872
0.294 -0.05847799 -0.05676304 -0.05605042 -0.05927494 -0.058968857 -0.058098804 -0.055290252 -0.060725294
0.2945 -0.05856404 -0.0568829 -0.05618359 -0.05934788 -0.05900418 -0.058179297 -0.055372667 -0.060759008
0.295 -0.05864893 -0.05700093 -0.05631469 -0.05941988 -0.059038743 -0.058257986 -0.05545336 -0.060791932
0.2955 -0.05873269 -0.05711715 -0.05644374 -0.05949095 -0.059072524 -0.058334995 -0.055532273 -0.06082417
0.296 -0.05881531 -0.05723159 -0.05657078 -0.05956111 -0.059105586 -0.058410306 -0.05560948 -0.060855694
0.2965 -0.05889683 -0.05734428 -0.05669584 -0.05963036 -0.05913788 -0.058483988 -0.055684984 -0.060886495
0.297 -0.05897726 -0.05745525 -0.05681895 -0.05969872 -0.059169464 -0.058556058 -0.055758826 -0.060916677
0.2975 -0.05905661 -0.05756452 -0.05694016 -0.0597662 -0.059200402 -0.05862656 -0.055831064 -0.060946137
0.298 -0.05913489 -0.05767213 -0.05705948 -0.05983282 -0.059230648 -0.058695503 -0.055901725 -0.060974985
0.2985 -0.05921212 -0.05777809 -0.05717695 -0.05989857 -0.059260197 -0.05876294 -0.05597088 -0.061003193
0.299 -0.05928832 -0.05788245 -0.05729259 -0.05996348 -0.059289116 -0.05882887 -0.056038484 -0.061030805
0.2995 -0.0593635 -0.05798521 -0.05740645 -0.06002756 -0.059317388 -0.058893386 -0.05610459 -0.061057776
0.3 -0.05943767 -0.05808642 -0.05751854 -0.06009081 -0.059344985 -0.0589565 -0.056169275 -0.061084136
0.3005 -0.05951085 -0.05818609 -0.0576289 -0.06015325 -0.059371993 -0.059018213 -0.056232538 -0.061109953
0.301 -0.05958305 -0.05828424 -0.05773755 -0.06021488 -0.059398428 -0.059078578 -0.05629441 -0.061135188
0.3015 -0.05965428 -0.05838091 -0.05784452 -0.06027573 -0.059424285 -0.059137616 -0.056354925 -0.06115991
0.302 -0.05972456 -0.05847612 -0.05794984 -0.06033579 -0.05944954 -0.0591954 -0.056414105 -0.061184086
0.3025 -0.0597939 -0.05856989 -0.05805354 -0.06039508 -0.059474252 -0.05925191 -0.056472022 -0.061207734
0.303 -0.05986231 -0.05866224 -0.05815564 -0.06045361 -0.05949844 -0.05930719 -0.05652865 -0.061230846
0.3035 -0.05992981 -0.05875319 -0.05825617 -0.06051139 -0.059522092 -0.05936123 -0.05658404 -0.061253436
0.304 -0.05999641 -0.05884278 -0.05835515 -0.06056842 -0.059545215 -0.05941407 -0.05663819 -0.06127557
0.3045 -0.06006211 -0.05893101 -0.05845261 -0.06062473 -0.05956784 -0.0594658 -0.056691166 -0.061297193
0.305 -0.06012694 -0.05901792 -0.05854857 -0.06068031 -0.05958994 -0.059516326 -0.056742966 -0.0613183
0.3055 -0.0601909 -0.05910352 -0.05864306 -0.06073518 -0.059611555 -0.05956578 -0.056793675 -0.061339
0.306 -0.06025401 -0.05918784 -0.05873609 -0.06078934 -0.059632692 -0.059614133 -0.05684324 -0.061359182
0.3065 -0.06031628 -0.05927088 -0.05882771 -0.06084281 -0.059653353 -0.059661422 -0.05689173 -0.061378986
0.307 -0.06037772 -0.05935269 -0.05891792 -0.0608956 -0.059673563 -0.05970768 -0.05693908 -0.061398268
0.3075 -0.06043833 -0.05943327 -0.05900675 -0.0609477 -0.059693314 -0.059752923 -0.05698548 -0.06141717
0.308 -0.06049814 -0.05951264 -0.05909422 -0.06099914 -0.059712622 -0.059797157 -0.057030838 -0.061435655
0.3085 -0.06055715 -0.05959082 -0.05918035 -0.06104992 -0.059731536 -0.05984043 -0.057075195 -0.06145373
0.309 -0.06061538 -0.05966784 -0.05926517 -0.06110005 -0.05974999 -0.05988275 -0.057118557 -0.061471388
0.3095 -0.06067282 -0.05974371 -0.05934869 -0.06114954 -0.05976806 -0.059924114 -0.05716101 -0.06148865
0.31 -0.06072951 -0.05981845 -0.05943095 -0.0611984 -0.059785724 -0.05996459 -0.05720247 -0.06150557
0.3105 -0.06078544 -0.05989207 -0.05951195 -0.06124663 -0.059802987 -0.060004193 -0.05724308 -0.06152209
0.311 -0.06084062 -0.0599646 -0.05959171 -0.06129424 -0.059819914 -0.060042873 -0.057282783 -0.061538264
0.3115 -0.06089507 -0.06003604 -0.05967027 -0.06134124 -0.059836432 -0.06008075 -0.057321582 -0.06155403
0.312 -0.0609488 -0.06010643 -0.05974762 -0.06138764 -0.059852574 -0.06011777 -0.05735953 -0.061569512
0.3125 -0.06100181 -0.06017577 -0.05982381 -0.06143344 -0.059868336 -0.06015397 -0.057396673 -0.061584614
0.313 -0.06105411 -0.06024408 -0.05989884 -0.06147866 -0.059883773 -0.060189407 -0.057432987 -0.061599404
0.3135 -0.06110572 -0.06031138 -0.05997273 -0.06152331 -0.059898898 -0.060224004 -0.05746848 -0.061613843
0.314 -0.06115665 -0.06037769 -0.0600455 -0.06156738 -0.05991368 -0.060257886 -0.05750322 -0.06162797
0.3145 -0.0612069 -0.06044301 -0.06011717 -0.06161088 -0.059928086 -0.06029099 -0.05753717 -0.061641797
0.315 -0.06125648 -0.06050736 -0.06018775 -0.06165383 -0.05994219 -0.06032334 -0.05757036 -0.06165526
0.3155 -0.0613054 -0.06057077 -0.06025727 -0.06169624 -0.05995602 -0.06035502 -0.05760286 -0.061668493
0.316 -0.06135367 -0.06063324 -0.06032574 -0.0617381 -0.059969507 -0.060386013 -0.057634637 -0.06168148
0.3165 -0.0614013 -0.06069479 -0.06039318 -0.06177942 -0.05998269 -0.06041627 -0.05766574 -0.061694115
0.317 -0.0614483 -0.06075543 -0.06045959 -0.06182022 -0.0599956 -0.060445897 -0.057696126 -0.06170646
0.3175 -0.06149468 -0.06081518 -0.06052501 -0.06186049 -0.060008205 -0.060474854 -0.05772587 -0.06171856
0.318 -0.06154044 -0.06087405 -0.06058944 -0.06190026 -0.060020544 -0.0605032 -0.057754915 -0.061730407
0.3185 -0.06158559 -0.06093205 -0.06065291 -0.06193951 -0.060032614 -0.06053089 -0.05778335 -0.061742
0.319 -0.06163015 -0.06098921 -0.06071541 -0.06197826 -0.060044415 -0.060557973 -0.057811134 -0.061753325
0.3195 -0.06167411 -0.06104552 -0.06077698 -0.06201652 -0.06005594 -0.06058449 -0.05783828 -0.061764367
0.32 -0.0617175 -0.06110101 -0.06083763 -0.06205429 -0.060067207 -0.060610395 -0.057864882 -0.061775185
0.3205 -0.0617603 -0.06115568 -0.06089736 -0.06209158 -0.06007825 -0.06063575 -0.057890877 -0.06178578
0.321 -0.06180254 -0.06120956 -0.0609562 -0.06212839 -0.060089014 -0.060660552 -0.05791629 -0.061796106
0.3215 -0.06184423 -0.06126265 -0.06101416 -0.06216473 -0.060099587 -0.060684778 -0.057941135 -0.06180624
0.322 -0.06188536 -0.06131496 -0.06107125 -0.06220061 -0.060109876 -0.06070848 -0.057965457 -0.06181614
0.3225 -0.06192594 -0.06136651 -0.06112749 -0.06223603 -0.06011995 -0.060731634 -0.05798923 -0.061825804
0.323 -0.06196599 -0.0614173 -0.06118288 -0.062271 -0.060129803 -0.060754303 -0.058012456 -0.06183523
0.3235 -0.06200551 -0.06146736 -0.06123745 -0.06230552 -0.060139447 -0.06077643 -0.058035187 -0.061844483
0.324 -0.06204451 -0.06151668 -0.06129121 -0.06233961 -0.060148858 -0.06079812 -0.058057427 -0.061853506
0.3245 -0.06208299 -0.06156529 -0.06134416 -0.06237325 -0.06015808 -0.06081933 -0.058079164 -0.061862364
0.325 -0.06212096 -0.06161319 -0.06139632 -0.06240647 -0.06016711 -0.06084002 -0.05810042 -0.061870992
0.3255 -0.06215843 -0.0616604 -0.06144771 -0.06243927 -0.060175925 -0.060860258 -0.058121234 -0.06187945
0.326 -0.06219541 -0.06170692 -0.06149833 -0.06247165 -0.060184553 -0.06088007 -0.05814157 -0.061887763
0.3265 -0.0622319 -0.06175276 -0.0615482 -0.06250361 -0.060192972 -0.060899433 -0.058161445 -0.061895825
0.327 -0.0622679 -0.06179794 -0.06159733 -0.06253517 -0.06020121 -0.060918383 -0.058180906 -0.061903715
0.3275 -0.06230343 -0.06184247 -0.06164573 -0.06256633 -0.060209237 -0.060936894 -0.0581999 -0.06191138
0.328 -0.0623385 -0.06188635 -0.06169341 -0.06259709 -0.06021708 -0.060954984 -0.058218483 -0.06191896
0.3285 -0.06237309 -0.06192959 -0.06174039 -0.06262746 -0.06022479 -0.06097269 -0.058236722 -0.061926343
0.329 -0.06240724 -0.06197221 -0.06178667 -0.06265744 -0.06023231 -0.060990013 -0.0582545 -0.06193354
0.3295 -0.06244093 -0.06201422 -0.06183226 -0.06268704 -0.060239665 -0.061006892 -0.05827192 -0.061940625
0.33 -0.06247418 -0.06205562 -0.06187718 -0.06271626 -0.060246892 -0.061023463 -0.058288913 -0.061947502
0.3305 -0.06250699 -0.06209642 -0.06192143 -0.06274512 -0.060253903 -0.061039634 -0.058305573 -0.061954267
0.331 -0.06253937 -0.06213663 -0.06196504 -0.0627736 -0.060260795 -0.061055418 -0.058321852 -0.06196089
0.3315 -0.06257132 -0.06217627 -0.06200799 -0.06280172 -0.06026751 -0.061070874 -0.05833775 -0.06196735
0.332 -0.06260285 -0.06221533 -0.06205032 -0.06282949 -0.06027408 -0.061086033 -0.058353286 -0.061973654
0.3325 -0.06263397 -0.06225383 -0.06209202 -0.0628569 -0.060280517 -0.06110081 -0.0583685 -0.061979838
0.333 -0.06266467 -0.06229178 -0.0621331 -0.06288396 -0.060286794 -0.06111526 -0.058383357 -0.061985843
0.3335 -0.06269497 -0.06232918 -0.06217358 -0.06291068 -0.06029294 -0.061129414 -0.058397908 -0.06199179
0.334 -0.06272488 -0.06236605 -0.06221347 -0.06293706 -0.060298942 -0.061143268 -0.058412123 -0.061997555
0.3345 -0.06275439 -0.06240239 -0.06225277 -0.0629631 -0.060304828 -0.061156806 -0.05842604 -0.062003225
0.335 -0.06278351 -0.06243821 -0.06229149 -0.06298881 -0.0603106 -0.061170075 -0.05843964 -0.06200876
0.3355 -0.06281225 -0.06247351 -0.06232965 -0.0630142 -0.060316183 -0.061182987 -0.05845293 -0.062014133
0.336 -0.06284061 -0.06250831 -0.06236724 -0.06303926 -0.060321685 -0.0611956 -0.05846596 -0.062019393
0.3365 -0.0628686 -0.06254261 -0.06240428 -0.06306401 -0.060327057 -0.061207972 -0.058478672 -0.06202455
0.337 -0.06289622 -0.06257643 -0.06244079 -0.06308844 -0.060332328 -0.061220076 -0.058491092 -0.062029548
0.3375 -0.06292348 -0.06260976 -0.06247675 -0.06311256 -0.06033744 -0.06123189 -0.058503274 -0.062034473
0.338 -0.06295037 -0.06264261 -0.06251219 -0.06313637 -0.06034246 -0.06124344 -0.05851515 -0.062039293
0.3385 -0.06297692 -0.06267499 -0.06254712 -0.06315988 -0.06034738 -0.06125474 -0.058526818 -0.06204404
0.339 -0.06300312 -0.06270692 -0.06258153 -0.0631831 -0.060352214 -0.06126579 -0.058538187 -0.062048636
0.3395 -0.06302897 -0.06273839 -0.06261544 -0.06320601 -0.060356878 -0.06127661 -0.05854932 -0.062053144
0.34 -0.06305449 -0.06276941 -0.06264886 -0.06322864 -0.060361482 -0.0612872 -0.05856015 -0.06205754
0.3405 -0.06307967 -0.06279999 -0.06268178 -0.06325098 -0.060365982 -0.06129752 -0.05857082 -0.062061876
0.341 -0.06310452 -0.06283013 -0.06271423 -0.06327304 -0.060370363 -0.061307643 -0.05858122 -0.06206608
0.3415 -0.06312904 -0.06285985 -0.06274621 -0.06329481 -0.060374662 -0.06131752 -0.05859137 -0.062070206
0.342 -0.06315325 -0.06288915 -0.06277772 -0.06331631 -0.06037887 -0.061327193 -0.05860131 -0.06207426
0.3425 -0.06317713 -0.06291803 -0.06280878 -0.06333754 -0.06038296 -0.06133661 -0.058611054 -0.062078193
0.343 -0.0632007 -0.0629465 -0.06283938 -0.0633585 -0.060386933 -0.06134585 -0.058620516 -0.062082022
0.3435 -0.06322397 -0.06297457 -0.06286954 -0.06337919 -0.060390845 -0.061354864 -0.05862986 -0.062085822
0.344 -0.06324693 -0.06300224 -0.06289926 -0.06339962 -0.060394682 -0.0613637 -0.05863894 -0.06208951
0.3445 -0.06326959 -0.06302952 -0.06292855 -0.06341979 -0.060398437 -0.061372332 -0.05864786 -0.062093064
0.345 -0.06329195 -0.06305641 -0.06295742 -0.06343971 -0.06040208 -0.0613808 -0.05865654 -0.06209659
0.3455 -0.06331402 -0.06308292 -0.06298586 -0.06345937 -0.060405686 -0.061389033 -0.05866507 -0.06210006
0.346 -0.0633358 -0.06310906 -0.0630139 -0.06347878 -0.060409162 -0.061397072 -0.058673378 -0.0621034
0.3465 -0.06335729 -0.06313483 -0.06304153 -0.06349795 -0.060412616 -0.061404962 -0.05868149 -0.062106706
0.347 -0.06337851 -0.06316024 -0.06306876 -0.06351687 -0.06041595 -0.061412677 -0.05868948 -0.06210994
0.3475 -0.06339944 -0.06318529 -0.0630956 -0.06353556 -0.06041924 -0.06142022 -0.058697242 -0.062113054
0.348 -0.06342011 -0.06320999 -0.06312206 -0.063554 -0.060422424 -0.061427608 -0.058704857 -0.062116146
0.3485 -0.0634405 -0.06323433 -0.06314813 -0.06357222 -0.060425557 -0.061434817 -0.058712278 -0.062119156
0.349 -0.06346063 -0.06325834 -0.06317382 -0.0635902 -0.060428582 -0.061441857 -0.05871955 -0.06212213
0.3495 -0.06348049 -0.06328201 -0.06319915 -0.06360795 -0.06043159 -0.06144876 -0.058726672 -0.06212505
0.35 -0.06350009 -0.06330535 -0.06322411 -0.06362548 -0.060434513 -0.061455537 -0.05873361 -0.06212788
0.3505 -0.06351944 -0.06332835 -0.06324871 -0.06364279 -0.06043736 -0.061462115 -0.058740396 -0.062130637
0.351 -0.06353854 -0.06335104 -0.06327296 -0.06365988 -0.060440153 -0.06146856 -0.058747057 -0.062133297
0.3515 -0.06355738 -0.06337341 -0.06329686 -0.06367675 -0.060442872 -0.06147487 -0.05875357 -0.062135912
0.352 -0.06357598 -0.06339546 -0.06332041 -0.06369341 -0.060445547 -0.061481014 -0.058759954 -0.062138475
0.3525 -0.06359434 -0.06341721 -0.06334363 -0.06370986 -0.060448162 -0.061487038 -0.05876616 -0.06214101
0.353 -0.06361246 -0.06343865 -0.06336652 -0.0637261 -0.060450744 -0.06149293 -0.058772203 -0.062143452
0.3535 -0.06363034 -0.06345979 -0.06338907 -0.06374214 -0.060453247 -0.061498683 -0.058778156 -0.06214591
0.354 -0.06364799 -0.06348064 -0.06341131 -0.06375797 -0.060455672 -0.061504357 -0.058783967 -0.062148258
0.3545 -0.0636654 -0.06350119 -0.06343323 -0.0637736 -0.060458075 -0.061509855 -0.058789637 -0.062150523
0.355 -0.06368259 -0.06352146 -0.06345483 -0.06378903 -0.060460415 -0.061515268 -0.058795203 -0.062152773
0.3555 -0.06369956 -0.06354145 -0.06347613 -0.06380427 -0.060462702 -0.0615205 -0.058800604 -0.062154926
0.356 -0.06371631 -0.06356115 -0.06349712 -0.06381931 -0.06046495 -0.061525676 -0.058805894 -0.062157072
0.3565 -0.06373283 -0.06358058 -0.06351781 -0.06383417 -0.060467113 -0.061530717 -0.058811087 -0.062159173
0.357 -0.06374915 -0.06359974 -0.06353821 -0.06384884 -0.060469266 -0.06153563 -0.05881617 -0.062161244
0.3575 -0.06376525 -0.06361864 -0.06355831 -0.06386332 -0.060471345 -0.06154043 -0.05882113 -0.06216324
0.358 -0.06378114 -0.06363727 -0.06357813 -0.06387762 -0.060473368 -0.06154513 -0.05882599 -0.062165223
0.3585 -0.06379682 -0.06365564 -0.06359767 -0.06389173 -0.060475364 -0.061549734 -0.058830734 -0.06216713
0.359 -0.0638123 -0.06367376 -0.06361693 -0.06390567 -0.060477328 -0.061554234 -0.05883534 -0.06216903
0.3595 -0.06382758 -0.06369162 -0.06363591 -0.06391943 -0.06047926 -0.06155866 -0.058839876 -0.06217082
0.36 -0.06384266 -0.06370924 -0.06365463 -0.06393302 -0.06048114 -0.061562974 -0.058844354 -0.06217265
0.3605 -0.06385754 -0.06372661 -0.06367308 -0.06394644 -0.060482956 -0.06156716 -0.058848668 -0.062174402
0.361 -0.06387223 -0.06374375 -0.06369127 -0.06395969 -0.060484767 -0.061571244 -0.058852915 -0.062176153
0.3615 -0.06388673 -0.06376064 -0.0637092 -0.06397277 -0.060486533 -0.06157526 -0.058857057 -0.062177837
0.362 -0.06390104 -0.0637773 -0.06372687 -0.06398568 -0.06048823 -0.06157922 -0.058861125 -0.06217949
0.3625 -0.06391516 -0.06379373 -0.0637443 -0.06399843 -0.060489893 -0.061583024 -0.058865104 -0.062181078
0.363 -0.0639291 -0.06380993 -0.06376148 -0.06401102 -0.060491532 -0.061586794 -0.058868933 -0.06218265
0.3635 -0.06394286 -0.06382591 -0.06377841 -0.06402346 -0.060493134 -0.061590504 -0.058872733 -0.0621842
0.364 -0.06395644 -0.06384167 -0.06379511 -0.06403573 -0.060494695 -0.061594065 -0.058876466 -0.062185675
0.3645 -0.06396984 -0.06385721 -0.06381157 -0.06404785 -0.060496204 -0.061597575 -0.05888008 -0.062187165
0.365 -0.06398307 -0.06387254 -0.0638278 -0.06405982 -0.060497724 -0.06160102 -0.05888361 -0.062188588
0.3655 -0.06399613 -0.06388765 -0.0638438 -0.06407163 -0.06049919 -0.0616044 -0.058887098 -0.06218999
0.366 -0.06400902 -0.06390255 -0.06385957 -0.0640833 -0.060500596 -0.061607663 -0.058890473 -0.062191352
0.3665 -0.06402174 -0.06391725 -0.06387512 -0.06409481 -0.060501974 -0.061610874 -0.058893804 -0.06219267
0.367 -0.0640343 -0.06393175 -0.06389045 -0.06410619 -0.060503323 -0.06161402 -0.058897037 -0.06219396
0.3675 -0.06404669 -0.06394605 -0.06390557 -0.06411742 -0.060504667 -0.061617095 -0.058900233 -0.062195234
0.368 -0.06405892 -0.06396015 -0.06392047 -0.0641285 -0.060505982 -0.061620075 -0.058903303 -0.062196523
0.3685 -0.064071 -0.06397406 -0.06393517 -0.06413945 -0.060507234 -0.061623033 -0.058906335 -0.06219773
0.369 -0.06408291 -0.06398777 -0.06394965 -0.06415026 -0.06050849 -0.061625894 -0.0589093 -0.062198937
0.3695 -0.06409468 -0.0640013 -0.06396394 -0.06416094 -0.060509697 -0.061628718 -0.058912206 -0.062200062
0.37 -0.06410629 -0.06401464 -0.06397802 -0.06417147 -0.060510885 -0.061631456 -0.058915038 -0.06220124
0.3705 -0.06411775 -0.0640278 -0.0639919 -0.06418188 -0.060512044 -0.061634127 -0.05891783 -0.062202364
0.371 -0.06412906 -0.06404078 -0.06400559 -0.06419215 -0.060513183 -0.061636757 -0.058920536 -0.062203437
0.3715 -0.06414022 -0.06405358 -0.06401909 -0.0642023 -0.06051428 -0.061639328 -0.05892318 -0.062204495
0.372 -0.06415124 -0.0640662 -0.0640324 -0.06421231 -0.06051538 -0.06164184 -0.05892578 -0.06220554
0.3725 -0.06416212 -0.06407866 -0.06404553 -0.06422221 -0.06051644 -0.06164426 -0.058928337 -0.06220661
0.373 -0.06417286 -0.06409094 -0.06405847 -0.06423197 -0.060517482 -0.061646663 -0.058930818 -0.062207602
0.3735 -0.06418346 -0.06410305 -0.06407122 -0.06424161 -0.060518503 -0.061648995 -0.058933254 -0.062208578
0.374 -0.06419392 -0.064115 -0.06408381 -0.06425113 -0.060519505 -0.061651256 -0.05893558 -0.0622095
0.3745 -0.06420424 -0.06412678 -0.06409621 -0.06426053 -0.060520474 -0.06165349 -0.05893788 -0.062210463
0.375 -0.06421443 -0.0641384 -0.06410844 -0.06426982 -0.06052141 -0.061655685 -0.05894016 -0.062211372
0.3755 -0.06422449 -0.06414987 -0.0641205 -0.06427898 -0.06052234 -0.06165783 -0.058942396 -0.062212244
0.376 -0.06423442 -0.06416117 -0.06413239 -0.06428803 -0.06052325 -0.061659936 -0.058944557 -0.062213123
0.3765 -0.06424422 -0.06417233 -0.06414412 -0.06429697 -0.060524125 -0.061661962 -0.058946688 -0.062214002
0.377 -0.0642539 -0.06418333 -0.06415568 -0.06430579 -0.060525008 -0.06166398 -0.058948804 -0.0622148
0.3775 -0.06426345 -0.06419418 -0.06416709 -0.0643145 -0.06052587 -0.061665937 -0.058950793 -0.06221564
0.378 -0.06427287 -0.06420488 -0.06417833 -0.0643231 -0.06052669 -0.061667856 -0.058952767 -0.06221644
0.3785 -0.06428218 -0.06421544 -0.06418942 -0.0643316 -0.060527507 -0.061669733 -0.05895469 -0.0622172
0.379 -0.06429136 -0.06422585 -0.06420035 -0.06433998 -0.06052828 -0.061671566 -0.058956604 -0.062217973
0.3795 -0.06430043 -0.06423613 -0.06421113 -0.06434826 -0.060529053 -0.06167336 -0.058958445 -0.062218748
0.38 -0.06430937 -0.06424626 -0.06422176 -0.06435644 -0.06052981 -0.06167513 -0.058960255 -0.062219493
0.3805 -0.06431821 -0.06425625 -0.06423225 -0.06436451 -0.06053056 -0.061676823 -0.058961976 -0.062220186
0.381 -0.06432693 -0.06426611 -0.06424259 -0.06437248 -0.060531314 -0.06167847 -0.05896372 -0.062220894
0.3815 -0.06433553 -0.06427584 -0.06425278 -0.06438036 -0.060532033 -0.061680082 -0.05896542 -0.062221587
0.382 -0.06434403 -0.06428543 -0.06426284 -0.06438813 -0.060532697 -0.061681677 -0.058967065 -0.062222235
0.3825 -0.06435241 -0.06429489 -0.06427275 -0.0643958 -0.060533367 -0.061683234 -0.05896868 -0.062222876
0.383 -0.06436069 -0.06430423 -0.06428253 -0.06440338 -0.060534038 -0.06168476 -0.05897026 -0.062223524
0.3835 -0.06436886 -0.06431343 -0.06429217 -0.06441086 -0.060534686 -0.06168628 -0.05897181 -0.062224135
0.384 -0.06437692 -0.06432252 -0.06430168 -0.06441825 -0.060535327 -0.06168774 -0.058973316 -0.06222473
0.3845 -0.06438488 -0.06433148 -0.06431106 -0.06442554 -0.060535915 -0.06168922 -0.058974776 -0.06222534
0.385 -0.06439274 -0.06434032 -0.0643203 -0.06443275 -0.06053655 -0.06169061 -0.058976237 -0.062225953
0.3855 -0.0644005 -0.06434903 -0.06432942 -0.06443986 -0.060537122 -0.061691973 -0.058977615 -0.062226497
0.386 -0.06440816 -0.06435763 -0.06433842 -0.06444688 -0.060537715 -0.06169333 -0.058979016 -0.062227093
0.3865 -0.06441571 -0.06436612 -0.06434729 -0.06445382 -0.060538277 -0.061694615 -0.058980394 -0.062227666
0.387 -0.06442318 -0.06437449 -0.06435604 -0.06446066 -0.060538836 -0.061695937 -0.05898172 -0.062228203
0.3875 -0.06443054 -0.06438275 -0.06436466 -0.06446743 -0.060539387 -0.06169721 -0.058982987 -0.06222876
0.388 -0.06443781 -0.06439089 -0.06437317 -0.0644741 -0.060539912 -0.061698437 -0.05898427 -0.06222929
0.3885 -0.06444499 -0.06439893 -0.06438156 -0.06448069 -0.060540453 -0.061699644 -0.058985475 -0.062229767
0.389 -0.06445207 -0.06440685 -0.06438984 -0.0644872 -0.060540948 -0.061700802 -0.058986682 -0.062230237
0.3895 -0.06445906 -0.06441467 -0.064398 -0.06449363 -0.060541436 -0.061701927 -0.05898789 -0.062230743
0.39 -0.06446596 -0.06442239 -0.06440605 -0.06449998 -0.060541913 -0.061703023 -0.05898903 -0.062231176
0.3905 -0.06447278 -0.06443 -0.06441399 -0.06450624 -0.060542356 -0.061704118 -0.058990184 -0.062231608
0.391 -0.0644795 -0.06443751 -0.06442182 -0.06451243 -0.06054283 -0.06170517 -0.0589913 -0.062232085
0.3915 -0.06448614 -0.06444491 -0.06442955 -0.06451854 -0.060543276 -0.06170622 -0.05899236 -0.0622325
0.392 -0.0644927 -0.06445222 -0.06443716 -0.06452457 -0.06054373 -0.06170722 -0.05899338 -0.062232904
0.3925 -0.06449917 -0.06445943 -0.06444468 -0.06453053 -0.060544126 -0.061708223 -0.0589944 -0.062233284
0.393 -0.06450555 -0.06446654 -0.06445208 -0.06453641 -0.06054457 -0.061709184 -0.058995422 -0.06223371
0.3935 -0.06451186 -0.06447356 -0.06445939 -0.06454222 -0.060544997 -0.061710145 -0.058996413 -0.062234074
0.394 -0.06451808 -0.06448048 -0.0644666 -0.06454795 -0.060545392 -0.061711054 -0.05899738 -0.0622345
0.3945 -0.06452422 -0.06448731 -0.06447371 -0.06455362 -0.06054579 -0.061711982 -0.05899832 -0.062234856
0.395 -0.06453029 -0.06449404 -0.06448072 -0.06455921 -0.06054618 -0.06171282 -0.058999237 -0.06223517
0.3955 -0.06453627 -0.06450069 -0.06448764 -0.06456473 -0.060546547 -0.06171372 -0.059000146 -0.062235534
0.396 -0.06454218 -0.06450725 -0.06449446 -0.06457018 -0.06054692 -0.06171457 -0.05900101 -0.062235884
0.3965 -0.06454801 -0.06451372 -0.06450119 -0.06457556 -0.060547277 -0.061715398 -0.059001837 -0.062236227
0.397 -0.06455377 -0.0645201 -0.06450783 -0.06458088 -0.060547665 -0.061716225 -0.059002656 -0.062236555
0.3975 -0.06455946 -0.0645264 -0.06451437 -0.06458613 -0.060548007 -0.061716985 -0.059003536 -0.06223689
0.398 -0.06456507 -0.06453261 -0.06452083 -0.06459131 -0.060548328 -0.061717752 -0.05900434 -0.062237203
0.3985 -0.06457061 -0.06453874 -0.0645272 -0.06459643 -0.060548674 -0.06171851 -0.059005085 -0.062237486
0.399 -0.06457608 -0.06454479 -0.06453348 -0.06460148 -0.06054897 -0.061719228 -0.059005883 -0.062237807
0.3995 -0.06458147 -0.06455076 -0.06453968 -0.06460647 -0.060549326 -0.061719976 -0.05900662 -0.062238105
0.4 -0.0645868 -0.06455664 -0.06454579 -0.0646114 -0.06054964 -0.061720684 -0.05900735 -0.062238492
0.4005 -0.06459206 -0.06456245 -0.06455182 -0.06461627 -0.060549907 -0.061721418 -0.059008095 -0.06223882
0.401 -0.06459725 -0.06456818 -0.06455776 -0.06462107 -0.060550213 -0.06172208 -0.059008796 -0.06223906
0.4015 -0.06460238 -0.06457383 -0.06456363 -0.06462581 -0.06055052 -0.06172275 -0.05900949 -0.06223937
0.402 -0.06460744 -0.06457941 -0.06456941 -0.0646305 -0.060550787 -0.06172339 -0.059010122 -0.062239647
0.4025 -0.06461244 -0.06458492 -0.06457512 -0.06463512 -0.060551055 -0.061724022 -0.059010763 -0.062239885
0.403 -0.06461737 -0.06459035 -0.06458075 -0.06463969 -0.060551323 -0.061724648 -0.059011403 -0.0622401
0.4035 -0.06462223 -0.06459571 -0.06458631 -0.0646442 -0.06055156 -0.061725218 -0.059012044 -0.062240347
0.404 -0.06462704 -0.06460099 -0.06459178 -0.06464865 -0.060551822 -0.06172585 -0.059012663 -0.062240623
0.4045 -0.06463178 -0.06460621 -0.06459719 -0.06465305 -0.060552057 -0.061726447 -0.059013266 -0.06224089
0.405 -0.06463647 -0.06461135 -0.06460252 -0.06465739 -0.060552318 -0.061727013 -0.059013832 -0.062241122
0.4055 -0.06464109 -0.06461643 -0.06460778 -0.06466168 -0.06055257 -0.06172759 -0.05901442 -0.062241368
0.406 -0.06464565 -0.06462144 -0.06461296 -0.06466592 -0.060552787 -0.0617281 -0.059014965 -0.062241584
0.4065 -0.06465016 -0.06462639 -0.06461808 -0.0646701 -0.06055302 -0.06172862 -0.059015546 -0.062241815
0.407 -0.06465461 -0.06463126 -0.06462313 -0.06467422 -0.060553245 -0.061729144 -0.059016112 -0.062242046
0.4075 -0.064659 -0.06463608 -0.06462811 -0.0646783 -0.06055349 -0.061729673 -0.059016604 -0.062242247
0.408 -0.06466333 -0.06464083 -0.06463302 -0.06468233 -0.060553677 -0.061730135 -0.05901711 -0.06224242
0.4085 -0.06466761 -0.06464551 -0.06463787 -0.0646863 -0.06055391 -0.061730642 -0.059017595 -0.062242612
0.409 -0.06467183 -0.06465014 -0.06464265 -0.06469022 -0.0605541 -0.061731134 -0.059018094 -0.062242843
0.4095 -0.064676 -0.0646547 -0.06464736 -0.0646941 -0.060554318 -0.061731648 -0.059018593 -0.06224303
0.41 -0.06468012 -0.0646592 -0.06465201 -0.06469793 -0.06055452 -0.06173207 -0.059019063 -0.06224318
0.4105 -0.06468418 -0.06466364 -0.0646566 -0.06470171 -0.06055469 -0.061732505 -0.059019525 -0.062243372
0.411 -0.0646882 -0.06466802 -0.06466113 -0.06470544 -0.060554877 -0.06173292 -0.059019927 -0.06224352
0.4115 -0.06469216 -0.06467235 -0.0646656 -0.06470912 -0.060555056 -0.061733346 -0.059020374 -0.062243707
0.412 -0.06469607 -0.06467661 -0.06467 -0.06471276 -0.060555264 -0.06173378 -0.059020814 -0.062243916
0.4125 -0.06469993 -0.06468083 -0.06467435 -0.06471635 -0.060555443 -0.06173418 -0.059021223 -0.06224408
0.413 -0.06470374 -0.06468498 -0.06467864 -0.0647199 -0.060555592 -0.061734598 -0.059021603 -0.06224423
0.4135 -0.0647075 -0.06468908 -0.06468287 -0.0647234 -0.06055574 -0.061734967 -0.059022043 -0.06224443
0.414 -0.06471121 -0.06469313 -0.06468704 -0.06472686 -0.06055592 -0.061735332 -0.059022415 -0.06224458
0.4145 -0.06471488 -0.06469712 -0.06469116 -0.06473028 -0.060556073 -0.061735723 -0.05902281 -0.06224472
0.415 -0.0647185 -0.06470106 -0.06469522 -0.06473365 -0.060556248 -0.061736036 -0.05902319 -0.062244825
0.4155 -0.06472207 -0.06470494 -0.06469923 -0.06473698 -0.06055636 -0.0617364 -0.059023548 -0.062244996
0.416 -0.0647256 -0.06470878 -0.06470318 -0.06474027 -0.06055653 -0.06173673 -0.05902392 -0.062245123
0.4165 -0.06472908 -0.06471256 -0.06470708 -0.06474352 -0.060556684 -0.061737064 -0.059024263 -0.062245257
0.417 -0.06473252 -0.0647163 -0.06471093 -0.06474672 -0.060556836 -0.06173741 -0.059024606 -0.062245347
0.4175 -0.06473591 -0.06471998 -0.06471473 -0.06474989 -0.060556956 -0.061737712 -0.05902495 -0.06224554
0.418 -0.06473926 -0.06472362 -0.06471847 -0.06475302 -0.060557112 -0.06173801 -0.059025306 -0.062245674
0.4185 -0.06474257 -0.06472721 -0.06472217 -0.06475611 -0.06055724 -0.061738316 -0.05902562 -0.062245823
0.419 -0.06474583 -0.06473075 -0.06472582 -0.06475915 -0.060557358 -0.06173864 -0.059025932 -0.06224598
0.4195 -0.06474906 -0.06473424 -0.06472941 -0.06476217 -0.060557477 -0.061738964 -0.059026215 -0.0622461
0.42 -0.06475224 -0.06473769 -0.06473296 -0.06476514 -0.060557622 -0.061739255 -0.059026543 -0.062246233
0.4205 -0.06475538 -0.0647411 -0.06473646 -0.06476807 -0.06055773 -0.061739527 -0.059026804 -0.06224636
0.421 -0.06475848 -0.06474445 -0.06473992 -0.06477097 -0.060557842 -0.0617398 -0.05902711 -0.062246464
0.4215 -0.06476154 -0.06474777 -0.06474333 -0.06477384 -0.06055798 -0.061740097 -0.059027378 -0.06224659
0.422 -0.06476457 -0.06475104 -0.06474669 -0.06477666 -0.060558107 -0.06174037 -0.05902764 -0.062246732
0.4225 -0.06476755 -0.06475426 -0.06475001 -0.06477945 -0.060558207 -0.061740633 -0.059027907 -0.062246837
0.423 -0.0647705 -0.06475745 -0.06475328 -0.06478221 -0.06055832 -0.06174088 -0.059028197 -0.06224695
0.4235 -0.06477341 -0.06476059 -0.06475651 -0.06478493 -0.060558423 -0.061741147 -0.059028435 -0.062247053
0.424 -0.06477628 -0.06476369 -0.0647597 -0.06478762 -0.060558535 -0.061741415 -0.059028644 -0.062247105
0.4245 -0.06477911 -0.06476675 -0.06476284 -0.06479027 -0.06055864 -0.061741646 -0.059028927 -0.062247217
0.425 -0.06478191 -0.06476977 -0.06476594 -0.06479289 -0.060558744 -0.061741844 -0.05902918 -0.06224735
0.4255 -0.06478467 -0.06477275 -0.064769 -0.06479548 -0.06055883 -0.061742056 -0.059029434 -0.062247463
0.426 -0.0647874 -0.06477569 -0.06477202 -0.06479804 -0.06055896 -0.061742287 -0.059029642 -0.062247567
0.4265 -0.06479009 -0.0647786 -0.064775 -0.06480056 -0.060559053 -0.06174251 -0.059029866 -0.06224759
0.427 -0.06479275 -0.06478146 -0.06477794 -0.06480305 -0.060559157 -0.06174273 -0.059030104 -0.0622477
0.4275 -0.06479538 -0.06478429 -0.06478084 -0.06480551 -0.06055923 -0.061742924 -0.0590303 -0.062247798
0.428 -0.06479797 -0.06478708 -0.0647837 -0.06480794 -0.060559355 -0.061743144 -0.05903049 -0.062247865
0.4285 -0.06480053 -0.06478983 -0.06478653 -0.06481034 -0.06055945 -0.061743338 -0.0590307 -0.062247902
0.429 -0.06480305 -0.06479255 -0.06478931 -0.06481271 -0.06055952 -0.06174352 -0.05903087 -0.062248014
0.4295 -0.06480555 -0.06479523 -0.06479206 -0.06481505 -0.06055958 -0.06174373 -0.059031066 -0.06224808
0.43 -0.06480801 -0.06479787 -0.06479478 -0.06481736 -0.060559668 -0.0617439 -0.059031267 -0.062248163
0.4305 -0.06481044 -0.06480048 -0.06479745 -0.06481964 -0.060559727 -0.06174406 -0.059031468 -0.062248215
0.431 -0.06481284 -0.06480306 -0.06480009 -0.06482189 -0.06055981 -0.061744224 -0.059031654 -0.062248282
0.4315 -0.06481521 -0.0648056 -0.0648027 -0.06482412 -0.06055989 -0.06174438 -0.05903184 -0.062248364
0.432 -0.06481755 -0.06480811 -0.06480527 -0.06482632 -0.06055996 -0.061744552 -0.05903201 -0.06224843
0.4325 -0.06481985 -0.06481059 -0.06480781 -0.06482848 -0.060559995 -0.061744723 -0.059032183 -0.062248513
0.433 -0.06482213 -0.06481303 -0.06481031 -0.06483063 -0.06056007 -0.061744872 -0.05903239 -0.06224861
0.4335 -0.06482438 -0.06481545 -0.06481278 -0.06483274 -0.06056014 -0.061745033 -0.059032563 -0.06224867
0.434 -0.06482661 -0.06481783 -0.06481522 -0.06483483 -0.06056021 -0.0617452 -0.059032705 -0.062248737
0.4345 -0.0648288 -0.06482018 -0.06481763 -0.06483689 -0.06056027 -0.061745364 -0.05903284 -0.062248833
0.435 -0.06483096 -0.0648225 -0.06482 -0.06483893 -0.06056034 -0.061745528 -0.05903301 -0.062248886
0.4355 -0.0648331 -0.06482479 -0.06482234 -0.06484094 -0.060560398 -0.061745655 -0.059033174 -0.062248968
0.436 -0.06483521 -0.06482704 -0.06482465 -0.06484293 -0.060560465 -0.061745796 -0.059033353 -0.06224902
0.4365 -0.0648373 -0.06482927 -0.06482693 -0.06484489 -0.060560495 -0.061745953 -0.059033472 -0.062249087
0.437 -0.06483935 -0.06483147 -0.06482918 -0.06484682 -0.06056056 -0.061746065 -0.05903365 -0.062249124
0.4375 -0.06484139 -0.06483364 -0.0648314 -0.06484874 -0.060560636 -0.06174619 -0.05903377 -0.062249176
0.438 -0.06484339 -0.06483579 -0.06483359 -0.06485063 -0.060560692 -0.061746288 -0.059033874 -0.06224922
0.4385 -0.06484537 -0.0648379 -0.06483576 -0.06485249 -0.060560767 -0.06174642 -0.05903401 -0.062249288
0.439 -0.06484733 -0.06483999 -0.06483789 -0.06485433 -0.060560815 -0.06174654 -0.059034128 -0.06224937
0.4395 -0.06484926 -0.06484205 -0.06484 -0.06485615 -0.06056086 -0.061746653 -0.05903426 -0.0622494
0.44 -0.06485116 -0.06484408 -0.06484207 -0.06485795 -0.060560893 -0.06174677 -0.05903438 -0.062249437
0.4405 -0.06485304 -0.06484609 -0.06484412 -0.06485972 -0.06056095 -0.061746877 -0.059034515 -0.062249467
0.441 -0.0648549 -0.06484807 -0.06484615 -0.06486147 -0.06056098 -0.061746996 -0.05903462 -0.062249534
0.4415 -0.06485673 -0.06485002 -0.06484814 -0.0648632 -0.06056104 -0.06174712 -0.05903474 -0.062249586
0.442 -0.06485854 -0.06485195 -0.06485011 -0.06486491 -0.06056106 -0.06174721 -0.059034858 -0.062249616
0.4425 -0.06486033 -0.06485386 -0.06485206 -0.06486659 -0.060561106 -0.061747316 -0.059034955 -0.062249653
0.443 -0.06486209 -0.06485574 -0.06485397 -0.06486826 -0.060561158 -0.061747406 -0.05903505 -0.062249683
0.4435 -0.06486384 -0.06485759 -0.06485587 -0.0648699 -0.06056121 -0.061747532 -0.059035156 -0.062249728
0.444 -0.06486556 -0.06485942 -0.06485774 -0.06487152 -0.060561255 -0.061747603 -0.059035275 -0.06224975
0.4445 -0.06486725 -0.06486123 -0.06485958 -0.06487313 -0.060561262 -0.061747696 -0.059035357 -0.06224978
0.445 -0.06486893 -0.06486301 -0.0648614 -0.06487471 -0.06056132 -0.061747793 -0.05903547 -0.062249817
0.4455 -0.06487059 -0.06486477 -0.06486319 -0.06487627 -0.06056136 -0.061747912 -0.059035573 -0.062249787
0.446 -0.06487222 -0.06486651 -0.06486496 -0.06487782 -0.060561396 -0.06174795 -0.059035677 -0.06224984
0.4465 -0.06487383 -0.06486822 -0.06486671 -0.06487934 -0.06056142 -0.06174804 -0.059035737 -0.06224984
0.447 -0.06487543 -0.06486992 -0.06486844 -0.06488085 -0.06056147 -0.0617481 -0.059035826 -0.062249877
0.4475 -0.064877 -0.06487159 -0.06487014 -0.06488234 -0.060561515 -0.061748218 -0.059035886 -0.062249906
0.448 -0.06487855 -0.06487323 -0.06487182 -0.0648838 -0.060561534 -0.061748307 -0.05903594 -0.06224999
0.4485 -0.06488009 -0.06487486 -0.06487348 -0.06488525 -0.060561597 -0.06174841 -0.059036005 -0.062250048
0.449 -0.0648816 -0.06487647 -0.06487512 -0.06488668 -0.060561623 -0.061748486 -0.059036095 -0.06225007
0.4495 -0.06488309 -0.06487805 -0.06487673 -0.0648881 -0.060561664 -0.06174859 -0.05903617 -0.062250085
0.45 -0.06488457 -0.06487962 -0.06487832 -0.06488949 -0.060561694 -0.061748672 -0.05903626 -0.062250152
0.4505 -0.06488603 -0.06488116 -0.0648799 -0.06489087 -0.06056174 -0.061748706 -0.059036348 -0.062250182
0.451 -0.06488746 -0.06488268 -0.06488145 -0.06489223 -0.060561758 -0.061748784 -0.05903643 -0.062250227
0.4515 -0.06488888 -0.06488419 -0.06488298 -0.06489358 -0.06056179 -0.061748836 -0.05903652 -0.062250264
0.452 -0.06489029 -0.06488567 -0.06488449 -0.06489491 -0.060561843 -0.061748866 -0.05903658 -0.062250294
0.4525 -0.06489167 -0.06488714 -0.06488598 -0.06489622 -0.06056185 -0.061748948 -0.05903667 -0.06225036
0.453 -0.06489304 -0.06488858 -0.06488746 -0.06489751 -0.060561858 -0.061748996 -0.059036765 -0.062250376
0.4535 -0.06489439 -0.06489001 -0.06488891 -0.06489879 -0.06056188 -0.061749052 -0.05903684 -0.062250398
0.454 -0.06489572 -0.06489142 -0.06489034 -0.06490005 -0.06056191 -0.06174915 -0.0590369 -0.062250383
0.4545 -0.06489703 -0.06489281 -0.06489176 -0.0649013 -0.060561955 -0.061749224 -0.05903692 -0.06225037
0.455 -0.06489833 -0.06489419 -0.06489315 -0.06490253 -0.06056198 -0.061749287 -0.059036974 -0.062250413
0.4555 -0.06489961 -0.06489554 -0.06489453 -0.06490374 -0.060562022 -0.06174935 -0.059037004 -0.06225045
0.456 -0.06490088 -0.06489688 -0.06489589 -0.06490494 -0.060562067 -0.06174941 -0.059037063 -0.06225048
0.4565 -0.06490213 -0.0648982 -0.06489723 -0.06490613 -0.06056208 -0.06174947 -0.059037123 -0.062250532
0.457 -0.06490336 -0.0648995 -0.06489856 -0.0649073 -0.060562123 -0.06174954 -0.059037168 -0.062250577
0.4575 -0.06490458 -0.06490079 -0.06489987 -0.06490846 -0.06056216 -0.061749596 -0.059037212 -0.062250577
0.458 -0.06490578 -0.06490206 -0.06490116 -0.0649096 -0.0605622 -0.06174965 -0.059037287 -0.06225063
0.4585 -0.06490697 -0.06490331 -0.06490243 -0.06491073 -0.060562216 -0.061749715 -0.059037317 -0.06225066
0.459 -0.06490815 -0.06490455 -0.06490369 -0.06491184 -0.060562238 -0.061749782 -0.059037376 -0.06225069
0.4595 -0.0649093 -0.06490577 -0.06490493 -0.06491294 -0.06056223 -0.06174982 -0.059037436 -0.06225072
0.46 -0.06491045 -0.06490697 -0.06490615 -0.06491402 -0.060562268 -0.061749898 -0.059037488 -0.062250704
0.4605 -0.06491157 -0.06490816 -0.06490736 -0.0649151 -0.060562287 -0.061749924 -0.059037525 -0.062250786
0.461 -0.06491269 -0.06490934 -0.06490855 -0.06491615 -0.060562328 -0.061749946 -0.059037562 -0.06225077
0.4615 -0.06491379 -0.0649105 -0.06490973 -0.0649172 -0.060562328 -0.061749984 -0.0590376 -0.062250756
0.462 -0.06491488 -0.06491164 -0.06491089 -0.06491823 -0.060562335 -0.06175002 -0.059037644 -0.06225077
0.4625 -0.06491595 -0.06491277 -0.06491204 -0.06491925 -0.060562328 -0.06175002 -0.05903769 -0.062250786
0.463 -0.06491701 -0.06491388 -0.06491317 -0.06492026 -0.06056234 -0.06175005 -0.059037734 -0.06225074
0.4635 -0.06491805 -0.06491498 -0.06491429 -0.06492125 -0.06056237 -0.061750088 -0.059037764 -0.062250726
0.464 -0.06491908 -0.06491607 -0.06491539 -0.06492223 -0.060562365 -0.061750162 -0.05903781 -0.06225071
0.4645 -0.0649201 -0.06491714 -0.06491648 -0.0649232 -0.060562387 -0.06175021 -0.05903783 -0.062250696
0.465 -0.06492111 -0.0649182 -0.06491755 -0.06492416 -0.060562387 -0.06175029 -0.059037853 -0.062250733
0.4655 -0.0649221 -0.06491924 -0.06491861 -0.0649251 -0.060562406 -0.061750337 -0.059037868 -0.062250778
0.466 -0.06492308 -0.06492027 -0.06491966 -0.06492604 -0.06056243 -0.06175038 -0.059037913 -0.0622508
0.4665 -0.06492405 -0.06492129 -0.06492069 -0.06492696 -0.06056247 -0.061750416 -0.059037957 -0.062250815
0.467 -0.06492501 -0.0649223 -0.06492171 -0.06492787 -0.06056249 -0.06175046 -0.059038002 -0.062250845
0.4675 -0.06492595 -0.06492329 -0.06492271 -0.06492877 -0.06056252 -0.06175049 -0.059038017 -0.062250845
0.468 -0.06492689 -0.06492427 -0.0649237 -0.06492966 -0.06056253 -0.0617505 -0.05903807 -0.06225089
0.4685 -0.06492781 -0.06492523 -0.06492468 -0.06493053 -0.06056254 -0.06175053 -0.059038106 -0.06225089
0.469 -0.06492872 -0.06492619 -0.06492565 -0.0649314 -0.060562566 -0.061750576 -0.059038136 -0.06225089
0.4695 -0.06492961 -0.06492713 -0.06492661 -0.06493225 -0.060562573 -0.06175062 -0.059038196 -0.062250905
0.47 -0.0649305 -0.06492806 -0.06492755 -0.0649331 -0.06056258 -0.061750643 -0.059038218 -0.06225089
0.4705 -0.06493137 -0.06492898 -0.06492848 -0.06493393 -0.060562573 -0.061750684 -0.05903824 -0.062250875
0.471 -0.06493224 -0.06492988 -0.06492939 -0.06493476 -0.060562577 -0.061750706 -0.059038255 -0.062250875
0.4715 -0.06493309 -0.06493078 -0.0649303 -0.06493557 -0.060562573 -0.06175072 -0.059038322 -0.06225086
0.472 -0.06493393 -0.06493166 -0.06493119 -0.06493637 -0.060562573 -0.06175076 -0.05903833 -0.06225086
0.4725 -0.06493476 -0.06493253 -0.06493208 -0.06493716 -0.06056258 -0.061750762 -0.059038345 -0.06225086
0.473 -0.06493558 -0.06493339 -0.06493295 -0.06493795 -0.06056259 -0.061750773 -0.059038375 -0.062250897
0.4735 -0.06493639 -0.06493424 -0.06493381 -0.06493872 -0.060562592 -0.061750777 -0.05903841 -0.062250927
0.474 -0.06493719 -0.06493507 -0.06493465 -0.06493948 -0.060562596 -0.061750796 -0.059038464 -0.06225095
0.4745 -0.06493798 -0.0649359 -0.06493549 -0.06494024 -0.06056259 -0.061750833 -0.059038486 -0.062250994
0.475 -0.06493876 -0.06493672 -0.06493632 -0.06494098 -0.06056258 -0.061750855 -0.059038486 -0.06225098
0.4755 -0.06493954 -0.06493752 -0.06493713 -0.06494172 -0.06056258 -0.06175087 -0.05903851 -0.062250994
0.476 -0.0649403 -0.06493832 -0.06493794 -0.06494244 -0.060562596 -0.061750878 -0.05903853 -0.06225101
0.4765 -0.06494105 -0.0649391 -0.06493873 -0.06494316 -0.060562626 -0.061750878 -0.059038553 -0.06225101
0.477 -0.06494179 -0.06493988 -0.06493952 -0.06494387 -0.06056264 -0.06175087 -0.059038583 -0.062251024
0.4775 -0.06494252 -0.06494065 -0.06494029 -0.06494457 -0.06056264 -0.06175084 -0.059038606 -0.062251024
0.478 -0.06494324 -0.0649414 -0.06494106 -0.06494526 -0.060562678 -0.061750863 -0.059038613 -0.062251024
0.4785 -0.06494396 -0.06494215 -0.06494181 -0.06494594 -0.060562685 -0.06175084 -0.059038628 -0.062251054
0.479 -0.06494466 -0.06494288 -0.06494255 -0.06494661 -0.060562707 -0.06175084 -0.059038658 -0.06225107
0.4795 -0.06494536 -0.06494361 -0.06494329 -0.06494728 -0.060562722 -0.061750818 -0.05903868 -0.062251054
0.48 -0.06494604 -0.06494433 -0.06494402 -0.06494793 -0.060562767 -0.061750818 -0.059038695 -0.062251084
0.4805 -0.06494672 -0.06494503 -0.06494473 -0.06494858 -0.060562775 -0.061750803 -0.05903871 -0.0622511
0.481 -0.06494739 -0.06494573 -0.06494544 -0.06494922 -0.060562782 -0.061750803 -0.059038725 -0.062251084
0.4815 -0.06494805 -0.06494642 -0.06494614 -0.06494986 -0.060562775 -0.061750818 -0.059038717 -0.062251084
0.482 -0.06494871 -0.0649471 -0.06494682 -0.06495048 -0.060562797 -0.061750848 -0.05903874 -0.062251084
0.4825 -0.06494935 -0.06494778 -0.0649475 -0.0649511 -0.060562797 -0.061750885 -0.059038755 -0.0622511
0.483 -0.06494999 -0.06494844 -0.06494817 -0.06495171 -0.060562804 -0.06175092 -0.059038777 -0.062251136
0.4835 -0.06495062 -0.0649491 -0.06494884 -0.06495231 -0.06056282 -0.061750975 -0.059038777 -0.06225115
0.484 -0.06495124 -0.06494974 -0.06494949 -0.0649529 -0.060562804 -0.061751008 -0.0590388 -0.062251166
0.4845 -0.06495185 -0.06495038 -0.06495014 -0.06495349 -0.060562804 -0.061751027 -0.059038807 -0.06225115
0.485 -0.06495245 -0.06495101 -0.06495077 -0.06495407 -0.060562797 -0.06175104 -0.05903882 -0.06225115
0.4855 -0.06495305 -0.06495163 -0.0649514 -0.06495464 -0.060562797 -0.06175105 -0.05903883 -0.06225115
0.486 -0.06495364 -0.06495225 -0.06495202 -0.0649552 -0.060562797 -0.06175105 -0.05903885 -0.06225115
0.4865 -0.06495422 -0.06495286 -0.06495263 -0.06495576 -0.06056281 -0.061751056 -0.059038866 -0.062251136
0.487 -0.0649548 -0.06495345 -0.06495324 -0.06495631 -0.06056282 -0.061751064 -0.059038866 -0.062251136
0.4875 -0.06495537 -0.06495405 -0.06495384 -0.06495686 -0.060562827 -0.061751064 -0.05903888 -0.062251136
0.488 -0.06495593 -0.06495463 -0.06495443 -0.06495739 -0.060562827 -0.061751064 -0.059038896 -0.062251136
0.4885 -0.06495648 -0.06495521 -0.06495501 -0.06495792 -0.060562834 -0.061751064 -0.059038896 -0.062251136
0.489 -0.06495703 -0.06495577 -0.06495558 -0.06495845 -0.06056284 -0.06175106 -0.05903891 -0.062251173
0.4895 -0.06495757 -0.06495634 -0.06495615 -0.06495897 -0.06056285 -0.06175107 -0.059038926 -0.062251218
0.49 -0.0649581 -0.06495689 -0.06495671 -0.06495948 -0.060562856 -0.06175107 -0.05903894 -0.062251233
0.4905 -0.06495863 -0.06495744 -0.06495726 -0.06495998 -0.060562853 -0.06175107 -0.059038933 -0.062251247
0.491 -0.06495915 -0.06495798 -0.0649578 -0.06496048 -0.06056286 -0.06175107 -0.05903895 -0.062251247
0.4915 -0.06495966 -0.06495851 -0.06495834 -0.06496097 -0.060562868 -0.06175108 -0.059038963 -0.062251247
0.492 -0.06496017 -0.06495904 -0.06495887 -0.06496146 -0.06056287 -0.06175108 -0.059038978 -0.062251247
0.4925 -0.06496067 -0.06495956 -0.0649594 -0.06496194 -0.06056287 -0.06175108 -0.059038993 -0.062251247
0.493 -0.06496116 -0.06496007 -0.06495991 -0.06496241 -0.06056288 -0.061751086 -0.059038993 -0.062251247
0.4935 -0.06496165 -0.06496057 -0.06496043 -0.06496288 -0.06056288 -0.061751086 -0.059038993 -0.062251247
0.494 -0.06496213 -0.06496107 -0.06496093 -0.06496334 -0.06056289 -0.061751094 -0.059039015 -0.062251233
0.4945 -0.0649626 -0.06496157 -0.06496143 -0.0649638 -0.060562886 -0.061751094 -0.059039015 -0.062251233
0.495 -0.06496307 -0.06496206 -0.06496192 -0.06496425 -0.06056287 -0.0617511 -0.059039015 -0.062251247
0.4955 -0.06496354 -0.06496254 -0.0649624 -0.06496469 -0.060562886 -0.061751124 -0.05903903 -0.062251247
0.496 -0.06496399 -0.06496301 -0.06496288 -0.06496513 -0.06056289 -0.06175114 -0.059039038 -0.062251262
0.4965 -0.06496445 -0.06496348 -0.06496335 -0.06496557 -0.06056289 -0.061751153 -0.059039045 -0.062251262
0.497 -0.06496489 -0.06496394 -0.06496382 -0.06496599 -0.0605629 -0.061751176 -0.05903906 -0.062251262
0.4975 -0.06496533 -0.0649644 -0.06496428 -0.06496642 -0.0605629 -0.061751176 -0.05903906 -0.062251262
0.498 -0.06496577 -0.06496485 -0.06496474 -0.06496684 -0.060562905 -0.061751183 -0.059039067 -0.062251262
0.4985 -0.0649662 -0.0649653 -0.06496519 -0.06496725 -0.060562905 -0.06175119 -0.059039075 -0.062251262
0.499 -0.06496662 -0.06496574 -0.06496563 -0.06496766 -0.060562912 -0.061751198 -0.059039075 -0.062251262
0.4995 -0.06496704 -0.06496617 -0.06496607 -0.06496806 -0.060562916 -0.061751198 -0.05903909 -0.062251262
0.5 -0.06496745 -0.0649666 -0.0649665 -0.06496846 -0.060562916 -0.061751198 -0.05903909 -0.062251262
