0.0 -0.065 -0.065 -0.065 -0.065 -0.03899598 -0.048606306 -0.04000751 -0.04764442
0.0005 -0.065 -0.065 -0.065 -0.065 -0.046860754 -0.05825381 -0.056020718 -0.05596674
0.001 -0.065 -0.065 -0.065 -0.065 -0.052299295 -0.06134735 -0.061983105 -0.058889844
0.0015 -0.065 -0.065 -0.065 -0.065 -0.056531716 -0.061961137 -0.064149305 -0.060149908
0.002 -0.065 -0.065 -0.065 -0.065 -0.05973609 -0.061793692 -0.06482422 -0.06101665
0.0025 -0.065 -0.065 -0.065 -0.065 -0.062067624 -0.061540253 -0.06490084 -0.061813988
0.003 -0.065 -0.065 -0.065 -0.065 -0.063724786 -0.06143439 -0.06474876 -0.06258002
0.0035 -0.065 -0.065 -0.065 -0.065 -0.06489389 -0.061510876 -0.06452592 -0.063291505
0.004 -0.065 -0.065 -0.065 -0.065 -0.065722205 -0.061732277 -0.06429879 -0.06392702
0.0045 -0.065 -0.065 -0.065 -0.065 -0.06631619 -0.06204526 -0.06409257 -0.06447781
0.005 -0.065 -0.065 -0.065 -0.065 -0.06674893 -0.062402703 -0.06391385 -0.06494509
0.0055 -0.065 -0.065 -0.065 -0.065 -0.06706941 -0.062769875 -0.06376129 -0.0653356
0.006 -0.065 -0.065 -0.065 -0.065 -0.06730999 -0.06312412 -0.06363083 -0.06565835
0.0065 -0.065 -0.065 -0.065 -0.065 -0.06749207 -0.06345241 -0.063518025 -0.06592271
0.007 -0.065 -0.065 -0.065 -0.065 -0.067629896 -0.063748434 -0.063419044 -0.06613738
0.0075 -0.065 -0.065 -0.065 -0.065 -0.06773318 -0.06401027 -0.06333089 -0.06631008
0.008 -0.065 -0.065 -0.065 -0.065 -0.067808725 -0.06423863 -0.063251406 -0.06644739
0.0085 -0.065 -0.065 -0.065 -0.065 -0.06786144 -0.06443562 -0.06317906 -0.06655487
0.009 -0.065 -0.065 -0.065 -0.065 -0.067895055 -0.064603984 -0.06311279 -0.06663712
0.0095 -0.065 -0.065 -0.065 -0.065 -0.06791249 -0.064746656 -0.06305189 -0.06669803
0.01 -0.065 -0.065 -0.065 -0.065 -0.06791614 -0.06486646 -0.06299585 -0.06674083
0.0105 -0.065 -0.065 -0.065 -0.065 -0.06790799 -0.06496604 -0.062944286 -0.06676823
0.011 -0.065 -0.065 -0.065 -0.065 -0.06788971 -0.06504776 -0.06289689 -0.06678253
0.0115 -0.065 -0.065 -0.065 -0.065 -0.06786276 -0.06511376 -0.06285342 -0.06678566
0.012 -0.065 -0.065 -0.065 -0.065 -0.067828394 -0.06516591 -0.06281361 -0.066779286
0.0125 -0.065 -0.065 -0.065 -0.065 -0.06778775 -0.065205865 -0.06277729 -0.06676483
0.013 -0.065 -0.065 -0.065 -0.065 -0.06774176 -0.06523507 -0.06274423 -0.066743515
0.0135 -0.065 -0.065 -0.065 -0.065 -0.06769125 -0.06525483 -0.062714234 -0.066716395
0.014 -0.065 -0.065 -0.065 -0.065 -0.06763699 -0.065266274 -0.06268712 -0.066684365
0.0145 -0.065 -0.065 -0.065 -0.065 -0.06757959 -0.0652704 -0.06266269 -0.06664824
0.015 -0.065 -0.065 -0.065 -0.065 -0.067519635 -0.06526812 -0.062640786 -0.0666087
0.0155 -0.065 -0.065 -0.065 -0.065 -0.06745762 -0.06526022 -0.06262124 -0.066566326
0.016 -0.065 -0.065 -0.065 -0.065 -0.06739394 -0.06524739 -0.062603876 -0.06652163
0.0165 -0.065 -0.065 -0.065 -0.065 -0.06732902 -0.065230265 -0.06258856 -0.06647508
0.017 -0.065 -0.065 -0.065 -0.065 -0.067263156 -0.065209396 -0.06257512 -0.066427045
0.0175 -0.065 -0.065 -0.065 -0.065 -0.06719662 -0.065185286 -0.062563434 -0.06637786
0.018 -0.065 -0.065 -0.065 -0.065 -0.0671297 -0.06515838 -0.06255339 -0.06632784
0.0185 -0.065 -0.065 -0.065 -0.065 -0.06706259 -0.065129064 -0.062544845 -0.06627721
0.019 -0.065 -0.065 -0.065 -0.065 -0.06699547 -0.065097675 -0.06253768 -0.066226214
0.0195 -0.065 -0.065 -0.065 -0.065 -0.06692853 -0.06506457 -0.0625318 -0.06617502
0.02 -0.065 -0.065 -0.065 -0.065 -0.0668619 -0.065029986 -0.06252712 -0.066123806
0.0205 -0.065 -0.065 -0.065 -0.065 -0.06679568 -0.06499417 -0.0625235 -0.0660727
0.021 -0.065 -0.065 -0.065 -0.065 -0.06672999 -0.06495737 -0.062520884 -0.066021845
0.0215 -0.065 -0.065 -0.065 -0.065 -0.06666495 -0.06491977 -0.06251918 -0.06597132
0.022 -0.065 -0.065 -0.065 -0.065 -0.066600606 -0.06488154 -0.06251832 -0.06592122
0.0225 -0.065 -0.065 -0.065 -0.065 -0.06653702 -0.06484285 -0.06251822 -0.06587163
0.023 -0.065 -0.065 -0.065 -0.065 -0.06647426 -0.06480381 -0.0625188 -0.0658226
0.0235 -0.065 -0.065 -0.065 -0.065 -0.06641237 -0.06476457 -0.06252002 -0.0657742
0.024 -0.065 -0.065 -0.065 -0.065 -0.06635138 -0.06472521 -0.0625218 -0.06572646
0.0245 -0.065 -0.065 -0.065 -0.065 -0.06629133 -0.06468586 -0.0625241 -0.06567942
0.025 -0.065 -0.065 -0.065 -0.065 -0.066232234 -0.06464659 -0.06252688 -0.06563311
0.0255 -0.065 -0.065 -0.065 -0.065 -0.06617415 -0.06460747 -0.062530085 -0.065587565
0.026 -0.065 -0.065 -0.065 -0.065 -0.06611703 -0.06456856 -0.062533654 -0.06554279
0.0265 -0.065 -0.065 -0.065 -0.065 -0.06606093 -0.06452995 -0.062537566 -0.0654988
0.027 -0.065 -0.065 -0.065 -0.065 -0.06600587 -0.06449165 -0.06254178 -0.06545561
0.0275 -0.065 -0.065 -0.065 -0.065 -0.065951794 -0.06445372 -0.06254625 -0.06541322
0.028 -0.065 -0.065 -0.065 -0.065 -0.065898746 -0.0644162 -0.062550955 -0.06537165
0.0285 -0.065 -0.065 -0.065 -0.065 -0.0658467 -0.06437912 -0.06255586 -0.06533086
0.029 -0.065 -0.065 -0.065 -0.065 -0.06579569 -0.064342506 -0.06256094 -0.065290906
0.0295 -0.065 -0.065 -0.065 -0.065 -0.0657457 -0.06430641 -0.06256617 -0.06525176
0.03 -0.065 -0.065 -0.065 -0.065 -0.06569667 -0.06427081 -0.06257153 -0.0652134
0.0305 -0.065 -0.065 -0.065 -0.065 -0.06564866 -0.06423574 -0.06257699 -0.06517584
0.031 -0.065 -0.065 -0.065 -0.065 -0.065601625 -0.06420122 -0.06258254 -0.06513906
0.0315 -0.065 -0.065 -0.065 -0.065 -0.06555554 -0.06416725 -0.06258813 -0.065103054
0.032 -0.065 -0.065 -0.065 -0.065 -0.06551044 -0.064133845 -0.0625938 -0.06506782
0.0325 -0.065 -0.065 -0.065 -0.065 -0.06546627 -0.064101 -0.0625995 -0.06503335
0.033 -0.065 -0.065 -0.065 -0.065 -0.065423034 -0.06406876 -0.062605225 -0.06499962
0.0335 -0.065 -0.065 -0.065 -0.065 -0.065380715 -0.06403707 -0.06261095 -0.06496662
0.034 -0.065 -0.065 -0.065 -0.065 -0.06533931 -0.06400598 -0.06261668 -0.06493435
0.0345 -0.065 -0.065 -0.065 -0.065 -0.06529878 -0.06397545 -0.0626224 -0.06490278
0.035 -0.065 -0.065 -0.065 -0.065 -0.06525913 -0.06394551 -0.06262808 -0.064871915
0.0355 -0.065 -0.065 -0.065 -0.065 -0.06522034 -0.06391614 -0.062633745 -0.06484173
0.036 -0.065 -0.065 -0.065 -0.065 -0.06518239 -0.06388734 -0.06263937 -0.06481222
0.0365 -0.065 -0.065 -0.065 -0.065 -0.06514527 -0.06385911 -0.062644936 -0.06478337
0.037 -0.065 -0.065 -0.065 -0.065 -0.065108955 -0.06383144 -0.06265044 -0.064755164
0.0375 -0.065 -0.065 -0.065 -0.065 -0.065073445 -0.06380433 -0.0626559 -0.064727604
0.038 -0.065 -0.065 -0.065 -0.065 -0.06503871 -0.06377776 -0.06266131 -0.06470065
0.0385 -0.065 -0.065 -0.065 -0.065 -0.06500475 -0.06375176 -0.06266663 -0.06467431
0.039 -0.065 -0.065 -0.065 -0.065 -0.064971544 -0.063726276 -0.062671885 -0.06464857
0.0395 -0.065 -0.065 -0.065 -0.065 -0.064939074 -0.063701324 -0.06267707 -0.06462341
0.04 -0.065 -0.065 -0.065 -0.065 -0.06490733 -0.06367691 -0.06268218 -0.06459881
0.0405 -0.065 -0.065 -0.065 -0.065 -0.064876266 -0.063652985 -0.0626872 -0.06457478
0.041 -0.065 -0.065 -0.065 -0.065 -0.06484591 -0.06362958 -0.06269214 -0.064551294
0.0415 -0.065 -0.065 -0.065 -0.065 -0.06481622 -0.06360669 -0.06269699 -0.06452833
0.042 -0.065 -0.065 -0.065 -0.065 -0.064787224 -0.06358427 -0.062701754 -0.064505905
0.0425 -0.065 -0.065 -0.065 -0.065 -0.06475887 -0.06356233 -0.06270644 -0.06448398
0.043 -0.065 -0.065 -0.065 -0.065 -0.06473112 -0.063540876 -0.06271104 -0.06446256
0.0435 -0.065 -0.065 -0.065 -0.065 -0.06470401 -0.06351988 -0.06271554 -0.06444162
0.044 -0.065 -0.065 -0.065 -0.065 -0.06467751 -0.06349935 -0.06271995 -0.06442117
0.0445 -0.065 -0.065 -0.065 -0.065 -0.06465161 -0.06347925 -0.062724285 -0.06440117
0.045 -0.065 -0.065 -0.065 -0.065 -0.06462628 -0.0634596 -0.06272851 -0.06438164
0.0455 -0.065 -0.065 -0.065 -0.065 -0.06460151 -0.063440375 -0.06273265 -0.06436255
0.046 -0.065 -0.065 -0.065 -0.065 -0.064577326 -0.063421585 -0.06273671 -0.0643439
0.0465 -0.065 -0.065 -0.065 -0.065 -0.06455366 -0.063403204 -0.06274067 -0.06432567
0.047 -0.065 -0.065 -0.065 -0.065 -0.06453055 -0.06338522 -0.06274454 -0.06430785
0.0475 -0.065 -0.065 -0.065 -0.065 -0.06450795 -0.063367635 -0.06274833 -0.06429044
0.048 -0.065 -0.065 -0.065 -0.065 -0.06448585 -0.06335044 -0.06275202 -0.06427343
0.0485 -0.065 -0.065 -0.065 -0.065 -0.064464256 -0.06333363 -0.06275564 -0.06425681
0.049 -0.065 -0.065 -0.065 -0.065 -0.064443156 -0.0633172 -0.06275917 -0.06424057
0.0495 -0.065 -0.065 -0.065 -0.065 -0.06442252 -0.063301116 -0.062762596 -0.06422469
0.05 -0.065 -0.065 -0.065 -0.065 -0.06440234 -0.063285396 -0.06276595 -0.06420917
0.0505 -0.065 -0.065 -0.065 -0.065 -0.064382635 -0.06327004 -0.06276923 -0.06419401
0.051 -0.065 -0.065 -0.065 -0.065 -0.064363375 -0.06325501 -0.06277242 -0.0641792
0.0515 -0.065 -0.065 -0.065 -0.065 -0.06434454 -0.06324031 -0.06277554 -0.06416471
0.052 -0.065 -0.065 -0.065 -0.065 -0.06432613 -0.06322597 -0.06277858 -0.06415057
0.0525 -0.065 -0.065 -0.065 -0.065 -0.064308144 -0.063211925 -0.06278153 -0.06413674
0.053 -0.065 -0.065 -0.065 -0.065 -0.06429054 -0.063198194 -0.06278441 -0.06412322
0.0535 -0.065 -0.065 -0.065 -0.065 -0.06427335 -0.063184775 -0.062787205 -0.06411001
0.054 -0.065 -0.065 -0.065 -0.065 -0.06425655 -0.063171655 -0.06278995 -0.06409711
0.0545 -0.065 -0.065 -0.065 -0.065 -0.06424013 -0.06315884 -0.06279261 -0.06408449
0.055 -0.065 -0.065 -0.065 -0.065 -0.06422407 -0.06314629 -0.06279519 -0.06407217
0.0555 -0.065 -0.065 -0.065 -0.065 -0.06420839 -0.06313404 -0.06279772 -0.06406012
0.056 -0.065 -0.065 -0.065 -0.065 -0.06419304 -0.06312205 -0.06280017 -0.064048335
0.0565 -0.065 -0.065 -0.065 -0.065 -0.06417804 -0.06311034 -0.06280255 -0.064036824
0.057 -0.065 -0.065 -0.065 -0.065 -0.06416339 -0.063098885 -0.06280488 -0.06402558
0.0575 -0.065 -0.065 -0.065 -0.065 -0.06414905 -0.06308769 -0.06280713 -0.064014584
0.058 -0.065 -0.065 -0.065 -0.065 -0.06413506 -0.06307675 -0.062809326 -0.06400385
0.0585 -0.065 -0.065 -0.065 -0.065 -0.06412137 -0.06306605 -0.06281147 -0.06399334
0.059 -0.065 -0.065 -0.065 -0.065 -0.064108 -0.06305559 -0.062813535 -0.063983075
0.0595 -0.065 -0.065 -0.065 -0.065 -0.06409492 -0.06304535 -0.06281555 -0.06397304
0.06 -0.065 -0.065 -0.065 -0.065 -0.06408214 -0.063035354 -0.0628175 -0.06396323
0.0605 -0.065 -0.065 -0.065 -0.065 -0.06406964 -0.063025594 -0.06281943 -0.063953646
0.061 -0.065 -0.065 -0.065 -0.065 -0.06405744 -0.06301604 -0.06282127 -0.06394428
0.0615 -0.065 -0.065 -0.065 -0.065 -0.06404548 -0.063006684 -0.06282306 -0.063935116
0.062 -0.065 -0.065 -0.065 -0.065 -0.06403382 -0.06299756 -0.06282481 -0.06392617
0.0625 -0.065 -0.065 -0.065 -0.065 -0.06402241 -0.06298863 -0.0628265 -0.06391741
0.063 -0.065 -0.065 -0.065 -0.065 -0.06401126 -0.06297991 -0.062828146 -0.06390886
0.0635 -0.065 -0.065 -0.065 -0.065 -0.06400035 -0.062971376 -0.06282975 -0.0639005
0.064 -0.065 -0.065 -0.065 -0.065 -0.0639897 -0.06296303 -0.0628313 -0.06389233
0.0645 -0.065 -0.065 -0.065 -0.065 -0.06397928 -0.06295488 -0.062832795 -0.06388434
0.065 -0.065 -0.065 -0.065 -0.065 -0.063969105 -0.06294691 -0.06283427 -0.06387653
0.0655 -0.065 -0.065 -0.065 -0.065 -0.06395915 -0.062939115 -0.062835686 -0.0638689
0.066 -0.065 -0.065 -0.065 -0.065 -0.06394943 -0.06293149 -0.06283708 -0.063861445
0.0665 -0.065 -0.065 -0.065 -0.065 -0.063939914 -0.06292404 -0.062838405 -0.06385414
0.067 -0.065 -0.065 -0.065 -0.065 -0.06393061 -0.062916756 -0.06283971 -0.06384701
0.0675 -0.065 -0.065 -0.065 -0.065 -0.063921526 -0.06290965 -0.06284096 -0.06384004
0.068 -0.065 -0.065 -0.065 -0.065 -0.06391263 -0.06290267 -0.06284218 -0.06383323
0.0685 -0.065 -0.065 -0.065 -0.065 -0.06390395 -0.062895864 -0.06284337 -0.06382656
0.069 -0.065 -0.065 -0.065 -0.065 -0.063895464 -0.0628892 -0.062844515 -0.06382006
0.0695 -0.065 -0.065 -0.065 -0.065 -0.063887164 -0.0628827 -0.06284563 -0.06381369
0.07 -0.065 -0.065 -0.065 -0.065 -0.06387904 -0.06287634 -0.062846705 -0.06380746
0.0705 -0.065 -0.065 -0.065 -0.065 -0.06387111 -0.06287012 -0.062847756 -0.06380138
0.071 -0.065 -0.065 -0.065 -0.065 -0.06386335 -0.062864035 -0.06284878 -0.063795425
0.0715 -0.065 -0.065 -0.065 -0.065 -0.063855775 -0.06285809 -0.06284976 -0.06378961
0.072 -0.065 -0.065 -0.065 -0.065 -0.06384836 -0.06285228 -0.062850714 -0.06378393
0.0725 -0.065 -0.065 -0.065 -0.065 -0.063841105 -0.062846586 -0.06285164 -0.06377837
0.073 -0.065 -0.065 -0.065 -0.065 -0.06383403 -0.06284103 -0.06285255 -0.06377294
0.0735 -0.065 -0.065 -0.065 -0.065 -0.0638271 -0.062835604 -0.06285342 -0.06376763
0.074 -0.065 -0.065 -0.065 -0.065 -0.06382033 -0.062830284 -0.06285426 -0.06376244
0.0745 -0.065 -0.065 -0.065 -0.065 -0.063813716 -0.0628251 -0.06285508 -0.06375736
0.075 -0.065 -0.065 -0.065 -0.065 -0.06380725 -0.06282002 -0.06285586 -0.06375239
0.0755 -0.065 -0.065 -0.065 -0.065 -0.06380091 -0.06281505 -0.06285664 -0.06374754
0.076 -0.065 -0.065 -0.065 -0.065 -0.063794725 -0.06281018 -0.06285737 -0.063742794
0.0765 -0.065 -0.065 -0.065 -0.065 -0.06378868 -0.062805444 -0.0628581 -0.06373815
0.077 -0.065 -0.065 -0.065 -0.065 -0.06378275 -0.062800795 -0.06285879 -0.06373362
0.0775 -0.065 -0.065 -0.065 -0.065 -0.063776985 -0.06279626 -0.062859476 -0.06372919
0.078 -0.065 -0.065 -0.065 -0.065 -0.06377134 -0.062791824 -0.06286013 -0.06372485
0.0785 -0.065 -0.065 -0.065 -0.065 -0.06376581 -0.06278747 -0.062860765 -0.06372061
0.079 -0.065 -0.065 -0.065 -0.065 -0.0637604 -0.062783234 -0.06286138 -0.063716464
0.0795 -0.065 -0.065 -0.065 -0.065 -0.063755125 -0.062779084 -0.06286199 -0.06371242
0.08 -0.065 -0.065 -0.065 -0.065 -0.063749954 -0.06277502 -0.06286255 -0.06370845
0.0805 -0.065 -0.065 -0.065 -0.065 -0.06374492 -0.06277106 -0.06286312 -0.06370458
0.081 -0.065 -0.065 -0.065 -0.065 -0.063739985 -0.062767185 -0.06286367 -0.063700795
0.0815 -0.065 -0.065 -0.065 -0.065 -0.06373516 -0.062763385 -0.06286419 -0.06369709
0.082 -0.065 -0.065 -0.065 -0.065 -0.06373045 -0.06275968 -0.062864706 -0.06369347
0.0825 -0.065 -0.065 -0.065 -0.065 -0.06372582 -0.06275604 -0.06286518 -0.063689925
0.083 -0.065 -0.065 -0.065 -0.065 -0.06372133 -0.0627525 -0.06286567 -0.06368646
0.0835 -0.065 -0.065 -0.065 -0.065 -0.06371691 -0.06274902 -0.06286613 -0.063683085
0.084 -0.065 -0.065 -0.065 -0.065 -0.0637126 -0.06274562 -0.06286657 -0.06367976
0.0845 -0.065 -0.065 -0.065 -0.065 -0.06370838 -0.062742315 -0.06286701 -0.063676536
0.085 -0.065 -0.065 -0.065 -0.065 -0.06370425 -0.062739074 -0.06286743 -0.06367337
0.0855 -0.065 -0.065 -0.065 -0.065 -0.06370023 -0.06273589 -0.06286783 -0.06367028
0.086 -0.065 -0.065 -0.065 -0.065 -0.06369629 -0.06273279 -0.06286823 -0.06366725
0.0865 -0.065 -0.065 -0.065 -0.065 -0.06369244 -0.06272975 -0.06286861 -0.063664295
0.087 -0.065 -0.065 -0.065 -0.065 -0.06368868 -0.062726796 -0.06286898 -0.063661404
0.0875 -0.065 -0.065 -0.065 -0.065 -0.063685 -0.06272389 -0.06286935 -0.06365858
0.088 -0.065 -0.065 -0.065 -0.065 -0.0636814 -0.06272105 -0.06286969 -0.06365581
0.0885 -0.065 -0.065 -0.065 -0.065 -0.06367788 -0.06271827 -0.062870026 -0.06365311
0.089 -0.065 -0.065 -0.065 -0.065 -0.063674435 -0.06271557 -0.062870346 -0.06365047
0.0895 -0.065 -0.065 -0.065 -0.065 -0.06367107 -0.0627129 -0.06287065 -0.06364787
0.09 -0.065 -0.065 -0.065 -0.065 -0.063667774 -0.06271031 -0.06287095 -0.06364534
0.0905 -0.065 -0.065 -0.065 -0.065 -0.063664556 -0.062707774 -0.062871255 -0.06364288
0.091 -0.065 -0.065 -0.065 -0.065 -0.06366142 -0.06270529 -0.062871546 -0.06364047
0.0915 -0.065 -0.065 -0.065 -0.065 -0.06365834 -0.06270286 -0.062871814 -0.0636381
0.092 -0.065 -0.065 -0.065 -0.065 -0.06365533 -0.06270049 -0.06287209 -0.06363579
0.0925 -0.065 -0.065 -0.065 -0.065 -0.06365239 -0.06269816 -0.06287234 -0.063633524
0.093 -0.065 -0.065 -0.065 -0.065 -0.06364952 -0.0626959 -0.06287259 -0.06363131
0.0935 -0.065 -0.065 -0.065 -0.065 -0.063646704 -0.06269368 -0.062872835 -0.06362916
0.094 -0.065 -0.065 -0.065 -0.065 -0.063643955 -0.0626915 -0.062873065 -0.06362704
0.0945 -0.065 -0.065 -0.065 -0.065 -0.063641265 -0.06268938 -0.0628733 -0.06362498
0.095 -0.065 -0.065 -0.065 -0.065 -0.06363864 -0.06268731 -0.06287351 -0.06362295
0.0955 -0.065 -0.065 -0.065 -0.065 -0.063636065 -0.06268527 -0.06287371 -0.06362097
0.096 -0.065 -0.065 -0.065 -0.065 -0.063633546 -0.06268329 -0.06287392 -0.06361905
0.0965 -0.065 -0.065 -0.065 -0.065 -0.0636311 -0.062681355 -0.06287413 -0.063617155
0.097 -0.065 -0.065 -0.065 -0.065 -0.063628696 -0.06267945 -0.062874325 -0.06361531
0.0975 -0.065 -0.065 -0.065 -0.065 -0.06362635 -0.062677585 -0.06287452 -0.063613504
0.098 -0.065 -0.065 -0.065 -0.065 -0.06362404 -0.06267576 -0.06287469 -0.06361173
0.0985 -0.065 -0.065 -0.065 -0.065 -0.063621804 -0.06267399 -0.06287487 -0.06361002
0.099 -0.065 -0.065 -0.065 -0.065 -0.0636196 -0.06267225 -0.06287503 -0.06360832
0.0995 -0.065 -0.065 -0.065 -0.065 -0.063617446 -0.06267055 -0.06287519 -0.063606665
0.1 -0.065 -0.065 -0.065 -0.065 -0.041791227 -0.07263379 -0.056915175 -0.04979843
0.1005 -0.05395411 -0.05424113 -0.0503403 -0.04905331 -0.03864416 -0.055337705 -0.048851345 -0.036874272
0.101 -0.03890795 -0.03747828 -0.03240716 -0.03278831 -0.03434478 -0.034765318 -0.0380981 -0.02630144
0.1015 -0.02814193 -0.01790903 -0.01727841 -0.02045658 -0.02944527 -0.012902677 -0.025952531 -0.017008213
0.102 -0.02069542 0.003178119 -0.004227219 -0.009795039 -0.024610829 0.009385714 -0.013346084 -0.008318868
0.1025 -0.0150448 0.0250925 0.007807406 0.0001286696 -0.01989803 0.03185291 -0.0005774705 9.314902e-05
0.103 -0.01028089 0.0474125 0.01940331 0.009585489 -0.015279286 0.05439335 0.012231195 0.008336229
0.1035 -0.005937762 0.06993615 0.03085921 0.0186779 -0.010731809 0.07693888 0.025022363 0.016439823
0.104 -0.00178744 0.09256156 0.04231596 0.02745464 -0.0062430725 0.099438444 0.037768435 0.024408532
0.1045 0.002247947 0.1152241 0.05373037 0.03590317 -0.001806479 0.1218514 0.050456177 0.03224039
0.105 0.006173272 0.1378681 0.06514498 0.04397101 0.002581928 0.14414391 0.06307928 0.03993263
0.1055 0.01004466 0.1604401 0.07662013 0.05175869 0.0069250464 0.16628692 0.07563468 0.047483243
0.106 0.01390944 0.1828917 0.08816177 0.05932093 0.011225302 0.1882554 0.088121094 0.05489126
0.1065 0.01777463 0.2051775 0.09972897 0.06667168 0.01548503 0.21002753 0.10053777 0.06215664
0.107 0.02162822 0.2272565 0.1113051 0.07379875 0.019706335 0.23158419 0.11288439 0.06928011
0.1075 0.02547291 0.2490907 0.1228791 0.08072575 0.02389114 0.2529087 0.1251603 0.07626293
0.108 0.02931324 0.2706478 0.134441 0.08746946 0.028041147 0.27398643 0.13736472 0.08310674
0.1085 0.03314654 0.2919015 0.1459791 0.09403694 0.032157753 0.29480472 0.1494964 0.08981342
0.109 0.03696713 0.3124343 0.1574776 0.1004319 0.036242057 0.31535253 0.1615537 0.09638495
0.1095 0.04076905 0.3318113 0.1689008 0.1066564 0.040294874 0.33562025 0.1735344 0.10282342
0.11 0.04454797 0.3506541 0.1802432 0.112717 0.044316743 0.35559973 0.18543603 0.10913089
0.1105 0.04830111 0.3692651 0.1915119 0.1186187 0.04830795 0.37528375 0.19725569 0.11530933
0.111 0.0520266 0.3877729 0.2027119 0.1243664 0.05226844 0.39466643 0.20899011 0.12136075
0.1115 0.05572328 0.4062089 0.2138441 0.1299648 0.05619802 0.41374284 0.22063579 0.127287
0.112 0.05939041 0.424555 0.2249059 0.1354189 0.06009623 0.43250886 0.23218909 0.1330899
0.1125 0.06302755 0.4427713 0.2358928 0.1407335 0.06396255 0.45096132 0.24364617 0.13877122
0.113 0.06663443 0.4608112 0.2467994 0.1459072 0.06779623 0.46909764 0.2550032 0.14433259
0.1135 0.07021071 0.4786304 0.2576206 0.1509458 0.07159643 0.4869161 0.2662562 0.14977561
0.114 0.07375616 0.4961907 0.2683517 0.1558612 0.07536228 0.5044156 0.27740157 0.15510191
0.1145 0.07727063 0.5134613 0.2789883 0.1606582 0.079092786 0.52159554 0.28843546 0.16031303
0.115 0.08075414 0.5304188 0.2895263 0.1653407 0.08278702 0.53845626 0.29935414 0.16541046
0.1155 0.08419939 0.5470457 0.2999613 0.1699053 0.0864439 0.55499804 0.31015423 0.17039573
0.116 0.08759454 0.5633286 0.3102875 0.1743514 0.090062514 0.57122225 0.32083273 0.17527038
0.1165 0.090956 0.579261 0.320505 0.1786939 0.09364183 0.58713 0.3313863 0.18003587
0.117 0.09429381 0.5948416 0.330614 0.1829395 0.09718099 0.60272354 0.34181228 0.18469378
0.1175 0.09760871 0.6100723 0.3406131 0.1870861 0.10067907 0.618005 0.35210806 0.18924567
0.118 0.1008762 0.6249548 0.3504918 0.1910754 0.104135275 0.63297707 0.3622714 0.19369309
0.1185 0.1040922 0.6394943 0.360248 0.1949488 0.10754882 0.6476427 0.37230018 0.19803764
0.119 0.1072797 0.6536994 0.3698906 0.198749 0.11091909 0.662005 0.38219288 0.20228097
0.1195 0.1104494 0.6675795 0.3794235 0.2024867 0.114245355 0.6760676 0.39194763 0.20642471
0.12 0.1136016 0.6811439 0.3888463 0.2061625 0.11752716 0.68983406 0.40156335 0.21047057
0.1205 0.1167332 0.6944018 0.3981572 0.2097751 0.12076411 0.7033082 0.41103908 0.21442026
0.121 0.11984 0.7073618 0.4073548 0.2133231 0.12395561 0.7164944 0.4203739 0.21827544
0.1215 0.1229189 0.7200324 0.416438 0.216806 0.1271016 0.7293965 0.4295673 0.2220379
0.122 0.125968 0.7324218 0.4254062 0.2202238 0.1302017 0.7420191 0.43861902 0.22570947
0.1225 0.1289829 0.7445375 0.4342586 0.2235679 0.1332558 0.7543666 0.44752893 0.22929183
0.123 0.1319381 0.7563843 0.442988 0.2267024 0.13626377 0.76644355 0.45629716 0.23278683
0.1235 0.134828 0.76797 0.4515957 0.2295728 0.13922566 0.77825445 0.46492374 0.23619628
0.124 0.137682 0.7793027 0.4600885 0.2324538 0.14214145 0.78980416 0.4734094 0.23952198
0.1245 0.1405222 0.79039 0.4684708 0.2353647 0.14501129 0.8010974 0.48175478 0.24276572
0.125 0.1433522 0.8012392 0.4767436 0.2382883 0.1478353 0.81213886 0.48996037 0.24592933
0.1255 0.1461675 0.8118568 0.4849067 0.2412044 0.1506137 0.82293326 0.49802727 0.24901456
0.126 0.1489617 0.8222489 0.4929595 0.2438531 0.15334678 0.8334856 0.50595653 0.25202328
0.1265 0.1517288 0.832421 0.5009015 0.2464207 0.15603481 0.8438005 0.51374924 0.25495723
0.127 0.1544651 0.8423772 0.5087306 0.2490344 0.15867817 0.85388297 0.52140677 0.25781822
0.1275 0.1571698 0.8521225 0.5164472 0.2516867 0.16127728 0.8637376 0.52893037 0.26060793
0.128 0.1598441 0.8616628 0.5240549 0.2543572 0.16383246 0.87336904 0.5363214 0.26332814
0.1285 0.1624875 0.8710027 0.5315551 0.2567362 0.16634426 0.88278216 0.5435815 0.2659806
0.129 0.1650902 0.8801468 0.5389477 0.2590714 0.16881311 0.89198154 0.5507124 0.2685669
0.1295 0.1676391 0.8890772 0.545286 0.2614595 0.17123955 0.9009718 0.5577156 0.2710889
0.13 0.1701525 0.8977716 0.5513828 0.2638907 0.14643416 0.89282024 0.5201127 0.25409496
0.1305 0.1616056 0.8955019 0.5431775 0.2504226 0.15017939 0.8845338 0.53086454 0.23897526
0.131 0.1490345 0.887058 0.532039 0.236646 0.15067577 0.8951929 0.54207057 0.23239863
0.1315 0.140696 0.875648 0.5237691 0.2267498 0.14917487 0.88779336 0.5418123 0.22541916
0.132 0.1356394 0.8625636 0.5175544 0.2184752 0.14560053 0.87311333 0.5375849 0.2182523
0.1325 0.1323437 0.8484564 0.5123085 0.2109155 0.14190233 0.8563847 0.5317734 0.21158762
0.133 0.1298968 0.8336845 0.507356 0.2037836 0.1384099 0.8391543 0.5252935 0.20542073
0.1335 0.127827 0.8184406 0.5014926 0.1969812 0.13515288 0.8219294 0.51850307 0.19964157
0.134 0.1259175 0.8028566 0.4955299 0.1904649 0.13209443 0.80487096 0.511563 0.19415185
0.1345 0.1240898 0.7870702 0.4898689 0.1842108 0.12919337 0.78803176 0.5045555 0.18888402
0.135 0.1223064 0.7711935 0.4844376 0.1782013 0.12641747 0.77143174 0.49752596 0.18379477
0.1355 0.120546 0.7553115 0.4790991 0.1724214 0.12374368 0.75508004 0.49050105 0.17885658
0.136 0.1187961 0.7394881 0.4737514 0.1668578 0.12115544 0.7389825 0.48349756 0.17405185
0.1365 0.1170484 0.7237715 0.468336 0.1614984 0.11864114 0.7231434 0.47652632 0.16936903
0.137 0.1152962 0.7081988 0.4628268 0.1563321 0.116192415 0.7075667 0.46959466 0.1648003
0.1375 0.1135418 0.6927989 0.4572176 0.1513486 0.1138033 0.6922555 0.46270803 0.16034015
0.138 0.1117865 0.6775945 0.4515134 0.1465387 0.111469105 0.6772128 0.45587018 0.15598443
0.1385 0.1100307 0.6626037 0.4457249 0.1418936 0.109186456 0.66244036 0.44908446 0.15173006
0.139 0.1082748 0.6478404 0.4398645 0.1374052 0.10695246 0.6479396 0.44235313 0.14757432
0.1395 0.1065192 0.6333159 0.4339453 0.1330658 0.10476485 0.6337115 0.43567824 0.14351489
0.14 0.1047645 0.6190383 0.4279797 0.1288682 0.102621585 0.61975604 0.42906144 0.13954967
0.1405 0.1030112 0.605014 0.421979 0.1248056 0.10052088 0.60607296 0.42250425 0.13567662
0.141 0.10126 0.5912471 0.4159534 0.1208718 0.09846109 0.592661 0.41600773 0.1318938
0.1415 0.09951167 0.5777406 0.4099121 0.1170609 0.09644073 0.57951885 0.409573 0.12819922
0.142 0.09776683 0.5644957 0.4038632 0.1133671 0.09445833 0.5666446 0.40320075 0.12459102
0.1425 0.09602616 0.5515127 0.3978139 0.1097852 0.09251252 0.5540356 0.3968917 0.12106717
0.143 0.09429032 0.538791 0.3917703 0.1063102 0.090601966 0.5416892 0.39064646 0.11762577
0.1435 0.09255994 0.526329 0.3857384 0.1029375 0.08872537 0.5296021 0.38446534 0.114264846
0.144 0.09083561 0.5141247 0.379723 0.09966262 0.08688147 0.517771 0.37834868 0.11098243
0.1445 0.08911791 0.5021754 0.3737286 0.09648133 0.08506909 0.50619215 0.37229675 0.1077766
0.145 0.08740737 0.4904778 0.3677595 0.09338971 0.08328706 0.49486157 0.36630958 0.10464537
0.1455 0.08570451 0.4790286 0.3618191 0.09038401 0.08153419 0.48377505 0.3603871 0.10158673
0.146 0.08400979 0.4678239 0.3559108 0.08746069 0.07980935 0.47292817 0.3545293 0.09859875
0.1465 0.08232368 0.4568596 0.3500375 0.08461642 0.0781115 0.4623166 0.34873608 0.09567952
0.147 0.08064659 0.4461316 0.3442021 0.08184802 0.076439574 0.45193556 0.34300718 0.09282707
0.1475 0.07897894 0.4356356 0.3384069 0.07915248 0.07479252 0.44178057 0.33734223 0.09003949
0.148 0.07732108 0.425367 0.3326541 0.07652697 0.073169395 0.43184662 0.331741 0.087314904
0.1485 0.07567339 0.4153215 0.3269459 0.07396879 0.07156919 0.42212906 0.32620308 0.08465146
0.149 0.07403618 0.4054945 0.3212839 0.07147538 0.06999104 0.41262302 0.32072794 0.08204734
0.1495 0.07240976 0.3958815 0.31567 0.0690443 0.068433985 0.4033235 0.31531525 0.07950072
0.15 0.07079443 0.3864779 0.3101056 0.06667326 0.06689723 0.3942258 0.3099644 0.07700986
0.1505 0.06919046 0.3772793 0.304592 0.06436007 0.06537993 0.3853251 0.30467483 0.074573025
0.151 0.06759808 0.3682811 0.2991305 0.06210262 0.06388129 0.37661657 0.29944605 0.072188534
0.1515 0.06601754 0.3594791 0.2937222 0.05989896 0.06240056 0.3680955 0.29427746 0.069854766
0.152 0.06444906 0.3508689 0.2883681 0.05774719 0.060937088 0.35975716 0.2891685 0.067570135
0.1525 0.06289282 0.3424461 0.2830691 0.05564551 0.05949006 0.35159698 0.28411847 0.065333
0.153 0.06134902 0.3342066 0.2778259 0.05359223 0.05805895 0.34361038 0.27912694 0.06314195
0.1535 0.05981781 0.3261462 0.2726392 0.05158569 0.056643125 0.335793 0.27419317 0.06099549
0.154 0.05829937 0.3182609 0.2675096 0.04962436 0.05524194 0.32814038 0.26931658 0.05889219
0.1545 0.05679382 0.3105467 0.2624376 0.04770675 0.053854924 0.32064828 0.26449662 0.05683072
0.155 0.05530129 0.3029996 0.2574237 0.04583145 0.05248155 0.31331265 0.2597327 0.05480975
0.1555 0.05382191 0.2956159 0.2524682 0.04399709 0.051121328 0.30612925 0.2550241 0.05282797
0.156 0.05235576 0.2883918 0.2475713 0.0422024 0.04977383 0.29909423 0.2503705 0.05088421
0.1565 0.05090294 0.2813237 0.2427334 0.04044613 0.048438687 0.29220378 0.24577123 0.048977293
0.157 0.04946353 0.274408 0.2379545 0.0387271 0.047115494 0.28545412 0.24122569 0.047106072
0.1575 0.0480376 0.2676412 0.2332349 0.03704419 0.04580391 0.27884164 0.23673356 0.045269497
0.158 0.04662521 0.2610199 0.2285745 0.0353963 0.044503693 0.27236295 0.23229422 0.04346654
0.1585 0.04522641 0.2545408 0.2239733 0.03378241 0.043214496 0.2660145 0.22790726 0.04169619
0.159 0.04384123 0.2482005 0.2194313 0.03220151 0.04193612 0.2597931 0.2235722 0.039957568
0.1595 0.04246971 0.241996 0.2149484 0.03065266 0.040668357 0.25369564 0.21928865 0.03824973
0.16 0.04111188 0.2359241 0.2105245 0.02913493 0.039410997 0.24771893 0.2150562 0.036571875
0.1605 0.03976774 0.2299818 0.2061595 0.02764746 0.038163904 0.24186012 0.21087451 0.034923173
0.161 0.0384373 0.2241661 0.2018531 0.02618939 0.03692696 0.23611644 0.20674314 0.033302866
0.1615 0.03712056 0.2184742 0.197605 0.02475992 0.03570004 0.23048508 0.20266183 0.031710252
0.162 0.03581753 0.2129032 0.1934151 0.02335827 0.03448312 0.22496343 0.19863032 0.030144667
0.1625 0.03452817 0.2074504 0.189283 0.02198368 0.03327608 0.21954894 0.19464815 0.02860543
0.163 0.03325247 0.2021131 0.1852085 0.02063544 0.032078963 0.21423927 0.19071522 0.027091986
0.1635 0.03199042 0.1968887 0.1811911 0.01931285 0.03089169 0.209032 0.18683118 0.025603713
0.164 0.03074196 0.1917747 0.1772304 0.01801524 0.029714316 0.20392495 0.18299581 0.024140133
0.1645 0.02950708 0.1867684 0.1733262 0.01674197 0.028546836 0.1989158 0.17920887 0.022700688
0.165 0.02828572 0.1818676 0.169478 0.01549243 0.027389318 0.19400266 0.17547016 0.021284955
0.1655 0.02707784 0.1770697 0.1656854 0.014266 0.026241835 0.18918338 0.17177941 0.019892463
0.166 0.02588339 0.1723726 0.1619478 0.01306211 0.0251044 0.1844561 0.16813648 0.0185228
0.1665 0.02470231 0.167774 0.158265 0.01188021 0.023977142 0.17981894 0.16454117 0.017175587
0.167 0.02353454 0.1632715 0.1546363 0.01071976 0.022860106 0.17527008 0.16099325 0.01585043
0.1675 0.02238003 0.1588631 0.1510613 0.009580236 0.021753456 0.1708078 0.15749255 0.014547015
0.168 0.02123869 0.1545467 0.1475395 0.008461136 0.02065726 0.16643044 0.1540389 0.013265016
0.1685 0.02011046 0.1503203 0.1440703 0.007361976 0.019571595 0.1621363 0.15063207 0.012004109
0.169 0.01899528 0.1461817 0.1406534 0.006282287 0.018496636 0.15792388 0.1472719 0.010764012
0.1695 0.01789305 0.1421291 0.137288 0.005221613 0.017432448 0.15379155 0.1439581 0.009544456
0.17 0.0168037 0.1381605 0.1339738 0.004179517 0.016379174 0.1497379 0.1406906 0.008345196
0.1705 0.01572715 0.1342741 0.1307101 0.003155572 0.01533692 0.14576143 0.13746904 0.007165963
0.171 0.01466331 0.130468 0.1274963 0.002149367 0.014305785 0.14186072 0.13429326 0.006006537
0.1715 0.0136121 0.1267405 0.124332 0.001160502 0.0132858865 0.13803439 0.131163 0.004866684
0.172 0.01257342 0.1230899 0.1212166 0.0001885917 0.012277316 0.13428105 0.12807797 0.0037461985
0.1725 0.01154719 0.1195144 0.1181495 -0.0007667397 0.011280194 0.13059942 0.12503797 0.0026448723
0.173 0.01053331 0.1160123 0.1151302 -0.001705855 0.010294557 0.12698811 0.12204255 0.0015624706
0.1735 0.00953169 0.1125821 0.112158 -0.002629108 0.009320576 0.1234459 0.11909161 0.00049886294
0.174 0.008542227 0.1092223 0.1092324 -0.003536839 0.008358229 0.11997147 0.11618464 -0.0005462114
0.1745 0.007564826 0.1059311 0.1063528 -0.004429381 0.007407628 0.11656357 0.11332139 -0.00157292
0.175 0.006599387 0.1027072 0.1035187 -0.005307057 0.0064688325 0.113221005 0.110501505 -0.0025814306
0.1755 0.00564581 0.099549 0.1007294 -0.006170178 0.0055418666 0.109942496 0.10772455 -0.0035719555
0.176 0.004703993 0.09645516 0.09798443 -0.00701905 0.004626777 0.10672687 0.10499018 -0.0045446698
0.1765 0.003773833 0.09342423 0.09528318 -0.007853968 0.0037235748 0.103572905 0.102297954 -0.005499756
0.177 0.002855226 0.09045484 0.09262508 -0.008675219 0.0028322637 0.100479394 0.099647425 -0.0064374115
0.1775 0.001948069 0.08754566 0.09000955 -0.009483082 0.0019528773 0.097445264 0.09703818 -0.0073578116
0.178 0.001052255 0.08469538 0.08743602 -0.01027783 0.0010853447 0.09446922 0.09446969 -0.008261194
0.1785 0.0001676784 0.08190271 0.08490393 -0.01105972 0.0002297163 0.09155021 0.091941535 -0.009147683
0.179 -0.0007057664 0.07916642 0.08241269 -0.01182903 -0.00061411783 0.08868704 0.08945319 -0.010017516
0.1795 -0.001568187 0.07648527 0.07996176 -0.01258598 -0.0014461447 0.085878626 0.087004155 -0.010870876
0.18 -0.00241969 0.07385807 0.07755057 -0.01333084 -0.002266433 0.08312385 0.08459394 -0.011707971
0.1805 -0.003260383 0.07128367 0.07517856 -0.01406383 -0.003075054 0.0804216 0.08222196 -0.0125290025
0.181 -0.004090374 0.06876091 0.07284517 -0.01478519 -0.0038720742 0.0777708 0.0798877 -0.013334187
0.1815 -0.004909772 0.0662887 0.07054985 -0.01549514 -0.0046576057 0.075170375 0.07759063 -0.0141237285
0.182 -0.005718683 0.06386594 0.06829206 -0.0161939 -0.0054317303 0.07261929 0.07533016 -0.014897855
0.1825 -0.006517217 0.06149157 0.06607126 -0.01688169 -0.0061945254 0.0701165 0.07310576 -0.015656779
0.183 -0.007305481 0.05916455 0.0638869 -0.01755871 -0.006946098 0.067660995 0.07091691 -0.016400708
0.1835 -0.008083584 0.05688387 0.06173844 -0.01822517 -0.0076865675 0.06525178 0.06876298 -0.017129881
0.184 -0.008851633 0.05464854 0.05962537 -0.01888126 -0.0084161125 0.062887825 0.066643395 -0.017844552
0.1845 -0.009609736 0.05245759 0.05754715 -0.01952718 -0.009134789 0.060568243 0.06455766 -0.018544914
0.185 -0.010358 0.05031007 0.05550325 -0.02016312 -0.009842762 0.05829207 0.062505186 -0.019231228
0.1855 -0.01109653 0.04820506 0.05349318 -0.02078926 -0.01054015 0.056058355 0.060485374 -0.019903736
0.186 -0.01182544 0.04614166 0.0515164 -0.02140579 -0.011227103 0.053866223 0.058497705 -0.020562654
0.1865 -0.01254484 0.04411897 0.04957243 -0.02201286 -0.01190378 0.051714808 0.056541625 -0.02120825
0.187 -0.01325482 0.04213614 0.04766075 -0.02261067 -0.012570314 0.04960326 0.054616567 -0.021840783
0.1875 -0.01395549 0.04019232 0.04578087 -0.02319937 -0.013226885 0.04753068 0.052722003 -0.022460477
0.188 -0.01464697 0.03828669 0.04393231 -0.02377913 -0.013873585 0.045496367 0.05085742 -0.02306758
0.1885 -0.01532935 0.03641843 0.04211457 -0.02435011 -0.014510618 0.043499485 0.049022283 -0.02366235
0.189 -0.01600274 0.03458677 0.04032717 -0.02491246 -0.015138142 0.041539215 0.047216028 -0.024245063
0.1895 -0.01666724 0.03279093 0.03856965 -0.02546634 -0.015756285 0.03961488 0.045438197 -0.02481593
0.19 -0.01732296 0.03103016 0.03684154 -0.0260119 -0.016365224 0.03772574 0.04368829 -0.02537523
0.1905 -0.01797 0.02930372 0.03514236 -0.02654927 -0.016965125 0.03587108 0.04196578 -0.025923213
0.191 -0.01860846 0.02761088 0.03347167 -0.02707861 -0.017556136 0.034050234 0.04027021 -0.026460143
0.1915 -0.01923844 0.02595095 0.03182901 -0.02760006 -0.01813839 0.03226255 0.038601108 -0.026986236
0.192 -0.01986004 0.02432324 0.03021394 -0.02811374 -0.018712085 0.030507343 0.036957983 -0.027501784
0.1925 -0.02047337 0.02272708 0.02862601 -0.0286198 -0.019277364 0.028784042 0.035340406 -0.028007021
0.193 -0.02107852 0.0211618 0.0270648 -0.02911836 -0.019834364 0.02709203 0.033747938 -0.028502183
0.1935 -0.02167559 0.01962676 0.02552986 -0.02960956 -0.020383254 0.025430722 0.032180116 -0.028987534
0.194 -0.02226468 0.01812134 0.02402078 -0.03009351 -0.020924177 0.023799537 0.030636534 -0.02946331
0.1945 -0.02284589 0.01664491 0.02253715 -0.03057034 -0.021457296 0.02219793 0.029116761 -0.029929759
0.195 -0.02341931 0.01519689 0.02107854 -0.03104017 -0.021982763 0.020625358 0.0276204 -0.030387124
0.1955 -0.02398504 0.01377667 0.01964455 -0.03150311 -0.022500739 0.0190813 0.02614702 -0.03083563
0.196 -0.02454317 0.01238368 0.01823478 -0.03195929 -0.02301133 0.017565278 0.02469627 -0.031275526
0.1965 -0.0250938 0.01101736 0.01684883 -0.03240881 -0.023514712 0.016076768 0.023267748 -0.03170703
0.197 -0.02563702 0.009677164 0.01548632 -0.03285178 -0.024010982 0.014615307 0.02186111 -0.03213036
0.1975 -0.02617292 0.008362549 0.01414685 -0.03328832 -0.024500353 0.013180437 0.02047595 -0.032545775
0.198 -0.0267016 0.007072988 0.01283005 -0.03371852 -0.024982885 0.011771673 0.019111928 -0.03295345
0.1985 -0.02722314 0.005807969 0.01153555 -0.0341425 -0.025458772 0.010388574 0.017768688 -0.033353634
0.199 -0.02773764 0.004566987 0.01026298 -0.03456035 -0.02592811 0.009030743 0.016445892 -0.033746533
0.1995 -0.02824518 0.00334955 0.009011965 -0.03497217 -0.02639106 0.007697711 0.015143187 -0.034132347
0.2 -0.02874585 0.002155175 0.007782159 -0.03537806 -0.026847722 0.0063890684 0.013860268 -0.034511276
0.2005 -0.02923975 0.0009833931 0.006573206 -0.03577811 -0.027298238 0.005104445 0.012596792 -0.034883536
0.201 -0.02972695 -0.0001662581 0.005384758 -0.03617243 -0.02774274 0.0038434025 0.01135245 -0.035249308
0.2015 -0.03020754 -0.001294229 0.004216474 -0.0365611 -0.028181318 0.0026055537 0.010126941 -0.03560879
0.202 -0.03068161 -0.002400961 0.003068016 -0.03694421 -0.028614115 0.0013905521 0.00891997 -0.03596215
0.2025 -0.03114924 -0.003486885 0.001939053 -0.03732186 -0.02904125 0.00019796751 0.0077312067 -0.03630959
0.203 -0.03161051 -0.004552423 0.0008292564 -0.03769412 -0.029462803 -0.0009725094 0.0065604066 -0.03665127
0.2035 -0.03206551 -0.005597988 -0.0002616942 -0.03806108 -0.029878937 -0.0021213163 0.0054072123 -0.03698739
0.204 -0.03251432 -0.006623984 -0.001334116 -0.03842283 -0.030289724 -0.0032487344 0.004271403 -0.03731808
0.2045 -0.03295702 -0.007630807 -0.002388322 -0.03877945 -0.030695297 -0.0043551903 0.0031526873 -0.03764353
0.205 -0.03339368 -0.008618843 -0.003424619 -0.03913101 -0.03109572 -0.005440971 0.0020507958 -0.037963882
0.2055 -0.0338244 -0.00958847 -0.004443309 -0.03947761 -0.031491127 -0.0065064523 0.0009654644 -0.038279288
0.206 -0.03424923 -0.01054006 -0.005444691 -0.03981931 -0.03188164 -0.007551983 -0.0001035966 -0.038589917
0.2065 -0.03466827 -0.01147397 -0.006429057 -0.04015619 -0.032267295 -0.008577859 -0.0011565846 -0.038895894
0.207 -0.03508159 -0.01239056 -0.007396695 -0.04048833 -0.032648228 -0.009584412 -0.002193792 -0.039197356
0.2075 -0.03548926 -0.01329018 -0.008347891 -0.0408158 -0.033024535 -0.010572037 -0.0032154734 -0.039494462
0.208 -0.03589135 -0.01417316 -0.009282922 -0.04113867 -0.03339629 -0.011540967 -0.0042218454 -0.039787315
0.2085 -0.03628795 -0.01503983 -0.01020206 -0.04145701 -0.03376358 -0.012491567 -0.005213147 -0.040076062
0.209 -0.03667913 -0.01589053 -0.01110559 -0.0417709 -0.03412651 -0.013424129 -0.0061896173 -0.040360797
0.2095 -0.03706495 -0.01672557 -0.01199376 -0.04208039 -0.034485143 -0.014338981 -0.007151489 -0.040641673
0.21 -0.03744549 -0.01754526 -0.01286684 -0.04238557 -0.034839585 -0.015236438 -0.0080989925 -0.040918782
0.2105 -0.03782082 -0.0183499 -0.01372509 -0.04268648 -0.03518989 -0.016116772 -0.009032331 -0.041192234
0.211 -0.038191 -0.0191398 -0.01456876 -0.0429832 -0.035536144 -0.016980313 -0.009951728 -0.041462142
0.2115 -0.03855611 -0.01991525 -0.0153981 -0.0432758 -0.035878427 -0.017827328 -0.010857399 -0.041728593
0.212 -0.03891622 -0.02067652 -0.01621335 -0.04356433 -0.036216795 -0.018658137 -0.011749548 -0.041991703
0.2125 -0.03927139 -0.02142391 -0.01701476 -0.04384885 -0.036551367 -0.01947304 -0.012628409 -0.042251553
0.213 -0.03962168 -0.02215768 -0.01780256 -0.04412943 -0.03688217 -0.020272277 -0.013494143 -0.04250823
0.2135 -0.03996717 -0.0228781 -0.018577 -0.04440612 -0.037209272 -0.021056173 -0.01434697 -0.042761832
0.214 -0.04030792 -0.02358544 -0.01933828 -0.04467899 -0.037532758 -0.021825 -0.015187088 -0.043012433
0.2145 -0.04064399 -0.02427995 -0.02008665 -0.04494808 -0.037852686 -0.022579022 -0.01601467 -0.043260112
0.215 -0.04097545 -0.02496188 -0.02082233 -0.04521346 -0.038169116 -0.023318535 -0.016829925 -0.043504953
0.2155 -0.04130235 -0.02563148 -0.02154552 -0.04547518 -0.038482085 -0.024043774 -0.017633002 -0.043747008
0.216 -0.04162476 -0.02628899 -0.02225645 -0.0457333 -0.0387917 -0.024755055 -0.018424148 -0.043986373
0.2165 -0.04194274 -0.02693465 -0.02295533 -0.04598787 -0.039097972 -0.025452603 -0.019203473 -0.0442231
0.217 -0.04225635 -0.02756868 -0.02364237 -0.04623894 -0.039400987 -0.026136702 -0.019971184 -0.044457257
0.2175 -0.04256566 -0.02819131 -0.02431777 -0.04648656 -0.039700776 -0.026807591 -0.020727448 -0.04468888
0.218 -0.04287071 -0.02880277 -0.02498172 -0.04673078 -0.039997414 -0.027465543 -0.021472426 -0.044918068
0.2185 -0.04317156 -0.02940327 -0.02563443 -0.04697166 -0.040290922 -0.028110813 -0.022206295 -0.04514484
0.219 -0.04346828 -0.02999302 -0.0262761 -0.04720925 -0.040581387 -0.028743636 -0.022929214 -0.045369282
0.2195 -0.04376092 -0.03057223 -0.0269069 -0.04744358 -0.04086881 -0.029364262 -0.023641314 -0.0455914
0.22 -0.04404953 -0.03114111 -0.02752703 -0.04767471 -0.041153252 -0.02997293 -0.02434279 -0.045811273
0.2205 -0.04433417 -0.03169984 -0.02813668 -0.04790269 -0.041434783 -0.03056988 -0.025033789 -0.046028942
0.221 -0.0446149 -0.03224864 -0.02873602 -0.04812756 -0.041713417 -0.031155342 -0.025714446 -0.046244446
0.2215 -0.04489177 -0.03278768 -0.02932523 -0.04834936 -0.0419892 -0.031729557 -0.026384912 -0.04645782
0.222 -0.04516482 -0.03331716 -0.02990449 -0.04856815 -0.042262185 -0.032292757 -0.027045345 -0.046669114
0.2225 -0.04543412 -0.03383726 -0.03047397 -0.04878396 -0.042532407 -0.032845154 -0.027695868 -0.046878345
0.223 -0.04569972 -0.03434816 -0.03103384 -0.04899684 -0.04279987 -0.033386953 -0.028336616 -0.04708556
0.2235 -0.04596166 -0.03485004 -0.03158426 -0.04920683 -0.043064658 -0.03391841 -0.028967759 -0.047290795
0.224 -0.04621999 -0.03534306 -0.03212539 -0.04941397 -0.043326758 -0.03443971 -0.029589389 -0.04749407
0.2245 -0.04647477 -0.0358274 -0.03265741 -0.0496183 -0.043586254 -0.034951095 -0.03020167 -0.04769542
0.225 -0.04672604 -0.03630321 -0.03318046 -0.04981987 -0.043843124 -0.035452716 -0.030804712 -0.04789486
0.2255 -0.04697386 -0.03677067 -0.0336947 -0.05001871 -0.044097476 -0.03594483 -0.03139866 -0.048092447
0.226 -0.04721827 -0.03722994 -0.03420028 -0.05021486 -0.04434925 -0.03642763 -0.031983614 -0.048288174
0.2265 -0.04745931 -0.03768115 -0.03469735 -0.05040836 -0.04459853 -0.036901273 -0.032559708 -0.048482075
0.227 -0.04769704 -0.03812448 -0.03518606 -0.05059925 -0.04484534 -0.037365995 -0.033127066 -0.048674166
0.2275 -0.04793149 -0.03856006 -0.03566656 -0.05078756 -0.04508969 -0.03782196 -0.033685796 -0.04886448
0.228 -0.04816272 -0.03898805 -0.03613898 -0.05097334 -0.045331605 -0.038269363 -0.034236018 -0.04905303
0.2285 -0.04839077 -0.03940859 -0.03660347 -0.05115661 -0.04557111 -0.038708363 -0.034777835 -0.04923982
0.229 -0.04861568 -0.03982181 -0.03706016 -0.05133742 -0.04580826 -0.039139193 -0.035311382 -0.0494249
0.2295 -0.04883749 -0.04022785 -0.03750919 -0.0515158 -0.046043053 -0.039561965 -0.035836745 -0.04960826
0.23 -0.04905626 -0.04062685 -0.03795068 -0.05169178 -0.046275504 -0.039976895 -0.036354028 -0.04978992
0.2305 -0.04927201 -0.04101895 -0.03838478 -0.05186539 -0.04650565 -0.04038412 -0.036863357 -0.049969897
0.231 -0.0494848 -0.04140426 -0.0388116 -0.05203668 -0.046733506 -0.040783823 -0.03736483 -0.050148208
0.2315 -0.04969466 -0.04178292 -0.03923128 -0.05220567 -0.04695911 -0.041176166 -0.03785853 -0.050324857
0.232 -0.04990164 -0.04215504 -0.03964394 -0.0523724 -0.047182444 -0.04156129 -0.038344566 -0.05049986
0.2325 -0.05010577 -0.04252076 -0.04004969 -0.05253689 -0.047403567 -0.041939363 -0.038823057 -0.05067323
0.233 -0.05030709 -0.04288019 -0.04044866 -0.05269918 -0.04762245 -0.042310514 -0.03929405 -0.050844975
0.2335 -0.05050565 -0.04323345 -0.04084096 -0.0528593 -0.047839165 -0.04267492 -0.039757676 -0.051015116
0.234 -0.05070147 -0.04358065 -0.04122671 -0.05301728 -0.04805369 -0.04303271 -0.04021402 -0.05118364
0.2345 -0.05089461 -0.0439219 -0.04160603 -0.05317315 -0.04826606 -0.043384008 -0.040663175 -0.05135057
0.235 -0.05108509 -0.04425732 -0.04197902 -0.05332694 -0.048476286 -0.043728963 -0.041105233 -0.05151593
0.2355 -0.05127295 -0.04458701 -0.04234579 -0.05347868 -0.04868439 -0.04406774 -0.041540273 -0.0516797
0.236 -0.05145823 -0.04491107 -0.04270645 -0.0536284 -0.048890375 -0.044400427 -0.041968383 -0.05184191
0.2365 -0.05164097 -0.04522961 -0.04306111 -0.05377612 -0.04909427 -0.044727165 -0.042389654 -0.052002564
0.237 -0.0518212 -0.04554274 -0.04340986 -0.05392187 -0.049296085 -0.04504808 -0.042804163 -0.052161656
0.2375 -0.05199895 -0.04585054 -0.04375282 -0.05406568 -0.049495816 -0.045363296 -0.043212004 -0.05231921
0.238 -0.05217426 -0.04615313 -0.04409007 -0.05420758 -0.049693502 -0.04567293 -0.043613248 -0.05247522
0.2385 -0.05234717 -0.04645059 -0.04442173 -0.0543476 -0.049889132 -0.04597708 -0.04400797 -0.052629706
0.239 -0.0525177 -0.04674301 -0.04474788 -0.05448575 -0.050082743 -0.04627588 -0.04439626 -0.05278266
0.2395 -0.05268589 -0.0470305 -0.04506862 -0.05462208 -0.05027435 -0.04656943 -0.044778194 -0.052934103
0.24 -0.05285177 -0.04731313 -0.04538404 -0.05475659 -0.050463937 -0.04685784 -0.045153845 -0.05308403
0.2405 -0.05301538 -0.047591 -0.04569424 -0.05488931 -0.050651535 -0.047141213 -0.045523293 -0.053232446
0.241 -0.05317675 -0.0478642 -0.0459993 -0.05502028 -0.05083716 -0.04741966 -0.045886613 -0.05337937
0.2415 -0.0533359 -0.0481328 -0.04629931 -0.05514952 -0.051020797 -0.04769326 -0.04624386 -0.0535248
0.242 -0.05349287 -0.04839689 -0.04659436 -0.05527704 -0.051202487 -0.047962107 -0.04659513 -0.053668734
0.2425 -0.05364768 -0.04865656 -0.04688454 -0.05540287 -0.05138223 -0.04822632 -0.046940498 -0.053811193
0.243 -0.05380038 -0.04891188 -0.04716993 -0.05552704 -0.051560044 -0.048485957 -0.047280017 -0.053952176
0.2435 -0.05395098 -0.04916293 -0.0474506 -0.05564957 -0.051735938 -0.048741154 -0.047613777 -0.054091692
0.244 -0.05409952 -0.0494098 -0.04772665 -0.05577048 -0.0519099 -0.04899195 -0.047941826 -0.054229736
0.2445 -0.05424603 -0.04965254 -0.04799814 -0.05588979 -0.05208197 -0.049238466 -0.048264246 -0.054366328
0.245 -0.05439052 -0.04989124 -0.04826517 -0.05600753 -0.052252173 -0.049480766 -0.04858113 -0.05450148
0.2455 -0.05453304 -0.05012597 -0.0485278 -0.05612371 -0.05242046 -0.04971892 -0.048892483 -0.05463517
0.246 -0.05467361 -0.05035681 -0.04878611 -0.05623836 -0.052586883 -0.04995302 -0.049198415 -0.054767422
0.2465 -0.05481226 -0.05058381 -0.04904017 -0.0563515 -0.052751455 -0.050183132 -0.04949899 -0.054898247
0.247 -0.05494901 -0.05080705 -0.04929007 -0.05646315 -0.05291418 -0.05040935 -0.049794268 -0.05502764
0.2475 -0.05508389 -0.0510266 -0.04953586 -0.05657333 -0.053075057 -0.050631713 -0.050084315 -0.055155613
0.248 -0.05521692 -0.05124252 -0.04977761 -0.05668205 -0.053234097 -0.05085031 -0.05036919 -0.055282168
0.2485 -0.05534813 -0.05145488 -0.05001541 -0.05678935 -0.053391326 -0.051065207 -0.050648957 -0.055407315
0.249 -0.05547755 -0.05166373 -0.05024931 -0.05689524 -0.05354674 -0.051276468 -0.050923698 -0.055531062
0.2495 -0.05560521 -0.05186915 -0.05047938 -0.05699973 -0.05370036 -0.05148416 -0.051193435 -0.055653416
0.25 -0.05573111 -0.05207119 -0.05070569 -0.05710285 -0.053852186 -0.05168836 -0.051458284 -0.055774376
0.2505 -0.0558553 -0.05226991 -0.0509283 -0.05720462 -0.05400223 -0.05188909 -0.051718265 -0.055893943
0.251 -0.05597779 -0.05246538 -0.05114728 -0.05730505 -0.05415051 -0.052086454 -0.051973455 -0.056012146
0.2515 -0.05609861 -0.05265764 -0.05136268 -0.05740416 -0.05429702 -0.05228048 -0.052223913 -0.05612897
0.252 -0.05621778 -0.05284675 -0.05157456 -0.05750197 -0.0544418 -0.05247125 -0.0524697 -0.05624444
0.2525 -0.05633533 -0.05303278 -0.051783 -0.0575985 -0.054584812 -0.052658785 -0.052710872 -0.056358546
0.253 -0.05645127 -0.05321577 -0.05198804 -0.05769376 -0.054726124 -0.05284317 -0.052947503 -0.056471303
0.2535 -0.05656563 -0.05339578 -0.05218974 -0.05778778 -0.054865684 -0.05302444 -0.053179637 -0.05658272
0.254 -0.05667843 -0.05357285 -0.05238816 -0.05788056 -0.055003565 -0.05320266 -0.05340734 -0.0566928
0.2545 -0.05678969 -0.05374705 -0.05258336 -0.05797213 -0.05513975 -0.05337788 -0.053630684 -0.056801565
0.255 -0.05689943 -0.05391842 -0.05277539 -0.0580625 -0.05527424 -0.053550124 -0.053849697 -0.056908995
0.2555 -0.05700768 -0.05408701 -0.0529643 -0.05815169 -0.05540704 -0.05371946 -0.05406444 -0.057015106
0.256 -0.05711446 -0.05425286 -0.05315015 -0.05823972 -0.055538185 -0.05388594 -0.054275014 -0.05711993
0.2565 -0.05721978 -0.05441604 -0.05333298 -0.05832659 -0.05566766 -0.0540496 -0.054481424 -0.05722344
0.257 -0.05732366 -0.05457657 -0.05351286 -0.05841232 -0.055795502 -0.05421049 -0.05468375 -0.05732567
0.2575 -0.05742614 -0.05473452 -0.05368983 -0.05849694 -0.0559217 -0.054368645 -0.054882046 -0.05742661
0.258 -0.05752722 -0.05488992 -0.05386393 -0.05858045 -0.056046296 -0.054524112 -0.05507638 -0.05752629
0.2585 -0.05762692 -0.05504281 -0.05403522 -0.05866287 -0.056169268 -0.054676935 -0.05526681 -0.05762469
0.259 -0.05772527 -0.05519325 -0.05420375 -0.05874422 -0.056290615 -0.05482716 -0.05545334 -0.05772183
0.2595 -0.05782228 -0.05534127 -0.05436956 -0.0588245 -0.056410402 -0.054974824 -0.0556361 -0.057817735
0.26 -0.05791797 -0.05548691 -0.0545327 -0.05890374 -0.056528587 -0.055119954 -0.055815097 -0.057912387
0.2605 -0.05801236 -0.05563022 -0.0546932 -0.05898195 -0.056645222 -0.055262603 -0.055990405 -0.058005802
0.261 -0.05810547 -0.05577124 -0.05485113 -0.05905913 -0.056760293 -0.055402808 -0.056162078 -0.058098003
0.2615 -0.05819731 -0.05591 -0.05500652 -0.05913532 -0.056873817 -0.055540606 -0.056330156 -0.058188982
0.262 -0.05828791 -0.05604654 -0.0551594 -0.0592105 -0.0569858 -0.05567602 -0.0564947 -0.058278754
0.2625 -0.05837727 -0.05618091 -0.05530984 -0.05928472 -0.05709627 -0.05580911 -0.056655772 -0.058367327
0.263 -0.05846543 -0.05631313 -0.05545786 -0.05935796 -0.057205226 -0.055939883 -0.05681341 -0.058454707
0.2635 -0.05855239 -0.05644325 -0.0556035 -0.05943025 -0.057312686 -0.056068413 -0.056967687 -0.05854091
0.264 -0.05863817 -0.0565713 -0.05574682 -0.0595016 -0.057418644 -0.056194693 -0.057118632 -0.05862592
0.2645 -0.05872278 -0.05669732 -0.05588784 -0.05957203 -0.057523146 -0.056318775 -0.057266325 -0.058709793
0.265 -0.05880625 -0.05682134 -0.0560266 -0.05964154 -0.05762619 -0.05644071 -0.05741081 -0.0587925
0.2655 -0.05888859 -0.05694339 -0.05616314 -0.05971014 -0.057727765 -0.05656047 -0.05755211 -0.058874056
0.266 -0.05896981 -0.05706351 -0.05629751 -0.05977786 -0.0578279 -0.05667816 -0.057690326 -0.058954485
0.2665 -0.05904993 -0.05718173 -0.05642973 -0.05984469 -0.057926614 -0.056793787 -0.057825465 -0.059033774
0.267 -0.05912897 -0.05729809 -0.05655984 -0.05991066 -0.05802391 -0.056907363 -0.057957582 -0.059111945
0.2675 -0.05920693 -0.05741261 -0.05668788 -0.05997577 -0.05811981 -0.05701893 -0.05808676 -0.059189014
0.268 -0.05928385 -0.05752532 -0.05681388 -0.06004004 -0.05821432 -0.05712852 -0.058213014 -0.05926498
0.2685 -0.05935972 -0.05763626 -0.05693787 -0.06010347 -0.058307443 -0.057236165 -0.058336407 -0.05933985
0.269 -0.05943456 -0.05774546 -0.0570599 -0.06016608 -0.058399215 -0.05734188 -0.05845699 -0.05941365
0.2695 -0.05950839 -0.05785294 -0.05717998 -0.06022788 -0.058489643 -0.057445735 -0.058574837 -0.059486374
0.27 -0.05958123 -0.05795874 -0.05729816 -0.06028888 -0.058578715 -0.057547696 -0.058689944 -0.059558034
0.2705 -0.05965308 -0.05806288 -0.05741446 -0.06034909 -0.058666453 -0.05764783 -0.058802377 -0.059628643
0.271 -0.05972396 -0.05816539 -0.05752893 -0.06040852 -0.0587529 -0.05774618 -0.058912206 -0.05969821
0.2715 -0.05979388 -0.05826629 -0.05764157 -0.06046718 -0.05883802 -0.05784273 -0.059019443 -0.059766732
0.272 -0.05986286 -0.05836562 -0.05775244 -0.06052508 -0.058921874 -0.057937533 -0.05912418 -0.059834242
0.2725 -0.05993091 -0.0584634 -0.05786155 -0.06058223 -0.059004456 -0.05803062 -0.059226424 -0.059900746
0.273 -0.05999804 -0.05855965 -0.05796894 -0.06063864 -0.05908576 -0.05812201 -0.059326246 -0.059966236
0.2735 -0.06006426 -0.05865441 -0.05807464 -0.06069432 -0.059165828 -0.05821173 -0.059423678 -0.06003073
0.274 -0.06012959 -0.05874769 -0.05817866 -0.06074929 -0.059244644 -0.058299795 -0.059518762 -0.060094245
0.2745 -0.06019404 -0.05883953 -0.05828105 -0.06080354 -0.05932224 -0.058386244 -0.059611537 -0.060156778
0.275 -0.06025762 -0.05892994 -0.05838183 -0.06085709 -0.059398644 -0.0584711 -0.059702087 -0.060218357
0.2755 -0.06032035 -0.05901894 -0.05848101 -0.06090995 -0.05947384 -0.05855439 -0.059790395 -0.060278974
0.276 -0.06038223 -0.05910657 -0.05857864 -0.06096213 -0.05954785 -0.05863613 -0.059876554 -0.060338646
0.2765 -0.06044327 -0.05919284 -0.05867474 -0.06101363 -0.05962071 -0.058716357 -0.05996059 -0.060397394
0.277 -0.0605035 -0.05927778 -0.05876933 -0.06106447 -0.059692375 -0.058795072 -0.060042538 -0.060455203
0.2775 -0.06056291 -0.05936141 -0.05886243 -0.06111465 -0.059762914 -0.058872327 -0.060122445 -0.06051211
0.278 -0.06062152 -0.05944375 -0.05895407 -0.06116418 -0.059832327 -0.05894813 -0.06020036 -0.06056811
0.2785 -0.06067935 -0.05952482 -0.05904428 -0.06121308 -0.05990062 -0.05902251 -0.0602763 -0.060623206
0.279 -0.0607364 -0.05960464 -0.05913307 -0.06126134 -0.059967805 -0.05909548 -0.06035033 -0.060677424
0.2795 -0.06079268 -0.05968323 -0.05922048 -0.06130898 -0.06003389 -0.059167072 -0.060422476 -0.06073077
0.28 -0.0608482 -0.05976062 -0.05930652 -0.06135601 -0.06009892 -0.0592373 -0.060492788 -0.060783252
0.2805 -0.06090298 -0.05983682 -0.05939122 -0.06140243 -0.060162857 -0.059306204 -0.060561284 -0.06083487
0.281 -0.06095702 -0.05991185 -0.0594746 -0.06144826 -0.06022575 -0.05937379 -0.06062803 -0.060885645
0.2815 -0.06101034 -0.05998573 -0.05955667 -0.06149349 -0.06028762 -0.059440076 -0.06069305 -0.060935594
0.282 -0.06106294 -0.06005848 -0.05963747 -0.06153814 -0.060348433 -0.059505098 -0.060756374 -0.06098471
0.2825 -0.06111483 -0.06013012 -0.05971701 -0.06158222 -0.06040825 -0.05956886 -0.06081805 -0.06103301
0.283 -0.06116603 -0.06020067 -0.05979532 -0.06162573 -0.060467068 -0.059631407 -0.060878117 -0.061080508
0.2835 -0.06121655 -0.06027014 -0.0598724 -0.06166867 -0.060524885 -0.05969274 -0.060936596 -0.061127216
0.284 -0.06126638 -0.06033855 -0.05994829 -0.06171107 -0.06058174 -0.05975289 -0.060993534 -0.06117314
0.2845 -0.06131555 -0.06040592 -0.06002301 -0.06175292 -0.060637627 -0.05981186 -0.061048944 -0.061218284
0.285 -0.06136405 -0.06047226 -0.06009656 -0.06179423 -0.060692552 -0.059869684 -0.061102886 -0.061262652
0.2855 -0.06141191 -0.0605376 -0.06016897 -0.06183502 -0.060746554 -0.059926383 -0.06115539 -0.061306283
0.286 -0.06145913 -0.06060194 -0.06024027 -0.06187527 -0.060799636 -0.05998198 -0.06120647 -0.06134916
0.2865 -0.06150571 -0.06066531 -0.06031046 -0.06191501 -0.060851783 -0.060036473 -0.06125618 -0.0613913
0.287 -0.06155167 -0.06072772 -0.06037957 -0.06195424 -0.060903046 -0.0600899 -0.061304543 -0.06143272
0.2875 -0.06159702 -0.06078918 -0.0604476 -0.06199297 -0.06095342 -0.06014227 -0.061351594 -0.06147342
0.288 -0.06164176 -0.06084972 -0.06051459 -0.06203119 -0.061002914 -0.060193613 -0.061397348 -0.0615134
0.2885 -0.0616859 -0.06090934 -0.06058055 -0.06206893 -0.061051544 -0.060243934 -0.06144185 -0.061552703
0.289 -0.06172945 -0.06096806 -0.06064549 -0.06210618 -0.06109932 -0.060293265 -0.061485138 -0.061591305
0.2895 -0.06177242 -0.06102589 -0.06070943 -0.06214295 -0.061146267 -0.06034161 -0.061527226 -0.061629236
0.29 -0.06181481 -0.06108286 -0.06077239 -0.06217926 -0.06119237 -0.06038899 -0.061568137 -0.06166649
0.2905 -0.06185664 -0.06113896 -0.06083437 -0.06221509 -0.06123768 -0.060435414 -0.061607923 -0.061703093
0.291 -0.06189791 -0.06119422 -0.06089541 -0.06225047 -0.06128217 -0.060480915 -0.061646592 -0.061739042
0.2915 -0.06193863 -0.06124865 -0.06095551 -0.06228539 -0.06132588 -0.060525514 -0.061684165 -0.06177435
0.292 -0.0619788 -0.06130227 -0.06101469 -0.06231986 -0.0613688 -0.060569204 -0.061720695 -0.061809026
0.2925 -0.06201844 -0.06135508 -0.06107296 -0.0623539 -0.061410945 -0.060612023 -0.06175619 -0.061843075
0.293 -0.06205755 -0.0614071 -0.06113034 -0.06238749 -0.06145235 -0.06065397 -0.061790686 -0.061876513
0.2935 -0.06209614 -0.06145834 -0.06118684 -0.06242066 -0.061492994 -0.060695074 -0.06182417 -0.061909348
0.294 -0.06213421 -0.06150882 -0.06124248 -0.0624534 -0.061532926 -0.060735352 -0.061856743 -0.0619416
0.2945 -0.06217177 -0.06155854 -0.06129727 -0.06248572 -0.061572116 -0.060774803 -0.061888333 -0.061973244
0.295 -0.06220884 -0.06160751 -0.06135122 -0.06251763 -0.061610594 -0.06081345 -0.06191906 -0.06200432
0.2955 -0.06224541 -0.06165576 -0.06140435 -0.06254912 -0.06164838 -0.06085132 -0.06194889 -0.06203483
0.296 -0.06228149 -0.06170329 -0.06145667 -0.06258022 -0.061685458 -0.060888402 -0.061977837 -0.062064767
0.2965 -0.0623171 -0.06175011 -0.06150819 -0.06261092 -0.061721876 -0.060924746 -0.062005963 -0.06209416
0.297 -0.06235223 -0.06179623 -0.06155893 -0.06264122 -0.06175762 -0.06096033 -0.062033277 -0.062123023
0.2975 -0.06238689 -0.06184167 -0.0616089 -0.06267114 -0.06179268 -0.060995176 -0.06205977 -0.062151328
0.298 -0.06242109 -0.06188644 -0.06165811 -0.06270067 -0.061827123 -0.061029322 -0.062085506 -0.06217912
0.2985 -0.06245483 -0.06193054 -0.06170657 -0.06272982 -0.061860908 -0.061062768 -0.062110472 -0.06220638
0.299 -0.06248813 -0.06197398 -0.06175429 -0.06275861 -0.061894078 -0.061095513 -0.06213471 -0.062233143
0.2995 -0.06252099 -0.06201679 -0.0618013 -0.06278702 -0.06192663 -0.06112759 -0.062158253 -0.062259406
0.3 -0.0625534 -0.06205895 -0.06184759 -0.06281507 -0.061958577 -0.061159007 -0.062181067 -0.06228517
0.3005 -0.06258539 -0.0621005 -0.06189318 -0.06284276 -0.06198992 -0.061189763 -0.062203225 -0.06231045
0.301 -0.06261695 -0.06214143 -0.06193808 -0.0628701 -0.062020674 -0.061219886 -0.062224705 -0.062335245
0.3015 -0.06264809 -0.06218176 -0.0619823 -0.06289709 -0.062050864 -0.061249383 -0.06224556 -0.062359586
0.302 -0.06267882 -0.06222149 -0.06202585 -0.06292373 -0.06208046 -0.06127827 -0.06226578 -0.06238345
0.3025 -0.06270914 -0.06226064 -0.06206875 -0.06295004 -0.0621095 -0.061306544 -0.06228539 -0.062406853
0.303 -0.06273906 -0.06229921 -0.062111 -0.062976 -0.062138017 -0.061334245 -0.062304426 -0.06242983
0.3035 -0.06276859 -0.06233721 -0.06215262 -0.06300164 -0.06216597 -0.061361365 -0.062322874 -0.062452346
0.304 -0.06279772 -0.06237466 -0.0621936 -0.06302695 -0.0621934 -0.061387904 -0.062340762 -0.062474445
0.3045 -0.06282646 -0.06241155 -0.06223397 -0.06305193 -0.062220305 -0.06141389 -0.062358107 -0.06249612
0.305 -0.06285482 -0.0624479 -0.06227374 -0.0630766 -0.0622467 -0.061439343 -0.06237493 -0.06251736
0.3055 -0.06288281 -0.06248372 -0.0623129 -0.06310095 -0.062272586 -0.06146425 -0.062391233 -0.06253821
0.306 -0.06291043 -0.06251902 -0.06235148 -0.06312499 -0.06229797 -0.061488636 -0.062407028 -0.062558636
0.3065 -0.06293768 -0.0625538 -0.06238948 -0.06314872 -0.06232287 -0.061512515 -0.06242236 -0.06257867
0.307 -0.06296457 -0.06258807 -0.06242691 -0.06317215 -0.06234728 -0.06153588 -0.062437203 -0.06259832
0.3075 -0.0629911 -0.06262184 -0.06246378 -0.06319529 -0.062371235 -0.06155876 -0.062451597 -0.062617585
0.308 -0.06301728 -0.06265511 -0.0625001 -0.06321812 -0.062394727 -0.061581165 -0.062465552 -0.06263649
0.3085 -0.06304312 -0.0626879 -0.06253588 -0.06324067 -0.06241776 -0.06160309 -0.062479068 -0.062654994
0.309 -0.06306861 -0.06272021 -0.06257112 -0.06326293 -0.062440343 -0.06162455 -0.062492166 -0.06267315
0.3095 -0.06309377 -0.06275205 -0.06260583 -0.0632849 -0.062462494 -0.061645553 -0.06250485 -0.06269094
0.31 -0.0631186 -0.06278343 -0.06264003 -0.06330659 -0.062484197 -0.06166611 -0.062517144 -0.062708385
0.3105 -0.06314309 -0.06281435 -0.06267372 -0.06332801 -0.0625055 -0.061686248 -0.062529065 -0.06272551
0.311 -0.06316726 -0.06284482 -0.0627069 -0.06334916 -0.062526375 -0.06170594 -0.0625406 -0.06274226
0.3115 -0.06319112 -0.06287485 -0.06273959 -0.06337003 -0.06254683 -0.061725207 -0.06255176 -0.06275869
0.312 -0.06321466 -0.06290445 -0.0627718 -0.06339064 -0.06256689 -0.06174408 -0.0625626 -0.06277481
0.3125 -0.06323788 -0.06293361 -0.06280353 -0.06341099 -0.06258656 -0.061762534 -0.062573075 -0.06279059
0.313 -0.0632608 -0.06296235 -0.06283478 -0.06343107 -0.06260584 -0.061780617 -0.06258324 -0.06280606
0.3135 -0.06328342 -0.06299068 -0.06286557 -0.06345091 -0.06262474 -0.061798304 -0.06259306 -0.06282122
0.314 -0.06330574 -0.06301859 -0.06289591 -0.06347049 -0.062643275 -0.061815612 -0.06260257 -0.06283608
0.3145 -0.06332777 -0.0630461 -0.06292579 -0.06348982 -0.062661424 -0.061832547 -0.06261179 -0.06285064
0.315 -0.0633495 -0.06307322 -0.06295523 -0.0635089 -0.06267924 -0.061849125 -0.062620714 -0.062864915
0.3155 -0.06337095 -0.06309994 -0.06298424 -0.06352774 -0.06269668 -0.061865352 -0.06262935 -0.0628789
0.316 -0.06339212 -0.06312628 -0.06301282 -0.06354634 -0.06271377 -0.061881214 -0.06263772 -0.06289259
0.3165 -0.063413 -0.06315223 -0.06304097 -0.06356471 -0.06273054 -0.061896756 -0.06264581 -0.06290603
0.317 -0.06343361 -0.06317782 -0.06306871 -0.06358284 -0.06274698 -0.061911963 -0.062653646 -0.062919185
0.3175 -0.06345395 -0.06320303 -0.06309604 -0.06360074 -0.06276308 -0.061926827 -0.06266122 -0.06293207
0.318 -0.06347402 -0.06322789 -0.06312297 -0.06361841 -0.062778845 -0.061941385 -0.06266856 -0.06294469
0.3185 -0.06349383 -0.06325238 -0.0631495 -0.06363586 -0.06279431 -0.061955616 -0.062675655 -0.06295706
0.319 -0.06351338 -0.06327652 -0.06317564 -0.06365308 -0.06280947 -0.06196955 -0.06268255 -0.062969185
0.3195 -0.06353267 -0.06330032 -0.06320139 -0.06367009 -0.0628243 -0.061983183 -0.062689185 -0.06298106
0.32 -0.0635517 -0.06332378 -0.06322677 -0.06368688 -0.06283887 -0.061996527 -0.06269562 -0.06299269
0.3205 -0.06357049 -0.0633469 -0.06325177 -0.06370346 -0.06285312 -0.062009588 -0.06270186 -0.06300409
0.321 -0.06358903 -0.06336968 -0.06327641 -0.06371982 -0.06286709 -0.06202236 -0.06270788 -0.06301525
0.3215 -0.06360732 -0.06339215 -0.06330069 -0.06373598 -0.06288078 -0.06203486 -0.062713705 -0.06302619
0.322 -0.06362538 -0.06341429 -0.0633246 -0.06375194 -0.06289419 -0.062047087 -0.062719345 -0.063036904
0.3225 -0.06364319 -0.06343611 -0.06334817 -0.06376769 -0.06290732 -0.062059045 -0.06272479 -0.063047394
0.323 -0.06366078 -0.06345762 -0.0633714 -0.06378324 -0.062920205 -0.06207075 -0.06273008 -0.06305767
0.3235 -0.06367813 -0.06347883 -0.06339428 -0.06379859 -0.06293282 -0.062082194 -0.06273517 -0.06306773
0.324 -0.06369525 -0.06349973 -0.06341683 -0.06381375 -0.06294517 -0.062093392 -0.06274011 -0.06307759
0.3245 -0.06371215 -0.06352034 -0.06343905 -0.06382871 -0.06295727 -0.06210436 -0.06274488 -0.06308725
0.325 -0.06372883 -0.06354065 -0.06346094 -0.06384349 -0.06296915 -0.062115088 -0.0627495 -0.0630967
0.3255 -0.06374529 -0.06356067 -0.06348252 -0.06385808 -0.062980756 -0.06212557 -0.06275396 -0.06310596
0.326 -0.06376153 -0.06358041 -0.06350378 -0.06387248 -0.06299214 -0.062135838 -0.062758274 -0.06311504
0.3265 -0.06377756 -0.06359987 -0.06352473 -0.0638867 -0.06300329 -0.062145874 -0.06276245 -0.06312391
0.327 -0.06379338 -0.06361905 -0.06354538 -0.06390074 -0.06301421 -0.062155694 -0.06276647 -0.063132614
0.3275 -0.06380899 -0.06363796 -0.06356572 -0.0639146 -0.06302491 -0.062165305 -0.062770374 -0.06314113
0.328 -0.0638244 -0.0636566 -0.06358577 -0.06392828 -0.063035384 -0.062174708 -0.062774144 -0.063149475
0.3285 -0.0638396 -0.06367497 -0.06360553 -0.06394179 -0.06304565 -0.0621839 -0.06277779 -0.06315764
0.329 -0.06385461 -0.06369309 -0.063625 -0.06395514 -0.06305571 -0.062192902 -0.06278131 -0.06316564
0.3295 -0.06386942 -0.06371095 -0.06364419 -0.06396831 -0.06306556 -0.0622017 -0.062784724 -0.06317347
0.33 -0.06388403 -0.06372856 -0.0636631 -0.06398131 -0.0630752 -0.062210314 -0.06278801 -0.06318114
0.3305 -0.06389845 -0.06374591 -0.06368174 -0.06399415 -0.06308465 -0.06221874 -0.0627912 -0.06318866
0.331 -0.06391269 -0.06376303 -0.06370011 -0.06400683 -0.0630939 -0.062226973 -0.06279427 -0.063196
0.3315 -0.06392674 -0.0637799 -0.06371821 -0.06401934 -0.06310295 -0.062235035 -0.06279724 -0.0632032
0.332 -0.0639406 -0.06379653 -0.06373605 -0.0640317 -0.06311183 -0.062242918 -0.06280012 -0.06321026
0.3325 -0.06395429 -0.06381293 -0.06375363 -0.0640439 -0.0631205 -0.06225063 -0.06280288 -0.06321715
0.333 -0.06396779 -0.06382909 -0.06377096 -0.06405594 -0.06312902 -0.062258177 -0.06280556 -0.06322391
0.3335 -0.06398112 -0.06384503 -0.06378803 -0.06406784 -0.06313735 -0.062265553 -0.06280816 -0.06323052
0.334 -0.06399427 -0.06386075 -0.06380487 -0.06407958 -0.06314552 -0.062272772 -0.06281065 -0.063237004
0.3345 -0.06400725 -0.06387624 -0.06382145 -0.06409117 -0.06315351 -0.062279835 -0.06281308 -0.063243344
0.335 -0.06402007 -0.06389152 -0.0638378 -0.06410262 -0.063161336 -0.062286742 -0.06281542 -0.06324955
0.3355 -0.06403271 -0.06390658 -0.06385392 -0.06411392 -0.063168995 -0.062293492 -0.06281767 -0.063255616
0.336 -0.06404519 -0.06392143 -0.0638698 -0.06412508 -0.06317651 -0.0623001 -0.06281985 -0.063261576
0.3365 -0.06405751 -0.06393607 -0.06388545 -0.0641361 -0.06318385 -0.062306568 -0.062821954 -0.063267395
0.337 -0.06406966 -0.06395051 -0.06390088 -0.06414697 -0.06319104 -0.062312894 -0.06282399 -0.063273095
0.3375 -0.06408166 -0.06396474 -0.06391609 -0.06415771 -0.063198105 -0.06231907 -0.06282597 -0.06327868
0.338 -0.0640935 -0.06397877 -0.06393108 -0.06416832 -0.063205004 -0.06232512 -0.062827855 -0.063284144
0.3385 -0.06410519 -0.06399261 -0.06394586 -0.06417879 -0.06321176 -0.06233105 -0.0628297 -0.0632895
0.339 -0.06411672 -0.06400626 -0.06396042 -0.06418912 -0.06321837 -0.062336832 -0.06283147 -0.06329473
0.3395 -0.0641281 -0.06401971 -0.06397477 -0.06419933 -0.06322484 -0.062342487 -0.062833175 -0.06329985
0.34 -0.06413934 -0.06403298 -0.06398892 -0.06420941 -0.063231185 -0.06234803 -0.06283484 -0.06330488
0.3405 -0.06415042 -0.06404606 -0.06400287 -0.06421936 -0.063237384 -0.062353447 -0.06283643 -0.06330979
0.341 -0.06416137 -0.06405895 -0.06401661 -0.06422918 -0.06324346 -0.062358752 -0.062837966 -0.06331459
0.3415 -0.06417217 -0.06407167 -0.06403016 -0.06423888 -0.063249424 -0.062363923 -0.062839456 -0.063319296
0.342 -0.06418283 -0.06408421 -0.06404352 -0.06424846 -0.06325525 -0.062369004 -0.062840894 -0.0633239
0.3425 -0.06419335 -0.06409658 -0.06405669 -0.06425791 -0.06326096 -0.06237395 -0.06284229 -0.06332841
0.343 -0.06420373 -0.06410877 -0.06406967 -0.06426725 -0.06326653 -0.0623788 -0.06284363 -0.06333282
0.3435 -0.06421398 -0.06412079 -0.06408246 -0.06427647 -0.063272014 -0.062383547 -0.062844925 -0.06333714
0.344 -0.0642241 -0.06413265 -0.06409507 -0.06428557 -0.063277364 -0.06238818 -0.06284616 -0.06334136
0.3445 -0.06423408 -0.06414434 -0.06410751 -0.06429455 -0.063282594 -0.062392727 -0.06284737 -0.0633455
0.345 -0.06424394 -0.06415587 -0.06411976 -0.06430343 -0.063287735 -0.062397167 -0.062848546 -0.06334955
0.3455 -0.06425366 -0.06416724 -0.06413184 -0.06431219 -0.06329276 -0.062401503 -0.06284967 -0.063353516
0.346 -0.06426326 -0.06417845 -0.06414375 -0.06432084 -0.06329766 -0.062405743 -0.06285074 -0.06335738
0.3465 -0.06427273 -0.06418951 -0.06415549 -0.06432938 -0.06330247 -0.0624099 -0.0628518 -0.06336118
0.347 -0.06428208 -0.06420041 -0.06416707 -0.06433781 -0.06330717 -0.062413946 -0.06285279 -0.06336489
0.3475 -0.06429131 -0.06421116 -0.06417848 -0.06434613 -0.063311785 -0.062417924 -0.06285377 -0.06336853
0.348 -0.06430042 -0.06422177 -0.06418972 -0.06435436 -0.06331631 -0.062421814 -0.06285472 -0.06337209
0.3485 -0.06430941 -0.06423222 -0.06420081 -0.06436247 -0.06332072 -0.062425613 -0.06285562 -0.06337557
0.349 -0.06431829 -0.06424253 -0.06421175 -0.06437049 -0.06332505 -0.06242934 -0.06285651 -0.06337898
0.3495 -0.06432705 -0.0642527 -0.06422252 -0.0643784 -0.06332929 -0.062432967 -0.06285736 -0.06338231
0.35 -0.06433569 -0.06426273 -0.06423315 -0.06438621 -0.06333344 -0.06243652 -0.06285817 -0.06338558
0.3505 -0.06434422 -0.06427262 -0.06424362 -0.06439393 -0.06333749 -0.06244 -0.06285895 -0.063388765
0.351 -0.06435265 -0.06428237 -0.06425395 -0.06440154 -0.06334145 -0.062443413 -0.06285973 -0.063391894
0.3515 -0.06436096 -0.06429199 -0.06426413 -0.06440906 -0.06334534 -0.06244673 -0.06286046 -0.063394964
0.352 -0.06436916 -0.06430148 -0.06427417 -0.06441649 -0.06334914 -0.062449977 -0.06286115 -0.063397944
0.3525 -0.06437726 -0.06431083 -0.06428406 -0.06442382 -0.06335286 -0.06245316 -0.062861845 -0.06340088
0.353 -0.06438526 -0.06432006 -0.06429382 -0.06443106 -0.063356504 -0.062456273 -0.0628625 -0.06340375
0.3535 -0.06439314 -0.06432916 -0.06430344 -0.06443821 -0.06336008 -0.06245932 -0.06286314 -0.06340655
0.354 -0.06440093 -0.06433813 -0.06431292 -0.06444527 -0.06336356 -0.062462293 -0.06286375 -0.06340929
0.3545 -0.06440862 -0.06434698 -0.06432228 -0.06445224 -0.06336698 -0.062465213 -0.06286434 -0.06341197
0.355 -0.0644162 -0.06435571 -0.06433149 -0.06445912 -0.06337032 -0.062468052 -0.06286491 -0.063414596
0.3555 -0.06442369 -0.06436432 -0.06434058 -0.06446591 -0.0633736 -0.062470846 -0.062865466 -0.06341718
0.356 -0.06443108 -0.06437281 -0.06434955 -0.06447262 -0.0633768 -0.062473573 -0.062866 -0.06341969
0.3565 -0.06443838 -0.06438119 -0.06435838 -0.06447924 -0.063379936 -0.062476225 -0.06286651 -0.06342215
0.357 -0.06444558 -0.06438945 -0.0643671 -0.06448578 -0.063383 -0.062478833 -0.06286699 -0.063424565
0.3575 -0.06445269 -0.06439759 -0.06437569 -0.06449224 -0.063386 -0.06248139 -0.06286748 -0.06342692
0.358 -0.0644597 -0.06440563 -0.06438416 -0.06449861 -0.06338893 -0.06248387 -0.062867925 -0.06342922
0.3585 -0.06446663 -0.06441355 -0.06439251 -0.06450491 -0.06339181 -0.062486313 -0.06286838 -0.06343148
0.359 -0.06447346 -0.06442137 -0.06440074 -0.06451113 -0.06339463 -0.062488697 -0.062868804 -0.0634337
0.3595 -0.06448021 -0.06442908 -0.06440886 -0.06451726 -0.06339739 -0.06249103 -0.06286922 -0.06343586
0.36 -0.06448687 -0.06443668 -0.06441687 -0.06452332 -0.06340009 -0.06249331 -0.06286962 -0.063437976
0.3605 -0.06449344 -0.06444418 -0.06442476 -0.06452931 -0.06340272 -0.062495537 -0.06287 -0.06344004
0.361 -0.06449993 -0.06445158 -0.06443255 -0.06453522 -0.0634053 -0.06249772 -0.06287038 -0.06344206
0.3615 -0.06450633 -0.06445888 -0.06444022 -0.06454105 -0.06340782 -0.062499844 -0.062870726 -0.06344404
0.362 -0.06451265 -0.06446607 -0.06444779 -0.06454681 -0.0634103 -0.062501945 -0.06287108 -0.06344599
0.3625 -0.06451889 -0.06447317 -0.06445525 -0.0645525 -0.063412726 -0.06250398 -0.06287141 -0.063447885
0.363 -0.06452505 -0.06448017 -0.06446261 -0.06455811 -0.06341508 -0.062505975 -0.062871724 -0.06344974
0.3635 -0.06453113 -0.06448708 -0.06446987 -0.06456366 -0.06341741 -0.06250793 -0.06287204 -0.06345156
0.364 -0.06453713 -0.06449389 -0.06447702 -0.06456913 -0.06341967 -0.062509835 -0.062872335 -0.06345333
0.3645 -0.06454305 -0.06450061 -0.06448408 -0.06457454 -0.06342189 -0.062511705 -0.062872626 -0.063455075
0.365 -0.0645489 -0.06450724 -0.06449104 -0.06457988 -0.063424066 -0.06251353 -0.0628729 -0.063456774
0.3655 -0.06455467 -0.06451378 -0.0644979 -0.06458515 -0.06342619 -0.06251532 -0.06287316 -0.063458435
0.366 -0.06456036 -0.06452023 -0.06450467 -0.06459035 -0.06342827 -0.06251706 -0.062873416 -0.06346007
0.3665 -0.06456599 -0.06452659 -0.06451134 -0.06459549 -0.06343031 -0.06251876 -0.06287367 -0.063461654
0.367 -0.06457154 -0.06453286 -0.06451792 -0.06460057 -0.06343229 -0.06252044 -0.062873915 -0.06346321
0.3675 -0.06457702 -0.06453905 -0.06452441 -0.06460558 -0.06343425 -0.06252207 -0.06287413 -0.06346474
0.368 -0.06458242 -0.06454516 -0.0645308 -0.06461053 -0.06343615 -0.06252367 -0.06287435 -0.06346623
0.3685 -0.06458776 -0.06455118 -0.06453711 -0.06461541 -0.06343802 -0.06252523 -0.06287457 -0.06346769
0.369 -0.06459303 -0.06455712 -0.06454334 -0.06462023 -0.06343983 -0.06252676 -0.062874764 -0.06346911
0.3695 -0.06459823 -0.06456298 -0.06454947 -0.064625 -0.06344162 -0.06252825 -0.06287496 -0.063470505
0.37 -0.06460337 -0.06456876 -0.06455553 -0.0646297 -0.06344338 -0.06252972 -0.06287516 -0.06347188
0.3705 -0.06460843 -0.06457447 -0.06456149 -0.06463434 -0.063445084 -0.06253114 -0.06287534 -0.06347321
0.371 -0.06461344 -0.06458009 -0.06456738 -0.06463893 -0.06344675 -0.06253254 -0.06287552 -0.06347452
0.3715 -0.06461837 -0.06458564 -0.06457318 -0.06464345 -0.0634484 -0.06253391 -0.06287568 -0.063475795
0.372 -0.06462325 -0.06459111 -0.06457891 -0.06464792 -0.06345 -0.06253525 -0.06287586 -0.06347706
0.3725 -0.06462806 -0.06459651 -0.06458455 -0.06465234 -0.06345156 -0.06253656 -0.062876016 -0.06347828
0.373 -0.06463281 -0.06460184 -0.06459012 -0.0646567 -0.0634531 -0.062537834 -0.06287617 -0.06347948
0.3735 -0.0646375 -0.0646071 -0.06459561 -0.064661 -0.0634546 -0.062539086 -0.06287632 -0.06348065
0.374 -0.06464212 -0.06461228 -0.06460103 -0.06466525 -0.06345607 -0.062540315 -0.062876455 -0.06348179
0.3745 -0.06464669 -0.0646174 -0.06460637 -0.06466945 -0.063457504 -0.062541515 -0.06287661 -0.06348292
0.375 -0.0646512 -0.06462244 -0.06461163 -0.06467359 -0.063458905 -0.06254268 -0.06287672 -0.06348402
0.3755 -0.06465565 -0.06462742 -0.06461683 -0.06467768 -0.06346028 -0.062543824 -0.062876865 -0.06348509
0.376 -0.06466005 -0.06463233 -0.06462195 -0.06468172 -0.06346162 -0.06254495 -0.06287698 -0.063486144
0.3765 -0.06466438 -0.06463717 -0.06462701 -0.06468571 -0.06346294 -0.062546045 -0.0628771 -0.06348717
0.377 -0.06466867 -0.06464195 -0.06463199 -0.06468965 -0.063464224 -0.06254712 -0.06287722 -0.06348818
0.3775 -0.06467289 -0.06464667 -0.0646369 -0.06469354 -0.06346549 -0.06254816 -0.06287732 -0.063489154
0.378 -0.06467706 -0.06465132 -0.06464175 -0.06469738 -0.06346673 -0.06254918 -0.06287743 -0.06349012
0.3785 -0.06468118 -0.06465591 -0.06464653 -0.06470117 -0.063467935 -0.06255019 -0.06287753 -0.06349107
0.379 -0.06468525 -0.06466043 -0.06465125 -0.06470491 -0.06346911 -0.06255116 -0.062877625 -0.063491985
0.3795 -0.06468926 -0.0646649 -0.0646559 -0.06470861 -0.063470274 -0.06255212 -0.06287773 -0.063492894
0.38 -0.06469322 -0.0646693 -0.06466049 -0.06471226 -0.0634714 -0.06255306 -0.06287782 -0.06349377
0.3805 -0.06469713 -0.06467365 -0.06466501 -0.06471586 -0.06347251 -0.06255398 -0.06287791 -0.06349463
0.381 -0.06470099 -0.06467794 -0.06466948 -0.06471942 -0.06347359 -0.06255487 -0.06287799 -0.06349548
0.3815 -0.0647048 -0.06468217 -0.06467388 -0.06472294 -0.06347464 -0.06255575 -0.062878065 -0.06349631
0.382 -0.06470857 -0.06468634 -0.06467822 -0.06472641 -0.06347568 -0.0625566 -0.06287815 -0.06349711
0.3825 -0.06471228 -0.06469046 -0.0646825 -0.06472983 -0.06347668 -0.06255745 -0.06287822 -0.06349789
0.383 -0.06471594 -0.06469452 -0.06468673 -0.06473322 -0.06347768 -0.062558256 -0.06287828 -0.06349866
0.3835 -0.06471956 -0.06469853 -0.06469089 -0.06473656 -0.06347865 -0.06255907 -0.06287836 -0.06349942
0.384 -0.06472313 -0.06470249 -0.064695 -0.06473986 -0.063479595 -0.06255986 -0.06287844 -0.063500166
0.3845 -0.06472666 -0.06470639 -0.06469906 -0.06474312 -0.06348054 -0.062560625 -0.06287849 -0.06350089
0.385 -0.06473014 -0.06471024 -0.06470305 -0.06474633 -0.06348145 -0.06256137 -0.06287856 -0.0635016
0.3855 -0.06473358 -0.06471404 -0.064707 -0.06474951 -0.06348233 -0.062562115 -0.06287862 -0.06350229
0.386 -0.06473697 -0.06471778 -0.06471089 -0.06475265 -0.06348319 -0.06256282 -0.06287868 -0.06350297
0.3865 -0.06474032 -0.06472148 -0.06471472 -0.06475574 -0.06348404 -0.06256352 -0.062878735 -0.06350363
0.387 -0.06474362 -0.06472513 -0.06471851 -0.0647588 -0.06348489 -0.062564224 -0.062878795 -0.06350428
0.3875 -0.06474689 -0.06472873 -0.06472224 -0.06476182 -0.0634857 -0.06256489 -0.06287885 -0.06350491
0.388 -0.06475011 -0.06473228 -0.06472593 -0.0647648 -0.06348649 -0.06256554 -0.06287889 -0.06350553
0.3885 -0.06475329 -0.06473578 -0.06472956 -0.06476775 -0.06348728 -0.06256618 -0.062878944 -0.06350614
0.389 -0.06475643 -0.06473924 -0.06473314 -0.06477065 -0.06348804 -0.06256682 -0.06287899 -0.06350674
0.3895 -0.06475953 -0.06474265 -0.06473668 -0.06477352 -0.06348878 -0.06256743 -0.06287903 -0.06350732
0.39 -0.06476258 -0.06474601 -0.06474016 -0.06477636 -0.0634895 -0.062568024 -0.06287906 -0.06350788
0.3905 -0.0647656 -0.06474933 -0.0647436 -0.06477916 -0.06349023 -0.06256862 -0.06287912 -0.063508436
0.391 -0.06476859 -0.06475261 -0.064747 -0.06478192 -0.06349091 -0.06256919 -0.062879145 -0.06350898
0.3915 -0.06477153 -0.06475584 -0.06475034 -0.06478465 -0.06349161 -0.06256976 -0.0628792 -0.06350952
0.392 -0.06477443 -0.06475903 -0.06475364 -0.06478735 -0.063492276 -0.0625703 -0.062879235 -0.06351003
0.3925 -0.0647773 -0.06476218 -0.0647569 -0.06479001 -0.063492924 -0.06257084 -0.06287926 -0.06351053
0.393 -0.06478013 -0.06476528 -0.06476011 -0.06479263 -0.06349355 -0.06257136 -0.06287929 -0.06351103
0.3935 -0.06478293 -0.06476834 -0.06476328 -0.06479523 -0.06349419 -0.06257189 -0.062879324 -0.06351152
0.394 -0.06478569 -0.06477137 -0.06476641 -0.06479779 -0.0634948 -0.06257239 -0.06287936 -0.063512
0.3945 -0.06478841 -0.06477435 -0.06476949 -0.06480032 -0.0634954 -0.062572874 -0.06287939 -0.06351247
0.395 -0.0647911 -0.06477729 -0.06477254 -0.06480282 -0.06349598 -0.06257335 -0.06287941 -0.063512914
0.3955 -0.06479375 -0.0647802 -0.06477554 -0.06480529 -0.06349656 -0.062573835 -0.06287944 -0.06351337
0.396 -0.06479637 -0.06478306 -0.0647785 -0.06480772 -0.06349712 -0.06257429 -0.062879466 -0.0635138
0.3965 -0.06479896 -0.06478589 -0.06478142 -0.06481013 -0.063497685 -0.062574744 -0.0628795 -0.06351423
0.397 -0.06480152 -0.06478868 -0.0647843 -0.0648125 -0.063498214 -0.062575184 -0.06287952 -0.06351464
0.3975 -0.06480404 -0.06479143 -0.06478714 -0.06481485 -0.06349873 -0.06257561 -0.06287953 -0.06351505
0.398 -0.06480653 -0.06479415 -0.06478995 -0.06481716 -0.06349924 -0.06257603 -0.06287956 -0.06351545
0.3985 -0.06480898 -0.06479683 -0.06479272 -0.06481945 -0.06349975 -0.06257645 -0.062879585 -0.06351584
0.399 -0.06481141 -0.06479947 -0.06479545 -0.06482171 -0.063500226 -0.06257685 -0.0628796 -0.063516214
0.3995 -0.0648138 -0.06480208 -0.06479814 -0.06482394 -0.06350072 -0.06257725 -0.06287962 -0.0635166
0.4 -0.06481617 -0.06480466 -0.06480079 -0.06482614 -0.063501194 -0.062577635 -0.06287965 -0.06351697
0.4005 -0.0648185 -0.0648072 -0.06480342 -0.06482832 -0.06350164 -0.06257801 -0.06287966 -0.06351732
0.401 -0.0648208 -0.06480971 -0.064806 -0.06483046 -0.0635021 -0.06257838 -0.06287969 -0.06351767
0.4015 -0.06482308 -0.06481218 -0.06480855 -0.06483258 -0.063502535 -0.06257874 -0.062879704 -0.06351802
0.402 -0.06482532 -0.06481462 -0.06481107 -0.06483468 -0.06350297 -0.062579095 -0.06287972 -0.063518345
0.4025 -0.06482754 -0.06481703 -0.06481355 -0.06483674 -0.06350339 -0.06257944 -0.062879734 -0.06351868
0.403 -0.06482973 -0.06481941 -0.064816 -0.06483878 -0.0635038 -0.06257977 -0.06287975 -0.06351899
0.4035 -0.06483189 -0.06482175 -0.06481842 -0.0648408 -0.063504204 -0.062580094 -0.062879756 -0.06351931
0.404 -0.06483402 -0.06482407 -0.0648208 -0.06484279 -0.06350461 -0.06258042 -0.06287978 -0.06351962
0.4045 -0.06483613 -0.06482635 -0.06482315 -0.06484476 -0.063504994 -0.06258074 -0.06287979 -0.06351992
0.405 -0.06483821 -0.06482861 -0.06482547 -0.0648467 -0.06350537 -0.06258105 -0.06287981 -0.06352021
0.4055 -0.06484026 -0.06483083 -0.06482776 -0.06484861 -0.063505724 -0.062581345 -0.062879816 -0.06352049
0.406 -0.06484228 -0.06483303 -0.06483002 -0.0648505 -0.06350608 -0.062581636 -0.062879816 -0.063520774
0.4065 -0.06484428 -0.06483519 -0.06483225 -0.06485237 -0.063506454 -0.062581934 -0.062879845 -0.06352106
0.407 -0.06484626 -0.06483733 -0.06483445 -0.06485422 -0.0635068 -0.06258221 -0.062879845 -0.06352132
0.4075 -0.06484821 -0.06483944 -0.06483662 -0.06485604 -0.06350714 -0.06258248 -0.06287986 -0.06352159
0.408 -0.06485013 -0.06484152 -0.06483876 -0.06485784 -0.06350747 -0.06258276 -0.062879875 -0.06352184
0.4085 -0.06485203 -0.06484357 -0.06484087 -0.06485962 -0.06350778 -0.06258302 -0.06287987 -0.063522086
0.409 -0.06485391 -0.0648456 -0.06484295 -0.06486137 -0.0635081 -0.06258328 -0.06287989 -0.06352233
0.4095 -0.06485576 -0.0648476 -0.06484501 -0.0648631 -0.06350839 -0.06258352 -0.06287989 -0.06352258
0.41 -0.06485759 -0.06484958 -0.06484704 -0.06486481 -0.06350872 -0.06258378 -0.06287991 -0.063522816
0.4105 -0.06485939 -0.06485152 -0.06484904 -0.0648665 -0.06350902 -0.06258402 -0.06287991 -0.06352305
0.411 -0.06486117 -0.06485345 -0.06485101 -0.06486817 -0.063509315 -0.06258426 -0.06287993 -0.06352327
0.4115 -0.06486293 -0.06485534 -0.06485296 -0.06486982 -0.06350958 -0.06258448 -0.06287993 -0.063523486
0.412 -0.06486467 -0.06485722 -0.06485488 -0.06487145 -0.06350987 -0.06258471 -0.062879935 -0.0635237
0.4125 -0.06486638 -0.06485906 -0.06485678 -0.06487305 -0.063510135 -0.06258493 -0.062879935 -0.0635239
0.413 -0.06486807 -0.06486089 -0.06485865 -0.06487464 -0.0635104 -0.062585145 -0.06287994 -0.06352411
0.4135 -0.06486975 -0.06486269 -0.0648605 -0.0648762 -0.06351066 -0.06258536 -0.06287995 -0.06352432
0.414 -0.06487139 -0.06486446 -0.06486232 -0.06487775 -0.063510925 -0.06258556 -0.06287997 -0.063524514
0.4145 -0.06487302 -0.06486621 -0.06486412 -0.06487928 -0.06351118 -0.06258577 -0.06287998 -0.063524716
0.415 -0.06487463 -0.06486794 -0.06486589 -0.06488079 -0.0635114 -0.06258596 -0.06287997 -0.063524894
0.4155 -0.06487622 -0.06486965 -0.06486764 -0.06488227 -0.06351164 -0.06258615 -0.06287998 -0.06352508
0.416 -0.06487779 -0.06487133 -0.06486937 -0.06488375 -0.06351186 -0.062586345 -0.06287998 -0.06352526
0.4165 -0.06487933 -0.064873 -0.06487107 -0.0648852 -0.06351209 -0.06258654 -0.06287999 -0.06352543
0.417 -0.06488086 -0.06487464 -0.06487275 -0.06488663 -0.06351232 -0.06258672 -0.06288001 -0.06352562
0.4175 -0.06488237 -0.06487625 -0.06487441 -0.06488805 -0.06351254 -0.06258689 -0.06288 -0.06352578
0.418 -0.06488386 -0.06487785 -0.06487605 -0.06488945 -0.06351275 -0.06258706 -0.06288 -0.063525945
0.4185 -0.06488533 -0.06487943 -0.06487766 -0.06489083 -0.06351296 -0.06258723 -0.06288002 -0.0635261
0.419 -0.06488678 -0.06488099 -0.06487926 -0.06489219 -0.06351316 -0.06258739 -0.06288002 -0.063526265
0.4195 -0.06488821 -0.06488252 -0.06488083 -0.06489354 -0.06351336 -0.06258756 -0.062880024 -0.063526414
0.42 -0.06488962 -0.06488404 -0.06488238 -0.06489487 -0.06351355 -0.06258771 -0.062880024 -0.06352656
0.4205 -0.06489102 -0.06488553 -0.06488391 -0.06489618 -0.06351374 -0.06258787 -0.062880024 -0.06352671
0.421 -0.0648924 -0.06488701 -0.06488542 -0.06489747 -0.06351394 -0.06258802 -0.06288004 -0.06352687
0.4215 -0.06489376 -0.06488847 -0.06488691 -0.06489876 -0.06351411 -0.06258818 -0.06288003 -0.06352701
0.422 -0.0648951 -0.0648899 -0.06488838 -0.06490002 -0.0635143 -0.06258832 -0.062880054 -0.063527144
0.4225 -0.06489643 -0.06489132 -0.06488984 -0.06490127 -0.06351447 -0.06258846 -0.06288004 -0.06352728
0.423 -0.06489774 -0.06489272 -0.06489127 -0.0649025 -0.063514635 -0.0625886 -0.06288004 -0.06352741
0.4235 -0.06489903 -0.0648941 -0.06489268 -0.06490372 -0.063514814 -0.062588744 -0.062880054 -0.06352754
0.424 -0.06490031 -0.06489547 -0.06489408 -0.06490492 -0.06351496 -0.06258887 -0.06288005 -0.063527666
0.4245 -0.06490157 -0.06489681 -0.06489545 -0.06490611 -0.06351513 -0.062589 -0.062880054 -0.063527785
0.425 -0.06490281 -0.06489814 -0.06489681 -0.06490728 -0.06351529 -0.06258912 -0.062880054 -0.06352791
0.4255 -0.06490404 -0.06489945 -0.06489815 -0.06490844 -0.06351544 -0.06258925 -0.06288005 -0.06352802
0.426 -0.06490525 -0.06490075 -0.06489947 -0.06490958 -0.06351559 -0.06258937 -0.062880054 -0.06352814
0.4265 -0.06490645 -0.06490203 -0.06490078 -0.06491071 -0.06351574 -0.0625895 -0.06288006 -0.063528255
0.427 -0.06490763 -0.06490329 -0.06490207 -0.06491182 -0.06351588 -0.0625896 -0.062880054 -0.06352837
0.4275 -0.0649088 -0.06490453 -0.06490334 -0.06491292 -0.06351602 -0.06258972 -0.06288006 -0.06352848
0.428 -0.06490995 -0.06490576 -0.06490459 -0.06491401 -0.063516155 -0.062589824 -0.06288006 -0.06352858
0.4285 -0.06491109 -0.06490697 -0.06490583 -0.06491508 -0.063516304 -0.062589936 -0.06288006 -0.06352869
0.429 -0.06491222 -0.06490817 -0.06490705 -0.06491614 -0.06351642 -0.06259004 -0.06288006 -0.06352878
0.4295 -0.06491332 -0.06490935 -0.06490825 -0.06491719 -0.06351654 -0.06259014 -0.06288006 -0.06352888
0.43 -0.06491442 -0.06491051 -0.06490944 -0.06491822 -0.06351666 -0.06259024 -0.06288006 -0.06352898
0.4305 -0.0649155 -0.06491166 -0.06491062 -0.06491924 -0.06351678 -0.062590346 -0.06288007 -0.06352908
0.431 -0.06491657 -0.0649128 -0.06491177 -0.06492025 -0.06351692 -0.06259044 -0.06288007 -0.06352917
0.4315 -0.06491762 -0.06491392 -0.06491292 -0.06492125 -0.063517034 -0.06259053 -0.06288006 -0.06352926
0.432 -0.06491866 -0.06491502 -0.06491404 -0.06492223 -0.06351715 -0.06259064 -0.06288007 -0.06352935
0.4325 -0.06491969 -0.06491612 -0.06491516 -0.0649232 -0.06351725 -0.06259072 -0.06288006 -0.06352944
0.433 -0.0649207 -0.06491719 -0.06491625 -0.06492416 -0.06351736 -0.06259081 -0.06288007 -0.06352953
0.4335 -0.0649217 -0.06491826 -0.06491734 -0.0649251 -0.06351747 -0.0625909 -0.06288008 -0.06352961
0.434 -0.06492269 -0.06491931 -0.06491841 -0.06492604 -0.063517585 -0.06259099 -0.06288008 -0.063529685
0.4345 -0.06492367 -0.06492034 -0.06491946 -0.06492696 -0.06351769 -0.06259107 -0.06288008 -0.063529775
0.435 -0.06492463 -0.06492136 -0.06492051 -0.06492787 -0.063517794 -0.06259116 -0.062880084 -0.06352986
0.4355 -0.06492558 -0.06492237 -0.06492153 -0.06492877 -0.06351788 -0.062591225 -0.06288008 -0.06352992
0.436 -0.06492652 -0.06492337 -0.06492255 -0.06492966 -0.06351799 -0.06259131 -0.062880084 -0.06353
0.4365 -0.06492745 -0.06492435 -0.06492355 -0.06493054 -0.06351808 -0.06259139 -0.06288009 -0.06353007
0.437 -0.06492836 -0.06492532 -0.06492454 -0.0649314 -0.06351816 -0.06259146 -0.06288008 -0.06353014
0.4375 -0.06492927 -0.06492628 -0.06492551 -0.06493226 -0.06351825 -0.06259154 -0.062880084 -0.063530214
0.438 -0.06493016 -0.06492722 -0.06492647 -0.06493311 -0.063518345 -0.062591605 -0.06288009 -0.06353028
0.4385 -0.06493104 -0.06492816 -0.06492742 -0.06493394 -0.06351845 -0.06259168 -0.0628801 -0.06353035
0.439 -0.06493191 -0.06492908 -0.06492836 -0.06493476 -0.06351851 -0.06259175 -0.062880084 -0.063530415
0.4395 -0.06493277 -0.06492999 -0.06492929 -0.06493558 -0.0635186 -0.06259181 -0.06288009 -0.063530475
0.44 -0.06493362 -0.06493088 -0.0649302 -0.06493638 -0.06351867 -0.06259188 -0.06288009 -0.06353054
0.4405 -0.06493446 -0.06493177 -0.0649311 -0.06493717 -0.06351876 -0.06259194 -0.062880084 -0.0635306
0.441 -0.06493528 -0.06493264 -0.06493199 -0.06493796 -0.06351885 -0.06259201 -0.06288009 -0.06353066
0.4415 -0.0649361 -0.0649335 -0.06493286 -0.06493873 -0.0635189 -0.06259206 -0.06288008 -0.06353071
0.442 -0.0649369 -0.06493436 -0.06493373 -0.0649395 -0.06351898 -0.06259211 -0.06288008 -0.06353077
0.4425 -0.0649377 -0.0649352 -0.06493459 -0.06494025 -0.063519046 -0.06259218 -0.062880084 -0.06353083
0.443 -0.06493849 -0.06493603 -0.06493543 -0.064941 -0.06351912 -0.06259224 -0.06288009 -0.063530885
0.4435 -0.06493926 -0.06493684 -0.06493626 -0.06494173 -0.063519195 -0.0625923 -0.0628801 -0.063530944
0.444 -0.06494003 -0.06493765 -0.06493708 -0.06494246 -0.06351927 -0.06259235 -0.0628801 -0.063531
0.4445 -0.06494078 -0.06493845 -0.06493789 -0.06494318 -0.06351932 -0.0625924 -0.0628801 -0.06353105
0.445 -0.06494153 -0.06493924 -0.06493869 -0.06494388 -0.063519396 -0.062592454 -0.0628801 -0.06353109
0.4455 -0.06494227 -0.06494002 -0.06493948 -0.06494458 -0.06351945 -0.06259249 -0.06288009 -0.06353113
0.446 -0.06494299 -0.06494078 -0.06494026 -0.06494527 -0.06351951 -0.06259255 -0.06288009 -0.06353119
0.4465 -0.06494371 -0.06494154 -0.06494103 -0.06494596 -0.06351957 -0.0625926 -0.06288009 -0.06353124
0.447 -0.06494442 -0.06494229 -0.06494179 -0.06494663 -0.06351963 -0.06259265 -0.0628801 -0.06353129
0.4475 -0.06494512 -0.06494302 -0.06494254 -0.0649473 -0.06351969 -0.062592685 -0.0628801 -0.063531324
0.448 -0.06494581 -0.06494375 -0.06494328 -0.06494795 -0.063519746 -0.06259273 -0.062880084 -0.06353136
0.4485 -0.0649465 -0.06494447 -0.06494401 -0.0649486 -0.0635198 -0.06259278 -0.0628801 -0.063531406
0.449 -0.06494717 -0.06494518 -0.06494473 -0.06494924 -0.063519865 -0.06259283 -0.06288009 -0.06353145
0.4495 -0.06494784 -0.06494588 -0.06494544 -0.06494988 -0.06351991 -0.062592864 -0.062880084 -0.06353149
0.45 -0.06494849 -0.06494657 -0.06494614 -0.0649505 -0.06351997 -0.06259291 -0.06288009 -0.06353153
0.4505 -0.06494914 -0.06494726 -0.06494683 -0.06495112 -0.063520014 -0.062592946 -0.06288009 -0.06353157
0.451 -0.06494978 -0.06494793 -0.06494752 -0.06495173 -0.06352006 -0.06259299 -0.0628801 -0.06353161
0.4515 -0.06495041 -0.06494859 -0.06494819 -0.06495233 -0.06352012 -0.062593035 -0.06288009 -0.063531645
0.452 -0.06495104 -0.06494925 -0.06494886 -0.06495292 -0.06352016 -0.06259307 -0.0628801 -0.06353168
0.4525 -0.06495166 -0.0649499 -0.06494951 -0.06495351 -0.0635202 -0.06259311 -0.06288009 -0.06353172
0.453 -0.06495226 -0.06495054 -0.06495016 -0.06495409 -0.063520245 -0.06259315 -0.06288009 -0.06353176
0.4535 -0.06495287 -0.06495117 -0.0649508 -0.06495466 -0.0635203 -0.062593184 -0.0628801 -0.06353179
0.454 -0.06495346 -0.06495179 -0.06495143 -0.06495523 -0.06352034 -0.062593214 -0.06288009 -0.06353182
0.4545 -0.06495404 -0.06495241 -0.06495206 -0.06495578 -0.06352037 -0.06259325 -0.06288009 -0.06353185
0.455 -0.06495462 -0.06495301 -0.06495267 -0.06495633 -0.06352042 -0.06259328 -0.06288009 -0.06353189
0.4555 -0.06495519 -0.06495361 -0.06495328 -0.06495688 -0.06352046 -0.06259332 -0.06288009 -0.06353192
0.456 -0.06495576 -0.0649542 -0.06495388 -0.06495742 -0.063520506 -0.06259335 -0.06288009 -0.06353195
0.4565 -0.06495632 -0.06495479 -0.06495447 -0.06495795 -0.063520536 -0.06259338 -0.062880084 -0.06353198
0.457 -0.06495687 -0.06495537 -0.06495506 -0.06495847 -0.063520566 -0.06259341 -0.06288009 -0.06353201
0.4575 -0.06495741 -0.06495593 -0.06495563 -0.06495899 -0.06352061 -0.062593445 -0.06288009 -0.06353204
0.458 -0.06495794 -0.0649565 -0.0649562 -0.0649595 -0.063520655 -0.06259348 -0.06288009 -0.06353207
0.4585 -0.06495847 -0.06495705 -0.06495676 -0.06496 -0.063520685 -0.062593505 -0.0628801 -0.06353209
0.459 -0.064959 -0.0649576 -0.06495732 -0.0649605 -0.063520715 -0.062593535 -0.062880084 -0.06353212
0.4595 -0.06495951 -0.06495814 -0.06495786 -0.06496099 -0.06352075 -0.062593564 -0.06288009 -0.06353215
0.46 -0.06496002 -0.06495867 -0.0649584 -0.06496148 -0.06352079 -0.062593594 -0.0628801 -0.06353217
0.4605 -0.06496052 -0.0649592 -0.06495894 -0.06496196 -0.063520834 -0.062593624 -0.0628801 -0.0635322
0.461 -0.06496102 -0.06495972 -0.06495946 -0.06496243 -0.063520856 -0.06259364 -0.06288011 -0.063532226
0.4615 -0.06496151 -0.06496023 -0.06495998 -0.0649629 -0.06352088 -0.062593654 -0.06288009 -0.06353225
0.462 -0.064962 -0.06496074 -0.06496049 -0.06496336 -0.06352091 -0.06259368 -0.0628801 -0.06353227
0.4625 -0.06496247 -0.06496124 -0.064961 -0.06496382 -0.06352094 -0.06259371 -0.0628801 -0.06353229
0.463 -0.06496295 -0.06496173 -0.0649615 -0.06496427 -0.06352097 -0.062593736 -0.062880106 -0.06353231
0.4635 -0.06496341 -0.06496222 -0.06496199 -0.06496472 -0.06352101 -0.06259376 -0.0628801 -0.06353234
0.464 -0.06496387 -0.0649627 -0.06496248 -0.06496516 -0.06352102 -0.06259377 -0.06288009 -0.06353235
0.4645 -0.06496433 -0.06496317 -0.06496296 -0.06496559 -0.06352107 -0.0625938 -0.0628801 -0.06353238
0.465 -0.06496477 -0.06496364 -0.06496343 -0.06496602 -0.06352108 -0.06259381 -0.06288009 -0.0635324
0.4655 -0.06496522 -0.0649641 -0.0649639 -0.06496644 -0.0635211 -0.06259383 -0.062880106 -0.06353243
0.466 -0.06496565 -0.06496456 -0.06496436 -0.06496686 -0.06352113 -0.06259385 -0.06288009 -0.06353244
0.4665 -0.06496609 -0.06496501 -0.06496482 -0.06496727 -0.06352116 -0.06259387 -0.0628801 -0.063532464
0.467 -0.06496651 -0.06496546 -0.06496527 -0.06496768 -0.06352118 -0.06259389 -0.062880106 -0.06353249
0.4675 -0.06496693 -0.0649659 -0.06496571 -0.06496808 -0.06352121 -0.062593915 -0.062880106 -0.063532494
0.468 -0.06496735 -0.06496633 -0.06496615 -0.06496848 -0.063521236 -0.06259394 -0.06288011 -0.06353252
0.4685 -0.06496776 -0.06496676 -0.06496658 -0.06496887 -0.06352125 -0.06259395 -0.0628801 -0.06353253
0.469 -0.06496816 -0.06496718 -0.06496701 -0.06496926 -0.063521266 -0.06259397 -0.0628801 -0.06353255
0.4695 -0.06496856 -0.0649676 -0.06496743 -0.06496964 -0.063521296 -0.062593974 -0.0628801 -0.06353257
0.47 -0.06496896 -0.06496801 -0.06496785 -0.06497002 -0.06352131 -0.062594 -0.06288009 -0.06353258
0.4705 -0.06496935 -0.06496842 -0.06496826 -0.06497039 -0.06352135 -0.06259402 -0.062880106 -0.0635326
0.471 -0.06496974 -0.06496882 -0.06496866 -0.06497076 -0.06352137 -0.062594034 -0.06288011 -0.06353262
0.4715 -0.06497012 -0.06496921 -0.06496906 -0.06497113 -0.063521385 -0.06259405 -0.0628801 -0.06353263
0.472 -0.06497049 -0.0649696 -0.06496946 -0.06497149 -0.063521385 -0.06259406 -0.06288009 -0.06353264
0.4725 -0.06497086 -0.06496999 -0.06496985 -0.06497184 -0.063521415 -0.06259408 -0.0628801 -0.06353265
0.473 -0.06497123 -0.06497037 -0.06497023 -0.06497219 -0.063521445 -0.06259409 -0.062880106 -0.06353268
0.4735 -0.06497159 -0.06497075 -0.06497061 -0.06497254 -0.06352145 -0.0625941 -0.0628801 -0.06353269
0.474 -0.06497195 -0.06497112 -0.06497099 -0.06497288 -0.06352146 -0.062594116 -0.06288009 -0.0635327
0.4745 -0.0649723 -0.06497149 -0.06497136 -0.06497322 -0.06352149 -0.06259414 -0.06288009 -0.06353271
0.475 -0.06497265 -0.06497185 -0.06497172 -0.06497355 -0.06352152 -0.06259415 -0.0628801 -0.06353273
0.4755 -0.06497299 -0.0649722 -0.06497209 -0.06497388 -0.063521534 -0.06259417 -0.062880106 -0.06353275
0.476 -0.06497333 -0.06497256 -0.06497244 -0.06497421 -0.06352154 -0.06259418 -0.0628801 -0.063532755
0.4765 -0.06497366 -0.06497291 -0.06497279 -0.06497453 -0.063521564 -0.0625942 -0.06288012 -0.06353278
0.477 -0.06497399 -0.06497325 -0.06497314 -0.06497484 -0.06352158 -0.06259421 -0.06288011 -0.063532785
0.4775 -0.06497432 -0.06497359 -0.06497348 -0.06497516 -0.06352159 -0.06259422 -0.0628801 -0.06353279
0.478 -0.06497464 -0.06497392 -0.06497382 -0.06497547 -0.063521594 -0.062594235 -0.0628801 -0.0635328
0.4785 -0.06497496 -0.06497425 -0.06497415 -0.06497577 -0.06352161 -0.06259425 -0.062880106 -0.063532814
0.479 -0.06497528 -0.06497458 -0.06497448 -0.06497607 -0.06352162 -0.06259426 -0.062880106 -0.06353282
0.4795 -0.06497559 -0.0649749 -0.06497481 -0.06497637 -0.06352164 -0.062594265 -0.0628801 -0.06353283
0.48 -0.06497589 -0.06497522 -0.06497513 -0.06497667 -0.06352165 -0.06259428 -0.062880106 -0.06353285
0.4805 -0.0649762 -0.06497554 -0.06497545 -0.06497696 -0.06352165 -0.06259428 -0.062880106 -0.06353285
0.481 -0.06497649 -0.06497585 -0.06497576 -0.06497724 -0.063521676 -0.062594295 -0.06288011 -0.06353286
0.4815 -0.06497679 -0.06497615 -0.06497607 -0.06497753 -0.06352168 -0.06259431 -0.0628801 -0.063532874
0.482 -0.06497708 -0.06497645 -0.06497637 -0.06497781 -0.0635217 -0.062594324 -0.06288011 -0.06353289
0.4825 -0.06497737 -0.06497675 -0.06497667 -0.06497808 -0.06352173 -0.06259434 -0.06288011 -0.0635329
0.483 -0.06497765 -0.06497705 -0.06497697 -0.06497835 -0.06352173 -0.06259434 -0.062880106 -0.063532904
0.4835 -0.06497793 -0.06497734 -0.06497726 -0.06497862 -0.06352174 -0.06259435 -0.062880106 -0.06353291
0.484 -0.06497821 -0.06497763 -0.06497755 -0.06497889 -0.06352176 -0.06259438 -0.06288012 -0.063532926
0.4845 -0.06497848 -0.06497791 -0.06497784 -0.06497915 -0.063521765 -0.06259437 -0.06288012 -0.06353294
0.485 -0.06497875 -0.06497819 -0.06497812 -0.06497941 -0.06352179 -0.062594384 -0.06288013 -0.06353295
0.4855 -0.06497902 -0.06497847 -0.0649784 -0.06497967 -0.06352179 -0.06259439 -0.06288011 -0.06353295
0.486 -0.06497928 -0.06497874 -0.06497867 -0.06497992 -0.0635218 -0.0625944 -0.062880106 -0.063532956
0.4865 -0.06497954 -0.06497901 -0.06497895 -0.06498017 -0.06352182 -0.062594414 -0.06288011 -0.06353296
0.487 -0.0649798 -0.06497927 -0.06497921 -0.06498042 -0.063521825 -0.062594414 -0.06288011 -0.06353297
0.4875 -0.06498005 -0.06497954 -0.06497948 -0.06498066 -0.06352183 -0.06259442 -0.062880106 -0.06353298
0.488 -0.0649803 -0.06497979 -0.06497974 -0.0649809 -0.06352185 -0.062594436 -0.06288011 -0.06353299
0.4885 -0.06498055 -0.06498005 -0.06498 -0.06498114 -0.06352186 -0.06259445 -0.06288011 -0.06353301
0.489 -0.06498079 -0.0649803 -0.06498025 -0.06498137 -0.063521855 -0.06259446 -0.06288011 -0.06353301
0.4895 -0.06498104 -0.06498055 -0.0649805 -0.06498161 -0.06352186 -0.062594466 -0.062880106 -0.06353301
0.49 -0.06498127 -0.0649808 -0.06498075 -0.06498184 -0.06352186 -0.062594466 -0.0628801 -0.063533016
0.4905 -0.06498151 -0.06498104 -0.06498099 -0.06498206 -0.063521884 -0.06259448 -0.062880106 -0.06353303
0.491 -0.06498174 -0.06498128 -0.06498123 -0.06498228 -0.06352189 -0.06259449 -0.06288011 -0.06353303
0.4915 -0.06498197 -0.06498152 -0.06498147 -0.06498251 -0.06352189 -0.06259449 -0.062880106 -0.06353303
0.492 -0.0649822 -0.06498175 -0.06498171 -0.06498272 -0.06352191 -0.0625945 -0.062880106 -0.063533045
0.4925 -0.06498242 -0.06498198 -0.06498194 -0.06498294 -0.06352192 -0.062594496 -0.062880106 -0.06353305
0.493 -0.06498264 -0.06498221 -0.06498217 -0.06498315 -0.06352193 -0.06259451 -0.06288011 -0.06353305
0.4935 -0.06498286 -0.06498244 -0.0649824 -0.06498336 -0.06352194 -0.06259452 -0.06288011 -0.06353307
0.494 -0.06498307 -0.06498266 -0.06498262 -0.06498357 -0.06352194 -0.06259452 -0.06288011 -0.06353307
0.4945 -0.06498328 -0.06498288 -0.06498284 -0.06498377 -0.063521944 -0.06259453 -0.062880106 -0.063533075
0.495 -0.06498349 -0.06498309 -0.06498306 -0.06498397 -0.06352195 -0.06259453 -0.062880106 -0.06353308
0.4955 -0.0649837 -0.06498331 -0.06498327 -0.06498417 -0.06352197 -0.06259454 -0.062880106 -0.06353308
0.496 -0.0649839 -0.06498352 -0.06498349 -0.06498437 -0.06352196 -0.06259453 -0.062880106 -0.06353309
0.4965 -0.06498411 -0.06498373 -0.0649837 -0.06498456 -0.06352197 -0.06259454 -0.0628801 -0.0635331
0.497 -0.06498431 -0.06498393 -0.0649839 -0.06498476 -0.063521974 -0.062594555 -0.06288011 -0.063533105
0.4975 -0.0649845 -0.06498414 -0.06498411 -0.06498495 -0.06352198 -0.062594555 -0.06288011 -0.063533105
0.498 -0.0649847 -0.06498434 -0.06498431 -0.06498513 -0.06352199 -0.06259456 -0.06288012 -0.06353311
0.4985 -0.06498489 -0.06498453 -0.06498451 -0.06498532 -0.063521996 -0.06259457 -0.06288011 -0.06353311
0.499 -0.06498508 -0.06498473 -0.0649847 -0.0649855 -0.063522 -0.06259457 -0.06288011 -0.06353312
0.4995 -0.06498526 -0.06498492 -0.0649849 -0.06498568 -0.063522 -0.06259458 -0.062880106 -0.06353312
0.5 -0.06498545 -0.06498511 -0.06498509 -0.06498586 -0.063522026 -0.062594585 -0.06288012 -0.063533135
