0.0 -0.065 -0.065 -0.065 -0.065 0.021310685 0.10221262 0.09465462 -0.08405909
0.0005 -0.065 -0.065 -0.065 -0.065 -0.03156431 0.12705179 0.10776265 -0.04472817
0.001 -0.065 -0.065 -0.065 -0.065 -0.009102715 0.16054171 0.13978975 -0.037540253
0.0015 -0.065 -0.065 -0.065 -0.065 -0.023240836 0.093679726 0.076331735 -0.027126618
0.002 -0.065 -0.065 -0.065 -0.065 -0.019231604 0.09827207 0.0745597 -0.025790103
0.0025 -0.065 -0.065 -0.065 -0.065 -0.01589221 0.0783358 0.04860737 -0.02934305
0.003 -0.065 -0.065 -0.065 -0.065 -0.018991055 0.07983619 0.04873255 -0.031989593
0.0035 -0.065 -0.065 -0.065 -0.065 -0.02900018 0.0784581 0.057685416 -0.044453908
0.004 -0.065 -0.065 -0.065 -0.065 -0.018708026 0.07357387 0.05905198 -0.025806785
0.0045 -0.065 -0.065 -0.065 -0.065 -0.026410354 0.059524104 0.029542234 -0.032060035
0.005 -0.065 -0.065 -0.065 -0.065 -0.02906798 0.062851235 0.039714728 -0.035637368
0.0055 -0.065 -0.065 -0.065 -0.065 -0.022053706 0.048399605 0.036078468 -0.037806835
0.006 -0.065 -0.065 -0.065 -0.065 -0.030252947 0.049909636 0.025795966 -0.030044328
0.0065 -0.065 -0.065 -0.065 -0.065 -0.028948175 0.04798627 0.029263929 -0.04076595
0.007 -0.065 -0.065 -0.065 -0.065 -0.029074391 0.03625208 0.024163928 -0.034562245
0.0075 -0.065 -0.065 -0.065 -0.065 -0.03034825 0.03725286 0.017278187 -0.03576423
0.008 -0.065 -0.065 -0.065 -0.065 -0.0318809 0.033837073 0.019798327 -0.038552165
0.0085 -0.065 -0.065 -0.065 -0.065 -0.030753756 0.025976658 0.013223708 -0.0378025
0.009 -0.065 -0.065 -0.065 -0.065 -0.03387966 0.02644825 0.011343822 -0.03670097
0.0095 -0.065 -0.065 -0.065 -0.065 -0.032451786 0.023234822 0.0110217035 -0.040477533
0.01 -0.065 -0.065 -0.065 -0.065 -0.033907615 0.016448893 0.0067713037 -0.037690848
0.0105 -0.065 -0.065 -0.065 -0.065 -0.03512813 0.017723061 0.003668934 -0.0394806
0.011 -0.065 -0.065 -0.065 -0.065 -0.034405835 0.012929037 0.0049507916 -0.040141486
0.0115 -0.065 -0.065 -0.065 -0.065 -0.035800494 0.009455949 -0.0006265119 -0.04019781
0.012 -0.065 -0.065 -0.065 -0.065 -0.036455423 0.008821413 -0.00030711293 -0.039722193
0.0125 -0.065 -0.065 -0.065 -0.065 -0.036241032 0.0053728074 -0.0027380511 -0.04202865
0.013 -0.065 -0.065 -0.065 -0.065 -0.03732662 0.0020642579 -0.004703678 -0.04022106
0.0135 -0.065 -0.065 -0.065 -0.065 -0.037776984 0.0018493086 -0.00626456 -0.04228241
0.014 -0.065 -0.065 -0.065 -0.065 -0.03773869 -0.0022035688 -0.007233128 -0.04149444
0.0145 -0.065 -0.065 -0.065 -0.065 -0.038762666 -0.0035915524 -0.010114469 -0.042618502
0.015 -0.065 -0.065 -0.065 -0.065 -0.03896811 -0.0054556876 -0.010158762 -0.04222278
0.0155 -0.065 -0.065 -0.065 -0.065 -0.03909944 -0.0078382045 -0.012430526 -0.043389227
0.016 -0.065 -0.065 -0.065 -0.065 -0.040038347 -0.0098914355 -0.013807662 -0.042679112
0.0165 -0.065 -0.065 -0.065 -0.065 -0.04001674 -0.010975331 -0.014724918 -0.044065848
0.017 -0.065 -0.065 -0.065 -0.065 -0.04046938 -0.013906971 -0.016279131 -0.043441895
0.0175 -0.065 -0.065 -0.065 -0.065 -0.04099056 -0.014722973 -0.0177337 -0.044348042
0.018 -0.065 -0.065 -0.065 -0.065 -0.04120627 -0.016914532 -0.018436223 -0.044281814
0.0185 -0.065 -0.065 -0.065 -0.065 -0.04150261 -0.018476844 -0.020091549 -0.044814184
0.019 -0.065 -0.065 -0.065 -0.065 -0.042051896 -0.020102724 -0.021053143 -0.044762492
0.0195 -0.065 -0.065 -0.065 -0.065 -0.042134658 -0.02145037 -0.022044018 -0.045447856
0.02 -0.065 -0.065 -0.065 -0.065 -0.042586237 -0.023440585 -0.023342267 -0.04525942
0.0205 -0.065 -0.065 -0.065 -0.065 -0.042896725 -0.024345815 -0.024286024 -0.045861013
0.021 -0.065 -0.065 -0.065 -0.065 -0.04311289 -0.02623114 -0.025194325 -0.04589651
0.0215 -0.065 -0.065 -0.065 -0.065 -0.043465048 -0.02739659 -0.02640532 -0.046234746
0.022 -0.065 -0.065 -0.065 -0.065 -0.043758824 -0.028809622 -0.02717892 -0.0463768
0.0225 -0.065 -0.065 -0.065 -0.065 -0.0439578 -0.0300847 -0.028148688 -0.04674197
0.023 -0.065 -0.065 -0.065 -0.065 -0.044301853 -0.03149879 -0.029129922 -0.04676821
0.0235 -0.065 -0.065 -0.065 -0.065 -0.044527307 -0.03250183 -0.02990783 -0.047168788
0.024 -0.065 -0.065 -0.065 -0.065 -0.044757828 -0.03396894 -0.030792661 -0.04724111
0.0245 -0.065 -0.065 -0.065 -0.065 -0.045044124 -0.034952655 -0.031666473 -0.047512572
0.025 -0.065 -0.065 -0.065 -0.065 -0.0452552 -0.036179513 -0.032391056 -0.047670756
0.0255 -0.065 -0.065 -0.065 -0.065 -0.0454764 -0.037262022 -0.03321968 -0.047901824
0.026 -0.065 -0.065 -0.065 -0.065 -0.04573337 -0.038367644 -0.03398919 -0.048023667
0.0265 -0.065 -0.065 -0.065 -0.065 -0.0459183 -0.03933774 -0.034670256 -0.04827851
0.027 -0.065 -0.065 -0.065 -0.065 -0.046141148 -0.04046534 -0.035440758 -0.048386943
0.0275 -0.065 -0.065 -0.065 -0.065 -0.046355717 -0.041341618 -0.036110714 -0.048597287
0.028 -0.065 -0.065 -0.065 -0.065 -0.04653813 -0.04237266 -0.036775 -0.048745953
0.0285 -0.065 -0.065 -0.065 -0.065 -0.046739012 -0.043272093 -0.0374493 -0.04891064
0.029 -0.065 -0.065 -0.065 -0.065 -0.04693401 -0.044184923 -0.038079575 -0.049058456
0.0295 -0.065 -0.065 -0.065 -0.065 -0.047100663 -0.045046493 -0.038676932 -0.049225796
0.03 -0.065 -0.065 -0.065 -0.065 -0.047290012 -0.04593247 -0.03930845 -0.04935194
0.0305 -0.065 -0.065 -0.065 -0.065 -0.047459505 -0.046712548 -0.039860718 -0.049510285
0.031 -0.065 -0.065 -0.065 -0.065 -0.047619894 -0.047556654 -0.040437326 -0.04964271
0.0315 -0.065 -0.065 -0.065 -0.065 -0.047789514 -0.04831095 -0.04098542 -0.049773924
0.032 -0.065 -0.065 -0.065 -0.065 -0.047943473 -0.049074262 -0.04151216 -0.049910244
0.0325 -0.065 -0.065 -0.065 -0.065 -0.048092835 -0.049807057 -0.042024113 -0.050033364
0.033 -0.065 -0.065 -0.065 -0.065 -0.04824619 -0.050523385 -0.042536363 -0.05015498
0.0335 -0.065 -0.065 -0.065 -0.065 -0.04838618 -0.05120121 -0.0430044 -0.050277203
0.034 -0.065 -0.065 -0.065 -0.065 -0.048524454 -0.051887646 -0.04348764 -0.050391495
0.0345 -0.065 -0.065 -0.065 -0.065 -0.04866323 -0.052523956 -0.043937787 -0.05050092
0.035 -0.065 -0.065 -0.065 -0.065 -0.048790433 -0.0531601 -0.044380516 -0.05061534
0.0355 -0.065 -0.065 -0.065 -0.065 -0.048918635 -0.053771913 -0.044809252 -0.050714884
0.036 -0.065 -0.065 -0.065 -0.065 -0.049042955 -0.05436246 -0.045228615 -0.05082126
0.0365 -0.065 -0.065 -0.065 -0.065 -0.049160354 -0.054937035 -0.045624748 -0.050918568
0.037 -0.065 -0.065 -0.065 -0.065 -0.049276978 -0.055498168 -0.046023607 -0.051015984
0.0375 -0.065 -0.065 -0.065 -0.065 -0.049390063 -0.056033567 -0.046396747 -0.05110724
0.038 -0.065 -0.065 -0.065 -0.065 -0.04949698 -0.05656083 -0.046766788 -0.051201183
0.0385 -0.065 -0.065 -0.065 -0.065 -0.049603976 -0.05706866 -0.047122285 -0.051284645
0.039 -0.065 -0.065 -0.065 -0.065 -0.049705774 -0.057558894 -0.04746817 -0.05137365
0.0395 -0.065 -0.065 -0.065 -0.065 -0.049804308 -0.05803834 -0.047800407 -0.051453155
0.04 -0.065 -0.065 -0.065 -0.065 -0.04990104 -0.058499977 -0.048128083 -0.051534977
0.0405 -0.065 -0.065 -0.065 -0.065 -0.049993947 -0.058947638 -0.048438683 -0.05161075
0.041 -0.065 -0.065 -0.065 -0.065 -0.050083563 -0.05938299 -0.048745483 -0.05168773
0.0415 -0.065 -0.065 -0.065 -0.065 -0.0501718 -0.0598038 -0.04903944 -0.051758062
0.042 -0.065 -0.065 -0.065 -0.065 -0.050255805 -0.06021066 -0.04932548 -0.051831122
0.0425 -0.065 -0.065 -0.065 -0.065 -0.050338008 -0.060607553 -0.049601912 -0.051897116
0.043 -0.065 -0.065 -0.065 -0.065 -0.050417654 -0.06098883 -0.04987116 -0.05196498
0.0435 -0.065 -0.065 -0.065 -0.065 -0.050494447 -0.061360642 -0.050129473 -0.052027836
0.044 -0.065 -0.065 -0.065 -0.065 -0.05056896 -0.061719745 -0.050382555 -0.052090995
0.0445 -0.065 -0.065 -0.065 -0.065 -0.050641544 -0.06206794 -0.050625473 -0.052149996
0.045 -0.065 -0.065 -0.065 -0.065 -0.050711133 -0.062404633 -0.050861895 -0.052209564
0.0455 -0.065 -0.065 -0.065 -0.065 -0.050779156 -0.06273213 -0.05109048 -0.052264724
0.046 -0.065 -0.065 -0.065 -0.065 -0.05084476 -0.063047364 -0.05131218 -0.052320514
0.0465 -0.065 -0.065 -0.065 -0.065 -0.050908253 -0.06335464 -0.051526263 -0.052372575
0.047 -0.065 -0.065 -0.065 -0.065 -0.050969854 -0.06365074 -0.051734537 -0.05242454
0.0475 -0.065 -0.065 -0.065 -0.065 -0.051029555 -0.063938364 -0.05193518 -0.05247365
0.048 -0.065 -0.065 -0.065 -0.065 -0.05108711 -0.064216316 -0.052130193 -0.052522305
0.0485 -0.065 -0.065 -0.065 -0.065 -0.051143162 -0.0644861 -0.05231875 -0.05256829
0.049 -0.065 -0.065 -0.065 -0.065 -0.051197216 -0.06474644 -0.052501306 -0.052613966
0.0495 -0.065 -0.065 -0.065 -0.065 -0.05124966 -0.064999536 -0.052678004 -0.052657157
0.05 -0.065 -0.065 -0.065 -0.065 -0.05130039 -0.06524365 -0.052849352 -0.052699782
0.0505 -0.065 -0.065 -0.065 -0.065 -0.05134952 -0.065480754 -0.05301486 -0.052740436
0.051 -0.065 -0.065 -0.065 -0.065 -0.051397018 -0.065709814 -0.05317545 -0.052780353
0.0515 -0.065 -0.065 -0.065 -0.065 -0.05144319 -0.065931946 -0.05333072 -0.0528185
0.052 -0.065 -0.065 -0.065 -0.065 -0.05148769 -0.06614651 -0.053481013 -0.052855846
0.0525 -0.065 -0.065 -0.065 -0.065 -0.05153086 -0.06635478 -0.053626582 -0.052891616
0.053 -0.065 -0.065 -0.065 -0.065 -0.051572636 -0.06655584 -0.053767473 -0.05292659
0.0535 -0.065 -0.065 -0.065 -0.065 -0.051613025 -0.06675097 -0.053903744 -0.05296021
0.054 -0.065 -0.065 -0.065 -0.065 -0.051652208 -0.06693946 -0.054035828 -0.052992906
0.0545 -0.065 -0.065 -0.065 -0.065 -0.05169008 -0.06712215 -0.05416347 -0.053024374
0.055 -0.065 -0.065 -0.065 -0.065 -0.05172673 -0.06729886 -0.05428718 -0.053055096
0.0555 -0.065 -0.065 -0.065 -0.065 -0.051762253 -0.06747 -0.054406866 -0.053084504
0.056 -0.065 -0.065 -0.065 -0.065 -0.051796556 -0.06763539 -0.05452262 -0.05311332
0.0565 -0.065 -0.065 -0.065 -0.065 -0.051829807 -0.06779578 -0.054634765 -0.053140894
0.057 -0.065 -0.065 -0.065 -0.065 -0.051862016 -0.06795071 -0.05474323 -0.053167794
0.0575 -0.065 -0.065 -0.065 -0.065 -0.051893115 -0.068100944 -0.05484821 -0.0531937
0.058 -0.065 -0.065 -0.065 -0.065 -0.05192323 -0.06824611 -0.05494982 -0.053218875
0.0585 -0.065 -0.065 -0.065 -0.065 -0.051952414 -0.068386704 -0.055048108 -0.053243153
0.059 -0.065 -0.065 -0.065 -0.065 -0.0519806 -0.06852269 -0.055143178 -0.053266715
0.0595 -0.065 -0.065 -0.065 -0.065 -0.052007943 -0.06865434 -0.055235296 -0.053289462
0.06 -0.065 -0.065 -0.065 -0.065 -0.052034326 -0.068781674 -0.055324316 -0.053311467
0.0605 -0.065 -0.065 -0.065 -0.065 -0.052059896 -0.06890494 -0.05541055 -0.053332817
0.061 -0.065 -0.065 -0.065 -0.065 -0.052084655 -0.06902422 -0.05549398 -0.053353436
0.0615 -0.065 -0.065 -0.065 -0.065 -0.05210858 -0.069139615 -0.05557467 -0.05337341
0.062 -0.065 -0.065 -0.065 -0.065 -0.05213175 -0.06925127 -0.055652782 -0.053392723
0.0625 -0.065 -0.065 -0.065 -0.065 -0.052154154 -0.06935932 -0.055728287 -0.05341142
0.063 -0.065 -0.065 -0.065 -0.065 -0.052175827 -0.06946388 -0.05580139 -0.053429514
0.0635 -0.065 -0.065 -0.065 -0.065 -0.05219683 -0.06956498 -0.055872157 -0.05344695
0.064 -0.065 -0.065 -0.065 -0.065 -0.05221712 -0.0696629 -0.0559406 -0.053463943
0.0645 -0.065 -0.065 -0.065 -0.065 -0.05223675 -0.06975764 -0.05600676 -0.05348033
0.065 -0.065 -0.065 -0.065 -0.065 -0.052255772 -0.06984922 -0.056070864 -0.053496137
0.0655 -0.065 -0.065 -0.065 -0.065 -0.052274145 -0.06993784 -0.056132793 -0.053511526
0.066 -0.065 -0.065 -0.065 -0.065 -0.052291952 -0.07002364 -0.056192786 -0.05352635
0.0665 -0.065 -0.065 -0.065 -0.065 -0.052309163 -0.07010658 -0.056250826 -0.053540703
0.067 -0.065 -0.065 -0.065 -0.065 -0.052325778 -0.07018691 -0.056306913 -0.053554572
0.0675 -0.065 -0.065 -0.065 -0.065 -0.052341916 -0.07026456 -0.056361243 -0.053568
0.068 -0.065 -0.065 -0.065 -0.065 -0.052357517 -0.07033965 -0.05641377 -0.053581037
0.0685 -0.065 -0.065 -0.065 -0.065 -0.05237256 -0.07041235 -0.056464568 -0.053593583
0.069 -0.065 -0.065 -0.065 -0.065 -0.052387156 -0.07048266 -0.056513757 -0.053605743
0.0695 -0.065 -0.065 -0.065 -0.065 -0.05240126 -0.07055068 -0.056561306 -0.053617537
0.07 -0.065 -0.065 -0.065 -0.065 -0.052414887 -0.07061651 -0.05660729 -0.053628933
0.0705 -0.065 -0.065 -0.065 -0.065 -0.052428126 -0.07068017 -0.056651816 -0.053639926
0.071 -0.065 -0.065 -0.065 -0.065 -0.052440874 -0.07074173 -0.05669485 -0.05365061
0.0715 -0.065 -0.065 -0.065 -0.065 -0.052453272 -0.0708013 -0.056736514 -0.053660884
0.072 -0.065 -0.065 -0.065 -0.065 -0.052465193 -0.07085897 -0.056776762 -0.05367084
0.0725 -0.065 -0.065 -0.065 -0.065 -0.05247677 -0.070914716 -0.056815803 -0.05368052
0.073 -0.065 -0.065 -0.065 -0.065 -0.052487925 -0.07096869 -0.056853503 -0.053689826
0.0735 -0.065 -0.065 -0.065 -0.065 -0.052498765 -0.07102083 -0.056889966 -0.05369889
0.074 -0.065 -0.065 -0.065 -0.065 -0.05250922 -0.07107131 -0.056925207 -0.053707603
0.0745 -0.065 -0.065 -0.065 -0.065 -0.05251939 -0.07112007 -0.056959346 -0.05371607
0.075 -0.065 -0.065 -0.065 -0.065 -0.05252915 -0.07116732 -0.05699238 -0.0537242
0.0755 -0.065 -0.065 -0.065 -0.065 -0.052538604 -0.07121307 -0.0570243 -0.05373216
0.076 -0.065 -0.065 -0.065 -0.065 -0.052547812 -0.07125725 -0.05705522 -0.053739756
0.0765 -0.065 -0.065 -0.065 -0.065 -0.052556664 -0.071299925 -0.057085067 -0.053747173
0.077 -0.065 -0.065 -0.065 -0.065 -0.052565232 -0.07134132 -0.057114005 -0.05375433
0.0775 -0.065 -0.065 -0.065 -0.065 -0.052573532 -0.07138133 -0.05714196 -0.053761266
0.078 -0.065 -0.065 -0.065 -0.065 -0.05258154 -0.07142003 -0.05716899 -0.053767927
0.0785 -0.065 -0.065 -0.065 -0.065 -0.05258932 -0.07145743 -0.057195142 -0.053774446
0.079 -0.065 -0.065 -0.065 -0.065 -0.052596822 -0.07149367 -0.05722043 -0.053780664
0.0795 -0.065 -0.065 -0.065 -0.065 -0.052604087 -0.07152863 -0.057244927 -0.05378679
0.08 -0.065 -0.065 -0.065 -0.065 -0.052611127 -0.07156251 -0.057268575 -0.0537926
0.0805 -0.065 -0.065 -0.065 -0.065 -0.052617885 -0.07159527 -0.057291463 -0.053798277
0.081 -0.065 -0.065 -0.065 -0.065 -0.052624457 -0.07162695 -0.05731362 -0.05380374
0.0815 -0.065 -0.065 -0.065 -0.065 -0.052630804 -0.07165758 -0.05733502 -0.053809084
0.082 -0.065 -0.065 -0.065 -0.065 -0.05263699 -0.07168724 -0.05735573 -0.05381419
0.0825 -0.065 -0.065 -0.065 -0.065 -0.052642927 -0.071715906 -0.057375833 -0.05381916
0.083 -0.065 -0.065 -0.065 -0.065 -0.05264867 -0.07174365 -0.057395175 -0.053823944
0.0835 -0.065 -0.065 -0.065 -0.065 -0.05265419 -0.071770445 -0.057413906 -0.05382861
0.084 -0.065 -0.065 -0.065 -0.065 -0.05265963 -0.07179643 -0.0574321 -0.053833075
0.0845 -0.065 -0.065 -0.065 -0.065 -0.052664794 -0.07182144 -0.05744955 -0.053837374
0.085 -0.065 -0.065 -0.065 -0.065 -0.052669853 -0.071845725 -0.057466567 -0.053841658
0.0855 -0.065 -0.065 -0.065 -0.065 -0.052674726 -0.07186921 -0.057482988 -0.05384562
0.086 -0.065 -0.065 -0.065 -0.065 -0.052679405 -0.07189192 -0.057498813 -0.053849652
0.0865 -0.065 -0.065 -0.065 -0.065 -0.052683987 -0.07191391 -0.057514146 -0.053853404
0.087 -0.065 -0.065 -0.065 -0.065 -0.05268836 -0.07193507 -0.057528973 -0.053857107
0.0875 -0.065 -0.065 -0.065 -0.065 -0.052692644 -0.07195565 -0.057543367 -0.05386062
0.088 -0.065 -0.065 -0.065 -0.065 -0.052696742 -0.071975514 -0.05755721 -0.053864088
0.0885 -0.065 -0.065 -0.065 -0.065 -0.052700743 -0.07199477 -0.057570696 -0.053867403
0.089 -0.065 -0.065 -0.065 -0.065 -0.05270461 -0.07201329 -0.057583675 -0.053870603
0.0895 -0.065 -0.065 -0.065 -0.065 -0.052708328 -0.072031274 -0.05759619 -0.05387375
0.09 -0.065 -0.065 -0.065 -0.065 -0.052711934 -0.07204868 -0.057608396 -0.05387676
0.0905 -0.065 -0.065 -0.065 -0.065 -0.052715406 -0.07206549 -0.057620153 -0.053879637
0.091 -0.065 -0.065 -0.065 -0.065 -0.052718803 -0.072081745 -0.057631522 -0.0538825
0.0915 -0.065 -0.065 -0.065 -0.065 -0.05272206 -0.072097495 -0.057642475 -0.053885177
0.092 -0.065 -0.065 -0.065 -0.065 -0.05272522 -0.072112694 -0.057653144 -0.053887844
0.0925 -0.065 -0.065 -0.065 -0.065 -0.052728295 -0.07212745 -0.057663426 -0.05389036
0.093 -0.065 -0.065 -0.065 -0.065 -0.0527312 -0.07214171 -0.057673365 -0.05389285
0.0935 -0.065 -0.065 -0.065 -0.065 -0.052734062 -0.072155476 -0.057683006 -0.053895224
0.094 -0.065 -0.065 -0.065 -0.065 -0.05273682 -0.07216875 -0.057692304 -0.053897526
0.0945 -0.065 -0.065 -0.065 -0.065 -0.0527395 -0.07218161 -0.05770129 -0.053899772
0.095 -0.065 -0.065 -0.065 -0.065 -0.05274208 -0.07219407 -0.057710007 -0.053901896
0.0955 -0.065 -0.065 -0.065 -0.065 -0.05274459 -0.072206125 -0.057718426 -0.053903975
0.096 -0.065 -0.065 -0.065 -0.065 -0.05274699 -0.07221775 -0.057726532 -0.053906005
0.0965 -0.065 -0.065 -0.065 -0.065 -0.05274933 -0.07222912 -0.057734445 -0.053907942
0.097 -0.065 -0.065 -0.065 -0.065 -0.0527516 -0.07223992 -0.05774209 -0.053909853
0.0975 -0.065 -0.065 -0.065 -0.065 -0.05275379 -0.07225047 -0.057749406 -0.053911634
0.098 -0.065 -0.065 -0.065 -0.065 -0.052755885 -0.07226066 -0.057756558 -0.05391346
0.0985 -0.065 -0.065 -0.065 -0.065 -0.052757964 -0.07227057 -0.057763427 -0.053915128
0.099 -0.065 -0.065 -0.065 -0.065 -0.05275991 -0.07228005 -0.057770118 -0.053916786
0.0995 -0.065 -0.065 -0.065 -0.065 -0.052761823 -0.07228936 -0.05777657 -0.053918365
0.1 -0.065 -0.065 -0.065 -0.065 -0.05367907 -0.072273 -0.058179155 -0.053900518
0.1005 -0.06495845 -0.0649554 -0.06493943 -0.06493368 -0.06178332 -0.07239799 -0.06194219 -0.053157914
0.101 -0.06476983 -0.06476719 -0.06470129 -0.06468842 -0.061135903 -0.07611109 -0.06521773 -0.04825722
0.1015 -0.06445138 -0.06439593 -0.06429705 -0.06430224 -0.06309176 -0.083843336 -0.07409853 -0.04880661
0.102 -0.06404303 -0.06382072 -0.06375165 -0.06380187 -0.06335854 -0.09097257 -0.07937187 -0.04764514
0.1025 -0.06356985 -0.06302987 -0.06308012 -0.06319848 -0.063148476 -0.09767692 -0.08313535 -0.047990482
0.103 -0.06304464 -0.06201652 -0.06228941 -0.0624978 -0.062452674 -0.10221015 -0.08514136 -0.045610312
0.1035 -0.06247358 -0.0607766 -0.0613822 -0.06170385 -0.060181633 -0.10453947 -0.08293411 -0.04427905
0.104 -0.06185963 -0.05930789 -0.06035924 -0.06082002 -0.05749982 -0.10461564 -0.081348255 -0.03971193
0.1045 -0.06120427 -0.05760944 -0.05922055 -0.05984945 -0.053475052 -0.099646136 -0.075672835 -0.035990547
0.105 -0.06050831 -0.05568132 -0.05796589 -0.05879504 -0.04958027 -0.09141168 -0.06735103 -0.03216627
0.1055 -0.05977224 -0.0535244 -0.05659504 -0.05765957 -0.044343986 -0.07911365 -0.055574477 -0.026787214
0.106 -0.05899546 -0.0511396 -0.05510615 -0.0564449 -0.03934384 -0.063682735 -0.04279749 -0.02166439
0.1065 -0.0581744 -0.04852565 -0.05349352 -0.05515083 -0.033608258 -0.04555504 -0.02717866 -0.016295739
0.107 -0.05731369 -0.04568513 -0.05176502 -0.05378135 -0.02772514 -0.02566646 -0.010459453 -0.010932565
0.1075 -0.05641626 -0.04262386 -0.04992385 -0.05234126 -0.021567846 -0.0036695302 0.0078081414 -0.0052143005
0.108 -0.05548244 -0.03934503 -0.04796982 -0.05083363 -0.01535962 0.019226894 0.026829064 4.2702537e-05
0.1085 -0.05451179 -0.0358519 -0.04590214 -0.04926075 -0.009131053 0.043035157 0.046638083 0.005609955
0.109 -0.0535038 -0.03214952 -0.04372035 -0.04762395 -0.0028469656 0.06729698 0.066731825 0.010882299
0.1095 -0.05245815 -0.02824209 -0.04142436 -0.04592458 0.0032749232 0.09167595 0.08692113 0.016219962
0.11 -0.05137475 -0.02413329 -0.03901442 -0.04416415 0.0093111005 0.115898415 0.10690604 0.021305073
0.1105 -0.05025371 -0.0198266 -0.03649102 -0.0423442 0.015126934 0.1397743 0.12658653 0.026378918
0.111 -0.04909524 -0.01532544 -0.0338548 -0.04046626 0.020791737 0.1630744 0.14570403 0.031225372
0.1115 -0.04789961 -0.01063323 -0.03110652 -0.03853187 0.026173657 0.18563528 0.16416165 0.036014277
0.112 -0.04666714 -0.005753425 -0.02824699 -0.03654249 0.03135732 0.20739186 0.18184204 0.04058701
0.1125 -0.04539811 -0.0006874495 -0.02523721 -0.03449942 0.03626526 0.22820343 0.19870254 0.04507837
0.113 -0.04409144 0.004558549 -0.02211091 -0.0324025 0.040950708 0.24808855 0.21467826 0.049380083
0.1135 -0.04274659 0.009961022 -0.01890094 -0.0302532 0.045375325 0.26697922 0.22977912 0.053588647
0.114 -0.04136667 0.01551255 -0.01560706 -0.02805485 0.04958885 0.28492975 0.24399877 0.057633955
0.1145 -0.03995285 0.02121738 -0.01222051 -0.02580894 0.05357018 0.30192617 0.25737327 0.06158443
0.115 -0.03850527 0.0270823 -0.008733866 -0.02351653 0.057360627 0.31804767 0.26993096 0.06540002
0.1155 -0.0370238 0.03311265 -0.005142941 -0.02117857 0.0609544 0.33331156 0.28171995 0.06912677
0.116 -0.0355084 0.03931106 -0.001446131 -0.01879603 0.064384215 0.3478018 0.2927863 0.07274319
0.1165 -0.03395916 0.04567759 0.00235663 -0.01637007 0.067651756 0.36155573 0.30318162 0.07628082
0.117 -0.03237803 0.05221057 0.006264674 -0.01390471 0.07078254 0.3746509 0.31295452 0.07973154
0.1175 -0.03076609 0.05890653 0.01027501 -0.01139953 0.07378214 0.38713163 0.32215357 0.08311485
0.118 -0.02912147 0.065761 0.01438623 -0.008853271 0.076669626 0.39906502 0.33082473 0.086430505
0.1185 -0.02744522 0.07276489 0.01844528 -0.006272898 0.079452105 0.41049534 0.33901 0.08969171
0.119 -0.02574013 0.07990804 0.02257087 -0.003661601 0.08214376 0.42147738 0.34674895 0.09290083
0.1195 -0.02400396 0.0871896 0.02685341 -0.001011554 0.084751256 0.43205082 0.35407704 0.09606685
0.12 -0.02223533 0.09460874 0.03128353 0.001679152 0.087285094 0.4422595 0.36102685 0.099193946
0.1205 -0.02043413 0.1021634 0.0358424 0.004409896 0.08975135 0.45213646 0.36762667 0.1022879
0.121 -0.01859965 0.1098507 0.04051699 0.00717957 0.09215757 0.4617154 0.37390292 0.105352744
0.1215 -0.01673173 0.1176676 0.04529819 0.009986889 0.0945086 0.47102326 0.37987843 0.10839261
0.122 -0.01483104 0.1256109 0.05017913 0.0128306 0.09680995 0.48008484 0.3855737 0.11141066
0.1225 -0.01290142 0.1336759 0.05506136 0.01570369 0.09906552 0.4889207 0.39100632 0.11441003
0.123 -0.01094856 0.1418567 0.06000754 0.01860173 0.101279385 0.49754953 0.39619341 0.11739282
0.1235 -0.008971151 0.1501515 0.06507345 0.02151119 0.10345404 0.505986 0.4011478 0.120361075
0.124 -0.006974073 0.1585602 0.0702589 0.02443252 0.10559255 0.51424336 0.40588295 0.12331651
0.1245 -0.004948785 0.1670804 0.07555846 0.0273902 0.10769699 0.522332 0.41040948 0.12625988
0.125 -0.002889279 0.1757099 0.08096289 0.03038933 0.109769 0.5302608 0.4147371 0.12919252
0.1255 -0.00079745 0.1844475 0.08646268 0.0334308 0.11181039 0.53803706 0.41887474 0.13211466
0.126 0.001314785 0.193292 0.09204385 0.03650119 0.113822296 0.54566616 0.4228299 0.13502698
0.1265 0.003447698 0.2022399 0.09770142 0.03959594 0.115805686 0.55315274 0.42660972 0.13792904
0.127 0.005613504 0.2112877 0.1034391 0.04272461 0.11776136 0.5605 0.43022013 0.1408212
0.1275 0.007816249 0.2204329 0.1092564 0.0458894 0.119690046 0.56771076 0.43366674 0.14370315
0.128 0.01005281 0.2293106 0.1151465 0.04908731 0.121592306 0.5747864 0.43695462 0.14657436
0.1285 0.01231323 0.2377492 0.1210887 0.0523127 0.12346856 0.5817284 0.44008872 0.14943425
0.129 0.01460086 0.246205 0.1270869 0.05556845 0.1253188 0.5885376 0.4430727 0.15228282
0.1295 0.01691904 0.2548774 0.1331515 0.05885467 0.12714362 0.5952142 0.44591117 0.15511887
0.13 0.0192676 0.2638413 0.1392897 0.06217027 0.12894309 0.6017581 0.44860741 0.15794186
0.1305 0.02164498 0.2731064 0.1455045 0.06551399 0.13071734 0.6081696 0.45116502 0.16075145
0.131 0.02404946 0.2826506 0.1517965 0.06888461 0.1324664 0.6144485 0.4535874 0.16354649
0.1315 0.02647966 0.2924393 0.1581645 0.07228106 0.1341905 0.6205945 0.4558777 0.16632695
0.132 0.02893456 0.3024354 0.1646066 0.07570238 0.13588968 0.6266073 0.45803863 0.16909139
0.1325 0.03141343 0.312604 0.1711206 0.07914774 0.1375639 0.6324867 0.46007338 0.17183979
0.133 0.03391592 0.3229148 0.1777043 0.08261646 0.13921343 0.6382329 0.46198523 0.17457114
0.1335 0.03644124 0.333343 0.1843554 0.08610676 0.14083804 0.6438455 0.46377656 0.17728494
0.134 0.03897782 0.3438689 0.1910699 0.08960028 0.14243807 0.6493251 0.46545023 0.1799811
0.1345 0.04152737 0.3544763 0.1978458 0.09310624 0.14401345 0.6546714 0.46700913 0.18265851
0.135 0.0441007 0.3651531 0.2046843 0.09663637 0.14556426 0.65988505 0.46845576 0.18531738
0.1355 0.04670221 0.3758904 0.2115854 0.1001931 0.14709075 0.66496664 0.46979287 0.18795688
0.136 0.04933174 0.3866821 0.2185479 0.1037756 0.14859292 0.6699168 0.4710231 0.1905769
0.1365 0.05198753 0.3975238 0.2255703 0.1073824 0.15007086 0.67473644 0.4721491 0.19317709
0.137 0.05466772 0.4084127 0.2326512 0.1110123 0.15152492 0.67942655 0.47317368 0.19575725
0.1375 0.05737077 0.4193469 0.2397892 0.114664 0.15295498 0.68398815 0.47409916 0.19831721
0.138 0.06009557 0.4303252 0.2469833 0.1183366 0.15436135 0.6884228 0.47492805 0.20085703
0.1385 0.06284133 0.4413473 0.2542324 0.1220251 0.1557442 0.6927317 0.47566313 0.20337652
0.139 0.06560735 0.4524128 0.2615355 0.1257256 0.15710375 0.6969161 0.4763068 0.20587544
0.1395 0.06839318 0.4635217 0.2688918 0.1294463 0.1584401 0.7009782 0.47686154 0.20835404
0.14 0.07119642 0.4746735 0.2763002 0.1331852 0.15975352 0.7049193 0.4773298 0.2108125
0.1405 0.07400354 0.4858659 0.2837572 0.1369328 0.16104423 0.7087413 0.47771412 0.2132505
0.141 0.07682344 0.4970983 0.2912629 0.1406975 0.16231236 0.7124458 0.47801667 0.21566837
0.1415 0.07966686 0.5083713 0.2988191 0.1444829 0.16355823 0.71603537 0.47823986 0.21806668
0.142 0.08253488 0.5196856 0.3064254 0.1482845 0.164782 0.71951133 0.47838616 0.22044466
0.1425 0.08540815 0.5310405 0.3140747 0.1520577 0.16598396 0.72287595 0.47845772 0.22280316
0.143 0.08828691 0.5424355 0.3217639 0.15582 0.16716425 0.72613144 0.4784568 0.22514229
0.1435 0.09118723 0.5538722 0.3295002 0.159608 0.16832317 0.7292795 0.47838554 0.2274621
0.144 0.09411681 0.5653522 0.337287 0.1634299 0.16946106 0.73232263 0.47824606 0.22976331
0.1445 0.09707571 0.5768765 0.3451238 0.1672841 0.17057787 0.7352625 0.4780406 0.23204534
0.145 0.100061 0.5884455 0.3530088 0.1711672 0.17167415 0.73810166 0.47777116 0.2343093
0.1455 0.1030693 0.6000594 0.3609403 0.1750755 0.17274989 0.7408419 0.4774396 0.2365549
0.146 0.1060977 0.6117176 0.3689166 0.1790059 0.17380548 0.7434855 0.47704792 0.23878257
0.1465 0.1091441 0.6234197 0.3769362 0.182956 0.17484112 0.7460346 0.47659838 0.24099265
0.147 0.1122075 0.6351654 0.3849983 0.1869243 0.175857 0.74849075 0.47609234 0.24318539
0.1475 0.1152718 0.6469524 0.3930982 0.1908776 0.17685331 0.75085646 0.47553182 0.24536125
0.148 0.1183318 0.6587793 0.4012321 0.1948248 0.17783047 0.75313354 0.47491845 0.24751984
0.1485 0.1214073 0.6706467 0.4094056 0.1987922 0.17878841 0.7553239 0.47425413 0.2496625
0.149 0.1245082 0.6825549 0.4176213 0.2027855 0.17972763 0.7574297 0.4735402 0.2517885
0.1495 0.1276336 0.6945038 0.425879 0.2067109 0.18064834 0.7594529 0.47277883 0.25389904
0.15 0.1307637 0.706493 0.4341757 0.2104817 0.18157138 0.76154774 0.47223508 0.2558328
0.1505 0.1338628 0.7184771 0.4424493 0.2142602 0.1825306 0.7649235 0.47399998 0.25629365
0.151 0.1368378 0.7303564 0.4505833 0.2178492 0.18233986 0.7680026 0.4754519 0.25669098
0.1515 0.1397075 0.7420893 0.4585863 0.2211856 0.18253206 0.7698674 0.47627604 0.25755674
0.152 0.1425096 0.753654 0.4664836 0.2245138 0.18277942 0.7712017 0.4770164 0.25773346
0.1525 0.145266 0.7650389 0.4742913 0.2278486 0.18281403 0.77212197 0.47748965 0.2580226
0.153 0.1479867 0.7762368 0.4820159 0.2311809 0.18286921 0.77285504 0.47782987 0.2582633
0.1535 0.1506769 0.7872434 0.4896592 0.2344939 0.18293354 0.77334535 0.47807512 0.25836927
0.154 0.1533387 0.798056 0.4972211 0.2377739 0.18296535 0.7736867 0.47825414 0.25846666
0.1545 0.1559732 0.8086722 0.5047007 0.2408127 0.18298475 0.77394617 0.4783815 0.25854182
0.155 0.1585799 0.8190905 0.512097 0.2436988 0.18300341 0.7741277 0.4784705 0.25859165
0.1555 0.1611574 0.8293093 0.5191529 0.2466007 0.18301691 0.77425516 0.47853565 0.25862467
0.156 0.1636966 0.8392923 0.525276 0.2495087 0.18302454 0.77434766 0.4785819 0.2586512
0.1565 0.1661851 0.8490396 0.5315281 0.2523932 0.18303098 0.77441454 0.47861493 0.2586698
0.157 0.1686392 0.8585782 0.5381287 0.2552466 0.18303569 0.7744613 0.47863862 0.25868225
0.1575 0.17105 0.8679293 0.5449363 0.2580383 0.18303867 0.774495 0.4786553 0.25869167
0.158 0.1734129 0.8770759 0.5508304 0.2607705 0.18304093 0.77451926 0.47866756 0.2586984
0.1585 0.1757404 0.8860029 0.556701 0.2634506 0.18304268 0.7745365 0.47867608 0.258703
0.159 0.1780596 0.8947404 0.5629915 0.2660995 0.18304378 0.77454865 0.4786823 0.2587065
0.1595 0.1803758 0.9033154 0.5696166 0.2687125 0.18304464 0.7745576 0.47868675 0.25870878
0.16 0.1826618 0.9117418 0.5764052 0.2712541 0.18304525 0.7745639 0.47869003 0.25871056
0.1605 0.1849207 0.9200274 0.5832257 0.2737481 0.1830456 0.77456826 0.47869202 0.2587118
0.161 0.1871708 0.9281745 0.5899978 0.2762102 0.18304598 0.77457154 0.47869363 0.25871277
0.1615 0.1894157 0.9361825 0.5966755 0.2786417 0.18304618 0.77457386 0.47869486 0.25871348
0.162 0.1916514 0.9440494 0.6032354 0.2810395 0.18304627 0.7745755 0.47869545 0.25871378
0.1625 0.1938726 0.951771 0.609668 0.2834007 0.18304643 0.7745768 0.47869617 0.2587142
0.163 0.1960681 0.9593463 0.6159607 0.2857175 0.1830465 0.7745775 0.47869667 0.25871438
0.1635 0.1982065 0.9667741 0.6220781 0.2879633 0.18304662 0.7745782 0.4786969 0.25871462
0.164 0.2003145 0.9740542 0.6280758 0.29016 0.18304664 0.7745786 0.47869718 0.25871468
0.1645 0.2024099 0.981189 0.6339815 0.292323 0.18304668 0.7745788 0.47869724 0.25871474
0.165 0.2044951 0.988181 0.6397991 0.294455 0.18304667 0.7745791 0.47869736 0.2587148
0.1655 0.2065665 0.9950329 0.6455272 0.296555 0.18304667 0.7745793 0.47869754 0.25871485
0.166 0.208619 1.001747 0.6511644 0.2986214 0.18304673 0.7745794 0.4786976 0.25871485
0.1665 0.210648 1.008322 0.6567092 0.3006336 0.18304671 0.77457947 0.4786976 0.25871485
0.167 0.2126465 1.014759 0.6621594 0.302581 0.18304671 0.7745795 0.4786976 0.2587149
0.1675 0.2146164 1.021064 0.6675196 0.3044923 0.18304671 0.7745796 0.47869766 0.2587149
0.168 0.2165626 1.027241 0.6727944 0.3063786 0.18304668 0.7745796 0.47869766 0.2587149
0.1685 0.2184864 1.033294 0.6779861 0.3082384 0.1830467 0.7745796 0.47869766 0.25871497
0.169 0.2203652 1.039225 0.6830915 0.3100352 0.18304677 0.7745797 0.47869772 0.25871503
0.1695 0.2222041 1.045036 0.6881113 0.3117883 0.18304683 0.77457976 0.47869778 0.25871497
0.17 0.2240247 1.050731 0.6930524 0.3135212 0.18304674 0.7745797 0.47869772 0.25871497
0.1705 0.2258352 1.05631 0.697919 0.3152383 0.18304676 0.77457976 0.47869796 0.25871497
0.171 0.2275742 1.061778 0.7027123 0.3169384 0.18304671 0.7745797 0.47869772 0.25871503
0.1715 0.2290627 1.067135 0.7074321 0.3186188 0.18304677 0.7745797 0.47869778 0.25871497
0.172 0.2305804 1.072385 0.7120784 0.3202765 0.1830468 0.77457964 0.47869772 0.25871497
0.1725 0.2322 1.07753 0.7166526 0.3219108 0.18304673 0.7745798 0.47869772 0.2587149
0.173 0.2338995 1.082572 0.7211562 0.3235213 0.18304677 0.77457964 0.47869772 0.25871503
0.1735 0.2356412 1.087513 0.72559 0.3251079 0.18304677 0.77457976 0.47869772 0.25871503
0.174 0.2373949 1.092355 0.7299551 0.3266703 0.18304676 0.77457964 0.47869778 0.25871497
0.1745 0.2391401 1.097101 0.734252 0.3282084 0.18304665 0.7745796 0.47869766 0.25871497
0.175 0.2408651 1.101753 0.7384816 0.3297222 0.18304679 0.77457976 0.47869778 0.25871515
0.1755 0.2425535 1.10631 0.7426427 0.3311923 0.18304677 0.77457976 0.47869766 0.25871503
0.176 0.2441833 1.110768 0.7467283 0.3325997 0.18304677 0.77457976 0.47869778 0.25871503
0.1765 0.2457771 1.115133 0.7507449 0.3339814 0.18304671 0.77457964 0.4786976 0.25871497
0.177 0.247353 1.119412 0.7546996 0.3353517 0.18304677 0.77457976 0.47869778 0.25871503
0.1775 0.2489154 1.123608 0.758595 0.3367118 0.18304674 0.77457964 0.47869766 0.2587149
0.178 0.2504633 1.127725 0.7624315 0.3380601 0.18304676 0.77457964 0.47869778 0.2587151
0.1785 0.2519937 1.131763 0.7662093 0.3393937 0.1830468 0.77457976 0.47869772 0.25871497
0.179 0.2535041 1.135724 0.7699283 0.3407103 0.18304677 0.77457964 0.47869772 0.25871503
0.1795 0.2549934 1.13961 0.7735886 0.3420094 0.18304677 0.77457976 0.47869784 0.25871497
0.18 0.2564472 1.143417 0.7771868 0.3432505 0.1830468 0.7745797 0.47869784 0.25871497
0.1805 0.257843 1.147143 0.7807061 0.3444158 0.18304674 0.77457976 0.47869784 0.2587149
0.181 0.2591731 1.150789 0.7841016 0.3455506 0.18304674 0.77457964 0.47869784 0.25871497
0.1815 0.260489 1.154358 0.7874411 0.3466873 0.18304674 0.77457964 0.47869772 0.25871497
0.182 0.2617939 1.157855 0.7907188 0.3478292 0.18304674 0.77457964 0.47869772 0.25871497
0.1825 0.2630826 1.161283 0.793935 0.3489706 0.18304674 0.77457976 0.47869778 0.25871503
0.183 0.2643826 1.164644 0.7971374 0.3501096 0.18304677 0.77457976 0.47869778 0.25871497
0.1835 0.2656926 1.167944 0.8003261 0.3512431 0.1830468 0.7745797 0.47869778 0.25871497
0.184 0.2670044 1.171184 0.8034889 0.3523685 0.18304671 0.77457964 0.47869772 0.25871503
0.1845 0.2683106 1.174366 0.8066148 0.3534839 0.1830468 0.77457964 0.47869784 0.25871497
0.185 0.2696019 1.177491 0.8096964 0.3545857 0.18304674 0.77457976 0.47869766 0.25871497
0.1855 0.2708533 1.18056 0.8127275 0.3556629 0.18304677 0.77457976 0.47869778 0.2587149
0.186 0.2720771 1.183573 0.815707 0.3567228 0.18304674 0.77457964 0.47869772 0.25871503
0.1865 0.2732902 1.186528 0.8186364 0.3577553 0.1830468 0.7745798 0.47869778 0.25871497
0.187 0.2744963 1.189423 0.8215166 0.3587614 0.18304674 0.7745797 0.4786976 0.25871497
0.1875 0.275694 1.192263 0.8243483 0.3597548 0.18304677 0.77457976 0.47869778 0.25871503
0.188 0.2768814 1.19505 0.8271321 0.360739 0.18304674 0.77457964 0.47869766 0.25871497
0.1885 0.278056 1.197784 0.8298293 0.3617114 0.18304676 0.77457964 0.47869778 0.2587151
0.189 0.2792153 1.200458 0.8323321 0.3626579 0.1830468 0.77457976 0.47869772 0.25871497
0.1895 0.280358 1.20307 0.8346858 0.3635939 0.18304677 0.77457964 0.47869772 0.25871503
0.19 0.2814842 1.205622 0.8369644 0.3645244 0.18304677 0.77457976 0.47869784 0.25871497
0.1905 0.2825945 1.208117 0.8392192 0.3654485 0.1830468 0.7745797 0.47869784 0.25871497
0.191 0.2836893 1.210557 0.8414773 0.366365 0.18304674 0.77457976 0.47869784 0.2587149
0.1915 0.284769 1.212945 0.8437479 0.3672725 0.18304674 0.77457964 0.47869784 0.25871497
0.192 0.2858339 1.215289 0.8460308 0.3681706 0.18304674 0.77457964 0.47869772 0.25871497
0.1925 0.2868812 1.217587 0.8478961 0.3690565 0.18304674 0.77457964 0.47869772 0.25871497
0.193 0.287869 1.219779 0.8483256 0.369912 0.18304674 0.77457976 0.47869778 0.25871503
0.1935 0.2888277 1.221861 0.8491177 0.3707542 0.18304677 0.77457976 0.47869778 0.25871497
0.194 0.2897893 1.223882 0.8506457 0.3715902 0.1830468 0.7745797 0.47869778 0.25871497
0.1945 0.2907583 1.225876 0.8527296 0.3724195 0.18304671 0.77457964 0.47869772 0.25871503
0.195 0.2917299 1.227865 0.8551321 0.3732408 0.1830468 0.77457964 0.47869784 0.25871497
0.1955 0.2926661 1.22985 0.8576386 0.3740325 0.18304674 0.77457976 0.47869766 0.25871497
0.196 0.2935271 1.231827 0.8601187 0.3747723 0.18304677 0.77457976 0.47869778 0.2587149
0.1965 0.2943784 1.23379 0.8625808 0.3755002 0.18304674 0.77457964 0.47869772 0.25871503
0.197 0.2952485 1.235739 0.8650106 0.3762311 0.1830468 0.7745798 0.47869778 0.25871497
0.1975 0.296138 1.237674 0.8673895 0.3769662 0.18304674 0.7745797 0.4786976 0.25871497
0.198 0.2970305 1.239589 0.8697044 0.3776843 0.18304677 0.77457976 0.47869778 0.25871503
0.1985 0.2979101 1.241481 0.871947 0.3783741 0.18304674 0.77457964 0.47869766 0.25871497
0.199 0.2987809 1.243348 0.8741205 0.3790609 0.18304676 0.77457964 0.47869778 0.2587151
0.1995 0.2996462 1.245191 0.8762303 0.3797522 0.1830468 0.77457976 0.47869772 0.25871497
0.2 0.3005059 1.247008 0.8782814 0.3804469 0.35683537 0.8867198 0.5944638 0.18337853
0.2005 0.2903149 1.238038 0.8656225 0.3651915 0.07395437 1.0491023 0.6406233 0.095066205
0.201 0.2761063 1.223035 0.8496372 0.3495961 0.19916257 0.9567425 0.71221066 0.15466343
0.2015 0.2661508 1.205188 0.8363087 0.337904 0.14948134 0.84768486 0.5552198 0.15263754
0.202 0.2594941 1.185784 0.8249667 0.3278647 0.15802386 0.914572 0.59954494 0.15800709
0.2025 0.2546118 1.165471 0.8146091 0.3185642 0.1731695 0.82026124 0.58926195 0.10569915
0.203 0.2505905 1.144608 0.8046425 0.3097154 0.12771857 0.8405922 0.52156144 0.15048511
0.2035 0.2469749 1.123414 0.7947847 0.3012231 0.15896212 0.86031604 0.61658305 0.09727904
0.204 0.2435519 1.102042 0.7849185 0.2930475 0.14110254 0.7922375 0.55023843 0.114278406
0.2045 0.2402239 1.080604 0.7750035 0.2851656 0.13894168 0.8043016 0.5447109 0.12493661
0.205 0.2369461 1.059188 0.7650322 0.2775598 0.1305913 0.79835194 0.5432819 0.08761628
0.2055 0.2336984 1.037865 0.7550109 0.2702152 0.14300866 0.75440884 0.54426765 0.102628365
0.206 0.2304712 1.016692 0.7449501 0.2631184 0.11764019 0.7616099 0.5147588 0.09035909
0.2065 0.2272606 0.9957168 0.7348618 0.2562568 0.13004485 0.7464325 0.5306875 0.0925006
0.207 0.224065 0.9749764 0.7247578 0.2496188 0.12051175 0.71397877 0.49966726 0.076659486
0.2075 0.2208838 0.9545013 0.7146491 0.2431938 0.113082 0.7125733 0.49931955 0.088039175
0.208 0.2177174 0.9343155 0.7045459 0.2369714 0.117975906 0.69611025 0.4944424 0.06888679
0.2085 0.214566 0.9144381 0.6944574 0.2309422 0.10739799 0.66974866 0.47201443 0.07857895
0.209 0.2114303 0.8948835 0.6843923 0.225097 0.1056885 0.6697534 0.4725321 0.06567067
0.2095 0.208311 0.8756626 0.6743581 0.2194276 0.104495935 0.64485914 0.4617098 0.067847
0.21 0.2052087 0.8567832 0.664362 0.2139259 0.09973688 0.6332809 0.4473009 0.06382108
0.2105 0.202124 0.8382505 0.6544104 0.2085844 0.09455295 0.62205833 0.44215897 0.060680557
0.211 0.1990577 0.8200675 0.6445092 0.203396 0.09645386 0.6063097 0.43434376 0.057666007
0.2115 0.1960102 0.8022354 0.6346637 0.198354 0.08886454 0.59202737 0.42003953 0.05722365
0.212 0.1929823 0.7847541 0.6248788 0.1934523 0.08817748 0.58497995 0.41748196 0.052791502
0.2125 0.1899743 0.7676219 0.615159 0.1886847 0.08612847 0.566467 0.40606284 0.05155647
0.213 0.1869869 0.7508364 0.6055083 0.1840458 0.08165011 0.55898166 0.39706242 0.050348323
0.2135 0.1840205 0.7343943 0.5959303 0.1795302 0.080544144 0.54719144 0.3923272 0.04656672
0.214 0.1810755 0.7182916 0.5864284 0.1751328 0.07804523 0.5345021 0.3820343 0.046219807
0.2145 0.1781524 0.7025238 0.5770056 0.1708491 0.074818656 0.5256165 0.37485015 0.044209648
0.215 0.1752515 0.6870859 0.5676647 0.1666743 0.07340589 0.515648 0.36927307 0.04155453
0.2155 0.1723733 0.6719726 0.5584081 0.1626044 0.071226135 0.50367874 0.36035585 0.04115298
0.216 0.169518 0.6571785 0.549238 0.1586353 0.06820754 0.496539 0.35395697 0.038979527
0.2165 0.166686 0.6426977 0.5401564 0.1547632 0.067310825 0.48590428 0.34828806 0.037247177
0.217 0.1638774 0.6285244 0.5311651 0.1509845 0.064610526 0.47655827 0.3402162 0.03629471
0.2175 0.1610927 0.6146527 0.5222656 0.1472957 0.0626413 0.4688872 0.33472314 0.034720812
0.218 0.158332 0.6010766 0.5134594 0.1436936 0.061260104 0.4595204 0.32875985 0.032926846
0.2185 0.1555954 0.58779 0.5047476 0.1401751 0.058934525 0.45090842 0.3216593 0.03232823
0.219 0.1528833 0.574787 0.4961314 0.1367373 0.05725854 0.44382167 0.31671846 0.030439857
0.2195 0.1501957 0.5620616 0.4876115 0.1333773 0.0557661 0.4347536 0.3105297 0.02935801
0.22 0.1475328 0.5496078 0.4791889 0.1300926 0.053705506 0.4274469 0.30456957 0.028321076
0.2205 0.1448948 0.5374199 0.470864 0.1268806 0.052180305 0.42007118 0.29946846 0.02682073
0.221 0.1422817 0.5254919 0.4626375 0.1237389 0.050712116 0.41209102 0.29383928 0.025805239
0.2215 0.1396936 0.5138182 0.4545097 0.1206651 0.04877769 0.40506643 0.28815538 0.024720225
0.222 0.1371307 0.5023933 0.446481 0.1176572 0.047468826 0.39810038 0.28348625 0.023430351
0.2225 0.1345929 0.4912115 0.4385514 0.114713 0.04589404 0.39056093 0.27783 0.022416811
0.223 0.1320803 0.4802675 0.4307212 0.1118305 0.04423116 0.3841012 0.2728846 0.021422539
0.2235 0.1295929 0.469556 0.4229904 0.1090078 0.042931266 0.37719053 0.26804948 0.020133484
0.224 0.1271308 0.4590717 0.4153588 0.1062432 0.041399 0.3703159 0.26289722 0.019323584
0.2245 0.1246939 0.4488096 0.4078263 0.1035348 0.03989797 0.3640322 0.25811642 0.018155713
0.225 0.1222822 0.4387646 0.4003928 0.100881 0.038609616 0.357411 0.25349444 0.017157797
0.2255 0.1198958 0.4289319 0.3930579 0.09828022 0.037145242 0.35095012 0.24852696 0.016196381
0.226 0.1175345 0.4193067 0.3858213 0.09573094 0.035742275 0.34486055 0.24406487 0.015200067
0.2265 0.1151984 0.4098844 0.3786826 0.09323168 0.034494206 0.33849788 0.23946363 0.014156532
0.227 0.1128873 0.4006604 0.3716415 0.09078104 0.033061404 0.3323625 0.23482718 0.013314497
0.2275 0.1106012 0.3916301 0.3646972 0.08837768 0.031777825 0.3264486 0.23046717 0.012246963
0.228 0.10834 0.3827894 0.3578495 0.08602031 0.030511552 0.3203048 0.22603303 0.011362202
0.2285 0.1061037 0.3741338 0.3510975 0.08370768 0.029170455 0.31446588 0.22157401 0.0104285665
0.229 0.1038922 0.3656593 0.3444408 0.08143861 0.027928207 0.30865163 0.21738097 0.009484902
0.2295 0.1017053 0.3573618 0.3378787 0.07921194 0.02669301 0.30278018 0.21302722 0.008564804
0.23 0.09954289 0.3492373 0.3314104 0.07702658 0.025403494 0.297104 0.20879889 0.0077017765
0.2305 0.09740493 0.341282 0.3250353 0.07488146 0.024213776 0.2914616 0.20466396 0.006734378
0.231 0.09529128 0.333492 0.3187526 0.07277557 0.022992436 0.28576347 0.2004785 0.0059009823
0.2315 0.0932018 0.3258638 0.3125615 0.07070792 0.021765774 0.28028405 0.19636744 0.004985373
0.232 0.09113636 0.3183936 0.3064612 0.06867755 0.020602936 0.27473992 0.19235626 0.0041115875
0.2325 0.08909482 0.311078 0.300451 0.06668356 0.019411845 0.26926214 0.1882681 0.0032398547
0.233 0.08707703 0.3039135 0.2945298 0.06472507 0.01823101 0.2638842 0.18431172 0.0023874375
0.2335 0.08508284 0.2968968 0.288697 0.06280121 0.017096443 0.25850597 0.18036404 0.001496173
0.234 0.08311209 0.2900247 0.2829516 0.06091117 0.015932487 0.25316074 0.17641956 0.0006813067
0.2345 0.08116463 0.2832938 0.2772926 0.05905416 0.014796281 0.24793264 0.17255373 -0.00019816356
0.235 0.0792403 0.2767011 0.2717194 0.0572294 0.013681152 0.24265933 0.16871043 -0.0010245522
0.2355 0.07733892 0.2702435 0.2662307 0.05543615 0.012552746 0.23748603 0.1648682 -0.0018657786
0.236 0.07546033 0.2639181 0.2608259 0.0536737 0.0114481095 0.23234616 0.16111077 -0.0026943316
0.2365 0.07360436 0.257722 0.2555039 0.05194134 0.010359362 0.22722864 0.15734918 -0.003529985
0.237 0.07177081 0.2516523 0.2502638 0.05023842 0.009259816 0.22216402 0.1536232 -0.0043334146
0.2375 0.06995953 0.2457062 0.2451047 0.04856426 0.0081893 0.21715835 0.14995077 -0.005167796
0.238 0.06817032 0.239881 0.2400255 0.04691825 0.0071212985 0.21214992 0.14628771 -0.005963635
0.2385 0.066403 0.2341742 0.2350254 0.04529977 0.006056493 0.20722768 0.14266041 -0.00677475
0.239 0.06465738 0.2285831 0.2301033 0.04370823 0.005011566 0.20231867 0.139081 -0.0075726085
0.2395 0.06293328 0.2231051 0.2252584 0.04214305 0.003971124 0.19745404 0.13551039 -0.0083679035
0.24 0.0612305 0.2177379 0.2204896 0.04060368 0.002935497 0.19263682 0.13198496 -0.009151351
0.2405 0.05954886 0.212479 0.215796 0.03908957 0.0019191802 0.18785892 0.12849371 -0.009942586
0.241 0.05788816 0.207326 0.2111766 0.03760019 0.00090413913 0.18310872 0.1250222 -0.010711333
0.2415 0.0562482 0.2022768 0.2066304 0.03613504 -9.9889934e-05 0.17842263 0.12159313 -0.011488898
0.242 0.0546288 0.1973289 0.2021565 0.03469362 -0.001090372 0.173756 0.1181957 -0.012252592
0.2425 0.05302975 0.1924804 0.197754 0.03327544 -0.0020764563 0.16914272 0.11482267 -0.013013
0.243 0.05145087 0.1877289 0.1934218 0.03188005 -0.0030511636 0.16457038 0.1114922 -0.013766531
0.2435 0.04989194 0.1830724 0.1891591 0.03050697 -0.004013652 0.16003771 0.10819048 -0.014517171
0.244 0.04835278 0.1785089 0.1849648 0.02915578 -0.004970979 0.155547 0.104919106 -0.015255354
0.2445 0.04683319 0.1740363 0.180838 0.02782603 -0.0059152916 0.15110734 0.10168813 -0.015994787
0.245 0.04533296 0.1696528 0.1767779 0.02651731 -0.00684976 0.14670014 0.09848629 -0.016721955
0.2455 0.0438519 0.1653564 0.1727834 0.0252292 -0.0077764727 0.14234717 0.09531887 -0.01744539
0.246 0.04238981 0.1611452 0.1688536 0.02396132 -0.008690817 0.13803461 0.09218981 -0.018161796
0.2465 0.0409465 0.1570175 0.1649876 0.02271326 -0.0095954295 0.13376755 0.08909218 -0.01887143
0.247 0.03952176 0.1529714 0.1611845 0.02148467 -0.010491254 0.1295478 0.08603072 -0.019572988
0.2475 0.03811539 0.1490052 0.1574433 0.02027515 -0.011374539 0.12537569 0.08300758 -0.020270104
0.248 0.03672721 0.1451172 0.1537633 0.01908437 -0.012248555 0.1212468 0.08001691 -0.020957181
0.2485 0.035357 0.1413058 0.1501434 0.01791196 -0.013112253 0.11717101 0.07706514 -0.021638911
0.249 0.03400458 0.1375694 0.1465828 0.01675759 -0.013964066 0.113139495 0.074150264 -0.022312786
0.2495 0.03266975 0.1339062 0.1430806 0.01562092 -0.014806097 0.1091584 0.07127106 -0.022978643
0.25 0.03135231 0.1303149 0.139636 0.01450163 -0.015637165 0.10522717 0.06843066 -0.02363735
0.2505 0.03005207 0.1267938 0.136248 0.0133994 -0.016456524 0.10134521 0.06562839 -0.024288496
0.251 0.02876884 0.1233416 0.1329159 0.01231392 -0.017265694 0.09751317 0.06286265 -0.024930932
0.2515 0.02750242 0.1199567 0.1296387 0.0112449 -0.018063368 0.09373389 0.060137242 -0.025566291
0.252 0.02625262 0.1166377 0.1264157 0.01019202 -0.018849501 0.090003766 0.057449497 -0.026193168
0.2525 0.02501925 0.1133833 0.123246 0.009155015 -0.019625006 0.08632691 0.054800678 -0.026811615
0.253 0.02380212 0.1101921 0.1201288 0.008133593 -0.020388665 0.08270199 0.052191667 -0.027422346
0.2535 0.02260104 0.1070628 0.1170632 0.007127481 -0.021140939 0.079129174 0.049621698 -0.028024253
0.254 0.02141582 0.103994 0.1140486 0.00613641 -0.02188207 0.075609684 0.047090996 -0.02861781
0.2545 0.02024628 0.1009846 0.111084 0.005160118 -0.022611344 0.072143584 0.04460092 -0.029203027
0.255 0.01909223 0.09803323 0.1081687 0.004198347 -0.02332916 0.06873025 0.042149786 -0.029779412
0.2555 0.01795349 0.09513875 0.105302 0.003250847 -0.024035523 0.065371454 0.039739177 -0.030347146
0.256 0.01682987 0.09229998 0.1024831 0.002317371 -0.024730021 0.06206616 0.037368655 -0.03090642
0.2565 0.0157212 0.08951574 0.09971111 0.00139768 -0.025413046 0.05881492 0.035038054 -0.03145654
0.257 0.01462729 0.0867849 0.09698543 0.0004915383 -0.02608447 0.05561821 0.032747645 -0.031998128
0.2575 0.01354796 0.08410638 0.09430527 -0.0004012839 -0.02674404 0.052475587 0.030497696 -0.03253073
0.258 0.01248303 0.08147907 0.09166993 -0.001281012 -0.027392132 0.04938729 0.028287452 -0.03305451
0.2585 0.01143234 0.07890194 0.08907867 -0.002147866 -0.028028576 0.04635364 0.026117727 -0.033569284
0.259 0.01039571 0.07637393 0.08653079 -0.003002061 -0.028653266 0.043374144 0.023987796 -0.03407529
0.2595 0.00937295 0.07389405 0.08402558 -0.00384381 -0.029266508 0.040448956 0.021897797 -0.034572132
0.26 0.008363906 0.07146131 0.08156238 -0.004673318 -0.029868113 0.03757818 0.01984772 -0.035060305
0.2605 0.007368402 0.06907473 0.07914048 -0.005490788 -0.030458195 0.034761235 0.017837279 -0.03553933
0.261 0.00638627 0.06673338 0.07675922 -0.006296419 -0.031036856 0.03199836 0.015866153 -0.036009565
0.2615 0.005417342 0.06443632 0.07441794 -0.007090404 -0.03160406 0.029289111 0.013934508 -0.036470827
0.262 0.004461452 0.06218266 0.07211599 -0.007872935 -0.03215991 0.026633278 0.012041718 -0.036923278
0.2625 0.003518438 0.0599715 0.06985273 -0.008644198 -0.03270451 0.0240307 0.010187849 -0.037366774
0.263 0.002588135 0.05780199 0.06762752 -0.009404376 -0.03323786 0.021480925 0.008372426 -0.037801657
0.2635 0.001670383 0.05567327 0.06543973 -0.01015365 -0.033760086 0.018983625 0.006595269 -0.038227577
0.264 0.0007650225 0.05358452 0.06328875 -0.01089219 -0.0342713 0.016538575 0.004855953 -0.038644984
0.2645 -0.0001281045 0.05153493 0.06117397 -0.01162017 -0.03477156 0.014145136 0.0031543076 -0.039053544
0.265 -0.001009154 0.0495237 0.0590948 -0.01233777 -0.03526096 0.01180312 0.001489751 -0.039453674
0.2655 -0.001878282 0.04755006 0.05705065 -0.01304514 -0.03573966 0.009511873 -0.00013788044 -0.039845128
0.266 -0.002735641 0.04561325 0.05504093 -0.01374245 -0.03620769 0.0072710067 -0.0017291158 -0.040228304
0.2665 -0.003581382 0.04371253 0.05306507 -0.01442985 -0.036665246 0.0050798953 -0.0032843202 -0.040602956
0.267 -0.004415656 0.04184717 0.05112252 -0.01510752 -0.03711237 0.002938196 -0.0048038512 -0.040969424
0.2675 -0.005238611 0.04001646 0.04921271 -0.01577559 -0.03754925 0.00084511936 -0.006288253 -0.04132763
0.268 -0.006050394 0.03821971 0.04733509 -0.01643421 -0.03797598 -0.0011997074 -0.0077379495 -0.041677702
0.2685 -0.006851151 0.03645623 0.04548914 -0.01708355 -0.0383927 -0.0031969845 -0.009153359 -0.042019766
0.269 -0.007641025 0.03472536 0.04367432 -0.01772373 -0.03879956 -0.0051473677 -0.010534972 -0.04235392
0.2695 -0.008420158 0.03302645 0.04189011 -0.01835491 -0.039196678 -0.007051453 -0.011883333 -0.04268022
0.27 -0.009188692 0.03135886 0.04013599 -0.01897722 -0.039584212 -0.008909807 -0.013198845 -0.04299881
0.2705 -0.009946765 0.02972197 0.03841147 -0.0195908 -0.039962277 -0.010723263 -0.014482036 -0.043309767
0.271 -0.01069451 0.02811516 0.03671603 -0.02019579 -0.04033105 -0.012492359 -0.015733495 -0.043613244
0.2715 -0.01143208 0.02653784 0.0350492 -0.02079231 -0.040690698 -0.014217839 -0.016953677 -0.04390927
0.272 -0.01215959 0.02498942 0.03341048 -0.0213805 -0.041041277 -0.015900388 -0.018143028 -0.044198066
0.2725 -0.01287718 0.02346934 0.03179941 -0.02196048 -0.041383095 -0.017540812 -0.01930233 -0.044479672
0.273 -0.01358498 0.02197702 0.03021552 -0.02253238 -0.04171613 -0.019139633 -0.020431839 -0.04475419
0.2735 -0.01428312 0.02051193 0.02865834 -0.02309632 -0.042040676 -0.020697728 -0.021532223 -0.045021866
0.274 -0.01497173 0.01907352 0.02712744 -0.02365242 -0.042356834 -0.022215739 -0.022604011 -0.045282613
0.2745 -0.01565094 0.01766127 0.02562235 -0.02420081 -0.042664737 -0.0236945 -0.023647748 -0.045536768
0.275 -0.01632087 0.01627466 0.02414264 -0.02474159 -0.042964593 -0.025134683 -0.024663955 -0.045784257
0.2755 -0.01698165 0.0149132 0.02268788 -0.02527488 -0.043256484 -0.026536927 -0.025653169 -0.046025354
0.276 -0.01763339 0.01357639 0.02125766 -0.0258008 -0.043540664 -0.027902111 -0.026615918 -0.046260122
0.2765 -0.01827623 0.01226375 0.01985154 -0.02631945 -0.043817207 -0.029230922 -0.027552783 -0.046488695
0.277 -0.01891027 0.0109748 0.01846912 -0.02683094 -0.044086337 -0.030524075 -0.028464288 -0.0467111
0.2775 -0.01953564 0.009709077 0.01711 -0.02733539 -0.044348165 -0.031782344 -0.029351018 -0.04692763
0.278 -0.02015245 0.008466139 0.01577378 -0.02783289 -0.044602856 -0.033006474 -0.030213416 -0.047138263
0.2785 -0.02076083 0.007245536 0.01446007 -0.02832354 -0.0448505 -0.034197137 -0.031052068 -0.04734322
0.279 -0.02136087 0.006046836 0.01316849 -0.02880746 -0.04509139 -0.035355076 -0.031867467 -0.04754256
0.2795 -0.0219527 0.004869613 0.01189865 -0.02928473 -0.045325577 -0.036481008 -0.03266018 -0.047736455
0.28 -0.02253642 0.003713452 0.01065019 -0.02975547 -0.045553207 -0.037575662 -0.03343066 -0.047924925
0.2805 -0.02311215 0.002577945 0.009422736 -0.03021975 -0.04577449 -0.03863974 -0.03417945 -0.04810827
0.281 -0.02368 0.001462692 0.008215937 -0.03067769 -0.045989543 -0.03967394 -0.034907058 -0.048286375
0.2815 -0.02424006 0.0003673049 0.007029437 -0.03112936 -0.046198502 -0.040678933 -0.035614073 -0.04845951
0.282 -0.02479245 -0.0007086006 0.005862889 -0.03157487 -0.04640147 -0.041655466 -0.03630081 -0.04862783
0.2825 -0.02533727 -0.001765399 0.004715951 -0.0320143 -0.046598718 -0.04260418 -0.036967896 -0.04879133
0.283 -0.02587462 -0.002803456 0.003588287 -0.03244774 -0.046790242 -0.04352565 -0.0376157 -0.048950125
0.2835 -0.02640461 -0.003823132 0.002479567 -0.03287529 -0.046976276 -0.044420674 -0.038244836 -0.049104452
0.284 -0.02692733 -0.004824779 0.001389466 -0.03329701 -0.047156908 -0.04528989 -0.03885568 -0.049254265
0.2845 -0.02744289 -0.00580874 0.0003176665 -0.033713 -0.047332324 -0.046133876 -0.03944873 -0.049399834
0.285 -0.02795137 -0.006775354 -0.0007361467 -0.03412335 -0.047502592 -0.046953306 -0.040024385 -0.04954114
0.2855 -0.02845289 -0.007724951 -0.001772282 -0.03452813 -0.0476679 -0.047748804 -0.040583163 -0.049678348
0.286 -0.02894753 -0.008657856 -0.002791041 -0.03492742 -0.047828324 -0.048520938 -0.041125476 -0.049811527
0.2865 -0.02943538 -0.009574384 -0.003792724 -0.03532131 -0.047983997 -0.04927039 -0.04165168 -0.04994083
0.287 -0.02991655 -0.01047485 -0.004777623 -0.03570986 -0.04813514 -0.049997643 -0.04216236 -0.0500663
0.2875 -0.03039112 -0.01135955 -0.005746025 -0.03609317 -0.048281692 -0.050703377 -0.042657703 -0.05018807
0.288 -0.03085918 -0.01222879 -0.006698215 -0.03647129 -0.048423946 -0.05138816 -0.04313843 -0.050306242
0.2885 -0.03132082 -0.01308286 -0.00763447 -0.03684431 -0.04856193 -0.052052423 -0.043604583 -0.050420854
0.289 -0.03177613 -0.01392204 -0.008555063 -0.0372123 -0.048695788 -0.05269681 -0.04405676 -0.05053215
0.2895 -0.03222519 -0.01474662 -0.009460265 -0.03757533 -0.048825577 -0.053321958 -0.0444953 -0.050639953
0.29 -0.0326681 -0.01555687 -0.01035034 -0.03793347 -0.048951484 -0.05392815 -0.044920623 -0.050744694
0.2905 -0.03310493 -0.01635306 -0.01122554 -0.03828679 -0.04907359 -0.054516137 -0.045332998 -0.050846104
0.291 -0.03353578 -0.01713545 -0.01208613 -0.03863537 -0.049191974 -0.05508624 -0.045732856 -0.050944638
0.2915 -0.03396071 -0.01790431 -0.01293236 -0.03897926 -0.049306802 -0.05563909 -0.046120584 -0.051039994
0.292 -0.03437982 -0.01865987 -0.01376448 -0.03931853 -0.049418062 -0.05617501 -0.046496347 -0.0511326
0.2925 -0.03479319 -0.0194024 -0.01458272 -0.03965325 -0.04952596 -0.05669479 -0.046860784 -0.051222354
0.293 -0.03520088 -0.02013214 -0.01538732 -0.03998348 -0.049630553 -0.05719845 -0.047213927 -0.051309336
0.2935 -0.03560299 -0.02084932 -0.01617853 -0.04030929 -0.049731933 -0.05768676 -0.047556177 -0.051393684
0.294 -0.03599959 -0.02155417 -0.01695656 -0.04063073 -0.049830206 -0.05816008 -0.04788795 -0.051475424
0.2945 -0.03639075 -0.02224694 -0.01772165 -0.04094788 -0.049925424 -0.058618814 -0.048209414 -0.05155467
0.295 -0.03677654 -0.02292783 -0.01847402 -0.04126079 -0.05001773 -0.059063345 -0.048520952 -0.051631477
0.2955 -0.03715706 -0.02359706 -0.01921388 -0.04156951 -0.050107136 -0.059494182 -0.04882288 -0.051705867
0.296 -0.03753235 -0.02425487 -0.01994145 -0.04187411 -0.0501938 -0.059911624 -0.04911539 -0.051778033
0.2965 -0.03790251 -0.02490145 -0.02065694 -0.04217465 -0.050277755 -0.06031613 -0.04939875 -0.05184793
0.297 -0.03826759 -0.02553701 -0.02136056 -0.04247118 -0.0503591 -0.060708046 -0.049673304 -0.05191563
0.2975 -0.03862767 -0.02616175 -0.02205251 -0.04276376 -0.050437927 -0.061087728 -0.04993932 -0.05198123
0.298 -0.03898282 -0.02677588 -0.022733 -0.04305244 -0.05051428 -0.061455622 -0.05019699 -0.052044846
0.2985 -0.03933311 -0.02737959 -0.02340221 -0.04333728 -0.050588213 -0.061811984 -0.05044654 -0.052106395
0.299 -0.0396786 -0.02797306 -0.02406034 -0.04361833 -0.050659865 -0.06215717 -0.05068831 -0.052166104
0.2995 -0.04001936 -0.02855649 -0.02470758 -0.04389565 -0.050729275 -0.06249155 -0.050922453 -0.052223835
0.3 -0.04035545 -0.02913006 -0.02534412 -0.04416928 -0.05079648 -0.06281544 -0.05114925 -0.052279837
0.3005 -0.04068695 -0.02969395 -0.02597015 -0.04443927 -0.050861575 -0.06312908 -0.051368907 -0.052334044
0.301 -0.04101391 -0.03024834 -0.02658583 -0.04470568 -0.050924614 -0.06343287 -0.051581547 -0.05238657
0.3015 -0.04133639 -0.03079339 -0.02719135 -0.04496856 -0.050985657 -0.063727066 -0.051787555 -0.052437402
0.302 -0.04165446 -0.03132928 -0.02778689 -0.04522796 -0.051044755 -0.064011976 -0.051986963 -0.05248669
0.3025 -0.04196818 -0.03185617 -0.0283726 -0.04548392 -0.051102035 -0.06428787 -0.052180126 -0.05253437
0.303 -0.04227761 -0.03237423 -0.02894867 -0.04573648 -0.05115746 -0.064554974 -0.05236709 -0.05258053
0.3035 -0.04258281 -0.03288362 -0.02951525 -0.04598571 -0.051211126 -0.06481372 -0.052548215 -0.052625272
0.304 -0.04288384 -0.03338449 -0.03007251 -0.04623164 -0.051263086 -0.06506416 -0.052723467 -0.05266858
0.3045 -0.04318075 -0.03387699 -0.03062061 -0.04647432 -0.0513134 -0.06530662 -0.05289316 -0.0527105
0.305 -0.0434736 -0.03436128 -0.0311597 -0.04671379 -0.051362127 -0.0655414 -0.05305749 -0.052751094
0.3055 -0.04376245 -0.03483751 -0.03168993 -0.04695009 -0.051409297 -0.06576873 -0.053216577 -0.052790407
0.306 -0.04404736 -0.03530581 -0.03221147 -0.04718328 -0.05145493 -0.065988764 -0.05337052 -0.052828424
0.3065 -0.04432837 -0.03576634 -0.03272445 -0.04741339 -0.05149913 -0.066201776 -0.053519562 -0.05286529
0.307 -0.04460555 -0.03621922 -0.03322902 -0.04764047 -0.051541924 -0.06640796 -0.05366391 -0.052900888
0.3075 -0.04487894 -0.0366646 -0.03372533 -0.04786456 -0.051583298 -0.06660758 -0.05380352 -0.052935466
0.308 -0.0451486 -0.03710261 -0.03421352 -0.04808569 -0.051623426 -0.06680082 -0.05393876 -0.05296886
0.3085 -0.04541457 -0.03753339 -0.03469372 -0.04830391 -0.051662207 -0.06698783 -0.05406961 -0.053001203
0.309 -0.04567692 -0.03795705 -0.03516607 -0.04851925 -0.05169978 -0.06716891 -0.05419627 -0.05303254
0.3095 -0.04593569 -0.03837373 -0.03563071 -0.04873177 -0.05173613 -0.06734416 -0.054318845 -0.05306284
0.31 -0.04619093 -0.03878355 -0.03608776 -0.04894149 -0.051771306 -0.067513734 -0.054437473 -0.05309219
0.3105 -0.04644269 -0.03918663 -0.03653736 -0.04914845 -0.05180537 -0.06767793 -0.05455233 -0.053120572
0.311 -0.04669102 -0.0395831 -0.03697962 -0.0493527 -0.051838346 -0.06783679 -0.05466348 -0.05314806
0.3115 -0.04693596 -0.03997306 -0.03741468 -0.04955426 -0.051870234 -0.06799054 -0.054771036 -0.053174663
0.312 -0.04717757 -0.04035664 -0.03784267 -0.04975317 -0.051901095 -0.06813933 -0.05487509 -0.05320036
0.3125 -0.04741588 -0.04073394 -0.03826368 -0.04994948 -0.051930964 -0.06828338 -0.054975837 -0.05322529
0.313 -0.04765095 -0.04110507 -0.03867786 -0.05014321 -0.051959872 -0.06842269 -0.055073276 -0.053249396
0.3135 -0.04788281 -0.04147015 -0.0390853 -0.0503344 -0.05198784 -0.068557575 -0.055167615 -0.053272724
0.314 -0.04811152 -0.04182929 -0.03948614 -0.05052309 -0.052014932 -0.06868805 -0.05525887 -0.05329528
0.3145 -0.04833711 -0.04218257 -0.03988047 -0.0507093 -0.052041113 -0.06881432 -0.055347204 -0.05331713
0.315 -0.04855964 -0.04253011 -0.04026841 -0.05089308 -0.052066445 -0.06893654 -0.055432603 -0.053338274
0.3155 -0.04877914 -0.04287201 -0.04065006 -0.05107445 -0.052090988 -0.0690548 -0.05551535 -0.053358726
0.316 -0.04899565 -0.04320837 -0.04102554 -0.05125344 -0.052114695 -0.06916916 -0.055595353 -0.053378526
0.3165 -0.04920922 -0.04353928 -0.04139494 -0.0514301 -0.052137695 -0.06927988 -0.05567275 -0.053397693
0.317 -0.04941988 -0.04386483 -0.04175838 -0.05160445 -0.052159905 -0.069387004 -0.055747658 -0.05341618
0.3175 -0.04962768 -0.04418513 -0.04211594 -0.05177651 -0.052181393 -0.06949063 -0.055820122 -0.053434115
0.318 -0.04983266 -0.04450025 -0.04246773 -0.05194633 -0.052202195 -0.06959097 -0.055890307 -0.053451482
0.3185 -0.05003485 -0.0448103 -0.04281385 -0.05211394 -0.052222326 -0.06968793 -0.055958092 -0.053468253
0.319 -0.0502343 -0.04511535 -0.04315439 -0.05227935 -0.052241795 -0.069781825 -0.056023747 -0.053484496
0.3195 -0.05043103 -0.0454155 -0.04348945 -0.05244261 -0.052260645 -0.06987268 -0.056087255 -0.053500228
0.32 -0.0506251 -0.04571083 -0.04381912 -0.05260374 -0.05227886 -0.069960535 -0.056148693 -0.053515416
0.3205 -0.05081653 -0.04600143 -0.04414348 -0.05276276 -0.052296475 -0.070045575 -0.05620815 -0.05353013
0.321 -0.05100537 -0.04628736 -0.04446263 -0.05291971 -0.052313544 -0.070127815 -0.056265652 -0.053544372
0.3215 -0.05119164 -0.04656872 -0.04477666 -0.05307462 -0.05233007 -0.07020739 -0.056321293 -0.053558115
0.322 -0.05137539 -0.04684559 -0.04508565 -0.05322751 -0.05234602 -0.07028438 -0.05637513 -0.053571414
0.3225 -0.05155665 -0.04711803 -0.04538969 -0.05337841 -0.052361496 -0.07035889 -0.056427196 -0.053584345
0.323 -0.05173545 -0.04738613 -0.04568886 -0.05352735 -0.05237644 -0.07043095 -0.056477576 -0.053596802
0.3235 -0.05191183 -0.04764996 -0.04598323 -0.05367434 -0.052390866 -0.0705007 -0.056526333 -0.053608894
0.324 -0.05208581 -0.04790959 -0.0462729 -0.05381943 -0.052404888 -0.070568144 -0.05657348 -0.05362053
0.3245 -0.05225745 -0.04816509 -0.04655794 -0.05396263 -0.052418396 -0.07063338 -0.056619093 -0.05363184
0.325 -0.05242675 -0.04841654 -0.04683842 -0.05410396 -0.052431494 -0.07069649 -0.05666326 -0.053642754
0.3255 -0.05259377 -0.04866401 -0.04711443 -0.05424346 -0.052444167 -0.07075757 -0.056705922 -0.05365333
0.326 -0.05275853 -0.04890755 -0.04738604 -0.05438115 -0.0524564 -0.07081662 -0.056747183 -0.05366356
0.3265 -0.05292105 -0.04914724 -0.04765332 -0.05451705 -0.052468278 -0.07087375 -0.056787163 -0.053673394
0.327 -0.05308138 -0.04938314 -0.04791634 -0.05465118 -0.052479744 -0.070929006 -0.056825742 -0.05368302
0.3275 -0.05323954 -0.04961533 -0.04817518 -0.05478358 -0.052490816 -0.07098253 -0.056863174 -0.053692218
0.328 -0.05339557 -0.04984385 -0.04842991 -0.05491425 -0.05250153 -0.07103428 -0.05689937 -0.053701192
0.3285 -0.05354948 -0.05006877 -0.04868058 -0.05504324 -0.052511945 -0.071084276 -0.056934312 -0.053709846
0.329 -0.05370132 -0.05029015 -0.04892728 -0.05517054 -0.052521966 -0.071132675 -0.056968138 -0.053718247
0.3295 -0.0538511 -0.05050806 -0.04917006 -0.0552962 -0.05253166 -0.071179524 -0.05700083 -0.053726304
0.33 -0.05399886 -0.05072254 -0.049409 -0.05542023 -0.052541055 -0.071224734 -0.057032496 -0.053734202
0.3305 -0.05414463 -0.05093367 -0.04964415 -0.05554266 -0.052550144 -0.07126859 -0.057063162 -0.05374171
0.331 -0.05428843 -0.05114149 -0.04987558 -0.05566349 -0.05255893 -0.07131092 -0.057092786 -0.053749107
0.3315 -0.05443029 -0.05134605 -0.05010335 -0.05578276 -0.05256743 -0.07135199 -0.057121426 -0.053756155
0.332 -0.05457023 -0.05154742 -0.05032752 -0.05590049 -0.052575678 -0.07139155 -0.057149097 -0.053763032
0.3325 -0.05470829 -0.05174565 -0.05054815 -0.0560167 -0.052583598 -0.07142997 -0.05717592 -0.053769663
0.333 -0.05484449 -0.05194078 -0.0507653 -0.0561314 -0.0525913 -0.071467 -0.057201818 -0.053776093
0.3335 -0.05497885 -0.05213288 -0.05097903 -0.05624462 -0.052598737 -0.071502864 -0.057226866 -0.053782273
0.334 -0.05511141 -0.05232199 -0.05118939 -0.05635637 -0.05260595 -0.07153754 -0.05725111 -0.053788316
0.3345 -0.05524217 -0.05250816 -0.05139644 -0.05646668 -0.052612916 -0.07157116 -0.05727467 -0.053794064
0.335 -0.05537118 -0.05269144 -0.05160024 -0.05657557 -0.052619644 -0.071603626 -0.05729735 -0.053799737
0.3355 -0.05549845 -0.05287187 -0.05180083 -0.05668304 -0.05262614 -0.07163508 -0.057319283 -0.05380514
0.336 -0.05562401 -0.05304952 -0.05199827 -0.05678913 -0.052632473 -0.07166545 -0.057340547 -0.053810447
0.3365 -0.05574787 -0.05322441 -0.05219261 -0.05689385 -0.052638546 -0.071694836 -0.05736105 -0.05381547
0.337 -0.05587007 -0.0533966 -0.05238391 -0.05699722 -0.052644424 -0.07172325 -0.057380944 -0.05382047
0.3375 -0.05599063 -0.05356613 -0.0525722 -0.05709925 -0.052650154 -0.071750775 -0.057400167 -0.05382519
0.338 -0.05610957 -0.05373304 -0.05275755 -0.05719996 -0.052655652 -0.071777344 -0.057418734 -0.05382979
0.3385 -0.05622691 -0.05389738 -0.05294001 -0.05729938 -0.052661 -0.07180308 -0.05743672 -0.053834252
0.339 -0.05634267 -0.05405919 -0.05311961 -0.05739752 -0.052666165 -0.07182796 -0.05745411 -0.053838544
0.3395 -0.05645688 -0.05421852 -0.0532964 -0.05749438 -0.052671142 -0.07185201 -0.057470977 -0.053842686
0.34 -0.05656955 -0.05437539 -0.05347044 -0.05759001 -0.052675925 -0.07187532 -0.057487205 -0.053846776
0.3405 -0.05668071 -0.05452986 -0.05364176 -0.05768439 -0.05268067 -0.07189779 -0.05750291 -0.05385064
0.341 -0.05679038 -0.05468196 -0.05381041 -0.05777757 -0.052685156 -0.07191956 -0.05751814 -0.05385436
0.3415 -0.05689858 -0.05483173 -0.05397644 -0.05786954 -0.052689515 -0.071940646 -0.05753286 -0.053858045
0.342 -0.05700533 -0.05497921 -0.05413988 -0.05796032 -0.052693762 -0.071961015 -0.057547122 -0.053861547
0.3425 -0.05711064 -0.05512443 -0.05430078 -0.05804994 -0.052697822 -0.07198067 -0.05756086 -0.053864975
0.343 -0.05721455 -0.05526744 -0.05445919 -0.05813841 -0.0527018 -0.07199974 -0.057574213 -0.05386826
0.3435 -0.05731706 -0.05540826 -0.05461513 -0.05822573 -0.052705593 -0.07201816 -0.057587057 -0.053871464
0.344 -0.05741819 -0.05554694 -0.05476866 -0.05831193 -0.052709274 -0.07203594 -0.05759944 -0.05387456
0.3445 -0.05751798 -0.05568351 -0.05491981 -0.05839703 -0.052712858 -0.072053194 -0.05761154 -0.05387753
0.345 -0.05761642 -0.055818 -0.05506861 -0.05848103 -0.052716322 -0.07206985 -0.057623178 -0.05388037
0.3455 -0.05771355 -0.05595044 -0.05521512 -0.05856395 -0.052719653 -0.07208596 -0.057634458 -0.053883236
0.346 -0.05780938 -0.05608088 -0.05535936 -0.0586458 -0.052722886 -0.07210155 -0.05764532 -0.053885866
0.3465 -0.05790393 -0.05620934 -0.05550137 -0.0587266 -0.05272603 -0.07211664 -0.057655916 -0.053888503
0.347 -0.05799721 -0.05633585 -0.05564119 -0.05880636 -0.052729055 -0.07213126 -0.057666093 -0.053891025
0.3475 -0.05808924 -0.05646044 -0.05577885 -0.0588851 -0.05273199 -0.07214536 -0.057675958 -0.053893484
0.348 -0.05818005 -0.05658315 -0.05591439 -0.05896283 -0.052734807 -0.07215904 -0.057685494 -0.0538958
0.3485 -0.05826964 -0.05670401 -0.05604785 -0.05903955 -0.052737527 -0.072172195 -0.05769469 -0.05389813
0.349 -0.05835803 -0.05682305 -0.05617925 -0.0591153 -0.05274018 -0.072185025 -0.057703644 -0.053900335
0.3495 -0.05844524 -0.05694029 -0.05630863 -0.05919007 -0.05274277 -0.07219727 -0.057712257 -0.053902462
0.35 -0.05853129 -0.05705576 -0.05643602 -0.05926388 -0.052745216 -0.07220928 -0.05772057 -0.053904526
0.3505 -0.05861619 -0.05716949 -0.05656146 -0.05933674 -0.052747637 -0.07222082 -0.057728693 -0.053906552
0.351 -0.05869995 -0.05728152 -0.05668497 -0.05940867 -0.05274993 -0.07223199 -0.057736486 -0.053908426
0.3515 -0.0587826 -0.05739186 -0.05680659 -0.05947968 -0.052752167 -0.07224275 -0.05774401 -0.053910367
0.352 -0.05886415 -0.05750055 -0.05692635 -0.05954977 -0.05275435 -0.07225321 -0.057751343 -0.053912114
0.3525 -0.05894461 -0.0576076 -0.05704427 -0.05961897 -0.05275642 -0.0722633 -0.05775836 -0.053913876
0.353 -0.05902399 -0.05771306 -0.05716039 -0.05968728 -0.05275847 -0.07227312 -0.057765245 -0.053915575
0.3535 -0.05910232 -0.05781693 -0.05727474 -0.05975472 -0.052760422 -0.07228255 -0.057771817 -0.053917214
0.354 -0.0591796 -0.05791925 -0.05738734 -0.05982129 -0.052762344 -0.07229169 -0.05777821 -0.0539188
0.3545 -0.05925586 -0.05802004 -0.05749822 -0.059887 -0.05276414 -0.07230055 -0.05778435 -0.05392033
0.355 -0.0593311 -0.05811933 -0.05760741 -0.05995188 -0.052765943 -0.07230912 -0.0577904 -0.053921837
0.3555 -0.05940533 -0.05821714 -0.05771494 -0.06001593 -0.052767657 -0.07231735 -0.05779615 -0.053923212
0.356 -0.05947858 -0.05831349 -0.05782083 -0.06007915 -0.05276932 -0.072325334 -0.05780177 -0.05392462
0.3565 -0.05955086 -0.05840841 -0.05792511 -0.06014157 -0.052770928 -0.07233313 -0.057807177 -0.053925943
0.357 -0.05962217 -0.05850191 -0.05802781 -0.06020318 -0.052772447 -0.07234056 -0.057812348 -0.05392728
0.3575 -0.05969253 -0.05859402 -0.05812894 -0.06026401 -0.05277396 -0.07234785 -0.057817444 -0.053928494
0.358 -0.05976196 -0.05868477 -0.05822854 -0.06032406 -0.052775405 -0.07235482 -0.057822317 -0.05392971
0.3585 -0.05983047 -0.05877417 -0.05832663 -0.06038334 -0.05277683 -0.07236156 -0.057827055 -0.053930867
0.359 -0.05989806 -0.05886225 -0.05842324 -0.06044186 -0.05277817 -0.0723681 -0.05783163 -0.053932022
0.3595 -0.05996476 -0.05894902 -0.05851838 -0.06049964 -0.052779496 -0.07237445 -0.05783604 -0.053933106
0.36 -0.06003057 -0.05903451 -0.05861208 -0.06055667 -0.052780762 -0.07238057 -0.057840332 -0.05393419
0.3605 -0.06009551 -0.05911873 -0.05870437 -0.06061298 -0.052781954 -0.07238655 -0.05784446 -0.053935196
0.361 -0.06015958 -0.05920171 -0.05879526 -0.06066857 -0.052783176 -0.07239224 -0.0578485 -0.053936213
0.3615 -0.06022281 -0.05928347 -0.05888478 -0.06072344 -0.0527843 -0.07239784 -0.057852343 -0.053937163
0.362 -0.0602852 -0.05936402 -0.05897295 -0.06077762 -0.052785434 -0.07240309 -0.057856083 -0.05393808
0.3625 -0.06034675 -0.05944338 -0.05905979 -0.0608311 -0.0527865 -0.07240833 -0.057859704 -0.053938977
0.363 -0.0604075 -0.05952157 -0.05914533 -0.0608839 -0.052787542 -0.072413325 -0.05786319 -0.053939864
0.3635 -0.06046743 -0.05959862 -0.05922957 -0.06093603 -0.05278854 -0.07241817 -0.05786659 -0.053940654
0.364 -0.06052657 -0.05967453 -0.05931255 -0.06098749 -0.052789524 -0.07242282 -0.057869866 -0.053941496
0.3645 -0.06058493 -0.05974933 -0.05939429 -0.06103829 -0.05279044 -0.07242739 -0.057873026 -0.053942304
0.365 -0.06064252 -0.05982303 -0.05947479 -0.06108845 -0.052791364 -0.07243176 -0.057876065 -0.053943038
0.3655 -0.06069934 -0.05989565 -0.05955409 -0.06113796 -0.052792244 -0.07243599 -0.05787909 -0.053943787
0.366 -0.06075541 -0.05996721 -0.0596322 -0.06118684 -0.0527931 -0.07244006 -0.057881877 -0.053944476
0.3665 -0.06081074 -0.06003772 -0.05970914 -0.0612351 -0.05279392 -0.072444096 -0.057884693 -0.053945206
0.367 -0.06086534 -0.0601072 -0.05978492 -0.06128275 -0.052794732 -0.07244788 -0.057887346 -0.053945787
0.3675 -0.06091921 -0.06017566 -0.05985958 -0.06132978 -0.052795477 -0.07245158 -0.05788994 -0.053946473
0.368 -0.06097237 -0.06024312 -0.05993311 -0.06137622 -0.052796245 -0.07245518 -0.057892427 -0.053947076
0.3685 -0.06102483 -0.0603096 -0.06000555 -0.06142206 -0.052796952 -0.0724587 -0.0578949 -0.053947728
0.369 -0.06107659 -0.06037511 -0.06007691 -0.06146732 -0.05279763 -0.07246201 -0.05789721 -0.053948242
0.3695 -0.06112767 -0.06043967 -0.0601472 -0.061512 -0.052798316 -0.072465226 -0.05789952 -0.053948887
0.37 -0.06117808 -0.06050329 -0.06021645 -0.06155611 -0.05279897 -0.072468445 -0.05790168 -0.05394936
0.3705 -0.06122782 -0.06056598 -0.06028466 -0.06159966 -0.052799575 -0.072471425 -0.057903826 -0.05394991
0.371 -0.0612769 -0.06062776 -0.06035186 -0.06164266 -0.052800193 -0.072474375 -0.057905853 -0.053950395
0.3715 -0.06132533 -0.06068865 -0.06041807 -0.0616851 -0.052800804 -0.07247721 -0.057907864 -0.053950924
0.372 -0.06137313 -0.06074865 -0.06048328 -0.06172701 -0.05280137 -0.07248001 -0.057909787 -0.05395136
0.3725 -0.06142029 -0.06080778 -0.06054753 -0.06176838 -0.0528019 -0.0724826 -0.05791165 -0.05395186
0.373 -0.06146683 -0.06086605 -0.06061083 -0.06180923 -0.052802466 -0.07248519 -0.057913408 -0.053952266
0.3735 -0.06151276 -0.06092348 -0.06067318 -0.06184956 -0.052802965 -0.07248764 -0.05791515 -0.0539527
0.374 -0.06155808 -0.06098008 -0.06073462 -0.06188937 -0.052803442 -0.07249008 -0.05791682 -0.053953122
0.3745 -0.06160281 -0.06103587 -0.06079514 -0.06192867 -0.05280392 -0.072492346 -0.057918414 -0.05395355
0.375 -0.06164694 -0.06109084 -0.06085477 -0.06196748 -0.052804418 -0.07249461 -0.057920024 -0.053953905
0.3755 -0.0616905 -0.06114503 -0.06091351 -0.06200579 -0.052804843 -0.07249677 -0.05792153 -0.053954285
0.376 -0.06173348 -0.06119843 -0.06097139 -0.06204362 -0.052805305 -0.07249893 -0.05792302 -0.05395469
0.3765 -0.06177589 -0.06125106 -0.06102842 -0.06208096 -0.052805714 -0.07250093 -0.057924435 -0.053954992
0.377 -0.06181774 -0.06130293 -0.0610846 -0.06211783 -0.05280611 -0.072502926 -0.05792582 -0.053955328
0.3775 -0.06185905 -0.06135406 -0.06113995 -0.06215423 -0.05280651 -0.07250476 -0.05792713 -0.053955693
0.378 -0.06189981 -0.06140446 -0.06119449 -0.06219016 -0.052806877 -0.07250659 -0.05792837 -0.053955995
0.3785 -0.06194003 -0.06145413 -0.06124823 -0.06222564 -0.052807264 -0.072508395 -0.05792965 -0.053956337
0.379 -0.06197973 -0.06150308 -0.06130118 -0.06226067 -0.052807614 -0.07251009 -0.057930827 -0.05395656
0.3795 -0.0620189 -0.06155134 -0.06135334 -0.06229525 -0.052807935 -0.07251176 -0.05793199 -0.05395691
0.38 -0.06205756 -0.0615989 -0.06140475 -0.06232939 -0.0528083 -0.07251342 -0.05793315 -0.053957134
0.3805 -0.06209571 -0.06164578 -0.06145539 -0.0623631 -0.052808598 -0.07251491 -0.05793421 -0.05395742
0.381 -0.06213335 -0.06169199 -0.0615053 -0.06239638 -0.05280891 -0.07251644 -0.057935238 -0.05395771
0.3815 -0.06217051 -0.06173754 -0.06155447 -0.06242924 -0.05280924 -0.07251784 -0.05793625 -0.053957887
0.382 -0.06220717 -0.06178244 -0.06160292 -0.06246168 -0.0528095 -0.07251926 -0.05793722 -0.053958166
0.3825 -0.06224335 -0.06182669 -0.06165067 -0.06249371 -0.052809797 -0.07252061 -0.05793816 -0.053958394
0.383 -0.06227906 -0.06187032 -0.06169771 -0.06252533 -0.052810073 -0.07252185 -0.057939097 -0.053958617
0.3835 -0.0623143 -0.06191332 -0.06174407 -0.06255655 -0.052810334 -0.07252316 -0.05793999 -0.053958856
0.384 -0.06234908 -0.06195571 -0.06178975 -0.06258738 -0.052810565 -0.0725244 -0.057940826 -0.053959083
0.3845 -0.0623834 -0.06199749 -0.06183476 -0.06261781 -0.052810818 -0.07252559 -0.05794166 -0.053959265
0.385 -0.06241727 -0.06203868 -0.06187912 -0.06264785 -0.05281107 -0.07252669 -0.05794245 -0.053959463
0.3855 -0.06245069 -0.06207929 -0.06192283 -0.06267752 -0.052811302 -0.0725279 -0.05794327 -0.053959668
0.386 -0.06248368 -0.06211932 -0.0619659 -0.06270681 -0.052811533 -0.07252897 -0.057944015 -0.05395988
0.3865 -0.06251623 -0.06215877 -0.06200835 -0.06273572 -0.05281174 -0.07253 -0.05794473 -0.053960036
0.387 -0.06254836 -0.06219767 -0.06205018 -0.06276427 -0.052811928 -0.072531015 -0.057945445 -0.05396024
0.3875 -0.06258007 -0.06223602 -0.0620914 -0.06279246 -0.052812174 -0.072532 -0.05794616 -0.05396037
0.388 -0.06261136 -0.06227382 -0.06213202 -0.06282029 -0.052812345 -0.07253294 -0.057946816 -0.05396056
0.3885 -0.06264224 -0.06231109 -0.06217206 -0.06284776 -0.05281253 -0.072533906 -0.057947412 -0.053960726
0.389 -0.06267272 -0.06234783 -0.06221151 -0.06287489 -0.052812733 -0.072534725 -0.057948083 -0.053960856
0.3895 -0.0627028 -0.06238405 -0.06225039 -0.06290168 -0.052812897 -0.07253559 -0.057948664 -0.053960994
0.39 -0.06273248 -0.06241976 -0.06228871 -0.06292812 -0.05281309 -0.072536424 -0.057949275 -0.053961176
0.3905 -0.06276178 -0.06245496 -0.06232647 -0.06295423 -0.052813224 -0.0725372 -0.05794975 -0.053961266
0.391 -0.06279069 -0.06248967 -0.06236369 -0.06298001 -0.052813396 -0.07253799 -0.057950348 -0.053961463
0.3915 -0.06281922 -0.06252388 -0.06240036 -0.06300546 -0.052813552 -0.07253873 -0.057950854 -0.053961508
0.392 -0.06284739 -0.06255762 -0.06243651 -0.06303059 -0.0528137 -0.07253945 -0.057951346 -0.05396171
0.3925 -0.06287518 -0.06259087 -0.06247214 -0.0630554 -0.05281385 -0.07254018 -0.057951808 -0.05396176
0.393 -0.06290261 -0.06262366 -0.06250725 -0.06307989 -0.052813977 -0.072540775 -0.057952315 -0.053961914
0.3935 -0.06292968 -0.06265599 -0.06254186 -0.06310408 -0.052814126 -0.072541445 -0.057952777 -0.053961996
0.394 -0.0629564 -0.06268787 -0.06257596 -0.06312796 -0.052814215 -0.072542086 -0.05795318 -0.053962152
0.3945 -0.06298276 -0.06271929 -0.06260958 -0.06315153 -0.0528144 -0.07254268 -0.05795361 -0.053962205
0.395 -0.06300879 -0.06275027 -0.06264271 -0.06317481 -0.05281447 -0.07254325 -0.057954 -0.053962346
0.3955 -0.06303447 -0.06278082 -0.06267537 -0.06319779 -0.052814618 -0.07254389 -0.05795446 -0.053962413
0.396 -0.06305982 -0.06281094 -0.06270755 -0.06322048 -0.052814707 -0.072544366 -0.057954818 -0.053962555
0.3965 -0.06308484 -0.06284064 -0.06273928 -0.06324289 -0.05281484 -0.0725449 -0.05795516 -0.053962607
0.397 -0.06310953 -0.06286992 -0.06277055 -0.06326501 -0.052814946 -0.072545454 -0.057955563 -0.053962756
0.3975 -0.0631339 -0.06289879 -0.06280137 -0.06328685 -0.052815065 -0.07254593 -0.057955906 -0.053962737
0.398 -0.06315795 -0.06292726 -0.06283175 -0.06330841 -0.052815124 -0.07254644 -0.057956234 -0.05396292
0.3985 -0.06318168 -0.06295533 -0.06286169 -0.06332971 -0.05281526 -0.0725469 -0.057956547 -0.05396295
0.399 -0.06320511 -0.062983 -0.06289121 -0.06335073 -0.05281534 -0.0725473 -0.05795683 -0.05396304
0.3995 -0.06322823 -0.06301029 -0.0629203 -0.06337148 -0.052815452 -0.07254779 -0.057957202 -0.053963095
0.4 -0.06325105 -0.0630372 -0.06294897 -0.06339198 -0.052815504 -0.07254821 -0.057957515 -0.05396318
0.4005 -0.06327358 -0.06306373 -0.06297724 -0.06341221 -0.05281558 -0.07254864 -0.057957754 -0.053963277
0.401 -0.06329581 -0.0630899 -0.0630051 -0.06343219 -0.052815698 -0.072549 -0.057958037 -0.053963315
0.4015 -0.06331775 -0.0631157 -0.06303257 -0.06345191 -0.052815758 -0.07254939 -0.057958275 -0.05396339
0.402 -0.0633394 -0.06314113 -0.06305964 -0.06347139 -0.052815862 -0.07254982 -0.057958588 -0.053963486
0.4025 -0.06336077 -0.06316622 -0.06308633 -0.06349062 -0.052815914 -0.07255016 -0.05795884 -0.05396354
0.403 -0.06338187 -0.06319095 -0.06311264 -0.0635096 -0.052815966 -0.072550476 -0.057959065 -0.053963598
0.4035 -0.06340269 -0.06321534 -0.06313857 -0.06352835 -0.052816078 -0.07255079 -0.05795929 -0.053963624
0.404 -0.06342324 -0.0632394 -0.06316414 -0.06354686 -0.05281613 -0.07255112 -0.057959512 -0.053963706
0.4045 -0.06344352 -0.06326311 -0.06318934 -0.06356513 -0.052816182 -0.07255146 -0.057959735 -0.05396369
0.405 -0.06346353 -0.0632865 -0.06321418 -0.06358318 -0.052816242 -0.07255176 -0.05795999 -0.05396381
0.4055 -0.06348329 -0.06330957 -0.06323867 -0.06360099 -0.052816316 -0.072552055 -0.057960182 -0.053963847
0.406 -0.06350279 -0.06333231 -0.06326281 -0.06361859 -0.05281636 -0.07255235 -0.057960376 -0.05396391
0.4065 -0.06352204 -0.06335474 -0.06328661 -0.06363595 -0.05281643 -0.07255262 -0.057960555 -0.053963955
0.407 -0.06354103 -0.06337686 -0.06331007 -0.0636531 -0.052816495 -0.072552875 -0.057960734 -0.053963996
0.4075 -0.06355978 -0.06339867 -0.0633332 -0.06367003 -0.052816533 -0.07255313 -0.057960898 -0.053964023
0.408 -0.06357829 -0.06342018 -0.06335601 -0.06368675 -0.0528166 -0.07255338 -0.05796112 -0.053964097
0.4085 -0.06359655 -0.06344139 -0.06337849 -0.06370326 -0.05281665 -0.072553635 -0.05796124 -0.053964112
0.409 -0.06361458 -0.06346231 -0.06340065 -0.06371956 -0.05281669 -0.07255387 -0.05796142 -0.0539642
0.4095 -0.06363238 -0.06348294 -0.0634225 -0.06373565 -0.05281675 -0.07255411 -0.057961583 -0.05396417
0.41 -0.06364994 -0.06350329 -0.06344404 -0.06375154 -0.05281675 -0.07255432 -0.057961732 -0.053964276
0.4105 -0.06366727 -0.06352335 -0.06346528 -0.06376723 -0.052816845 -0.07255454 -0.057961926 -0.053964272
0.411 -0.06368438 -0.06354314 -0.06348621 -0.06378272 -0.052816868 -0.07255466 -0.05796203 -0.053964335
0.4115 -0.06370127 -0.06356266 -0.06350685 -0.06379801 -0.052816898 -0.07255493 -0.05796215 -0.05396433
0.412 -0.06371794 -0.0635819 -0.06352721 -0.06381312 -0.052816935 -0.07255508 -0.05796227 -0.053964414
0.4125 -0.06373439 -0.06360088 -0.06354727 -0.06382803 -0.052817017 -0.07255529 -0.057962403 -0.0539644
0.413 -0.06375063 -0.0636196 -0.06356705 -0.06384275 -0.05281701 -0.07255547 -0.057962537 -0.053964473
0.4135 -0.06376666 -0.06363806 -0.06358656 -0.06385729 -0.052817076 -0.072555676 -0.05796267 -0.05396446
0.414 -0.06378248 -0.06365627 -0.06360579 -0.06387164 -0.052817084 -0.07255575 -0.057962745 -0.053964518
0.4145 -0.06379809 -0.06367423 -0.06362474 -0.06388581 -0.052817136 -0.072555974 -0.05796285 -0.053964537
0.415 -0.06381351 -0.06369194 -0.06364344 -0.06389981 -0.05281715 -0.07255609 -0.057962984 -0.05396459
0.4155 -0.06382872 -0.06370941 -0.06366187 -0.06391363 -0.05281719 -0.07255626 -0.057963073 -0.05396457
0.416 -0.06384374 -0.06372664 -0.06368004 -0.06392727 -0.05281721 -0.07255636 -0.057963222 -0.053964637
0.4165 -0.06385856 -0.06374363 -0.06369796 -0.06394074 -0.052817255 -0.072556525 -0.057963237 -0.053964615
0.417 -0.06387319 -0.06376039 -0.06371563 -0.06395404 -0.052817293 -0.07255666 -0.05796343 -0.053964693
0.4175 -0.06388763 -0.06377692 -0.06373304 -0.06396717 -0.052817285 -0.07255684 -0.05796346 -0.053964652
0.418 -0.06390188 -0.06379322 -0.06375022 -0.06398014 -0.052817345 -0.07255694 -0.057963625 -0.053964745
0.4185 -0.06391595 -0.0638093 -0.06376716 -0.06399294 -0.052817345 -0.07255705 -0.05796367 -0.053964663
0.419 -0.06392984 -0.06382516 -0.06378385 -0.06400559 -0.052817367 -0.07255715 -0.05796373 -0.05396482
0.4195 -0.06394354 -0.06384081 -0.06380032 -0.06401807 -0.05281742 -0.072557315 -0.05796379 -0.053964734
0.42 -0.06395707 -0.06385624 -0.06381655 -0.06403039 -0.05281742 -0.07255739 -0.057963878 -0.053964816
0.4205 -0.06397043 -0.06387146 -0.06383256 -0.06404256 -0.052817456 -0.072557494 -0.057963967 -0.053964764
0.421 -0.06398361 -0.06388647 -0.06384835 -0.06405458 -0.05281745 -0.07255758 -0.057964027 -0.053964816
0.4215 -0.06399662 -0.06390127 -0.06386391 -0.06406645 -0.052817486 -0.0725577 -0.0579641 -0.053964827
0.422 -0.06400946 -0.06391588 -0.06387926 -0.06407816 -0.05281751 -0.07255776 -0.057964116 -0.05396484
0.4225 -0.06402214 -0.06393028 -0.0638944 -0.06408973 -0.052817523 -0.0725579 -0.05796425 -0.05396485
0.423 -0.06403465 -0.06394449 -0.06390932 -0.06410115 -0.05281751 -0.07255794 -0.05796428 -0.053964846
0.4235 -0.06404701 -0.06395851 -0.06392404 -0.06411243 -0.05281756 -0.072558045 -0.05796434 -0.0539649
0.424 -0.0640592 -0.06397233 -0.06393855 -0.06412356 -0.052817583 -0.07255812 -0.0579644 -0.05396491
0.4245 -0.06407123 -0.06398597 -0.06395286 -0.06413456 -0.052817583 -0.07255818 -0.057964444 -0.053964887
0.425 -0.06408311 -0.06399942 -0.06396697 -0.06414542 -0.05281759 -0.0725583 -0.057964504 -0.053964972
0.4255 -0.06409484 -0.06401268 -0.06398089 -0.06415614 -0.052817628 -0.07255836 -0.057964563 -0.05396492
0.426 -0.06410641 -0.06402577 -0.06399461 -0.06416672 -0.052817613 -0.07255837 -0.057964593 -0.053964935
0.4265 -0.06411784 -0.06403868 -0.06400815 -0.06417718 -0.05281762 -0.07255845 -0.05796458 -0.05396497
0.427 -0.06412911 -0.06405141 -0.06402149 -0.0641875 -0.052817665 -0.07255848 -0.057964638 -0.053964987
0.4275 -0.06414025 -0.06406398 -0.06403465 -0.06419769 -0.052817658 -0.07255854 -0.057964683 -0.05396496
0.428 -0.06415123 -0.06407637 -0.06404763 -0.06420775 -0.052817672 -0.07255864 -0.057964757 -0.053964987
0.4285 -0.06416208 -0.06408859 -0.06406043 -0.06421768 -0.052817717 -0.07255864 -0.057964772 -0.053964984
0.429 -0.06417279 -0.06410065 -0.06407305 -0.06422749 -0.05281768 -0.072558746 -0.05796483 -0.05396503
0.4295 -0.06418335 -0.06411254 -0.0640855 -0.06423718 -0.052817725 -0.072558835 -0.05796489 -0.05396502
0.43 -0.06419379 -0.06412427 -0.06409777 -0.06424674 -0.052817747 -0.07255888 -0.05796495 -0.053965047
0.4305 -0.06420408 -0.06413585 -0.06410988 -0.06425619 -0.052817732 -0.072558895 -0.05796492 -0.053965047
0.431 -0.06421425 -0.06414727 -0.06412182 -0.06426551 -0.052817754 -0.072559014 -0.05796501 -0.05396507
0.4315 -0.06422428 -0.06415853 -0.06413359 -0.06427472 -0.052817784 -0.072559044 -0.057965055 -0.053965036
0.432 -0.06423419 -0.06416964 -0.0641452 -0.06428381 -0.052817747 -0.07255909 -0.05796507 -0.053965118
0.4325 -0.06424396 -0.0641806 -0.06415665 -0.06429279 -0.05281779 -0.07255915 -0.057965115 -0.053965062
0.433 -0.06425361 -0.06419141 -0.06416795 -0.06430166 -0.05281777 -0.07255915 -0.057965115 -0.053965088
0.4335 -0.06426314 -0.06420208 -0.06417909 -0.06431041 -0.052817814 -0.07255922 -0.057965145 -0.053965095
0.434 -0.06427255 -0.0642126 -0.06419007 -0.06431905 -0.052817807 -0.07255925 -0.05796522 -0.05396508
0.4345 -0.06428183 -0.06422298 -0.0642009 -0.06432759 -0.052817836 -0.07255925 -0.057965204 -0.0539651
0.435 -0.06429099 -0.06423322 -0.06421159 -0.06433601 -0.052817814 -0.07255934 -0.057965264 -0.05396512
0.4355 -0.06430004 -0.06424333 -0.06422213 -0.06434433 -0.05281785 -0.07255937 -0.057965353 -0.053965118
0.436 -0.06430897 -0.06425329 -0.06423252 -0.06435255 -0.052817844 -0.07255946 -0.057965353 -0.05396512
0.4365 -0.06431778 -0.06426312 -0.06424277 -0.06436066 -0.052817836 -0.07255952 -0.057965368 -0.053965162
0.437 -0.06432648 -0.06427282 -0.06425288 -0.06436867 -0.05281788 -0.07255961 -0.057965443 -0.053965136
0.4375 -0.06433507 -0.06428239 -0.06426286 -0.06437658 -0.052817866 -0.07255955 -0.057965428 -0.05396514
0.438 -0.06434355 -0.06429183 -0.06427269 -0.0643844 -0.052817874 -0.072559655 -0.057965443 -0.053965203
0.4385 -0.06435192 -0.06430115 -0.06428239 -0.06439211 -0.052817903 -0.07255964 -0.057965443 -0.053965155
0.439 -0.06436018 -0.06431034 -0.06429196 -0.06439972 -0.052817874 -0.072559655 -0.057965487 -0.053965174
0.4395 -0.06436833 -0.0643194 -0.0643014 -0.06440724 -0.052817896 -0.072559744 -0.057965517 -0.053965177
0.44 -0.06437638 -0.06432834 -0.0643107 -0.06441467 -0.05281792 -0.07255979 -0.057965547 -0.053965185
0.4405 -0.06438433 -0.06433717 -0.06431988 -0.064422 -0.052817903 -0.07255979 -0.057965532 -0.053965196
0.441 -0.06439217 -0.06434587 -0.06432894 -0.06442924 -0.05281791 -0.07255983 -0.057965547 -0.053965226
0.4415 -0.06439992 -0.06435446 -0.06433787 -0.06443639 -0.052817956 -0.07255979 -0.057965577 -0.05396518
0.442 -0.06440756 -0.06436293 -0.06434668 -0.06444345 -0.052817896 -0.07255985 -0.05796559 -0.053965233
0.4425 -0.06441511 -0.06437129 -0.06435537 -0.06445042 -0.052817926 -0.07255988 -0.05796562 -0.0539652
0.443 -0.06442256 -0.06437954 -0.06436394 -0.0644573 -0.052817933 -0.07255983 -0.05796559 -0.053965244
0.4435 -0.06442991 -0.06438768 -0.06437239 -0.06446409 -0.05281794 -0.07255989 -0.057965606 -0.05396519
0.444 -0.06443717 -0.06439571 -0.06438073 -0.0644708 -0.052817933 -0.07255992 -0.05796565 -0.05396524
0.4445 -0.06444434 -0.06440363 -0.06438895 -0.06447743 -0.052817956 -0.07255991 -0.057965666 -0.053965226
0.445 -0.06445141 -0.06441144 -0.06439707 -0.06448397 -0.05281794 -0.07255994 -0.05796565 -0.05396523
0.4455 -0.06445839 -0.06441915 -0.06440507 -0.06449043 -0.052817978 -0.07255998 -0.05796571 -0.053965207
0.446 -0.06446529 -0.06442676 -0.06441296 -0.06449681 -0.052817956 -0.07255998 -0.05796571 -0.053965233
0.4465 -0.06447209 -0.06443426 -0.06442075 -0.06450311 -0.052817978 -0.07256003 -0.057965755 -0.053965237
0.447 -0.06447881 -0.06444167 -0.06442843 -0.06450933 -0.05281797 -0.07256009 -0.05796577 -0.05396525
0.4475 -0.06448544 -0.06444897 -0.06443601 -0.06451547 -0.052817993 -0.07256012 -0.05796577 -0.053965256
0.448 -0.06449199 -0.06445618 -0.06444348 -0.06452154 -0.052817993 -0.07256015 -0.057965785 -0.053965244
0.4485 -0.06449845 -0.0644633 -0.06445085 -0.06452753 -0.052817993 -0.07256016 -0.05796583 -0.05396528
0.449 -0.06450483 -0.06447031 -0.06445812 -0.06453344 -0.052818 -0.07256019 -0.057965845 -0.053965263
0.4495 -0.06451113 -0.06447724 -0.06446529 -0.06453928 -0.052818008 -0.072560176 -0.057965845 -0.05396525
0.45 -0.06451735 -0.06448407 -0.06447237 -0.06454505 -0.052817985 -0.07256019 -0.057965845 -0.05396526
0.4505 -0.06452348 -0.06449081 -0.06447935 -0.06455074 -0.052818008 -0.072560236 -0.057965875 -0.053965274
0.451 -0.06452954 -0.06449746 -0.06448624 -0.06455636 -0.052818015 -0.07256019 -0.05796586 -0.053965263
0.4515 -0.06453552 -0.06450402 -0.06449303 -0.06456191 -0.052818015 -0.072560236 -0.05796586 -0.053965278
0.452 -0.06454143 -0.0645105 -0.06449973 -0.0645674 -0.05281803 -0.07256025 -0.057965904 -0.05396529
0.4525 -0.06454726 -0.06451689 -0.06450634 -0.06457281 -0.05281803 -0.072560266 -0.057965904 -0.053965285
0.453 -0.06455301 -0.06452319 -0.06451286 -0.06457815 -0.052818015 -0.072560295 -0.05796592 -0.05396527
0.4535 -0.06455869 -0.06452941 -0.06451929 -0.06458343 -0.052818045 -0.072560295 -0.05796595 -0.053965278
0.454 -0.0645643 -0.06453555 -0.06452563 -0.06458864 -0.05281803 -0.072560295 -0.057965934 -0.053965285
0.4545 -0.06456984 -0.06454161 -0.06453189 -0.06459379 -0.052818023 -0.072560355 -0.05796595 -0.05396532
0.455 -0.0645753 -0.06454758 -0.06453807 -0.06459887 -0.052818045 -0.072560385 -0.057965964 -0.053965278
0.4555 -0.0645807 -0.06455348 -0.06454416 -0.06460389 -0.052818045 -0.07256037 -0.05796598 -0.0539653
0.456 -0.06458602 -0.06455929 -0.06455017 -0.06460884 -0.052818038 -0.07256037 -0.05796595 -0.053965297
0.4565 -0.06459128 -0.06456504 -0.0645561 -0.06461374 -0.052818045 -0.072560385 -0.05796595 -0.05396531
0.457 -0.06459647 -0.0645707 -0.06456195 -0.06461857 -0.052818023 -0.07256037 -0.057965964 -0.053965315
0.4575 -0.0646016 -0.06457629 -0.06456772 -0.06462334 -0.052818052 -0.072560415 -0.05796601 -0.053965297
0.458 -0.06460665 -0.0645818 -0.06457341 -0.06462805 -0.052818052 -0.072560385 -0.05796598 -0.053965293
0.4585 -0.06461165 -0.06458725 -0.06457902 -0.0646327 -0.052818045 -0.0725604 -0.057965994 -0.053965323
0.459 -0.06461658 -0.06459262 -0.06458456 -0.06463729 -0.052818045 -0.072560415 -0.057965994 -0.05396527
0.4595 -0.06462145 -0.06459792 -0.06459003 -0.06464183 -0.052818038 -0.072560385 -0.05796601 -0.05396532
0.46 -0.06462625 -0.06460314 -0.06459542 -0.06464631 -0.052818052 -0.07256043 -0.057965994 -0.053965263
0.4605 -0.06463099 -0.0646083 -0.06460074 -0.06465073 -0.05281803 -0.072560415 -0.057966024 -0.053965323
0.461 -0.06463568 -0.0646134 -0.06460599 -0.0646551 -0.05281806 -0.072560444 -0.05796601 -0.053965297
0.4615 -0.0646403 -0.06461842 -0.06461117 -0.06465941 -0.052818045 -0.072560415 -0.057965994 -0.053965338
0.462 -0.06464486 -0.06462338 -0.06461627 -0.06466367 -0.052818075 -0.072560474 -0.05796604 -0.05396531
0.4625 -0.06464937 -0.06462827 -0.06462131 -0.06466787 -0.052818075 -0.072560444 -0.05796601 -0.05396531
0.463 -0.06465382 -0.0646331 -0.06462629 -0.06467203 -0.052818075 -0.07256052 -0.05796607 -0.053965326
0.4635 -0.06465821 -0.06463786 -0.06463119 -0.06467613 -0.052818082 -0.072560504 -0.05796607 -0.053965304
0.464 -0.06466254 -0.06464256 -0.06463603 -0.06468017 -0.05281806 -0.07256052 -0.05796607 -0.053965352
0.4645 -0.06466682 -0.0646472 -0.0646408 -0.06468417 -0.052818067 -0.072560504 -0.057966083 -0.053965334
0.465 -0.06467105 -0.06465178 -0.06464552 -0.06468812 -0.052818075 -0.072560504 -0.05796607 -0.05396534
0.4655 -0.06467522 -0.06465629 -0.06465016 -0.06469202 -0.052818082 -0.072560474 -0.05796604 -0.05396533
0.466 -0.06467934 -0.06466075 -0.06465475 -0.06469587 -0.05281806 -0.072560534 -0.057966053 -0.05396535
0.4665 -0.0646834 -0.06466515 -0.06465927 -0.06469967 -0.052818082 -0.07256055 -0.057966083 -0.053965297
0.467 -0.06468741 -0.06466949 -0.06466374 -0.06470342 -0.052818052 -0.072560474 -0.057966053 -0.053965345
0.4675 -0.06469138 -0.06467378 -0.06466814 -0.06470713 -0.05281806 -0.072560504 -0.057966053 -0.053965334
0.468 -0.06469529 -0.064678 -0.06467248 -0.06471079 -0.05281806 -0.07256049 -0.057966053 -0.05396533
0.4685 -0.06469915 -0.06468217 -0.06467677 -0.0647144 -0.052818075 -0.072560474 -0.057966053 -0.05396532
0.469 -0.06470296 -0.06468629 -0.064681 -0.06471797 -0.052818067 -0.072560474 -0.05796604 -0.05396534
0.4695 -0.06470672 -0.06469035 -0.06468517 -0.0647215 -0.052818067 -0.072560504 -0.057966053 -0.053965315
0.47 -0.06471044 -0.06469436 -0.06468929 -0.06472498 -0.05281806 -0.07256049 -0.057966053 -0.053965315
0.4705 -0.06471411 -0.06469832 -0.06469335 -0.06472841 -0.052818067 -0.072560504 -0.05796607 -0.053965323
0.471 -0.06471773 -0.06470222 -0.06469736 -0.06473181 -0.052818075 -0.07256049 -0.05796607 -0.053965334
0.4715 -0.06472131 -0.06470607 -0.06470132 -0.06473516 -0.05281806 -0.072560534 -0.05796607 -0.053965334
0.472 -0.06472484 -0.06470988 -0.06470522 -0.06473846 -0.052818067 -0.07256049 -0.057966053 -0.053965345
0.4725 -0.06472832 -0.06471363 -0.06470907 -0.06474173 -0.052818067 -0.07256052 -0.057966053 -0.05396533
0.473 -0.06473176 -0.06471733 -0.06471287 -0.06474496 -0.052818075 -0.072560474 -0.05796604 -0.053965334
0.4735 -0.06473516 -0.06472099 -0.06471662 -0.06474814 -0.05281806 -0.07256046 -0.057966024 -0.053965326
0.474 -0.06473851 -0.06472459 -0.06472032 -0.06475129 -0.05281806 -0.07256049 -0.05796604 -0.05396534
0.4745 -0.06474182 -0.06472815 -0.06472397 -0.0647544 -0.052818082 -0.07256049 -0.057966083 -0.05396531
0.475 -0.06474509 -0.06473166 -0.06472757 -0.06475747 -0.052818075 -0.07256049 -0.05796607 -0.05396533
0.4755 -0.06474832 -0.06473513 -0.06473112 -0.06476049 -0.052818075 -0.072560504 -0.057966053 -0.05396534
0.476 -0.0647515 -0.06473855 -0.06473463 -0.06476349 -0.052818075 -0.072560504 -0.05796607 -0.053965323
0.4765 -0.06475465 -0.06474193 -0.06473809 -0.06476644 -0.052818075 -0.072560504 -0.057966083 -0.05396534
0.477 -0.06475775 -0.06474526 -0.0647415 -0.06476936 -0.052818075 -0.07256055 -0.0579661 -0.053965326
0.4775 -0.06476082 -0.06474855 -0.06474487 -0.06477224 -0.052818067 -0.072560504 -0.057966053 -0.05396533
0.478 -0.06476384 -0.06475179 -0.06474819 -0.06477508 -0.05281809 -0.072560504 -0.05796607 -0.05396536
0.4785 -0.06476683 -0.06475499 -0.06475147 -0.06477789 -0.052818067 -0.072560534 -0.057966053 -0.05396531
0.479 -0.06476978 -0.06475816 -0.06475471 -0.06478066 -0.05281806 -0.072560504 -0.05796607 -0.05396533
0.4795 -0.06477269 -0.06476127 -0.0647579 -0.0647834 -0.052818067 -0.072560504 -0.05796607 -0.05396533
0.48 -0.06477557 -0.06476435 -0.06476105 -0.06478611 -0.052818075 -0.072560504 -0.057966053 -0.05396533
0.4805 -0.06477841 -0.06476739 -0.06476416 -0.06478878 -0.05281806 -0.072560504 -0.05796607 -0.053965334
0.481 -0.06478121 -0.06477039 -0.06476723 -0.06479141 -0.052818067 -0.072560474 -0.05796604 -0.053965304
0.4815 -0.06478397 -0.06477335 -0.06477025 -0.06479402 -0.052818052 -0.072560474 -0.05796604 -0.05396537
0.482 -0.06478671 -0.06477627 -0.06477324 -0.06479659 -0.052818082 -0.07256052 -0.057966053 -0.053965315
0.4825 -0.0647894 -0.06477915 -0.06477619 -0.06479913 -0.05281806 -0.07256049 -0.057966053 -0.053965315
0.483 -0.06479206 -0.064782 -0.06477909 -0.06480164 -0.052818067 -0.072560534 -0.05796607 -0.053965356
0.4835 -0.06479469 -0.0647848 -0.06478196 -0.06480411 -0.05281806 -0.072560504 -0.057966083 -0.05396531
0.484 -0.06479729 -0.06478757 -0.0647848 -0.06480656 -0.05281806 -0.072560474 -0.057966053 -0.05396533
0.4845 -0.06479985 -0.06479031 -0.06478759 -0.06480897 -0.05281806 -0.072560474 -0.05796607 -0.053965334
0.485 -0.06480238 -0.06479301 -0.06479035 -0.06481136 -0.05281806 -0.07256046 -0.05796604 -0.053965323
0.4855 -0.06480488 -0.06479567 -0.06479307 -0.06481371 -0.052818067 -0.072560474 -0.05796604 -0.053965334
0.486 -0.06480734 -0.0647983 -0.06479576 -0.06481604 -0.05281806 -0.072560504 -0.05796604 -0.05396533
0.4865 -0.06480978 -0.0648009 -0.06479841 -0.06481833 -0.05281806 -0.072560504 -0.057966053 -0.053965315
0.487 -0.06481218 -0.06480346 -0.06480102 -0.0648206 -0.05281806 -0.072560474 -0.057966053 -0.053965338
0.4875 -0.06481455 -0.06480598 -0.0648036 -0.06482284 -0.052818067 -0.072560474 -0.057966053 -0.053965326
0.488 -0.0648169 -0.06480848 -0.06480615 -0.06482505 -0.05281806 -0.07256046 -0.057966024 -0.053965345
0.4885 -0.06481921 -0.06481094 -0.06480866 -0.06482724 -0.052818067 -0.07256049 -0.057966053 -0.053965323
0.489 -0.06482149 -0.06481337 -0.06481114 -0.06482939 -0.05281806 -0.072560474 -0.05796604 -0.053965323
0.4895 -0.06482375 -0.06481577 -0.06481359 -0.06483152 -0.052818075 -0.072560474 -0.057966053 -0.05396533
0.49 -0.06482597 -0.06481814 -0.064816 -0.06483362 -0.05281806 -0.07256049 -0.05796604 -0.053965315
0.4905 -0.06482817 -0.06482047 -0.06481838 -0.0648357 -0.052818075 -0.072560504 -0.057966053 -0.05396535
0.491 -0.06483034 -0.06482278 -0.06482074 -0.06483775 -0.05281806 -0.07256052 -0.057966024 -0.05396532
0.4915 -0.06483248 -0.06482505 -0.06482306 -0.06483977 -0.052818075 -0.072560504 -0.057966053 -0.053965356
0.492 -0.0648346 -0.0648273 -0.06482535 -0.06484177 -0.052818075 -0.072560504 -0.057966024 -0.053965315
0.4925 -0.06483669 -0.06482952 -0.06482761 -0.06484375 -0.05281809 -0.072560504 -0.0579661 -0.053965352
0.493 -0.06483875 -0.06483171 -0.06482984 -0.0648457 -0.052818075 -0.072560534 -0.05796604 -0.05396529
0.4935 -0.06484078 -0.06483387 -0.06483204 -0.06484762 -0.05281806 -0.072560534 -0.0579661 -0.053965356
0.494 -0.06484279 -0.064836 -0.06483421 -0.06484952 -0.05281806 -0.07256055 -0.057966113 -0.053965304
0.4945 -0.06484478 -0.0648381 -0.06483635 -0.0648514 -0.052818075 -0.072560504 -0.057966083 -0.053965345
0.495 -0.06484674 -0.06484018 -0.06483847 -0.06485325 -0.052818067 -0.07256052 -0.057966053 -0.053965304
0.4955 -0.06484867 -0.06484223 -0.06484056 -0.06485508 -0.052818075 -0.072560474 -0.05796607 -0.05396535
0.496 -0.06485058 -0.06484425 -0.06484262 -0.06485689 -0.052818082 -0.07256055 -0.05796607 -0.053965293
0.4965 -0.06485246 -0.06484625 -0.06484465 -0.06485868 -0.05281806 -0.072560534 -0.0579661 -0.053965367
0.497 -0.06485433 -0.06484822 -0.06484666 -0.06486044 -0.052818082 -0.07256055 -0.0579661 -0.05396531
0.4975 -0.06485616 -0.06485016 -0.06484864 -0.06486218 -0.052818052 -0.072560474 -0.057966053 -0.053965364
0.498 -0.06485798 -0.06485208 -0.06485059 -0.0648639 -0.052818082 -0.072560534 -0.05796607 -0.053965304
0.4985 -0.06485977 -0.06485398 -0.06485252 -0.0648656 -0.052818075 -0.072560444 -0.05796607 -0.05396535
0.499 -0.06486154 -0.06485585 -0.06485442 -0.06486727 -0.052818067 -0.072560534 -0.05796607 -0.05396529
0.4995 -0.06486328 -0.0648577 -0.0648563 -0.06486893 -0.052818052 -0.072560474 -0.057966053 -0.053965338
0.5 -0.06486501 -0.06485952 -0.06485816 -0.06487056 -0.052818067 -0.072560474 -0.057966053 -0.053965315
