0.0 -0.065 -0.065 -0.065 -0.065 -0.06053677 -0.03984157 -0.04263501 -0.063499875
0.0005 -0.065 -0.065 -0.065 -0.065 -0.06269979 -0.05286925 -0.05344326 -0.0635085
0.001 -0.065 -0.065 -0.065 -0.065 -0.06417842 -0.061223816 -0.06041556 -0.06366205
0.0015 -0.065 -0.065 -0.065 -0.065 -0.06518553 -0.06684478 -0.065183416 -0.063906685
0.002 -0.065 -0.065 -0.065 -0.065 -0.06586598 -0.07071014 -0.06855392 -0.0641937
0.0025 -0.065 -0.065 -0.065 -0.065 -0.06631647 -0.07337848 -0.07098003 -0.06449034
0.003 -0.065 -0.065 -0.065 -0.065 -0.066602945 -0.07519712 -0.072738424 -0.06477659
0.0035 -0.065 -0.065 -0.065 -0.065 -0.06677157 -0.0763955 -0.07400871 -0.06504101
0.004 -0.065 -0.065 -0.065 -0.065 -0.06685532 -0.07713227 -0.074913025 -0.065277725
0.0045 -0.065 -0.065 -0.065 -0.065 -0.0668782 -0.07752101 -0.07553748 -0.06548433
0.005 -0.065 -0.065 -0.065 -0.065 -0.06685798 -0.07764527 -0.07594458 -0.065660715
0.0055 -0.065 -0.065 -0.065 -0.065 -0.06680785 -0.077567846 -0.076180845 -0.06580801
0.006 -0.065 -0.065 -0.065 -0.065 -0.06673779 -0.0773368 -0.07628158 -0.06592816
0.0065 -0.065 -0.065 -0.065 -0.065 -0.06665525 -0.07698931 -0.07627409 -0.0660235
0.007 -0.065 -0.065 -0.065 -0.065 -0.06656588 -0.076554514 -0.076179795 -0.06609647
0.0075 -0.065 -0.065 -0.065 -0.065 -0.066473916 -0.07605548 -0.076015696 -0.066149615
0.008 -0.065 -0.065 -0.065 -0.065 -0.06638255 -0.07551049 -0.075795464 -0.06618532
0.0085 -0.065 -0.065 -0.065 -0.065 -0.0662941 -0.074934155 -0.07553021 -0.066205874
0.009 -0.065 -0.065 -0.065 -0.065 -0.066210255 -0.07433812 -0.075229056 -0.0662134
0.0095 -0.065 -0.065 -0.065 -0.065 -0.0661322 -0.07373181 -0.07489948 -0.06620979
0.01 -0.065 -0.065 -0.065 -0.065 -0.06606075 -0.07312265 -0.07454775 -0.0661968
0.0105 -0.065 -0.065 -0.065 -0.065 -0.06599638 -0.07251669 -0.07417907 -0.066176
0.011 -0.065 -0.065 -0.065 -0.065 -0.06593935 -0.07191861 -0.07379782 -0.0661488
0.0115 -0.065 -0.065 -0.065 -0.065 -0.06588971 -0.07133223 -0.07340772 -0.06611638
0.012 -0.065 -0.065 -0.065 -0.065 -0.065847404 -0.07076043 -0.073011875 -0.06607984
0.0125 -0.065 -0.065 -0.065 -0.065 -0.06581227 -0.070205495 -0.07261295 -0.06604011
0.013 -0.065 -0.065 -0.065 -0.065 -0.06578401 -0.06966908 -0.0722132 -0.065998025
0.0135 -0.065 -0.065 -0.065 -0.065 -0.06576231 -0.069152445 -0.07181454 -0.06595425
0.014 -0.065 -0.065 -0.065 -0.065 -0.06574683 -0.0686565 -0.07141861 -0.06590944
0.0145 -0.065 -0.065 -0.065 -0.065 -0.065737195 -0.06818172 -0.071026795 -0.065864086
0.015 -0.065 -0.065 -0.065 -0.065 -0.06573299 -0.06772843 -0.07064028 -0.065818615
0.0155 -0.065 -0.065 -0.065 -0.065 -0.065733805 -0.06729673 -0.07026005 -0.0657734
0.016 -0.065 -0.065 -0.065 -0.065 -0.06573923 -0.066886544 -0.06988695 -0.06572875
0.0165 -0.065 -0.065 -0.065 -0.065 -0.06574888 -0.066497594 -0.06952168 -0.065684915
0.017 -0.065 -0.065 -0.065 -0.065 -0.065762326 -0.06612961 -0.06916482 -0.0656421
0.0175 -0.065 -0.065 -0.065 -0.065 -0.06577922 -0.065782145 -0.068816856 -0.0656005
0.018 -0.065 -0.065 -0.065 -0.065 -0.06579916 -0.06545472 -0.06847817 -0.06556018
0.0185 -0.065 -0.065 -0.065 -0.065 -0.06582183 -0.06514674 -0.06814907 -0.065521255
0.019 -0.065 -0.065 -0.065 -0.065 -0.06584685 -0.06485763 -0.0678298 -0.0654838
0.0195 -0.065 -0.065 -0.065 -0.065 -0.065873966 -0.06458683 -0.067520514 -0.06544787
0.02 -0.065 -0.065 -0.065 -0.065 -0.06590281 -0.06433362 -0.06722137 -0.06541349
0.0205 -0.065 -0.065 -0.065 -0.065 -0.06593314 -0.064097375 -0.066932425 -0.06538066
0.021 -0.065 -0.065 -0.065 -0.065 -0.065964706 -0.06387746 -0.06665367 -0.065349385
0.0215 -0.065 -0.065 -0.065 -0.065 -0.06599722 -0.0636732 -0.06638516 -0.06531966
0.022 -0.065 -0.065 -0.065 -0.065 -0.066030495 -0.063483916 -0.0661268 -0.06529147
0.0225 -0.065 -0.065 -0.065 -0.065 -0.0660643 -0.06330895 -0.06587856 -0.06526475
0.023 -0.065 -0.065 -0.065 -0.065 -0.06609844 -0.063147664 -0.06564034 -0.065239474
0.0235 -0.065 -0.065 -0.065 -0.065 -0.06613274 -0.06299944 -0.065412 -0.0652156
0.024 -0.065 -0.065 -0.065 -0.065 -0.06616704 -0.06286362 -0.0651934 -0.06519309
0.0245 -0.065 -0.065 -0.065 -0.065 -0.06620121 -0.062739655 -0.06498441 -0.06517188
0.025 -0.065 -0.065 -0.065 -0.065 -0.06623504 -0.0626269 -0.06478489 -0.06515194
0.0255 -0.065 -0.065 -0.065 -0.065 -0.0662685 -0.062524885 -0.064594604 -0.06513319
0.026 -0.065 -0.065 -0.065 -0.065 -0.066301435 -0.06243297 -0.06441339 -0.065115586
0.0265 -0.065 -0.065 -0.065 -0.065 -0.06633375 -0.06235062 -0.06424106 -0.06509909
0.027 -0.065 -0.065 -0.065 -0.065 -0.06636535 -0.062277354 -0.06407738 -0.06508363
0.0275 -0.065 -0.065 -0.065 -0.065 -0.06639615 -0.062212653 -0.06392215 -0.06506913
0.028 -0.065 -0.065 -0.065 -0.065 -0.06642609 -0.062156092 -0.06377518 -0.065055564
0.0285 -0.065 -0.065 -0.065 -0.065 -0.066455096 -0.062107153 -0.06363622 -0.0650429
0.029 -0.065 -0.065 -0.065 -0.065 -0.06648316 -0.06206544 -0.063505046 -0.06503105
0.0295 -0.065 -0.065 -0.065 -0.065 -0.066510186 -0.06203049 -0.06338144 -0.065020025
0.03 -0.065 -0.065 -0.065 -0.065 -0.06653614 -0.062001947 -0.0632652 -0.06500967
0.0305 -0.065 -0.065 -0.065 -0.065 -0.06656102 -0.06197933 -0.06315606 -0.06500003
0.031 -0.065 -0.065 -0.065 -0.065 -0.06658478 -0.06196237 -0.06305381 -0.06499103
0.0315 -0.065 -0.065 -0.065 -0.065 -0.0666074 -0.061950695 -0.06295824 -0.06498262
0.032 -0.065 -0.065 -0.065 -0.065 -0.06662884 -0.06194393 -0.06286913 -0.06497478
0.0325 -0.065 -0.065 -0.065 -0.065 -0.066649124 -0.061941788 -0.06278624 -0.06496743
0.033 -0.065 -0.065 -0.065 -0.065 -0.06666826 -0.061943926 -0.06270936 -0.06496057
0.0335 -0.065 -0.065 -0.065 -0.065 -0.0666862 -0.061950084 -0.062638275 -0.06495417
0.034 -0.065 -0.065 -0.065 -0.065 -0.06670297 -0.06196001 -0.062572785 -0.064948164
0.0345 -0.065 -0.065 -0.065 -0.065 -0.066718556 -0.06197336 -0.06251266 -0.06494256
0.035 -0.065 -0.065 -0.065 -0.065 -0.066732995 -0.06198996 -0.062457718 -0.0649373
0.0355 -0.065 -0.065 -0.065 -0.065 -0.06674625 -0.062009502 -0.062407725 -0.06493236
0.036 -0.065 -0.065 -0.065 -0.065 -0.06675838 -0.062031794 -0.062362507 -0.06492771
0.0365 -0.065 -0.065 -0.065 -0.065 -0.06676938 -0.06205665 -0.06232187 -0.06492334
0.037 -0.065 -0.065 -0.065 -0.065 -0.066779226 -0.062083796 -0.062285632 -0.06491918
0.0375 -0.065 -0.065 -0.065 -0.065 -0.066787995 -0.062113106 -0.062253587 -0.06491526
0.038 -0.065 -0.065 -0.065 -0.065 -0.06679569 -0.06214432 -0.06222555 -0.06491155
0.0385 -0.065 -0.065 -0.065 -0.065 -0.06680231 -0.062177323 -0.062201373 -0.06490802
0.039 -0.065 -0.065 -0.065 -0.065 -0.06680788 -0.062211946 -0.062180877 -0.06490463
0.0395 -0.065 -0.065 -0.065 -0.065 -0.06681245 -0.062247988 -0.062163882 -0.06490139
0.04 -0.065 -0.065 -0.065 -0.065 -0.06681599 -0.06228538 -0.062150247 -0.06489825
0.0405 -0.065 -0.065 -0.065 -0.065 -0.06681856 -0.062323876 -0.0621398 -0.06489523
0.041 -0.065 -0.065 -0.065 -0.065 -0.066820174 -0.062363457 -0.062132396 -0.0648923
0.0415 -0.065 -0.065 -0.065 -0.065 -0.06682088 -0.062403917 -0.06212789 -0.064889446
0.042 -0.065 -0.065 -0.065 -0.065 -0.06682069 -0.062445164 -0.062126122 -0.06488665
0.0425 -0.065 -0.065 -0.065 -0.065 -0.06681961 -0.062487103 -0.06212695 -0.06488392
0.043 -0.065 -0.065 -0.065 -0.065 -0.06681768 -0.06252962 -0.062130265 -0.06488125
0.0435 -0.065 -0.065 -0.065 -0.065 -0.0668149 -0.06257258 -0.06213592 -0.06487858
0.044 -0.065 -0.065 -0.065 -0.065 -0.06681132 -0.062616 -0.062143803 -0.06487594
0.0445 -0.065 -0.065 -0.065 -0.065 -0.06680697 -0.062659636 -0.062153757 -0.06487332
0.045 -0.065 -0.065 -0.065 -0.065 -0.06680186 -0.06270354 -0.06216573 -0.06487069
0.0455 -0.065 -0.065 -0.065 -0.065 -0.066796005 -0.06274757 -0.06217952 -0.064868085
0.046 -0.065 -0.065 -0.065 -0.065 -0.06678946 -0.06279168 -0.062195085 -0.06486545
0.0465 -0.065 -0.065 -0.065 -0.065 -0.06678225 -0.06283581 -0.06221229 -0.064862795
0.047 -0.065 -0.065 -0.065 -0.065 -0.06677436 -0.06287986 -0.062231056 -0.064860135
0.0475 -0.065 -0.065 -0.065 -0.065 -0.066765845 -0.06292381 -0.06225127 -0.06485742
0.048 -0.065 -0.065 -0.065 -0.065 -0.066756725 -0.0629676 -0.06227284 -0.0648547
0.0485 -0.065 -0.065 -0.065 -0.065 -0.066747025 -0.06301119 -0.062295668 -0.06485194
0.049 -0.065 -0.065 -0.065 -0.065 -0.06673674 -0.06305449 -0.06231968 -0.064849116
0.0495 -0.065 -0.065 -0.065 -0.065 -0.066725925 -0.06309748 -0.062344804 -0.06484623
0.05 -0.065 -0.065 -0.065 -0.065 -0.06671461 -0.06314014 -0.062370926 -0.06484333
0.0505 -0.065 -0.065 -0.065 -0.065 -0.06670277 -0.06318239 -0.062398 -0.06484036
0.051 -0.065 -0.065 -0.065 -0.065 -0.06669046 -0.063224256 -0.062425926 -0.06483734
0.0515 -0.065 -0.065 -0.065 -0.065 -0.066677704 -0.06326563 -0.06245464 -0.064834274
0.052 -0.065 -0.065 -0.065 -0.065 -0.0666645 -0.063306585 -0.0624841 -0.06483113
0.0525 -0.065 -0.065 -0.065 -0.065 -0.0666509 -0.06334703 -0.06251421 -0.064827934
0.053 -0.065 -0.065 -0.065 -0.065 -0.066636875 -0.063386925 -0.062544934 -0.064824656
0.0535 -0.065 -0.065 -0.065 -0.065 -0.06662248 -0.063426316 -0.06257619 -0.06482134
0.054 -0.065 -0.065 -0.065 -0.065 -0.066607736 -0.0634651 -0.06260794 -0.06481796
0.0545 -0.065 -0.065 -0.065 -0.065 -0.066592656 -0.063503325 -0.0626401 -0.064814515
0.055 -0.065 -0.065 -0.065 -0.065 -0.066577226 -0.063540936 -0.06267266 -0.06481098
0.0555 -0.065 -0.065 -0.065 -0.065 -0.066561505 -0.063577935 -0.06270556 -0.06480739
0.056 -0.065 -0.065 -0.065 -0.065 -0.06654549 -0.06361431 -0.06273873 -0.06480371
0.0565 -0.065 -0.065 -0.065 -0.065 -0.0665292 -0.06365004 -0.06277213 -0.06480001
0.057 -0.065 -0.065 -0.065 -0.065 -0.06651266 -0.063685164 -0.062805735 -0.06479623
0.0575 -0.065 -0.065 -0.065 -0.065 -0.06649585 -0.0637196 -0.0628395 -0.064792365
0.058 -0.065 -0.065 -0.065 -0.065 -0.06647883 -0.06375341 -0.06287338 -0.06478843
0.0585 -0.065 -0.065 -0.065 -0.065 -0.06646161 -0.063786566 -0.06290734 -0.06478446
0.059 -0.065 -0.065 -0.065 -0.065 -0.06644416 -0.06381905 -0.06294136 -0.064780414
0.0595 -0.065 -0.065 -0.065 -0.065 -0.06642652 -0.06385085 -0.06297539 -0.064776294
0.06 -0.065 -0.065 -0.065 -0.065 -0.066408716 -0.06388196 -0.06300941 -0.064772114
0.0605 -0.065 -0.065 -0.065 -0.065 -0.06639074 -0.063912414 -0.063043386 -0.06476787
0.061 -0.065 -0.065 -0.065 -0.065 -0.06637262 -0.063942194 -0.06307729 -0.06476357
0.0615 -0.065 -0.065 -0.065 -0.065 -0.06635435 -0.063971296 -0.063111104 -0.064759195
0.062 -0.065 -0.065 -0.065 -0.065 -0.06633597 -0.06399974 -0.06314479 -0.06475478
0.0625 -0.065 -0.065 -0.065 -0.065 -0.06631747 -0.06402752 -0.06317832 -0.0647503
0.063 -0.065 -0.065 -0.065 -0.065 -0.06629884 -0.06405465 -0.06321171 -0.06474574
0.0635 -0.065 -0.065 -0.065 -0.065 -0.06628015 -0.06408109 -0.063244894 -0.06474113
0.064 -0.065 -0.065 -0.065 -0.065 -0.06626136 -0.06410687 -0.06327788 -0.06473646
0.0645 -0.065 -0.065 -0.065 -0.065 -0.0662425 -0.064132005 -0.06331064 -0.064731754
0.065 -0.065 -0.065 -0.065 -0.065 -0.06622357 -0.06415652 -0.06334315 -0.064727
0.0655 -0.065 -0.065 -0.065 -0.065 -0.06620457 -0.064180344 -0.06337542 -0.06472218
0.066 -0.065 -0.065 -0.065 -0.065 -0.06618555 -0.06420359 -0.06340743 -0.0647173
0.0665 -0.065 -0.065 -0.065 -0.065 -0.06616646 -0.064226195 -0.06343914 -0.06471239
0.067 -0.065 -0.065 -0.065 -0.065 -0.066147365 -0.06424816 -0.06347056 -0.06470743
0.0675 -0.065 -0.065 -0.065 -0.065 -0.06612823 -0.06426951 -0.06350166 -0.06470242
0.068 -0.065 -0.065 -0.065 -0.065 -0.06610909 -0.064290255 -0.06353246 -0.06469737
0.0685 -0.065 -0.065 -0.065 -0.065 -0.06608993 -0.0643104 -0.06356292 -0.064692274
0.069 -0.065 -0.065 -0.065 -0.065 -0.06607078 -0.06432998 -0.063593045 -0.06468714
0.0695 -0.065 -0.065 -0.065 -0.065 -0.06605165 -0.06434894 -0.06362282 -0.064681984
0.07 -0.065 -0.065 -0.065 -0.065 -0.0660325 -0.064367376 -0.06365226 -0.064676754
0.0705 -0.065 -0.065 -0.065 -0.065 -0.06601339 -0.064385206 -0.06368132 -0.06467154
0.071 -0.065 -0.065 -0.065 -0.065 -0.06599426 -0.06440249 -0.06371003 -0.06466625
0.0715 -0.065 -0.065 -0.065 -0.065 -0.065975204 -0.064419225 -0.06373837 -0.06466092
0.072 -0.065 -0.065 -0.065 -0.065 -0.06595617 -0.06443543 -0.063766316 -0.064655595
0.0725 -0.065 -0.065 -0.065 -0.065 -0.06593718 -0.0644511 -0.06379389 -0.06465024
0.073 -0.065 -0.065 -0.065 -0.065 -0.06591821 -0.06446625 -0.063821085 -0.064644836
0.0735 -0.065 -0.065 -0.065 -0.065 -0.06589931 -0.064480886 -0.06384789 -0.06463942
0.074 -0.065 -0.065 -0.065 -0.065 -0.06588048 -0.06449503 -0.06387431 -0.06463398
0.0745 -0.065 -0.065 -0.065 -0.065 -0.065861695 -0.06450866 -0.06390033 -0.064628504
0.075 -0.065 -0.065 -0.065 -0.065 -0.06584297 -0.06452181 -0.063925974 -0.064623006
0.0755 -0.065 -0.065 -0.065 -0.065 -0.065824315 -0.0645345 -0.06395121 -0.064617515
0.076 -0.065 -0.065 -0.065 -0.065 -0.06580573 -0.06454671 -0.06397604 -0.064611994
0.0765 -0.065 -0.065 -0.065 -0.065 -0.06578724 -0.06455849 -0.06400048 -0.06460646
0.077 -0.065 -0.065 -0.065 -0.065 -0.06576884 -0.06456981 -0.064024515 -0.06460093
0.0775 -0.065 -0.065 -0.065 -0.065 -0.0657505 -0.06458065 -0.064048156 -0.064595334
0.078 -0.065 -0.065 -0.065 -0.065 -0.06573224 -0.0645911 -0.06407141 -0.06458977
0.0785 -0.065 -0.065 -0.065 -0.065 -0.065714106 -0.06460114 -0.06409425 -0.0645842
0.079 -0.065 -0.065 -0.065 -0.065 -0.06569603 -0.064610794 -0.064116724 -0.064578585
0.0795 -0.065 -0.065 -0.065 -0.065 -0.06567805 -0.06462 -0.06413879 -0.064572975
0.08 -0.065 -0.065 -0.065 -0.065 -0.065660186 -0.06462884 -0.06416047 -0.06456735
0.0805 -0.065 -0.065 -0.065 -0.065 -0.06564242 -0.064637266 -0.06418176 -0.06456173
0.081 -0.065 -0.065 -0.065 -0.065 -0.06562475 -0.06464531 -0.06420266 -0.0645561
0.0815 -0.065 -0.065 -0.065 -0.065 -0.06560719 -0.06465305 -0.06422318 -0.06455049
0.082 -0.065 -0.065 -0.065 -0.065 -0.06558974 -0.06466037 -0.06424332 -0.064544834
0.0825 -0.065 -0.065 -0.065 -0.065 -0.06557238 -0.0646674 -0.064263076 -0.06453921
0.083 -0.065 -0.065 -0.065 -0.065 -0.065555155 -0.06467405 -0.064282455 -0.06453359
0.0835 -0.065 -0.065 -0.065 -0.065 -0.06553802 -0.06468037 -0.064301476 -0.06452798
0.084 -0.065 -0.065 -0.065 -0.065 -0.06552101 -0.06468637 -0.064320125 -0.06452233
0.0845 -0.065 -0.065 -0.065 -0.065 -0.06550413 -0.064692065 -0.0643384 -0.06451672
0.085 -0.065 -0.065 -0.065 -0.065 -0.06548738 -0.06469744 -0.06435629 -0.06451112
0.0855 -0.065 -0.065 -0.065 -0.065 -0.06547073 -0.06470254 -0.064373836 -0.064505525
0.086 -0.065 -0.065 -0.065 -0.065 -0.06545421 -0.06470734 -0.064391024 -0.06449992
0.0865 -0.065 -0.065 -0.065 -0.065 -0.06543782 -0.064711854 -0.06440787 -0.064494334
0.087 -0.065 -0.065 -0.065 -0.065 -0.06542154 -0.064716086 -0.06442436 -0.06448875
0.0875 -0.065 -0.065 -0.065 -0.065 -0.0654054 -0.06472003 -0.0644405 -0.06448321
0.088 -0.065 -0.065 -0.065 -0.065 -0.065389365 -0.064723715 -0.064456314 -0.06447767
0.0885 -0.065 -0.065 -0.065 -0.065 -0.065373465 -0.06472718 -0.06447179 -0.064472154
0.089 -0.065 -0.065 -0.065 -0.065 -0.0653577 -0.064730406 -0.06448693 -0.06446663
0.0895 -0.065 -0.065 -0.065 -0.065 -0.06534204 -0.06473334 -0.06450174 -0.06446109
0.09 -0.065 -0.065 -0.065 -0.065 -0.06532653 -0.06473608 -0.064516224 -0.06445561
0.0905 -0.065 -0.065 -0.065 -0.065 -0.065311156 -0.06473856 -0.06453039 -0.06445011
0.091 -0.065 -0.065 -0.065 -0.065 -0.065295905 -0.06474081 -0.06454424 -0.06444468
0.0915 -0.065 -0.065 -0.065 -0.065 -0.06528079 -0.0647429 -0.064557776 -0.06443925
0.092 -0.065 -0.065 -0.065 -0.065 -0.06526579 -0.06474477 -0.06457101 -0.064433835
0.0925 -0.065 -0.065 -0.065 -0.065 -0.065250926 -0.064746395 -0.064583935 -0.06442844
0.093 -0.065 -0.065 -0.065 -0.065 -0.06523621 -0.064747855 -0.064596556 -0.06442309
0.0935 -0.065 -0.065 -0.065 -0.065 -0.06522163 -0.06474914 -0.064608894 -0.06441775
0.094 -0.065 -0.065 -0.065 -0.065 -0.06520717 -0.064750224 -0.06462096 -0.0644124
0.0945 -0.065 -0.065 -0.065 -0.065 -0.06519283 -0.06475112 -0.064632714 -0.06440709
0.095 -0.065 -0.065 -0.065 -0.065 -0.06517863 -0.06475185 -0.0646442 -0.0644018
0.0955 -0.065 -0.065 -0.065 -0.065 -0.06516457 -0.0647524 -0.0646554 -0.06439656
0.096 -0.065 -0.065 -0.065 -0.065 -0.06515065 -0.06475282 -0.064666346 -0.06439133
0.0965 -0.065 -0.065 -0.065 -0.065 -0.065136865 -0.064753056 -0.064677015 -0.06438612
0.097 -0.065 -0.065 -0.065 -0.065 -0.065123215 -0.064753145 -0.06468741 -0.06438093
0.0975 -0.065 -0.065 -0.065 -0.065 -0.065109685 -0.0647531 -0.06469756 -0.06437578
0.098 -0.065 -0.065 -0.065 -0.065 -0.06509628 -0.06475291 -0.064707465 -0.06437063
0.0985 -0.065 -0.065 -0.065 -0.065 -0.06508301 -0.06475259 -0.06471712 -0.06436554
0.099 -0.065 -0.065 -0.065 -0.065 -0.065069884 -0.06475212 -0.06472652 -0.0643605
0.0995 -0.065 -0.065 -0.065 -0.065 -0.06505688 -0.06475154 -0.064735666 -0.06435546
0.1 -0.065 -0.065 -0.065 -0.065 -0.065037586 -0.06472936 -0.06473474 -0.06433475
0.1005 -0.06495845 -0.0649554 -0.06493943 -0.06493368 -0.06495401 -0.064492956 -0.064634405 -0.06415865
0.101 -0.06476983 -0.06476719 -0.06470129 -0.06468842 -0.064807914 -0.06404457 -0.06442722 -0.06384027
0.1015 -0.06445138 -0.06439593 -0.06429705 -0.06430224 -0.06460117 -0.06338628 -0.06410684 -0.06339126
0.102 -0.06404303 -0.06382072 -0.06375165 -0.06380187 -0.064335525 -0.06251997 -0.063667946 -0.06282195
0.1025 -0.06356985 -0.06302987 -0.06308012 -0.06319848 -0.06401268 -0.061447654 -0.06310625 -0.06214145
0.103 -0.06304464 -0.06201652 -0.06228941 -0.0624978 -0.0636342 -0.06017113 -0.06241829 -0.06135785
0.1035 -0.06247358 -0.0607766 -0.0613822 -0.06170385 -0.06320159 -0.058692243 -0.06160149 -0.060478196
0.104 -0.06185963 -0.05930789 -0.06035924 -0.06082002 -0.06271626 -0.057012755 -0.060653962 -0.05950875
0.1045 -0.06120427 -0.05760944 -0.05922055 -0.05984945 -0.062179435 -0.055134505 -0.059574537 -0.058454968
0.105 -0.06050831 -0.05568132 -0.05796589 -0.05879504 -0.06159228 -0.053059302 -0.058362603 -0.057321772
0.1055 -0.05977224 -0.0535244 -0.05659504 -0.05765957 -0.060955893 -0.050788935 -0.05701807 -0.056113422
0.106 -0.05899546 -0.0511396 -0.05510615 -0.0564449 -0.060271177 -0.04832532 -0.055541344 -0.05483363
0.1065 -0.0581744 -0.04852565 -0.05349352 -0.05515083 -0.059539016 -0.045670293 -0.053933166 -0.053485878
0.107 -0.05731369 -0.04568513 -0.05176502 -0.05378135 -0.058760185 -0.042825785 -0.052194618 -0.052073125
0.1075 -0.05641626 -0.04262386 -0.04992385 -0.05234126 -0.057935443 -0.039793804 -0.050327048 -0.050598074
0.108 -0.05548244 -0.03934503 -0.04796982 -0.05083363 -0.05706544 -0.036576264 -0.04833208 -0.049063113
0.1085 -0.05451179 -0.0358519 -0.04590214 -0.04926075 -0.056150757 -0.033175178 -0.046211466 -0.04747045
0.109 -0.0535038 -0.03214952 -0.04372035 -0.04762395 -0.055191994 -0.02959261 -0.043967087 -0.04582204
0.1095 -0.05245815 -0.02824209 -0.04142436 -0.04592458 -0.054189682 -0.025830567 -0.04160097 -0.044119716
0.11 -0.05137475 -0.02413329 -0.03901442 -0.04416415 -0.053144306 -0.021891074 -0.039115183 -0.0423651
0.1105 -0.05025371 -0.0198266 -0.03649102 -0.0423442 -0.052056387 -0.017776275 -0.036511898 -0.04055971
0.111 -0.04909524 -0.01532544 -0.0338548 -0.04046626 -0.050926365 -0.013488172 -0.03379321 -0.038704965
0.1115 -0.04789961 -0.01063323 -0.03110652 -0.03853187 -0.049754694 -0.009028865 -0.030961292 -0.03680211
0.112 -0.04666714 -0.005753425 -0.02824699 -0.03654249 -0.048541807 -0.0044003185 -0.02801832 -0.034852363
0.1125 -0.04539811 -0.0006874495 -0.02523721 -0.03449942 -0.047288157 0.00039532594 -0.024966372 -0.032856833
0.113 -0.04409144 0.004558549 -0.02211091 -0.0324025 -0.045994215 0.00535609 -0.021807523 -0.030816544
0.1135 -0.04274659 0.009961022 -0.01890094 -0.0302532 -0.044660352 0.010479955 -0.0185438 -0.028732501
0.114 -0.04136667 0.01551255 -0.01560706 -0.02805485 -0.043287046 0.015764948 -0.015177162 -0.026605528
0.1145 -0.03995285 0.02121738 -0.01222051 -0.02580894 -0.0418747 0.02120912 -0.011709539 -0.02443654
0.115 -0.03850527 0.0270823 -0.008733866 -0.02351653 -0.040423796 0.02681056 -0.008142708 -0.022226341
0.1155 -0.0370238 0.03311265 -0.005142941 -0.02117857 -0.038934745 0.0325673 -0.0044784825 -0.019975662
0.116 -0.0355084 0.03931106 -0.001446131 -0.01879603 -0.03740801 0.038477544 -0.0007185545 -0.017685167
0.1165 -0.03395916 0.04567759 0.00235663 -0.01637007 -0.035844065 0.044539407 0.0031355303 -0.015355583
0.117 -0.03237803 0.05221057 0.006264674 -0.01390471 -0.034243308 0.05075108 0.007082129 -0.012987502
0.1175 -0.03076609 0.05890653 0.01027501 -0.01139953 -0.0326062 0.057110805 0.011119815 -0.010581564
0.118 -0.02912147 0.065761 0.01438623 -0.008853271 -0.030933239 0.06361684 0.015247194 -0.008138314
0.1185 -0.02744522 0.07276489 0.01844528 -0.006272898 -0.02922485 0.070267424 0.019462904 -0.005658254
0.119 -0.02574013 0.07990804 0.02257087 -0.003661601 -0.027481467 0.07706092 0.023765704 -0.003141977
0.1195 -0.02400396 0.0871896 0.02685341 -0.001011554 -0.025703587 0.08399564 0.028154401 -0.0005898848
0.12 -0.02223533 0.09460874 0.03128353 0.001679152 -0.023891665 0.09106995 0.03262782 0.001997538
0.1205 -0.02043413 0.1021634 0.0358424 0.004409896 -0.022046164 0.09828226 0.037184946 0.0046197996
0.121 -0.01859965 0.1098507 0.04051699 0.00717957 -0.020167552 0.10563098 0.041824706 0.007276535
0.1215 -0.01673173 0.1176676 0.04529819 0.009986889 -0.018256225 0.11311455 0.046546094 0.00996732
0.122 -0.01483104 0.1256109 0.05017913 0.0128306 -0.01631274 0.12073149 0.05134827 0.0126917735
0.1225 -0.01290142 0.1336759 0.05506136 0.01570369 -0.014337495 0.12848018 0.0562303 0.015449472
0.123 -0.01094856 0.1418567 0.06000754 0.01860173 -0.012330994 0.13635923 0.06119135 0.018240131
0.1235 -0.008971151 0.1501515 0.06507345 0.02151119 -0.010293603 0.14436707 0.06623062 0.021063343
0.124 -0.006974073 0.1585602 0.0702589 0.02443252 -0.0082258135 0.1525023 0.071347356 0.023918785
0.1245 -0.004948785 0.1670804 0.07555846 0.0273902 -0.006128162 0.1607634 0.07654081 0.026806109
0.125 -0.002889279 0.1757099 0.08096289 0.03038933 -0.004000962 0.16914894 0.08181027 0.029724993
0.1255 -0.00079745 0.1844475 0.08646268 0.0334308 -0.0018447787 0.17765749 0.08715507 0.032675117
0.126 0.001314785 0.193292 0.09204385 0.03650119 0.0003400445 0.1862876 0.092574485 0.03565616
0.1265 0.003447698 0.2022399 0.09770142 0.03959594 0.002553001 0.19503777 0.09806789 0.038667858
0.127 0.005613504 0.2112877 0.1034391 0.04272461 0.004793644 0.2039067 0.10363466 0.041709833
0.1275 0.007816249 0.2204329 0.1092564 0.0458894 0.0070616007 0.21289283 0.10927416 0.04478185
0.128 0.01005281 0.2293106 0.1151465 0.04908731 0.009356275 0.22199471 0.1149858 0.047883563
0.1285 0.01231323 0.2377492 0.1210887 0.0523127 0.011677384 0.23121095 0.1207689 0.051014625
0.129 0.01460086 0.246205 0.1270869 0.05556845 0.014024481 0.24054001 0.12662287 0.054174796
0.1295 0.01691904 0.2548774 0.1331515 0.05885467 0.016397 0.24998055 0.13254707 0.057363756
0.13 0.0192676 0.2638413 0.1392897 0.06217027 0.018794611 0.25953096 0.13854094 0.0605812
0.1305 0.02164498 0.2731064 0.1455045 0.06551399 0.02121681 0.26918983 0.14460382 0.06382682
0.131 0.02404946 0.2826506 0.1517965 0.06888461 0.023663163 0.27895552 0.150735 0.067100294
0.1315 0.02647966 0.2924393 0.1581645 0.07228106 0.02613321 0.28882658 0.15693387 0.07040129
0.132 0.02893456 0.3024354 0.1646066 0.07570238 0.02862665 0.29880142 0.16319978 0.07372943
0.1325 0.03141343 0.312604 0.1711206 0.07914774 0.031142846 0.30887848 0.16953197 0.07708446
0.133 0.03391592 0.3229148 0.1777043 0.08261646 0.033681422 0.31905615 0.17592977 0.08046604
0.1335 0.03644124 0.333343 0.1843554 0.08610676 0.036241874 0.3293327 0.18239251 0.0838738
0.134 0.03897782 0.3438689 0.1910699 0.08960028 0.038823828 0.33970657 0.18891934 0.0873074
0.1345 0.04152737 0.3544763 0.1978458 0.09310624 0.041426703 0.3501761 0.19550951 0.09076645
0.135 0.0441007 0.3651531 0.2046843 0.09663637 0.044050142 0.3607395 0.20216222 0.09425058
0.1355 0.04670221 0.3758904 0.2115854 0.1001931 0.046693653 0.3713951 0.20887662 0.09775946
0.136 0.04933174 0.3866821 0.2185479 0.1037756 0.04935667 0.38214096 0.21565188 0.10129265
0.1365 0.05198753 0.3975238 0.2255703 0.1073824 0.052038833 0.3929754 0.22248708 0.10484973
0.137 0.05466772 0.4084127 0.2326512 0.1110123 0.05473952 0.40389657 0.22938128 0.10843035
0.1375 0.05737077 0.4193469 0.2397892 0.114664 0.057458296 0.4149025 0.23633356 0.11203409
0.138 0.06009557 0.4303252 0.2469833 0.1183366 0.060194656 0.42599133 0.24334289 0.11566044
0.1385 0.06284133 0.4413473 0.2542324 0.1220251 0.062948 0.4371611 0.25040826 0.119309016
0.139 0.06560735 0.4524128 0.2615355 0.1257256 0.065717936 0.44840962 0.2575286 0.12297938
0.1395 0.06839318 0.4635217 0.2688918 0.1294463 0.06850389 0.4597352 0.26470277 0.12667108
0.14 0.07119642 0.4746735 0.2763002 0.1331852 0.07130529 0.47113544 0.27192968 0.13038355
0.1405 0.07400354 0.4858659 0.2837572 0.1369328 0.07412176 0.48260856 0.27920803 0.13411638
0.141 0.07682344 0.4970983 0.2912629 0.1406975 0.07695252 0.49415213 0.28653684 0.13786906
0.1415 0.07966686 0.5083713 0.2988191 0.1444829 0.07979715 0.50576407 0.2939147 0.14164108
0.142 0.08253488 0.5196856 0.3064254 0.1482845 0.08265498 0.5174421 0.30134034 0.14543194
0.1425 0.08540815 0.5310405 0.3140747 0.1520577 0.0855256 0.52918404 0.30881244 0.14924109
0.143 0.08828691 0.5424355 0.3217639 0.15582 0.08840829 0.54098755 0.31632957 0.15306807
0.1435 0.09118723 0.5538722 0.3295002 0.159608 0.09130253 0.5528503 0.32389042 0.15691221
0.144 0.09411681 0.5653522 0.337287 0.1634299 0.094207734 0.56476986 0.33149353 0.16077307
0.1445 0.09707571 0.5768765 0.3451238 0.1672841 0.097123295 0.5767439 0.33913732 0.16465002
0.145 0.100061 0.5884455 0.3530088 0.1711672 0.1000486 0.58877003 0.34682032 0.16854253
0.1455 0.1030693 0.6000594 0.3609403 0.1750755 0.1029831 0.60084563 0.3545411 0.17245004
0.146 0.1060977 0.6117176 0.3689166 0.1790059 0.10592607 0.61296815 0.36229798 0.17637193
0.1465 0.1091441 0.6234197 0.3769362 0.182956 0.10887703 0.6251353 0.37008935 0.18030763
0.147 0.1122075 0.6351654 0.3849983 0.1869243 0.111835346 0.6373443 0.37791356 0.18425643
0.1475 0.1152718 0.6469524 0.3930982 0.1908776 0.11480038 0.6495926 0.38576886 0.18821797
0.148 0.1183318 0.6587793 0.4012321 0.1948248 0.11777148 0.6618775 0.39365357 0.19219148
0.1485 0.1214073 0.6706467 0.4094056 0.1987922 0.12074815 0.6741966 0.40156606 0.19617635
0.149 0.1245082 0.6825549 0.4176213 0.2027855 0.12372962 0.68654686 0.40950438 0.200172
0.1495 0.1276336 0.6945038 0.425879 0.2067109 0.12671544 0.6989258 0.41746685 0.2041778
0.15 0.1307637 0.706493 0.4341757 0.2104817 0.12969276 0.71128607 0.42544052 0.20816588
0.1505 0.1338213 0.7184325 0.4423887 0.2141939 0.13255537 0.7232209 0.43331924 0.21189451
0.151 0.1366079 0.7301236 0.4502846 0.2175385 0.13531783 0.7347519 0.4410913 0.21540076
0.1515 0.1391597 0.7414852 0.4578835 0.2204906 0.13798146 0.74585575 0.44873625 0.21868998
0.152 0.1415541 0.7524748 0.4652355 0.2233212 0.14055246 0.7565335 0.45624158 0.22177893
0.1525 0.1438379 0.7630689 0.4723718 0.226056 0.14303611 0.7667865 0.4635966 0.22468168
0.153 0.146034 0.7732535 0.4793058 0.228691 0.14543691 0.77661747 0.47079283 0.2274102
0.1535 0.1481535 0.7830203 0.4860419 0.2312133 0.14775857 0.7860291 0.4778227 0.22997469
0.154 0.1502018 0.7923642 0.492581 0.2336121 0.15000445 0.79502475 0.4846802 0.2323839
0.1545 0.1521812 0.8012824 0.498922 0.2357467 0.15217713 0.80360836 0.49136022 0.23464546
0.155 0.1540925 0.8097729 0.5050638 0.2375807 0.15427883 0.811784 0.4978585 0.23676604
0.1555 0.1559345 0.8178377 0.5110049 0.2393397 0.15631159 0.8195563 0.50417155 0.23875138
0.156 0.1577054 0.8254772 0.5164895 0.241033 0.15827708 0.82693 0.5102965 0.24060664
0.1565 0.1593881 0.8326574 0.5209303 0.2426333 0.16017655 0.8339097 0.516231 0.24233645
0.157 0.160995 0.8393812 0.5253879 0.2441391 0.16201107 0.84050065 0.5219733 0.24394488
0.1575 0.1625266 0.8456778 0.5300765 0.2455155 0.16378167 0.84670836 0.5275219 0.24543568
0.158 0.1639807 0.8515681 0.5345262 0.246764 0.16548905 0.85253793 0.5328759 0.24681228
0.1585 0.1653506 0.8570269 0.5381567 0.2478918 0.16713373 0.85799474 0.5380344 0.24807772
0.159 0.1666598 0.8620688 0.541971 0.2489028 0.16871633 0.8630844 0.54299706 0.24923483
0.1595 0.1679241 0.8667297 0.5460873 0.2498156 0.17023715 0.86781234 0.5477635 0.25028634
0.16 0.1691474 0.8710358 0.5503545 0.2506319 0.1716965 0.8721845 0.552334 0.25123462
0.1605 0.1703037 0.8750002 0.5546095 0.2513209 0.17309473 0.8762062 0.55670846 0.25208193
0.161 0.1713905 0.878631 0.5587393 0.2518979 0.17443183 0.879883 0.5608874 0.2528305
0.1615 0.1724263 0.8819329 0.5626813 0.2523825 0.175708 0.8832206 0.5648713 0.25348234
0.162 0.1734165 0.8849081 0.5664029 0.2527792 0.17692319 0.8862245 0.5686608 0.25403947
0.1625 0.174359 0.8875584 0.5698894 0.2530874 0.17807747 0.8889003 0.57225657 0.25450358
0.163 0.1752494 0.8898858 0.5731371 0.2533063 0.1791709 0.8912534 0.57565945 0.25487655
0.1635 0.1760842 0.8918926 0.5761482 0.2534354 0.18020338 0.8932893 0.5788705 0.25516006
0.164 0.176861 0.893582 0.5789284 0.2534749 0.18117493 0.8950134 0.58189064 0.2553557
0.1645 0.1775783 0.894956 0.5814843 0.2534257 0.18208565 0.896431 0.5847209 0.2554649
0.165 0.1782357 0.896019 0.5838228 0.2532888 0.18293518 0.8975475 0.5873627 0.2554893
0.1655 0.1788332 0.8967777 0.5859506 0.2530658 0.18372372 0.898368 0.5898169 0.25543025
0.166 0.179371 0.8972379 0.5878738 0.2527582 0.18445113 0.8988977 0.592085 0.2552892
0.1665 0.1798497 0.8974056 0.589598 0.2523678 0.18511751 0.8991416 0.5941682 0.25506753
0.167 0.1802698 0.8972865 0.5911281 0.2518963 0.18572275 0.89910465 0.5960678 0.2547665
0.1675 0.1806319 0.8968863 0.5924684 0.2513454 0.18626678 0.89879185 0.5977852 0.2543874
0.168 0.1809366 0.8962106 0.5936229 0.250717 0.18674973 0.8982082 0.5993217 0.25393146
0.1685 0.1811762 0.8952649 0.5945808 0.2500066 0.18717164 0.8973583 0.60067886 0.2533999
0.169 0.1813295 0.8940529 0.5953174 0.2491986 0.18753234 0.8962468 0.6018581 0.252794
0.1695 0.1814252 0.8925797 0.5958832 0.248314 0.1878322 0.8948783 0.6028607 0.25211468
0.17 0.1814785 0.8908522 0.5962967 0.2473655 0.18807109 0.89325744 0.6036883 0.25136328
0.1705 0.1814911 0.8888769 0.5965577 0.2463561 0.18824914 0.8913887 0.6043424 0.25054082
0.171 0.18146 0.88666 0.5966622 0.245286 0.1883667 0.88927644 0.60482436 0.24964836
0.1715 0.181382 0.884207 0.5966073 0.2441554 0.1884237 0.8869249 0.60513574 0.24868694
0.172 0.1812548 0.881523 0.5963917 0.2429645 0.18842031 0.88433844 0.605278 0.24765772
0.1725 0.1810702 0.8786115 0.5960154 0.241707 0.18835697 0.8815213 0.6052528 0.24656153
0.173 0.180631 0.8754732 0.5954765 0.2403652 0.18823366 0.87847733 0.6050615 0.24539945
0.1735 0.1801194 0.8721163 0.5947771 0.2389598 0.18805078 0.8752108 0.6047057 0.2441724
0.174 0.1796489 0.8685477 0.593922 0.2375027 0.18780857 0.8717256 0.60418695 0.24288133
0.1745 0.1792165 0.8647729 0.5929149 0.2359969 0.18750717 0.8680256 0.60350674 0.2415272
0.175 0.1787936 0.8607966 0.591758 0.2344423 0.18714716 0.86411476 0.6026667 0.24011096
0.1755 0.1783541 0.8566231 0.5904531 0.2328385 0.18672875 0.85999674 0.6016683 0.23863345
0.176 0.1778797 0.8522564 0.5890018 0.2311852 0.18625234 0.8556754 0.60051304 0.2370955
0.1765 0.1773598 0.8477002 0.587406 0.2294825 0.18571833 0.85115427 0.5992025 0.23549813
0.177 0.1767888 0.8429584 0.5856675 0.2277304 0.18512715 0.84643716 0.59773815 0.2338421
0.1775 0.1761646 0.8380346 0.5837882 0.2259294 0.1844792 0.84152746 0.59612167 0.23212826
0.178 0.1754864 0.8329325 0.58177 0.2240799 0.183775 0.83642864 0.59435445 0.23035741
0.1785 0.1747542 0.8276556 0.5796149 0.2221828 0.18301503 0.8311444 0.5924381 0.22853044
0.179 0.1739697 0.8222075 0.5773248 0.2202385 0.18219972 0.8256778 0.59037405 0.22664806
0.1795 0.173135 0.8165917 0.5749017 0.2182479 0.18132961 0.8200326 0.58816403 0.22471112
0.18 0.1722518 0.8108116 0.5723476 0.2162117 0.18040532 0.8142119 0.5858094 0.22272047
0.1805 0.1713216 0.8048705 0.5696643 0.2141306 0.17942728 0.808219 0.58331174 0.22067675
0.181 0.1703455 0.7987719 0.5668538 0.2120054 0.17839625 0.80205715 0.58067256 0.21858075
0.1815 0.1693246 0.792519 0.5639179 0.2098368 0.17731269 0.79572964 0.5778935 0.21643332
0.182 0.1682596 0.7861149 0.5608584 0.2076257 0.17617732 0.7892395 0.5749759 0.21423513
0.1825 0.1671514 0.7795628 0.5576773 0.2053728 0.17499062 0.78259 0.5719214 0.21198696
0.183 0.1660006 0.7728658 0.5543763 0.2030789 0.17375337 0.7757841 0.5687316 0.20968944
0.1835 0.164808 0.7660268 0.5509572 0.2007446 0.1724662 0.76882493 0.5654079 0.20734334
0.184 0.1635742 0.7590488 0.5474218 0.1983708 0.17112975 0.7617156 0.5619518 0.20494935
0.1845 0.1622997 0.7519346 0.5437718 0.1959581 0.16974477 0.75445896 0.558365 0.20250827
0.185 0.1609853 0.744687 0.540009 0.1935072 0.16831198 0.7470581 0.5546489 0.2000207
0.1855 0.1596313 0.7373088 0.5361351 0.1910188 0.16683199 0.7395161 0.550805 0.1974873
0.186 0.1582385 0.7298026 0.5321517 0.1884935 0.16530564 0.7318356 0.54683477 0.19490892
0.1865 0.1568072 0.722171 0.5280606 0.185932 0.16373369 0.72401977 0.5427399 0.1922861
0.187 0.155338 0.7144167 0.5238634 0.1833349 0.16211689 0.71607137 0.5385218 0.18961954
0.1875 0.1538315 0.7065421 0.5195617 0.1807029 0.16045594 0.7079932 0.5341821 0.18690991
0.188 0.152288 0.6985497 0.5151572 0.1780365 0.15875168 0.6997883 0.52972215 0.18415791
0.1885 0.150708 0.6904418 0.5106515 0.1753363 0.15700491 0.6914595 0.52514356 0.18136418
0.189 0.1490921 0.6822208 0.506046 0.1726029 0.15521643 0.6830093 0.520448 0.17852935
0.1895 0.1474407 0.673889 0.5013425 0.1698369 0.15338704 0.6744408 0.51563674 0.17565408
0.19 0.1457542 0.6654486 0.4965424 0.1670388 0.15151766 0.6657568 0.5107115 0.172739
0.1905 0.144033 0.6569017 0.4916472 0.1642092 0.149609 0.65695983 0.5056737 0.16978475
0.191 0.1422777 0.6482507 0.4866585 0.1613485 0.14766203 0.64805293 0.5005249 0.16679204
0.1915 0.1404886 0.6394974 0.4815777 0.1584574 0.14567752 0.6390386 0.49526653 0.16376135
0.192 0.1386661 0.6306441 0.4764063 0.1555362 0.14365643 0.6299197 0.48990026 0.1606934
0.1925 0.1368108 0.6216926 0.4711457 0.1525855 0.14159957 0.62069887 0.4844276 0.15758878
0.193 0.1349229 0.612645 0.4657973 0.1496058 0.1395079 0.61137885 0.47885004 0.15444809
0.1935 0.133003 0.6035032 0.4603626 0.1465975 0.13738227 0.60196227 0.47316912 0.15127194
0.194 0.1310514 0.594269 0.4548429 0.1435611 0.13522358 0.59245175 0.46738634 0.14806092
0.1945 0.1290685 0.5849443 0.4492396 0.1404971 0.13303281 0.5828501 0.46150324 0.14481556
0.195 0.1270547 0.5755309 0.4435541 0.1374059 0.13081084 0.5731599 0.45552143 0.14153653
0.1955 0.1250105 0.5660305 0.4377876 0.1342879 0.12855858 0.56338364 0.44944236 0.13822433
0.196 0.1229361 0.5564448 0.4319415 0.1311436 0.12627701 0.5535241 0.44326758 0.1348795
0.1965 0.1208321 0.5467756 0.426017 0.1279733 0.12396696 0.5435836 0.43699858 0.13150263
0.197 0.1186987 0.5370245 0.4200155 0.1247775 0.121629655 0.533565 0.43063697 0.12809417
0.1975 0.1165364 0.5271931 0.4139381 0.1215566 0.11926578 0.5234707 0.42418426 0.12465472
0.198 0.1143455 0.517283 0.4077862 0.118311 0.11687644 0.5133032 0.417642 0.121184744
0.1985 0.1121263 0.5072957 0.4015609 0.115041 0.11446257 0.5030651 0.4110116 0.11768476
0.199 0.1098794 0.4972328 0.3952635 0.1117471 0.1120252 0.4927588 0.40429473 0.11415512
0.1995 0.107605 0.4870957 0.388895 0.1084296 0.1095653 0.48238677 0.39749286 0.110596426
0.2 0.1053034 0.4768858 0.3824568 0.1050889 0.10708378 0.4719513 0.39060757 0.107009016
0.2005 0.1030582 0.4666939 0.376071 0.1018579 0.10468724 0.4618731 0.38390142 0.10367126
0.201 0.1010807 0.4567192 0.3699728 0.09896231 0.102376 0.45215762 0.3773798 0.10057498
0.2015 0.09933681 0.4470421 0.3641403 0.09632638 0.100149885 0.44280958 0.37104788 0.09771163
0.202 0.09774697 0.4377056 0.3585249 0.09389698 0.09800887 0.43383253 0.3649104 0.09507235
0.2025 0.0962614 0.4287345 0.3530974 0.09165211 0.095952705 0.42522943 0.3589717 0.092648245
0.203 0.09485482 0.4201438 0.3478451 0.08958064 0.09398112 0.4170019 0.3532356 0.09043022
0.2035 0.09351522 0.4119428 0.3427636 0.08767485 0.09209368 0.40915114 0.34770557 0.08840934
0.204 0.09223699 0.4041372 0.3378525 0.08592826 0.09028998 0.4016773 0.3423846 0.08657666
0.2045 0.0910175 0.3967301 0.3331127 0.08433493 0.08856951 0.3945799 0.33727512 0.08492348
0.205 0.08985545 0.3897225 0.3285458 0.08288932 0.086931765 0.38785768 0.33237904 0.08344134
0.2055 0.08875017 0.3831139 0.3241531 0.0815862 0.08537619 0.38150877 0.32769778 0.08212202
0.206 0.08770127 0.3769024 0.3199359 0.08042061 0.083902285 0.3755308 0.32323223 0.0809576
0.2065 0.08670849 0.3710851 0.3158953 0.07938783 0.08250949 0.36992088 0.31898293 0.079940565
0.207 0.08577162 0.3656581 0.3120321 0.07848339 0.08119725 0.36467552 0.3149498 0.07906378
0.2075 0.08489047 0.3606171 0.3083468 0.07770303 0.079965085 0.35979095 0.3111324 0.07832041
0.208 0.08406485 0.355957 0.3048399 0.07704269 0.078812376 0.35526305 0.3075299 0.07770408
0.2085 0.08329456 0.3516722 0.3015115 0.07649852 0.07773869 0.3510874 0.304141 0.077208824
0.209 0.0825794 0.3477571 0.2983616 0.07606685 0.076743424 0.3472592 0.30096427 0.076828964
0.2095 0.08191915 0.3442055 0.29539 0.07574416 0.07582608 0.34377357 0.29799756 0.07655933
0.21 0.08131357 0.3410111 0.2925965 0.07552711 0.07498607 0.34062546 0.2952389 0.07639501
0.2105 0.08076241 0.3381675 0.2899805 0.07541252 0.07422297 0.33780965 0.29268578 0.07633156
0.211 0.08026542 0.3356683 0.2875414 0.07539735 0.07353611 0.3353207 0.29033557 0.07636473
0.2115 0.07982232 0.3335068 0.2852786 0.07547867 0.07292493 0.3331534 0.2881855 0.07649065
0.212 0.07943282 0.3316765 0.2831913 0.07565372 0.07238881 0.33130214 0.28623268 0.07670579
0.2125 0.07909663 0.3301708 0.2812785 0.07591983 0.07192713 0.3297616 0.284474 0.077006854
0.213 0.07881343 0.3289831 0.2795392 0.07627446 0.07153919 0.32852626 0.28290632 0.07739077
0.2135 0.0785829 0.3281071 0.2779724 0.07671516 0.07122432 0.3275907 0.28152642 0.0778547
0.214 0.0784047 0.3275362 0.2765768 0.0772396 0.070981726 0.32694966 0.28033116 0.078396164
0.2145 0.07827851 0.3272641 0.2753514 0.07784555 0.070810676 0.32659766 0.2793172 0.0790127
0.215 0.07820396 0.3272846 0.2742947 0.07853085 0.07071033 0.3265295 0.27848127 0.07970212
0.2155 0.0781807 0.3275915 0.2734055 0.07929344 0.07067983 0.3267401 0.27782017 0.08046242
0.216 0.07820835 0.3281788 0.2726824 0.08013134 0.0707183 0.32722425 0.2773307 0.08129165
0.2165 0.07828656 0.3290404 0.2721238 0.08104265 0.07082479 0.32797694 0.27700967 0.08218811
0.217 0.07841492 0.3301706 0.2717284 0.08202553 0.07099831 0.32899338 0.276854 0.083150126
0.2175 0.07859306 0.3315636 0.2714946 0.08307823 0.07123786 0.33026862 0.27686062 0.08417625
0.218 0.07882058 0.3332138 0.2714208 0.08419904 0.07154244 0.33179808 0.27702653 0.08526506
0.2185 0.07909709 0.3351156 0.2715055 0.08538634 0.07191098 0.3335771 0.27734888 0.086415194
0.219 0.07942217 0.3372637 0.2717471 0.08663856 0.072342336 0.33560115 0.2778248 0.08762548
0.2195 0.07979542 0.3396528 0.2721438 0.08795416 0.072835475 0.337866 0.27845147 0.08889475
0.22 0.08021643 0.3422778 0.2726941 0.08933169 0.0733892 0.3403672 0.27922633 0.090221815
0.2205 0.08068478 0.3451334 0.2733963 0.09076974 0.074002415 0.34310067 0.2801467 0.0916057
0.221 0.08120005 0.3482149 0.2742487 0.09226694 0.07467395 0.3460623 0.28121004 0.09304545
0.2215 0.08176182 0.3515173 0.2752495 0.09382197 0.07540262 0.3492481 0.28241402 0.09454011
0.222 0.08236966 0.3550359 0.2763971 0.09543355 0.07618731 0.35265413 0.28375623 0.096088745
0.2225 0.08302315 0.3587662 0.2776897 0.09710046 0.07702671 0.35627666 0.28523433 0.09769053
0.223 0.08372185 0.3627035 0.2791255 0.09882149 0.07791972 0.3601119 0.28684622 0.09934463
0.2235 0.08446523 0.3668432 0.2807029 0.1005953 0.078865156 0.3641563 0.28858972 0.101050235
0.224 0.08525266 0.3711808 0.2824201 0.1024206 0.07986179 0.36840624 0.29046273 0.102806576
0.2245 0.08608372 0.3757121 0.2842752 0.1042963 0.08090843 0.3728583 0.29246324 0.104612954
0.225 0.08695812 0.3804331 0.2862665 0.1062216 0.08200395 0.37750894 0.2945894 0.106468536
0.2255 0.08787557 0.3853398 0.2883924 0.1081956 0.08314718 0.38235492 0.29683924 0.108372726
0.226 0.08883574 0.3904284 0.2906511 0.1102174 0.08433691 0.38739288 0.299211 0.11032481
0.2265 0.08983821 0.3956952 0.2930409 0.1122861 0.08557202 0.39261976 0.30170283 0.11232408
0.227 0.09088255 0.4011364 0.2955601 0.1144007 0.08685143 0.3980322 0.30431303 0.11436988
0.2275 0.09196831 0.4067484 0.2982069 0.1165603 0.088173985 0.40362716 0.30703983 0.11646152
0.228 0.09309502 0.4125275 0.3009796 0.1187641 0.089538485 0.40940154 0.30988175 0.11859844
0.2285 0.09426224 0.4184704 0.3038765 0.1210111 0.09094402 0.41535228 0.31283706 0.12077985
0.229 0.09546952 0.4245734 0.306896 0.1233005 0.092389435 0.42147648 0.3159041 0.12300526
0.2295 0.0967164 0.4308333 0.3100361 0.1256315 0.09387365 0.4277711 0.3190815 0.125274
0.23 0.09800246 0.4372468 0.3132954 0.1280033 0.095395595 0.43423313 0.32236758 0.12758535
0.2305 0.09932724 0.4438106 0.3166722 0.1304152 0.096954316 0.44085974 0.32576084 0.12993881
0.231 0.1006903 0.4505216 0.3201646 0.1328663 0.09854874 0.44764808 0.32925984 0.13233364
0.2315 0.1020913 0.4573766 0.3237712 0.1353559 0.10017802 0.45459524 0.33286306 0.13476929
0.232 0.1035295 0.4643727 0.3274902 0.1378831 0.10184103 0.46169835 0.33656907 0.13724512
0.2325 0.1050043 0.4715069 0.3313199 0.140447 0.10353692 0.46895465 0.34037644 0.1397605
0.233 0.1065154 0.4787763 0.3352588 0.1430471 0.10526465 0.47636122 0.3442836 0.14231479
0.2335 0.1080623 0.486178 0.3393053 0.1456776 0.10702333 0.48391515 0.3482892 0.14490741
0.234 0.1096441 0.4937092 0.3434576 0.1483335 0.10881218 0.49161386 0.35239178 0.14753771
0.2345 0.1112559 0.5013667 0.3477137 0.1510138 0.110630184 0.49945432 0.35658976 0.15020502
0.235 0.1128851 0.5091466 0.352069 0.1537067 0.1124765 0.50743395 0.36088187 0.15290871
0.2355 0.1145435 0.5170473 0.3565239 0.1564319 0.114350304 0.51554984 0.36526653 0.1556482
0.236 0.1162416 0.525065 0.3609613 0.1591979 0.11625072 0.523799 0.3697423 0.15842283
0.2365 0.1179811 0.5331731 0.3648664 0.1620052 0.118177 0.5321788 0.37430766 0.16123196
0.237 0.1197594 0.5413651 0.368976 0.164852 0.120128244 0.5406865 0.37896115 0.16407496
0.2375 0.1215755 0.5496571 0.3734854 0.1677364 0.12210372 0.5493191 0.38370132 0.16695109
0.238 0.123428 0.558062 0.3783333 0.1706569 0.12410255 0.55807376 0.38852656 0.16985977
0.2385 0.1253154 0.5665858 0.3834243 0.1736101 0.12612408 0.56694776 0.39343536 0.17280036
0.239 0.1272362 0.5752295 0.3886839 0.1765918 0.12816751 0.57593805 0.3984262 0.17577219
0.2395 0.1291892 0.5839908 0.3940637 0.1796054 0.13023207 0.58504194 0.40349743 0.17877463
0.24 0.1311605 0.5928633 0.3995325 0.1826145 0.13231698 0.59425646 0.4086475 0.18180686
0.2405 0.1331261 0.6018423 0.4050697 0.1856078 0.13442159 0.6035787 0.41387483 0.18486837
0.241 0.1351066 0.6109253 0.410673 0.1886284 0.13654512 0.61300576 0.4191778 0.18795842
0.2415 0.1371279 0.6201094 0.4163447 0.1916943 0.13868698 0.62253475 0.42455462 0.19107631
0.242 0.1391975 0.6293916 0.4220856 0.1948061 0.14084634 0.63216263 0.43000364 0.19422144
0.2425 0.1413128 0.6387689 0.4278956 0.1979603 0.14302269 0.6418866 0.4355233 0.197393
0.243 0.1434686 0.6482383 0.4337743 0.2011529 0.14521514 0.6517035 0.4411117 0.20059046
0.2435 0.14566 0.6577972 0.4397219 0.2043807 0.14742306 0.6616104 0.44676724 0.20381305
0.244 0.1478833 0.667443 0.4457382 0.2076407 0.14964588 0.67160445 0.4524881 0.2070601
0.2445 0.150136 0.6771734 0.4518233 0.2109307 0.15188289 0.6816824 0.45827243 0.21033087
0.245 0.1524164 0.6869863 0.4579772 0.214249 0.15413347 0.6918413 0.46411848 0.21362475
0.2455 0.1547234 0.6968797 0.4641997 0.2175938 0.15639697 0.70207834 0.47002432 0.21694097
0.246 0.1570564 0.7068518 0.4704907 0.2209641 0.15867274 0.7123901 0.47598812 0.22027883
0.2465 0.1594148 0.7169008 0.4768496 0.2243589 0.1609602 0.7227737 0.48200807 0.2236377
0.247 0.1617985 0.7270251 0.4832761 0.2277771 0.16325867 0.73322606 0.48808214 0.22701684
0.2475 0.164207 0.7372232 0.4897695 0.2312182 0.16556752 0.74374396 0.49420848 0.23041552
0.248 0.1666402 0.7474935 0.4963292 0.2346814 0.1678862 0.75432444 0.5003852 0.23383313
0.2485 0.1690975 0.7578347 0.5029537 0.2381659 0.17021406 0.7649643 0.50661016 0.23726887
0.249 0.1715549 0.7682444 0.5096049 0.2416496 0.17255056 0.77566046 0.5128816 0.24072215
0.2495 0.1738387 0.7787183 0.5163009 0.2451296 0.1748951 0.7864098 0.5191973 0.24419224
0.25 0.1761019 0.7892516 0.5230709 0.2485998 0.17724717 0.7972091 0.5255554 0.24767834
0.2505 0.1783937 0.799758 0.5297982 0.2519553 0.17950776 0.80762666 0.5318279 0.25091857
0.251 0.1805105 0.8100417 0.5362468 0.2549873 0.18168166 0.8176568 0.5380006 0.25393158
0.2515 0.1824612 0.8200241 0.5424348 0.2577738 0.18377335 0.8272963 0.5440611 0.25673372
0.252 0.1842976 0.829663 0.5484068 0.2603653 0.18578653 0.8365437 0.54999906 0.2593391
0.2525 0.1860485 0.8389338 0.5541885 0.2627808 0.18772475 0.8453988 0.55580544 0.26176035
0.253 0.1877253 0.8478216 0.5597907 0.2650287 0.18959075 0.8538624 0.56147265 0.26400822
0.2535 0.1893319 0.8563166 0.5652166 0.2671144 0.19138728 0.8619364 0.5669942 0.26609248
0.254 0.1908698 0.8644129 0.5704661 0.2690429 0.19311643 0.8696232 0.57236445 0.26802158
0.2545 0.1923397 0.8721071 0.5755379 0.2708185 0.19478008 0.87692577 0.57757884 0.26980314
0.255 0.1937256 0.879398 0.5804273 0.2724172 0.19637987 0.88384765 0.58263326 0.27144402
0.2555 0.1950234 0.8862854 0.5851302 0.2738496 0.19791725 0.89039266 0.5875245 0.27295023
0.256 0.1962557 0.892771 0.5896509 0.2751468 0.19939339 0.896565 0.5922496 0.27432728
0.2565 0.1974349 0.8988577 0.5939918 0.2763206 0.20080918 0.9023691 0.59680635 0.27558023
0.257 0.1985636 0.9045496 0.5981526 0.277375 0.20216551 0.90780956 0.6011929 0.27671355
0.2575 0.1996399 0.9098514 0.6021324 0.2783111 0.2034631 0.91289115 0.6054076 0.27773142
0.258 0.2006613 0.9147682 0.6059302 0.2791305 0.2047024 0.9176188 0.6094493 0.2786376
0.2585 0.201626 0.9193056 0.6095454 0.2798361 0.20588398 0.92199755 0.6133172 0.27943546
0.259 0.2025333 0.9234696 0.6129778 0.2804305 0.2070081 0.92603225 0.61701065 0.2801284
0.2595 0.2033828 0.9272662 0.6162275 0.2809163 0.20807502 0.92972803 0.6205291 0.2807194
0.26 0.2041745 0.9307019 0.6192948 0.2812963 0.20908496 0.93309027 0.62387246 0.2812112
0.2605 0.2049084 0.9337827 0.62218 0.281573 0.21003827 0.9361239 0.62704045 0.2816063
0.261 0.2055848 0.9365123 0.6248827 0.2817489 0.21093464 0.938834 0.63003343 0.28190726
0.2615 0.2062009 0.9388979 0.6274035 0.2818202 0.21177447 0.941226 0.63285154 0.28211632
0.262 0.2067366 0.9409442 0.6297385 0.2817609 0.21255746 0.9433048 0.6354952 0.28223562
0.2625 0.2072045 0.9426607 0.6318907 0.2816001 0.21328393 0.9450753 0.63796484 0.2822672
0.263 0.2076229 0.9440563 0.6338665 0.2813571 0.21395376 0.9465429 0.64026105 0.28221306
0.2635 0.2079976 0.9451386 0.635669 0.2810368 0.21456689 0.94771224 0.6423845 0.28207502
0.264 0.2083278 0.9459143 0.6372995 0.2806397 0.2151232 0.9485885 0.644336 0.28185472
0.2645 0.2085985 0.946389 0.6387367 0.2801592 0.2156227 0.9491764 0.6461163 0.28155392
0.265 0.20879 0.9465645 0.639958 0.2795906 0.21606538 0.9494809 0.64772636 0.28117415
0.2655 0.2089339 0.9464476 0.641019 0.2789487 0.21645111 0.9495067 0.6491669 0.28071693
0.266 0.2090404 0.946047 0.6419348 0.2782367 0.21678 0.94925845 0.650439 0.28018373
0.2665 0.2091075 0.9453701 0.6427023 0.2774545 0.2170519 0.9487408 0.6515438 0.2795759
0.267 0.2091304 0.9444237 0.6433155 0.2766021 0.21726674 0.94795823 0.6524822 0.2788949
0.2675 0.2091056 0.9432137 0.6437702 0.2756805 0.2174246 0.94691545 0.6532553 0.27814195
0.268 0.2090311 0.9417457 0.6440645 0.2746911 0.21752557 0.94561666 0.6538643 0.27731836
0.2685 0.208906 0.940025 0.6441977 0.2736351 0.21756941 0.9440664 0.6543102 0.2764253
0.269 0.20873 0.9380567 0.6441705 0.2725138 0.21755642 0.94226867 0.65459436 0.27546394
0.2695 0.2085031 0.935846 0.6439841 0.2713281 0.21748665 0.9402281 0.65471786 0.2744354
0.27 0.2082256 0.9333976 0.6436399 0.2700794 0.21735993 0.9379485 0.6546818 0.2733408
0.2705 0.207898 0.9307166 0.6431398 0.2687689 0.21717665 0.93543416 0.65448755 0.27218118
0.271 0.2075209 0.9278077 0.6424855 0.2673976 0.2169368 0.932689 0.6541363 0.27095756
0.2715 0.2070945 0.9246756 0.641679 0.2659666 0.2166405 0.929717 0.6536291 0.26967096
0.272 0.2066195 0.9213251 0.6407221 0.264477 0.21628809 0.92652196 0.6529675 0.2683224
0.2725 0.2060817 0.9177601 0.6395915 0.2629297 0.21587953 0.923108 0.6521527 0.2669127
0.273 0.2054725 0.9139832 0.6382799 0.2613241 0.21541527 0.91947854 0.6511858 0.2654429
0.2735 0.2048228 0.909999 0.6368371 0.2596633 0.21489534 0.9156374 0.6500682 0.2639138
0.274 0.2041409 0.9058132 0.6352735 0.2579493 0.2143201 0.9115884 0.6488012 0.26232642
0.2745 0.203425 0.9014308 0.6335856 0.2561834 0.2136899 0.9073348 0.647386 0.26068148
0.275 0.2026714 0.8968567 0.6317686 0.2543666 0.2130048 0.90288043 0.645824 0.25897992
0.2755 0.2018771 0.8920953 0.6298193 0.2524998 0.21226546 0.8982288 0.64411634 0.25722247
0.276 0.2010405 0.8871507 0.6277365 0.2505841 0.21147203 0.8933832 0.64226454 0.25540996
0.2765 0.2001605 0.8820266 0.6255202 0.2486202 0.21062484 0.888347 0.6402697 0.2535432
0.277 0.199237 0.8767269 0.6231715 0.2466092 0.20972446 0.8831236 0.6381332 0.25162297
0.2775 0.19827 0.871255 0.6206916 0.2445519 0.20877114 0.8777164 0.63585645 0.24964991
0.278 0.1972598 0.8656145 0.6180824 0.2424492 0.2077654 0.87212855 0.63344073 0.24762487
0.2785 0.196207 0.8598089 0.6153455 0.2403019 0.20670766 0.8663632 0.6308872 0.24554852
0.279 0.1951121 0.8538415 0.612483 0.2381109 0.20559847 0.86042374 0.6281973 0.24342155
0.2795 0.1939755 0.8477156 0.6094966 0.235877 0.20443818 0.85431296 0.62537235 0.24124476
0.28 0.1927979 0.8414346 0.6063883 0.233601 0.2032274 0.8480343 0.6224137 0.23901874
0.2805 0.1915798 0.8350015 0.6031598 0.2312837 0.20196652 0.8415907 0.6193226 0.23674423
0.281 0.1903218 0.8284196 0.599813 0.2289259 0.20065627 0.8349851 0.6161004 0.23442179
0.2815 0.1890242 0.821692 0.5963497 0.2265282 0.1992971 0.82822055 0.61274844 0.23205227
0.282 0.1876877 0.8148215 0.5927715 0.2240915 0.1978896 0.8213001 0.60926807 0.22963616
0.2825 0.1863126 0.8078112 0.5890803 0.2216164 0.19643438 0.81422657 0.6056607 0.2271742
0.283 0.1848995 0.8006639 0.5852776 0.2191036 0.19493213 0.8070031 0.60192746 0.2246669
0.2835 0.1834489 0.7933825 0.5813652 0.2165538 0.19338334 0.79963225 0.5980699 0.22211492
0.284 0.1819611 0.7859698 0.5773447 0.2139677 0.1917887 0.7921172 0.5940892 0.21951902
0.2845 0.1804367 0.7784284 0.5732177 0.2113459 0.1901488 0.78446054 0.58998686 0.21687964
0.285 0.1788761 0.770761 0.5689858 0.208689 0.18846446 0.77666533 0.5857641 0.21419752
0.2855 0.1772796 0.7629701 0.5646507 0.2059977 0.18673621 0.76873416 0.5814224 0.21147317
0.286 0.1756478 0.7550584 0.5602138 0.2032726 0.18496478 0.76067007 0.576963 0.20870721
0.2865 0.1739811 0.7470283 0.5556767 0.2005141 0.18315096 0.7524757 0.5723873 0.20590022
0.287 0.1722799 0.7388822 0.551041 0.197723 0.18129535 0.7441537 0.56769663 0.20305288
0.2875 0.1705445 0.7306224 0.5463081 0.1948998 0.17939873 0.735707 0.5628924 0.20016569
0.288 0.1687755 0.7222514 0.5414796 0.192045 0.17746188 0.72713816 0.5579758 0.19723928
0.2885 0.1669732 0.7137713 0.5365569 0.1891591 0.17548555 0.71845007 0.55294853 0.19427416
0.289 0.165138 0.7051844 0.5315414 0.1862427 0.17347036 0.70964533 0.54781175 0.19127098
0.2895 0.1632703 0.6964928 0.5264347 0.1832963 0.17141733 0.7007267 0.5425668 0.18823028
0.29 0.1613706 0.6876988 0.521238 0.1803205 0.16932705 0.6916968 0.5372152 0.18515265
0.2905 0.1594391 0.6788042 0.515953 0.1773156 0.16720039 0.68255836 0.5317582 0.1820386
0.291 0.1574764 0.6698113 0.5105808 0.1742821 0.16503815 0.6733139 0.5261973 0.17888877
0.2915 0.1554828 0.6607219 0.5051229 0.1712206 0.16284114 0.66396636 0.5205338 0.17570364
0.292 0.1534586 0.6515381 0.4995806 0.1681315 0.1606102 0.6545182 0.51476914 0.17248383
0.2925 0.1514043 0.6422616 0.4939553 0.1650153 0.15834618 0.6449721 0.50890476 0.16922987
0.293 0.1493202 0.6328944 0.4882483 0.1618723 0.15604992 0.6353306 0.5029419 0.16594228
0.2935 0.1472068 0.6234383 0.4824608 0.158703 0.15372229 0.62559646 0.4968821 0.16262165
0.294 0.1450643 0.6138951 0.4765942 0.1555079 0.15136413 0.6157723 0.4907268 0.15926847
0.2945 0.1428931 0.6042665 0.4706497 0.1522874 0.14897639 0.60586053 0.48447725 0.15588328
0.295 0.1406936 0.5945542 0.4646286 0.1490418 0.14655985 0.59586394 0.47813502 0.15246662
0.2955 0.1384662 0.5847599 0.4585321 0.1457716 0.1441155 0.585785 0.4717014 0.149019
0.296 0.1362112 0.5748853 0.4523614 0.1424771 0.14164421 0.5756263 0.46517786 0.14554095
0.2965 0.133929 0.5649318 0.4461177 0.1391588 0.1391469 0.56539047 0.4585658 0.14203292
0.297 0.1316198 0.5549011 0.4398022 0.135817 0.13662444 0.55507994 0.45186666 0.13849545
0.2975 0.1292841 0.5447947 0.433416 0.1324521 0.13407779 0.5446973 0.44508192 0.13492894
0.298 0.1269222 0.5346142 0.4269603 0.1290644 0.13150795 0.53424495 0.43821284 0.13133395
0.2985 0.1245345 0.5243609 0.4204362 0.1256543 0.1289158 0.5237255 0.43126097 0.12771091
0.299 0.1221212 0.5140363 0.4138448 0.1222222 0.12630226 0.51314133 0.4242278 0.12406022
0.2995 0.1196827 0.5036418 0.4071873 0.1187684 0.12366831 0.502495 0.41711456 0.120382346
0.3 0.1172193 0.4931788 0.4004647 0.1152931 0.12101495 0.49178863 0.4099228 0.11667765
0.3005 0.1148144 0.4827378 0.3937992 0.1119295 0.11844531 0.4814382 0.40291926 0.11322028
0.301 0.1126795 0.4725182 0.3874259 0.108903 0.115959585 0.47144955 0.39610907 0.11000242
0.3015 0.1107802 0.4626001 0.3813228 0.106138 0.113558084 0.4618277 0.38949707 0.107016005
0.302 0.1090372 0.4530266 0.375441 0.1035812 0.11124073 0.45257676 0.38308775 0.104252554
0.3025 0.1074005 0.4438223 0.3697517 0.1012107 0.10900758 0.44369984 0.3768851 0.10170356
0.303 0.1058449 0.4350022 0.3642417 0.09901528 0.10685849 0.43519926 0.3708927 0.09936037
0.3035 0.1043582 0.4265755 0.3589068 0.0969872 0.10479334 0.42707634 0.36511377 0.097214304
0.304 0.102935 0.4185479 0.3537464 0.09511994 0.10281184 0.4193318 0.35955083 0.09525678
0.3045 0.1015724 0.4109223 0.3487614 0.09340757 0.10091388 0.41196543 0.354206 0.09347946
0.305 0.1002693 0.4036998 0.3439531 0.09184451 0.09909913 0.4049762 0.3490809 0.091874056
0.3055 0.09902483 0.3968798 0.339323 0.09042551 0.09736733 0.39836287 0.34417653 0.09043265
0.306 0.09783864 0.3904602 0.3348723 0.08914558 0.09571816 0.39212316 0.33949366 0.089147516
0.3065 0.09671044 0.3844382 0.330602 0.08799999 0.09415135 0.3862544 0.33503234 0.08801136
0.307 0.09563999 0.3788098 0.3265127 0.08698424 0.092666626 0.38075346 0.33079216 0.087017156
0.3075 0.09462708 0.3735706 0.3226051 0.08609405 0.09126358 0.37561676 0.3267724 0.08615822
0.308 0.09367148 0.3687155 0.3188793 0.08532534 0.08994201 0.3708403 0.3229719 0.085428305
0.3085 0.09277299 0.3642389 0.3153357 0.08467424 0.0887015 0.36641985 0.31938916 0.0848215
0.309 0.09193137 0.3601349 0.311974 0.08413705 0.08754173 0.36235076 0.31602228 0.084332235
0.3095 0.09114637 0.3563975 0.308794 0.08371024 0.08646232 0.3586282 0.31286907 0.083955325
0.31 0.09041773 0.3530203 0.3057954 0.08339046 0.08546287 0.35524723 0.3099272 0.08368597
0.3105 0.0897452 0.3499968 0.3029777 0.08317449 0.08454296 0.35220265 0.30719396 0.083519556
0.311 0.08912848 0.3473205 0.3003401 0.08305928 0.08370213 0.34948906 0.30466655 0.08345202
0.3115 0.08856727 0.3449848 0.297882 0.08304189 0.08293986 0.3471012 0.30234197 0.08347941
0.312 0.08806127 0.342983 0.2956025 0.08311952 0.08225563 0.34503365 0.30021712 0.083598144
0.3125 0.08761015 0.3413085 0.2935006 0.0832895 0.0816488 0.3432808 0.29828876 0.08380485
0.313 0.08721358 0.3399548 0.2915753 0.08354926 0.08111875 0.3418373 0.29655358 0.08409651
0.3135 0.08687123 0.3389153 0.2898254 0.08389635 0.0806648 0.34069753 0.29500836 0.08447025
0.314 0.08658272 0.3381835 0.2882497 0.08432842 0.080286235 0.3398562 0.29364964 0.08492341
0.3145 0.08634771 0.3377531 0.286847 0.0848432 0.079982236 0.3393079 0.29247403 0.08545355
0.315 0.08616582 0.3376178 0.2856159 0.08543853 0.07975197 0.33904725 0.29147828 0.086058415
0.3155 0.08603667 0.3377714 0.284555 0.08611234 0.07959449 0.33906895 0.29065904 0.08673593
0.316 0.08595987 0.3382076 0.2836629 0.08686262 0.079508945 0.3393679 0.29001302 0.087484084
0.3165 0.08593504 0.3389207 0.2829381 0.08768745 0.07949434 0.33993906 0.28953698 0.0883011
0.317 0.08596176 0.3399046 0.2823791 0.088585 0.079549596 0.34077734 0.28922775 0.089185245
0.3175 0.08603963 0.3411537 0.2819843 0.08955347 0.07967366 0.34187782 0.28908226 0.090135016
0.318 0.08616824 0.3426621 0.2817521 0.09059117 0.079865515 0.34323573 0.2890975 0.09114889
0.3185 0.08634717 0.3444245 0.2816809 0.09169645 0.08012393 0.3448465 0.28927052 0.0922255
0.319 0.086576 0.3464353 0.281769 0.0928677 0.08044781 0.3467055 0.28959844 0.09336353
0.3195 0.0868543 0.3486892 0.2820147 0.09410341 0.08083588 0.3488081 0.29007843 0.09456187
0.32 0.08718164 0.351181 0.2824164 0.09540209 0.08128703 0.3511501 0.2907079 0.09581927
0.3205 0.08755759 0.3539057 0.2829723 0.09676231 0.081799984 0.35372713 0.2914841 0.09713464
0.321 0.08798171 0.3568582 0.2836807 0.09818271 0.0823735 0.3565351 0.29240465 0.098506995
0.3215 0.08845355 0.3600337 0.2845398 0.09966193 0.08300632 0.3595699 0.29346702 0.0999353
0.322 0.08897268 0.3634274 0.2855479 0.1011987 0.083697155 0.3628276 0.29466894 0.1014187
0.3225 0.08953866 0.3670346 0.2867033 0.1027918 0.084444836 0.36630422 0.296008 0.10295621
0.323 0.09015102 0.3708507 0.288004 0.1044399 0.08524799 0.36999604 0.297482 0.10454697
0.3235 0.09080934 0.3748714 0.2894485 0.106142 0.08610541 0.3738994 0.29908884 0.10619018
0.324 0.09151316 0.3790922 0.2910349 0.1078969 0.08701584 0.37801057 0.30082646 0.10788504
0.3245 0.09226202 0.3835089 0.2927613 0.1097034 0.087978005 0.382326 0.3026928 0.10963074
0.325 0.09305549 0.3881174 0.2946261 0.1115606 0.0889906 0.38684237 0.304686 0.1114266
0.3255 0.0938931 0.3929135 0.2966275 0.1134674 0.09005253 0.3915561 0.30680412 0.11327178
0.326 0.09477441 0.3978933 0.2987636 0.1154227 0.09116244 0.39646393 0.30904534 0.11516557
0.3265 0.09569889 0.4030529 0.3010327 0.1174256 0.09231913 0.4015625 0.3114079 0.11710737
0.327 0.09666581 0.4083885 0.303433 0.1194748 0.09352149 0.4068488 0.31389 0.119096406
0.3275 0.09767478 0.4138963 0.3059627 0.1215694 0.09476821 0.41231933 0.3164899 0.12113202
0.328 0.09872559 0.4195727 0.3086201 0.1237089 0.096058205 0.41797122 0.31920615 0.12321355
0.3285 0.09981795 0.4254142 0.3114035 0.1258925 0.09739038 0.4238013 0.32203695 0.12534034
0.329 0.1009515 0.4314174 0.3143111 0.1281194 0.098763466 0.42980647 0.3249808 0.12751168
0.3295 0.1021257 0.4375787 0.3173413 0.1303887 0.10017645 0.43598378 0.32803607 0.12972698
0.33 0.1033402 0.4438906 0.3202122 0.1326997 0.101628214 0.44233027 0.33120131 0.13198552
0.3305 0.1045931 0.4503258 0.3227986 0.1350515 0.103117645 0.44884288 0.33447495 0.13428676
0.331 0.1058839 0.4568867 0.3256991 0.1374433 0.10464376 0.45551887 0.3378555 0.13663
0.3315 0.1072135 0.4635864 0.3289783 0.1398746 0.10620555 0.4623552 0.3413414 0.13901466
0.332 0.1085822 0.4704333 0.3325611 0.1423444 0.107801884 0.4693489 0.34493127 0.14144006
0.3325 0.1099896 0.4774302 0.3363661 0.1448521 0.10943188 0.47649726 0.3486236 0.14390558
0.333 0.1114352 0.484576 0.3403346 0.147397 0.11109449 0.4837973 0.352417 0.14641055
0.3335 0.112911 0.4918664 0.3444286 0.149965 0.1127888 0.49124628 0.3563099 0.14895433
0.334 0.1144075 0.4992964 0.3486242 0.1525491 0.114513874 0.4988413 0.36030096 0.15153635
0.3345 0.1159376 0.5068624 0.3529129 0.1551659 0.116268784 0.5065796 0.36438859 0.15415588
0.335 0.1175095 0.5145601 0.3572915 0.1578195 0.1180526 0.51445806 0.36857143 0.15681237
0.3355 0.1191224 0.5223841 0.3617568 0.1604978 0.11986445 0.52247417 0.372848 0.15950507
0.336 0.1207729 0.5303313 0.3663077 0.1632082 0.121703506 0.5306249 0.37721676 0.16223347
0.3365 0.1224612 0.5383988 0.3709458 0.1659602 0.12356897 0.5389075 0.38167626 0.16499683
0.337 0.1241797 0.5465837 0.3756718 0.168747 0.1254598 0.5473191 0.386225 0.1677945
0.3375 0.1259206 0.5548831 0.3804845 0.1715653 0.12737544 0.5558569 0.39086145 0.1706258
0.338 0.1276961 0.5632942 0.385385 0.1744222 0.12931496 0.5645178 0.39558417 0.17349017
0.3385 0.1295122 0.5718141 0.3903738 0.1773179 0.13127746 0.5732992 0.40039143 0.17638683
0.339 0.1313688 0.5804405 0.3954506 0.1802506 0.13326237 0.5821981 0.4052818 0.17931521
0.3395 0.1332633 0.589171 0.4006146 0.1832184 0.13526885 0.5912116 0.41025367 0.18227458
0.34 0.1351933 0.5980033 0.405865 0.1862195 0.13729605 0.60033685 0.41530547 0.18526435
0.3405 0.1371565 0.6069352 0.4112009 0.1892522 0.13934335 0.6095708 0.42043546 0.18828374
0.341 0.1391515 0.6159647 0.4166211 0.1923155 0.14141 0.6189106 0.4256421 0.19133207
0.3415 0.1411772 0.6250897 0.4221248 0.195408 0.14349529 0.6283534 0.43092376 0.19440866
0.342 0.1432328 0.6343082 0.4277109 0.1985289 0.14559844 0.6378961 0.43627864 0.19751295
0.3425 0.1453177 0.6436185 0.4333783 0.2016774 0.14771883 0.64753586 0.44170508 0.20064417
0.343 0.1474316 0.6530185 0.4391259 0.2048527 0.14985573 0.6572695 0.44720137 0.20380157
0.3435 0.1495741 0.6625067 0.4449526 0.2080543 0.15200847 0.66709405 0.45276576 0.20698455
0.344 0.1517448 0.6720811 0.4508573 0.2112815 0.15417646 0.67700666 0.4583964 0.21019238
0.3445 0.1539434 0.6817401 0.4568388 0.2145338 0.15635893 0.68700415 0.46409154 0.21342438
0.345 0.1561697 0.6914821 0.4628961 0.2178106 0.15855521 0.69708353 0.4698493 0.21667984
0.3455 0.1584232 0.7013054 0.4690279 0.2211114 0.16076481 0.7072417 0.47566792 0.21995813
0.346 0.1607036 0.7112084 0.4752331 0.2244359 0.16298696 0.7174756 0.48154554 0.2232584
0.3465 0.1630074 0.7211895 0.4815044 0.2277806 0.16522108 0.72778225 0.48748013 0.22658002
0.347 0.1653071 0.7312419 0.4878036 0.231101 0.16746661 0.7381584 0.49346986 0.22992235
0.3475 0.1676169 0.7413627 0.4941653 0.2344107 0.16972277 0.74860096 0.49951282 0.2332846
0.348 0.1699576 0.7515547 0.5006127 0.2377484 0.17198913 0.75910693 0.505607 0.2366662
0.3485 0.1723368 0.7618192 0.5071466 0.2411248 0.17426503 0.76967317 0.51175046 0.24006629
0.349 0.1747543 0.7721563 0.5137613 0.2445394 0.17654994 0.7802964 0.51794124 0.24348426
0.3495 0.1772068 0.7825652 0.5204503 0.2479889 0.17884307 0.7909737 0.5241773 0.24691933
0.35 0.1796906 0.7930446 0.5272084 0.2514699 0.18114409 0.8017017 0.5304566 0.25037095
0.3505 0.1821197 0.8035037 0.533911 0.254847 0.18335557 0.8120503 0.53665024 0.25357804
0.351 0.1842809 0.8137429 0.5403214 0.2578928 0.18548213 0.8220136 0.5427443 0.25655898
0.3515 0.1862071 0.8236818 0.5464609 0.2606816 0.1875279 0.8315882 0.5487267 0.25932986
0.352 0.1879771 0.8332768 0.5523779 0.2632651 0.18949637 0.84077257 0.5545872 0.2619045
0.3525 0.1896401 0.8425032 0.5581012 0.265664 0.19139092 0.8495662 0.56031686 0.26429555
0.353 0.1912041 0.8513456 0.5636402 0.2678596 0.19321442 0.8579699 0.56590825 0.26651347
0.3535 0.1926756 0.8597942 0.5689967 0.2698653 0.19496912 0.8659855 0.57135487 0.26856807
0.354 0.1940822 0.8678428 0.5741769 0.2717143 0.19665733 0.8736153 0.57665133 0.27046773
0.3545 0.1954383 0.8754887 0.5791829 0.2734199 0.19828081 0.8808623 0.58179295 0.27222008
0.355 0.1967466 0.882731 0.5840141 0.2749867 0.1998412 0.88773 0.5867757 0.27383184
0.3555 0.1980048 0.8895706 0.5886685 0.2764169 0.20133969 0.89422214 0.59159636 0.27530915
0.356 0.1992103 0.8960093 0.5931444 0.2777138 0.20277762 0.9003429 0.596252 0.27665746
0.3565 0.200361 0.9020504 0.5974401 0.2788807 0.20415586 0.9060965 0.6007405 0.27788186
0.357 0.2014556 0.9076975 0.6015547 0.2799213 0.20547509 0.91148776 0.6050599 0.27898687
0.3575 0.2024933 0.9129549 0.6054872 0.2808387 0.20673606 0.9165215 0.6092087 0.27997655
0.358 0.2034737 0.9178246 0.6092362 0.2816361 0.20793936 0.92120224 0.6131856 0.2808548
0.3585 0.2043918 0.922313 0.6128012 0.2823073 0.20908535 0.9255352 0.6169899 0.28162497
0.359 0.2052272 0.926424 0.6161771 0.2828295 0.21017438 0.9295252 0.6206207 0.28229058
0.3595 0.2059957 0.930167 0.6193671 0.2832354 0.21120659 0.9331776 0.6240778 0.28285432
0.36 0.2067147 0.9335502 0.6223769 0.2835436 0.21218237 0.93649715 0.6273609 0.28331912
0.3605 0.2073891 0.9365811 0.6252088 0.2837589 0.21310174 0.9394893 0.63046986 0.28368765
0.361 0.2080164 0.9392664 0.6278609 0.2838817 0.21396485 0.9421591 0.6334048 0.28396234
0.3615 0.2085652 0.9416097 0.6302862 0.2838989 0.21477163 0.9445115 0.6361659 0.28414536
0.362 0.2090505 0.9436153 0.6325196 0.2838229 0.2155222 0.9465515 0.6387538 0.28423902
0.3625 0.2094946 0.945292 0.6345969 0.2836621 0.21621653 0.9482843 0.6411686 0.28424534
0.363 0.2098994 0.9466483 0.6365205 0.283418 0.21685448 0.94971496 0.6434111 0.28416622
0.3635 0.2102605 0.9476921 0.6382843 0.2830904 0.21743625 0.9508484 0.64548194 0.28400338
0.364 0.2105734 0.9484301 0.6398829 0.2826804 0.21796167 0.9516894 0.6473817 0.28375873
0.3645 0.2108352 0.9488687 0.6413128 0.2821898 0.21843055 0.9522429 0.64911133 0.28343388
0.365 0.2110445 0.9490142 0.6425725 0.2816203 0.21884301 0.95251375 0.65067166 0.2830305
0.3655 0.2112007 0.9488723 0.6436618 0.2809736 0.21919897 0.9525066 0.65206355 0.28255004
0.366 0.2113036 0.9484488 0.6445815 0.2802512 0.21949834 0.9522262 0.65328795 0.28199387
0.3665 0.2113534 0.9477496 0.6453325 0.2794546 0.21974108 0.951677 0.6543459 0.2813636
0.367 0.211337 0.9467762 0.6459124 0.2785525 0.21992716 0.9508638 0.65523845 0.2806605
0.3675 0.2112463 0.9455324 0.6463181 0.2775524 0.22005671 0.9497909 0.65596664 0.27988577
0.368 0.2111029 0.9440272 0.6465591 0.276489 0.22012943 0.9484626 0.6565315 0.27904075
0.3685 0.2109186 0.9422684 0.6466417 0.2753708 0.22014564 0.94688326 0.6569343 0.27812657
0.369 0.2106927 0.9402625 0.6465636 0.2741981 0.22010529 0.94505733 0.6571761 0.27714455
0.3695 0.2103955 0.9380137 0.6462825 0.2729679 0.22000828 0.942989 0.65725803 0.27609563
0.37 0.2100475 0.9355259 0.6458413 0.2716758 0.21985492 0.94068223 0.6571813 0.274981
0.3705 0.2096655 0.9328049 0.6452678 0.2703167 0.21964523 0.938141 0.6569472 0.27380168
0.371 0.2092495 0.9298567 0.6445622 0.2689025 0.21937925 0.93536973 0.6565569 0.27255878
0.3715 0.2087955 0.9266869 0.6437191 0.2674358 0.21905726 0.9323719 0.6560115 0.27125326
0.372 0.2082995 0.9233004 0.6427343 0.2659165 0.21867931 0.9291517 0.6553125 0.26988602
0.3725 0.2077592 0.9197019 0.6416053 0.2643446 0.21824571 0.92571276 0.65446085 0.2684581
0.373 0.2071731 0.9158958 0.6403316 0.2627201 0.21775654 0.9220589 0.65345794 0.26697037
0.3735 0.2065406 0.9118863 0.6389136 0.2610433 0.21721208 0.9181938 0.65230507 0.26542377
0.374 0.2058612 0.9076775 0.6373526 0.2593148 0.21661267 0.9141212 0.6510034 0.26381904
0.3745 0.205134 0.9032735 0.63565 0.257535 0.21595857 0.9098445 0.6495543 0.26215717
0.375 0.2043599 0.8986783 0.6338078 0.2557047 0.2152499 0.9053673 0.64795905 0.260439
0.3755 0.2035403 0.8938958 0.6318278 0.2538248 0.2144872 0.9006931 0.64621896 0.25866517
0.376 0.2026766 0.8889297 0.6297119 0.2518961 0.2136707 0.8958253 0.64433515 0.25683668
0.3765 0.2017697 0.883784 0.6274621 0.2499195 0.2128008 0.8907673 0.6423092 0.2549541
0.377 0.20082 0.8784624 0.6250803 0.2478958 0.21187788 0.8855223 0.640142 0.25301844
0.3775 0.1998279 0.8729684 0.6225684 0.2458214 0.2109023 0.88009375 0.6378352 0.25103024
0.378 0.1987931 0.8673057 0.6199281 0.2436865 0.20987466 0.8744848 0.63539004 0.2489903
0.3785 0.1977157 0.8614777 0.6171613 0.2415036 0.20879516 0.86869866 0.63280773 0.24689928
0.379 0.1965967 0.8554879 0.6142698 0.2392788 0.20766449 0.86273855 0.6300896 0.24475795
0.3795 0.1954368 0.8493396 0.6112554 0.237014 0.206483 0.8566075 0.6272369 0.242567
0.38 0.1942368 0.8430362 0.60812 0.23471 0.20525119 0.8503087 0.624251 0.24032712
0.3805 0.192997 0.836581 0.6048652 0.2323674 0.20396972 0.8438451 0.62113327 0.23803902
0.381 0.1917179 0.829977 0.6014929 0.2299868 0.20263898 0.8372199 0.61788493 0.23570329
0.3815 0.1904 0.8232275 0.5980046 0.2275686 0.20125961 0.8304359 0.6145074 0.23332047
0.382 0.1890436 0.8163355 0.594402 0.2251133 0.19983214 0.82349616 0.6110019 0.23089147
0.3825 0.1876491 0.8093039 0.590687 0.2226215 0.19835716 0.81640345 0.6073699 0.22841674
0.383 0.1862171 0.8021357 0.5868609 0.2200936 0.19683534 0.80916095 0.6036125 0.22589695
0.3835 0.1847479 0.7948336 0.5829256 0.2175301 0.1952672 0.8017713 0.5997312 0.2233327
0.384 0.1832419 0.7874005 0.5788826 0.2149314 0.19365343 0.79423743 0.5957273 0.22072461
0.3845 0.1816996 0.779839 0.5747336 0.212298 0.19199467 0.78656226 0.59160227 0.21807331
0.385 0.1801109 0.7721361 0.5697192 0.2096245 0.19029158 0.7787487 0.5873571 0.21537939
0.3855 0.1784595 0.7642534 0.5641437 0.2069077 0.18854484 0.77079916 0.5829934 0.21264344
0.386 0.1767749 0.7562142 0.558919 0.2041596 0.18675515 0.7627168 0.5785125 0.2098661
0.3865 0.1750688 0.7480509 0.5540696 0.2013823 0.18492316 0.7545043 0.5739156 0.20704785
0.387 0.1733411 0.7397851 0.5494375 0.1985759 0.18304963 0.7461644 0.56920415 0.20418945
0.3875 0.1715884 0.7314277 0.5448777 0.1957401 0.18113533 0.7376998 0.5643795 0.20129132
0.388 0.1698072 0.7229827 0.540293 0.1928747 0.17918098 0.7291132 0.55944306 0.19835413
0.3885 0.1679955 0.7144504 0.5356275 0.1899797 0.17718722 0.72040737 0.55439615 0.1953784
0.389 0.1661519 0.7058293 0.530853 0.1870553 0.17515486 0.7115851 0.54924005 0.19236466
0.3895 0.1642759 0.6971177 0.5259581 0.1841017 0.17308477 0.7026488 0.54397625 0.18931362
0.39 0.1623675 0.6883142 0.5209407 0.1811191 0.17097767 0.69360155 0.5386059 0.18622574
0.3905 0.1604268 0.6794177 0.5158035 0.1781079 0.16883428 0.6844457 0.5331307 0.1831016
0.391 0.1584542 0.6704277 0.5105513 0.1750683 0.16665557 0.6751841 0.5275518 0.17994171
0.3915 0.1564502 0.6613444 0.5051896 0.1720009 0.16444218 0.6658192 0.5218707 0.1767467
0.392 0.1544153 0.6521681 0.4997237 0.1689059 0.16219507 0.65635383 0.51608866 0.17351717
0.3925 0.1523499 0.6428998 0.4941587 0.1657838 0.159915 0.64679056 0.51020724 0.17025343
0.393 0.1502545 0.6335407 0.4884991 0.162635 0.15760282 0.63713205 0.50422764 0.16695625
0.3935 0.1481295 0.624092 0.4827488 0.1594599 0.15525943 0.6273809 0.4981514 0.16362607
0.394 0.1459754 0.6145552 0.4769112 0.1562589 0.15288565 0.6175397 0.49197987 0.16026351
0.3945 0.1437927 0.6049319 0.4709893 0.1530323 0.15048237 0.6076111 0.48571447 0.15686905
0.395 0.1415816 0.5952237 0.4649857 0.1497807 0.1480505 0.59759766 0.4793565 0.15344316
0.3955 0.1393426 0.5854324 0.4589027 0.1465044 0.14559092 0.58750206 0.4729075 0.14998642
0.396 0.1370762 0.5755595 0.4527424 0.1432037 0.14310454 0.5773266 0.46636876 0.14649928
0.3965 0.1347826 0.5656068 0.4465066 0.1398792 0.14059222 0.5670741 0.45974174 0.1429823
0.397 0.1324622 0.5555759 0.4401971 0.136531 0.13805495 0.55674696 0.45302793 0.13943589
0.3975 0.1301154 0.5454684 0.4338154 0.1331597 0.1354936 0.5463478 0.44622865 0.13586059
0.398 0.1277425 0.5352859 0.427363 0.1297656 0.13290915 0.53587896 0.43934536 0.13225687
0.3985 0.1253439 0.5250299 0.4208412 0.1263491 0.1303025 0.52534306 0.4323795 0.12862512
0.399 0.1229199 0.514702 0.4142514 0.1229104 0.12767461 0.51474255 0.4253324 0.12496581
0.3995 0.1204708 0.5043037 0.4075948 0.11945 0.12502643 0.5040799 0.4182056 0.12127937
0.4 0.1179969 0.4938364 0.4008726 0.1159682 0.12235889 0.49335748 0.41100034 0.117566235
0.4005 0.1155403 0.4833461 0.3941465 0.1125316 0.11972384 0.48278332 0.40385082 0.11396339
0.401 0.1132065 0.4729333 0.3875347 0.1092533 0.117121726 0.4723606 0.39675984 0.11046732
0.4015 0.1109789 0.4626386 0.3810267 0.1060954 0.114552975 0.46209168 0.38973 0.1070744
0.402 0.1088176 0.4524843 0.3745988 0.1030316 0.11201793 0.45197907 0.38276377 0.103781216
0.4025 0.106698 0.4424834 0.3682368 0.100051 0.10951686 0.44202465 0.37586358 0.10058426
0.403 0.1046076 0.432644 0.3619349 0.09714828 0.10704996 0.43223 0.36903158 0.097480126
0.4035 0.1025405 0.4229713 0.3556914 0.09431959 0.10461743 0.4225965 0.3622697 0.0944654
0.404 0.100494 0.4134688 0.3495065 0.09156187 0.1022193 0.4131252 0.35557982 0.09153681
0.4045 0.0984669 0.4041386 0.3433812 0.0888723 0.099855736 0.4038168 0.34896368 0.08869118
0.405 0.09645873 0.3949817 0.3373166 0.08624823 0.09752664 0.39467168 0.34242263 0.08592533
0.4055 0.09446928 0.3859984 0.3313138 0.08368717 0.095232055 0.3856901 0.3359581 0.083236285
0.406 0.09249847 0.3771883 0.325374 0.08118677 0.09297186 0.376872 0.32957128 0.08062101
0.4065 0.09054629 0.3685503 0.3194981 0.0787448 0.09074591 0.36821693 0.3232631 0.07807674
0.407 0.08861277 0.3600832 0.3136869 0.07635914 0.088554054 0.3597244 0.3170345 0.07560066
0.4075 0.08669792 0.3517851 0.307941 0.07402778 0.08639616 0.35139364 0.31088617 0.073190205
0.408 0.08480179 0.3436541 0.3022612 0.07174881 0.08427192 0.34322357 0.30481866 0.07084275
0.4085 0.08292438 0.3356878 0.2966477 0.06952043 0.082181096 0.33521304 0.29883248 0.06855584
0.409 0.08106572 0.3278837 0.2911012 0.06734089 0.08012338 0.32736063 0.29292795 0.06632707
0.4095 0.07922581 0.3202393 0.2856217 0.06520858 0.07809852 0.31966484 0.28710514 0.06415429
0.41 0.07740465 0.3127519 0.2802096 0.06312191 0.076106116 0.31212398 0.2813643 0.062035166
0.4105 0.07560222 0.3054186 0.2748649 0.06107941 0.07414582 0.3047362 0.27570537 0.05996775
0.411 0.07381852 0.2982367 0.2695878 0.05907965 0.072217196 0.29749957 0.2701282 0.057949923
0.4115 0.07205352 0.2912032 0.2643781 0.05712129 0.07031992 0.29041195 0.26463264 0.055979826
0.412 0.07030717 0.2843153 0.259236 0.05520304 0.06845349 0.28347126 0.2592184 0.054055624
0.4125 0.06857945 0.27757 0.2541612 0.05332366 0.066617504 0.27667516 0.25388512 0.052175544
0.413 0.0668703 0.2709645 0.2491536 0.05148199 0.0648115 0.2700214 0.24863242 0.050337903
0.4135 0.06517967 0.2644959 0.244213 0.0496769 0.06303501 0.2635076 0.24345966 0.04854109
0.414 0.06350749 0.2581613 0.2393391 0.04790731 0.061287597 0.25713128 0.23836644 0.04678362
0.4145 0.0618537 0.2519579 0.2345317 0.0461722 0.059568733 0.2508899 0.23335208 0.045063935
0.415 0.06021823 0.2458829 0.2297903 0.04447059 0.057877883 0.24478106 0.22841601 0.0433807
0.4155 0.05860099 0.2399337 0.2251147 0.04280153 0.056214616 0.23880206 0.22355744 0.041732557
0.416 0.05700191 0.2341074 0.2205045 0.04116413 0.05457837 0.23295043 0.21877573 0.040118232
0.4165 0.05542089 0.2284015 0.2159591 0.03955751 0.05296865 0.2272236 0.21407007 0.03853651
0.417 0.05385784 0.2228133 0.2114783 0.03798086 0.05138497 0.221619 0.20943972 0.036986195
0.4175 0.05231266 0.2173403 0.2070614 0.03643337 0.04982681 0.21613398 0.2048838 0.0354662
0.418 0.05078525 0.2119799 0.2027081 0.03491427 0.04829362 0.21076602 0.20040147 0.033975475
0.4185 0.04927551 0.2067298 0.1984178 0.03342283 0.046784922 0.2055126 0.19599193 0.032512978
0.419 0.04778331 0.2015874 0.1941899 0.03195835 0.045300186 0.20037113 0.19165425 0.031077765
0.4195 0.04630856 0.1965505 0.190024 0.03052015 0.04383888 0.1953391 0.18738757 0.029668927
0.42 0.04485113 0.1916168 0.1859194 0.02910756 0.04240057 0.19041409 0.18319099 0.028285556
0.4205 0.04341091 0.1867839 0.1818755 0.02771996 0.04098472 0.18559362 0.17906353 0.026926853
0.421 0.04198777 0.1820497 0.1778919 0.02635674 0.039590865 0.18087532 0.17500433 0.025591984
0.4215 0.04058158 0.177412 0.1739678 0.02501732 0.03821847 0.17625673 0.17101248 0.024280258
0.422 0.03919223 0.1728688 0.1701027 0.02370113 0.036867097 0.17173558 0.16708697 0.022990882
0.4225 0.03781957 0.1684179 0.166296 0.02240763 0.03553626 0.16730958 0.16322693 0.021723203
0.423 0.03646349 0.1640573 0.162547 0.02113628 0.034225523 0.16297641 0.15943143 0.020476565
0.4235 0.03512383 0.1597851 0.158855 0.01988658 0.032934375 0.15873392 0.15569949 0.01925037
0.424 0.03380048 0.1555993 0.1552195 0.01865804 0.03166242 0.15457994 0.1520302 0.018043987
0.4245 0.03249329 0.1514981 0.1516398 0.01745019 0.030409202 0.15051237 0.14842266 0.016856857
0.425 0.03120212 0.1474796 0.1481153 0.01626255 0.029174298 0.14652908 0.14487593 0.015688486
0.4255 0.02992684 0.143542 0.1446453 0.0150947 0.027957305 0.14262809 0.14138903 0.014538325
0.426 0.0286673 0.1396837 0.1412291 0.01394619 0.026757807 0.1388074 0.13796109 0.013405919
0.4265 0.02742336 0.1359027 0.137866 0.01281661 0.02557543 0.13506511 0.13459115 0.012290768
0.427 0.02619488 0.1321976 0.1345556 0.01170555 0.024409741 0.13139933 0.13127838 0.011192463
0.4275 0.02498171 0.1285666 0.1312969 0.01061263 0.023260415 0.1278082 0.1280218 0.010110557
0.428 0.02378371 0.1250082 0.1280895 0.009537467 0.022127047 0.124289945 0.12482057 0.00904467
0.4285 0.02260074 0.1215207 0.1249327 0.008479684 0.021009281 0.120842844 0.121673785 0.007994458
0.429 0.02143264 0.1181027 0.1218257 0.007438927 0.019906834 0.1174652 0.11858059 0.006959483
0.4295 0.02027928 0.1147527 0.1187679 0.006414849 0.018819295 0.11415534 0.11554005 0.0059394613
0.43 0.01914051 0.1114692 0.1157588 0.005407113 0.017746404 0.11091164 0.11255137 0.0049340427
0.4305 0.01801618 0.1082507 0.1127975 0.00441539 0.01668781 0.107732564 0.10961368 0.003942929
0.431 0.01690614 0.105096 0.1098836 0.003439361 0.015643187 0.10461657 0.10672612 0.0029658005
0.4315 0.01581024 0.1020036 0.1070162 0.002478717 0.014612272 0.10156219 0.10388788 0.0020023882
0.432 0.01472835 0.09897224 0.1041949 0.001533156 0.013594791 0.09856798 0.1010981 0.0010524243
0.4325 0.01366032 0.09600057 0.1014189 0.0006023844 0.012590468 0.09563255 0.098356 0.00011564046
0.433 0.01260599 0.09308735 0.09868758 -0.0003138822 0.011599004 0.09275451 0.095660776 -0.0008082241
0.4335 0.01156522 0.09023134 0.09600035 -0.001215922 0.010620177 0.08993256 0.093011625 -0.001719363
0.434 0.01053787 0.08743132 0.09335657 -0.002104006 0.00965371 0.08716543 0.09040774 -0.0026180297
0.4345 0.009523784 0.0846861 0.0907556 -0.002978397 0.00869938 0.08445184 0.08784836 -0.0035044514
0.435 0.008522828 0.08199454 0.08819684 -0.003839352 0.0077569634 0.08179055 0.08533276 -0.0043788366
0.4355 0.007534852 0.0793555 0.08567966 -0.004687121 0.006826207 0.07918048 0.08286014 -0.0052413456
0.436 0.006559713 0.07676787 0.08320346 -0.005521949 0.005906917 0.07662034 0.08042977 -0.0060922094
0.4365 0.005597267 0.07423058 0.08076764 -0.006344072 0.0049988776 0.07410911 0.07804094 -0.0069316253
0.437 0.004647372 0.07174256 0.07837159 -0.007153724 0.0041018873 0.07164565 0.07569294 -0.0077597164
0.4375 0.003709885 0.06930279 0.07601472 -0.007951131 0.003215786 0.06922893 0.073384985 -0.008576691
0.438 0.002784664 0.06691025 0.07369645 -0.008736512 0.0023403466 0.066857904 0.07111645 -0.009382747
0.4385 0.001871569 0.06456396 0.0714162 -0.009510085 0.0014754012 0.06453161 0.06888661 -0.010178022
0.439 0.0009704605 0.06226295 0.06917338 -0.01027206 0.00062076 0.06224904 0.066694826 -0.010962639
0.4395 8.119832e-05 0.06000628 0.06696743 -0.01102264 -0.00022371486 0.06000926 0.06454038 -0.0117367655
0.44 -0.0007963555 0.05779303 0.06479779 -0.01176203 -0.0010581911 0.057811353 0.06242264 -0.012500558
0.4405 -0.001662339 0.05562229 0.06266389 -0.01249042 -0.0018828586 0.055654395 0.060340934 -0.013254143
0.441 -0.002516887 0.05349318 0.0605652 -0.01320801 -0.002697803 0.053537566 0.058294646 -0.013997652
0.4415 -0.003360138 0.05140485 0.05850115 -0.01391498 -0.0035032406 0.051459987 0.05628317 -0.014731236
0.442 -0.004192224 0.04935644 0.05647122 -0.01461152 -0.004299272 0.049420837 0.054305866 -0.015455045
0.4425 -0.00501328 0.04734714 0.05447487 -0.01529781 -0.0050860047 0.047419336 0.052362107 -0.016169168
0.443 -0.005823439 0.04537613 0.05251158 -0.01597401 -0.005863644 0.04545464 0.05045136 -0.016873736
0.4435 -0.006622833 0.04344263 0.05058083 -0.01664031 -0.006632231 0.043526016 0.048572965 -0.017568864
0.444 -0.007411592 0.04154587 0.0486821 -0.01729686 -0.0073919296 0.041632757 0.046726383 -0.018254686
0.4445 -0.008189845 0.0396851 0.04681488 -0.01794384 -0.008142889 0.039774083 0.04491104 -0.0189313
0.445 -0.008957722 0.03785956 0.04497869 -0.0185814 -0.008885179 0.037949324 0.043126397 -0.019598864
0.4455 -0.00971535 0.03606856 0.04317301 -0.01920971 -0.009618923 0.036157776 0.04137189 -0.02025742
0.446 -0.01046286 0.03431137 0.04139738 -0.01982891 -0.010344215 0.03439877 0.03964699 -0.020907138
0.4465 -0.01120036 0.03258731 0.0396513 -0.02043915 -0.011061173 0.032671686 0.03795115 -0.021548081
0.447 -0.011928 0.0308957 0.03793429 -0.02104058 -0.011769928 0.03097583 0.036283873 -0.022180371
0.4475 -0.01264589 0.02923589 0.0362459 -0.02163336 -0.01247051 0.02931061 0.034644634 -0.022804093
0.448 -0.01335415 0.02760722 0.03458566 -0.02221761 -0.013163056 0.02767542 0.03303294 -0.023419369
0.4485 -0.0140529 0.02600907 0.03295312 -0.02279348 -0.013847649 0.026069641 0.031448297 -0.02402632
0.449 -0.01474226 0.02444082 0.03134782 -0.0233611 -0.014524374 0.024492763 0.029890241 -0.024624992
0.4495 -0.01542236 0.02290186 0.02976933 -0.02392061 -0.015193336 0.022944115 0.028358283 -0.025215536
0.45 -0.0160933 0.0213916 0.0282172 -0.02447213 -0.015854571 0.021423254 0.026851924 -0.02579799
0.4505 -0.01675522 0.01990946 0.026691 -0.0250158 -0.01650823 0.019929573 0.025370749 -0.02637247
0.451 -0.01740821 0.01845488 0.02519032 -0.02555174 -0.017154355 0.018462542 0.02391431 -0.026939094
0.4515 -0.01805239 0.0170273 0.02371473 -0.02608007 -0.01779303 0.017021712 0.022482155 -0.027497955
0.452 -0.01868789 0.01562619 0.02226382 -0.02660092 -0.018424317 0.015606504 0.02107382 -0.028049104
0.4525 -0.0193148 0.014251 0.02083719 -0.02711439 -0.019048277 0.014216512 0.019688928 -0.028592676
0.453 -0.01993324 0.01290122 0.01943443 -0.02762062 -0.019665048 0.012851218 0.01832706 -0.0291287
0.4535 -0.02054333 0.01157635 0.01805515 -0.0281197 -0.020274647 0.011510108 0.016987788 -0.02965733
0.454 -0.02114515 0.01027588 0.01669896 -0.02861176 -0.020877171 0.010192763 0.015670734 -0.030178607
0.4545 -0.02173884 0.008999327 0.01536548 -0.0290969 -0.021472674 0.008898707 0.01437548 -0.030692656
0.455 -0.02232448 0.007746221 0.01405433 -0.02957523 -0.022061244 0.0076275803 0.013101654 -0.031199537
0.4555 -0.02290219 0.006516093 0.01276515 -0.03004685 -0.022642892 0.00637888 0.011848865 -0.031699337
0.456 -0.02347207 0.005308487 0.01149756 -0.03051188 -0.023217753 0.005152203 0.010616763 -0.03219214
0.4565 -0.02403421 0.004122956 0.0102512 -0.0309704 -0.023785863 0.0039471462 0.009404944 -0.032678
0.457 -0.02458873 0.002959065 0.00902573 -0.03142253 -0.024347242 0.0027633067 0.008213097 -0.033157084
0.4575 -0.02513573 0.001816386 0.00782079 -0.03186835 -0.024902035 0.0016003028 0.0070408434 -0.033629388
0.458 -0.02567529 0.0006945002 0.006636039 -0.03230797 -0.025450204 0.00045773573 0.005887868 -0.034095045
0.4585 -0.02620752 -0.0004070013 0.005471139 -0.03274148 -0.025991917 -0.0006647743 0.004753787 -0.034554128
0.459 -0.02673252 -0.001488519 0.004325758 -0.03316897 -0.026527165 -0.0017675795 0.003638303 -0.035006672
0.4595 -0.02725038 -0.002550446 0.003199567 -0.03359053 -0.027056033 -0.0028510522 0.0025410838 -0.035452798
0.46 -0.0277612 -0.003593166 0.002092244 -0.03400626 -0.027578533 -0.0039155604 0.001461817 -0.03589256
0.4605 -0.02826507 -0.004617055 0.001003472 -0.03441623 -0.0280948 -0.004961417 0.0004001651 -0.036326073
0.461 -0.02876208 -0.00562248 -6.706092e-05 -0.03482055 -0.028604837 -0.0059889955 -0.00064417534 -0.036753375
0.4615 -0.02925232 -0.006609803 -0.001119663 -0.03521928 -0.029108692 -0.0069986135 -0.0016714688 -0.037174553
0.462 -0.02973589 -0.007579375 -0.002154636 -0.03561252 -0.029606452 -0.007990598 -0.0026820283 -0.037589703
0.4625 -0.03021287 -0.008531543 -0.003172277 -0.03600035 -0.030098183 -0.008965259 -0.003676163 -0.03799884
0.463 -0.03068335 -0.009466644 -0.00417288 -0.03638284 -0.030583892 -0.009922924 -0.004654145 -0.038402114
0.4635 -0.03114741 -0.01038501 -0.005156733 -0.03676008 -0.031063681 -0.010863885 -0.0056162532 -0.03879955
0.464 -0.03160515 -0.01128696 -0.006124117 -0.03713215 -0.03153757 -0.011788477 -0.006562745 -0.039191265
0.4645 -0.03205665 -0.01217282 -0.007075314 -0.03749912 -0.032005653 -0.01269695 -0.0074938927 -0.03957728
0.465 -0.032502 -0.0130429 -0.008010596 -0.03786106 -0.032467913 -0.013589632 -0.008409968 -0.039957695
0.4655 -0.03294126 -0.0138975 -0.008930233 -0.03821806 -0.032924473 -0.014466733 -0.0093112495 -0.04033255
0.466 -0.03337454 -0.01473691 -0.00983449 -0.03857018 -0.033375368 -0.01532862 -0.010197958 -0.040701956
0.4665 -0.0338019 -0.01556144 -0.01072363 -0.03891749 -0.0338206 -0.016175529 -0.011070358 -0.041065946
0.467 -0.03422342 -0.01637136 -0.01159791 -0.03926007 -0.0342603 -0.017007701 -0.011928679 -0.041424632
0.4675 -0.0346392 -0.01716696 -0.01245757 -0.03959798 -0.034694474 -0.017825468 -0.012773188 -0.041778043
0.468 -0.0350493 -0.01794851 -0.01330288 -0.03993129 -0.03512317 -0.018628988 -0.013604084 -0.042126253
0.4685 -0.0354538 -0.01871628 -0.01413407 -0.04026008 -0.03554648 -0.019418608 -0.014421636 -0.042469338
0.469 -0.03585277 -0.01947053 -0.01495138 -0.04058439 -0.035964385 -0.020194504 -0.015226031 -0.042807378
0.4695 -0.0362463 -0.02021152 -0.01575506 -0.04090431 -0.036376998 -0.020956965 -0.01601752 -0.043140396
0.47 -0.03663445 -0.0209395 -0.01654532 -0.04121989 -0.036784343 -0.021706205 -0.016796311 -0.043468524
0.4705 -0.0370173 -0.02165472 -0.0173224 -0.0415312 -0.037186466 -0.02244245 -0.017562607 -0.04379176
0.471 -0.03739492 -0.02235743 -0.01808653 -0.04183829 -0.037583414 -0.023165993 -0.018316628 -0.04411022
0.4715 -0.03776738 -0.02304784 -0.01883792 -0.04214123 -0.03797525 -0.02387696 -0.019058587 -0.044423927
0.472 -0.03813475 -0.02372621 -0.01957679 -0.04244008 -0.038362037 -0.02457564 -0.019788666 -0.04473297
0.4725 -0.03849711 -0.02439276 -0.02030336 -0.04273489 -0.038743794 -0.02526223 -0.020507088 -0.045037363
0.473 -0.03885451 -0.02504771 -0.02101783 -0.04302573 -0.0391206 -0.025936943 -0.021214021 -0.045337215
0.4735 -0.03920703 -0.02569127 -0.02172041 -0.04331265 -0.039492495 -0.026599953 -0.02190967 -0.045632582
0.474 -0.03955473 -0.02632367 -0.02241131 -0.04359571 -0.039859507 -0.027251542 -0.022594227 -0.045923535
0.4745 -0.03989769 -0.02694511 -0.02309071 -0.04387496 -0.04022169 -0.027891852 -0.023267867 -0.0462101
0.475 -0.04023595 -0.0275558 -0.02375883 -0.04415045 -0.040579103 -0.028521096 -0.023930768 -0.04649234
0.4755 -0.0405696 -0.02815593 -0.02441585 -0.04442224 -0.040931787 -0.029139478 -0.024583122 -0.046770323
0.476 -0.04089868 -0.02874571 -0.02506196 -0.04469039 -0.041279815 -0.029747177 -0.025225094 -0.047044136
0.4765 -0.04122327 -0.02932533 -0.02569735 -0.04495493 -0.0416232 -0.030344376 -0.02585681 -0.047313824
0.477 -0.04154343 -0.02989498 -0.02632219 -0.04521593 -0.04196201 -0.030931279 -0.026478497 -0.047579415
0.4775 -0.04185921 -0.03045484 -0.02693668 -0.04547344 -0.042296275 -0.03150805 -0.027090332 -0.04784095
0.478 -0.04217067 -0.0310051 -0.02754098 -0.0457275 -0.04262608 -0.032074876 -0.02769242 -0.048098553
0.4785 -0.04247789 -0.03154593 -0.02813527 -0.04597816 -0.042951435 -0.032631874 -0.028284961 -0.048352227
0.479 -0.0427809 -0.03207751 -0.02871972 -0.04622547 -0.043272384 -0.033179305 -0.028868092 -0.048602026
0.4795 -0.04307978 -0.03260001 -0.0292945 -0.04646948 -0.04358898 -0.03371725 -0.029441988 -0.04884801
0.48 -0.04337457 -0.03311359 -0.02985977 -0.04671023 -0.043901287 -0.03424595 -0.030006787 -0.049090225
0.4805 -0.04366534 -0.03361843 -0.0304157 -0.04694777 -0.04420933 -0.034765482 -0.030562608 -0.04932874
0.481 -0.04395214 -0.03411468 -0.03096244 -0.04718214 -0.044513155 -0.03527608 -0.031109644 -0.04956364
0.4815 -0.04423502 -0.03460249 -0.03150016 -0.04741339 -0.044812825 -0.035777874 -0.031648025 -0.049794894
0.482 -0.04451404 -0.03508203 -0.032029 -0.04764157 -0.04510835 -0.036271036 -0.03217788 -0.050022613
0.4825 -0.04478925 -0.03555345 -0.03254912 -0.0478667 -0.045399833 -0.03675565 -0.032699354 -0.05024682
0.483 -0.0450607 -0.03601689 -0.03306066 -0.04808884 -0.045687277 -0.037231922 -0.03321255 -0.050467584
0.4835 -0.04532845 -0.03647251 -0.03356378 -0.04830803 -0.045970723 -0.037699994 -0.033717655 -0.050684933
0.484 -0.04559254 -0.03692043 -0.0340586 -0.04852431 -0.046250254 -0.038159993 -0.034214765 -0.050898936
0.4845 -0.04585303 -0.03736081 -0.03454529 -0.04873772 -0.04652586 -0.038612083 -0.034704037 -0.05110963
0.485 -0.04610997 -0.03779378 -0.03502397 -0.0489483 -0.046797615 -0.039056342 -0.035185557 -0.051317044
0.4855 -0.0463634 -0.03821948 -0.03549478 -0.04915609 -0.047065586 -0.039492946 -0.03565947 -0.051521264
0.486 -0.04661337 -0.03863803 -0.03595786 -0.04936112 -0.047329783 -0.039922033 -0.036125906 -0.051722296
0.4865 -0.04685993 -0.03904957 -0.03641334 -0.04956344 -0.04759025 -0.040343765 -0.036584966 -0.051920213
0.487 -0.04710313 -0.03945422 -0.03686134 -0.04976308 -0.047847036 -0.040758193 -0.03703676 -0.05211507
0.4875 -0.04734302 -0.03985211 -0.03730199 -0.04996008 -0.048100185 -0.041165486 -0.037481442 -0.052306876
0.488 -0.04757964 -0.04024336 -0.03773542 -0.05015448 -0.04834975 -0.041565754 -0.037919104 -0.052495696
0.4885 -0.04781303 -0.04062808 -0.03816175 -0.05034631 -0.048595726 -0.041959107 -0.03834986 -0.05268155
0.489 -0.04804323 -0.04100641 -0.03858111 -0.0505356 -0.048838224 -0.042345725 -0.038773812 -0.05286453
0.4895 -0.04827031 -0.04137844 -0.0389936 -0.05072239 -0.049077235 -0.042725645 -0.03919108 -0.053044602
0.49 -0.04849429 -0.0417443 -0.03939935 -0.05090672 -0.049312815 -0.043099 -0.039601766 -0.053221885
0.4905 -0.04871521 -0.0421041 -0.03979848 -0.05108863 -0.049545042 -0.043465987 -0.040005956 -0.053396385
0.491 -0.04893313 -0.04245793 -0.04019108 -0.05126813 -0.049773898 -0.043826617 -0.040403776 -0.053568147
0.4915 -0.04914809 -0.04280592 -0.04057728 -0.05144527 -0.049999464 -0.044181034 -0.04079532 -0.05373721
0.492 -0.04936011 -0.04314816 -0.04095719 -0.05162007 -0.05022172 -0.044529334 -0.041180696 -0.053903613
0.4925 -0.04956925 -0.04348475 -0.0413309 -0.05179258 -0.05044079 -0.04487168 -0.041559987 -0.0540674
0.493 -0.04977554 -0.0438158 -0.04169853 -0.05196281 -0.050656654 -0.04520808 -0.0419333 -0.05422859
0.4935 -0.04997903 -0.04414141 -0.04206017 -0.05213081 -0.050869368 -0.04553868 -0.04230073 -0.054387238
0.494 -0.05017975 -0.04446167 -0.04241594 -0.0522966 -0.051078975 -0.045863595 -0.042662352 -0.054543372
0.4945 -0.05037774 -0.04477667 -0.04276592 -0.05246021 -0.051285528 -0.04618291 -0.043018278 -0.054697055
0.495 -0.05057303 -0.04508651 -0.04311022 -0.05262168 -0.051489014 -0.046496697 -0.043368593 -0.054848295
0.4955 -0.05076567 -0.04539128 -0.04344893 -0.05278102 -0.051689535 -0.046805125 -0.043713383 -0.054997135
0.496 -0.0509557 -0.04569107 -0.04378215 -0.05293828 -0.05188708 -0.047108226 -0.04405273 -0.055143613
0.4965 -0.05114314 -0.04598596 -0.04410996 -0.05309347 -0.05208172 -0.047406062 -0.044386733 -0.055287763
0.497 -0.05132803 -0.04627605 -0.04443247 -0.05324663 -0.052273467 -0.047698792 -0.04471545 -0.05542963
0.4975 -0.05151041 -0.04656141 -0.04474976 -0.05339778 -0.05246237 -0.04798647 -0.045038994 -0.055569254
0.498 -0.05169031 -0.04684213 -0.04506192 -0.05354696 -0.052648474 -0.048269205 -0.04535743 -0.05570662
0.4985 -0.05186778 -0.0471183 -0.04536903 -0.05369418 -0.052831803 -0.048547067 -0.04567085 -0.055841796
0.499 -0.05204283 -0.04738998 -0.04567118 -0.05383947 -0.053012375 -0.048820104 -0.04597932 -0.055974822
0.4995 -0.05221551 -0.04765726 -0.04596846 -0.05398286 -0.053190265 -0.049088486 -0.046282917 -0.05610574
0.5 -0.05238584 -0.04792022 -0.04626094 -0.05412438 -0.053365454 -0.049352206 -0.046581715 -0.056234557
