0.0 -0.065 -0.065 -0.065 -0.065 -0.14699621 -0.17410481 -0.18221498 0.15822843
0.0005 -0.065 -0.065 -0.065 -0.065 -0.115407854 -0.008281879 -0.10133314 0.16427988
0.001 -0.065 -0.065 -0.065 -0.065 -0.09745275 -0.09443647 -0.08527775 0.10073003
0.0015 -0.065 -0.065 -0.065 -0.065 -0.07824625 0.021826204 -0.03353937 0.11014195
0.002 -0.065 -0.065 -0.065 -0.065 -0.068251885 -0.044874985 -0.027711034 0.06780781
0.0025 -0.065 -0.065 -0.065 -0.065 -0.057441846 0.035900917 0.003952846 0.078801006
0.003 -0.065 -0.065 -0.065 -0.065 -0.052495398 -0.015560258 0.0037778765 0.0509983
0.0035 -0.065 -0.065 -0.065 -0.065 -0.046665534 0.040711697 0.02296193 0.06164621
0.004 -0.065 -0.065 -0.065 -0.065 -0.04447879 0.0015301518 0.020159647 0.043253794
0.0045 -0.065 -0.065 -0.065 -0.065 -0.041357473 0.04107685 0.031992793 0.052451998
0.005 -0.065 -0.065 -0.065 -0.065 -0.04052396 0.01165406 0.02852197 0.040061742
0.0055 -0.065 -0.065 -0.065 -0.065 -0.038821444 0.039707843 0.036051467 0.04748617
0.006 -0.065 -0.065 -0.065 -0.065 -0.03859608 0.017850053 0.032807514 0.038973838
0.0065 -0.065 -0.065 -0.065 -0.065 -0.03763458 0.037903037 0.037757903 0.044729903
0.007 -0.065 -0.065 -0.065 -0.065 -0.037656233 0.021786768 0.03504865 0.038783684
0.0075 -0.065 -0.065 -0.065 -0.065 -0.037089393 0.03620019 0.038396835 0.04313937
0.008 -0.065 -0.065 -0.065 -0.065 -0.037194163 0.02437659 0.03625898 0.038933188
0.0085 -0.065 -0.065 -0.065 -0.065 -0.036844835 0.03477585 0.03857392 0.042180628
0.009 -0.065 -0.065 -0.065 -0.065 -0.03696339 0.026129875 0.03693974 0.03917861
0.0095 -0.065 -0.065 -0.065 -0.065 -0.03673911 0.03365207 0.038566202 0.041577518
0.01 -0.065 -0.065 -0.065 -0.065 -0.0368454 0.027343158 0.037340313 0.039421737
0.0105 -0.065 -0.065 -0.065 -0.065 -0.036696404 0.03279331 0.038495958 0.04118359
0.011 -0.065 -0.065 -0.065 -0.065 -0.036783203 0.028196093 0.037586898 0.039629117
0.0115 -0.065 -0.065 -0.065 -0.065 -0.03668149 0.03214938 0.03841436 0.04091826
0.012 -0.065 -0.065 -0.065 -0.065 -0.03674911 0.028802391 0.03774506 0.039794326
0.0125 -0.065 -0.065 -0.065 -0.065 -0.03667833 0.031671908 0.03834054 0.04073541
0.013 -0.065 -0.065 -0.065 -0.065 -0.03672962 0.029236589 0.037850022 0.03992127
0.0135 -0.065 -0.065 -0.065 -0.065 -0.03667964 0.031320464 0.03828007 0.040607214
0.014 -0.065 -0.065 -0.065 -0.065 -0.036717936 0.029549133 0.037921578 0.0400168
0.0145 -0.065 -0.065 -0.065 -0.065 -0.036682308 0.031062905 0.038232803 0.040516287
0.015 -0.065 -0.065 -0.065 -0.065 -0.036710635 0.029774811 0.037971318 0.040087774
0.0155 -0.065 -0.065 -0.065 -0.065 -0.036685094 0.03087468 0.03819689 0.040451273
0.016 -0.065 -0.065 -0.065 -0.065 -0.036705896 0.029938173 0.038006425 0.040140122
0.0165 -0.065 -0.065 -0.065 -0.065 -0.036687493 0.030737404 0.0381701 0.0404045
0.017 -0.065 -0.065 -0.065 -0.065 -0.036702707 0.03005663 0.03803149 0.040178463
0.0175 -0.065 -0.065 -0.065 -0.065 -0.036689386 0.030637432 0.03815031 0.040370718
0.018 -0.065 -0.065 -0.065 -0.065 -0.036700502 0.030142572 0.03804946 0.040206507
0.0185 -0.065 -0.065 -0.065 -0.065 -0.036690876 0.030564647 0.038135707 0.04034631
0.019 -0.065 -0.065 -0.065 -0.065 -0.036698982 0.030204918 0.038062364 0.040226996
0.0195 -0.065 -0.065 -0.065 -0.065 -0.03669201 0.030511681 0.03812501 0.040328637
0.02 -0.065 -0.065 -0.065 -0.065 -0.03669791 0.030250203 0.038071692 0.040241912
0.0205 -0.065 -0.065 -0.065 -0.065 -0.036692858 0.030473169 0.0381172 0.040315807
0.021 -0.065 -0.065 -0.065 -0.065 -0.03669715 0.030283097 0.038078398 0.040252805
0.0215 -0.065 -0.065 -0.065 -0.065 -0.036693484 0.030445132 0.038111508 0.04030651
0.022 -0.065 -0.065 -0.065 -0.065 -0.036696598 0.030307006 0.038083315 0.040260717
0.0225 -0.065 -0.065 -0.065 -0.065 -0.03669393 0.030424763 0.038107365 0.04029976
0.023 -0.065 -0.065 -0.065 -0.065 -0.036696196 0.030324403 0.03808689 0.040266454
0.0235 -0.065 -0.065 -0.065 -0.065 -0.036694244 0.030409973 0.038104355 0.040294826
0.024 -0.065 -0.065 -0.065 -0.065 -0.036695898 0.030337032 0.038089484 0.040270627
0.0245 -0.065 -0.065 -0.065 -0.065 -0.036694467 0.030399267 0.03810221 0.04029122
0.025 -0.065 -0.065 -0.065 -0.065 -0.03669566 0.030346233 0.03809139 0.040273637
0.0255 -0.065 -0.065 -0.065 -0.065 -0.03669463 0.030391458 0.03810063 0.040288627
0.026 -0.065 -0.065 -0.065 -0.065 -0.03669554 0.03035285 0.038092703 0.04027587
0.0265 -0.065 -0.065 -0.065 -0.065 -0.03669478 0.030385759 0.038099438 0.040286765
0.027 -0.065 -0.065 -0.065 -0.065 -0.03669542 0.030357707 0.038093716 0.040277466
0.0275 -0.065 -0.065 -0.065 -0.065 -0.036694884 0.030381609 0.038098574 0.040285394
0.028 -0.065 -0.065 -0.065 -0.065 -0.03669533 0.030361254 0.03809446 0.040278643
0.0285 -0.065 -0.065 -0.065 -0.065 -0.036694944 0.030378614 0.038098007 0.040284395
0.029 -0.065 -0.065 -0.065 -0.065 -0.036695257 0.03036384 0.038094997 0.040279463
0.0295 -0.065 -0.065 -0.065 -0.065 -0.036694974 0.030376446 0.03809756 0.040283635
0.03 -0.065 -0.065 -0.065 -0.065 -0.036695212 0.03036568 0.038095385 0.040280074
0.0305 -0.065 -0.065 -0.065 -0.065 -0.03669502 0.030374851 0.038097233 0.040283114
0.031 -0.065 -0.065 -0.065 -0.065 -0.036695197 0.03036705 0.038095653 0.040280536
0.0315 -0.065 -0.065 -0.065 -0.065 -0.03669505 0.030373666 0.038096964 0.040282756
0.032 -0.065 -0.065 -0.065 -0.065 -0.036695182 0.030368019 0.038095832 0.040280893
0.0325 -0.065 -0.065 -0.065 -0.065 -0.036695078 0.030372825 0.038096815 0.040282488
0.033 -0.065 -0.065 -0.065 -0.065 -0.036695167 0.030368749 0.03809598 0.040281117
0.0335 -0.065 -0.065 -0.065 -0.065 -0.036695078 0.030372228 0.038096696 0.040282264
0.034 -0.065 -0.065 -0.065 -0.065 -0.036695153 0.03036927 0.0380961 0.04028128
0.0345 -0.065 -0.065 -0.065 -0.065 -0.036695078 0.030371781 0.038096607 0.0402821
0.035 -0.065 -0.065 -0.065 -0.065 -0.036695123 0.03036968 0.03809619 0.0402814
0.0355 -0.065 -0.065 -0.065 -0.065 -0.036695108 0.030371431 0.038096517 0.04028201
0.036 -0.065 -0.065 -0.065 -0.065 -0.036695153 0.030369904 0.03809619 0.04028152
0.0365 -0.065 -0.065 -0.065 -0.065 -0.036695138 0.030371208 0.038096428 0.040281996
0.037 -0.065 -0.065 -0.065 -0.065 -0.036695167 0.030370053 0.03809619 0.040281624
0.0375 -0.065 -0.065 -0.065 -0.065 -0.036695138 0.030371066 0.038096428 0.04028192
0.038 -0.065 -0.065 -0.065 -0.065 -0.036695167 0.030370172 0.03809619 0.04028167
0.0385 -0.065 -0.065 -0.065 -0.065 -0.036695138 0.030370925 0.03809637 0.04028189
0.039 -0.065 -0.065 -0.065 -0.065 -0.036695153 0.030370299 0.03809625 0.040281683
0.0395 -0.065 -0.065 -0.065 -0.065 -0.036695108 0.03037088 0.038096428 0.040281817
0.04 -0.065 -0.065 -0.065 -0.065 -0.036695123 0.030370403 0.03809631 0.040281653
0.0405 -0.065 -0.065 -0.065 -0.065 -0.036695108 0.030370835 0.038096428 0.040281788
0.041 -0.065 -0.065 -0.065 -0.065 -0.036695123 0.030370463 0.03809634 0.04028167
0.0415 -0.065 -0.065 -0.065 -0.065 -0.036695108 0.03037079 0.038096428 0.040281758
0.042 -0.065 -0.065 -0.065 -0.065 -0.036695123 0.030370485 0.03809634 0.040281683
0.0425 -0.065 -0.065 -0.065 -0.065 -0.036695108 0.030370776 0.038096428 0.040281743
0.043 -0.065 -0.065 -0.065 -0.065 -0.036695123 0.030370507 0.03809634 0.040281698
0.0435 -0.065 -0.065 -0.065 -0.065 -0.036695093 0.030370753 0.038096428 0.040281743
0.044 -0.065 -0.065 -0.065 -0.065 -0.036695093 0.030370567 0.038096398 0.040281683
0.0445 -0.065 -0.065 -0.065 -0.065 -0.036695093 0.030370738 0.038096428 0.040281728
0.045 -0.065 -0.065 -0.065 -0.065 -0.036695093 0.030370582 0.038096398 0.040281683
0.0455 -0.065 -0.065 -0.065 -0.065 -0.036695093 0.030370716 0.038096428 0.040281713
0.046 -0.065 -0.065 -0.065 -0.065 -0.036695093 0.030370597 0.038096398 0.040281698
0.0465 -0.065 -0.065 -0.065 -0.065 -0.036695093 0.030370701 0.038096428 0.040281713
0.047 -0.065 -0.065 -0.065 -0.065 -0.036695108 0.030370604 0.038096398 0.040281698
0.0475 -0.065 -0.065 -0.065 -0.065 -0.036695093 0.030370701 0.038096428 0.040281713
0.048 -0.065 -0.065 -0.065 -0.065 -0.036695108 0.030370604 0.038096398 0.040281698
0.0485 -0.065 -0.065 -0.065 -0.065 -0.036695093 0.030370701 0.038096428 0.040281713
0.049 -0.065 -0.065 -0.065 -0.065 -0.036695108 0.030370604 0.038096398 0.040281698
0.0495 -0.065 -0.065 -0.065 -0.065 -0.036695093 0.030370701 0.038096428 0.040281713
0.05 -0.065 -0.065 -0.065 -0.065 -0.036695108 0.030370604 0.038096398 0.040281698
0.0505 -0.065 -0.065 -0.065 -0.065 -0.036695093 0.030370701 0.038096428 0.040281713
0.051 -0.065 -0.065 -0.065 -0.065 -0.036695108 0.030370604 0.038096398 0.040281698
0.0515 -0.065 -0.065 -0.065 -0.065 -0.036695093 0.030370701 0.038096428 0.040281713
0.052 -0.065 -0.065 -0.065 -0.065 -0.036695108 0.030370604 0.038096398 0.040281698
0.0525 -0.065 -0.065 -0.065 -0.065 -0.036695093 0.030370701 0.038096428 0.040281713
0.053 -0.065 -0.065 -0.065 -0.065 -0.036695108 0.030370604 0.038096398 0.040281698
0.0535 -0.065 -0.065 -0.065 -0.065 -0.036695093 0.030370701 0.038096428 0.040281713
0.054 -0.065 -0.065 -0.065 -0.065 -0.036695108 0.030370604 0.038096398 0.040281698
0.0545 -0.065 -0.065 -0.065 -0.065 -0.036695093 0.030370701 0.038096428 0.040281713
0.055 -0.065 -0.065 -0.065 -0.065 -0.036695108 0.030370604 0.038096398 0.040281698
0.0555 -0.065 -0.065 -0.065 -0.065 -0.036695093 0.030370701 0.038096428 0.040281713
0.056 -0.065 -0.065 -0.065 -0.065 -0.036695108 0.030370604 0.038096398 0.040281698
0.0565 -0.065 -0.065 -0.065 -0.065 -0.036695093 0.030370701 0.038096428 0.040281713
0.057 -0.065 -0.065 -0.065 -0.065 -0.036695108 0.030370604 0.038096398 0.040281698
0.0575 -0.065 -0.065 -0.065 -0.065 -0.036695093 0.030370701 0.038096428 0.040281713
0.058 -0.065 -0.065 -0.065 -0.065 -0.036695108 0.030370604 0.038096398 0.040281698
0.0585 -0.065 -0.065 -0.065 -0.065 -0.036695093 0.030370701 0.038096428 0.040281713
0.059 -0.065 -0.065 -0.065 -0.065 -0.036695108 0.030370604 0.038096398 0.040281698
0.0595 -0.065 -0.065 -0.065 -0.065 -0.036695093 0.030370701 0.038096428 0.040281713
0.06 -0.065 -0.065 -0.065 -0.065 -0.036695108 0.030370604 0.038096398 0.040281698
0.0605 -0.065 -0.065 -0.065 -0.065 -0.036695093 0.030370701 0.038096428 0.040281713
0.061 -0.065 -0.065 -0.065 -0.065 -0.036695108 0.030370604 0.038096398 0.040281698
0.0615 -0.065 -0.065 -0.065 -0.065 -0.036695093 0.030370701 0.038096428 0.040281713
0.062 -0.065 -0.065 -0.065 -0.065 -0.036695108 0.030370604 0.038096398 0.040281698
0.0625 -0.065 -0.065 -0.065 -0.065 -0.036695093 0.030370701 0.038096428 0.040281713
0.063 -0.065 -0.065 -0.065 -0.065 -0.036695108 0.030370604 0.038096398 0.040281698
0.0635 -0.065 -0.065 -0.065 -0.065 -0.036695093 0.030370701 0.038096428 0.040281713
0.064 -0.065 -0.065 -0.065 -0.065 -0.036695108 0.030370604 0.038096398 0.040281698
0.0645 -0.065 -0.065 -0.065 -0.065 -0.036695093 0.030370701 0.038096428 0.040281713
0.065 -0.065 -0.065 -0.065 -0.065 -0.036695108 0.030370604 0.038096398 0.040281698
0.0655 -0.065 -0.065 -0.065 -0.065 -0.036695093 0.030370701 0.038096428 0.040281713
0.066 -0.065 -0.065 -0.065 -0.065 -0.036695108 0.030370604 0.038096398 0.040281698
0.0665 -0.065 -0.065 -0.065 -0.065 -0.036695093 0.030370701 0.038096428 0.040281713
0.067 -0.065 -0.065 -0.065 -0.065 -0.036695108 0.030370604 0.038096398 0.040281698
0.0675 -0.065 -0.065 -0.065 -0.065 -0.036695093 0.030370701 0.038096428 0.040281713
0.068 -0.065 -0.065 -0.065 -0.065 -0.036695108 0.030370604 0.038096398 0.040281698
0.0685 -0.065 -0.065 -0.065 -0.065 -0.036695093 0.030370701 0.038096428 0.040281713
0.069 -0.065 -0.065 -0.065 -0.065 -0.036695108 0.030370604 0.038096398 0.040281698
0.0695 -0.065 -0.065 -0.065 -0.065 -0.036695093 0.030370701 0.038096428 0.040281713
0.07 -0.065 -0.065 -0.065 -0.065 -0.036695108 0.030370604 0.038096398 0.040281698
0.0705 -0.065 -0.065 -0.065 -0.065 -0.036695093 0.030370701 0.038096428 0.040281713
0.071 -0.065 -0.065 -0.065 -0.065 -0.036695108 0.030370604 0.038096398 0.040281698
0.0715 -0.065 -0.065 -0.065 -0.065 -0.036695093 0.030370701 0.038096428 0.040281713
0.072 -0.065 -0.065 -0.065 -0.065 -0.036695108 0.030370604 0.038096398 0.040281698
0.0725 -0.065 -0.065 -0.065 -0.065 -0.036695093 0.030370701 0.038096428 0.040281713
0.073 -0.065 -0.065 -0.065 -0.065 -0.036695108 0.030370604 0.038096398 0.040281698
0.0735 -0.065 -0.065 -0.065 -0.065 -0.036695093 0.030370701 0.038096428 0.040281713
0.074 -0.065 -0.065 -0.065 -0.065 -0.036695108 0.030370604 0.038096398 0.040281698
0.0745 -0.065 -0.065 -0.065 -0.065 -0.036695093 0.030370701 0.038096428 0.040281713
0.075 -0.065 -0.065 -0.065 -0.065 -0.036695108 0.030370604 0.038096398 0.040281698
0.0755 -0.065 -0.065 -0.065 -0.065 -0.036695093 0.030370701 0.038096428 0.040281713
0.076 -0.065 -0.065 -0.065 -0.065 -0.036695108 0.030370604 0.038096398 0.040281698
0.0765 -0.065 -0.065 -0.065 -0.065 -0.036695093 0.030370701 0.038096428 0.040281713
0.077 -0.065 -0.065 -0.065 -0.065 -0.036695108 0.030370604 0.038096398 0.040281698
0.0775 -0.065 -0.065 -0.065 -0.065 -0.036695093 0.030370701 0.038096428 0.040281713
0.078 -0.065 -0.065 -0.065 -0.065 -0.036695108 0.030370604 0.038096398 0.040281698
0.0785 -0.065 -0.065 -0.065 -0.065 -0.036695093 0.030370701 0.038096428 0.040281713
0.079 -0.065 -0.065 -0.065 -0.065 -0.036695108 0.030370604 0.038096398 0.040281698
0.0795 -0.065 -0.065 -0.065 -0.065 -0.036695093 0.030370701 0.038096428 0.040281713
0.08 -0.065 -0.065 -0.065 -0.065 -0.036695108 0.030370604 0.038096398 0.040281698
0.0805 -0.065 -0.065 -0.065 -0.065 -0.036695093 0.030370701 0.038096428 0.040281713
0.081 -0.065 -0.065 -0.065 -0.065 -0.036695108 0.030370604 0.038096398 0.040281698
0.0815 -0.065 -0.065 -0.065 -0.065 -0.036695093 0.030370701 0.038096428 0.040281713
0.082 -0.065 -0.065 -0.065 -0.065 -0.036695108 0.030370604 0.038096398 0.040281698
0.0825 -0.065 -0.065 -0.065 -0.065 -0.036695093 0.030370701 0.038096428 0.040281713
0.083 -0.065 -0.065 -0.065 -0.065 -0.036695108 0.030370604 0.038096398 0.040281698
0.0835 -0.065 -0.065 -0.065 -0.065 -0.036695093 0.030370701 0.038096428 0.040281713
0.084 -0.065 -0.065 -0.065 -0.065 -0.036695108 0.030370604 0.038096398 0.040281698
0.0845 -0.065 -0.065 -0.065 -0.065 -0.036695093 0.030370701 0.038096428 0.040281713
0.085 -0.065 -0.065 -0.065 -0.065 -0.036695108 0.030370604 0.038096398 0.040281698
0.0855 -0.065 -0.065 -0.065 -0.065 -0.036695093 0.030370701 0.038096428 0.040281713
0.086 -0.065 -0.065 -0.065 -0.065 -0.036695108 0.030370604 0.038096398 0.040281698
0.0865 -0.065 -0.065 -0.065 -0.065 -0.036695093 0.030370701 0.038096428 0.040281713
0.087 -0.065 -0.065 -0.065 -0.065 -0.036695108 0.030370604 0.038096398 0.040281698
0.0875 -0.065 -0.065 -0.065 -0.065 -0.036695093 0.030370701 0.038096428 0.040281713
0.088 -0.065 -0.065 -0.065 -0.065 -0.036695108 0.030370604 0.038096398 0.040281698
0.0885 -0.065 -0.065 -0.065 -0.065 -0.036695093 0.030370701 0.038096428 0.040281713
0.089 -0.065 -0.065 -0.065 -0.065 -0.036695108 0.030370604 0.038096398 0.040281698
0.0895 -0.065 -0.065 -0.065 -0.065 -0.036695093 0.030370701 0.038096428 0.040281713
0.09 -0.065 -0.065 -0.065 -0.065 -0.036695108 0.030370604 0.038096398 0.040281698
0.0905 -0.065 -0.065 -0.065 -0.065 -0.036695093 0.030370701 0.038096428 0.040281713
0.091 -0.065 -0.065 -0.065 -0.065 -0.036695108 0.030370604 0.038096398 0.040281698
0.0915 -0.065 -0.065 -0.065 -0.065 -0.036695093 0.030370701 0.038096428 0.040281713
0.092 -0.065 -0.065 -0.065 -0.065 -0.036695108 0.030370604 0.038096398 0.040281698
0.0925 -0.065 -0.065 -0.065 -0.065 -0.036695093 0.030370701 0.038096428 0.040281713
0.093 -0.065 -0.065 -0.065 -0.065 -0.036695108 0.030370604 0.038096398 0.040281698
0.0935 -0.065 -0.065 -0.065 -0.065 -0.036695093 0.030370701 0.038096428 0.040281713
0.094 -0.065 -0.065 -0.065 -0.065 -0.036695108 0.030370604 0.038096398 0.040281698
0.0945 -0.065 -0.065 -0.065 -0.065 -0.036695093 0.030370701 0.038096428 0.040281713
0.095 -0.065 -0.065 -0.065 -0.065 -0.036695108 0.030370604 0.038096398 0.040281698
0.0955 -0.065 -0.065 -0.065 -0.065 -0.036695093 0.030370701 0.038096428 0.040281713
0.096 -0.065 -0.065 -0.065 -0.065 -0.036695108 0.030370604 0.038096398 0.040281698
0.0965 -0.065 -0.065 -0.065 -0.065 -0.036695093 0.030370701 0.038096428 0.040281713
0.097 -0.065 -0.065 -0.065 -0.065 -0.036695108 0.030370604 0.038096398 0.040281698
0.0975 -0.065 -0.065 -0.065 -0.065 -0.036695093 0.030370701 0.038096428 0.040281713
0.098 -0.065 -0.065 -0.065 -0.065 -0.036695108 0.030370604 0.038096398 0.040281698
0.0985 -0.065 -0.065 -0.065 -0.065 -0.036695093 0.030370701 0.038096428 0.040281713
0.099 -0.065 -0.065 -0.065 -0.065 -0.036695108 0.030370604 0.038096398 0.040281698
0.0995 -0.065 -0.065 -0.065 -0.065 -0.036695093 0.030370701 0.038096428 0.040281713
0.1 -0.065 -0.065 -0.065 -0.065 0.07394101 0.8818573 0.3662721 0.16199353
0.1005 -0.05395411 -0.05424113 -0.0503403 -0.04905331 0.088779345 0.7459724 0.36881322 0.08545616
0.101 -0.03890795 -0.03747828 -0.03240716 -0.03278831 0.08556269 0.79833865 0.37206155 0.11055449
0.1015 -0.02814193 -0.01790903 -0.01727841 -0.02045658 0.0867268 0.78116894 0.37118143 0.102132976
0.102 -0.02069542 0.003178119 -0.004227219 -0.009795039 0.08632837 0.7870666 0.3714862 0.105023175
0.1025 -0.0150448 0.0250925 0.007807406 0.0001286696 0.08646299 0.78506655 0.371382 0.104043886
0.103 -0.01028089 0.0474125 0.01940331 0.009585489 0.086417064 0.78574747 0.37141728 0.10437748
0.1035 -0.005937762 0.06993615 0.03085921 0.0186779 0.08643265 0.78551596 0.3714053 0.10426408
0.104 -0.00178744 0.09256156 0.04231596 0.02745464 0.086427346 0.7855947 0.37140936 0.10430266
0.1045 0.002247947 0.1152241 0.05373037 0.03590317 0.086429164 0.785568 0.371408 0.10428952
0.105 0.006173272 0.1378681 0.06514498 0.04397101 0.08642857 0.78557706 0.3714084 0.10429402
0.1055 0.01004466 0.1604401 0.07662013 0.05175869 0.08642878 0.78557396 0.37140828 0.10429247
0.106 0.01390944 0.1828917 0.08816177 0.05932093 0.08642866 0.78557503 0.37140828 0.10429303
0.1065 0.01777463 0.2051775 0.09972897 0.06667168 0.08642872 0.7855747 0.37140828 0.104292825
0.107 0.02162822 0.2272565 0.1113051 0.07379875 0.08642869 0.7855748 0.37140834 0.10429287
0.1075 0.02547291 0.2490907 0.1228791 0.08072575 0.08642869 0.7855747 0.37140828 0.1042929
0.108 0.02931324 0.2706478 0.134441 0.08746946 0.08642866 0.78557473 0.37140828 0.104292914
0.1085 0.03314654 0.2919015 0.1459791 0.09403694 0.08642869 0.7855747 0.37140828 0.1042929
0.109 0.03696713 0.3124343 0.1574776 0.1004319 0.08642866 0.78557473 0.37140828 0.104292914
0.1095 0.04076905 0.3318113 0.1689008 0.1066564 0.08642869 0.7855747 0.37140828 0.1042929
0.11 0.04454797 0.3506541 0.1802432 0.112717 0.08642866 0.78557473 0.37140828 0.104292914
0.1105 0.04830111 0.3692651 0.1915119 0.1186187 0.08642869 0.7855747 0.37140828 0.1042929
0.111 0.0520266 0.3877729 0.2027119 0.1243664 0.08642866 0.78557473 0.37140828 0.104292914
0.1115 0.05572328 0.4062089 0.2138441 0.1299648 0.08642869 0.7855747 0.37140828 0.1042929
0.112 0.05939041 0.424555 0.2249059 0.1354189 0.08642866 0.78557473 0.37140828 0.104292914
0.1125 0.06302755 0.4427713 0.2358928 0.1407335 0.08642869 0.7855747 0.37140828 0.1042929
0.113 0.06663443 0.4608112 0.2467994 0.1459072 0.08642866 0.78557473 0.37140828 0.104292914
0.1135 0.07021071 0.4786304 0.2576206 0.1509458 0.08642869 0.7855747 0.37140828 0.1042929
0.114 0.07375616 0.4961907 0.2683517 0.1558612 0.08642866 0.78557473 0.37140828 0.104292914
0.1145 0.07727063 0.5134613 0.2789883 0.1606582 0.08642869 0.7855747 0.37140828 0.1042929
0.115 0.08075414 0.5304188 0.2895263 0.1653407 0.08642866 0.78557473 0.37140828 0.104292914
0.1155 0.08419939 0.5470457 0.2999613 0.1699053 0.08642869 0.7855747 0.37140828 0.1042929
0.116 0.08759454 0.5633286 0.3102875 0.1743514 0.08642866 0.78557473 0.37140828 0.104292914
0.1165 0.090956 0.579261 0.320505 0.1786939 0.08642869 0.7855747 0.37140828 0.1042929
0.117 0.09429381 0.5948416 0.330614 0.1829395 0.08642866 0.78557473 0.37140828 0.104292914
0.1175 0.09760871 0.6100723 0.3406131 0.1870861 0.08642869 0.7855747 0.37140828 0.1042929
0.118 0.1008762 0.6249548 0.3504918 0.1910754 0.08642866 0.78557473 0.37140828 0.104292914
0.1185 0.1040922 0.6394943 0.360248 0.1949488 0.08642869 0.7855747 0.37140828 0.1042929
0.119 0.1072797 0.6536994 0.3698906 0.198749 0.08642866 0.78557473 0.37140828 0.104292914
0.1195 0.1104494 0.6675795 0.3794235 0.2024867 0.08642869 0.7855747 0.37140828 0.1042929
0.12 0.1136016 0.6811439 0.3888463 0.2061625 0.08642866 0.78557473 0.37140828 0.104292914
0.1205 0.1167332 0.6944018 0.3981572 0.2097751 0.08642869 0.7855747 0.37140828 0.1042929
0.121 0.11984 0.7073618 0.4073548 0.2133231 0.08642866 0.78557473 0.37140828 0.104292914
0.1215 0.1229189 0.7200324 0.416438 0.216806 0.08642869 0.7855747 0.37140828 0.1042929
0.122 0.125968 0.7324218 0.4254062 0.2202238 0.08642866 0.78557473 0.37140828 0.104292914
0.1225 0.1289829 0.7445375 0.4342586 0.2235679 0.08642869 0.7855747 0.37140828 0.1042929
0.123 0.1319381 0.7563843 0.442988 0.2267024 0.08642866 0.78557473 0.37140828 0.104292914
0.1235 0.134828 0.76797 0.4515957 0.2295728 0.08642869 0.7855747 0.37140828 0.1042929
0.124 0.137682 0.7793027 0.4600885 0.2324538 0.08642866 0.78557473 0.37140828 0.104292914
0.1245 0.1405222 0.79039 0.4684708 0.2353647 0.08642869 0.7855747 0.37140828 0.1042929
0.125 0.1433522 0.8012392 0.4767436 0.2382883 0.08642866 0.78557473 0.37140828 0.104292914
0.1255 0.1461675 0.8118568 0.4849067 0.2412044 0.08642869 0.7855747 0.37140828 0.1042929
0.126 0.1489617 0.8222489 0.4929595 0.2438531 0.08642866 0.78557473 0.37140828 0.104292914
0.1265 0.1517288 0.832421 0.5009015 0.2464207 0.08642869 0.7855747 0.37140828 0.1042929
0.127 0.1544651 0.8423772 0.5087306 0.2490344 0.08642866 0.78557473 0.37140828 0.104292914
0.1275 0.1571698 0.8521225 0.5164472 0.2516867 0.08642869 0.7855747 0.37140828 0.1042929
0.128 0.1598441 0.8616628 0.5240549 0.2543572 0.08642866 0.78557473 0.37140828 0.104292914
0.1285 0.1624875 0.8710027 0.5315551 0.2567362 0.08642869 0.7855747 0.37140828 0.1042929
0.129 0.1650902 0.8801468 0.5389477 0.2590714 0.08642866 0.78557473 0.37140828 0.104292914
0.1295 0.1676391 0.8890772 0.545286 0.2614595 0.08642869 0.7855747 0.37140828 0.1042929
0.13 0.1701525 0.8977716 0.5513828 0.2638907 0.08642866 0.78557473 0.37140828 0.104292914
0.1305 0.1726441 0.906258 0.5578106 0.2663438 0.08642869 0.7855747 0.37140828 0.1042929
0.131 0.1751029 0.9145641 0.5645398 0.2687797 0.08642866 0.78557473 0.37140828 0.104292914
0.1315 0.1775154 0.9227073 0.5714263 0.2711628 0.08642869 0.7855747 0.37140828 0.1042929
0.132 0.1798952 0.9306962 0.5780628 0.273511 0.08642866 0.78557473 0.37140828 0.104292914
0.1325 0.182228 0.9384943 0.5836788 0.2758464 0.08642869 0.7855747 0.37140828 0.1042929
0.133 0.1845372 0.9461022 0.589453 0.27817 0.08642866 0.78557473 0.37140828 0.104292914
0.1335 0.1868213 0.953549 0.5956235 0.2804496 0.08642869 0.7855747 0.37140828 0.1042929
0.134 0.189073 0.9608589 0.6020633 0.2826775 0.08642866 0.78557473 0.37140828 0.104292914
0.1345 0.1913092 0.9680465 0.6086183 0.28488 0.08642869 0.7855747 0.37140828 0.1042929
0.135 0.1935351 0.9751181 0.6151746 0.2870631 0.08642866 0.78557473 0.37140828 0.104292914
0.1355 0.1957532 0.9820747 0.6216606 0.2892243 0.08642869 0.7855747 0.37140828 0.1042929
0.136 0.1979592 0.988915 0.6280361 0.2913597 0.08642866 0.78557473 0.37140828 0.104292914
0.1365 0.2001199 0.9956348 0.6342387 0.2934418 0.08642869 0.7855747 0.37140828 0.1042929
0.137 0.2022386 1.002228 0.6402856 0.2954728 0.08642866 0.78557473 0.37140828 0.104292914
0.1375 0.2043413 1.008697 0.6462179 0.2974748 0.08642869 0.7855747 0.37140828 0.1042929
0.138 0.2064339 1.015044 0.6520446 0.2994534 0.08642866 0.78557473 0.37140828 0.104292914
0.1385 0.2085139 1.021269 0.6577658 0.3014077 0.08642869 0.7855747 0.37140828 0.1042929
0.139 0.2105765 1.027374 0.663381 0.3033357 0.08642866 0.78557473 0.37140828 0.104292914
0.1395 0.2126171 1.03336 0.6688913 0.3052356 0.08642869 0.7855747 0.37140828 0.1042929
0.14 0.2146321 1.039227 0.6742983 0.3070938 0.08642866 0.78557473 0.37140828 0.104292914
0.1405 0.2166151 1.044972 0.6796014 0.3088878 0.08642869 0.7855747 0.37140828 0.1042929
0.141 0.2185666 1.050601 0.6848058 0.3106462 0.08642866 0.78557473 0.37140828 0.104292914
0.1415 0.2204922 1.056119 0.6899178 0.3123833 0.08642869 0.7855747 0.37140828 0.1042929
0.142 0.2223823 1.061527 0.6949393 0.3140784 0.08642866 0.78557473 0.37140828 0.104292914
0.1425 0.2242229 1.066829 0.6998679 0.3157202 0.08642869 0.7855747 0.37140828 0.1042929
0.143 0.2260377 1.072026 0.7047108 0.3173413 0.08642866 0.78557473 0.37140828 0.104292914
0.1435 0.2278401 1.07712 0.7094743 0.318951 0.08642869 0.7855747 0.37140828 0.1042929
0.144 0.2296327 1.082113 0.7141608 0.320549 0.08642866 0.78557473 0.37140828 0.104292914
0.1445 0.2314135 1.087008 0.7187715 0.322133 0.08642869 0.7855747 0.37140828 0.1042929
0.145 0.2331707 1.091807 0.7233072 0.3236997 0.08642866 0.78557473 0.37140828 0.104292914
0.1455 0.2346516 1.096511 0.7277683 0.3252469 0.08642869 0.7855747 0.37140828 0.1042929
0.146 0.2360872 1.101122 0.7321548 0.3267733 0.08642866 0.78557473 0.37140828 0.104292914
0.1465 0.2376194 1.105643 0.7364686 0.3282787 0.08642869 0.7855747 0.37140828 0.1042929
0.147 0.2392427 1.110076 0.7407118 0.3297627 0.08642866 0.78557473 0.37140828 0.104292914
0.1475 0.2409199 1.114421 0.7448857 0.3312251 0.08642869 0.7855747 0.37140828 0.1042929
0.148 0.2426172 1.118682 0.7489915 0.332666 0.08642866 0.78557473 0.37140828 0.104292914
0.1485 0.244311 1.12286 0.7530301 0.3340851 0.08642869 0.7855747 0.37140828 0.1042929
0.149 0.2459767 1.126954 0.7570005 0.3354629 0.08642866 0.78557473 0.37140828 0.104292914
0.1495 0.2475873 1.130959 0.7608958 0.3367803 0.08642869 0.7855747 0.37140828 0.1042929
0.15 0.2491626 1.134881 0.7647225 0.3380745 0.0120958835 -0.29175732 0.06712943 -0.16508862
0.1505 0.2396828 1.127972 0.7538307 0.323425 0.0006265789 0.39797717 0.1621303 0.111181915
0.151 0.2261952 1.114993 0.7396055 0.3084513 -0.026217386 -0.19970383 0.01764831 -0.06356558
0.1515 0.2169537 1.099137 0.7280311 0.2973722 -0.023177072 0.25662655 0.09846255 0.10053462
0.152 0.2109952 1.081687 0.7184313 0.2879305 -0.03654845 -0.13668314 0.010640591 -0.022006243
0.1525 0.2067941 1.063291 0.7097988 0.2792123 -0.03148648 0.1816432 0.071985185 0.08729702
0.153 0.2034383 1.044304 0.7015375 0.270932 -0.039130628 -0.09122884 0.013814852 -0.00058960915
0.1535 0.2004747 1.024948 0.6933634 0.2629963 -0.034521386 0.1356671 0.059231848 0.07555959
0.154 0.1976916 1.005376 0.6851584 0.2553663 -0.039304256 -0.058074538 0.019019648 0.012026355
0.1545 0.1949925 0.9857004 0.6768814 0.2480197 -0.035635263 0.10524325 0.05230409 0.06622046
0.155 0.1923336 0.9660113 0.6685247 0.2409395 -0.038823426 -0.03388453 0.023843825 0.020163417
0.1555 0.1896951 0.9463807 0.660094 0.2341116 -0.036053896 0.084223464 0.048110753 0.059151247
0.156 0.1870683 0.9268669 0.6516 0.2275228 -0.03827022 -0.016270872 0.027699664 0.025731385
0.1565 0.1844491 0.9075177 0.6430539 0.2211607 -0.036230937 0.06934111 0.045343548 0.053936318
0.157 0.1818134 0.8883695 0.6344293 0.2150015 -0.03781165 -0.0034704395 0.030597404 0.029678404
0.1575 0.1791712 0.8694508 0.6257591 0.2090435 -0.036328107 0.05865972 0.043407977 0.050140932
0.158 0.1765456 0.8507889 0.6170884 0.2032846 -0.037471667 0.0058201514 0.032712683 0.03253059
0.1585 0.1739406 0.8324053 0.608429 0.1977155 -0.03639847 0.050936926 0.04200834 0.047396988
0.159 0.1713536 0.8143167 0.5997835 0.1923263 -0.037231714 0.012558822 0.0342357 0.03461103
0.1595 0.1687814 0.7965349 0.5911539 0.187108 -0.036457077 0.045331996 0.040979773 0.0454188
0.16 0.1662218 0.7790686 0.5825433 0.182052 -0.037066087 0.017445412 0.03532596 0.03613442
0.1605 0.1636738 0.7619233 0.5739558 0.1771506 -0.036507174 0.041256662 0.040219307 0.043993577
0.161 0.1611369 0.7451025 0.5653963 0.1723964 -0.03695263 0.020989265 0.03610541 0.037250876
0.1615 0.1586113 0.7286075 0.5568699 0.1677827 -0.03654918 0.038291227 0.03965652 0.042966276
0.162 0.1560975 0.7124384 0.5483813 0.1633031 -0.036874935 0.023559842 0.03666301 0.038068816
0.1625 0.1535961 0.6965941 0.5399355 0.1589517 -0.03658344 0.036132906 0.039240718 0.042225063
0.163 0.1511078 0.6810724 0.5315368 0.1547228 -0.036821485 0.025424968 0.037062645 0.03866741
0.1635 0.1486332 0.6658703 0.5231893 0.1506112 -0.036610678 0.03456207 0.03893417 0.041689694
0.164 0.1461729 0.6509842 0.5148969 0.146612 -0.036784455 0.02677865 0.037349716 0.039104983
0.1645 0.1437276 0.6364099 0.5066629 0.1427205 -0.036631837 0.033419047 0.038708836 0.041302457
0.165 0.1412977 0.6221429 0.4984905 0.1389322 -0.03675863 0.027761403 0.03755635 0.03942451
0.1655 0.1388839 0.6081784 0.4903825 0.135243 -0.036648065 0.032587443 0.038543522 0.041022167
0.166 0.1364865 0.5945111 0.4823417 0.1316491 -0.036740497 0.028474998 0.037705332 0.039657608
0.1665 0.134106 0.5811358 0.4743702 0.1281465 -0.03666033 0.031982493 0.038422465 0.04081911
0.167 0.1317428 0.568047 0.4664703 0.1247319 -0.036727637 0.028993305 0.037812978 0.03982748
0.1675 0.1293972 0.5552392 0.4586437 0.1214019 -0.036669508 0.031542536 0.038333982 0.04067187
0.168 0.1270696 0.5427068 0.4508923 0.1181533 -0.036718518 0.02936979 0.03789085 0.039951235
0.1685 0.1247603 0.5304442 0.4432176 0.1149831 -0.036676317 0.031222623 0.03826943 0.040565044
0.169 0.1224695 0.5184457 0.4356209 0.1118885 -0.036712006 0.029643346 0.037947237 0.040041342
0.1695 0.1201975 0.5067058 0.4281034 0.1088667 -0.03668137 0.030989978 0.038222313 0.040487528
0.17 0.1179446 0.4952189 0.4206661 0.1059152 -0.036707312 0.02984209 0.037988096 0.040106922
0.1705 0.1157109 0.4839796 0.4133101 0.1030316 -0.03668505 0.030820843 0.03818804 0.040431216
0.171 0.1134966 0.4729824 0.406036 0.1002135 -0.03670396 0.029986512 0.03801772 0.040154636
0.1715 0.1113019 0.462222 0.3988446 0.09745868 -0.036687806 0.030697871 0.038163006 0.040390387
0.172 0.1091269 0.4516931 0.3917364 0.09476506 -0.036701545 0.030091438 0.038039237 0.040189356
0.1725 0.1069718 0.4413906 0.3847119 0.09213062 -0.036689788 0.030608464 0.038144797 0.04036069
0.173 0.1048367 0.4313093 0.3777714 0.08955345 -0.036699772 0.030167717 0.038054854 0.04021457
0.1735 0.1027216 0.4214444 0.3709152 0.0870317 -0.036691234 0.030543517 0.038131595 0.040339112
0.174 0.1006267 0.4117909 0.3641435 0.08456364 -0.036698475 0.030223172 0.03806621 0.040232897
0.1745 0.09855196 0.402344 0.3574564 0.08214759 -0.036692306 0.03049628 0.03812197 0.04032345
0.175 0.09649752 0.3930991 0.350854 0.07978197 -0.036697567 0.030263443 0.038074464 0.04024625
0.1755 0.0944634 0.3840516 0.3443361 0.07746524 -0.036693066 0.030461956 0.038114995 0.040312022
0.176 0.09244963 0.375197 0.3379027 0.07519594 -0.036696896 0.030292753 0.038080454 0.040255904
0.1765 0.09045622 0.366531 0.3315537 0.07297269 -0.036693618 0.030437019 0.03810993 0.040303737
0.177 0.08848318 0.3580492 0.3252887 0.07079413 -0.03669642 0.03031401 0.038084775 0.040262997
0.1775 0.0865305 0.3497475 0.3191076 0.06865899 -0.03669402 0.030418891 0.038106203 0.04029773
0.178 0.08459817 0.3416217 0.3130101 0.06656603 -0.036696047 0.030329484 0.038087964 0.04026811
0.1785 0.08268617 0.333668 0.3069956 0.06451408 -0.036694333 0.030405696 0.03810352 0.040293366
0.179 0.08079447 0.3258824 0.301064 0.062502 -0.036695823 0.030340683 0.0380902 0.04027185
0.1795 0.07892302 0.3182612 0.2952146 0.0605287 -0.03669457 0.030396108 0.038101524 0.04029022
0.18 0.07707177 0.3108005 0.289447 0.05859314 -0.03669563 0.030348863 0.038091898 0.040274546
0.1805 0.07524066 0.3034968 0.2837608 0.05669431 -0.03669472 0.030389134 0.038100123 0.040287897
0.181 0.07342964 0.2963466 0.2781553 0.05483124 -0.036695495 0.030354794 0.03809309 0.040276527
0.1815 0.07163862 0.2893463 0.2726299 0.05300301 -0.03669484 0.030384075 0.03809908 0.040286228
0.182 0.06986754 0.2824927 0.2671841 0.05120871 -0.036695376 0.030359138 0.038094014 0.040277928
0.1825 0.0681163 0.2757823 0.2618172 0.04944749 -0.036694884 0.030380454 0.038098395 0.04028496
0.183 0.06638482 0.2692121 0.2565286 0.0477185 -0.036695287 0.03036229 0.03809467 0.04027894
0.1835 0.06467299 0.2627789 0.2513176 0.04602096 -0.03669496 0.030377757 0.03809783 0.040284082
0.184 0.06298073 0.2564796 0.2461835 0.04435407 -0.03669527 0.030364554 0.038095117 0.040279746
0.1845 0.06130791 0.2503112 0.2411255 0.04271711 -0.03669502 0.030375797 0.03809741 0.04028344
0.185 0.05965443 0.2442707 0.236143 0.04110934 -0.036695242 0.030366194 0.038095415 0.040280312
0.1855 0.05802018 0.2383555 0.2312353 0.03953007 -0.03669505 0.030374367 0.038097113 0.040282995
0.186 0.05640503 0.2325626 0.2264015 0.03797863 -0.036695197 0.030367408 0.038095683 0.04028067
0.1865 0.05480886 0.2268894 0.2216408 0.03645437 -0.036695063 0.030373376 0.038096905 0.040282667
0.187 0.05323154 0.2213331 0.2169526 0.03495665 -0.036695182 0.030368265 0.03809586 0.040280968
0.1875 0.05167295 0.2158913 0.212336 0.03348487 -0.036695063 0.030372646 0.038096786 0.040282384
0.188 0.05013295 0.2105614 0.2077903 0.03203844 -0.036695153 0.030368906 0.03809601 0.04028116
0.1885 0.0486114 0.2053409 0.2033146 0.03061679 -0.036695078 0.030372132 0.038096696 0.040282205
0.189 0.04710816 0.2002274 0.1989081 0.02921936 -0.036695138 0.030369367 0.0380961 0.04028131
0.1895 0.04562309 0.1952185 0.19457 0.02784563 -0.036695093 0.030371692 0.038096577 0.0402821
0.19 0.04415605 0.190312 0.1902995 0.02649507 -0.036695138 0.030369718 0.03809619 0.040281415
0.1905 0.04270689 0.1855057 0.1860958 0.02516718 -0.036695108 0.030371401 0.038096517 0.040281996
0.191 0.04127547 0.1807972 0.1819581 0.02386147 -0.036695153 0.030369934 0.03809619 0.040281534
0.1915 0.03986162 0.1761845 0.1778855 0.02257747 -0.036695138 0.030371178 0.038096428 0.04028198
0.192 0.03846521 0.1716655 0.1738772 0.02131472 -0.036695153 0.030370083 0.03809622 0.04028161
0.1925 0.03708608 0.1672381 0.1699324 0.02007277 -0.036695138 0.030371029 0.038096428 0.04028189
0.193 0.03572407 0.1629004 0.1660503 0.01885119 -0.036695138 0.030370232 0.03809625 0.040281653
0.1935 0.03437903 0.1586504 0.16223 0.01764957 -0.036695123 0.03037094 0.038096428 0.040281847
0.194 0.0330508 0.1544862 0.1584708 0.01646748 -0.036695123 0.030370358 0.03809631 0.040281653
0.1945 0.03173923 0.1504059 0.1547718 0.01530453 -0.036695108 0.030370865 0.038096428 0.040281802
0.195 0.03044415 0.1464078 0.1511322 0.01416034 -0.036695123 0.030370433 0.03809631 0.04028167
0.1955 0.02916541 0.14249 0.1475511 0.01303453 -0.036695108 0.030370828 0.038096428 0.040281773
0.196 0.02790285 0.1386507 0.1440279 0.01192674 -0.036695123 0.030370463 0.03809634 0.04028167
0.1965 0.02665631 0.1348885 0.1405616 0.0108366 -0.036695108 0.03037079 0.038096428 0.040281758
0.197 0.02542562 0.1312014 0.1371515 0.009763774 -0.036695123 0.030370485 0.03809634 0.040281683
0.1975 0.02421064 0.127588 0.1337968 0.008707923 -0.036695108 0.030370776 0.038096428 0.040281743
0.198 0.02301119 0.1240467 0.1304967 0.007668719 -0.036695123 0.030370507 0.03809634 0.040281698
0.1985 0.02182712 0.1205759 0.1272504 0.00664584 -0.036695093 0.030370753 0.038096428 0.040281743
0.199 0.02065826 0.1171741 0.1240571 0.005638976 -0.036695093 0.030370567 0.038096398 0.040281683
0.1995 0.01950447 0.1138398 0.1209162 0.004647821 -0.036695093 0.030370738 0.038096428 0.040281728
0.2 0.01836557 0.1105717 0.1178267 0.00367208 0.07394101 0.88185734 0.3662721 0.16199356
0.2005 0.0282873 0.1181248 0.129446 0.01865875 0.088779345 0.7459724 0.36881322 0.08545616
0.201 0.04220791 0.1317374 0.1443804 0.03397064 0.08556269 0.79833865 0.37206155 0.11055449
0.2015 0.05183193 0.1482174 0.1566388 0.04535869 0.0867268 0.78116894 0.37118143 0.102132976
0.202 0.05815476 0.1662815 0.1669135 0.05510143 0.08632837 0.7870666 0.3714862 0.105023175
0.2025 0.06271465 0.1852832 0.1762166 0.064105 0.08646299 0.78506655 0.371382 0.104043886
0.203 0.06642517 0.2048655 0.1851421 0.0726605 0.086417064 0.78574747 0.37141728 0.10437748
0.2035 0.06975079 0.2248071 0.1939751 0.08087807 0.08643265 0.78551596 0.3714053 0.10426408
0.204 0.07290568 0.2449551 0.2028333 0.08879971 0.086427346 0.7855947 0.37140936 0.10430266
0.2045 0.07598318 0.2651955 0.2117567 0.09644029 0.086429164 0.785568 0.371408 0.10428952
0.205 0.07902242 0.2854392 0.2207516 0.1038127 0.08642857 0.78557706 0.3714084 0.10429402
0.2055 0.08203925 0.3056145 0.2298113 0.1109382 0.08642878 0.78557396 0.37140828 0.10429247
0.206 0.08503981 0.3256631 0.2389244 0.1178287 0.08642866 0.78557503 0.37140828 0.10429303
0.2065 0.08802656 0.3455378 0.2480788 0.1244945 0.08642872 0.7855747 0.37140828 0.104292825
0.207 0.09100039 0.3652004 0.2572628 0.1309451 0.08642869 0.7855748 0.37140834 0.10429287
0.2075 0.0939613 0.3846204 0.2664652 0.1370781 0.08642869 0.7855747 0.37140828 0.1042929
0.208 0.09690885 0.4037732 0.275676 0.1429575 0.08642866 0.78557473 0.37140828 0.104292914
0.2085 0.09984269 0.4226396 0.2848857 0.1486909 0.08642869 0.7855747 0.37140828 0.1042929
0.209 0.1027625 0.4412047 0.2940861 0.1542786 0.08642866 0.78557473 0.37140828 0.104292914
0.2095 0.1056573 0.4594572 0.3032685 0.1595463 0.08642869 0.7855747 0.37140828 0.1042929
0.21 0.1085218 0.4773889 0.3124247 0.1646719 0.08642866 0.78557473 0.37140828 0.104292914
0.2105 0.1113711 0.494994 0.3215495 0.1697095 0.08642869 0.7855747 0.37140828 0.1042929
0.211 0.1142113 0.5122689 0.3306382 0.174641 0.08642866 0.78557473 0.37140828 0.104292914
0.2115 0.1170418 0.529212 0.3396853 0.1794712 0.08642869 0.7855747 0.37140828 0.1042929
0.212 0.1198604 0.5458232 0.3486858 0.1842013 0.08642866 0.78557473 0.37140828 0.104292914
0.2125 0.1226651 0.5621036 0.3576349 0.1888281 0.08642869 0.7855747 0.37140828 0.1042929
0.213 0.1254542 0.5780552 0.3665284 0.1932398 0.08642866 0.78557473 0.37140828 0.104292914
0.2135 0.1282256 0.5936798 0.375362 0.197413 0.08642869 0.7855747 0.37140828 0.1042929
0.214 0.1309776 0.608982 0.3841321 0.2015268 0.08642866 0.78557473 0.37140828 0.104292914
0.2145 0.1336954 0.6239357 0.3915441 0.2055862 0.08642869 0.7855747 0.37140828 0.1042929
0.215 0.1363704 0.6385004 0.3985488 0.2095832 0.08642866 0.78557473 0.37140828 0.104292914
0.2155 0.1390227 0.6527128 0.4060917 0.2135142 0.08642869 0.7855747 0.37140828 0.1042929
0.216 0.1416575 0.666615 0.4141628 0.2173699 0.08642866 0.78557473 0.37140828 0.104292914
0.2165 0.1442588 0.6802342 0.42256 0.2211164 0.08642869 0.7855747 0.37140828 0.1042929
0.217 0.1468288 0.6935853 0.4311025 0.224754 0.08642866 0.78557473 0.37140828 0.104292914
0.2175 0.1493633 0.7066778 0.4396665 0.2282835 0.08642869 0.7855747 0.37140828 0.1042929
0.218 0.151884 0.7195178 0.4481812 0.2317437 0.08642866 0.78557473 0.37140828 0.104292914
0.2185 0.1544049 0.732108 0.4566076 0.2351458 0.08642869 0.7855747 0.37140828 0.1042929
0.219 0.1569094 0.7444483 0.4649218 0.238461 0.08642866 0.78557473 0.37140828 0.104292914
0.2195 0.159387 0.7565398 0.4731109 0.2416923 0.08642869 0.7855747 0.37140828 0.1042929
0.22 0.1618531 0.7683851 0.4811764 0.2448644 0.08642866 0.78557473 0.37140828 0.104292914
0.2205 0.1643135 0.7799868 0.4891217 0.2479836 0.08642869 0.7855747 0.37140828 0.1042929
0.221 0.1667658 0.7913478 0.49695 0.2510492 0.08642866 0.78557473 0.37140828 0.104292914
0.2215 0.1692053 0.8024713 0.5046642 0.2540592 0.08642869 0.7855747 0.37140828 0.1042929
0.222 0.1716275 0.813361 0.5122671 0.2570123 0.08642866 0.78557473 0.37140828 0.104292914
0.2225 0.1740182 0.8240202 0.5197432 0.2598976 0.08642869 0.7855747 0.37140828 0.1042929
0.223 0.1763566 0.8344511 0.5270743 0.2626968 0.08642866 0.78557473 0.37140828 0.104292914
0.2235 0.1786703 0.8446578 0.5343095 0.2654352 0.08642869 0.7855747 0.37140828 0.1042929
0.224 0.1809719 0.8546459 0.5414642 0.2681249 0.08642866 0.78557473 0.37140828 0.104292914
0.2245 0.1832614 0.8644206 0.5485374 0.2707656 0.08642869 0.7855747 0.37140828 0.1042929
0.225 0.1855317 0.8739824 0.5555221 0.2733276 0.08642866 0.78557473 0.37140828 0.104292914
0.2255 0.1877769 0.8833384 0.5624139 0.2758265 0.08642869 0.7855747 0.37140828 0.1042929
0.226 0.1899992 0.8924958 0.569214 0.2782826 0.08642866 0.78557473 0.37140828 0.104292914
0.2265 0.192201 0.9014604 0.5759234 0.280701 0.08642869 0.7855747 0.37140828 0.1042929
0.227 0.1943824 0.9102372 0.5825419 0.2830808 0.08642866 0.78557473 0.37140828 0.104292914
0.2275 0.1965424 0.9188303 0.5890696 0.2854202 0.08642869 0.7855747 0.37140828 0.1042929
0.228 0.1986598 0.9272437 0.5955024 0.2876853 0.08642866 0.78557473 0.37140828 0.104292914
0.2285 0.2007342 0.9354806 0.6018389 0.2898896 0.08642869 0.7855747 0.37140828 0.1042929
0.229 0.2027884 0.9435447 0.6080855 0.2920595 0.08642866 0.78557473 0.37140828 0.104292914
0.2295 0.2047758 0.9514399 0.6142459 0.294201 0.08642869 0.7855747 0.37140828 0.1042929
0.23 0.2065372 0.9591698 0.6203203 0.2963132 0.08642866 0.78557473 0.37140828 0.104292914
0.2305 0.2083248 0.9667383 0.6263086 0.2983947 0.08642869 0.7855747 0.37140828 0.1042929
0.231 0.2102037 0.974149 0.6322117 0.3004441 0.08642866 0.78557473 0.37140828 0.104292914
0.2315 0.212153 0.9814055 0.6380303 0.3024599 0.08642869 0.7855747 0.37140828 0.1042929
0.232 0.2141383 0.9885111 0.6437652 0.3044416 0.08642866 0.78557473 0.37140828 0.104292914
0.2325 0.2161317 0.9954694 0.6494167 0.3063896 0.08642869 0.7855747 0.37140828 0.1042929
0.233 0.218115 1.002284 0.6549855 0.3083044 0.08642866 0.78557473 0.37140828 0.104292914
0.2335 0.2200773 1.008957 0.6604722 0.3101863 0.08642869 0.7855747 0.37140828 0.1042929
0.234 0.2220131 1.015492 0.6658773 0.3120356 0.08642866 0.78557473 0.37140828 0.104292914
0.2345 0.2239068 1.021885 0.6711981 0.313829 0.08642869 0.7855747 0.37140828 0.1042929
0.235 0.2257429 1.028142 0.6764303 0.3155563 0.08642866 0.78557473 0.37140828 0.104292914
0.2355 0.2275458 1.034267 0.681581 0.3172531 0.08642869 0.7855747 0.37140828 0.1042929
0.236 0.2293315 1.040268 0.6866561 0.3189312 0.08642866 0.78557473 0.37140828 0.104292914
0.2365 0.2311038 1.046148 0.6916575 0.3205916 0.08642869 0.7855747 0.37140828 0.1042929
0.237 0.2328609 1.05191 0.6965857 0.3222328 0.08642866 0.78557473 0.37140828 0.104292914
0.2375 0.2346002 1.057556 0.7014406 0.3238526 0.08642869 0.7855747 0.37140828 0.1042929
0.238 0.2363188 1.063089 0.7062221 0.3254487 0.08642866 0.78557473 0.37140828 0.104292914
0.2385 0.238005 1.068508 0.7109205 0.3270012 0.08642869 0.7855747 0.37140828 0.1042929
0.239 0.2395998 1.073807 0.7154754 0.32846 0.08642866 0.78557473 0.37140828 0.104292914
0.2395 0.2411547 1.07899 0.7199496 0.3298883 0.08642869 0.7855747 0.37140828 0.1042929
0.24 0.2427125 1.084064 0.7243816 0.3312988 0.08642866 0.78557473 0.37140828 0.104292914
0.2405 0.2442798 1.089036 0.7287728 0.3327046 0.08642869 0.7855747 0.37140828 0.1042929
0.241 0.2458506 1.093911 0.7331154 0.3341076 0.08642866 0.78557473 0.37140828 0.104292914
0.2415 0.2474166 1.098691 0.7374018 0.3355037 0.08642869 0.7855747 0.37140828 0.1042929
0.242 0.2489636 1.103378 0.7416135 0.3368889 0.08642866 0.78557473 0.37140828 0.104292914
0.2425 0.2504578 1.107972 0.745705 0.3382577 0.08642869 0.7855747 0.37140828 0.1042929
0.243 0.2519305 1.112473 0.749735 0.3396095 0.08642866 0.78557473 0.37140828 0.104292914
0.2435 0.2533987 1.116885 0.7537257 0.3409447 0.08642869 0.7855747 0.37140828 0.1042929
0.244 0.2548627 1.12121 0.7576741 0.3422627 0.08642866 0.78557473 0.37140828 0.104292914
0.2445 0.2563112 1.125451 0.7615725 0.3435591 0.08642869 0.7855747 0.37140828 0.1042929
0.245 0.2577228 1.129609 0.7654129 0.3448266 0.08642866 0.78557473 0.37140828 0.104292914
0.2455 0.2591137 1.133687 0.7691934 0.3460736 0.08642869 0.7855747 0.37140828 0.1042929
0.246 0.2604953 1.137685 0.7729142 0.3473037 0.08642866 0.78557473 0.37140828 0.104292914
0.2465 0.2618694 1.141603 0.7765753 0.3485009 0.08642869 0.7855747 0.37140828 0.1042929
0.247 0.263233 1.14544 0.7801765 0.3496692 0.08642866 0.78557473 0.37140828 0.104292914
0.2475 0.2645834 1.1492 0.7837182 0.3508209 0.08642869 0.7855747 0.37140828 0.1042929
0.248 0.265919 1.152887 0.7871976 0.3519592 0.08642866 0.78557473 0.37140828 0.104292914
0.2485 0.2672382 1.156495 0.7905146 0.3530734 0.08642869 0.7855747 0.37140828 0.1042929
0.249 0.268539 1.160022 0.7936423 0.3541651 0.08642866 0.78557473 0.37140828 0.104292914
0.2495 0.2698216 1.163469 0.7966504 0.3552468 0.08642869 0.7855747 0.37140828 0.1042929
0.25 0.2710864 1.166835 0.7996015 0.3563194 0.0120958835 -0.29175732 0.06712943 -0.16508862
0.2505 0.2612893 1.159369 0.7878751 0.3414352 0.0006265789 0.39797717 0.1621303 0.111181915
0.251 0.2474662 1.145838 0.7728695 0.3262095 -0.026217386 -0.19970383 0.01764831 -0.06356558
0.2515 0.2378925 1.129438 0.7605753 0.3148821 -0.023177072 0.25662655 0.09846255 0.10053462
0.252 0.231614 1.111453 0.7501743 0.3051987 -0.03654845 -0.13668314 0.010640591 -0.022006243
0.2525 0.2270762 1.092485 0.7394063 0.2962294 -0.03148648 0.1816432 0.071985185 0.08729702
0.253 0.2233753 1.072871 0.729195 0.287698 -0.039130628 -0.09122884 0.013814852 -0.00058960915
0.2535 0.2200865 1.052872 0.719776 0.2795195 -0.034521386 0.1356671 0.059231848 0.07555959
0.254 0.2170031 1.032675 0.7108964 0.2716554 -0.039304256 -0.058074538 0.019019648 0.012026355
0.2545 0.2140241 1.012412 0.7022925 0.2640822 -0.035635263 0.10524325 0.05230409 0.06622046
0.255 0.2111001 0.9921784 0.6937848 0.256782 -0.038823426 -0.03388453 0.023843825 0.020163417
0.2555 0.2082066 0.9720456 0.6852711 0.2497395 -0.036053896 0.084223464 0.048110753 0.059151247
0.256 0.2053317 0.9520674 0.6767018 0.2429409 -0.03827022 -0.016270872 0.027699664 0.025731385
0.2565 0.2024695 0.9322855 0.6680591 0.2363737 -0.036230937 0.06934111 0.045343548 0.053936318
0.257 0.1996176 0.9127329 0.659343 0.230026 -0.03781165 -0.0034704395 0.030597404 0.029678404
0.2575 0.1967753 0.8934357 0.6505624 0.223887 -0.036328107 0.05865972 0.043407977 0.050140932
0.258 0.1939425 0.8744143 0.6417303 0.2179464 -0.037471667 0.0058201514 0.032712683 0.03253059
0.2585 0.1911197 0.855685 0.6328608 0.2121947 -0.03639847 0.050936926 0.04200834 0.047396988
0.259 0.1883077 0.8372602 0.6239678 0.2066228 -0.037231714 0.012558822 0.0342357 0.03461103
0.2595 0.1855072 0.8191493 0.6150641 0.2012224 -0.036457077 0.045331996 0.040979773 0.0454188
0.26 0.1827192 0.8013593 0.6061616 0.1959855 -0.037066087 0.017445412 0.03532596 0.03613442
0.2605 0.1799443 0.7838946 0.5972705 0.1909045 -0.036507174 0.041256662 0.040219307 0.043993577
0.261 0.1771833 0.766758 0.5884002 0.1859726 -0.03695263 0.020989265 0.03610541 0.037250876
0.2615 0.174437 0.7499509 0.5795587 0.1811831 -0.03654918 0.038291227 0.03965652 0.042966276
0.262 0.171706 0.733473 0.5707534 0.1765297 -0.036874935 0.023559842 0.03666301 0.038068816
0.2625 0.1689909 0.7173231 0.5619903 0.1720065 -0.03658344 0.036132906 0.039240718 0.042225063
0.263 0.1662924 0.7014991 0.5532753 0.1676081 -0.036821485 0.025424968 0.037062645 0.03866741
0.2635 0.163611 0.685998 0.5446132 0.1633291 -0.036610678 0.03456207 0.03893417 0.041689694
0.264 0.1609473 0.6708164 0.5360084 0.1591646 -0.036784455 0.02677865 0.037349716 0.039104983
0.2645 0.1583015 0.65595 0.5274649 0.15511 -0.036631837 0.033419047 0.038708836 0.041302457
0.265 0.1556743 0.6413945 0.5189861 0.1511608 -0.03675863 0.027761403 0.03755635 0.03942451
0.2655 0.1530661 0.627145 0.5105752 0.1473128 -0.036648065 0.032587443 0.038543522 0.041022167
0.266 0.1504771 0.6131964 0.5022349 0.143562 -0.036740497 0.028474998 0.037705332 0.039657608
0.2665 0.1479079 0.5995434 0.4939678 0.1399049 -0.03666033 0.031982493 0.038422465 0.04081911
0.267 0.1453586 0.5861807 0.485776 0.1363376 -0.036727637 0.028993305 0.037812978 0.03982748
0.2675 0.1428296 0.5731028 0.4776615 0.132857 -0.036669508 0.031542536 0.038333982 0.04067187
0.268 0.1403211 0.5603039 0.4696261 0.1294599 -0.036718518 0.02936979 0.03789085 0.039951235
0.2685 0.1378335 0.5477786 0.4616714 0.1261431 -0.036676317 0.031222623 0.03826943 0.040565044
0.269 0.1353669 0.5355212 0.4537986 0.1229038 -0.036712006 0.029643346 0.037947237 0.040041342
0.2695 0.1329215 0.5235262 0.446009 0.1197393 -0.03668137 0.030989978 0.038222313 0.040487528
0.27 0.1304976 0.5117879 0.4383036 0.116647 -0.036707312 0.02984209 0.037988096 0.040106922
0.2705 0.1280952 0.5003008 0.4306834 0.1136244 -0.03668505 0.030820843 0.03818804 0.040431216
0.271 0.1257146 0.4890596 0.4231491 0.1106691 -0.03670396 0.029986512 0.03801772 0.040154636
0.2715 0.1233559 0.4780588 0.4157013 0.107779 -0.036687806 0.030697871 0.038163006 0.040390387
0.272 0.1210191 0.4672932 0.4083405 0.1049518 -0.036701545 0.030091438 0.038039237 0.040189356
0.2725 0.1187044 0.4567575 0.4010672 0.1021856 -0.036689788 0.030608464 0.038144797 0.04036069
0.273 0.1164119 0.4464467 0.3938818 0.09947834 -0.036699772 0.030167717 0.038054854 0.04021457
0.2735 0.1141416 0.4363557 0.3867843 0.09682827 -0.036691234 0.030543517 0.038131595 0.040339112
0.274 0.1118936 0.4264795 0.379775 0.09423357 -0.036698475 0.030223172 0.03806621 0.040232897
0.2745 0.1096679 0.4168135 0.372854 0.09169256 -0.036692306 0.03049628 0.03812197 0.04032345
0.275 0.1074645 0.4073528 0.3660211 0.08920361 -0.036697567 0.030263443 0.038074464 0.04024625
0.2755 0.1052835 0.3980928 0.3592764 0.08676518 -0.036693066 0.030461956 0.038114995 0.040312022
0.276 0.1031248 0.389029 0.3526197 0.08437579 -0.036696896 0.030292753 0.038080454 0.040255904
0.2765 0.1009885 0.380157 0.3460507 0.08203402 -0.036693618 0.030437019 0.03810993 0.040303737
0.277 0.09887449 0.3714725 0.3395692 0.0797385 -0.03669642 0.03031401 0.038084775 0.040262997
0.2775 0.09678277 0.3629712 0.3331749 0.07748794 -0.03669402 0.030418891 0.038106203 0.04029773
0.278 0.0947133 0.354649 0.3268674 0.07528108 -0.036696047 0.030329484 0.038087964 0.04026811
0.2785 0.09266603 0.3465019 0.3206463 0.07311672 -0.036694333 0.030405696 0.03810352 0.040293366
0.279 0.0906409 0.3385259 0.3145112 0.07099371 -0.036695823 0.030340683 0.0380902 0.04027185
0.2795 0.08863784 0.3307172 0.3084615 0.06891094 -0.03669457 0.030396108 0.038101524 0.04029022
0.28 0.08665678 0.323072 0.3024967 0.06686734 -0.03669563 0.030348863 0.038091898 0.040274546
0.2805 0.08469763 0.3155866 0.2966162 0.06486189 -0.03669472 0.030389134 0.038100123 0.040287897
0.281 0.08276031 0.3082576 0.2908195 0.0628936 -0.036695495 0.030354794 0.03809309 0.040276527
0.2815 0.08084471 0.3010813 0.2851058 0.06096153 -0.03669484 0.030384075 0.03809908 0.040286228
0.282 0.07895075 0.2940543 0.2794747 0.05906475 -0.036695376 0.030359138 0.038094014 0.040277928
0.2825 0.0770783 0.2871734 0.2739253 0.05720239 -0.036694884 0.030380454 0.038098395 0.04028496
0.283 0.07522725 0.2804353 0.2684571 0.05537359 -0.036695287 0.03036229 0.03809467 0.04027894
0.2835 0.07339749 0.2738367 0.2630692 0.05357755 -0.03669496 0.030377757 0.03809783 0.040284082
0.284 0.07158889 0.2673746 0.2577609 0.05181345 -0.03669527 0.030364554 0.038095117 0.040279746
0.2845 0.06980133 0.2610459 0.2525315 0.05008055 -0.03669502 0.030375797 0.03809741 0.04028344
0.285 0.06803466 0.2548478 0.2473802 0.04837809 -0.036695242 0.030366194 0.038095415 0.040280312
0.2855 0.06628876 0.2487772 0.2423062 0.04670538 -0.03669505 0.030374367 0.038097113 0.040282995
0.286 0.06456347 0.2428314 0.2373087 0.04506172 -0.036695197 0.030367408 0.038095683 0.04028067
0.2865 0.06285867 0.2370076 0.2323869 0.04344643 -0.036695063 0.030373376 0.038096905 0.040282667
0.287 0.06117419 0.2313032 0.2275401 0.04185889 -0.036695182 0.030368265 0.03809586 0.040280968
0.2875 0.05950989 0.2257154 0.2227673 0.04029846 -0.036695063 0.030372646 0.038096786 0.040282384
0.288 0.05786561 0.2202418 0.2180677 0.03876453 -0.036695153 0.030368906 0.03809601 0.04028116
0.2885 0.0562412 0.2148799 0.2134405 0.03725653 -0.036695078 0.030372132 0.038096696 0.040282205
0.289 0.0546365 0.2096271 0.2088849 0.03577388 -0.036695138 0.030369367 0.0380961 0.04028131
0.2895 0.05305134 0.2044811 0.2044 0.03431603 -0.036695093 0.030371692 0.038096577 0.0402821
0.29 0.05148557 0.1994396 0.1999849 0.03288246 -0.036695138 0.030369718 0.03809619 0.040281415
0.2905 0.04993902 0.1945003 0.1956389 0.03147263 -0.036695108 0.030371401 0.038096517 0.040281996
0.291 0.04841152 0.1896609 0.1913609 0.03008606 -0.036695153 0.030369934 0.03809619 0.040281534
0.2915 0.04690291 0.1849193 0.1871503 0.02872225 -0.036695138 0.030371178 0.038096428 0.04028198
0.292 0.04541301 0.1802734 0.1830061 0.02738073 -0.036695153 0.030370083 0.03809622 0.04028161
0.2925 0.04394165 0.1757211 0.1789275 0.02606103 -0.036695138 0.030371029 0.038096428 0.04028189
0.293 0.04248867 0.1712603 0.1749135 0.02476272 -0.036695138 0.030370232 0.03809625 0.040281653
0.2935 0.04105388 0.1668891 0.1709635 0.02348536 -0.036695123 0.03037094 0.038096428 0.040281847
0.294 0.03963712 0.1626055 0.1670765 0.02222853 -0.036695123 0.030370358 0.03809631 0.040281653
0.2945 0.03823821 0.1584077 0.1632516 0.02099181 -0.036695108 0.030370865 0.038096428 0.040281802
0.295 0.03685698 0.1542939 0.159488 0.0197748 -0.036695123 0.030370433 0.03809631 0.04028167
0.2955 0.03549326 0.1502621 0.1557849 0.01857712 -0.036695108 0.030370828 0.038096428 0.040281773
0.296 0.03414686 0.1463106 0.1521415 0.01739839 -0.036695123 0.030370463 0.03809634 0.04028167
0.2965 0.03281761 0.1424378 0.1485569 0.01623824 -0.036695108 0.03037079 0.038096428 0.040281758
0.297 0.03150533 0.138642 0.1450302 0.01509631 -0.036695123 0.030370485 0.03809634 0.040281683
0.2975 0.03020985 0.1349214 0.1415607 0.01397225 -0.036695108 0.030370776 0.038096428 0.040281743
0.298 0.028931 0.1312745 0.1381476 0.01286573 -0.036695123 0.030370507 0.03809634 0.040281698
0.2985 0.0276686 0.1276997 0.13479 0.0117764 -0.036695093 0.030370753 0.038096428 0.040281743
0.299 0.02642247 0.1241955 0.1314871 0.01070395 -0.036695093 0.030370567 0.038096398 0.040281683
0.2995 0.02519244 0.1207604 0.1282381 0.009648062 -0.036695093 0.030370738 0.038096428 0.040281728
0.3 0.02397833 0.1173929 0.1250423 0.008608425 0.07394101 0.88185734 0.3662721 0.16199356
0.3005 0.03382387 0.1248481 0.1365551 0.02352996 0.088779345 0.7459724 0.36881322 0.08545616
0.301 0.04765791 0.1383633 0.151379 0.0387692 0.08556269 0.79833865 0.37206155 0.11055449
0.3015 0.05720478 0.154747 0.1635346 0.05009226 0.0867268 0.78116894 0.37118143 0.102132976
0.302 0.06345514 0.1727161 0.1737108 0.05976716 0.08632837 0.7870666 0.3714862 0.105023175
0.3025 0.0679397 0.1916241 0.1829155 0.0687008 0.08646299 0.78506655 0.371382 0.104043886
0.303 0.07158419 0.2111145 0.1917455 0.07719966 0.086417064 0.78574747 0.37141728 0.10437748
0.3035 0.0748489 0.230967 0.200485 0.0853634 0.08643265 0.78551596 0.3714053 0.10426408
0.304 0.07794343 0.2510292 0.2092512 0.09322146 0.086427346 0.7855947 0.37140936 0.10430266
0.3045 0.08095925 0.2711873 0.2180834 0.1008037 0.086429164 0.785568 0.371408 0.10428952
0.305 0.08393535 0.2913515 0.2269879 0.1081274 0.08642857 0.78557706 0.3714084 0.10429402
0.3055 0.08688848 0.3114499 0.2359582 0.1152046 0.08642878 0.78557396 0.37140828 0.10429247
0.306 0.08982567 0.3314241 0.2449833 0.122046 0.08642866 0.78557503 0.37140828 0.10429303
0.3065 0.09274964 0.3512266 0.2540509 0.1286618 0.08642872 0.7855747 0.37140828 0.104292825
0.307 0.09566138 0.370819 0.2631494 0.1350622 0.08642869 0.7855748 0.37140834 0.10429287
0.3075 0.09856027 0.3901701 0.2722677 0.1412103 0.08642869 0.7855747 0.37140828 0.1042929
0.308 0.1014316 0.4092552 0.2813944 0.1470196 0.08642866 0.78557473 0.37140828 0.104292914
0.3085 0.1042802 0.4280545 0.2905198 0.152665 0.08642869 0.7855747 0.37140828 0.1042929
0.309 0.1071183 0.4465527 0.2996371 0.1581625 0.08642866 0.78557473 0.37140828 0.104292914
0.3095 0.1099491 0.4647384 0.3087389 0.1635262 0.08642869 0.7855747 0.37140828 0.1042929
0.31 0.1127719 0.4826034 0.3178183 0.1687606 0.08642866 0.78557473 0.37140828 0.104292914
0.3105 0.1155848 0.5001421 0.3268447 0.1738658 0.08642869 0.7855747 0.37140828 0.1042929
0.311 0.1183684 0.5173325 0.3352089 0.1786724 0.08642866 0.78557473 0.37140828 0.104292914
0.3115 0.121119 0.534158 0.3434914 0.183308 0.08642869 0.7855747 0.37140828 0.1042929
0.312 0.1238563 0.5506344 0.3520024 0.1878699 0.08642866 0.78557473 0.37140828 0.104292914
0.3125 0.1265863 0.5667665 0.3601734 0.1923462 0.08642869 0.7855747 0.37140828 0.1042929
0.313 0.1293066 0.5825434 0.3682606 0.1967378 0.08642866 0.78557473 0.37140828 0.104292914
0.3135 0.1320153 0.5979867 0.3766503 0.2010439 0.08642869 0.7855747 0.37140828 0.1042929
0.314 0.1347094 0.6131184 0.3852943 0.2052579 0.08642866 0.78557473 0.37140828 0.104292914
0.3145 0.1373677 0.6279514 0.3940694 0.2093476 0.08642869 0.7855747 0.37140828 0.1042929
0.315 0.1399925 0.6424937 0.4028743 0.2133227 0.08642866 0.78557473 0.37140828 0.104292914
0.3155 0.1425965 0.656749 0.4116434 0.2171836 0.08642869 0.7855747 0.37140828 0.1042929
0.316 0.1451691 0.6707211 0.4203382 0.2209432 0.08642866 0.78557473 0.37140828 0.104292914
0.3165 0.1477231 0.6844126 0.4289395 0.2246245 0.08642869 0.7855747 0.37140828 0.1042929
0.317 0.1502587 0.6978245 0.4374364 0.2282112 0.08642866 0.78557473 0.37140828 0.104292914
0.3175 0.1527685 0.7109589 0.4458216 0.2317014 0.08642869 0.7855747 0.37140828 0.1042929
0.318 0.1552691 0.7238197 0.4540978 0.2351224 0.08642866 0.78557473 0.37140828 0.104292914
0.3185 0.1577674 0.736411 0.4622687 0.2384817 0.08642869 0.7855747 0.37140828 0.1042929
0.319 0.1602607 0.7487371 0.4703363 0.2417796 0.08642866 0.78557473 0.37140828 0.104292914
0.3195 0.1627438 0.7608022 0.4783018 0.2450143 0.08642869 0.7855747 0.37140828 0.1042929
0.32 0.1652117 0.7726108 0.4861665 0.2481849 0.08642866 0.78557473 0.37140828 0.104292914
0.3205 0.1676587 0.7841677 0.493928 0.2512889 0.08642869 0.7855747 0.37140828 0.1042929
0.321 0.1700558 0.7954762 0.5015481 0.2543012 0.08642866 0.78557473 0.37140828 0.104292914
0.3215 0.1724184 0.80654 0.5090627 0.2572365 0.08642869 0.7855747 0.37140828 0.1042929
0.322 0.1747663 0.8173651 0.5164991 0.260114 0.08642866 0.78557473 0.37140828 0.104292914
0.3225 0.1771025 0.8279561 0.523859 0.2629301 0.08642869 0.7855747 0.37140828 0.1042929
0.323 0.1794196 0.8383153 0.5311344 0.2656611 0.08642866 0.78557473 0.37140828 0.104292914
0.3235 0.1817145 0.8484512 0.5383221 0.2683326 0.08642869 0.7855747 0.37140828 0.1042929
0.324 0.1839895 0.8583713 0.5454216 0.270959 0.08642866 0.78557473 0.37140828 0.104292914
0.3245 0.1862457 0.8680815 0.5524324 0.2735429 0.08642869 0.7855747 0.37140828 0.1042929
0.325 0.1884824 0.8775868 0.5593533 0.2760833 0.08642866 0.78557473 0.37140828 0.104292914
0.3255 0.1906985 0.8868919 0.5661838 0.2785789 0.08642869 0.7855747 0.37140828 0.1042929
0.326 0.192878 0.896001 0.5729208 0.2810029 0.08642866 0.78557473 0.37140828 0.104292914
0.3265 0.1950106 0.9049178 0.5795605 0.2833539 0.08642869 0.7855747 0.37140828 0.1042929
0.327 0.1971192 0.9136463 0.5861085 0.2856628 0.08642866 0.78557473 0.37140828 0.104292914
0.3275 0.1990918 0.9221905 0.592569 0.2879388 0.08642869 0.7855747 0.37140828 0.1042929
0.328 0.2009094 0.9305546 0.5989422 0.2901816 0.08642866 0.78557473 0.37140828 0.104292914
0.3285 0.2027888 0.9387428 0.6052283 0.2923899 0.08642869 0.7855747 0.37140828 0.1042929
0.329 0.2047554 0.9467589 0.6114281 0.2945629 0.08642866 0.78557473 0.37140828 0.104292914
0.3295 0.2067809 0.9546069 0.617542 0.2966996 0.08642869 0.7855747 0.37140828 0.1042929
0.33 0.208832 0.9622907 0.6235703 0.2987988 0.08642866 0.78557473 0.37140828 0.104292914
0.3305 0.2108844 0.9698138 0.6295133 0.3008609 0.08642869 0.7855747 0.37140828 0.1042929
0.331 0.2129226 0.97718 0.6353715 0.3028865 0.08642866 0.78557473 0.37140828 0.104292914
0.3315 0.2149377 0.9843928 0.6411454 0.3048762 0.08642869 0.7855747 0.37140828 0.1042929
0.332 0.2169254 0.9914545 0.6468354 0.3068306 0.08642866 0.78557473 0.37140828 0.104292914
0.3325 0.2188738 0.9983639 0.6524393 0.3087311 0.08642869 0.7855747 0.37140828 0.1042929
0.333 0.2207641 1.005124 0.6579525 0.31056 0.08642866 0.78557473 0.37140828 0.104292914
0.3335 0.2226191 1.011742 0.663381 0.3123534 0.08642869 0.7855747 0.37140828 0.1042929
0.334 0.2244564 1.018225 0.668731 0.3141252 0.08642866 0.78557473 0.37140828 0.104292914
0.3345 0.2262804 1.024575 0.6740048 0.315877 0.08642869 0.7855747 0.37140828 0.1042929
0.335 0.2280898 1.030796 0.6792026 0.3176074 0.08642866 0.78557473 0.37140828 0.104292914
0.3355 0.2298817 1.036891 0.6843245 0.3193145 0.08642869 0.7855747 0.37140828 0.1042929
0.336 0.2316536 1.042863 0.6893703 0.3209962 0.08642866 0.78557473 0.37140828 0.104292914
0.3365 0.2333875 1.048711 0.6943206 0.3226293 0.08642869 0.7855747 0.37140828 0.1042929
0.337 0.2350322 1.054428 0.6991296 0.3241692 0.08642866 0.78557473 0.37140828 0.104292914
0.3375 0.2366437 1.06002 0.7038654 0.3256799 0.08642869 0.7855747 0.37140828 0.1042929
0.338 0.2382588 1.065496 0.7085566 0.3271767 0.08642866 0.78557473 0.37140828 0.104292914
0.3385 0.2398821 1.07086 0.713202 0.3286589 0.08642869 0.7855747 0.37140828 0.1042929
0.339 0.2415073 1.076119 0.717794 0.3301348 0.08642866 0.78557473 0.37140828 0.104292914
0.3395 0.2431263 1.081274 0.7223254 0.3316023 0.08642869 0.7855747 0.37140828 0.1042929
0.34 0.244733 1.086328 0.7267918 0.3330575 0.08642866 0.78557473 0.37140828 0.104292914
0.3405 0.2463089 1.091283 0.7311662 0.3344971 0.08642869 0.7855747 0.37140828 0.1042929
0.341 0.2478319 1.096137 0.7354242 0.3359167 0.08642866 0.78557473 0.37140828 0.104292914
0.3415 0.2493378 1.100892 0.7396255 0.3373168 0.08642869 0.7855747 0.37140828 0.1042929
0.342 0.2508394 1.105552 0.743785 0.3386981 0.08642866 0.78557473 0.37140828 0.104292914
0.3425 0.2523347 1.11012 0.7478982 0.3400595 0.08642869 0.7855747 0.37140828 0.1042929
0.343 0.2537987 1.114597 0.7519562 0.3413908 0.08642866 0.78557473 0.37140828 0.104292914
0.3435 0.2552358 1.118987 0.7559537 0.3426974 0.08642869 0.7855747 0.37140828 0.1042929
0.344 0.2566611 1.12329 0.7598899 0.3439849 0.08642866 0.78557473 0.37140828 0.104292914
0.3445 0.2580793 1.127508 0.7637645 0.3452526 0.08642869 0.7855747 0.37140828 0.1042929
0.345 0.2594883 1.131641 0.7675772 0.3464827 0.08642866 0.78557473 0.37140828 0.104292914
0.3455 0.2608848 1.135687 0.7713277 0.3476878 0.08642869 0.7855747 0.37140828 0.1042929
0.346 0.2622666 1.139653 0.7750166 0.3488767 0.08642866 0.78557473 0.37140828 0.104292914
0.3465 0.2636323 1.143539 0.7786168 0.3500497 0.08642869 0.7855747 0.37140828 0.1042929
0.347 0.2649802 1.147339 0.7820191 0.3511928 0.08642866 0.78557473 0.37140828 0.104292914
0.3475 0.2663092 1.151054 0.7852562 0.3523197 0.08642869 0.7855747 0.37140828 0.1042929
0.348 0.2676197 1.154681 0.7883993 0.3534366 0.08642866 0.78557473 0.37140828 0.104292914
0.3485 0.2689124 1.158226 0.7915005 0.3545432 0.08642869 0.7855747 0.37140828 0.1042929
0.349 0.2701878 1.161694 0.7945879 0.3556383 0.08642866 0.78557473 0.37140828 0.104292914
0.3495 0.2714464 1.165093 0.7976722 0.3567213 0.08642869 0.7855747 0.37140828 0.1042929
0.35 0.2726885 1.168427 0.8007542 0.3577913 0.0120958835 -0.29175732 0.06712943 -0.16508862
0.3505 0.2628487 1.160914 0.787933 0.3428901 0.0006265789 0.39797717 0.1621303 0.111181915
0.351 0.2489498 1.147267 0.7714323 0.3276321 -0.026217386 -0.19970383 0.01764831 -0.06356558
0.3515 0.2393092 1.130712 0.7582973 0.3162739 -0.023177072 0.25662655 0.09846255 0.10053462
0.352 0.2329836 1.112572 0.7478032 0.3065639 -0.03654845 -0.13668314 0.010640591 -0.022006243
0.3525 0.2284449 1.093519 0.7387053 0.2975865 -0.03148648 0.1816432 0.071985185 0.08729702
0.353 0.2247736 1.073919 0.7302079 0.289054 -0.039130628 -0.09122884 0.013814852 -0.00058960915
0.3535 0.2215093 1.053995 0.7218967 0.2808712 -0.034521386 0.1356671 0.059231848 0.07555959
0.354 0.2184355 1.033893 0.7135785 0.2729987 -0.039304256 -0.058074538 0.019019648 0.012026355
0.3545 0.2154532 1.013725 0.7051736 0.265414 -0.035635263 0.10524325 0.05230409 0.06622046
0.355 0.2125169 0.9935716 0.6966575 0.2581002 -0.038823426 -0.03388453 0.023843825 0.020163417
0.3555 0.2096058 0.9735009 0.6880312 0.2510426 -0.036053896 0.084223464 0.048110753 0.059151247
0.356 0.2067107 0.9535663 0.6793066 0.244228 -0.03827022 -0.016270872 0.027699664 0.025731385
0.3565 0.2038273 0.9338116 0.6705 0.2376441 -0.036230937 0.06934111 0.045343548 0.053936318
0.357 0.2009542 0.9142724 0.6616282 0.2312793 -0.03781165 -0.0034704395 0.030597404 0.029678404
0.3575 0.1980911 0.8949776 0.6527077 0.225123 -0.036328107 0.05865972 0.043407977 0.050140932
0.358 0.1952381 0.8759504 0.6437533 0.2191651 -0.037471667 0.0058201514 0.032712683 0.03253059
0.3585 0.1923959 0.8572089 0.6347786 0.2133961 -0.03639847 0.050936926 0.04200834 0.047396988
0.359 0.1895652 0.8387675 0.6257956 0.2078071 -0.037231714 0.012558822 0.0342357 0.03461103
0.3595 0.1867467 0.8206369 0.6168152 0.2023897 -0.036457077 0.045331996 0.040979773 0.0454188
0.36 0.1839412 0.8028251 0.6078469 0.197136 -0.037066087 0.017445412 0.03532596 0.03613442
0.3605 0.1811493 0.7853375 0.598899 0.1920386 -0.036507174 0.041256662 0.040219307 0.043993577
0.361 0.1783719 0.7681773 0.5899793 0.1870904 -0.03695263 0.020989265 0.03610541 0.037250876
0.3615 0.1756095 0.7513464 0.5810944 0.1822849 -0.03654918 0.038291227 0.03965652 0.042966276
0.362 0.1728627 0.7348448 0.5722504 0.1776158 -0.036874935 0.023559842 0.03666301 0.038068816
0.3625 0.1701323 0.7186716 0.5634526 0.1730772 -0.03658344 0.036132906 0.039240718 0.042225063
0.363 0.1674187 0.7028247 0.5547059 0.1686637 -0.036821485 0.025424968 0.037062645 0.03866741
0.3635 0.1647225 0.6873013 0.5460147 0.1643698 -0.036610678 0.03456207 0.03893417 0.041689694
0.364 0.1620441 0.6720979 0.5373829 0.1601908 -0.036784455 0.02677865 0.037349716 0.039104983
0.3645 0.159384 0.6572104 0.5288142 0.1561218 -0.036631837 0.033419047 0.038708836 0.041302457
0.365 0.1567427 0.6426343 0.5203116 0.1521585 -0.03675863 0.027761403 0.03755635 0.03942451
0.3655 0.1541205 0.6283648 0.511878 0.1482967 -0.036648065 0.032587443 0.038543522 0.041022167
0.366 0.1515179 0.6143969 0.5035161 0.1445325 -0.036740497 0.028474998 0.037705332 0.039657608
0.3665 0.1489351 0.6007251 0.4952282 0.140862 -0.03666033 0.031982493 0.038422465 0.04081911
0.367 0.1463725 0.5873442 0.4870164 0.1372817 -0.036727637 0.028993305 0.037812978 0.03982748
0.3675 0.1438303 0.5742484 0.4788826 0.1337883 -0.036669508 0.031542536 0.038333982 0.04067187
0.368 0.1413089 0.5614323 0.4708285 0.1303785 -0.036718518 0.02936979 0.03789085 0.039951235
0.3685 0.1388085 0.5488901 0.4628555 0.1270493 -0.036676317 0.031222623 0.03826943 0.040565044
0.369 0.1363292 0.5366162 0.4549649 0.1237978 -0.036712006 0.029643346 0.037947237 0.040041342
0.3695 0.1338714 0.5246051 0.447158 0.1206213 -0.03668137 0.030989978 0.038222313 0.040487528
0.37 0.1314352 0.5128511 0.4394356 0.1175172 -0.036707312 0.02984209 0.037988096 0.040106922
0.3705 0.1290207 0.5013487 0.4317988 0.114483 -0.03668505 0.030820843 0.03818804 0.040431216
0.371 0.1266281 0.4900925 0.4242482 0.1115164 -0.03670396 0.029986512 0.03801772 0.040154636
0.3715 0.1242576 0.479077 0.4167845 0.108615 -0.036687806 0.030697871 0.038163006 0.040390387
0.372 0.1219092 0.468297 0.4094081 0.1057768 -0.036701545 0.030091438 0.038039237 0.040189356
0.3725 0.119583 0.4577472 0.4021195 0.1029997 -0.036689788 0.030608464 0.038144797 0.04036069
0.373 0.1172791 0.4474225 0.394919 0.1002818 -0.036699772 0.030167717 0.038054854 0.04021457
0.3735 0.1149976 0.4373178 0.3878067 0.09762119 -0.036691234 0.030543517 0.038131595 0.040339112
0.374 0.1127386 0.4274283 0.3807829 0.09501613 -0.036698475 0.030223172 0.03806621 0.040232897
0.3745 0.110502 0.4177491 0.3738476 0.0924649 -0.036692306 0.03049628 0.03812197 0.04032345
0.375 0.1082878 0.4082755 0.3670007 0.08996589 -0.036697567 0.030263443 0.038074464 0.04024625
0.3755 0.1060962 0.3990028 0.3602421 0.08751755 -0.036693066 0.030461956 0.038114995 0.040312022
0.376 0.103927 0.3899266 0.3535718 0.0851184 -0.036696896 0.030292753 0.038080454 0.040255904
0.3765 0.1017803 0.3810423 0.3469894 0.082767 -0.036693618 0.030437019 0.03810993 0.040303737
0.377 0.09965611 0.3723456 0.3404947 0.080462 -0.03669642 0.03031401 0.038084775 0.040262997
0.3775 0.09755431 0.3638324 0.3340875 0.07820209 -0.03669402 0.030418891 0.038106203 0.04029773
0.378 0.09547489 0.3554985 0.3277672 0.07598602 -0.036696047 0.030329484 0.038087964 0.04026811
0.3785 0.0934178 0.3473398 0.3215335 0.07381258 -0.036694333 0.030405696 0.03810352 0.040293366
0.379 0.09138297 0.3393525 0.315386 0.07168061 -0.036695823 0.030340683 0.0380902 0.04027185
0.3795 0.08937034 0.3315325 0.309324 0.06958901 -0.03669457 0.030396108 0.038101524 0.04029022
0.38 0.08737984 0.3238763 0.3033472 0.0675367 -0.03669563 0.030348863 0.038091898 0.040274546
0.3805 0.08541137 0.3163801 0.2974549 0.06552267 -0.03669472 0.030389134 0.038100123 0.040287897
0.381 0.08346484 0.3090403 0.2916465 0.06354592 -0.036695495 0.030354794 0.03809309 0.040276527
0.3815 0.08154017 0.3018534 0.2859214 0.06160549 -0.03669484 0.030384075 0.03809908 0.040286228
0.382 0.07963724 0.2948161 0.2802789 0.05970048 -0.036695376 0.030359138 0.038094014 0.040277928
0.3825 0.07775594 0.2879249 0.2747184 0.05782999 -0.036694884 0.030380454 0.038098395 0.04028496
0.383 0.07589617 0.2811766 0.2692392 0.05599318 -0.036695287 0.03036229 0.03809467 0.04027894
0.3835 0.07405779 0.2745681 0.2638404 0.05418923 -0.03669496 0.030377757 0.03809783 0.040284082
0.384 0.07224069 0.2680961 0.2585215 0.05241734 -0.03669527 0.030364554 0.038095117 0.040279746
0.3845 0.07044473 0.2617578 0.2532815 0.05067674 -0.03669502 0.030375797 0.03809741 0.04028344
0.385 0.06866978 0.2555501 0.2481198 0.04896669 -0.036695242 0.030366194 0.038095415 0.040280312
0.3855 0.0669157 0.2494701 0.2430356 0.04728649 -0.03669505 0.030374367 0.038097113 0.040282995
0.386 0.06518234 0.243515 0.2380281 0.04563543 -0.036695197 0.030367408 0.038095683 0.04028067
0.3865 0.06346957 0.237682 0.2330964 0.04401285 -0.036695063 0.030373376 0.038096905 0.040282667
0.387 0.06177723 0.2319685 0.2282398 0.04241811 -0.036695182 0.030368265 0.03809586 0.040280968
0.3875 0.06010517 0.2263719 0.2234573 0.04085058 -0.036695063 0.030372646 0.038096786 0.040282384
0.388 0.05845323 0.2208895 0.2187483 0.03930964 -0.036695153 0.030368906 0.03809601 0.04028116
0.3885 0.05682126 0.2155189 0.2141117 0.03779472 -0.036695078 0.030372132 0.038096696 0.040282205
0.389 0.05520909 0.2102575 0.2095469 0.03630524 -0.036695138 0.030369367 0.0380961 0.04028131
0.3895 0.05361657 0.2051031 0.2050529 0.03484066 -0.036695093 0.030371692 0.038096577 0.0402821
0.39 0.05204353 0.2000533 0.2006288 0.03340044 -0.036695138 0.030369718 0.03809619 0.040281415
0.3905 0.05048981 0.1951058 0.1962739 0.03198405 -0.036695108 0.030371401 0.038096517 0.040281996
0.391 0.04895523 0.1902583 0.1919873 0.030591 -0.036695153 0.030369934 0.03809619 0.040281534
0.3915 0.04743962 0.1855087 0.1877681 0.0292208 -0.036695138 0.030371178 0.038096428 0.04028198
0.392 0.04594282 0.1808549 0.1836154 0.02787296 -0.036695153 0.030370083 0.03809622 0.04028161
0.3925 0.04446466 0.1762948 0.1795284 0.02654704 -0.036695138 0.030371029 0.038096428 0.04028189
0.393 0.04300495 0.1718264 0.1755062 0.02524258 -0.036695138 0.030370232 0.03809625 0.040281653
0.3935 0.04156353 0.1674477 0.1715481 0.02395915 -0.036695123 0.03037094 0.038096428 0.040281847
0.394 0.04014023 0.1631567 0.167653 0.02269633 -0.036695123 0.030370358 0.03809631 0.040281653
0.3945 0.03873486 0.1589515 0.1638203 0.02145369 -0.036695108 0.030370865 0.038096428 0.040281802
0.395 0.03734725 0.1548304 0.160049 0.02023085 -0.036695123 0.030370433 0.03809631 0.04028167
0.3955 0.03597723 0.1507915 0.1563382 0.01902741 -0.036695108 0.030370828 0.038096428 0.040281773
0.396 0.03462461 0.146833 0.1526872 0.01784299 -0.036695123 0.030370463 0.03809634 0.04028167
0.3965 0.03328923 0.1429532 0.1490951 0.01667723 -0.036695108 0.03037079 0.038096428 0.040281758
0.397 0.0319709 0.1391505 0.1455612 0.01552976 -0.036695123 0.030370485 0.03809634 0.040281683
0.3975 0.03066945 0.1354231 0.1420844 0.01440023 -0.036695108 0.030370776 0.038096428 0.040281743
0.398 0.0293847 0.1317696 0.1386641 0.0132883 -0.036695123 0.030370507 0.03809634 0.040281698
0.3985 0.02811647 0.1281882 0.1352995 0.01219364 -0.036695093 0.030370753 0.038096428 0.040281743
0.399 0.02686459 0.1246775 0.1319897 0.01111593 -0.036695093 0.030370567 0.038096398 0.040281683
0.3995 0.02562889 0.121236 0.1287339 0.01005484 -0.036695093 0.030370738 0.038096428 0.040281728
0.4 0.02440919 0.1178622 0.1255313 0.009010073 -0.036695093 0.030370582 0.038096398 0.040281683
0.4005 0.0232053 0.1145546 0.1223812 0.007981324 -0.036695093 0.030370716 0.038096428 0.040281713
0.401 0.02201707 0.1113119 0.1192827 0.0069683 -0.036695093 0.030370597 0.038096398 0.040281698
0.4015 0.0208443 0.1081327 0.1162352 0.005970714 -0.036695093 0.030370701 0.038096428 0.040281713
0.402 0.01968684 0.1050157 0.1132377 0.004988286 -0.036695108 0.030370604 0.038096398 0.040281698
0.4025 0.01854451 0.1019595 0.1102897 0.004020743 -0.036695093 0.030370701 0.038096428 0.040281713
0.403 0.01741714 0.09896289 0.1073903 0.003067819 -0.036695108 0.030370604 0.038096398 0.040281698
0.4035 0.01630455 0.09602459 0.1045387 0.002129252 -0.036695093 0.030370701 0.038096428 0.040281713
0.404 0.01520658 0.09314338 0.1017343 0.001204788 -0.036695108 0.030370604 0.038096398 0.040281698
0.4045 0.01412305 0.09031808 0.09897636 0.0002941787 -0.036695093 0.030370701 0.038096428 0.040281713
0.405 0.01305381 0.0875475 0.09626409 -0.0006028196 -0.036695108 0.030370604 0.038096398 0.040281698
0.4055 0.01199868 0.0848305 0.09359683 -0.001486444 -0.036695093 0.030370701 0.038096428 0.040281713
0.406 0.01095749 0.08216598 0.09097386 -0.002356928 -0.036695108 0.030370604 0.038096398 0.040281698
0.4065 0.009930084 0.07955283 0.08839449 -0.003214498 -0.036695093 0.030370701 0.038096428 0.040281713
0.407 0.008916296 0.07698999 0.08585804 -0.004059376 -0.036695108 0.030370604 0.038096398 0.040281698
0.4075 0.007915964 0.07447642 0.08336383 -0.00489178 -0.036695093 0.030370701 0.038096428 0.040281713
0.408 0.006928925 0.07201108 0.08091119 -0.005711922 -0.036695108 0.030370604 0.038096398 0.040281698
0.4085 0.005955019 0.069593 0.07849947 -0.006520011 -0.036695093 0.030370701 0.038096428 0.040281713
0.409 0.004994087 0.06722117 0.07612801 -0.007316249 -0.036695108 0.030370604 0.038096398 0.040281698
0.4095 0.004045972 0.06489466 0.07379617 -0.008100837 -0.036695093 0.030370701 0.038096428 0.040281713
0.41 0.003110516 0.06261253 0.07150332 -0.00887397 -0.036695108 0.030370604 0.038096398 0.040281698
0.4105 0.002187564 0.06037386 0.06924882 -0.009635838 -0.036695093 0.030370701 0.038096428 0.040281713
0.411 0.001276963 0.05817776 0.06703207 -0.01038663 -0.036695108 0.030370604 0.038096398 0.040281698
0.4115 0.0003785595 0.05602336 0.06485244 -0.01112653 -0.036695093 0.030370701 0.038096428 0.040281713
0.412 -0.0005077979 0.0539098 0.06270934 -0.01185571 -0.036695108 0.030370604 0.038096398 0.040281698
0.4125 -0.001382259 0.05183625 0.06060218 -0.01257435 -0.036695093 0.030370701 0.038096428 0.040281713
0.413 -0.002244973 0.04980188 0.05853038 -0.01328263 -0.036695108 0.030370604 0.038096398 0.040281698
0.4135 -0.003096087 0.04780591 0.05649334 -0.01398071 -0.036695093 0.030370701 0.038096428 0.040281713
0.414 -0.003935747 0.04584754 0.05449051 -0.01466876 -0.036695108 0.030370604 0.038096398 0.040281698
0.4145 -0.004764097 0.04392601 0.05252133 -0.01534694 -0.036695093 0.030370701 0.038096428 0.040281713
0.415 -0.005581281 0.04204058 0.05058524 -0.01601541 -0.036695108 0.030370604 0.038096398 0.040281698
0.4155 -0.00638744 0.0401905 0.0486817 -0.01667432 -0.036695093 0.030370701 0.038096428 0.040281713
0.416 -0.007182716 0.03837508 0.04681017 -0.01732383 -0.036695108 0.030370604 0.038096398 0.040281698
0.4165 -0.007967247 0.03659359 0.04497013 -0.01796409 -0.036695093 0.030370701 0.038096428 0.040281713
0.417 -0.00874117 0.03484536 0.04316104 -0.01859524 -0.036695108 0.030370604 0.038096398 0.040281698
0.4175 -0.009504623 0.03312972 0.04138241 -0.01921743 -0.036695093 0.030370701 0.038096428 0.040281713
0.418 -0.01025774 0.03144601 0.03963371 -0.0198308 -0.036695108 0.030370604 0.038096398 0.040281698
0.4185 -0.01100065 0.02979358 0.03791446 -0.0204355 -0.036695093 0.030370701 0.038096428 0.040281713
0.419 -0.0117335 0.02817182 0.03622417 -0.02103164 -0.036695108 0.030370604 0.038096398 0.040281698
0.4195 -0.0124564 0.0265801 0.03456235 -0.02161938 -0.036695093 0.030370701 0.038096428 0.040281713
0.42 -0.01316949 0.02501783 0.03292852 -0.02219884 -0.036695108 0.030370604 0.038096398 0.040281698
0.4205 -0.0138729 0.02348441 0.03132222 -0.02277014 -0.036695093 0.030370701 0.038096428 0.040281713
0.421 -0.01456675 0.02197926 0.02974298 -0.02333342 -0.036695108 0.030370604 0.038096398 0.040281698
0.4215 -0.01525118 0.02050184 0.02819036 -0.0238888 -0.036695093 0.030370701 0.038096428 0.040281713
0.422 -0.01592629 0.01905157 0.0266639 -0.0244364 -0.036695108 0.030370604 0.038096398 0.040281698
0.4225 -0.01659222 0.01762793 0.02516316 -0.02497634 -0.036695093 0.030370701 0.038096428 0.040281713
0.423 -0.01724908 0.01623039 0.02368772 -0.02550874 -0.036695108 0.030370604 0.038096398 0.040281698
0.4235 -0.017897 0.01485842 0.02223714 -0.02603371 -0.036695093 0.030370701 0.038096428 0.040281713
0.424 -0.01853609 0.01351152 0.02081101 -0.02655137 -0.036695108 0.030370604 0.038096398 0.040281698
0.4245 -0.01916648 0.0121892 0.01940891 -0.02706182 -0.036695093 0.030370701 0.038096428 0.040281713
0.425 -0.01978827 0.01089097 0.01803043 -0.02756518 -0.036695108 0.030370604 0.038096398 0.040281698
0.4255 -0.02040157 0.009616357 0.01667518 -0.02806156 -0.036695093 0.030370701 0.038096428 0.040281713
0.426 -0.02100651 0.008364895 0.01534277 -0.02855105 -0.036695108 0.030370604 0.038096398 0.040281698
0.4265 -0.0216032 0.007136131 0.0140328 -0.02903377 -0.036695093 0.030370701 0.038096428 0.040281713
0.427 -0.02219174 0.005929618 0.01274489 -0.02950982 -0.036695108 0.030370604 0.038096398 0.040281698
0.4275 -0.02277224 0.004744922 0.01147868 -0.02997928 -0.036695093 0.030370701 0.038096428 0.040281713
0.428 -0.02334481 0.003581615 0.01023379 -0.03044227 -0.036695108 0.030370604 0.038096398 0.040281698
0.4285 -0.02390956 0.00243928 0.009009852 -0.03089888 -0.036695093 0.030370701 0.038096428 0.040281713
0.429 -0.02446659 0.001317508 0.007806521 -0.03134921 -0.036695108 0.030370604 0.038096398 0.040281698
0.4295 -0.02501601 0.0002158981 0.006623441 -0.03179334 -0.036695093 0.030370701 0.038096428 0.040281713
0.43 -0.02555791 -0.0008659408 0.005460268 -0.03223138 -0.036695108 0.030370604 0.038096398 0.040281698
0.4305 -0.02609241 -0.001928393 0.004316662 -0.0326634 -0.036695093 0.030370701 0.038096428 0.040281713
0.431 -0.02661959 -0.002971834 0.003192289 -0.0330895 -0.036695108 0.030370604 0.038096398 0.040281698
0.4315 -0.02713956 -0.003996631 0.002086822 -0.03350977 -0.036695093 0.030370701 0.038096428 0.040281713
0.432 -0.02765242 -0.005003146 0.0009999369 -0.03392428 -0.036695108 0.030370604 0.038096398 0.040281698
0.4325 -0.02815825 -0.00599173 -6.868307e-05 -0.03433314 -0.036695093 0.030370701 0.038096428 0.040281713
0.433 -0.02865717 -0.00696273 -0.00111935 -0.03473641 -0.036695108 0.030370604 0.038096398 0.040281698
0.4335 -0.02914925 -0.007916483 -0.002152371 -0.03513418 -0.036695093 0.030370701 0.038096428 0.040281713
0.434 -0.0296346 -0.008853321 -0.003168049 -0.03552654 -0.036695108 0.030370604 0.038096398 0.040281698
0.4345 -0.0301133 -0.009773568 -0.004166678 -0.03591355 -0.036695093 0.030370701 0.038096428 0.040281713
0.435 -0.03058544 -0.01067754 -0.005148552 -0.0362953 -0.036695108 0.030370604 0.038096398 0.040281698
0.4355 -0.03105112 -0.01156555 -0.006113958 -0.03667186 -0.036695093 0.030370701 0.038096428 0.040281713
0.436 -0.03151042 -0.01243791 -0.007063176 -0.03704331 -0.036695108 0.030370604 0.038096398 0.040281698
0.4365 -0.03196343 -0.01329491 -0.007996485 -0.03740972 -0.036695093 0.030370701 0.038096428 0.040281713
0.437 -0.03241024 -0.01413684 -0.008914158 -0.03777117 -0.036695108 0.030370604 0.038096398 0.040281698
0.4375 -0.03285092 -0.01496399 -0.009816461 -0.03812772 -0.036695093 0.030370701 0.038096428 0.040281713
0.438 -0.03328557 -0.01577664 -0.01070366 -0.03847945 -0.036695108 0.030370604 0.038096398 0.040281698
0.4385 -0.03371426 -0.01657507 -0.01157601 -0.03882642 -0.036695093 0.030370701 0.038096428 0.040281713
0.439 -0.03413708 -0.01735954 -0.01243377 -0.03916871 -0.036695108 0.030370604 0.038096398 0.040281698
0.4395 -0.0345541 -0.01813032 -0.01327719 -0.03950638 -0.036695093 0.030370701 0.038096428 0.040281713
0.44 -0.03496542 -0.01888767 -0.01410651 -0.0398395 -0.036695108 0.030370604 0.038096398 0.040281698
0.4405 -0.03537109 -0.01963183 -0.01492197 -0.04016813 -0.036695093 0.030370701 0.038096428 0.040281713
0.441 -0.03577121 -0.02036307 -0.01572382 -0.04049233 -0.036695108 0.030370604 0.038096398 0.040281698
0.4415 -0.03616585 -0.02108161 -0.01651229 -0.04081218 -0.036695093 0.030370701 0.038096428 0.040281713
0.442 -0.03655508 -0.02178771 -0.0172876 -0.04112772 -0.036695108 0.030370604 0.038096398 0.040281698
0.4425 -0.03693898 -0.02248158 -0.01804999 -0.04143902 -0.036695093 0.030370701 0.038096428 0.040281713
0.443 -0.03731762 -0.02316347 -0.01879967 -0.04174615 -0.036695108 0.030370604 0.038096398 0.040281698
0.4435 -0.03769108 -0.02383359 -0.01953686 -0.04204916 -0.036695093 0.030370701 0.038096428 0.040281713
0.444 -0.03805941 -0.02449216 -0.02026178 -0.0423481 -0.036695108 0.030370604 0.038096398 0.040281698
0.4445 -0.03842271 -0.0251394 -0.02097463 -0.04264304 -0.036695093 0.030370701 0.038096428 0.040281713
0.445 -0.03878102 -0.02577552 -0.02167563 -0.04293403 -0.036695108 0.030370604 0.038096398 0.040281698
0.4455 -0.03913443 -0.02640073 -0.02236497 -0.04322114 -0.036695093 0.030370701 0.038096428 0.040281713
0.446 -0.039483 -0.02701522 -0.02304286 -0.0435044 -0.036695108 0.030370604 0.038096398 0.040281698
0.4465 -0.0398268 -0.0276192 -0.0237095 -0.04378388 -0.036695093 0.030370701 0.038096428 0.040281713
0.447 -0.04016589 -0.02821287 -0.02436507 -0.04405963 -0.036695108 0.030370604 0.038096398 0.040281698
0.4475 -0.04050034 -0.0287964 -0.02500976 -0.0443317 -0.036695093 0.030370701 0.038096428 0.040281713
0.448 -0.04083021 -0.02936999 -0.02564377 -0.04460014 -0.036695108 0.030370604 0.038096398 0.040281698
0.4485 -0.04115557 -0.02993382 -0.02626727 -0.04486501 -0.036695093 0.030370701 0.038096428 0.040281713
0.449 -0.04147647 -0.03048806 -0.02688044 -0.04512635 -0.036695108 0.030370604 0.038096398 0.040281698
0.4495 -0.04179298 -0.03103291 -0.02748347 -0.04538421 -0.036695093 0.030370701 0.038096428 0.040281713
0.45 -0.04210516 -0.03156852 -0.02807652 -0.04563864 -0.036695108 0.030370604 0.038096398 0.040281698
0.4505 -0.04241308 -0.03209507 -0.02865977 -0.04588969 -0.036695093 0.030370701 0.038096428 0.040281713
0.451 -0.04271677 -0.03261272 -0.02923338 -0.04613741 -0.036695108 0.030370604 0.038096398 0.040281698
0.4515 -0.04301632 -0.03312163 -0.02979753 -0.04638183 -0.036695093 0.030370701 0.038096428 0.040281713
0.452 -0.04331177 -0.03362197 -0.03035236 -0.04662302 -0.036695108 0.030370604 0.038096398 0.040281698
0.4525 -0.04360318 -0.03411389 -0.03089804 -0.046861 -0.036695093 0.030370701 0.038096428 0.040281713
0.453 -0.0438906 -0.03459754 -0.03143473 -0.04709584 -0.036695108 0.030370604 0.038096398 0.040281698
0.4535 -0.0441741 -0.03507307 -0.03196258 -0.04732756 -0.036695093 0.030370701 0.038096428 0.040281713
0.454 -0.04445372 -0.03554063 -0.03248174 -0.04755621 -0.036695108 0.030370604 0.038096398 0.040281698
0.4545 -0.04472953 -0.03600036 -0.03299236 -0.04778184 -0.036695093 0.030370701 0.038096428 0.040281713
0.455 -0.04500156 -0.03645241 -0.03349458 -0.04800449 -0.036695108 0.030370604 0.038096398 0.040281698
0.4555 -0.04526988 -0.03689691 -0.03398856 -0.04822419 -0.036695093 0.030370701 0.038096428 0.040281713
0.456 -0.04553453 -0.037334 -0.03447442 -0.04844099 -0.036695108 0.030370604 0.038096398 0.040281698
0.4565 -0.04579558 -0.03776381 -0.03495231 -0.04865492 -0.036695093 0.030370701 0.038096428 0.040281713
0.457 -0.04605305 -0.03818647 -0.03542236 -0.04886604 -0.036695108 0.030370604 0.038096398 0.040281698
0.4575 -0.04630702 -0.03860211 -0.03588472 -0.04907436 -0.036695093 0.030370701 0.038096428 0.040281713
0.458 -0.04655751 -0.03901086 -0.0363395 -0.04927995 -0.036695108 0.030370604 0.038096398 0.040281698
0.4585 -0.04680459 -0.03941284 -0.03678683 -0.04948282 -0.036695093 0.030370701 0.038096428 0.040281713
0.459 -0.0470483 -0.03980817 -0.03722685 -0.04968302 -0.036695108 0.030370604 0.038096398 0.040281698
0.4595 -0.04728869 -0.04019697 -0.03765968 -0.04988059 -0.036695093 0.030370701 0.038096428 0.040281713
0.46 -0.04752579 -0.04057935 -0.03808545 -0.05007555 -0.036695108 0.030370604 0.038096398 0.040281698
0.4605 -0.04775967 -0.04095544 -0.03850426 -0.05026795 -0.036695093 0.030370701 0.038096428 0.040281713
0.461 -0.04799036 -0.04132533 -0.03891624 -0.05045782 -0.036695108 0.030370604 0.038096398 0.040281698
0.4615 -0.0482179 -0.04168914 -0.0393215 -0.0506452 -0.036695093 0.030370701 0.038096428 0.040281713
0.462 -0.04844234 -0.04204698 -0.03972017 -0.05083011 -0.036695108 0.030370604 0.038096398 0.040281698
0.4625 -0.04866373 -0.04239896 -0.04011235 -0.0510126 -0.036695093 0.030370701 0.038096428 0.040281713
0.463 -0.0488821 -0.04274517 -0.04049814 -0.05119269 -0.036695108 0.030370604 0.038096398 0.040281698
0.4635 -0.0490975 -0.04308572 -0.04087767 -0.05137042 -0.036695093 0.030370701 0.038096428 0.040281713
0.464 -0.04930997 -0.04342071 -0.04125103 -0.05154582 -0.036695108 0.030370604 0.038096398 0.040281698
0.4645 -0.04951954 -0.04375023 -0.04161834 -0.05171892 -0.036695093 0.030370701 0.038096428 0.040281713
0.465 -0.04972626 -0.04407439 -0.04197968 -0.05188976 -0.036695108 0.030370604 0.038096398 0.040281698
0.4655 -0.04993018 -0.04439327 -0.04233517 -0.05205835 -0.036695093 0.030370701 0.038096428 0.040281713
0.466 -0.05013131 -0.04470697 -0.0426849 -0.05222474 -0.036695108 0.030370604 0.038096398 0.040281698
0.4665 -0.05032972 -0.04501557 -0.04302897 -0.05238895 -0.036695093 0.030370701 0.038096428 0.040281713
0.467 -0.05052543 -0.04531918 -0.04336748 -0.05255101 -0.036695108 0.030370604 0.038096398 0.040281698
0.4675 -0.05071847 -0.04561787 -0.04370052 -0.05271096 -0.036695093 0.030370701 0.038096428 0.040281713
0.468 -0.0509089 -0.04591172 -0.04402817 -0.05286881 -0.036695108 0.030370604 0.038096398 0.040281698
0.4685 -0.05109674 -0.04620084 -0.04435054 -0.0530246 -0.036695093 0.030370701 0.038096428 0.040281713
0.469 -0.05128202 -0.04648529 -0.04466772 -0.05317836 -0.036695108 0.030370604 0.038096398 0.040281698
0.4695 -0.0514648 -0.04676515 -0.04497978 -0.05333011 -0.036695093 0.030370701 0.038096428 0.040281713
0.47 -0.05164509 -0.04704051 -0.04528681 -0.05347988 -0.036695108 0.030370604 0.038096398 0.040281698
0.4705 -0.05182293 -0.04731145 -0.04558891 -0.05362769 -0.036695093 0.030370701 0.038096428 0.040281713
0.471 -0.05199836 -0.04757804 -0.04588614 -0.05377358 -0.036695108 0.030370604 0.038096398 0.040281698
0.4715 -0.05217142 -0.04784035 -0.04617861 -0.05391757 -0.036695093 0.030370701 0.038096428 0.040281713
0.472 -0.05234212 -0.04809846 -0.04646637 -0.05405968 -0.036695108 0.030370604 0.038096398 0.040281698
0.4725 -0.05251051 -0.04835244 -0.04674952 -0.05419993 -0.036695093 0.030370701 0.038096428 0.040281713
0.473 -0.05267662 -0.04860237 -0.04702813 -0.05433837 -0.036695108 0.030370604 0.038096398 0.040281698
0.4735 -0.05284048 -0.0488483 -0.04730228 -0.05447499 -0.036695093 0.030370701 0.038096428 0.040281713
0.474 -0.05300212 -0.04909032 -0.04757204 -0.05460985 -0.036695108 0.030370604 0.038096398 0.040281698
0.4745 -0.05316158 -0.04932848 -0.04783749 -0.05474294 -0.036695093 0.030370701 0.038096428 0.040281713
0.475 -0.05331887 -0.04956285 -0.04809869 -0.05487431 -0.036695108 0.030370604 0.038096398 0.040281698
0.4755 -0.05347403 -0.0497935 -0.04835572 -0.05500397 -0.036695093 0.030370701 0.038096428 0.040281713
0.476 -0.0536271 -0.0500205 -0.04860865 -0.05513194 -0.036695108 0.030370604 0.038096398 0.040281698
0.4765 -0.05377809 -0.05024389 -0.04885755 -0.05525825 -0.036695093 0.030370701 0.038096428 0.040281713
0.477 -0.05392704 -0.05046375 -0.04910248 -0.05538292 -0.036695108 0.030370604 0.038096398 0.040281698
0.4775 -0.05407398 -0.05068013 -0.04934351 -0.05550597 -0.036695093 0.030370701 0.038096428 0.040281713
0.478 -0.05421893 -0.0508931 -0.0495807 -0.05562743 -0.036695108 0.030370604 0.038096398 0.040281698
0.4785 -0.05436192 -0.0511027 -0.04981413 -0.05574731 -0.036695093 0.030370701 0.038096428 0.040281713
0.479 -0.05450298 -0.05130901 -0.05004384 -0.05586563 -0.036695108 0.030370604 0.038096398 0.040281698
0.4795 -0.05464214 -0.05151206 -0.05026991 -0.05598242 -0.036695093 0.030370701 0.038096428 0.040281713
0.48 -0.05477942 -0.05171193 -0.0504924 -0.05609769 -0.036695108 0.030370604 0.038096398 0.040281698
0.4805 -0.05491484 -0.05190865 -0.05071135 -0.05621147 -0.036695093 0.030370701 0.038096428 0.040281713
0.481 -0.05504844 -0.05210229 -0.05092685 -0.05632378 -0.036695108 0.030370604 0.038096398 0.040281698
0.4815 -0.05518023 -0.05229289 -0.05113893 -0.05643463 -0.036695093 0.030370701 0.038096428 0.040281713
0.482 -0.05531025 -0.05248051 -0.05134765 -0.05654405 -0.036695108 0.030370604 0.038096398 0.040281698
0.4825 -0.05543851 -0.0526652 -0.05155308 -0.05665205 -0.036695093 0.030370701 0.038096428 0.040281713
0.483 -0.05556505 -0.052847 -0.05175527 -0.05675865 -0.036695108 0.030370604 0.038096398 0.040281698
0.4835 -0.05568988 -0.05302597 -0.05195426 -0.05686387 -0.036695093 0.030370701 0.038096428 0.040281713
0.484 -0.05581302 -0.05320215 -0.05215012 -0.05696774 -0.036695108 0.030370604 0.038096398 0.040281698
0.4845 -0.05593451 -0.05337558 -0.05234289 -0.05707025 -0.036695093 0.030370701 0.038096428 0.040281713
0.485 -0.05605437 -0.05354632 -0.05253263 -0.05717145 -0.036695108 0.030370604 0.038096398 0.040281698
0.4855 -0.05617261 -0.05371441 -0.05271939 -0.05727133 -0.036695093 0.030370701 0.038096428 0.040281713
0.486 -0.05628925 -0.05387988 -0.05290321 -0.05736993 -0.036695108 0.030370604 0.038096398 0.040281698
0.4865 -0.05640433 -0.0540428 -0.05308414 -0.05746725 -0.036695093 0.030370701 0.038096428 0.040281713
0.487 -0.05651786 -0.05420319 -0.05326224 -0.05756332 -0.036695108 0.030370604 0.038096398 0.040281698
0.4875 -0.05662987 -0.0543611 -0.05343754 -0.05765814 -0.036695093 0.030370701 0.038096428 0.040281713
0.488 -0.05674037 -0.05451657 -0.0536101 -0.05775174 -0.036695108 0.030370604 0.038096398 0.040281698
0.4885 -0.05684938 -0.05466964 -0.05377996 -0.05784414 -0.036695093 0.030370701 0.038096428 0.040281713
0.489 -0.05695693 -0.05482035 -0.05394715 -0.05793534 -0.036695108 0.030370604 0.038096398 0.040281698
0.4895 -0.05706304 -0.05496874 -0.05411174 -0.05802536 -0.036695093 0.030370701 0.038096428 0.040281713
0.49 -0.05716772 -0.05511484 -0.05427375 -0.05811423 -0.036695108 0.030370604 0.038096398 0.040281698
0.4905 -0.05727099 -0.0552587 -0.05443324 -0.05820194 -0.036695093 0.030370701 0.038096428 0.040281713
0.491 -0.05737288 -0.05540035 -0.05459024 -0.05828853 -0.036695108 0.030370604 0.038096398 0.040281698
0.4915 -0.0574734 -0.05553983 -0.0547448 -0.05837401 -0.036695093 0.030370701 0.038096428 0.040281713
0.492 -0.05757257 -0.05567717 -0.05489694 -0.05845838 -0.036695108 0.030370604 0.038096398 0.040281698
0.4925 -0.05767042 -0.05581241 -0.05504673 -0.05854166 -0.036695093 0.030370701 0.038096428 0.040281713
0.493 -0.05776695 -0.05594558 -0.05519418 -0.05862387 -0.036695108 0.030370604 0.038096398 0.040281698
0.4935 -0.05786219 -0.05607671 -0.05533934 -0.05870503 -0.036695093 0.030370701 0.038096428 0.040281713
0.494 -0.05795615 -0.05620585 -0.05548225 -0.05878514 -0.036695108 0.030370604 0.038096398 0.040281698
0.4945 -0.05804885 -0.05633301 -0.05562294 -0.05886422 -0.036695093 0.030370701 0.038096428 0.040281713
0.495 -0.05814031 -0.05645824 -0.05576146 -0.05894228 -0.036695108 0.030370604 0.038096398 0.040281698
0.4955 -0.05823055 -0.05658156 -0.05589783 -0.05901934 -0.036695093 0.030370701 0.038096428 0.040281713
0.496 -0.05831958 -0.05670301 -0.05603208 -0.0590954 -0.036695108 0.030370604 0.038096398 0.040281698
0.4965 -0.05840742 -0.05682262 -0.05616427 -0.05917049 -0.036695093 0.030370701 0.038096428 0.040281713
0.497 -0.05849408 -0.0569404 -0.05629441 -0.05924462 -0.036695108 0.030370604 0.038096398 0.040281698
0.4975 -0.05857959 -0.05705641 -0.05642254 -0.05931779 -0.036695093 0.030370701 0.038096428 0.040281713
0.498 -0.05866395 -0.05717066 -0.0565487 -0.05939002 -0.036695108 0.030370604 0.038096398 0.040281698
0.4985 -0.05874719 -0.05728318 -0.05667291 -0.05946132 -0.036695093 0.030370701 0.038096428 0.040281713
0.499 -0.05882931 -0.05739399 -0.05679521 -0.05953171 -0.036695108 0.030370604 0.038096398 0.040281698
0.4995 -0.05891033 -0.05750314 -0.05691563 -0.05960119 -0.036695093 0.030370701 0.038096428 0.040281713
0.5 -0.05899028 -0.05761064 -0.05703419 -0.05966979 -0.036695108 0.030370604 0.038096398 0.040281698
