0.0 -0.065 -0.065 -0.065 -0.065 -0.038762566 0.12244199 0.14518504 -0.007245494
0.001 -0.06090621 -0.06484828 -0.06249897 -0.04319335 0.0013690703 0.27778932 0.17117809 -0.0010843091
0.002 -0.05592998 -0.06437797 -0.06037679 -0.02795412 0.057269905 0.28103396 0.17099227 0.2148981
0.003 -0.0525111 -0.06379341 -0.05915437 -0.01540028 0.08217354 0.26705474 0.024850428 0.24445896
0.004 -0.04956134 -0.06316275 -0.05811615 -0.004012673 0.084075674 0.21355705 0.1278995 0.18558505
0.005 -0.04670446 -0.06250231 -0.05710366 0.00643822 0.06043456 0.17897478 0.07763976 0.1719773
0.006 -0.0438665 -0.06182063 -0.0561459 0.01601931 0.035673756 0.11097135 0.07355299 0.18305747
0.007 -0.04104191 -0.06111696 -0.0551653 0.02481375 0.059019323 0.16070397 0.12145156 0.11584072
0.008 -0.03821364 -0.06039485 -0.054152 0.03296294 0.038112957 0.12502468 0.017414033 0.20690031
0.009 -0.03538688 -0.05965236 -0.05312698 0.04049995 0.048683915 0.13934547 0.056592576 0.09598462
0.01 -0.03257269 -0.05889337 -0.05210087 0.04749718 0.057219904 0.13239512 0.0169423 0.17587157
0.011 -0.02976335 -0.05812859 -0.05107183 0.05405664 0.036246758 0.115908355 0.042002972 0.11778648
0.012 -0.02696233 -0.05736075 -0.05004336 0.06021362 0.049857263 0.11940676 0.022818472 0.15157855
0.013 -0.02417969 -0.0565897 -0.04901965 0.06599392 0.04185426 0.11578216 0.038593326 0.12433539
0.014 -0.02142119 -0.05581119 -0.04800275 0.07143096 0.044414576 0.1164043 0.017080002 0.14650017
0.015 -0.01869187 -0.05502973 -0.04699341 0.0765403 0.043637294 0.11464611 0.030790012 0.124742866
0.016 -0.01599766 -0.05424835 -0.04599221 0.08134835 0.04479829 0.11620891 0.018515475 0.14086774
0.017 -0.01334165 -0.05346754 -0.04499974 0.08588022 0.042151827 0.11218997 0.026288293 0.12935504
0.018 -0.01072511 -0.05240148 -0.04400883 0.09016047 0.044527162 0.11501992 0.021313265 0.13567282
0.019 -0.008149379 -0.05124788 -0.04301481 0.09420642 0.0425434 0.11248918 0.023966346 0.13216953
0.02 -0.005616474 -0.05028436 -0.04203518 0.09803481 0.04359464 0.114045605 0.021619085 0.13374533
0.021 -0.003127391 -0.04948692 -0.0410745 0.1016629 0.043152828 0.11297692 0.022995662 0.13270777
0.022 -0.0006830024 -0.04878666 -0.04013126 0.1051055 0.043193635 0.113614276 0.021804087 0.13322784
0.023 0.001716073 -0.04812975 -0.03920313 0.1083589 0.043148514 0.112986885 0.0224799 0.13298403
0.024 0.004068917 -0.04748403 -0.03828849 0.1114588 0.043182123 0.11348023 0.02216927 0.13283901
0.025 0.006374795 -0.04683372 -0.03738645 0.1144177 0.043091204 0.113058634 0.022128865 0.13323939
0.026 0.008633039 -0.046173 -0.03649672 0.1172421 0.043139998 0.11335949 0.022285886 0.13266382
0.027 0.01084321 -0.04550134 -0.03561939 0.1199391 0.043131623 0.113179505 0.022050727 0.13325493
0.028 0.01300546 -0.04482068 -0.03475454 0.1225158 0.043076415 0.11326924 0.022260599 0.1327196
0.029 0.01511992 -0.0441338 -0.03390229 0.1249794 0.043145973 0.11323397 0.022073045 0.13316102
0.03 0.01718672 -0.04344355 -0.03306285 0.1273366 0.043071676 0.11324954 0.022238739 0.13280506
0.031 0.0192064 -0.04275255 -0.03223639 0.1295936 0.04312508 0.11324687 0.02208452 0.13309674
0.032 0.02117894 -0.04206303 -0.03142308 0.1317561 0.0430852 0.113249384 0.022225402 0.1328551
0.033 0.02310441 -0.04137684 -0.03062304 0.1338295 0.043112013 0.11325656 0.022102322 0.13305624
0.034 0.02498322 -0.04069547 -0.02983636 0.1358186 0.043087814 0.113246255 0.022204556 0.13289654
0.035 0.02681591 -0.0400201 -0.02906311 0.1377278 0.043108787 0.11326343 0.02212647 0.13301913
0.036 0.02860203 -0.03935177 -0.02830349 0.1395605 0.04308891 0.11324737 0.022185467 0.13293146
0.037 0.03034249 -0.03869127 -0.0275575 0.1413207 0.043104414 0.11326375 0.022142764 0.13299327
0.038 0.03203904 -0.0380391 -0.02682492 0.143013 0.043092776 0.113251746 0.022175021 0.13295154
0.039 0.03369251 -0.0373956 -0.02610567 0.144641 0.043100286 0.11326222 0.022151731 0.13298061
0.04 0.0353035 -0.03676105 -0.02539969 0.1462078 0.043095227 0.113254696 0.02216918 0.13296144
0.041 0.03687266 -0.03613565 -0.02470694 0.1477166 0.043098364 0.113261424 0.022157311 0.13297391
0.042 0.03840067 -0.03551958 -0.02402732 0.14917 0.043095957 0.11325639 0.022165313 0.13296701
0.043 0.03988827 -0.03491297 -0.02336074 0.1505706 0.043097626 0.113260835 0.022160832 0.13297027
0.044 0.04133621 -0.03431591 -0.0227071 0.151921 0.043096457 0.11325774 0.022163339 0.13296987
0.045 0.04274528 -0.03372848 -0.02206627 0.1532232 0.043097023 0.113260254 0.02216234 0.13296874
0.046 0.04411626 -0.03315071 -0.02143813 0.1544795 0.043096874 0.11325868 0.022162616 0.13297081
0.047 0.04544998 -0.03258263 -0.02082255 0.1556918 0.043096792 0.113259874 0.022163004 0.1329687
0.048 0.04674724 -0.03202423 -0.02021937 0.1568622 0.043097 0.11325918 0.022162426 0.1329709
0.049 0.04800884 -0.03147551 -0.01962846 0.1579922 0.043096792 0.113259636 0.022163324 0.13296881
0.05 0.04923559 -0.03093647 -0.01904965 0.1590837 0.043096963 0.11325946 0.022162486 0.1329707
0.051 0.05042744 -0.03040705 -0.01848285 0.1601375 0.043096717 0.11325963 0.02216319 0.1329692
0.052 0.05156268 -0.02988709 -0.01794203 0.1609419 0.043096934 0.113259524 0.022162557 0.13297051
0.053 0.05258382 -0.02937877 -0.01744547 0.1615547 0.043096777 0.113259606 0.022163168 0.13296944
0.054 0.05361365 -0.02888257 -0.01693135 0.1623421 0.04309688 0.113259606 0.02216265 0.13297026
0.055 0.05465778 -0.02839598 -0.01640982 0.163221 0.043096844 0.113259554 0.02216316 0.13296965
0.056 0.0556923 -0.02791781 -0.01589416 0.1641321 0.043096866 0.11325967 0.02216275 0.13297004
0.057 0.05670403 -0.02744789 -0.01538953 0.1650435 0.04309686 0.113259524 0.022163104 0.13296981
0.058 0.05768807 -0.02698658 -0.01489705 0.1659384 0.04309686 0.11325958 0.022162914 0.13296998
0.059 0.05864327 -0.02653455 -0.01441655 0.1668079 0.04309683 0.11325958 0.022163019 0.13296984
0.06 0.0595703 -0.02609165 -0.01394751 0.1676486 0.043096896 0.11325957 0.02216287 0.13297008
0.061 0.06047015 -0.02565757 -0.0134894 0.1684594 0.043096926 0.11325957 0.02216307 0.13296989
0.062 0.06134377 -0.025232 -0.01304176 0.1692403 0.043096934 0.11325961 0.022162914 0.13297002
0.063 0.06219205 -0.02481474 -0.01260424 0.1699923 0.043096807 0.113259524 0.022162966 0.13296995
0.064 0.0630158 -0.02440562 -0.01217655 0.1707166 0.043096904 0.11325962 0.022162959 0.13296995
0.065 0.06381578 -0.02400453 -0.01175843 0.1714145 0.04309683 0.11325956 0.022162866 0.13296992
0.066 0.0645927 -0.02361137 -0.01134967 0.1720874 0.043096837 0.11325963 0.022163011 0.13296989
0.067 0.06534723 -0.02322607 -0.01095007 0.1727367 0.04309691 0.11325956 0.022162974 0.13297008
0.068 0.06608001 -0.02284853 -0.01055944 0.1733636 0.043096896 0.113259606 0.022162978 0.13296983
0.069 0.06679167 -0.02247867 -0.01017761 0.1739691 0.04309692 0.113259606 0.022163041 0.13297006
0.07 0.0674828 -0.0221164 -0.009804395 0.1745544 0.043096866 0.113259606 0.022162993 0.13296992
0.071 0.06815277 -0.02176151 -0.009440529 0.1750973 0.043096866 0.11325969 0.022163007 0.13296995
0.072 0.06877851 -0.02141414 -0.009094017 0.1751795 0.043096844 0.11325967 0.022163007 0.13296999
0.073 0.06938416 -0.02107504 -0.008753478 0.1754584 0.043096866 0.11325969 0.022163007 0.13296998
0.074 0.06998842 -0.02074352 -0.008415227 0.1758957 0.04309685 0.11325972 0.022163007 0.13296998
0.075 0.07058415 -0.02041901 -0.008082273 0.1764053 0.04309683 0.11325968 0.022163 0.13296998
0.076 0.07116544 -0.02010124 -0.007756409 0.1769411 0.043096844 0.11325966 0.022163045 0.13296995
0.077 0.07172966 -0.01979012 -0.007438226 0.1774779 0.04309685 0.11325972 0.022163007 0.13296995
0.078 0.07227555 -0.01948568 -0.007126618 0.1780024 0.04309682 0.11325973 0.022162978 0.13296998
0.079 0.07280564 -0.01918637 -0.006797481 0.1785102 0.043096866 0.11325975 0.022163052 0.13296998
0.08 0.07332126 -0.01889248 -0.006494372 0.1789995 0.043096837 0.11325971 0.022162963 0.13297
0.081 0.0738222 -0.01860564 -0.006209973 0.1794694 0.04309688 0.1132597 0.0221631 0.13296995
0.082 0.07430858 -0.01832599 -0.005934263 0.1799201 0.043096844 0.11325967 0.022162966 0.13297004
0.083 0.07477738 -0.0180531 -0.005664253 0.1803502 0.043096814 0.11325963 0.022162996 0.13296986
0.084 0.07522279 -0.01778655 -0.005400406 0.1807593 0.04309685 0.11325972 0.022162963 0.13296995
0.085 0.07565812 -0.01752618 -0.005141246 0.1811513 0.043096837 0.11325964 0.022163026 0.13296998
0.086 0.0760764 -0.0172719 -0.004888181 0.1815242 0.04309686 0.11325971 0.022163007 0.13296992
0.087 0.07649168 -0.01702328 -0.004639574 0.1818863 0.04309688 0.11325966 0.02216294 0.13297004
0.088 0.0769012 -0.01678002 -0.004395701 0.1822378 0.04309692 0.11325966 0.022162985 0.13297
0.089 0.07730072 -0.01654198 -0.004157112 0.1825785 0.043096866 0.113259666 0.022163007 0.13296998
0.09 0.07768865 -0.01630912 -0.003924006 0.1829086 0.04309682 0.1132597 0.022162978 0.13296995
0.091 0.07806441 -0.0160814 -0.003696394 0.183227 0.043096807 0.11325971 0.02216297 0.13296989
0.092 0.0784171 -0.01585884 -0.003475395 0.1835176 0.04309686 0.1132597 0.022162989 0.13296998
0.093 0.07876166 -0.01564149 -0.003259717 0.1838042 0.04309683 0.11325971 0.02216294 0.13296989
0.094 0.07910352 -0.01542914 -0.003048331 0.1840887 0.04309688 0.11325966 0.022163004 0.13297004
0.095 0.07943857 -0.01522163 -0.002841549 0.1843684 0.043096844 0.113259636 0.022163052 0.13296992
0.096 0.07976432 -0.01501882 -0.00263958 0.1846418 0.043096896 0.11325972 0.022163052 0.13296998
0.097 0.08008043 -0.01482062 -0.002442435 0.1849085 0.043096866 0.11325967 0.02216303 0.13297
0.098 0.08038706 -0.01462693 -0.002250033 0.1851679 0.04309689 0.11325973 0.022163067 0.13296995
0.099 0.08068459 -0.01443768 -0.002062257 0.1854198 0.04309686 0.11325969 0.02216297 0.13297
0.1 0.08097338 -0.01425278 -0.001878988 0.1856641 0.03011604 0.3597265 0.0053051636 0.22634475
0.101 0.07740798 0.01164705 -0.003159976 0.1645058 -0.10140173 0.38287905 0.09654522 0.039768208
0.102 0.07336155 0.04760815 -0.002507875 0.1501412 0.19279198 0.40884948 0.0770748 0.028064836
0.103 0.07106077 0.08586861 -9.929324e-05 0.1386212 0.0077955313 0.47289476 0.12126514 -0.019979548
0.104 0.06933079 0.124817 0.003091292 0.1284044 -0.1255096 0.52008736 0.09560986 0.12495221
0.105 0.06777255 0.1637579 0.006828364 0.1192561 -0.03206591 0.55195916 0.09325339 0.041490007
0.106 0.06637891 0.2022061 0.0111287 0.1110849 0.013072867 0.65095925 0.083024845 0.08229254
0.107 0.06507345 0.239792 0.01586465 0.1037623 -0.0055995993 0.6190691 0.102749944 0.08833997
0.108 0.0638587 0.2762491 0.0209851 0.09721594 0.036739457 0.6709368 0.15685323 -0.0028832667
0.109 0.06277832 0.3114182 0.02658684 0.09138792 0.0075673945 0.6860807 0.14711055 0.09054111
0.11 0.06182158 0.3452185 0.03264138 0.08620645 0.011581738 0.709003 0.2060314 0.0430712
0.111 0.06097872 0.3776203 0.03910174 0.08160822 0.025423426 0.7245397 0.20139767 0.07125424
0.112 0.06024683 0.4086299 0.04593555 0.07753851 0.026341934 0.7416696 0.22476378 0.043710697
0.113 0.05962644 0.4382785 0.05312168 0.07394962 0.025098134 0.7500577 0.2313994 0.062459815
0.114 0.05911901 0.4666128 0.06064512 0.07079963 0.029848892 0.76023155 0.2493409 0.04362564
0.115 0.05872597 0.4936892 0.06849392 0.06805149 0.028205741 0.7670525 0.25309277 0.055655647
0.116 0.05844827 0.5195687 0.07665751 0.0656723 0.031051774 0.7720265 0.265475 0.047439147
0.117 0.05828624 0.5443141 0.08512593 0.0636327 0.031348128 0.7760501 0.26888186 0.050423373
0.118 0.05824043 0.5679877 0.09388954 0.06190647 0.032084305 0.7783748 0.27476513 0.047098268
0.119 0.05831051 0.5906502 0.1029384 0.06046894 0.03249671 0.7805088 0.27788675 0.046905745
0.12 0.05847632 0.612358 0.1122572 0.05927384 0.03270479 0.78128356 0.2804333 0.045356084
0.121 0.05875501 0.6331672 0.1218425 0.05832642 0.032886643 0.7820669 0.28202757 0.043626834
0.122 0.05914029 0.6531295 0.1316829 0.05760029 0.032905478 0.7819039 0.28266442 0.042300154
0.123 0.05965603 0.6722992 0.1417772 0.05710878 0.032799203 0.78168595 0.28280753 0.03998666
0.124 0.06029777 0.6907256 0.1521161 0.05683328 0.0325477 0.7808692 0.28204852 0.038269628
0.125 0.06105458 0.7084534 0.1626886 0.05675509 0.032236326 0.77990633 0.28093308 0.035652388
0.126 0.06192035 0.7255239 0.1734852 0.05685889 0.0317383 0.77853924 0.27901733 0.03341501
0.127 0.06289212 0.7419761 0.1844976 0.05713189 0.031190623 0.77695495 0.27675152 0.030520488
0.128 0.06396809 0.7578466 0.1957177 0.05756306 0.030477274 0.7750538 0.27380228 0.027755965
0.129 0.06514675 0.7731697 0.2071383 0.05814269 0.029682595 0.7728856 0.27045262 0.024556745
0.13 0.06642653 0.787978 0.2187518 0.05886209 0.027150128 0.6599813 0.27139926 -0.034361374
0.131 0.06776125 0.7764442 0.2297847 0.05940433 0.07206842 0.6367378 0.27755553 -0.073217675
0.132 0.06915645 0.7538976 0.2399743 0.06001715 0.07929364 0.60319734 0.38024893 -0.021933237
0.133 0.07064031 0.7282792 0.2499079 0.0607167 0.079325974 0.5962584 0.45374116 -0.02963718
0.134 0.07220655 0.7016266 0.2597737 0.06149118 0.1304085 0.6085777 0.54069984 -0.03378763
0.135 0.0738514 0.6748626 0.2696434 0.06225717 0.11592372 0.61917657 0.5487715 0.016890753
0.136 0.07557255 0.6485383 0.2795553 0.06307187 0.12893498 0.6197616 0.6132561 0.0014017336
0.137 0.07736877 0.6230069 0.289535 0.06403023 0.12911986 0.63737345 0.5970082 0.027562674
0.138 0.07923853 0.5984923 0.2996009 0.06509931 0.1425229 0.63155 0.6223041 0.024569847
0.139 0.08118011 0.5751285 0.3097662 0.06625977 0.14628847 0.63291883 0.61937714 0.035306823
0.14 0.0831912 0.552986 0.3200404 0.06750013 0.15210664 0.61901796 0.6297729 0.03919712
0.141 0.08527075 0.5320938 0.3304306 0.06881469 0.15316851 0.6085863 0.62857556 0.042374004
0.142 0.08741792 0.5124521 0.3409419 0.07020001 0.15463664 0.59205484 0.62901986 0.046746466
0.143 0.08963105 0.4940406 0.3515779 0.07163442 0.15353678 0.5753672 0.62399054 0.0451825
0.144 0.09190818 0.4768262 0.3623407 0.07313759 0.15315388 0.5569293 0.6178428 0.04582617
0.145 0.09424873 0.4607672 0.3732317 0.074715 0.1511602 0.53700376 0.610764 0.04283719
0.146 0.09665119 0.4458167 0.3842503 0.07635571 0.14894013 0.51683223 0.6025567 0.041596245
0.147 0.0991127 0.4319227 0.395393 0.0780558 0.14608859 0.49556214 0.5944922 0.038464364
0.148 0.1016349 0.419039 0.4066665 0.07982452 0.14285675 0.47451076 0.5855639 0.036404368
0.149 0.1042158 0.4071182 0.4180698 0.08163888 0.13926204 0.45288986 0.5769164 0.033656906
0.15 0.1068529 0.3961098 0.4296004 0.08334495 0.13563146 0.4317676 0.5684236 0.031375356
0.151 0.1091379 0.3859499 0.440481 0.08498947 0.13687514 0.41267312 0.5711169 0.027118094
0.152 0.1106624 0.3764289 0.4497324 0.08639049 0.13473 0.39472935 0.57582057 0.030348282
0.153 0.1118864 0.3675524 0.4599324 0.08760985 0.12866177 0.3797688 0.58387196 0.03819521
0.154 0.1129416 0.3593566 0.4704624 0.08864709 0.12404208 0.36667517 0.5892949 0.04215615
0.155 0.1138317 0.3518007 0.4808125 0.08948088 0.12141441 0.35617453 0.5911385 0.045876984
0.156 0.114565 0.3448206 0.4908096 0.09009987 0.1188114 0.34576002 0.5936701 0.048860606
0.157 0.1151222 0.3383559 0.5004202 0.0904068 0.1160638 0.33629936 0.5953845 0.051845606
0.158 0.1155605 0.3323553 0.5096633 0.09067755 0.11336376 0.3275413 0.5971576 0.053813618
0.159 0.1158926 0.3267769 0.5185633 0.09087352 0.11074261 0.31970668 0.5984932 0.056381065
0.16 0.1161041 0.3215853 0.5271382 0.09096429 0.108161405 0.3121981 0.5999595 0.0581013
0.161 0.1161886 0.3167498 0.5354025 0.09093643 0.105655655 0.30540782 0.6009368 0.059806753
0.162 0.116146 0.3122432 0.543368 0.09078526 0.103106365 0.29890227 0.6018144 0.061129276
0.163 0.1159787 0.308041 0.5510441 0.09051154 0.100514516 0.29292956 0.60235524 0.06231164
0.164 0.1156903 0.304121 0.5584391 0.09011903 0.09792164 0.28724867 0.60265756 0.06321189
0.165 0.1152845 0.3004626 0.5655603 0.08961201 0.095322564 0.28195405 0.6026679 0.06388034
0.166 0.1147644 0.2970468 0.5724146 0.08899515 0.09271684 0.2769078 0.6024457 0.06434177
0.167 0.1141334 0.293856 0.5790083 0.08827326 0.090079635 0.27213526 0.6019778 0.06456266
0.168 0.1133945 0.2908737 0.5853479 0.08745113 0.087423176 0.26758805 0.6012764 0.064604715
0.169 0.1125508 0.2880845 0.5914397 0.08653334 0.08473474 0.26325077 0.6003506 0.064434215
0.17 0.1116052 0.2854742 0.59729 0.08552423 0.082024395 0.2591046 0.5992007 0.06408401
0.171 0.1105606 0.2830295 0.6029051 0.08442793 0.079286754 0.25512475 0.5978377 0.06353964
0.172 0.1094196 0.2807381 0.6082912 0.08324828 0.07652201 0.2513029 0.59626436 0.062821165
0.173 0.1081852 0.2785883 0.6134547 0.0819889 0.07372929 0.2476183 0.594491 0.06192636
0.174 0.1068598 0.2765695 0.6184016 0.08065317 0.07090971 0.24406579 0.59252095 0.060863357
0.175 0.105446 0.2746714 0.6231382 0.07924428 0.06806442 0.24062978 0.59036374 0.05963661
0.176 0.1039464 0.2728848 0.6276707 0.0777652 0.06519346 0.23730461 0.588025 0.05824932
0.177 0.1023634 0.2712009 0.632005 0.07621875 0.06229802 0.23408024 0.5855124 0.05670767
0.178 0.1006994 0.2696117 0.636147 0.07460757 0.05937818 0.23095156 0.5828326 0.05501442
0.179 0.09895675 0.2681094 0.6401028 0.07293418 0.056435514 0.22791258 0.5799929 0.05317462
0.18 0.09713772 0.2666872 0.643878 0.07120093 0.0534706 0.22495884 0.57700026 0.05119152
0.181 0.09524454 0.2653383 0.6474782 0.06941006 0.05048472 0.22208646 0.573862 0.049069535
0.182 0.09327937 0.2640567 0.6509091 0.0675637 0.04747856 0.21929261 0.570585 0.046811905
0.183 0.09124433 0.2628368 0.6541761 0.06566387 0.044453222 0.21657519 0.5671768 0.04442254
0.184 0.08914145 0.2616733 0.6572845 0.0637125 0.04140948 0.21393238 0.5636442 0.041905154
0.185 0.08697276 0.2605611 0.6602394 0.0617114 0.03834823 0.21136323 0.5599947 0.039263193
0.186 0.08474019 0.2594959 0.6630459 0.05966233 0.035270337 0.2088672 0.5562352 0.036500443
0.187 0.08244564 0.2584732 0.665709 0.05756694 0.0321765 0.20644423 0.55237293 0.03362016
0.188 0.08009096 0.2574892 0.6682335 0.05542684 0.029067729 0.20409459 0.54841506 0.030626055
0.189 0.07767793 0.2565402 0.670624 0.05324354 0.025944505 0.20181869 0.5443686 0.027521726
0.19 0.07520831 0.2556229 0.672885 0.05101849 0.022807393 0.19961731 0.54024065 0.024310622
0.191 0.07268378 0.2547339 0.6750211 0.04875309 0.01965699 0.19749162 0.5360377 0.020996328
0.192 0.070106 0.2538705 0.6770364 0.04644868 0.016494144 0.19544245 0.5317669 0.017582562
0.193 0.06747656 0.2530299 0.6789352 0.04410654 0.013319138 0.19347104 0.5274346 0.014072832
0.194 0.06479703 0.2522095 0.6807214 0.0417279 0.0101326 0.19157836 0.52304745 0.010470871
0.195 0.0620689 0.2514071 0.682399 0.03931393 0.006935004 0.18976544 0.51861155 0.0067801364
0.196 0.05929365 0.2506205 0.6839718 0.03686579 0.003726963 0.1880331 0.5141329 0.0030046888
0.197 0.0564727 0.2498477 0.6854435 0.03438454 0.0005088784 0.18638158 0.5096172 -0.0008518882
0.198 0.05360743 0.2490868 0.6868175 0.03187125 -0.0027185492 0.18481123 0.50506973 -0.0047857948
0.199 0.05069918 0.2483361 0.6880974 0.02932693 -0.0059549026 0.1833218 0.50049555 -0.008793142
0.2 0.04774927 0.247594 0.6892865 0.02675255 0.17073502 0.33304945 0.5313132 0.020835709
0.201 0.04489406 0.2455103 0.6632229 0.02420708 0.2116446 0.37014335 0.571298 0.059971128
0.202 0.04228648 0.2414926 0.6415121 0.02178714 -0.00029550865 0.49602607 0.47513446 0.18102169
0.203 0.03981474 0.2365721 0.6230894 0.01946255 0.14006932 0.3976781 0.50923604 0.14777483
0.204 0.03741642 0.2311303 0.6052665 0.01722167 -0.019146211 0.4626286 0.19895719 0.1603863
0.205 0.03507074 0.2253304 0.5874698 0.01505864 0.08439165 0.3437878 0.35810444 0.09759584
0.206 0.03277149 0.2192725 0.5696604 0.01296877 -0.03460532 0.38473898 0.11969763 0.061961267
0.207 0.0305167 0.2130313 0.5518929 0.01094789 0.077722594 0.30927077 0.2600156 0.010513607
0.208 0.02830549 0.2066657 0.5342283 0.008992219 0.029394139 0.33562177 0.17080563 0.108220205
0.209 0.02613728 0.2002233 0.5167202 0.007098285 0.023288418 0.25714582 0.23826933 0.027635273
0.21 0.02401155 0.1937425 0.4994137 0.005262912 0.022674132 0.27584797 0.16412985 0.05921911
0.211 0.02192781 0.1872546 0.4823464 0.003483182 -0.0005240552 0.21378686 0.16690953 0.028972585
0.212 0.01988557 0.1807854 0.4655492 0.001756417 -0.021976423 0.23361215 0.1291416 0.014557522
0.213 0.01788435 0.1743558 0.4490479 8.015127e-05 -0.019855153 0.18420637 0.096781135 0.0058298856
0.214 0.01592364 0.1679831 0.4328631 -0.001547888 -0.019228857 0.205845 0.10085622 -0.03592628
0.215 0.01400295 0.1616817 0.4170115 -0.003129798 -0.026465755 0.16970246 0.073619306 0.015825726
0.216 0.01212175 0.1554632 0.4015063 -0.004667522 -0.027984153 0.16749685 0.0946811 -0.059149988
0.217 0.01027955 0.1493373 0.3863576 -0.006162859 -0.02254666 0.1624708 0.069611564 0.0041895397
0.218 0.008475812 0.1433117 0.3715729 -0.007617483 -0.03739051 0.14226721 0.08374719 -0.049472503
0.219 0.006710014 0.1373929 0.3571572 -0.00903295 -0.02690063 0.15226576 0.06787413 -0.017594706
0.22 0.004981623 0.131586 0.3431137 -0.01041072 -0.035693806 0.12935492 0.0697248 -0.04063954
0.221 0.003290105 0.125895 0.329444 -0.01175214 -0.03332345 0.13869907 0.062278714 -0.031713866
0.222 0.001634917 0.120323 0.3161479 -0.0130585 -0.034269165 0.119711876 0.06129564 -0.03573859
0.223 1.551628e-05 0.1148723 0.3032241 -0.01433098 -0.037055116 0.12392853 0.05558585 -0.040178705
0.224 -0.001568645 0.1095446 0.2906701 -0.01557073 -0.03504933 0.11191283 0.05396699 -0.03515398
0.225 -0.003118115 0.104341 0.2784826 -0.0167788 -0.038392972 0.11013733 0.050140414 -0.043375038
0.226 -0.004633448 0.09926192 0.2666572 -0.0179562 -0.036916893 0.10395196 0.047044165 -0.038118653
0.227 -0.006115194 0.09430756 0.2551891 -0.01910388 -0.03901128 0.098366246 0.04458807 -0.04388402
0.228 -0.007563909 0.08947761 0.2440728 -0.02022275 -0.038721662 0.09511882 0.041284863 -0.0417639
0.229 -0.008980147 0.08477144 0.233302 -0.02131367 -0.03986494 0.08859387 0.038728446 -0.043977894
0.23 -0.01036446 0.08018816 0.2228705 -0.02237745 -0.040094476 0.08578341 0.035974044 -0.044871084
0.231 -0.01171741 0.0757266 0.2127714 -0.02341488 -0.040649723 0.08012979 0.03321365 -0.04466781
0.232 -0.01303954 0.0713854 0.2029976 -0.0244267 -0.04133643 0.076555386 0.030829445 -0.046778776
0.233 -0.0143314 0.06716298 0.1935418 -0.02541362 -0.041439753 0.07215172 0.028181478 -0.046135664
0.234 -0.01559355 0.06305765 0.1843965 -0.02637634 -0.042294305 0.06801778 0.025874518 -0.04783482
0.235 -0.01682652 0.05906753 0.1755542 -0.02731551 -0.042376738 0.06434478 0.023457833 -0.047766984
0.236 -0.01803088 0.05519066 0.1670072 -0.02823176 -0.042989712 0.060191706 0.021196324 -0.048721805
0.237 -0.01920714 0.05142498 0.1587477 -0.0291257 -0.043287914 0.056776106 0.018946573 -0.04915104
0.238 -0.02035586 0.04776835 0.1507681 -0.02999791 -0.043651234 0.052887306 0.016800843 -0.049627922
0.239 -0.02147756 0.04421857 0.1430605 -0.03084895 -0.044051927 0.04954596 0.014670514 -0.05026849
0.24 -0.02257277 0.04077338 0.1356172 -0.03167938 -0.044322144 0.04599625 0.0126248 -0.050544333
0.241 -0.02364202 0.0374305 0.1284308 -0.03248971 -0.044697654 0.04269609 0.010630973 -0.051175594
0.242 -0.02468583 0.0341876 0.1214935 -0.03328046 -0.04495604 0.03944625 0.0086695105 -0.05143602
0.243 -0.02570471 0.03104234 0.1147979 -0.03405211 -0.045279395 0.036234826 0.006794989 -0.05193818
0.244 -0.02669917 0.0279924 0.1083367 -0.03480515 -0.045534205 0.0332015 0.0049380213 -0.05225234
0.245 -0.02766971 0.02503542 0.1021026 -0.03554003 -0.045812618 0.030143067 0.0031521693 -0.05261923
0.246 -0.02861684 0.02216906 0.09608845 -0.0362572 -0.046060245 0.02725853 0.0014050752 -0.052965738
0.247 -0.02954103 0.019391 0.0902873 -0.03695711 -0.046299797 0.02438198 -0.00029546022 -0.053249855
0.248 -0.03044279 0.01669892 0.08469231 -0.03764016 -0.046538245 0.021621197 -0.001945734 -0.053578805
0.249 -0.03132258 0.01409053 0.07929677 -0.03830677 -0.046749365 0.01891768 -0.0035564452 -0.053829912
0.25 -0.03218088 0.01156358 0.07409413 -0.03895734 -0.046969693 0.016284525 -0.005120471 -0.054114
0.251 -0.03301816 0.009115813 0.06907799 -0.03959225 -0.04716484 0.013731748 -0.006644465 -0.05435064
0.252 -0.03383488 0.006745034 0.06424214 -0.04021189 -0.047361534 0.011232555 -0.008125797 -0.05459091
0.253 -0.03463148 0.004449071 0.05958048 -0.04081661 -0.047545057 0.008813769 -0.009568438 -0.054811522
0.254 -0.03540841 0.002225788 0.0550871 -0.04140678 -0.0477211 0.0064477324 -0.010970421 -0.055017862
0.255 -0.03616612 7.309007e-05 0.05075626 -0.04198275 -0.04789136 0.004153341 -0.0123355165 -0.055218212
0.256 -0.03690503 -0.00201108 0.04658234 -0.04254485 -0.048051726 0.0019152611 -0.013662823 -0.05539938
0.257 -0.03762556 -0.004028738 0.04255992 -0.04309342 -0.048207443 -0.0002606213 -0.0149537325 -0.055577498
0.258 -0.03832815 -0.005981858 0.03868371 -0.04362877 -0.048354726 -0.002377808 -0.016209833 -0.0557391
0.259 -0.03901318 -0.007872369 0.03494859 -0.04415122 -0.048496973 -0.004439354 -0.017430685 -0.055895537
0.26 -0.03968108 -0.00970216 0.03134961 -0.04466108 -0.048632216 -0.0064430237 -0.018618435 -0.05604025
0.261 -0.04033223 -0.01147307 0.02788193 -0.04515865 -0.048762243 -0.008394331 -0.019772977 -0.056177143
0.262 -0.04096703 -0.01318691 0.02454089 -0.04564421 -0.04888652 -0.010290951 -0.020895697 -0.056306165
0.263 -0.04158585 -0.01484543 0.02132198 -0.04611806 -0.04900555 -0.012136817 -0.021987163 -0.056426495
0.264 -0.04218908 -0.01645033 0.01822083 -0.04658046 -0.049119722 -0.013931572 -0.023048148 -0.05654077
0.265 -0.04277706 -0.01800329 0.01523319 -0.0470317 -0.04922877 -0.015677124 -0.024079427 -0.05664708
0.266 -0.04335018 -0.01950593 0.01235499 -0.04747203 -0.049333554 -0.017374665 -0.025081694 -0.05674751
0.267 -0.04390878 -0.02095984 0.009582248 -0.04790171 -0.04943363 -0.019024968 -0.026055917 -0.056841347
0.268 -0.04445321 -0.02236654 0.006911152 -0.04832101 -0.049529742 -0.020629793 -0.027002506 -0.056929655
0.269 -0.04498381 -0.02372753 0.004338002 -0.04873015 -0.0496218 -0.022189677 -0.027922273 -0.057012375
0.27 -0.0455009 -0.02504428 0.001859227 -0.04912938 -0.049709987 -0.023706257 -0.028816015 -0.05708969
0.271 -0.04600482 -0.02631819 -0.0005286219 -0.04951895 -0.049794536 -0.025180131 -0.029684141 -0.057162452
0.272 -0.04649589 -0.02755063 -0.002828876 -0.04989907 -0.04987557 -0.026612759 -0.030527644 -0.05723012
0.273 -0.04697442 -0.02874293 -0.005044749 -0.05026997 -0.049953442 -0.028004944 -0.031346872 -0.057293963
0.274 -0.04744071 -0.0298964 -0.007179343 -0.05063187 -0.05002774 -0.029357731 -0.032142587 -0.057353307
0.275 -0.04789506 -0.03101227 -0.009235651 -0.05098498 -0.050099295 -0.030672193 -0.0329154 -0.057408947
0.276 -0.04833777 -0.03209178 -0.01121656 -0.05132952 -0.05016793 -0.031949222 -0.0336658 -0.057460845
0.277 -0.04876913 -0.03313611 -0.01312486 -0.05166569 -0.050233584 -0.033189893 -0.034394585 -0.05750932
0.278 -0.04918941 -0.03414639 -0.01496322 -0.05199368 -0.050296705 -0.03439495 -0.035102196 -0.05755466
0.279 -0.04959888 -0.03512374 -0.01673425 -0.05231369 -0.050357264 -0.035565495 -0.03578908 -0.057596806
0.28 -0.04999782 -0.03606923 -0.01844044 -0.05262591 -0.05041532 -0.036702365 -0.036456063 -0.05763624
0.281 -0.05038649 -0.03698392 -0.02008418 -0.05293052 -0.05047108 -0.037806332 -0.037103392 -0.057672933
0.282 -0.05076515 -0.03786879 -0.02166781 -0.05322772 -0.050524574 -0.03887844 -0.03773175 -0.057706963
0.283 -0.05113404 -0.03872485 -0.02319354 -0.05351767 -0.050575953 -0.039919317 -0.03834159 -0.057738747
0.284 -0.05149341 -0.03955303 -0.02466355 -0.05380054 -0.050625216 -0.040930063 -0.038933463 -0.057768133
0.285 -0.0518435 -0.04035425 -0.02607989 -0.05407652 -0.05067272 -0.041911185 -0.03950791 -0.057795655
0.286 -0.05218454 -0.04112939 -0.02744456 -0.05434576 -0.05071817 -0.042863667 -0.04006532 -0.057821084
0.287 -0.05251677 -0.04187933 -0.0287595 -0.05460842 -0.05076177 -0.043788254 -0.040606186 -0.05784462
0.288 -0.05284039 -0.04260489 -0.03002655 -0.05486466 -0.05080382 -0.044685602 -0.04113096 -0.05786645
0.289 -0.05315564 -0.04330688 -0.03124749 -0.05511464 -0.050844204 -0.045556605 -0.04163997 -0.057886694
0.29 -0.05346273 -0.04398607 -0.03242404 -0.0553585 -0.050882887 -0.04640171 -0.04213392 -0.057905465
0.291 -0.05376185 -0.04464322 -0.03355786 -0.0555964 -0.05092017 -0.04722199 -0.042613022 -0.057922628
0.292 -0.05405322 -0.04527906 -0.03465053 -0.05582847 -0.050955992 -0.04801789 -0.043077707 -0.057938587
0.293 -0.05433703 -0.0458943 -0.0357036 -0.05605487 -0.050990414 -0.048790097 -0.043528534 -0.057953328
0.294 -0.05461348 -0.04648962 -0.03671853 -0.05627571 -0.051023494 -0.049539268 -0.043965787 -0.057966765
0.295 -0.05488275 -0.04706567 -0.03769675 -0.05649114 -0.051055294 -0.050266117 -0.044389725 -0.057979144
0.296 -0.05514502 -0.0476231 -0.03863962 -0.05670129 -0.05108587 -0.05097118 -0.044800967 -0.057990585
0.297 -0.05540049 -0.04816252 -0.03954846 -0.05690628 -0.051115375 -0.051655084 -0.045199692 -0.058001075
0.298 -0.05564931 -0.04868454 -0.04042454 -0.05710625 -0.051143568 -0.052318513 -0.045586303 -0.058010586
0.299 -0.05589167 -0.04918972 -0.04126906 -0.0573013 -0.051170867 -0.052961916 -0.04596123 -0.05801934
0.3 -0.05612772 -0.04967863 -0.04208322 -0.05749157 -0.051197063 -0.053585947 -0.04632473 -0.05802722
0.301 -0.05635764 -0.0501518 -0.04286813 -0.05767716 -0.051222365 -0.05419123 -0.046677202 -0.058034483
0.302 -0.05658157 -0.05060976 -0.04362488 -0.05785819 -0.051246535 -0.05477801 -0.04701893 -0.058041044
0.303 -0.05679968 -0.05105301 -0.04435451 -0.05803477 -0.05126999 -0.055347204 -0.04735017 -0.058046903
0.304 -0.05701211 -0.05148204 -0.04505804 -0.05820701 -0.05129243 -0.055898964 -0.047671244 -0.058052335
0.305 -0.05721902 -0.05189731 -0.04573643 -0.05837501 -0.051314067 -0.056434125 -0.04798253 -0.058057092
0.306 -0.05742053 -0.05229929 -0.04639061 -0.05853888 -0.05133499 -0.056952834 -0.048284233 -0.0580615
0.307 -0.0576168 -0.05268841 -0.04702148 -0.05869872 -0.051355015 -0.057455778 -0.048576713 -0.058065195
0.308 -0.05780796 -0.0530651 -0.04762989 -0.05885462 -0.051374357 -0.057943344 -0.048860133 -0.05806877
0.309 -0.05799414 -0.05342977 -0.04821669 -0.05900668 -0.051392984 -0.05841601 -0.04913491 -0.058071647
0.31 -0.05817548 -0.05378282 -0.04878266 -0.05915499 -0.051410954 -0.05887419 -0.04940103 -0.058074385
0.311 -0.05835209 -0.05412462 -0.04932858 -0.05929965 -0.05142821 -0.059318244 -0.049659178 -0.058076624
0.312 -0.0585241 -0.05445556 -0.04985518 -0.05944075 -0.05144484 -0.05974886 -0.049909115 -0.05807867
0.313 -0.05869163 -0.05477599 -0.05036318 -0.05957836 -0.051460844 -0.06016597 -0.050151512 -0.058080245
0.314 -0.05885479 -0.05508625 -0.05085326 -0.05971258 -0.05147649 -0.06057048 -0.050386325 -0.05808172
0.315 -0.05901371 -0.05538668 -0.05132608 -0.05984349 -0.0514913 -0.06096235 -0.050613806 -0.058082998
0.316 -0.05916849 -0.0556776 -0.05178227 -0.05997118 -0.051505726 -0.06134224 -0.050834358 -0.058083832
0.317 -0.05931923 -0.05595933 -0.05222244 -0.06009571 -0.051519584 -0.061710358 -0.05104792 -0.058084678
0.318 -0.05946605 -0.05623216 -0.05264718 -0.06021716 -0.051532846 -0.06206709 -0.05125481 -0.058085054
0.319 -0.05960905 -0.0564964 -0.05305705 -0.06033562 -0.05154575 -0.06241277 -0.05145529 -0.058085494
0.32 -0.05974832 -0.05675232 -0.05345261 -0.06045115 -0.051558208 -0.06274769 -0.0516496 -0.058085654
0.321 -0.05988397 -0.05700019 -0.05383436 -0.06056383 -0.05157019 -0.06307241 -0.051837847 -0.05808573
0.322 -0.06001608 -0.05724027 -0.05420281 -0.06067373 -0.05158175 -0.06338674 -0.052020192 -0.058085717
0.323 -0.06014475 -0.05747283 -0.05455845 -0.06078091 -0.051592838 -0.06369156 -0.0521968 -0.058085393
0.324 -0.06027008 -0.05769811 -0.05490175 -0.06088544 -0.051603686 -0.06398672 -0.052368 -0.058085203
0.325 -0.06039214 -0.05791634 -0.05523314 -0.06098739 -0.051613968 -0.06427279 -0.05253373 -0.05808468
0.326 -0.06051102 -0.05812775 -0.05555307 -0.06108682 -0.05162407 -0.06454992 -0.052694365 -0.058084298
0.327 -0.06062682 -0.05833257 -0.05586195 -0.06118379 -0.051633697 -0.06481838 -0.05284989 -0.058083702
0.328 -0.06073959 -0.05853101 -0.05616017 -0.06127836 -0.051642995 -0.06507853 -0.05300054 -0.058082934
0.329 -0.06084944 -0.05872328 -0.05644813 -0.06137059 -0.051652055 -0.065330446 -0.05314651 -0.058082346
0.33 -0.06095642 -0.05890957 -0.0567262 -0.06146054 -0.051660698 -0.06557459 -0.05328788 -0.058081504
0.331 -0.06106063 -0.05909009 -0.05699472 -0.06154826 -0.05166916 -0.06581107 -0.053424835 -0.05808071
0.332 -0.06116212 -0.05926502 -0.05725405 -0.06163382 -0.051677298 -0.06604004 -0.053557396 -0.058079835
0.333 -0.06126098 -0.05943453 -0.05750451 -0.06171726 -0.051685017 -0.06626195 -0.053685904 -0.058078945
0.334 -0.06135726 -0.05959881 -0.05774642 -0.06179863 -0.051692557 -0.06647682 -0.053810343 -0.058078002
0.335 -0.06145104 -0.05975802 -0.05798009 -0.06187798 -0.051699918 -0.06668499 -0.053930774 -0.058076963
0.336 -0.06154239 -0.05991233 -0.05820582 -0.06195538 -0.05170689 -0.06688663 -0.05404745 -0.058076024
0.337 -0.06163136 -0.06006189 -0.05842388 -0.06203085 -0.051713716 -0.06708187 -0.05416055 -0.058075
0.338 -0.06171802 -0.06020686 -0.05863455 -0.06210446 -0.051720243 -0.06727111 -0.05426991 -0.05807391
0.339 -0.06180243 -0.06034738 -0.0588381 -0.06217624 -0.05172656 -0.06745428 -0.054376006 -0.058072973
0.34 -0.06188465 -0.06048359 -0.05903477 -0.06224625 -0.05173273 -0.06763169 -0.05447872 -0.058071934
0.341 -0.06196474 -0.06061564 -0.05922482 -0.06231452 -0.05173857 -0.06780356 -0.054578036 -0.05807074
0.342 -0.06204274 -0.06074366 -0.05940847 -0.0623811 -0.051744293 -0.06797007 -0.054674357 -0.058069583
0.343 -0.06211873 -0.06086778 -0.05958595 -0.06244603 -0.051749896 -0.06813121 -0.05476749 -0.05806876
0.344 -0.06219274 -0.06098811 -0.05975748 -0.06250936 -0.05175511 -0.06828725 -0.05485788 -0.05806755
0.345 -0.06226483 -0.06110478 -0.05992328 -0.06257111 -0.051760446 -0.06843859 -0.05494529 -0.05806651
0.346 -0.06233505 -0.06121792 -0.06008353 -0.06263133 -0.051765334 -0.06858492 -0.05502993 -0.058065414
0.347 -0.06240345 -0.06132762 -0.06023844 -0.06269006 -0.05177025 -0.06872669 -0.055112034 -0.0580645
0.348 -0.06247008 -0.061434 -0.0603882 -0.06274734 -0.05177481 -0.06886393 -0.055191368 -0.058063447
0.349 -0.06253498 -0.06153716 -0.06053298 -0.06280319 -0.051779132 -0.068996936 -0.05526817 -0.058062248
0.35 -0.0625982 -0.06163721 -0.06067296 -0.06285766 -0.051783543 -0.06912571 -0.055342585 -0.058061242
0.351 -0.06265979 -0.06173424 -0.06080831 -0.06291078 -0.051787775 -0.069250435 -0.055414677 -0.058060266
0.352 -0.06271978 -0.06182835 -0.06093919 -0.06296259 -0.051791888 -0.069371164 -0.055484474 -0.058059372
0.353 -0.06277822 -0.06191963 -0.06106575 -0.0630131 -0.051795673 -0.06948811 -0.05555208 -0.058058243
0.354 -0.06283514 -0.06200817 -0.06118815 -0.06306237 -0.051799577 -0.06960133 -0.05561748 -0.058057297
0.355 -0.06289059 -0.06209405 -0.06130652 -0.06311041 -0.051803183 -0.06971091 -0.05568084 -0.05805635
0.356 -0.06294461 -0.06217736 -0.06142102 -0.06315727 -0.05180685 -0.069817066 -0.05574228 -0.058055468
0.357 -0.06299723 -0.06225819 -0.06153176 -0.06320296 -0.051810157 -0.069919854 -0.05580154 -0.058054484
0.358 -0.06304849 -0.0623366 -0.06163889 -0.06324752 -0.051813465 -0.070019394 -0.05585912 -0.058053616
0.359 -0.06309843 -0.06241267 -0.06174253 -0.06329097 -0.051816653 -0.070115656 -0.05591482 -0.058052737
0.36 -0.06314707 -0.06248648 -0.06184279 -0.06333334 -0.051819723 -0.07020903 -0.055968717 -0.058051746
0.361 -0.06319446 -0.06255809 -0.06193979 -0.06337467 -0.051822703 -0.07029939 -0.05602081 -0.058050975
0.362 -0.06324063 -0.06262758 -0.06203365 -0.06341497 -0.051825624 -0.07038683 -0.0560714 -0.05805002
0.363 -0.0632856 -0.06269501 -0.06212447 -0.06345427 -0.051828396 -0.070471555 -0.05612032 -0.058049306
0.364 -0.06332941 -0.06276044 -0.06221235 -0.06349259 -0.051831167 -0.07055348 -0.05616778 -0.05804848
0.365 -0.0633721 -0.06282394 -0.06229741 -0.06352997 -0.0518337 -0.070633024 -0.056213602 -0.058047574
0.366 -0.06341368 -0.06288557 -0.06237972 -0.06356641 -0.051836293 -0.070709825 -0.056257933 -0.058046885
0.367 -0.06345419 -0.06294537 -0.06245939 -0.06360196 -0.051838767 -0.0707843 -0.056301057 -0.058046043
0.368 -0.06349365 -0.06300342 -0.0625365 -0.06363662 -0.05184112 -0.07085642 -0.056342617 -0.05804545
0.369 -0.0635321 -0.06305976 -0.06261114 -0.06367042 -0.051843327 -0.07092613 -0.05638294 -0.05804462
0.37 -0.06356956 -0.06311445 -0.0626834 -0.06370338 -0.05184565 -0.07099375 -0.05642195 -0.058043953
0.371 -0.06360605 -0.06316753 -0.06275336 -0.06373553 -0.051847707 -0.07105914 -0.056459665 -0.058043282
0.372 -0.0636416 -0.06321906 -0.06282109 -0.06376687 -0.051849794 -0.07112244 -0.056496263 -0.058042523
0.373 -0.06367624 -0.06326908 -0.06288666 -0.06379744 -0.05185173 -0.0711838 -0.056531653 -0.058041833
0.374 -0.06370999 -0.06331764 -0.06295016 -0.06382726 -0.051853728 -0.07124314 -0.05656603 -0.058041386
0.375 -0.06374287 -0.06336478 -0.06301164 -0.06385633 -0.051855516 -0.071300566 -0.05659911 -0.058040667
0.376 -0.0637749 -0.06341056 -0.06307118 -0.06388468 -0.051857393 -0.07135618 -0.056631252 -0.058040008
0.377 -0.06380611 -0.063455 -0.06312885 -0.06391233 -0.051859092 -0.07141012 -0.05666235 -0.058039382
0.378 -0.06383651 -0.06349815 -0.0631847 -0.06393929 -0.05186091 -0.071462244 -0.056692496 -0.05803888
0.379 -0.06386614 -0.06354005 -0.06323879 -0.06396558 -0.05186249 -0.0715127 -0.056721628 -0.058038354
0.38 -0.063895 -0.06358073 -0.06329118 -0.06399122 -0.05186407 -0.071561515 -0.05674988 -0.0580377
0.381 -0.06392312 -0.06362024 -0.06334194 -0.06401622 -0.05186562 -0.07160884 -0.056777105 -0.058037233
0.382 -0.06395052 -0.06365861 -0.06339111 -0.06404061 -0.05186699 -0.07165465 -0.056803614 -0.058036666
0.383 -0.06397722 -0.06369587 -0.06343874 -0.06406438 -0.05186851 -0.07169905 -0.056829214 -0.05803612
0.384 -0.06400323 -0.06373205 -0.06348489 -0.06408757 -0.05186988 -0.07174194 -0.056853965 -0.05803574
0.385 -0.06402857 -0.0637672 -0.0635296 -0.06411019 -0.05187122 -0.07178354 -0.056877986 -0.058035214
0.386 -0.06405327 -0.06380133 -0.06357293 -0.06413224 -0.051872533 -0.071823746 -0.056901217 -0.058034755
0.387 -0.06407733 -0.06383449 -0.06361491 -0.06415374 -0.051873785 -0.0718627 -0.056923717 -0.058034275
0.388 -0.06410077 -0.06386669 -0.0636556 -0.06417472 -0.051875006 -0.07190046 -0.056945473 -0.058033843
0.389 -0.06412361 -0.06389797 -0.06369503 -0.06419517 -0.05187617 -0.071936846 -0.056966543 -0.058033455
0.39 -0.06414587 -0.06392836 -0.06373324 -0.06421511 -0.05187727 -0.07197231 -0.05698684 -0.058032885
0.391 -0.06416756 -0.06395788 -0.06377028 -0.06423456 -0.051878434 -0.072006464 -0.057006657 -0.05803257
0.392 -0.06418869 -0.06398656 -0.06380618 -0.06425353 -0.051879507 -0.072039545 -0.05702579 -0.058032203
0.393 -0.06420928 -0.06401442 -0.06384098 -0.06427202 -0.05188046 -0.07207167 -0.057044283 -0.058031805
0.394 -0.06422935 -0.06404149 -0.06387472 -0.06429006 -0.051881474 -0.072102726 -0.05706215 -0.058031473
0.395 -0.0642489 -0.06406778 -0.06390742 -0.06430765 -0.051882427 -0.07213271 -0.057079554 -0.05803105
0.396 -0.06426795 -0.06409333 -0.06393913 -0.06432481 -0.05188338 -0.07216191 -0.057096317 -0.058030598
0.397 -0.06428651 -0.06411816 -0.06396987 -0.06434153 -0.051884364 -0.07218999 -0.05711262 -0.058030482
0.398 -0.0643046 -0.06414229 -0.06399968 -0.06435785 -0.05188517 -0.072217286 -0.05712828 -0.058029987
0.399 -0.06432222 -0.06416573 -0.06402858 -0.06437376 -0.051886003 -0.07224366 -0.057143584 -0.05802976
0.4 -0.0643394 -0.06418851 -0.06405661 -0.06438927 -0.051886808 -0.0722692 -0.05715829 -0.058029417
0.401 -0.06435614 -0.06421064 -0.06408379 -0.0644044 -0.051887613 -0.07229388 -0.057172567 -0.058029104
0.402 -0.06437245 -0.06423216 -0.06411015 -0.06441915 -0.051888388 -0.07231784 -0.057186365 -0.058028817
0.403 -0.06438834 -0.06425306 -0.06413571 -0.06443354 -0.051889073 -0.072340995 -0.05719973 -0.058028564
0.404 -0.06440383 -0.06427338 -0.06416051 -0.06444757 -0.051889908 -0.072363466 -0.057212725 -0.058028262
0.405 -0.06441892 -0.06429313 -0.06418456 -0.06446126 -0.051890623 -0.07238519 -0.057225198 -0.058027912
0.406 -0.06443362 -0.06431233 -0.06420789 -0.0644746 -0.05189128 -0.07240617 -0.05723743 -0.058027774
0.407 -0.06444796 -0.06433098 -0.06423052 -0.06448761 -0.051891875 -0.07242659 -0.057249084 -0.058027465
0.408 -0.06446192 -0.06434912 -0.06425247 -0.0645003 -0.05189256 -0.07244632 -0.057260558 -0.058027174
0.409 -0.06447553 -0.06436674 -0.06427377 -0.06451268 -0.051893186 -0.07246536 -0.05727145 -0.058027044
0.41 -0.0644888 -0.06438388 -0.06429444 -0.06452475 -0.051893663 -0.07248381 -0.05728221 -0.058026742
0.411 -0.06450172 -0.06440053 -0.06431449 -0.06453652 -0.051894348 -0.07250172 -0.057292476 -0.058026507
0.412 -0.06451432 -0.06441673 -0.06433394 -0.064548 -0.051894795 -0.072518945 -0.057302445 -0.058026407
0.413 -0.06452659 -0.06443247 -0.06435282 -0.06455919 -0.05189533 -0.07253572 -0.057312205 -0.058026038
0.414 -0.06453855 -0.06444777 -0.06437114 -0.0645701 -0.051895898 -0.072551966 -0.05732146 -0.058025893
0.415 -0.06455021 -0.06446265 -0.06438891 -0.06458075 -0.051896375 -0.07256767 -0.057330593 -0.058025762
0.416 -0.06456157 -0.06447712 -0.06440616 -0.06459113 -0.05189691 -0.07258287 -0.057339326 -0.058025483
0.417 -0.06457265 -0.06449118 -0.06442291 -0.06460125 -0.05189733 -0.07259753 -0.057347775 -0.058025423
0.418 -0.06458344 -0.06450486 -0.06443916 -0.06461113 -0.051897835 -0.07261175 -0.057355985 -0.058025185
0.419 -0.06459395 -0.06451815 -0.06445493 -0.06462075 -0.051898252 -0.07262558 -0.057363987 -0.058024988
0.42 -0.0646042 -0.06453108 -0.06447024 -0.06463014 -0.0518987 -0.07263893 -0.05737166 -0.058024865
0.421 -0.06461419 -0.06454366 -0.06448511 -0.0646393 -0.051899057 -0.0726518 -0.057379097 -0.058024637
0.422 -0.06462392 -0.06455588 -0.06449954 -0.06464823 -0.051899444 -0.07266426 -0.057386324 -0.0580246
0.423 -0.06463341 -0.06456777 -0.06451354 -0.06465694 -0.051899742 -0.07267639 -0.057393253 -0.058024224
0.424 -0.06464266 -0.06457933 -0.06452714 -0.06466543 -0.05190028 -0.07268807 -0.057400063 -0.058024224
0.425 -0.06465167 -0.06459058 -0.06454034 -0.06467371 -0.051900607 -0.07269943 -0.057406574 -0.058024038
0.426 -0.06466045 -0.06460151 -0.06455316 -0.06468179 -0.051900845 -0.072710425 -0.057412848 -0.05802385
0.427 -0.06466901 -0.06461215 -0.06456561 -0.06468966 -0.051901262 -0.072721004 -0.057419002 -0.058023762
0.428 -0.06467735 -0.06462249 -0.06457769 -0.06469734 -0.05190162 -0.07273126 -0.057424977 -0.058023613
0.429 -0.06468548 -0.06463255 -0.06458943 -0.06470483 -0.051901918 -0.07274124 -0.057430685 -0.058023512
0.43 -0.06469341 -0.06464234 -0.06460083 -0.06471214 -0.051902186 -0.07275081 -0.057436258 -0.05802341
0.431 -0.06470113 -0.06465185 -0.0646119 -0.06471926 -0.051902514 -0.072760195 -0.057441592 -0.058023173
0.432 -0.06470866 -0.06466111 -0.06462264 -0.06472621 -0.051902782 -0.072769195 -0.057446763 -0.058023203
0.433 -0.06471599 -0.06467012 -0.06463308 -0.06473299 -0.05190305 -0.07277793 -0.057451874 -0.058023028
0.434 -0.06472314 -0.06467887 -0.06464322 -0.06473959 -0.05190335 -0.07278642 -0.057456717 -0.058022898
0.435 -0.06473011 -0.0646874 -0.06465307 -0.06474604 -0.051903646 -0.072794616 -0.057461455 -0.05802279
0.436 -0.06473691 -0.06469568 -0.06466264 -0.06475232 -0.051903855 -0.07280254 -0.05746612 -0.0580227
0.437 -0.06474353 -0.06470375 -0.06467193 -0.06475845 -0.051904064 -0.0728102 -0.057470545 -0.058022603
0.438 -0.06474998 -0.06471159 -0.06468096 -0.06476443 -0.051904272 -0.07281768 -0.057474747 -0.058022432
0.439 -0.06475627 -0.06471922 -0.06468973 -0.06477026 -0.0519046 -0.072824836 -0.05747898 -0.05802237
0.44 -0.0647624 -0.06472665 -0.06469825 -0.06477594 -0.05190481 -0.07283196 -0.057482943 -0.058022305
0.441 -0.06476837 -0.06473387 -0.06470652 -0.06478148 -0.051904988 -0.072838575 -0.057486862 -0.05802232
0.442 -0.0647742 -0.0647409 -0.06471456 -0.06478689 -0.051905226 -0.07284507 -0.057490677 -0.058022182
0.443 -0.06477987 -0.06474774 -0.06472238 -0.06479216 -0.051905315 -0.07285145 -0.057494193 -0.058022022
0.444 -0.06478541 -0.06475439 -0.06472997 -0.0647973 -0.051905643 -0.0728575 -0.057497784 -0.05802201
0.445 -0.0647908 -0.06476087 -0.06473735 -0.06480232 -0.051905822 -0.07286349 -0.057501197 -0.05802187
0.446 -0.06479606 -0.06476717 -0.06474451 -0.06480721 -0.051906 -0.07286918 -0.057504565 -0.05802187
0.447 -0.06480118 -0.0647733 -0.06475148 -0.06481198 -0.05190615 -0.072874725 -0.057507753 -0.058021814
0.448 -0.06480618 -0.06477926 -0.06475825 -0.06481663 -0.05190627 -0.07288003 -0.057510808 -0.05802173
0.449 -0.06481104 -0.06478506 -0.06476483 -0.06482116 -0.051906418 -0.072885245 -0.05751376 -0.058021545
0.45 -0.06481579 -0.06479071 -0.06477122 -0.06482558 -0.051906686 -0.07289028 -0.05751665 -0.058021527
0.451 -0.06482041 -0.06479621 -0.06477743 -0.0648299 -0.051906746 -0.07289511 -0.05751951 -0.05802151
0.452 -0.06482492 -0.06480156 -0.06478347 -0.0648341 -0.051906925 -0.07289988 -0.057522237 -0.058021408
0.453 -0.06482932 -0.06480676 -0.06478934 -0.06483821 -0.051907074 -0.07290438 -0.057524845 -0.05802141
0.454 -0.0648336 -0.06481183 -0.06479505 -0.06484221 -0.051907253 -0.07290876 -0.057527468 -0.05802136
0.455 -0.06483778 -0.06481676 -0.06480059 -0.06484611 -0.051907342 -0.07291308 -0.05752994 -0.05802125
0.456 -0.06484185 -0.06482155 -0.06480598 -0.06484992 -0.05190743 -0.07291722 -0.057532236 -0.058021218
0.457 -0.06484582 -0.06482622 -0.06481122 -0.06485363 -0.05190758 -0.07292125 -0.057534516 -0.058021154
0.458 -0.06484968 -0.06483077 -0.06481632 -0.06485725 -0.05190773 -0.07292509 -0.05753684 -0.058021117
0.459 -0.06485345 -0.06483519 -0.06482127 -0.06486078 -0.05190779 -0.072928846 -0.05753894 -0.058021065
0.46 -0.06485713 -0.0648395 -0.06482609 -0.06486422 -0.051907998 -0.07293251 -0.057541087 -0.0580209
0.461 -0.06486071 -0.06484369 -0.06483077 -0.06486758 -0.051908117 -0.072936 -0.057543084 -0.05802104
0.462 -0.0648642 -0.06484777 -0.06483532 -0.06487085 -0.051908117 -0.07293934 -0.057545006 -0.058020886
0.463 -0.06486761 -0.06485174 -0.06483974 -0.06487404 -0.051908296 -0.072942674 -0.057547033 -0.05802091
0.464 -0.06487092 -0.0648556 -0.06484405 -0.06487716 -0.051908385 -0.07294586 -0.05754873 -0.058020882
0.465 -0.06487416 -0.06485937 -0.06484823 -0.06488019 -0.051908415 -0.07294896 -0.057550505 -0.058020733
0.466 -0.06487731 -0.06486303 -0.0648523 -0.06488315 -0.051908683 -0.07295191 -0.05755225 -0.05802078
0.467 -0.06488038 -0.06486659 -0.06485625 -0.06488604 -0.051908743 -0.0729548 -0.057553947 -0.058020618
0.468 -0.06488338 -0.06487006 -0.0648601 -0.06488886 -0.051908802 -0.072957635 -0.057555616 -0.058020685
0.469 -0.0648863 -0.06487344 -0.06486384 -0.06489161 -0.05190889 -0.07296035 -0.057557136 -0.058020633
0.47 -0.06488915 -0.06487673 -0.06486748 -0.06489429 -0.05190901 -0.07296297 -0.05755864 -0.058020663
0.471 -0.06489192 -0.06487993 -0.06487102 -0.0648969 -0.05190901 -0.07296547 -0.05756013 -0.05802058
0.472 -0.06489463 -0.06488305 -0.06487446 -0.06489945 -0.05190913 -0.07296795 -0.057561472 -0.05802052
0.473 -0.06489727 -0.06488608 -0.0648778 -0.06490193 -0.05190913 -0.07297027 -0.057562828 -0.05802049
0.474 -0.06489984 -0.06488904 -0.06488106 -0.06490436 -0.05190919 -0.072972625 -0.0575642 -0.058020424
0.475 -0.06490235 -0.06489192 -0.06488422 -0.06490672 -0.05190937 -0.07297483 -0.05756542 -0.05802045
0.476 -0.06490479 -0.06489472 -0.0648873 -0.06490902 -0.05190937 -0.07297701 -0.057566702 -0.058020424
0.477 -0.06490717 -0.06489744 -0.0648903 -0.06491127 -0.051909458 -0.07297906 -0.057567984 -0.05802043
0.478 -0.06490949 -0.0649001 -0.06489321 -0.06491347 -0.051909428 -0.07298115 -0.057569012 -0.05802038
0.479 -0.06491176 -0.06490268 -0.06489605 -0.0649156 -0.051909577 -0.07298306 -0.05757019 -0.0580203
0.48 -0.06491397 -0.0649052 -0.0648988 -0.06491769 -0.051909726 -0.07298496 -0.05757132 -0.058020264
0.481 -0.06491612 -0.06490765 -0.06490148 -0.06491972 -0.051909667 -0.07298675 -0.05757232 -0.058020312
0.482 -0.06491821 -0.06491004 -0.06490409 -0.06492171 -0.051909756 -0.07298854 -0.057573438 -0.05802021
0.483 -0.06492026 -0.06491236 -0.06490663 -0.06492364 -0.051909786 -0.0729903 -0.057574317 -0.058020234
0.484 -0.06492225 -0.06491462 -0.0649091 -0.06492553 -0.051909905 -0.07299194 -0.057575405 -0.0580202
0.485 -0.0649242 -0.06491683 -0.0649115 -0.06492737 -0.051909935 -0.072993636 -0.05757627 -0.058020215
0.486 -0.06492609 -0.06491897 -0.06491384 -0.06492916 -0.051910024 -0.072995126 -0.057577252 -0.058020234
0.487 -0.06492794 -0.06492106 -0.06491611 -0.06493091 -0.051910084 -0.072996646 -0.057578087 -0.0580202
0.488 -0.06492974 -0.0649231 -0.06491833 -0.06493262 -0.051910084 -0.07299808 -0.057578966 -0.058020227
0.489 -0.06493149 -0.06492508 -0.06492048 -0.06493428 -0.051910054 -0.07299948 -0.057579756 -0.0580201
0.49 -0.06493321 -0.06492701 -0.06492257 -0.06493591 -0.051910143 -0.07300091 -0.05758044 -0.058020025
0.491 -0.06493487 -0.06492889 -0.06492461 -0.06493749 -0.051910173 -0.07300222 -0.057581276 -0.058020122
0.492 -0.0649365 -0.06493072 -0.06492659 -0.06493903 -0.051910292 -0.07300341 -0.05758205 -0.05802016
0.493 -0.06493809 -0.0649325 -0.06492852 -0.06494054 -0.051910233 -0.07300472 -0.057582736 -0.05802002
0.494 -0.06493963 -0.06493423 -0.0649304 -0.06494201 -0.051910322 -0.073005885 -0.05758342 -0.058020122
0.495 -0.06494114 -0.06493592 -0.06493223 -0.06494344 -0.051910292 -0.07300708 -0.057584018 -0.058019985
0.496 -0.06494261 -0.06493757 -0.06493401 -0.06494484 -0.05191038 -0.07300821 -0.057584688 -0.058020003
0.497 -0.06494404 -0.06493917 -0.06493574 -0.0649462 -0.05191044 -0.07300925 -0.05758533 -0.05802
0.498 -0.06494544 -0.06494074 -0.06493742 -0.06494753 -0.05191047 -0.073010415 -0.057585955 -0.058019966
0.499 -0.0649468 -0.06494226 -0.06493906 -0.06494882 -0.05191038 -0.07301134 -0.05758661 -0.058020014
0.5 -0.06494813 -0.06494374 -0.06494066 -0.06495009 -0.0519105 -0.07301238 -0.057587147 -0.05801987
