0.0 -0.065 -0.065 -0.065 -0.065 -0.06078942 -0.054009825 -0.043027204 -0.03900618
0.0005 -0.06384289 -0.06464472 -0.0512747 -0.05417261 -0.06459087 -0.05179784 -0.04251123 -0.020796265
0.001 -0.06083567 -0.0634941 -0.03530862 -0.04314938 -0.06667724 -0.053565435 -0.03033879 -0.009975098
0.0015 -0.05798817 -0.06178684 -0.02191495 -0.03488906 -0.06622335 -0.056159053 -0.01818214 -0.0019021109
0.002 -0.05569197 -0.05971861 -0.01039331 -0.02783877 -0.064479396 -0.057953376 -0.007441785 0.0046049133
0.0025 -0.05378855 -0.05740445 0.0001619536 -0.02134624 -0.062245622 -0.05861409 0.00259969 0.009951927
0.003 -0.05209747 -0.05490901 0.01025717 -0.01520563 -0.05985581 -0.05832546 0.012428276 0.014467262
0.0035 -0.05050822 -0.05227283 0.02015502 -0.009353891 -0.057422306 -0.057348885 0.022207081 0.018412307
0.004 -0.04896596 -0.04952375 0.02987979 -0.003756989 -0.05498063 -0.055892907 0.031969626 0.021971717
0.0045 -0.04744636 -0.04668778 0.03946865 0.001593564 -0.0525431 -0.054100953 0.041713256 0.025267996
0.005 -0.04593479 -0.04377646 0.04910654 0.006727971 -0.050115317 -0.05206718 0.05142841 0.028380737
0.0055 -0.04441896 -0.04079662 0.05872574 0.01165952 -0.04770109 -0.04985275 0.06110606 0.03136132
0.006 -0.04289562 -0.03775665 0.06836325 0.01639343 -0.04530346 -0.04749803 0.0707387 0.03424292
0.0065 -0.04137008 -0.03466148 0.078053 0.02093581 -0.042924892 -0.04503029 0.08032015 0.037047096
0.007 -0.03984237 -0.03151744 0.08778361 0.0253099 -0.040567454 -0.042468734 0.08984557 0.039787844
0.0075 -0.03830924 -0.02833039 0.09753183 0.02953283 -0.03823275 -0.039827384 0.09931065 0.042474516
0.008 -0.03677109 -0.02510429 0.1072715 0.03359857 -0.035922006 -0.03711693 0.10871191 0.04511322
0.0085 -0.03523044 -0.0218454 0.1169801 0.03751904 -0.033636227 -0.03434582 0.11804664 0.047708146
0.009 -0.03368761 -0.01855902 0.1266414 0.04129899 -0.031376183 -0.031520933 0.1273123 0.05026204
0.0095 -0.0321449 -0.01525106 0.1362418 0.04494591 -0.029142484 -0.028648142 0.13650718 0.052776836
0.01 -0.03060095 -0.01192807 0.1457736 0.04847887 -0.026935587 -0.025732335 0.1456298 0.05525378
0.0105 -0.02905453 -0.008595306 0.1552306 0.05190627 -0.02475591 -0.022777904 0.15467907 0.05769383
0.011 -0.02750604 -0.005257163 0.1646076 0.05523212 -0.022603687 -0.019788709 0.163654 0.060097627
0.0115 -0.02595678 -0.001917421 0.1739002 0.05845951 -0.020479163 -0.016768206 0.17255406 0.062465526
0.012 -0.02440821 0.001420596 0.1831048 0.06159149 -0.018382555 -0.013719607 0.18137872 0.064797945
0.0125 -0.02286157 0.004755246 0.1922188 0.06463137 -0.016313944 -0.010645844 0.19012761 0.06709505
0.013 -0.02131762 0.008084332 0.20124 0.06758452 -0.014273407 -0.00754961 0.19880044 0.06935712
0.0135 -0.01977706 0.0114049 0.2101665 0.07045393 -0.012260966 -0.004433509 0.20739694 0.07158431
0.014 -0.01824083 0.01471324 0.2189969 0.07323961 -0.010276658 -0.0012999438 0.21591699 0.07377682
0.0145 -0.01670998 0.01800667 0.2277299 0.07594476 -0.008320408 0.0018488131 0.22436038 0.07593479
0.015 -0.01518529 0.02128318 0.236364 0.07857306 -0.0063921623 0.005010497 0.23272678 0.078058444
0.0155 -0.01366735 0.02454125 0.2448985 0.081128 -0.0044918507 0.008183029 0.24101609 0.08014793
0.016 -0.01215667 0.02777958 0.2533328 0.08361253 -0.0026193224 0.0113643 0.24922797 0.08220347
0.0165 -0.01065374 0.03099702 0.2616662 0.08602946 -0.000774432 0.014552359 0.2573621 0.08422532
0.017 -0.009158928 0.03413917 0.2698976 0.0883816 0.0010429695 0.01774529 0.2654182 0.086213686
0.0175 -0.007672503 0.03717343 0.2780235 0.0906713 0.0028331243 0.020941209 0.2733959 0.0881689
0.018 -0.006194783 0.04016432 0.2860441 0.0929009 0.0045962 0.024138276 0.28129473 0.09009118
0.0185 -0.004726017 0.04314385 0.2939611 0.0950729 0.006332431 0.027334694 0.28911415 0.09198091
0.019 -0.003266568 0.04612641 0.3017755 0.09718949 0.008042086 0.030528735 0.2968538 0.09383833
0.0195 -0.001816708 0.04911603 0.3094882 0.09925284 0.009725399 0.033718716 0.30451304 0.09566387
0.02 -0.0003765127 0.05211105 0.3170995 0.1012652 0.01138268 0.036902923 0.31209138 0.09745779
0.0205 0.00104533 0.0551073 0.3246006 0.1031202 0.013014145 0.040079754 0.31958807 0.09922048
0.021 0.002436428 0.05809865 0.3319856 0.1048824 0.014620207 0.043247636 0.3270026 0.10095244
0.0215 0.003813975 0.06107888 0.3392714 0.1066248 0.016201071 0.04640505 0.3343344 0.10265394
0.022 0.005187946 0.06404301 0.3464637 0.1083608 0.017757125 0.049550448 0.3415826 0.10432545
0.0225 0.006560223 0.06698692 0.353562 0.1100872 0.019288648 0.05268239 0.34874672 0.10596735
0.023 0.007929287 0.06990715 0.3605643 0.1117979 0.020795982 0.055799473 0.35582605 0.1075801
0.0235 0.009291356 0.07280079 0.3674582 0.1134877 0.022279494 0.058900315 0.36281997 0.109164126
0.024 0.01063473 0.07566228 0.3741552 0.1151518 0.023739468 0.061983626 0.36972782 0.11071994
0.0245 0.01196699 0.0784858 0.3806732 0.1167883 0.025176294 0.06504807 0.37654895 0.11224792
0.025 0.01329316 0.08126929 0.3870657 0.1183963 0.026590332 0.068092436 0.38328296 0.11374859
0.0255 0.01461299 0.08401316 0.3933695 0.1199748 0.027981874 0.07111552 0.38992894 0.11522231
0.026 0.01592489 0.08671899 0.3996037 0.1215234 0.02935129 0.074116275 0.3964867 0.11666966
0.0265 0.01722732 0.08938876 0.405776 0.1230419 0.030698974 0.0770935 0.4029557 0.11809104
0.027 0.01851917 0.09202435 0.4118871 0.1245304 0.032025244 0.08004622 0.4093353 0.119486935
0.0275 0.01979969 0.09462735 0.4179343 0.1259893 0.03333048 0.082973465 0.41562515 0.12085786
0.028 0.02106843 0.09719902 0.4239138 0.1274189 0.034614947 0.085874304 0.42182502 0.12220418
0.0285 0.02232513 0.09974025 0.4298212 0.1288198 0.035879146 0.088747844 0.42793456 0.12352655
0.029 0.02356972 0.1022517 0.435653 0.1301926 0.037123304 0.09159325 0.43395355 0.124825306
0.0295 0.02480218 0.1047337 0.441406 0.1315381 0.03834783 0.09440982 0.43988174 0.12610093
0.03 0.02602245 0.1071866 0.4470778 0.1328568 0.039553028 0.09719676 0.44571915 0.12735394
0.0305 0.02723036 0.1096102 0.4526661 0.1341483 0.040739227 0.09995344 0.4514655 0.12858471
0.031 0.02842572 0.1120042 0.4581691 0.1354136 0.041906845 0.10267927 0.45712087 0.1297938
0.0315 0.02960874 0.1143688 0.463587 0.1366546 0.04305612 0.10537365 0.4626855 0.1309816
0.032 0.03077962 0.1167043 0.4689199 0.1378719 0.044187415 0.1080361 0.46815932 0.13214856
0.0325 0.03193841 0.119011 0.4741679 0.1390663 0.045301083 0.1106662 0.47354263 0.13329521
0.033 0.03308514 0.1212888 0.4793315 0.1402383 0.046397444 0.11326349 0.47883564 0.13442189
0.0335 0.03421983 0.1235378 0.4844109 0.1413883 0.047476824 0.115827635 0.4840387 0.1355291
0.034 0.0353425 0.1257581 0.4894068 0.1425171 0.0485395 0.11835836 0.4891523 0.13661733
0.0345 0.03645317 0.1279496 0.4943199 0.1436251 0.0495858 0.12085532 0.4941767 0.13768685
0.035 0.03755188 0.1301126 0.4991511 0.1447128 0.050616007 0.12331845 0.4991125 0.13873821
0.0355 0.03863864 0.1322469 0.5039014 0.1457805 0.051630493 0.12574746 0.5039603 0.13977173
0.036 0.03970893 0.1343523 0.5085694 0.1468069 0.052629452 0.12814222 0.50872064 0.14078781
0.0365 0.04075928 0.1364284 0.5131541 0.147798 0.053613227 0.13050273 0.51339424 0.1417869
0.037 0.0417962 0.1384756 0.5176604 0.1487744 0.054582115 0.13282888 0.51798177 0.1427694
0.0375 0.04282424 0.1404944 0.5220917 0.1497414 0.055536415 0.13512067 0.52248424 0.14373565
0.038 0.04384272 0.1424849 0.5264485 0.1506917 0.05647632 0.13737817 0.5269022 0.14468604
0.0385 0.04484435 0.1444461 0.5307265 0.1516019 0.05740216 0.13960141 0.5312367 0.14562094
0.039 0.04583134 0.1463785 0.5349287 0.1524946 0.058314245 0.14179052 0.53548855 0.1465407
0.0395 0.04680929 0.1482833 0.5390602 0.1533822 0.059212755 0.14394559 0.53965884 0.14744565
0.04 0.04778047 0.1501614 0.5431231 0.1542658 0.060097944 0.14606677 0.5437484 0.14833617
0.0405 0.04874468 0.1520133 0.5471182 0.1551438 0.060970094 0.14815429 0.5477584 0.1492126
0.041 0.04970088 0.1538396 0.5510459 0.1560142 0.061829474 0.15020832 0.55168974 0.15007517
0.0415 0.05064797 0.1556405 0.5549067 0.1568756 0.062676266 0.15222915 0.55554366 0.15092432
0.042 0.051585 0.1574163 0.558701 0.1577266 0.06351076 0.154217 0.55932117 0.15176031
0.0425 0.05251126 0.1591672 0.5624297 0.1585664 0.064333215 0.15617216 0.56302345 0.15258342
0.043 0.05342655 0.1608935 0.5660935 0.1593944 0.06514375 0.15809493 0.56665146 0.15339398
0.0435 0.05432579 0.1623358 0.5696813 0.1602095 0.0659426 0.15998559 0.57020664 0.15419227
0.044 0.05519685 0.1633893 0.5731649 0.1610094 0.06673008 0.16184449 0.57368994 0.15497854
0.0445 0.05605779 0.1643876 0.5764725 0.161797 0.06750633 0.16367204 0.5771028 0.15575308
0.045 0.05689981 0.1654318 0.5786603 0.1625731 0.06827156 0.16546856 0.5804461 0.15651616
0.0455 0.05772723 0.1665525 0.5808867 0.1633371 0.069025934 0.16723438 0.5837215 0.15726799
0.046 0.05855444 0.1677781 0.5835651 0.1640895 0.06976974 0.16896994 0.5869298 0.15800884
0.0465 0.05938343 0.1691145 0.5866114 0.1648307 0.070503116 0.17067562 0.5900724 0.15873903
0.047 0.06021147 0.1705497 0.5898667 0.1655609 0.07122631 0.17235179 0.5931503 0.15945876
0.0475 0.06103517 0.1720632 0.5932043 0.1662801 0.07193941 0.1739989 0.5961651 0.16016817
0.048 0.0618518 0.1736319 0.5965428 0.1669882 0.07264267 0.17561734 0.59911776 0.1608676
0.0485 0.06265954 0.1752343 0.5998353 0.1676853 0.07333623 0.17720754 0.6020094 0.16155714
0.049 0.0634574 0.1768519 0.603058 0.1683718 0.07402024 0.17876987 0.6048415 0.16223711
0.0495 0.06424495 0.1784696 0.6062009 0.1690479 0.07469493 0.18030484 0.60761493 0.1629076
0.05 0.06502204 0.1800761 0.6092619 0.1697137 0.07536043 0.18181284 0.61033124 0.16356897
0.0505 0.0657887 0.1816627 0.6122426 0.1703694 0.07601687 0.18329428 0.6129913 0.16422126
0.051 0.06654503 0.1832236 0.615147 0.1710151 0.07666446 0.18474959 0.6155963 0.16486475
0.0515 0.06729121 0.1847549 0.6179792 0.171651 0.07730335 0.1861792 0.6181476 0.16549957
0.052 0.06802742 0.1862543 0.6207437 0.1722773 0.077933624 0.18758355 0.620646 0.1661259
0.0525 0.06875384 0.1877206 0.6234445 0.1728941 0.078555495 0.18896304 0.62309295 0.16674384
0.053 0.06947065 0.1891535 0.6260854 0.1735015 0.07916911 0.19031815 0.6254895 0.16735369
0.0535 0.07017803 0.1905533 0.6286696 0.1740615 0.07977456 0.19164927 0.6278366 0.16795552
0.054 0.07087601 0.1919206 0.6311999 0.1744364 0.080372006 0.19295682 0.63013524 0.16854954
0.0545 0.07156454 0.1932566 0.6336786 0.1748416 0.080961555 0.19424118 0.6323867 0.16913581
0.055 0.07224205 0.1945622 0.6361078 0.1751322 0.081543446 0.19550283 0.634592 0.16971469
0.0555 0.07290594 0.1958388 0.6384889 0.1754253 0.0821176 0.19674207 0.6367521 0.170286
0.056 0.0735605 0.1970874 0.6408238 0.1758065 0.08268431 0.19795941 0.6388679 0.17085004
0.0565 0.07420844 0.1983093 0.6431145 0.1762569 0.08324362 0.19915523 0.6409405 0.17140701
0.057 0.07485026 0.1995058 0.6453622 0.1767546 0.08379571 0.20032988 0.6429709 0.17195693
0.0575 0.07548553 0.2006779 0.6475681 0.1772831 0.08434071 0.20148377 0.64496005 0.17249998
0.058 0.07611373 0.2018268 0.6497331 0.1778305 0.08487862 0.20261727 0.6469087 0.17303628
0.0585 0.07673441 0.2029534 0.6518583 0.1783882 0.08540964 0.20373078 0.6488179 0.1735659
0.059 0.07734732 0.2040586 0.6539445 0.1789498 0.085933834 0.20482464 0.6506885 0.17408898
0.0595 0.07795233 0.2051432 0.6559924 0.1795108 0.08645131 0.20589925 0.6525215 0.17460558
0.06 0.07854942 0.2062081 0.658003 0.1800681 0.08696213 0.20695494 0.6543176 0.17511594
0.0605 0.07913863 0.2072539 0.6599768 0.1806193 0.08746654 0.20799209 0.65607756 0.17562011
0.061 0.07972 0.2082812 0.6619147 0.1811625 0.08796449 0.20901112 0.6578025 0.1761181
0.0615 0.08029363 0.2092907 0.6638174 0.181697 0.0884562 0.21001218 0.6594929 0.17661014
0.062 0.08085965 0.2102829 0.6656855 0.1822224 0.08894171 0.21099578 0.66114974 0.1770963
0.0625 0.08141819 0.2112582 0.6675197 0.1827381 0.08942102 0.21196218 0.6627738 0.17757651
0.063 0.08196556 0.2122161 0.6693188 0.1832255 0.08989437 0.21291171 0.66436553 0.17805105
0.0635 0.08249513 0.2131555 0.6710795 0.1836785 0.09036176 0.21384476 0.6659261 0.17851996
0.064 0.08301431 0.2140781 0.6728067 0.1841234 0.09082328 0.21476148 0.66745585 0.17898336
0.0645 0.08352936 0.2149852 0.6745044 0.1845639 0.091279104 0.21566235 0.6689556 0.17944124
0.065 0.08404019 0.2158484 0.6749988 0.1849873 0.091729134 0.21654756 0.6704262 0.17989364
0.0655 0.08454272 0.2166345 0.6753175 0.185408 0.09217365 0.21741743 0.671868 0.18034089
0.066 0.085038 0.2173737 0.676161 0.1858294 0.09261255 0.21827231 0.6732819 0.18078277
0.0665 0.08552841 0.2180977 0.6774811 0.1862502 0.093046084 0.21911241 0.6746683 0.18121952
0.067 0.08601439 0.2188253 0.6790967 0.1866681 0.093474224 0.21993805 0.67602813 0.1816512
0.0675 0.0864912 0.2195634 0.6808539 0.1870772 0.093897104 0.22074954 0.6773616 0.18207791
0.068 0.08696122 0.2203138 0.6826525 0.1874821 0.09431474 0.221547 0.67866963 0.18249965
0.0685 0.0874282 0.2210751 0.6844359 0.187884 0.09472723 0.22233091 0.6799526 0.18291652
0.069 0.08789277 0.2218438 0.6861745 0.1882826 0.09513466 0.22310133 0.68121123 0.1833286
0.0695 0.08835415 0.2226161 0.6878553 0.1886771 0.09553702 0.22385858 0.68244576 0.18373582
0.07 0.08881133 0.2233882 0.6894751 0.1890669 0.095934466 0.22460298 0.68365717 0.1841385
0.0705 0.08926352 0.2241568 0.6910353 0.1894517 0.09632708 0.22533469 0.68484557 0.18453652
0.071 0.08971008 0.2249193 0.6925398 0.189828 0.096714884 0.226054 0.68601155 0.18493003
0.0715 0.09014727 0.2256725 0.6939908 0.1901737 0.09709792 0.22676109 0.6871558 0.18531895
0.072 0.0905736 0.2264153 0.6953931 0.1905052 0.09747629 0.2274562 0.6882786 0.1857034
0.0725 0.09099142 0.2271474 0.6967538 0.1908332 0.09784998 0.22813956 0.6893805 0.18608359
0.073 0.09139958 0.2278683 0.6980773 0.1911571 0.098219186 0.22881143 0.6904619 0.18645936
0.0735 0.09180313 0.2285777 0.6993673 0.1914834 0.09858385 0.22947194 0.6915232 0.18683097
0.074 0.09220502 0.2292755 0.7006265 0.1918122 0.09894411 0.23012136 0.69256496 0.18719825
0.0745 0.09260537 0.2299617 0.7018571 0.1921421 0.09930003 0.2307599 0.6935876 0.18756148
0.075 0.09300229 0.2306363 0.7030605 0.1924716 0.099651575 0.23138772 0.69459146 0.18792048
0.0755 0.09339339 0.2312993 0.7042382 0.1927995 0.09999882 0.23200504 0.6955769 0.1882754
0.076 0.09377969 0.2319509 0.7053913 0.1931248 0.10034193 0.23261209 0.69654447 0.18862641
0.0765 0.09415954 0.2325907 0.7065204 0.1934369 0.10068083 0.23320906 0.69749457 0.18897346
0.077 0.09452469 0.233218 0.7076232 0.1937188 0.1010157 0.23379602 0.6984272 0.1893166
0.0775 0.09488037 0.2338338 0.7087024 0.193994 0.10134646 0.23437326 0.6993431 0.18965581
0.078 0.0952336 0.2344388 0.7097617 0.194273 0.1016732 0.23494093 0.70024246 0.1899912
0.0785 0.09558691 0.2350337 0.7108025 0.1945566 0.10199602 0.23549919 0.70112574 0.19032282
0.079 0.09593999 0.2356189 0.7118252 0.1948434 0.102314964 0.2360482 0.7019931 0.19065076
0.0795 0.09629167 0.2361948 0.7128298 0.1951315 0.10263005 0.23658822 0.7028451 0.19097501
0.08 0.09664077 0.2367614 0.7138164 0.1954196 0.102941334 0.23711936 0.7036819 0.19129556
0.0805 0.0969864 0.2373191 0.7147851 0.1957066 0.10324888 0.23764168 0.70450383 0.19161251
0.081 0.09732798 0.2378678 0.7157362 0.1959916 0.10355264 0.23815547 0.70531124 0.19192594
0.0815 0.09766519 0.2384078 0.7166699 0.196274 0.10385281 0.2386608 0.7061043 0.1922358
0.082 0.09799786 0.2389392 0.7175865 0.1965536 0.10414939 0.2391579 0.70688355 0.19254225
0.0825 0.09832594 0.2394621 0.7184864 0.1968298 0.10444234 0.2396469 0.707649 0.19284526
0.083 0.09864945 0.2399767 0.7193699 0.1971027 0.1047318 0.24012785 0.70840114 0.19314483
0.0835 0.09896843 0.240483 0.7202373 0.1973719 0.10501777 0.24060102 0.7091401 0.193441
0.084 0.09928292 0.2409813 0.7210891 0.1976373 0.10530034 0.24106647 0.70986617 0.19373396
0.0845 0.09958706 0.2414703 0.7219235 0.197876 0.10557945 0.24152435 0.71057963 0.19402355
0.085 0.09987716 0.2419503 0.7227392 0.1980929 0.10585526 0.24197482 0.7112809 0.19430986
0.0855 0.1001614 0.2424223 0.7235396 0.1983093 0.10612771 0.24241804 0.71197 0.19459301
0.086 0.1004453 0.2428867 0.724327 0.1985311 0.106396884 0.24285404 0.712647 0.19487298
0.0865 0.10073 0.2433441 0.7251019 0.1987562 0.10666281 0.24328296 0.7133126 0.19514975
0.087 0.1010146 0.2437947 0.7258643 0.1989785 0.10692555 0.24370502 0.71396685 0.19542345
0.0875 0.1012945 0.2442386 0.726614 0.1992032 0.10718517 0.24412023 0.71460974 0.19569406
0.088 0.1015698 0.2446759 0.7273506 0.1994302 0.10744162 0.24452884 0.71524173 0.19596165
0.0885 0.1018427 0.2451061 0.7280743 0.1996582 0.10769504 0.24493085 0.71586305 0.19622627
0.089 0.1021135 0.2455284 0.728785 0.1998861 0.10794546 0.24532641 0.7164737 0.19648787
0.0895 0.102382 0.2459439 0.729483 0.2001132 0.10819279 0.24571566 0.7170742 0.19674656
0.09 0.1026478 0.2463532 0.7301684 0.2003386 0.10843718 0.24609865 0.7176644 0.19700232
0.0905 0.1029106 0.2467567 0.7308416 0.2005621 0.108678654 0.24647562 0.71824485 0.19725522
0.091 0.1031703 0.2471544 0.7315028 0.2007833 0.10891721 0.24684648 0.7188153 0.1975052
0.0915 0.1034266 0.2475464 0.7321521 0.2010019 0.10915299 0.24721147 0.7193764 0.19775245
0.092 0.1036797 0.2479324 0.7327899 0.2011034 0.10938583 0.24757065 0.719928 0.19799691
0.0925 0.1039291 0.2483111 0.7334162 0.2010708 0.10961591 0.24792413 0.7204704 0.19823864
0.093 0.1041747 0.2486835 0.7340312 0.2011023 0.10984324 0.24827202 0.72100395 0.19847763
0.0935 0.1044169 0.2490504 0.7346352 0.2011977 0.11006783 0.24861439 0.72152853 0.1987139
0.094 0.1046556 0.2494121 0.7352284 0.2013393 0.11028972 0.24895136 0.72204447 0.19894749
0.0945 0.1048912 0.2497687 0.7358112 0.2015125 0.11050902 0.24928297 0.7225517 0.19917852
0.095 0.1051237 0.2501202 0.7363837 0.201707 0.1107256 0.2496094 0.7230508 0.19940692
0.0955 0.105353 0.2504665 0.736946 0.2019151 0.11093959 0.24993066 0.7235415 0.19963264
0.096 0.1055793 0.2508075 0.7374984 0.2021315 0.111150995 0.25024682 0.72402436 0.19985583
0.0965 0.1058026 0.2511419 0.7380391 0.2023522 0.111359924 0.2505581 0.7244991 0.20007655
0.097 0.1060229 0.25147 0.7385687 0.2025743 0.111566335 0.25086442 0.724966 0.2002948
0.0975 0.1062402 0.2517929 0.7390885 0.202796 0.11177023 0.2511659 0.7254255 0.20051053
0.098 0.1064546 0.252111 0.7395993 0.2030158 0.11197175 0.2514628 0.72587746 0.20072386
0.0985 0.1066662 0.2524246 0.7401014 0.2032328 0.112170815 0.25175497 0.726322 0.20093471
0.099 0.1068749 0.2527338 0.7405952 0.2034462 0.11236744 0.25204256 0.7267593 0.20114323
0.0995 0.1070808 0.2530387 0.7410807 0.2036556 0.11256175 0.25232568 0.7271896 0.20134938
0.1 0.107284 0.2533392 0.741558 0.2038608 0.11778514 0.24304758 0.7074649 0.1739659
0.1005 0.106358 0.2636599 0.7284943 0.1933711 0.10794459 0.26161948 0.73302555 0.15474421
0.101 0.1036705 0.2782875 0.713581 0.1827758 0.11243586 0.27677014 0.72162235 0.14554468
0.1015 0.1011935 0.294527 0.7014762 0.174954 0.11367023 0.29598954 0.71093 0.13409266
0.102 0.09929584 0.3115173 0.691389 0.1683588 0.11472894 0.31604937 0.70094216 0.124809705
0.1025 0.09781023 0.3288616 0.6823686 0.1623411 0.11506446 0.33584377 0.69166994 0.11762782
0.103 0.09655379 0.3463432 0.6738509 0.1566924 0.11473934 0.35502934 0.68274176 0.11209
0.1035 0.09541395 0.3638233 0.665559 0.151342 0.113865346 0.37363872 0.6740186 0.10766492
0.104 0.09433203 0.381203 0.65737 0.1462592 0.11261843 0.3917058 0.66542906 0.10402041
0.1045 0.09327961 0.3984076 0.6492341 0.1414248 0.111134335 0.40925664 0.65693307 0.10093274
0.105 0.09224356 0.4153789 0.6411339 0.1368239 0.109507784 0.42630926 0.64850104 0.09825071
0.1055 0.09121805 0.4320716 0.6330659 0.1324431 0.10780148 0.44287786 0.64011055 0.09586959
0.106 0.09020077 0.4484504 0.6250319 0.1282704 0.1060566 0.45897445 0.63174516 0.0937162
0.1065 0.089191 0.4644883 0.6170359 0.1242944 0.104300246 0.47460976 0.6233947 0.09173875
0.107 0.08818881 0.4801652 0.6090826 0.1205046 0.10255064 0.48979393 0.61505455 0.089900665
0.1075 0.08719461 0.4954667 0.6011765 0.1168912 0.100819916 0.50453705 0.6067252 0.08817535
0.108 0.08620897 0.5103829 0.5933224 0.1134449 0.09911622 0.5188495 0.5984107 0.08654364
0.1085 0.08523253 0.524908 0.5855242 0.110157 0.097445294 0.5327416 0.5901176 0.084991656
0.109 0.08426588 0.5390391 0.5777861 0.1070195 0.09581089 0.54622424 0.5818548 0.083509006
0.1095 0.08330961 0.5527763 0.5701115 0.1040246 0.09421551 0.5593081 0.573632 0.08208782
0.11 0.08236437 0.5661215 0.5625039 0.1011653 0.092660785 0.57200426 0.56545913 0.08072219
0.1105 0.08143078 0.5790783 0.5549663 0.0984347 0.09114769 0.58432364 0.55734646 0.079407595
0.111 0.0805094 0.5916519 0.5475013 0.09582657 0.0896768 0.5962771 0.5493039 0.07814028
0.1115 0.07960075 0.6038486 0.5401117 0.09333493 0.08824822 0.6078753 0.54134035 0.07691746
0.112 0.07870531 0.6156752 0.5327996 0.0909542 0.08686189 0.6191288 0.5334642 0.07573665
0.1125 0.07782354 0.6271396 0.525567 0.08867911 0.085517496 0.6300479 0.52568275 0.07459586
0.113 0.07695585 0.63825 0.5184159 0.08650472 0.08421467 0.64064264 0.5180026 0.07349334
0.1135 0.07610263 0.6490149 0.5113479 0.08442635 0.08295275 0.65092266 0.5104293 0.07242749
0.114 0.07526423 0.6594432 0.5043643 0.08243963 0.08173123 0.6608974 0.5029673 0.07139706
0.1145 0.074441 0.6695438 0.4974665 0.0805404 0.08054933 0.6705756 0.49562037 0.07040066
0.115 0.07363324 0.6793257 0.4906556 0.07872477 0.07940638 0.6799666 0.48839146 0.06943729
0.1155 0.07284123 0.688798 0.4839324 0.07698906 0.07830162 0.68907845 0.48128265 0.068505816
0.116 0.07206522 0.6979697 0.4772978 0.07532979 0.07723421 0.69791955 0.4742955 0.06760522
0.1165 0.07130547 0.7068497 0.4707524 0.07374369 0.07620339 0.70649767 0.46743107 0.06673465
0.117 0.07056218 0.7154469 0.4642968 0.07222765 0.075208336 0.7148203 0.4606896 0.06589315
0.1175 0.06983555 0.7237697 0.4579313 0.07077876 0.074248314 0.72289515 0.4540711 0.06507989
0.118 0.06912576 0.7318269 0.4516563 0.06939424 0.0733224 0.73072934 0.44757515 0.06429412
0.1185 0.06843297 0.7396265 0.4454719 0.06807147 0.07242991 0.73832977 0.44120106 0.06353506
0.119 0.06775731 0.7471769 0.4393781 0.06680797 0.07157004 0.74570304 0.4349477 0.062802024
0.1195 0.06709891 0.7544858 0.4333751 0.0656014 0.07074204 0.75285584 0.42881393 0.062094294
0.12 0.06645788 0.761561 0.4274626 0.06444954 0.06994501 0.7597945 0.42279828 0.06141109
0.1205 0.06583431 0.7684099 0.4216406 0.06335026 0.06917839 0.7665252 0.4168991 0.060751967
0.121 0.06522827 0.77504 0.4159088 0.06230159 0.06844136 0.77305394 0.41111487 0.060116224
0.1215 0.06463984 0.7814582 0.4102668 0.06130161 0.06773329 0.7793868 0.4054437 0.059503384
0.122 0.06406905 0.7876714 0.4047143 0.06034852 0.06705341 0.785529 0.39988372 0.058912747
0.1225 0.06351596 0.7936863 0.3992508 0.05944061 0.066401064 0.7914864 0.39443314 0.05834388
0.123 0.06298058 0.7995094 0.3938759 0.05857626 0.0657756 0.7972646 0.38909006 0.057796262
0.1235 0.06246293 0.8051468 0.3885891 0.05775391 0.06517643 0.8028685 0.38385248 0.057269387
0.124 0.061963 0.8106047 0.3833896 0.0569721 0.06460287 0.80830365 0.37871867 0.056762837
0.1245 0.06148081 0.8158888 0.3782769 0.05622941 0.06405437 0.81357473 0.37368643 0.056276135
0.125 0.06101631 0.821005 0.3732504 0.05552452 0.06353027 0.81868666 0.3687541 0.05580879
0.1255 0.0605695 0.8259586 0.3683093 0.05485616 0.06303008 0.8236445 0.3639197 0.05536046
0.126 0.06014033 0.8307551 0.3634528 0.0542231 0.06255318 0.8284527 0.3591814 0.05493074
0.1265 0.05972876 0.8353994 0.3586802 0.05362419 0.062099103 0.83311564 0.35453737 0.054519244
0.127 0.05933474 0.8398967 0.3539908 0.05305833 0.061667282 0.8376379 0.3499859 0.0541256
0.1275 0.05895821 0.8442517 0.3493837 0.05252446 0.061257225 0.84202373 0.34552512 0.053749464
0.128 0.05859911 0.8484691 0.344858 0.05202157 0.06086844 0.84627724 0.34115335 0.053390495
0.1285 0.05825735 0.8525533 0.3404128 0.05154869 0.06050047 0.8504026 0.33686894 0.053048365
0.129 0.05793286 0.8565088 0.3360474 0.05110491 0.060152862 0.8544036 0.3326701 0.05272279
0.1295 0.05762556 0.8603397 0.3317608 0.05068934 0.05982517 0.85828424 0.3285554 0.05241341
0.13 0.05733536 0.8640501 0.327552 0.05030114 0.059516918 0.86204845 0.32452315 0.052119993
0.1305 0.05706215 0.867644 0.3234203 0.04993949 0.059227776 0.86569923 0.32057172 0.05184228
0.131 0.05680584 0.8711252 0.3193645 0.04960363 0.05895723 0.8692406 0.31669968 0.051579885
0.1315 0.05656632 0.8744972 0.3153838 0.0492928 0.05870493 0.8726758 0.3129056 0.051332645
0.132 0.05634348 0.8777638 0.3114773 0.0490063 0.058470543 0.8760082 0.30918783 0.05110029
0.1325 0.05613721 0.8809283 0.3076439 0.04874343 0.058253657 0.8792409 0.30554506 0.050882556
0.133 0.05594739 0.8839941 0.3038828 0.04850354 0.058053907 0.88237715 0.30197585 0.05067917
0.1335 0.05577389 0.8869644 0.3001929 0.04828601 0.057870958 0.8854201 0.2984789 0.05049003
0.134 0.0556166 0.8898423 0.2965733 0.04809021 0.05770446 0.8883724 0.2950527 0.05031476
0.1345 0.05547538 0.8926307 0.2930229 0.04791557 0.057554033 0.8912372 0.29169607 0.05015319
0.135 0.0553501 0.8953326 0.2895409 0.04776151 0.05741946 0.894017 0.28840762 0.050005175
0.1355 0.05524063 0.8979508 0.2861262 0.04762751 0.05730037 0.8967145 0.28518608 0.04987047
0.136 0.05514682 0.900488 0.282778 0.04751303 0.05719642 0.8993325 0.28203022 0.04974883
0.1365 0.05506854 0.9029468 0.2794951 0.04741758 0.0571074 0.90187347 0.27893883 0.04964014
0.137 0.05500566 0.90533 0.2762767 0.04734068 0.057032984 0.90433943 0.27591068 0.049544193
0.1375 0.05495803 0.9076399 0.2731217 0.04728185 0.056972917 0.9067333 0.2729445 0.049460776
0.138 0.05492552 0.909879 0.2700293 0.04724066 0.05692691 0.909057 0.27003926 0.049389757
0.1385 0.05490797 0.9120495 0.2669985 0.04721666 0.056894686 0.9113128 0.26719373 0.049330868
0.139 0.05490525 0.9141538 0.2640283 0.04720944 0.056876015 0.91350293 0.2644068 0.049284063
0.1395 0.05491721 0.9161939 0.2611178 0.0472186 0.05687065 0.9156294 0.26167732 0.049249135
0.14 0.0549437 0.9181721 0.2582661 0.04724375 0.056878317 0.91769415 0.25900427 0.049225874
0.1405 0.05498458 0.9200902 0.2554721 0.0472845 0.05689883 0.91969925 0.25638658 0.04921419
0.141 0.05503969 0.9219504 0.2527351 0.0473405 0.05693188 0.9216465 0.25382307 0.04921388
0.1415 0.05510889 0.9237544 0.250054 0.04741139 0.05697735 0.9235379 0.25131285 0.04922486
0.142 0.05519202 0.9255041 0.2474281 0.04749683 0.057034943 0.9253746 0.24885482 0.049246885
0.1425 0.05528893 0.9272013 0.2448563 0.04759649 0.05710451 0.92715883 0.24644798 0.049279965
0.143 0.05539947 0.9288477 0.2423378 0.04771005 0.057185773 0.9288922 0.24409139 0.04932379
0.1435 0.0555235 0.9304449 0.2398717 0.0478372 0.05727854 0.9305761 0.24178404 0.04937827
0.144 0.05566085 0.9319947 0.2374571 0.04797764 0.057382632 0.9322121 0.23952499 0.049443282
0.1445 0.05581139 0.9334984 0.2350932 0.04813108 0.057497907 0.93380195 0.23731333 0.049518786
0.145 0.05597495 0.9349577 0.2327791 0.04829724 0.057624113 0.9353465 0.2351481 0.049604543
0.1455 0.05615138 0.936374 0.230514 0.04847584 0.05776104 0.9368478 0.23302841 0.049700417
0.146 0.05634054 0.9377487 0.2282971 0.04866661 0.05790862 0.9383068 0.2309534 0.049806423
0.1465 0.05654228 0.9390832 0.2261274 0.0488693 0.058066588 0.9397248 0.22892216 0.049922235
0.147 0.05675643 0.9403788 0.2240043 0.04908367 0.0582348 0.94110334 0.22693384 0.050047897
0.1475 0.05698287 0.9416367 0.2219268 0.04930945 0.058413025 0.94244325 0.22498757 0.0501832
0.148 0.05722143 0.9428583 0.2198942 0.04954643 0.05860128 0.94374585 0.22308257 0.050328143
0.1485 0.05747197 0.9440447 0.2179058 0.04979436 0.058799203 0.94501233 0.22121799 0.05048243
0.149 0.05773433 0.945197 0.2159607 0.05005303 0.059006732 0.94624376 0.21939304 0.05064609
0.1495 0.05800839 0.9463165 0.2140581 0.05032222 0.059223767 0.94744146 0.21760699 0.050819017
0.15 0.05829398 0.9474042 0.2121974 0.05060171 0.059450027 0.9486059 0.21585894 0.05100099
0.1505 0.05859096 0.9484611 0.2103778 0.05089131 0.05968551 0.9497384 0.21414822 0.051192023
0.151 0.05889919 0.9494883 0.2085985 0.0511908 0.059914332 0.95083094 0.212475 0.05138793
0.1515 0.05921852 0.9504867 0.2068588 0.05150001 0.06016436 0.9519099 0.21083826 0.051595695
0.152 0.05954882 0.9514573 0.2051581 0.05181873 0.0604258 0.95295405 0.20923391 0.051811673
0.1525 0.05988994 0.9524011 0.2034955 0.05214679 0.0606958 0.9539679 0.2076641 0.05203589
0.153 0.06024173 0.953319 0.2018705 0.052484 0.060974058 0.9549544 0.2061286 0.05226875
0.1535 0.06060407 0.9542117 0.2002823 0.05283018 0.061260562 0.95591414 0.20462629 0.05251021
0.154 0.06097681 0.9550802 0.1987303 0.05318518 0.061555263 0.95684826 0.20315655 0.052760072
0.1545 0.06135982 0.9559252 0.1972138 0.05354881 0.061858054 0.95775735 0.20171857 0.053018235
0.155 0.06175295 0.9567476 0.1957322 0.05392092 0.062168878 0.95864177 0.20031169 0.053284623
0.1555 0.06215608 0.9575481 0.1942848 0.05430135 0.062487524 0.95950305 0.19893533 0.053559028
0.156 0.06256907 0.9583274 0.192871 0.05468995 0.06281394 0.960341 0.1975888 0.05384142
0.1565 0.06299178 0.9590863 0.1914901 0.05508655 0.06314804 0.9611567 0.19627152 0.05413174
0.157 0.0634241 0.9598254 0.1901416 0.05549103 0.0634896 0.96195066 0.1949829 0.054429777
0.1575 0.06386587 0.9605455 0.1888249 0.05590323 0.06383863 0.96272385 0.19372235 0.05473555
0.158 0.06431699 0.9612471 0.1875394 0.05632301 0.06419493 0.96347666 0.19248933 0.05504895
0.1585 0.06477731 0.9619309 0.1862844 0.05675024 0.064558506 0.9642097 0.19128323 0.05536983
0.159 0.06524672 0.9625975 0.1850595 0.05718478 0.06492916 0.9649235 0.1901035 0.05569818
0.1595 0.06572508 0.9632476 0.183864 0.0576265 0.06530684 0.9656187 0.18894969 0.056033902
0.16 0.06621227 0.9638815 0.1826975 0.05807527 0.06569144 0.9662957 0.18782118 0.056376897
0.1605 0.06670816 0.9645 0.1815593 0.05853096 0.066082835 0.9669552 0.18671751 0.05672709
0.161 0.06721263 0.9651036 0.1804489 0.05899346 0.066480905 0.9675977 0.18563816 0.057084344
0.1615 0.06772557 0.9656927 0.1793659 0.05946265 0.066885665 0.96822333 0.18458262 0.057448752
0.162 0.06824686 0.9662678 0.1783096 0.0599384 0.06729694 0.96883297 0.18355043 0.057820044
0.1625 0.06877639 0.9668296 0.1772797 0.06042061 0.06771466 0.9694269 0.18254107 0.05819825
0.163 0.06931404 0.9673783 0.1762755 0.06090917 0.06813873 0.97000575 0.18155417 0.058583282
0.1635 0.06985969 0.9679145 0.1752966 0.06140396 0.068569094 0.97056985 0.18058921 0.058975093
0.164 0.07041323 0.9684386 0.1743426 0.06190488 0.06900562 0.9711195 0.17964572 0.059373505
0.1645 0.07097456 0.968951 0.1734129 0.06241182 0.06944822 0.97165513 0.1787233 0.059778534
0.165 0.07154352 0.9694514 0.1725071 0.06285692 0.06989688 0.9721775 0.1778215 0.060190104
0.1655 0.07211982 0.9699397 0.1716246 0.06330497 0.07035142 0.9726865 0.17693992 0.06060808
0.166 0.07270316 0.9704169 0.1707649 0.06378089 0.07081184 0.9731827 0.17607813 0.061032496
0.1665 0.07329358 0.9708838 0.1699277 0.06428077 0.071278065 0.9736664 0.17523576 0.061463214
0.167 0.07389115 0.9713412 0.1691126 0.06479956 0.071749955 0.97413826 0.17441237 0.061900176
0.1675 0.0744959 0.9717894 0.1683192 0.06533334 0.07222748 0.9745984 0.17360763 0.06234332
0.168 0.07510776 0.9722289 0.1675471 0.0658792 0.0727106 0.9750471 0.1728211 0.06279261
0.1685 0.07572665 0.97266 0.1667959 0.066435 0.07319915 0.9754846 0.17205244 0.06324787
0.169 0.07635248 0.973083 0.1660652 0.06699916 0.07369308 0.9759114 0.17130128 0.06370916
0.1695 0.07698504 0.9734983 0.1653546 0.06757048 0.074192405 0.97632766 0.17056727 0.06417637
0.17 0.07762229 0.973906 0.1646637 0.06814803 0.07469699 0.9767339 0.16985011 0.0646495
0.1705 0.07826513 0.9743064 0.1639921 0.06873112 0.07520677 0.9771303 0.16914937 0.06512836
0.171 0.07891474 0.9746997 0.1633395 0.06931928 0.07572168 0.9775169 0.16846472 0.065612964
0.1715 0.07957138 0.9750863 0.1627054 0.06991213 0.07624161 0.9778944 0.16779594 0.06610326
0.172 0.08023494 0.9754662 0.1620896 0.07050941 0.07676658 0.9782629 0.16714263 0.06659917
0.1725 0.08090522 0.9758399 0.1614917 0.07111089 0.07729645 0.97862244 0.16650447 0.06710055
0.173 0.08158204 0.9762073 0.1609113 0.07171643 0.07783124 0.97897327 0.16588116 0.067607544
0.1735 0.08226523 0.9765688 0.1603481 0.07232591 0.07837087 0.979316 0.16527243 0.068119965
0.174 0.08295458 0.9769246 0.1598017 0.07293924 0.07891519 0.9796506 0.16467796 0.068637736
0.1745 0.08364991 0.9772749 0.1592719 0.07355633 0.07946423 0.97997713 0.16409746 0.06916084
0.175 0.08435104 0.97762 0.1587583 0.07417711 0.08001788 0.98029625 0.16353068 0.06968916
0.1755 0.08505786 0.9779599 0.1582606 0.07480151 0.08057615 0.9806076 0.16297732 0.07022276
0.176 0.08577023 0.978295 0.1577784 0.07542949 0.08113885 0.98091197 0.1624371 0.07076145
0.1765 0.08648807 0.9786253 0.1573116 0.076061 0.08170612 0.9812093 0.16190974 0.07130534
0.177 0.08721123 0.9789511 0.1568597 0.07668811 0.082277715 0.9815 0.16139507 0.07185423
0.1775 0.08793941 0.9792726 0.1564226 0.07731432 0.08285369 0.981784 0.16089275 0.07240812
0.178 0.08867236 0.9795897 0.1559998 0.0779399 0.08343397 0.9820614 0.16040254 0.07296694
0.1785 0.08940979 0.9799028 0.155591 0.07856772 0.0840185 0.9823326 0.15992425 0.073530726
0.179 0.09015194 0.9802118 0.1551961 0.07920118 0.0846072 0.9825976 0.15945758 0.074099325
0.1795 0.09089911 0.9805169 0.1548147 0.07984075 0.08520004 0.98285675 0.15900233 0.07467269
0.18 0.09165139 0.9808185 0.1544466 0.08048615 0.08579698 0.9831103 0.15855828 0.0752508
0.1805 0.09240873 0.9811166 0.1540916 0.08113701 0.08639796 0.98335814 0.15812522 0.0758336
0.181 0.09317103 0.9814114 0.1537495 0.08179299 0.08700296 0.9836005 0.15770286 0.07642109
0.1815 0.09393819 0.9817031 0.1534199 0.08245377 0.08761191 0.9838375 0.15729108 0.07701316
0.182 0.09471011 0.9819918 0.1531026 0.08311908 0.08822468 0.9840696 0.15688959 0.077609725
0.1825 0.09548671 0.9822777 0.1527975 0.08378869 0.088841334 0.9842967 0.15649825 0.07821085
0.183 0.09626788 0.9825609 0.1525042 0.08446238 0.08946182 0.98451877 0.15611681 0.07881642
0.1835 0.09705356 0.9828415 0.1522225 0.08513994 0.09008601 0.9847363 0.15574512 0.0794264
0.184 0.09784366 0.9831196 0.1519522 0.08582123 0.09071399 0.984949 0.15538295 0.08004076
0.1845 0.09863811 0.9833954 0.151693 0.08650606 0.09134559 0.9851576 0.15503012 0.0806595
0.185 0.09943683 0.9836688 0.1514449 0.08719432 0.09198086 0.9853616 0.15468645 0.08128246
0.1855 0.1002398 0.9839402 0.1512074 0.08788587 0.09261964 0.9855616 0.15435177 0.081909604
0.186 0.1010468 0.9842094 0.1509805 0.08858061 0.09326203 0.98575747 0.15402588 0.08254097
0.1865 0.101858 0.9844767 0.1507639 0.08927842 0.09390788 0.9859493 0.15370867 0.08317653
0.187 0.1026731 0.9847421 0.1505575 0.08997905 0.09455718 0.9861373 0.15339984 0.0838161
0.1875 0.1034919 0.9850057 0.150361 0.09067163 0.09520994 0.9863217 0.1530994 0.08445982
0.188 0.1043134 0.9852672 0.1501741 0.09136213 0.09586607 0.9865025 0.15280706 0.08510756
0.1885 0.1051374 0.9855268 0.1499967 0.0920577 0.096525535 0.98667955 0.15252273 0.085759275
0.189 0.1059644 0.9857847 0.1498285 0.09275917 0.09718831 0.98685336 0.15224616 0.08641494
0.1895 0.106795 0.986041 0.1496696 0.09346614 0.09785433 0.98702383 0.15197732 0.08707448
0.19 0.1076298 0.9862959 0.1495196 0.09417803 0.09852357 0.98719096 0.151716 0.087737866
0.1905 0.1084687 0.9865496 0.1493786 0.09489425 0.099196 0.9873549 0.151462 0.088405095
0.191 0.1093118 0.9868021 0.1492462 0.09561435 0.09987153 0.9875159 0.15121529 0.089076065
0.1915 0.110159 0.9870535 0.1491224 0.09633791 0.10055025 0.9876739 0.15097567 0.08975082
0.192 0.1110102 0.9873039 0.1490068 0.09706465 0.10123201 0.9878291 0.150743 0.090429254
0.1925 0.1118616 0.9875534 0.1488993 0.09772448 0.101916805 0.98798156 0.1505172 0.091111355
0.193 0.1127001 0.9878019 0.1487982 0.09832948 0.10260461 0.9881313 0.15029804 0.091797106
0.1935 0.1135376 0.9880493 0.1487039 0.09896878 0.1032954 0.98827827 0.1500855 0.09248646
0.194 0.1143844 0.9882957 0.1486177 0.09964349 0.10398914 0.9884229 0.14987938 0.09317937
0.1945 0.1152424 0.9885413 0.1485399 0.1003458 0.10468575 0.98856485 0.14967957 0.09387577
0.195 0.1161101 0.9887861 0.1484702 0.1010688 0.10538523 0.98870444 0.14948596 0.09457565
0.1955 0.1169851 0.9890302 0.1484083 0.1018071 0.10608758 0.9888418 0.14929849 0.09527903
0.196 0.1178655 0.9892738 0.1483538 0.1025569 0.10679273 0.98897684 0.14911692 0.09598578
0.1965 0.11875 0.9895168 0.1483065 0.1033151 0.10750061 0.98910975 0.14894122 0.09669588
0.197 0.1196377 0.9897594 0.1482661 0.1040797 0.108211294 0.9892404 0.14877127 0.09740942
0.1975 0.1205281 0.9900016 0.1482324 0.1048489 0.10892464 0.98936915 0.14860697 0.098126195
0.198 0.1214209 0.9902433 0.1482052 0.1056214 0.10964064 0.98949575 0.14844817 0.098846234
0.1985 0.1223107 0.9904839 0.1481842 0.1063925 0.110359386 0.98962045 0.14829484 0.09956958
0.199 0.1231845 0.9907221 0.1481669 0.1071547 0.11108066 0.98974335 0.14814678 0.10029604
0.1995 0.1240568 0.9909592 0.1481547 0.1079173 0.11180456 0.98986423 0.148004 0.10102574
0.2 0.1249384 0.991196 0.1481492 0.1086844 0.07212368 0.9785564 0.15883523 0.1082888
0.2005 0.1159277 0.9810303 0.1472151 0.1043272 0.0689203 0.98318756 0.16477786 0.111482374
0.201 0.1047081 0.965658 0.1452412 0.09980895 0.06924079 0.9647895 0.15565942 0.11020874
0.2015 0.09755017 0.9480329 0.1434069 0.09641817 0.06820841 0.94211984 0.14789574 0.10621061
0.202 0.09312341 0.9292431 0.1417385 0.09345878 0.06633502 0.92146707 0.14344618 0.10144787
0.2025 0.09007026 0.9098189 0.1401291 0.0906698 0.06450863 0.9015417 0.14044523 0.096877374
0.203 0.0876609 0.890051 0.1385178 0.0879744 0.06280014 0.8818452 0.13814259 0.09255052
0.2035 0.08555333 0.8701214 0.1368801 0.0853492 0.061192397 0.8622753 0.13620709 0.088487186
0.204 0.08359354 0.8501565 0.1352091 0.08278573 0.059661377 0.8428117 0.13444914 0.08468553
0.2045 0.0817125 0.8302513 0.133505 0.08028001 0.058185723 0.823467 0.13276118 0.081127785
0.205 0.0798788 0.8104797 0.1317706 0.07782958 0.056750204 0.8042709 0.13108456 0.07779073
0.2055 0.07807779 0.7909004 0.1300097 0.07543252 0.055344734 0.78525877 0.12938923 0.07465016
0.206 0.07630242 0.7715604 0.1282259 0.07308719 0.053963173 0.76646584 0.12766138 0.071683235
0.2065 0.07454912 0.7524966 0.1264228 0.07079206 0.052602146 0.74792385 0.12589622 0.068869404
0.207 0.072816 0.7337383 0.1246034 0.06854572 0.05125984 0.7296605 0.12409444 0.06619061
0.2075 0.07110204 0.7153082 0.1227708 0.06634676 0.049935427 0.7116991 0.12225948 0.063631274
0.208 0.0694066 0.6972231 0.1209274 0.06419387 0.048628446 0.69405866 0.12039615 0.06117808
0.2085 0.06772929 0.6794958 0.1190755 0.06208574 0.0473389 0.67675394 0.118509844 0.058819897
0.209 0.06606985 0.6621347 0.1172173 0.06002112 0.046066757 0.65979624 0.11660597 0.056547217
0.2095 0.0644281 0.6451455 0.1153545 0.05799881 0.044812065 0.6431935 0.11468963 0.054352097
0.21 0.06280387 0.6285309 0.1134889 0.05601762 0.043574717 0.62695116 0.112765685 0.052227758
0.2105 0.06119704 0.6122917 0.1116219 0.05407643 0.0423547 0.6110721 0.11083834 0.050168492
0.211 0.05960751 0.5964268 0.109755 0.05217413 0.041151848 0.5955571 0.108911455 0.04816953
0.2115 0.05803516 0.5809336 0.1078894 0.05030967 0.039966006 0.5804054 0.10698831 0.046226725
0.212 0.05647992 0.5658083 0.1060262 0.04848201 0.038796876 0.56561494 0.10507183 0.04433644
0.2125 0.05494167 0.5510465 0.1041665 0.04669017 0.037644226 0.551182 0.103164405 0.042495668
0.213 0.05342033 0.5366425 0.1023113 0.04493319 0.036507685 0.5371023 0.10126807 0.040701687
0.2135 0.05191581 0.5225904 0.1004613 0.04321015 0.035387013 0.5233703 0.09938443 0.038952082
0.214 0.050428 0.5088837 0.09861752 0.04152017 0.034281757 0.5099803 0.09751499 0.037244737
0.2145 0.04895682 0.4955156 0.09678057 0.03986237 0.033191632 0.49692574 0.09566069 0.03557775
0.215 0.04750215 0.482479 0.09495115 0.03823594 0.032116164 0.48419985 0.09382254 0.03394942
0.2155 0.04606391 0.4697666 0.09312992 0.03664008 0.031055126 0.47179517 0.09200099 0.032358162
0.216 0.04464199 0.4573711 0.09131744 0.03507402 0.030008022 0.4597043 0.09019658 0.030802518
0.2165 0.04323629 0.4452852 0.08951427 0.033537 0.028974514 0.44791976 0.0884096 0.029281192
0.217 0.0418467 0.4335013 0.08772089 0.03202832 0.027954217 0.4364338 0.08664018 0.027792864
0.2175 0.0404731 0.4220122 0.08593778 0.03054728 0.026946738 0.42523855 0.08488837 0.026336461
0.218 0.0391154 0.4108104 0.08416536 0.0290932 0.025951784 0.41432616 0.08315414 0.024910875
0.2185 0.03777348 0.3998888 0.08240402 0.02766545 0.024968967 0.40368888 0.08143726 0.023515113
0.219 0.03644721 0.3892403 0.08065413 0.0262634 0.023997877 0.393319 0.07973756 0.022148192
0.2195 0.0351365 0.3788577 0.07891603 0.02488643 0.023038179 0.38320896 0.078054845 0.020809129
0.22 0.03384122 0.3687342 0.07719004 0.02353398 0.022089548 0.37335107 0.07638876 0.019497164
0.2205 0.03256125 0.3588632 0.07547644 0.02220546 0.021151666 0.36373806 0.07473898 0.018211484
0.221 0.03129646 0.3492378 0.0737755 0.02090034 0.02022418 0.35436252 0.07310513 0.016951226
0.2215 0.03004675 0.3398517 0.07208747 0.01961808 0.019306712 0.3452174 0.0714868 0.01571571
0.222 0.02881198 0.3306986 0.07041256 0.01835818 0.01839903 0.33629575 0.06988369 0.014504202
0.2225 0.02759202 0.3217723 0.06875099 0.01712012 0.01750074 0.32759088 0.068295375 0.013316043
0.223 0.02638677 0.3130669 0.06710295 0.01590343 0.01661158 0.31909594 0.066721365 0.012150578
0.2235 0.02519607 0.3045763 0.0654686 0.01470765 0.015731264 0.31080467 0.06516142 0.011007138
0.224 0.02401982 0.296295 0.06384811 0.01353232 0.0148594305 0.30271086 0.06361511 0.009885177
0.2245 0.02285788 0.2882174 0.06224161 0.01237699 0.013995867 0.2948085 0.06208202 0.008784123
0.225 0.02171012 0.2803381 0.06064923 0.01124125 0.013140306 0.2870915 0.06056172 0.007703401
0.2255 0.0205764 0.2726519 0.05907109 0.01012467 0.0122924335 0.27955446 0.05905411 0.006642513
0.226 0.01945661 0.2651536 0.05750728 0.009026859 0.011452034 0.27219182 0.057558622 0.005600892
0.2265 0.01835061 0.2578382 0.05595789 0.00794742 0.010618862 0.26499826 0.056075107 0.004578091
0.227 0.01725827 0.250701 0.05442299 0.006885972 0.009792671 0.25796866 0.05460317 0.0035736337
0.2275 0.01617945 0.2437371 0.05290266 0.005842148 0.008973207 0.25109822 0.05314262 0.0025870353
0.228 0.01511403 0.2369422 0.05139695 0.004815585 0.008160327 0.24438216 0.051693212 0.0016178563
0.2285 0.01406187 0.2303116 0.04990589 0.003805934 0.007353816 0.23781593 0.050254684 0.0006657019
0.229 0.01302284 0.2238411 0.04842954 0.002812855 0.0065534264 0.2313952 0.048826907 -0.00026991218
0.2295 0.01199681 0.2175266 0.04696791 0.001836016 0.0057590455 0.22511573 0.04740968 -0.0011893287
0.23 0.01098365 0.2113638 0.04552102 0.0008750929 0.0049704798 0.2189735 0.046002816 -0.002092965
0.2305 0.009983215 0.2053489 0.04408888 -7.02282e-05 0.004187584 0.21296461 0.04460625 -0.002981238
0.231 0.008995384 0.199478 0.04267149 -0.001000254 0.0034102239 0.20708539 0.043219853 -0.0038544387
0.2315 0.008020022 0.1937474 0.04126885 -0.001915283 0.0026382245 0.20133235 0.041843574 -0.004713014
0.232 0.007056999 0.1881533 0.03988094 -0.002815608 0.0018715523 0.19570191 0.040477265 -0.0055572465
0.2325 0.006106182 0.1826923 0.03850774 -0.003701511 0.0011100434 0.1901909 0.03912093 -0.0063875094
0.233 0.005167442 0.177361 0.03714924 -0.00457327 0.0003536418 0.1847962 0.03777455 -0.0072041154
0.2335 0.004240647 0.1721559 0.03580539 -0.005431155 -0.00039779767 0.17951477 0.03643812 -0.008007452
0.234 0.003325667 0.1670739 0.03447616 -0.00627543 -0.0011442974 0.17434375 0.035111632 -0.008797757
0.2345 0.002422373 0.1621117 0.0331615 -0.007106352 -0.0018859021 0.16928038 0.033795085 -0.009575352
0.235 0.001530635 0.1572663 0.03186138 -0.007924172 -0.0026226789 0.16432194 0.03248853 -0.010340601
0.2355 0.0006503262 0.1525348 0.03057573 -0.008729135 -0.0033547021 0.15946601 0.031192046 -0.011093736
0.236 -0.0002186823 0.1479141 0.0293045 -0.009521481 -0.0040819347 0.15471004 0.029905621 -0.011835046
0.2365 -0.001076517 0.1434015 0.02804763 -0.01030144 -0.0048044734 0.15005179 0.028629389 -0.012564845
0.237 -0.001923306 0.1389943 0.02680505 -0.01106925 -0.005522266 0.14548895 0.027363371 -0.013283394
0.2375 -0.002759174 0.1346896 0.0255767 -0.01182513 -0.006235346 0.14101942 0.026107688 -0.013990939
0.238 -0.003584245 0.1304851 0.02436249 -0.01256929 -0.006943671 0.13664101 0.024862375 -0.014687739
0.2385 -0.004398646 0.126378 0.02316235 -0.01330195 -0.007647287 0.13235185 0.023627546 -0.015374079
0.239 -0.005202498 0.122366 0.02197621 -0.01402332 -0.008346122 0.12814996 0.022403304 -0.01605013
0.2395 -0.005995926 0.1184467 0.02080397 -0.0147336 -0.009040158 0.12403348 0.021189768 -0.01671619
0.24 -0.00677905 0.1146177 0.01964556 -0.015433 -0.009729441 0.120000646 0.019987006 -0.017372504
0.2405 -0.007551992 0.1108768 0.01850088 -0.01612169 -0.010413799 0.11604972 0.018795084 -0.018019237
0.241 -0.008314872 0.1072218 0.01736985 -0.01679989 -0.011093311 0.11217901 0.017614145 -0.018656656
0.2415 -0.009067809 0.1036504 0.01625237 -0.01746776 -0.011767879 0.10838695 0.01644427 -0.019284934
0.242 -0.009810923 0.1001608 0.01514834 -0.0181255 -0.012437429 0.104671925 0.01528554 -0.019904278
0.2425 -0.01054433 0.09675068 0.01405767 -0.01877329 -0.01310195 0.10103242 0.014138047 -0.020514917
0.243 -0.01126815 0.09341823 0.01298026 -0.01941129 -0.01376139 0.097467035 0.013001945 -0.02111701
0.2435 -0.01198249 0.09016149 0.011916 -0.02003968 -0.014415663 0.09397426 0.01187725 -0.021710746
0.244 -0.01268747 0.08697859 0.0108648 -0.02065862 -0.01506472 0.09055272 0.010764029 -0.022296313
0.2445 -0.01338321 0.08386769 0.009826551 -0.02126828 -0.015708502 0.0872011 0.009662431 -0.022873856
0.245 -0.01406981 0.08082703 0.008801143 -0.02186883 -0.016346987 0.08391805 0.00857247 -0.023443587
0.2455 -0.01474739 0.07785488 0.007788472 -0.02246041 -0.01698003 0.080702275 0.0074941777 -0.02400561
0.246 -0.01541606 0.07494956 0.006788429 -0.02304317 -0.017607674 0.07755254 0.0064277537 -0.024560113
0.2465 -0.01607593 0.07210943 0.005800905 -0.02361728 -0.018229801 0.07446763 0.005373154 -0.025107197
0.247 -0.0167271 0.0693329 0.004825791 -0.02418288 -0.018846326 0.07144627 0.004330341 -0.025647052
0.2475 -0.01736969 0.06661842 0.003862974 -0.02474011 -0.019457258 0.06848742 0.003299538 -0.026179783
0.248 -0.0180038 0.06396447 0.002912344 -0.02528911 -0.020062495 0.06558983 0.002280701 -0.02670551
0.2485 -0.01862954 0.06136959 0.001973788 -0.02583002 -0.020661958 0.062752396 0.0012737848 -0.027224377
0.249 -0.01924701 0.05883234 0.001047193 -0.02636298 -0.021255683 0.05997405 0.00027895346 -0.0277365
0.2495 -0.01985632 0.05635132 0.000132445 -0.02688812 -0.02184353 0.057253655 -0.0007038675 -0.028241958
0.25 -0.02045757 0.05392518 -0.0007705693 -0.02740558 -0.022425499 0.054590177 -0.0016746633 -0.028740875
0.2505 -0.02105085 0.05155259 -0.001661964 -0.02791547 -0.02300153 0.0519826 -0.0026333816 -0.029233389
0.251 -0.02163628 0.04923227 -0.002541855 -0.02841792 -0.023571584 0.04942989 -0.0035800077 -0.029719532
0.2515 -0.02221394 0.04696295 -0.003410355 -0.02891306 -0.024135623 0.046931002 -0.0045146234 -0.030199435
0.252 -0.02278394 0.04474342 -0.004267581 -0.02940101 -0.024693571 0.044485 -0.0054371916 -0.030673161
0.2525 -0.02334638 0.04257248 -0.005113646 -0.02988188 -0.025245454 0.04209086 -0.0063477196 -0.031140815
0.253 -0.02390135 0.04044897 -0.005948666 -0.0303558 -0.025791232 0.039747674 -0.007246252 -0.031602506
0.2535 -0.02444894 0.03837175 -0.006772755 -0.03082287 -0.026330844 0.037454482 -0.008132804 -0.03205824
0.254 -0.02498926 0.03633974 -0.00758603 -0.0312832 -0.02686429 0.035210382 -0.009007353 -0.032508116
0.2545 -0.02552239 0.03435185 -0.008388603 -0.03173691 -0.027391512 0.033014406 -0.0098700635 -0.032952204
0.255 -0.02604843 0.03240704 -0.00918059 -0.03218409 -0.027912531 0.030865755 -0.010720845 -0.03339059
0.2555 -0.02656747 0.03050428 -0.009962106 -0.03262487 -0.028427329 0.028763454 -0.0115598105 -0.0338233
0.256 -0.02707959 0.02864259 -0.01073326 -0.03305933 -0.02893588 0.026706714 -0.012386959 -0.034250434
0.2565 -0.02758489 0.02682099 -0.01149418 -0.03348759 -0.029438164 0.024694603 -0.01320241 -0.034671985
0.257 -0.02808346 0.02503855 -0.01224496 -0.03390973 -0.02993419 0.02272633 -0.0140061565 -0.035088077
0.2575 -0.02857538 0.02329433 -0.01298572 -0.03432586 -0.030424006 0.020801108 -0.014798228 -0.03549874
0.258 -0.02906074 0.02158745 -0.01371658 -0.03473608 -0.030907538 0.018918056 -0.015578758 -0.03590402
0.2585 -0.02953962 0.01991703 -0.01443764 -0.03514046 -0.031384815 0.017076384 -0.016347822 -0.03630393
0.259 -0.03001211 0.01828222 -0.01514903 -0.03553912 -0.03185585 0.015275326 -0.017105404 -0.036698557
0.2595 -0.0304783 0.01668219 -0.01585084 -0.03593214 -0.032320607 0.013514083 -0.017851692 -0.037087932
0.26 -0.03093826 0.01511612 -0.01654319 -0.0363196 -0.032779194 0.011791933 -0.018586617 -0.037472103
0.2605 -0.03139207 0.01358324 -0.01722618 -0.03670159 -0.033231553 0.01010811 -0.019310359 -0.037851136
0.261 -0.03183982 0.01208277 -0.01789994 -0.03707821 -0.033677723 0.0084618665 -0.020022903 -0.03822503
0.2615 -0.03228159 0.01061396 -0.01856456 -0.03744952 -0.034117706 0.0068524517 -0.020724434 -0.038593814
0.262 -0.03271744 0.009176071 -0.01922016 -0.03781562 -0.034551557 0.005279202 -0.021414954 -0.038957596
0.2625 -0.03314747 0.007768403 -0.01986684 -0.03817659 -0.034979276 0.003741365 -0.022094589 -0.03931635
0.263 -0.03357175 0.006390255 -0.02050471 -0.0385325 -0.03540089 0.0022382848 -0.022763375 -0.03967014
0.2635 -0.03399035 0.00504095 -0.02113387 -0.03888344 -0.035816442 0.0007692538 -0.023421455 -0.04001897
0.264 -0.03440335 0.003719825 -0.02175443 -0.03922947 -0.036225956 -0.0006663613 -0.024068836 -0.04036293
0.2645 -0.03481082 0.002426236 -0.02236649 -0.03957068 -0.036629453 -0.0020692833 -0.024705697 -0.040702015
0.265 -0.03521284 0.001159554 -0.02297016 -0.03990714 -0.037026998 -0.0034400932 -0.025332067 -0.041036308
0.2655 -0.03560947 -8.083419e-05 -0.02356554 -0.04023892 -0.0374186 -0.0047794543 -0.025948074 -0.041365765
0.266 -0.0360008 -0.001295527 -0.02415273 -0.04056609 -0.037804294 -0.006088011 -0.026553798 -0.04169049
0.2665 -0.03638688 -0.002485109 -0.02473183 -0.04088872 -0.038184136 -0.007366374 -0.027149323 -0.042010475
0.267 -0.03676779 -0.003650148 -0.02530295 -0.04120689 -0.03855817 -0.008615132 -0.027734715 -0.04232578
0.2675 -0.03714359 -0.0047912 -0.02586618 -0.04152065 -0.038926423 -0.009834919 -0.028310101 -0.042636424
0.268 -0.03751437 -0.005908806 -0.02642162 -0.04183008 -0.039288945 -0.011026282 -0.028875578 -0.042942468
0.2685 -0.03788017 -0.007003496 -0.02696937 -0.04213524 -0.03964579 -0.012189824 -0.029431228 -0.043243922
0.269 -0.03824107 -0.008075784 -0.02750952 -0.04243619 -0.039996978 -0.013326097 -0.029977169 -0.043540824
0.2695 -0.03859713 -0.009126174 -0.02804217 -0.042733 -0.040342584 -0.014435679 -0.030513462 -0.043833204
0.27 -0.03894842 -0.01015516 -0.02856743 -0.04302573 -0.040682636 -0.015519075 -0.03104021 -0.044121105
0.2705 -0.039295 -0.01116321 -0.02908537 -0.04331444 -0.041017193 -0.01657692 -0.03155755 -0.04440457
0.271 -0.03963693 -0.0121508 -0.0295961 -0.04359919 -0.041346334 -0.017609637 -0.032065507 -0.044683646
0.2715 -0.03997428 -0.01311839 -0.0300997 -0.04388003 -0.04167003 -0.018617842 -0.032564294 -0.04495831
0.272 -0.04030711 -0.01406642 -0.03059628 -0.04415704 -0.041988425 -0.019601967 -0.033053894 -0.045228686
0.2725 -0.04063547 -0.01499532 -0.03108591 -0.04443026 -0.042301502 -0.020562597 -0.03353448 -0.04549474
0.273 -0.04095943 -0.01590552 -0.0315687 -0.04469974 -0.04260935 -0.02150017 -0.0340061 -0.045756556
0.2735 -0.04127904 -0.01679742 -0.03204472 -0.04496556 -0.042912018 -0.022415206 -0.034468856 -0.046014138
0.274 -0.04159437 -0.01767145 -0.03251407 -0.04522775 -0.04320954 -0.023308206 -0.03492294 -0.046267536
0.2745 -0.04190547 -0.01852798 -0.03297683 -0.04548637 -0.043502025 -0.024179522 -0.035368335 -0.046516836
0.275 -0.04221239 -0.01936741 -0.03343309 -0.04574147 -0.04378946 -0.025029823 -0.03580523 -0.046762
0.2755 -0.0425152 -0.0201901 -0.03388294 -0.04599311 -0.04407196 -0.025859382 -0.036233637 -0.04700312
0.276 -0.04281395 -0.02099643 -0.03432646 -0.04624134 -0.04434955 -0.026668768 -0.036653753 -0.047240227
0.2765 -0.04310869 -0.02178675 -0.03476373 -0.0464862 -0.044622276 -0.0274584 -0.03706566 -0.04747335
0.277 -0.04339948 -0.02256142 -0.03519484 -0.04672774 -0.044890225 -0.028228682 -0.037469428 -0.04770256
0.2775 -0.04368637 -0.02332077 -0.03561987 -0.04696602 -0.04515347 -0.028980043 -0.037865166 -0.04792787
0.278 -0.04396941 -0.02406513 -0.0360389 -0.04720108 -0.045412026 -0.029712975 -0.038253 -0.048149347
0.2785 -0.04424865 -0.02479484 -0.03645201 -0.04743296 -0.045665994 -0.030427817 -0.038633 -0.048367023
0.279 -0.04452415 -0.0255102 -0.03685927 -0.04766172 -0.045915402 -0.031125009 -0.039005313 -0.04858094
0.2795 -0.04479595 -0.02621154 -0.03726078 -0.04788739 -0.046160325 -0.03180497 -0.039370034 -0.048791148
0.28 -0.04506411 -0.02689914 -0.0376566 -0.04811003 -0.04640085 -0.032468095 -0.039727252 -0.04899773
0.2805 -0.04532867 -0.02757331 -0.03804681 -0.04832967 -0.046636995 -0.03311476 -0.0400771 -0.049200676
0.281 -0.04558969 -0.02823434 -0.03843148 -0.04854635 -0.046868842 -0.03374535 -0.040419694 -0.04940006
0.2815 -0.0458472 -0.0288825 -0.0388107 -0.04876013 -0.047096483 -0.034360223 -0.04075509 -0.049595945
0.282 -0.04610127 -0.02951808 -0.03918453 -0.04897104 -0.047319934 -0.034959804 -0.04108346 -0.049788363
0.2825 -0.04635192 -0.03014133 -0.03955305 -0.04917912 -0.047539294 -0.035544448 -0.041404914 -0.049977377
0.283 -0.04659922 -0.03075253 -0.03991634 -0.04938442 -0.047754616 -0.036114514 -0.041719493 -0.050163016
0.2835 -0.0468432 -0.03135193 -0.04027445 -0.04958696 -0.04796597 -0.036670335 -0.042027373 -0.050345365
0.284 -0.04708391 -0.03193978 -0.04062747 -0.0497868 -0.048173435 -0.037212264 -0.042328637 -0.05052446
0.2845 -0.04732139 -0.03251633 -0.04097546 -0.04998397 -0.04837706 -0.03774066 -0.042623404 -0.05070035
0.285 -0.04755569 -0.03308181 -0.04131849 -0.05017851 -0.048576917 -0.038255867 -0.042911816 -0.050873097
0.2855 -0.04778685 -0.03363646 -0.04165663 -0.05037045 -0.04877309 -0.03875822 -0.043193962 -0.051042754
0.286 -0.04801491 -0.03418051 -0.04198995 -0.05055983 -0.048965614 -0.03924805 -0.04346996 -0.051209368
0.2865 -0.04823992 -0.03471418 -0.04231851 -0.05074669 -0.049154606 -0.039725654 -0.04373997 -0.051373012
0.287 -0.04846191 -0.03523768 -0.04264238 -0.05093106 -0.049340095 -0.04019138 -0.04400404 -0.051533736
0.2875 -0.04868093 -0.03575124 -0.04296163 -0.05111298 -0.049522165 -0.040645503 -0.044262294 -0.05169159
0.288 -0.04889701 -0.03625505 -0.04327631 -0.05129248 -0.049700882 -0.041088406 -0.044514943 -0.051846616
0.2885 -0.0491102 -0.03674932 -0.04358649 -0.0514696 -0.049876343 -0.041520316 -0.044762034 -0.051998917
0.289 -0.04932054 -0.03723426 -0.04389224 -0.05164437 -0.050048593 -0.041941576 -0.045003664 -0.052148536
0.2895 -0.04952805 -0.03771005 -0.04419361 -0.05181682 -0.050217707 -0.042352505 -0.045240033 -0.05229551
0.29 -0.04973279 -0.03817688 -0.04449066 -0.05198698 -0.050383765 -0.042753287 -0.045471173 -0.052439913
0.2905 -0.04993479 -0.03863495 -0.04478346 -0.05215489 -0.05054684 -0.04314432 -0.045697298 -0.052581802
0.291 -0.05013408 -0.03908442 -0.04507207 -0.05232058 -0.050707 -0.043525804 -0.045918476 -0.052721247
0.2915 -0.05033071 -0.03952549 -0.04535654 -0.05248408 -0.050864317 -0.043898076 -0.04613487 -0.052858293
0.292 -0.0505247 -0.03995831 -0.04563694 -0.05264541 -0.051018883 -0.044261348 -0.046346534 -0.05299302
0.2925 -0.0507161 -0.04038307 -0.04591331 -0.05280462 -0.051170755 -0.044615928 -0.046553675 -0.05312548
0.293 -0.05090493 -0.04079992 -0.04618572 -0.05296172 -0.05132 -0.044962034 -0.04675636 -0.05325571
0.2935 -0.05109124 -0.04120903 -0.04645422 -0.05311675 -0.05146672 -0.045299955 -0.046954777 -0.05338382
0.294 -0.05127506 -0.04161055 -0.04671886 -0.05326974 -0.051610947 -0.045629915 -0.047148984 -0.053509824
0.2945 -0.05145642 -0.04200465 -0.04697971 -0.05342071 -0.0517528 -0.0459522 -0.047339153 -0.053633813
0.295 -0.05163535 -0.04239146 -0.0472368 -0.05356969 -0.051892314 -0.046267003 -0.047525402 -0.053755835
0.2955 -0.05181189 -0.04277115 -0.04749021 -0.05371671 -0.052029584 -0.046574596 -0.047707867 -0.053875946
0.296 -0.05198607 -0.04314385 -0.04773997 -0.0538618 -0.052164663 -0.046875183 -0.047886636 -0.0539942
0.2965 -0.05215792 -0.04350971 -0.04798615 -0.05400498 -0.052297648 -0.047169007 -0.048061874 -0.0541107
0.297 -0.05232747 -0.04386886 -0.04822878 -0.05414628 -0.052428614 -0.047456235 -0.048233684 -0.05422547
0.2975 -0.05249476 -0.04422144 -0.04846793 -0.05428572 -0.052557606 -0.04773714 -0.04840218 -0.054338567
0.298 -0.05265981 -0.04456758 -0.04870363 -0.05442334 -0.05268471 -0.048011914 -0.0485675 -0.05445006
0.2985 -0.05282266 -0.04490741 -0.04893595 -0.05455915 -0.052809995 -0.04828077 -0.048729833 -0.05456
0.299 -0.05298333 -0.04524106 -0.04916492 -0.05469317 -0.05293353 -0.04854387 -0.0488892 -0.054668453
0.2995 -0.05314186 -0.04556864 -0.0493906 -0.05482545 -0.05305538 -0.048801474 -0.049045783 -0.05477547
0.3 -0.05329826 -0.04589029 -0.04961303 -0.05495599 -0.05317561 -0.04905369 -0.049199697 -0.054881107
0.3005 -0.05345258 -0.04620612 -0.04983225 -0.05508482 -0.05329431 -0.049300764 -0.049351048 -0.054985434
0.301 -0.05360484 -0.04651624 -0.05004832 -0.05521197 -0.053411517 -0.04954284 -0.049499948 -0.055088487
0.3015 -0.05375507 -0.04682078 -0.05026128 -0.05533745 -0.053527314 -0.049780123 -0.04964656 -0.055190306
0.302 -0.05390329 -0.04711983 -0.05047118 -0.05546129 -0.05364174 -0.050012775 -0.049790945 -0.055290964
0.3025 -0.05404953 -0.04741351 -0.05067804 -0.05558352 -0.053754885 -0.05024091 -0.049933244 -0.055390514
0.303 -0.05419382 -0.04770192 -0.05088193 -0.05570415 -0.053866792 -0.05046478 -0.05007359 -0.05548902
0.3035 -0.05433619 -0.04798517 -0.05108289 -0.05582321 -0.053977527 -0.050684445 -0.05021206 -0.05558648
0.304 -0.05447666 -0.04826336 -0.05128094 -0.05594071 -0.05408715 -0.05090013 -0.05034877 -0.055682987
0.3045 -0.05461525 -0.04853658 -0.05147614 -0.05605668 -0.05419572 -0.051111884 -0.050483804 -0.05577857
0.305 -0.054752 -0.04880495 -0.05166853 -0.05617114 -0.054303266 -0.05131995 -0.05061734 -0.055873267
0.3055 -0.05488692 -0.04906854 -0.05185815 -0.05628411 -0.05440988 -0.05152438 -0.05074938 -0.055967152
0.306 -0.05502005 -0.04932745 -0.05204503 -0.05639561 -0.054515574 -0.051725347 -0.05088008 -0.056060225
0.3065 -0.0551514 -0.04958178 -0.05222922 -0.05650566 -0.054620422 -0.05192297 -0.051009525 -0.056152545
0.307 -0.055281 -0.04983162 -0.05241076 -0.05661427 -0.05472444 -0.052117378 -0.051137846 -0.056244142
0.3075 -0.05540887 -0.05007704 -0.05258968 -0.05672148 -0.05482772 -0.052308634 -0.051265065 -0.056335077
0.308 -0.05553504 -0.05031814 -0.05276601 -0.05682729 -0.054930262 -0.05249689 -0.05139133 -0.056425355
0.3085 -0.05565953 -0.050555 -0.05293981 -0.05693172 -0.055032134 -0.05268226 -0.051516663 -0.05651503
0.309 -0.05578236 -0.05078771 -0.0531111 -0.0570348 -0.055133365 -0.052864764 -0.051641162 -0.056604117
0.3095 -0.05590355 -0.05101633 -0.05327993 -0.05713654 -0.055233978 -0.053044613 -0.051764984 -0.056692652
0.31 -0.05602314 -0.05124095 -0.05344631 -0.05723696 -0.05533403 -0.05322182 -0.05188809 -0.056780674
0.3105 -0.05614113 -0.05146165 -0.0536103 -0.05733608 -0.05543354 -0.053396486 -0.052010607 -0.056868203
0.311 -0.05625755 -0.05167851 -0.05377193 -0.05743391 -0.055532545 -0.053568713 -0.05213258 -0.056955248
0.3115 -0.05637242 -0.05189158 -0.05393122 -0.05753047 -0.05563108 -0.053738534 -0.052254047 -0.05704186
0.312 -0.05648576 -0.05210096 -0.05408822 -0.05762579 -0.05572914 -0.053906076 -0.05237517 -0.057128027
0.3125 -0.0565976 -0.0523067 -0.05424296 -0.05771987 -0.055826772 -0.054071404 -0.0524959 -0.0572138
0.313 -0.05670794 -0.05250888 -0.05439546 -0.05781273 -0.055923995 -0.054234542 -0.05261637 -0.05729916
0.3135 -0.05681682 -0.05270756 -0.05454577 -0.05790439 -0.056020834 -0.05439556 -0.052736532 -0.05738417
0.314 -0.05692426 -0.05290282 -0.05469391 -0.05799486 -0.05611729 -0.05455455 -0.052856524 -0.057468798
0.3145 -0.05703026 -0.05309471 -0.05483992 -0.05808416 -0.056213394 -0.05471155 -0.0529763 -0.057553086
0.315 -0.05713486 -0.0532833 -0.05498382 -0.05817231 -0.05630915 -0.05486662 -0.053095985 -0.05763703
0.3155 -0.05723807 -0.05346864 -0.05512564 -0.05825932 -0.05640458 -0.055019774 -0.053215522 -0.057720646
0.316 -0.0573399 -0.05365082 -0.05526543 -0.0583452 -0.056499675 -0.055171076 -0.053335022 -0.057803936
0.3165 -0.05744039 -0.05382987 -0.0554032 -0.05842998 -0.056594446 -0.055320572 -0.053454455 -0.05788691
0.317 -0.05753953 -0.05400586 -0.05553898 -0.05851366 -0.0566889 -0.055468306 -0.053573895 -0.057969563
0.3175 -0.05763737 -0.05417885 -0.05567281 -0.05859626 -0.05678306 -0.055614296 -0.05369331 -0.05805191
0.318 -0.0577339 -0.05434889 -0.05580471 -0.0586778 -0.056876913 -0.055758588 -0.053812716 -0.058133945
0.3185 -0.05782915 -0.05451604 -0.05593471 -0.05875828 -0.056970444 -0.055901196 -0.05393215 -0.058215663
0.319 -0.05792314 -0.05468036 -0.05606284 -0.05883773 -0.05706367 -0.056042194 -0.054051638 -0.058297087
0.3195 -0.05801588 -0.05484188 -0.05618912 -0.05891615 -0.057156585 -0.056181554 -0.054171145 -0.058378182
0.32 -0.05810739 -0.05500068 -0.05631359 -0.05899356 -0.05724918 -0.056319308 -0.054290667 -0.058458954
0.3205 -0.05819769 -0.05515678 -0.05643626 -0.05906997 -0.057341468 -0.056455515 -0.054410253 -0.05853942
0.321 -0.05828679 -0.05531026 -0.05655717 -0.0591454 -0.057433404 -0.056590147 -0.054529853 -0.058619536
0.3215 -0.0583747 -0.05546115 -0.05667633 -0.05921986 -0.057525005 -0.056723263 -0.0546495 -0.058699317
0.322 -0.05846146 -0.0556095 -0.05679378 -0.05929336 -0.057616264 -0.056854855 -0.054769132 -0.058778778
0.3225 -0.05854706 -0.05575536 -0.05690955 -0.05936591 -0.057707153 -0.056984942 -0.054888785 -0.058857862
0.323 -0.05863153 -0.05589878 -0.05702364 -0.05943753 -0.057797678 -0.057113543 -0.055008434 -0.058936596
0.3235 -0.05871488 -0.05603979 -0.0571361 -0.05950823 -0.057887822 -0.057240654 -0.055128038 -0.059014946
0.324 -0.05879712 -0.05617845 -0.05724693 -0.05957802 -0.057977557 -0.057366297 -0.055247627 -0.0590929
0.3245 -0.05887828 -0.05631479 -0.05735618 -0.05964692 -0.05806689 -0.057490468 -0.05536713 -0.059170477
0.325 -0.05895836 -0.05644886 -0.05746385 -0.05971493 -0.05815579 -0.057613228 -0.055486556 -0.059247643
0.3255 -0.05903738 -0.0565807 -0.05756997 -0.05978206 -0.05824426 -0.0577345 -0.05560586 -0.05932439
0.326 -0.05911535 -0.05671035 -0.05767457 -0.05984833 -0.058332257 -0.05785436 -0.055725053 -0.0594007
0.3265 -0.05919229 -0.05683785 -0.05777767 -0.05991375 -0.058419786 -0.05797278 -0.055844076 -0.059476554
0.327 -0.05926822 -0.05696324 -0.05787928 -0.05997834 -0.058506824 -0.058089778 -0.055962916 -0.059551954
0.3275 -0.05934314 -0.05708655 -0.05797943 -0.06004209 -0.058593355 -0.05820532 -0.05608153 -0.059626877
0.328 -0.05941707 -0.05720783 -0.05807815 -0.06010502 -0.058679365 -0.05831948 -0.05619987 -0.059701312
0.3285 -0.05949002 -0.05732711 -0.05817545 -0.06016715 -0.058764815 -0.05843223 -0.056317963 -0.05977524
0.329 -0.059562 -0.05744442 -0.05827135 -0.06022848 -0.058849722 -0.058543548 -0.05643573 -0.05984865
0.3295 -0.05963304 -0.05755981 -0.05836587 -0.06028903 -0.05893404 -0.058653466 -0.05655315 -0.059921533
0.33 -0.05970313 -0.0576733 -0.05845904 -0.06034879 -0.05901777 -0.05876197 -0.0566702 -0.05999386
0.3305 -0.0597723 -0.05778493 -0.05855087 -0.0604078 -0.059100874 -0.058869075 -0.056786846 -0.060065635
0.331 -0.05984056 -0.05789473 -0.05864138 -0.06046604 -0.05918336 -0.05897478 -0.05690305 -0.06013684
0.3315 -0.05990791 -0.05800274 -0.0587306 -0.06052354 -0.0592652 -0.05907911 -0.05701877 -0.060207453
0.332 -0.05997438 -0.05810899 -0.05881854 -0.06058031 -0.059346367 -0.059182003 -0.05713397 -0.060277455
0.3325 -0.06003996 -0.0582135 -0.05890521 -0.06063635 -0.059426866 -0.05928353 -0.057248637 -0.060346857
0.333 -0.06010468 -0.05831632 -0.05899064 -0.06069167 -0.059506666 -0.059383675 -0.05736274 -0.060415626
0.3335 -0.06016855 -0.05841746 -0.05907485 -0.06074628 -0.059585758 -0.059482425 -0.057476193 -0.06048376
0.334 -0.06023157 -0.05851696 -0.05915785 -0.06080019 -0.059664123 -0.059579805 -0.057589024 -0.06055124
0.3345 -0.06029376 -0.05861485 -0.05923966 -0.06085341 -0.059741743 -0.05967579 -0.057701208 -0.060618058
0.335 -0.06035513 -0.05871116 -0.05932031 -0.06090596 -0.059818614 -0.05977042 -0.05781266 -0.060684204
0.3355 -0.06041569 -0.05880591 -0.05939979 -0.06095783 -0.05989472 -0.059863687 -0.057923388 -0.060749665
0.336 -0.06047545 -0.05889913 -0.05947814 -0.06100904 -0.05997005 -0.059955567 -0.05803333 -0.060814448
0.3365 -0.06053443 -0.05899084 -0.05955537 -0.06105959 -0.06004458 -0.060046095 -0.058142476 -0.0608785
0.337 -0.06059262 -0.05908109 -0.05963149 -0.0611095 -0.060118318 -0.06013527 -0.058250792 -0.060941864
0.3375 -0.06065005 -0.05916988 -0.05970652 -0.06115877 -0.060191244 -0.06022308 -0.05835827 -0.061004497
0.338 -0.06070672 -0.05925724 -0.05978049 -0.06120741 -0.060263336 -0.060309544 -0.05846485 -0.061066404
0.3385 -0.06076265 -0.05934321 -0.05985339 -0.06125543 -0.060334593 -0.060394682 -0.05857051 -0.06112758
0.339 -0.06081783 -0.0594278 -0.05992525 -0.06130283 -0.060405016 -0.060478486 -0.058675256 -0.061188005
0.3395 -0.0608723 -0.05951104 -0.05999609 -0.06134963 -0.06047459 -0.060560968 -0.058779024 -0.06124769
0.34 -0.06092604 -0.05959295 -0.06006591 -0.06139584 -0.06054329 -0.06064214 -0.058881845 -0.061306603
0.3405 -0.06097907 -0.05967355 -0.06013473 -0.06144145 -0.06061114 -0.06072199 -0.058983635 -0.061364777
0.341 -0.06103141 -0.05975287 -0.06020258 -0.06148648 -0.06067811 -0.060800534 -0.059084423 -0.061422177
0.3415 -0.06108306 -0.05983093 -0.06026945 -0.06153094 -0.06074422 -0.060877785 -0.059184156 -0.06147881
0.342 -0.06113403 -0.05990775 -0.06033537 -0.06157483 -0.060809422 -0.06095376 -0.05928284 -0.06153467
0.3425 -0.06118433 -0.05998335 -0.06040035 -0.06161816 -0.060873754 -0.061028466 -0.059380453 -0.061589755
0.343 -0.06123396 -0.06005776 -0.06046441 -0.06166094 -0.06093719 -0.061101902 -0.05947694 -0.061644062
0.3435 -0.06128295 -0.06013098 -0.06052755 -0.06170317 -0.06099975 -0.061174057 -0.059572313 -0.061697602
0.344 -0.06133129 -0.06020305 -0.06058979 -0.06174486 -0.061061405 -0.061244994 -0.059666593 -0.061750356
0.3445 -0.06137899 -0.06027399 -0.06065114 -0.06178603 -0.061122164 -0.061314672 -0.059759736 -0.061802324
0.345 -0.06142606 -0.0603438 -0.06071162 -0.06182667 -0.06118204 -0.06138313 -0.059851702 -0.061853528
0.3455 -0.06147252 -0.06041252 -0.06077124 -0.06186679 -0.061241 -0.06145039 -0.059942536 -0.061903935
0.346 -0.06151837 -0.06048016 -0.06083001 -0.0619064 -0.06129909 -0.061516423 -0.060032167 -0.061953574
0.3465 -0.06156361 -0.06054674 -0.06088794 -0.0619455 -0.06135627 -0.061581276 -0.060120646 -0.06200243
0.347 -0.06160826 -0.06061227 -0.06094505 -0.06198411 -0.06141255 -0.061644956 -0.06020793 -0.06205052
0.3475 -0.06165232 -0.06067678 -0.06100134 -0.06202222 -0.061467953 -0.061707456 -0.06029402 -0.062097833
0.348 -0.06169581 -0.06074027 -0.06105684 -0.06205985 -0.06152246 -0.06176881 -0.060378917 -0.062144373
0.3485 -0.06173872 -0.06080278 -0.06111155 -0.06209701 -0.061576076 -0.06182903 -0.060462616 -0.062190138
0.349 -0.06178107 -0.06086431 -0.06116548 -0.06213368 -0.06162882 -0.0618881 -0.060545087 -0.06223516
0.3495 -0.06182286 -0.06092488 -0.06121864 -0.0621699 -0.061680686 -0.061946057 -0.060626384 -0.062279418
0.35 -0.06186411 -0.06098451 -0.06127105 -0.06220565 -0.061731674 -0.06200292 -0.060706448 -0.062322907
0.3505 -0.06190481 -0.06104322 -0.06132271 -0.06224094 -0.061781798 -0.06205869 -0.0607853 -0.062365666
0.351 -0.06194498 -0.06110101 -0.06137364 -0.06227579 -0.06183105 -0.062113382 -0.060862977 -0.062407658
0.3515 -0.06198462 -0.0611579 -0.06142385 -0.0623102 -0.061879452 -0.06216702 -0.060939427 -0.06244892
0.352 -0.06202375 -0.06121392 -0.06147334 -0.06234416 -0.061927006 -0.062219586 -0.061014645 -0.06248945
0.3525 -0.06206236 -0.06126907 -0.06152214 -0.0623777 -0.061973713 -0.06227114 -0.061088707 -0.06252925
0.353 -0.06210046 -0.06132336 -0.06157024 -0.06241081 -0.06201958 -0.06232165 -0.061161518 -0.06256833
0.3535 -0.06213806 -0.06137682 -0.06161766 -0.0624435 -0.06206462 -0.06237119 -0.06123318 -0.0626067
0.354 -0.06217517 -0.06142946 -0.06166441 -0.06247577 -0.062108833 -0.062419716 -0.061303653 -0.06264435
0.3545 -0.0622118 -0.06148128 -0.0617105 -0.06250763 -0.062152237 -0.062467247 -0.06137291 -0.06268131
0.355 -0.06224794 -0.06153231 -0.06175593 -0.06253909 -0.06219483 -0.06251382 -0.061441008 -0.062717564
0.3555 -0.06228361 -0.06158255 -0.06180072 -0.06257015 -0.062236626 -0.06255946 -0.06150793 -0.06275314
0.356 -0.06231882 -0.06163202 -0.06184488 -0.06260081 -0.062277645 -0.06260414 -0.06157368 -0.06278804
0.3565 -0.06235356 -0.06168074 -0.06188841 -0.06263109 -0.062317867 -0.06264791 -0.061638303 -0.06282227
0.357 -0.06238785 -0.06172871 -0.06193133 -0.06266098 -0.06235732 -0.06269078 -0.061701767 -0.062855825
0.3575 -0.06242169 -0.06177594 -0.06197364 -0.06269049 -0.062396005 -0.06273274 -0.061764084 -0.06288873
0.358 -0.06245508 -0.06182246 -0.06201535 -0.06271962 -0.062433943 -0.06277384 -0.061825283 -0.06292099
0.3585 -0.06248804 -0.06186826 -0.06205648 -0.06274839 -0.06247113 -0.062814035 -0.061885346 -0.06295261
0.359 -0.06252057 -0.06191337 -0.06209702 -0.06277679 -0.062507585 -0.06285342 -0.06194432 -0.06298359
0.3595 -0.06255267 -0.06195778 -0.06213699 -0.06280483 -0.0625433 -0.06289196 -0.062002197 -0.063013956
0.36 -0.06258435 -0.06200153 -0.0621764 -0.06283252 -0.06257833 -0.06292969 -0.062058996 -0.06304371
0.3605 -0.06261562 -0.06204461 -0.06221525 -0.06285985 -0.06261263 -0.0629666 -0.062114704 -0.06307285
0.361 -0.06264648 -0.06208703 -0.06225355 -0.06288684 -0.06264624 -0.063002706 -0.062169366 -0.06310141
0.3615 -0.06267693 -0.06212882 -0.06229132 -0.06291348 -0.06267917 -0.06303804 -0.062222965 -0.06312938
0.362 -0.06270699 -0.06216997 -0.06232855 -0.06293979 -0.062711425 -0.06307261 -0.062275525 -0.06315677
0.3625 -0.06273665 -0.0622105 -0.06236525 -0.06296576 -0.06274301 -0.06310642 -0.06232705 -0.06318358
0.363 -0.06276593 -0.06225041 -0.06240144 -0.06299141 -0.06277393 -0.06313952 -0.062377583 -0.06320985
0.3635 -0.06279482 -0.06228972 -0.06243712 -0.06301672 -0.062804215 -0.06317185 -0.062427115 -0.06323554
0.364 -0.06282334 -0.06232844 -0.0624723 -0.06304172 -0.06283387 -0.063203484 -0.062475644 -0.06326071
0.3645 -0.06285148 -0.06236658 -0.06250699 -0.0630664 -0.06286289 -0.06323443 -0.06252322 -0.06328535
0.365 -0.06287926 -0.06240415 -0.06254118 -0.06309077 -0.06289129 -0.06326469 -0.06256983 -0.063309446
0.3655 -0.06290667 -0.06244114 -0.0625749 -0.06311483 -0.062919095 -0.06329425 -0.06261549 -0.063333035
0.366 -0.06293372 -0.06247759 -0.06260814 -0.06313859 -0.062946305 -0.06332316 -0.06266022 -0.06335611
0.3665 -0.06296043 -0.06251349 -0.06264091 -0.06316204 -0.06297292 -0.063351445 -0.062704034 -0.06337869
0.367 -0.06298678 -0.06254884 -0.06267323 -0.0631852 -0.062998965 -0.06337907 -0.06274694 -0.063400775
0.3675 -0.06301279 -0.06258367 -0.06270509 -0.06320806 -0.06302445 -0.063406065 -0.06278895 -0.06342238
0.368 -0.06303846 -0.06261798 -0.0627365 -0.06323063 -0.063049376 -0.06343246 -0.06283009 -0.06344352
0.3685 -0.0630638 -0.06265178 -0.06276747 -0.06325292 -0.063073754 -0.063458264 -0.06287037 -0.063464195
0.369 -0.0630888 -0.06268507 -0.06279801 -0.06327493 -0.063097596 -0.06348348 -0.06290979 -0.06348441
0.3695 -0.06311348 -0.06271787 -0.06282812 -0.06329665 -0.063120924 -0.06350809 -0.062948376 -0.06350417
0.37 -0.06313784 -0.06275018 -0.06285781 -0.0633181 -0.06314373 -0.063532166 -0.06298615 -0.06352349
0.3705 -0.06316188 -0.062782 -0.06288708 -0.06333928 -0.06316602 -0.06355567 -0.06302311 -0.063542396
0.371 -0.0631856 -0.06281336 -0.06291594 -0.0633602 -0.06318782 -0.06357864 -0.063059255 -0.063560866
0.3715 -0.06320902 -0.06284425 -0.0629444 -0.06338084 -0.06320914 -0.063601084 -0.06309466 -0.06357892
0.372 -0.06323213 -0.06287468 -0.06297246 -0.06340123 -0.06322998 -0.06362303 -0.06312927 -0.06359658
0.3725 -0.06325494 -0.06290465 -0.06300013 -0.06342136 -0.06325035 -0.06364445 -0.06316313 -0.06361383
0.373 -0.06327745 -0.06293419 -0.06302741 -0.06344123 -0.063270256 -0.06366536 -0.06319626 -0.063630685
0.3735 -0.06329967 -0.06296329 -0.06305431 -0.06346085 -0.0632897 -0.06368579 -0.06322865 -0.06364715
0.374 -0.0633216 -0.06299196 -0.06308084 -0.06348023 -0.06330872 -0.06370574 -0.063260324 -0.06366325
0.3745 -0.06334325 -0.0630202 -0.06310699 -0.06349936 -0.063327305 -0.06372523 -0.06329129 -0.06367899
0.375 -0.06336461 -0.06304803 -0.06313278 -0.06351824 -0.06334546 -0.06374426 -0.063321576 -0.06369436
0.3755 -0.0633857 -0.06307545 -0.0631582 -0.06353689 -0.0633632 -0.06376285 -0.06335119 -0.06370937
0.376 -0.06340651 -0.06310246 -0.06318328 -0.0635553 -0.063380525 -0.063781 -0.06338016 -0.06372403
0.3765 -0.06342705 -0.06312908 -0.063208 -0.06357348 -0.06339747 -0.06379871 -0.06340845 -0.06373837
0.377 -0.06344732 -0.0631553 -0.06323238 -0.06359143 -0.06341401 -0.06381602 -0.06343612 -0.063752376
0.3775 -0.06346733 -0.06318115 -0.06325642 -0.06360916 -0.06343017 -0.06383291 -0.06346317 -0.06376605
0.378 -0.06348707 -0.06320661 -0.06328012 -0.06362665 -0.06344595 -0.063849404 -0.063489586 -0.0637794
0.3785 -0.06350657 -0.0632317 -0.0633035 -0.06364393 -0.06346136 -0.06386551 -0.063515425 -0.063792445
0.379 -0.0635258 -0.06325642 -0.06332655 -0.06366099 -0.06347643 -0.06388122 -0.063540675 -0.06380518
0.3795 -0.06354479 -0.06328078 -0.06334927 -0.06367783 -0.06349113 -0.06389657 -0.063565336 -0.06381762
0.38 -0.06356353 -0.06330478 -0.06337169 -0.06369447 -0.063505486 -0.06391152 -0.06358941 -0.063829765
0.3805 -0.06358203 -0.06332843 -0.06339379 -0.06371089 -0.06351951 -0.06392615 -0.063612945 -0.063841626
0.381 -0.06360029 -0.06335174 -0.06341558 -0.0637271 -0.0635332 -0.06394042 -0.06363594 -0.06385322
0.3815 -0.06361831 -0.06337471 -0.06343707 -0.06374311 -0.063546576 -0.063954346 -0.06365838 -0.06386452
0.382 -0.06363609 -0.06339734 -0.06345826 -0.06375891 -0.06355964 -0.06396792 -0.06368035 -0.06387556
0.3825 -0.06365365 -0.06341965 -0.06347916 -0.06377452 -0.06357238 -0.063981205 -0.0637018 -0.063886344
0.383 -0.06367097 -0.06344163 -0.06349976 -0.06378993 -0.06358482 -0.063994154 -0.06372275 -0.06389685
0.3835 -0.06368807 -0.06346329 -0.06352008 -0.06380514 -0.063596964 -0.06400676 -0.06374318 -0.06390713
0.384 -0.06370495 -0.06348463 -0.06354012 -0.06382017 -0.06360882 -0.06401909 -0.063763164 -0.06391715
0.3845 -0.06372161 -0.06350567 -0.06355989 -0.063835 -0.063620396 -0.064031124 -0.063782655 -0.063926935
0.385 -0.06373806 -0.0635264 -0.06357937 -0.06384964 -0.0636317 -0.06404286 -0.06380173 -0.06393648
0.3855 -0.06375429 -0.06354683 -0.06359859 -0.06386411 -0.063642725 -0.0640543 -0.0638203 -0.063945815
0.386 -0.06377031 -0.06356697 -0.06361754 -0.06387838 -0.063653484 -0.064065486 -0.06383848 -0.063954905
0.3865 -0.06378612 -0.06358681 -0.06363623 -0.06389248 -0.063664004 -0.064076364 -0.0638562 -0.063963786
0.387 -0.06380173 -0.06360637 -0.06365466 -0.0639064 -0.063674256 -0.06408701 -0.063873515 -0.06397246
0.3875 -0.06381713 -0.06362565 -0.06367283 -0.06392015 -0.06368427 -0.06409738 -0.06389041 -0.06398091
0.388 -0.06383233 -0.06364464 -0.06369076 -0.06393372 -0.06369403 -0.06410749 -0.06390689 -0.063989155
0.3885 -0.06384734 -0.06366337 -0.06370843 -0.06394712 -0.06370356 -0.06411738 -0.063923 -0.06399722
0.389 -0.06386215 -0.06368182 -0.06372586 -0.06396035 -0.06371285 -0.064127 -0.06393872 -0.06400507
0.3895 -0.06387678 -0.06370001 -0.06374306 -0.06397341 -0.06372194 -0.06413639 -0.063954055 -0.064012736
0.39 -0.06389121 -0.06371794 -0.06376001 -0.06398631 -0.06373079 -0.064145565 -0.06396903 -0.06402023
0.3905 -0.06390545 -0.06373561 -0.06377673 -0.06399904 -0.063739434 -0.0641545 -0.06398366 -0.064027525
0.391 -0.06391951 -0.06375303 -0.06379322 -0.06401162 -0.06374786 -0.064163215 -0.063997924 -0.06403465
0.3915 -0.06393339 -0.06377019 -0.06380948 -0.06402404 -0.063756086 -0.06417174 -0.06401184 -0.0640416
0.392 -0.06394708 -0.06378711 -0.06382551 -0.0640363 -0.06376412 -0.06418003 -0.064025424 -0.06404838
0.3925 -0.0639606 -0.06380379 -0.06384133 -0.0640484 -0.06377193 -0.06418814 -0.06403871 -0.06405498
0.393 -0.06397395 -0.06382023 -0.06385693 -0.06406035 -0.063779585 -0.06419602 -0.06405163 -0.06406144
0.3935 -0.06398712 -0.06383644 -0.06387231 -0.06407216 -0.06378703 -0.064203724 -0.06406427 -0.064067736
0.394 -0.06400012 -0.06385241 -0.06388748 -0.06408381 -0.0637943 -0.06421124 -0.06407658 -0.06407387
0.3945 -0.06401296 -0.06386816 -0.06390244 -0.06409532 -0.06380139 -0.06421855 -0.06408861 -0.064079866
0.395 -0.06402562 -0.06388368 -0.0639172 -0.06410668 -0.063808315 -0.06422571 -0.06410037 -0.06408571
0.3955 -0.06403813 -0.06389898 -0.06393175 -0.06411789 -0.063815065 -0.06423266 -0.064111814 -0.06409141
0.396 -0.06405047 -0.06391406 -0.0639461 -0.06412897 -0.06382164 -0.06423947 -0.06412298 -0.064096965
0.3965 -0.06406265 -0.06392893 -0.06396026 -0.06413991 -0.063828066 -0.064246096 -0.06413389 -0.06410238
0.397 -0.06407467 -0.06394358 -0.06397422 -0.06415071 -0.063834324 -0.06425255 -0.06414452 -0.064107664
0.3975 -0.06408654 -0.06395803 -0.06398799 -0.06416137 -0.063840434 -0.06425886 -0.06415489 -0.06411283
0.398 -0.06409826 -0.06397227 -0.06400157 -0.0641719 -0.063846394 -0.064265005 -0.06416501 -0.06411785
0.3985 -0.06410982 -0.06398631 -0.06401496 -0.06418229 -0.063852206 -0.06427099 -0.064174876 -0.064122766
0.399 -0.06412123 -0.06400015 -0.06402817 -0.06419256 -0.063857876 -0.06427684 -0.0641845 -0.06412755
0.3995 -0.0641325 -0.0640138 -0.0640412 -0.0642027 -0.0638634 -0.06428252 -0.064193904 -0.06413221
0.4 -0.06414362 -0.06402725 -0.06405405 -0.0642127 -0.06386878 -0.0642881 -0.06420308 -0.06413676
0.4005 -0.0641546 -0.06404051 -0.06406673 -0.06422258 -0.06387404 -0.064293526 -0.06421203 -0.06414119
0.401 -0.06416543 -0.06405359 -0.06407923 -0.06423234 -0.06387918 -0.06429881 -0.06422074 -0.06414552
0.4015 -0.06417613 -0.06406648 -0.06409156 -0.06424198 -0.06388418 -0.064303964 -0.064229235 -0.064149745
0.402 -0.06418668 -0.06407918 -0.06410372 -0.06425149 -0.06388906 -0.064308986 -0.06423752 -0.064153865
0.4025 -0.0641971 -0.06409171 -0.06411571 -0.06426088 -0.06389381 -0.06431388 -0.06424561 -0.06415788
0.403 -0.06420739 -0.06410406 -0.06412754 -0.06427016 -0.063898444 -0.06431866 -0.06425351 -0.06416179
0.4035 -0.06421754 -0.06411624 -0.06413921 -0.06427932 -0.063902974 -0.064323306 -0.06426118 -0.064165615
0.404 -0.06422756 -0.06412824 -0.06415072 -0.06428836 -0.063907385 -0.06432786 -0.06426871 -0.06416933
0.4045 -0.06423746 -0.06414008 -0.06416207 -0.06429729 -0.063911684 -0.064332284 -0.064276025 -0.06417297
0.405 -0.06424722 -0.06415175 -0.06417326 -0.0643061 -0.06391588 -0.0643366 -0.06428317 -0.06417651
0.4055 -0.06425686 -0.06416326 -0.06418431 -0.06431481 -0.06391997 -0.06434082 -0.06429013 -0.06417996
0.406 -0.06426637 -0.0641746 -0.0641952 -0.06432341 -0.063923955 -0.064344905 -0.06429693 -0.06418332
0.4065 -0.06427576 -0.06418579 -0.06420594 -0.06433189 -0.063927844 -0.064348914 -0.06430353 -0.0641866
0.407 -0.06428503 -0.06419682 -0.06421654 -0.06434027 -0.06393164 -0.06435282 -0.06430999 -0.06418981
0.4075 -0.06429418 -0.06420769 -0.06422699 -0.06434855 -0.063935325 -0.06435663 -0.0643163 -0.06419292
0.408 -0.06430322 -0.06421841 -0.0642373 -0.06435672 -0.06393892 -0.06436032 -0.06432246 -0.06419595
0.4085 -0.06431213 -0.06422899 -0.06424747 -0.06436479 -0.06394244 -0.06436394 -0.06432843 -0.06419892
0.409 -0.06432093 -0.06423941 -0.0642575 -0.06437276 -0.06394586 -0.06436746 -0.06433427 -0.06420181
0.4095 -0.06432962 -0.06424969 -0.0642674 -0.06438062 -0.06394921 -0.06437089 -0.064339966 -0.06420463
0.41 -0.0643382 -0.06425982 -0.06427716 -0.06438839 -0.06395246 -0.06437424 -0.064345494 -0.064207375
0.4105 -0.06434666 -0.06426982 -0.06428678 -0.06439606 -0.063955635 -0.064377524 -0.06435093 -0.06421006
0.411 -0.06435502 -0.06427967 -0.06429628 -0.06440363 -0.06395874 -0.06438069 -0.064356185 -0.06421267
0.4115 -0.06436327 -0.06428939 -0.06430564 -0.06441111 -0.063961744 -0.06438379 -0.06436135 -0.06421521
0.412 -0.06437141 -0.06429897 -0.06431488 -0.06441849 -0.0639647 -0.06438682 -0.064366356 -0.0642177
0.4125 -0.06437944 -0.06430842 -0.064324 -0.06442579 -0.06396756 -0.06438977 -0.06437129 -0.064220116
0.413 -0.06438738 -0.06431773 -0.06433299 -0.06443298 -0.06397036 -0.06439265 -0.06437604 -0.06422248
0.4135 -0.06439521 -0.06432692 -0.06434185 -0.06444009 -0.063973084 -0.06439544 -0.06438069 -0.06422478
0.414 -0.06440294 -0.06433598 -0.0643506 -0.06444711 -0.063975744 -0.064398184 -0.064385206 -0.06422703
0.4145 -0.06441057 -0.06434491 -0.06435923 -0.06445404 -0.063978344 -0.06440085 -0.06438963 -0.06422921
0.415 -0.0644181 -0.06435372 -0.06436774 -0.06446089 -0.06398086 -0.06440345 -0.06439397 -0.06423134
0.4155 -0.06442554 -0.06436241 -0.06437614 -0.06446764 -0.06398333 -0.06440596 -0.06439817 -0.06423342
0.416 -0.06443288 -0.06437097 -0.06438442 -0.06447432 -0.063985735 -0.06440846 -0.064402275 -0.06423545
0.4165 -0.06444012 -0.06437942 -0.06439259 -0.06448091 -0.06398808 -0.064410836 -0.064406246 -0.06423743
0.417 -0.06444727 -0.06438775 -0.06440065 -0.06448741 -0.06399037 -0.064413175 -0.06441015 -0.06423935
0.4175 -0.06445433 -0.06439597 -0.0644086 -0.06449384 -0.06399259 -0.06441547 -0.064413965 -0.06424123
0.418 -0.0644613 -0.06440407 -0.06441644 -0.06450018 -0.06399475 -0.06441769 -0.064417675 -0.064243056
0.4185 -0.06446818 -0.06441206 -0.06442418 -0.06450644 -0.06399687 -0.064419866 -0.06442128 -0.064244844
0.419 -0.06447497 -0.06441994 -0.06443181 -0.06451263 -0.06399893 -0.06442197 -0.0644248 -0.06424657
0.4195 -0.06448167 -0.06442771 -0.06443934 -0.06451874 -0.06400094 -0.064424045 -0.06442823 -0.06424827
0.42 -0.06448829 -0.06443537 -0.06444676 -0.06452477 -0.0640029 -0.064426064 -0.06443158 -0.064249925
0.4205 -0.06449482 -0.06444293 -0.06445409 -0.06453072 -0.06400481 -0.06442803 -0.06443484 -0.06425154
0.421 -0.06450127 -0.06445038 -0.06446132 -0.0645366 -0.06400667 -0.06442993 -0.064438015 -0.06425311
0.4215 -0.06450764 -0.06445773 -0.06446845 -0.06454241 -0.06400849 -0.06443179 -0.064441115 -0.06425464
0.422 -0.06451392 -0.06446498 -0.06447548 -0.06454814 -0.06401026 -0.06443359 -0.06444414 -0.06425614
0.4225 -0.06452012 -0.06447213 -0.06448242 -0.0645538 -0.06401198 -0.06443537 -0.06444709 -0.064257585
0.423 -0.06452625 -0.06447918 -0.06448926 -0.06455939 -0.06401366 -0.06443709 -0.064449966 -0.06425901
0.4235 -0.06453229 -0.06448613 -0.06449601 -0.06456491 -0.0640153 -0.06443875 -0.06445274 -0.06426039
0.424 -0.06453826 -0.06449299 -0.06450267 -0.06457036 -0.06401689 -0.0644404 -0.064455464 -0.064261734
0.4245 -0.06454415 -0.06449976 -0.06450925 -0.06457574 -0.06401845 -0.064442 -0.06445813 -0.064263046
0.425 -0.06454996 -0.06450643 -0.06451573 -0.06458106 -0.06401997 -0.06444356 -0.064460725 -0.06426433
0.4255 -0.0645557 -0.06451301 -0.06452212 -0.0645863 -0.06402145 -0.06444507 -0.06446324 -0.06426558
0.426 -0.06456136 -0.0645195 -0.06452843 -0.06459148 -0.064022884 -0.06444656 -0.06446573 -0.064266786
0.4265 -0.06456696 -0.0645259 -0.06453466 -0.0645966 -0.0640243 -0.06444801 -0.064468116 -0.06426798
0.427 -0.06457248 -0.06453221 -0.0645408 -0.06460165 -0.06402566 -0.064449415 -0.06447044 -0.06426913
0.4275 -0.06457793 -0.06453844 -0.06454686 -0.06460664 -0.064027 -0.064450786 -0.06447273 -0.06427026
0.428 -0.06458331 -0.06454458 -0.06455283 -0.06461157 -0.0640283 -0.06445212 -0.06447494 -0.06427136
0.4285 -0.06458862 -0.06455064 -0.06455873 -0.06461643 -0.06402957 -0.06445342 -0.06447713 -0.064272426
0.429 -0.06459386 -0.06455662 -0.06456454 -0.06462123 -0.06403081 -0.06445469 -0.06447925 -0.06427346
0.4295 -0.06459904 -0.06456251 -0.06457028 -0.06462598 -0.06403202 -0.064455934 -0.06448131 -0.06427448
0.43 -0.06460415 -0.06456832 -0.06457594 -0.06463066 -0.064033195 -0.06445712 -0.064483315 -0.06427547
0.4305 -0.06460919 -0.06457406 -0.06458153 -0.06463528 -0.064034335 -0.0644583 -0.06448527 -0.06427644
0.431 -0.06461417 -0.06457971 -0.06458704 -0.06463985 -0.06403545 -0.064459465 -0.06448717 -0.06427739
0.4315 -0.06461908 -0.06458529 -0.06459248 -0.06464436 -0.06403653 -0.06446056 -0.06448904 -0.0642783
0.432 -0.06462394 -0.06459079 -0.06459784 -0.06464881 -0.0640376 -0.06446165 -0.064490855 -0.06427919
0.4325 -0.06462873 -0.06459622 -0.06460313 -0.06465321 -0.064038634 -0.064462714 -0.064492606 -0.06428006
0.433 -0.06463345 -0.06460157 -0.06460835 -0.06465755 -0.06403963 -0.06446375 -0.064494334 -0.06428091
0.4335 -0.06463812 -0.06460685 -0.0646135 -0.06466184 -0.064040616 -0.06446475 -0.064496025 -0.06428174
0.434 -0.06464273 -0.06461206 -0.06461859 -0.06466607 -0.06404158 -0.06446575 -0.06449765 -0.06428255
0.4345 -0.06464728 -0.0646172 -0.0646236 -0.06467025 -0.06404251 -0.06446669 -0.064499244 -0.06428333
0.435 -0.06465177 -0.06462227 -0.06462855 -0.06467438 -0.06404342 -0.06446763 -0.06450081 -0.06428411
0.4355 -0.0646562 -0.06462727 -0.06463343 -0.06467845 -0.064044304 -0.06446855 -0.064502314 -0.064284846
0.436 -0.06466058 -0.0646322 -0.06463824 -0.06468248 -0.06404517 -0.06446943 -0.06450382 -0.06428558
0.4365 -0.0646649 -0.06463706 -0.06464299 -0.06468645 -0.06404601 -0.06447029 -0.06450526 -0.064286284
0.437 -0.06466916 -0.06464186 -0.06464768 -0.06469037 -0.06404683 -0.06447114 -0.06450667 -0.06428698
0.4375 -0.06467337 -0.06464659 -0.0646523 -0.06469425 -0.064047635 -0.064471945 -0.064508006 -0.06428765
0.438 -0.06467753 -0.06465126 -0.06465686 -0.06469807 -0.0640484 -0.06447276 -0.06450936 -0.0642883
0.4385 -0.06468163 -0.06465587 -0.06466137 -0.06470185 -0.06404917 -0.06447353 -0.06451066 -0.06428895
0.439 -0.06468568 -0.06466041 -0.06466581 -0.06470558 -0.06404991 -0.064474285 -0.06451193 -0.06428957
0.4395 -0.06468968 -0.0646649 -0.06467019 -0.06470927 -0.06405062 -0.06447503 -0.06451318 -0.06429017
0.44 -0.06469363 -0.06466932 -0.06467451 -0.0647129 -0.06405133 -0.06447575 -0.06451437 -0.06429078
0.4405 -0.06469752 -0.06467368 -0.06467878 -0.0647165 -0.064052016 -0.064476445 -0.06451553 -0.06429135
0.441 -0.06470137 -0.06467798 -0.06468299 -0.06472004 -0.064052686 -0.06447712 -0.06451667 -0.06429192
0.4415 -0.06470517 -0.06468223 -0.06468714 -0.06472355 -0.06405334 -0.06447781 -0.06451781 -0.064292476
0.442 -0.06470892 -0.06468641 -0.06469124 -0.064727 -0.06405397 -0.06447846 -0.0645189 -0.064293005
0.4425 -0.06471262 -0.06469055 -0.06469528 -0.06473042 -0.06405459 -0.0644791 -0.06451996 -0.06429352
0.443 -0.06471627 -0.06469462 -0.06469927 -0.06473379 -0.064055204 -0.064479716 -0.06452097 -0.06429404
0.4435 -0.06471988 -0.06469864 -0.0647032 -0.06473712 -0.06405578 -0.064480305 -0.06452198 -0.064294524
0.444 -0.06472344 -0.06470261 -0.06470709 -0.06474041 -0.06405635 -0.0644809 -0.06452297 -0.06429501
0.4445 -0.06472695 -0.06470652 -0.06471092 -0.06474366 -0.06405692 -0.06448145 -0.064523906 -0.06429548
0.445 -0.06473042 -0.06471038 -0.0647147 -0.06474686 -0.06405746 -0.06448203 -0.06452486 -0.06429594
0.4455 -0.06473385 -0.06471419 -0.06471843 -0.06475003 -0.064058006 -0.06448256 -0.06452574 -0.0642964
0.446 -0.06473723 -0.06471795 -0.06472211 -0.06475316 -0.06405851 -0.064483084 -0.06452664 -0.06429683
0.4465 -0.06474057 -0.06472165 -0.06472574 -0.06475624 -0.06405901 -0.06448361 -0.0645275 -0.06429725
0.447 -0.06474387 -0.06472531 -0.06472933 -0.06475929 -0.06405951 -0.06448411 -0.06452832 -0.06429766
0.4475 -0.06474712 -0.06472892 -0.06473286 -0.0647623 -0.06405999 -0.06448459 -0.06452912 -0.06429806
0.448 -0.06475033 -0.06473248 -0.06473635 -0.06476527 -0.06406045 -0.06448507 -0.06452995 -0.064298466
0.4485 -0.0647535 -0.06473599 -0.06473979 -0.06476821 -0.064060904 -0.06448555 -0.064530745 -0.064298846
0.449 -0.06475663 -0.06473945 -0.06474319 -0.06477111 -0.06406134 -0.064486004 -0.064531475 -0.064299226
0.4495 -0.06475972 -0.06474287 -0.06474654 -0.06477397 -0.064061776 -0.06448645 -0.064532235 -0.06429958
0.45 -0.06476277 -0.06474624 -0.06474985 -0.0647768 -0.06406219 -0.06448688 -0.064532965 -0.06429993
0.4505 -0.06476579 -0.06474957 -0.06475311 -0.06477959 -0.06406261 -0.06448729 -0.064533666 -0.06430028
0.451 -0.06476876 -0.06475285 -0.06475633 -0.06478234 -0.064063 -0.06448771 -0.064534366 -0.06430061
0.4515 -0.0647717 -0.06475609 -0.06475951 -0.06478506 -0.06406339 -0.06448812 -0.06453502 -0.06430095
0.452 -0.06477459 -0.06475928 -0.06476264 -0.06478775 -0.06406377 -0.064488515 -0.06453565 -0.06430127
0.4525 -0.06477746 -0.06476244 -0.06476574 -0.0647904 -0.064064145 -0.06448889 -0.064536296 -0.06430159
0.453 -0.06478028 -0.06476555 -0.06476879 -0.06479302 -0.0640645 -0.06448926 -0.064536914 -0.06430188
0.4535 -0.06478307 -0.06476861 -0.0647718 -0.06479561 -0.06406486 -0.06448962 -0.06453752 -0.064302176
0.454 -0.06478582 -0.06477164 -0.06477477 -0.06479817 -0.0640652 -0.06448996 -0.06453811 -0.06430247
0.4545 -0.06478854 -0.06477463 -0.06477771 -0.06480069 -0.06406553 -0.0644903 -0.064538695 -0.06430275
0.455 -0.06479122 -0.06477758 -0.0647806 -0.06480318 -0.06406586 -0.06449066 -0.06453927 -0.06430302
0.4555 -0.06479387 -0.06478048 -0.06478346 -0.06480564 -0.06406618 -0.06449097 -0.06453979 -0.064303294
0.456 -0.06479649 -0.06478335 -0.06478627 -0.06480807 -0.064066485 -0.064491294 -0.06454032 -0.06430355
0.4565 -0.06479907 -0.06478618 -0.06478905 -0.06481047 -0.06406679 -0.06449159 -0.06454084 -0.0643038
0.457 -0.06480162 -0.06478898 -0.0647918 -0.06481284 -0.06406708 -0.06449188 -0.06454133 -0.06430405
0.4575 -0.06480413 -0.06479173 -0.06479451 -0.06481518 -0.064067364 -0.064492166 -0.06454181 -0.06430429
0.458 -0.06480662 -0.06479445 -0.06479718 -0.06481749 -0.06406764 -0.064492464 -0.0645423 -0.06430452
0.4585 -0.06480907 -0.06479713 -0.06479981 -0.06481977 -0.064067915 -0.06449275 -0.06454275 -0.064304754
0.459 -0.06481149 -0.06479978 -0.06480242 -0.06482202 -0.06406818 -0.064493015 -0.06454319 -0.064304985
0.4595 -0.06481388 -0.06480239 -0.06480498 -0.06482424 -0.064068444 -0.064493276 -0.06454363 -0.0643052
0.46 -0.06481624 -0.06480497 -0.06480752 -0.06482644 -0.06406869 -0.06449354 -0.06454408 -0.06430541
0.4605 -0.06481857 -0.06480751 -0.06481002 -0.06482861 -0.06406894 -0.064493775 -0.06454447 -0.064305626
0.461 -0.06482087 -0.06481002 -0.06481248 -0.06483075 -0.06406917 -0.064494036 -0.0645449 -0.06430581
0.4615 -0.06482314 -0.0648125 -0.06481492 -0.06483286 -0.06406941 -0.06449426 -0.064545274 -0.06430601
0.462 -0.06482538 -0.06481494 -0.06481732 -0.06483495 -0.064069636 -0.06449449 -0.06454568 -0.064306214
0.4625 -0.06482759 -0.06481735 -0.06481969 -0.06483701 -0.06406985 -0.06449473 -0.06454606 -0.064306386
0.463 -0.06482978 -0.06481973 -0.06482203 -0.06483905 -0.064070076 -0.06449495 -0.06454643 -0.06430658
0.4635 -0.06483194 -0.06482208 -0.06482434 -0.06484106 -0.06407028 -0.06449517 -0.06454679 -0.06430675
0.464 -0.06483407 -0.06482439 -0.06482662 -0.06484305 -0.064070486 -0.06449536 -0.06454714 -0.06430693
0.4645 -0.06483617 -0.06482668 -0.06482887 -0.06484501 -0.06407068 -0.06449557 -0.06454749 -0.064307086
0.465 -0.06483824 -0.06482893 -0.06483109 -0.06484694 -0.06407087 -0.064495765 -0.06454784 -0.06430726
0.4655 -0.06484029 -0.06483116 -0.06483328 -0.06484886 -0.064071074 -0.064495966 -0.06454815 -0.064307414
0.466 -0.06484232 -0.06483335 -0.06483544 -0.06485074 -0.06407125 -0.06449615 -0.06454846 -0.06430757
0.4665 -0.06484431 -0.06483552 -0.06483757 -0.06485261 -0.064071424 -0.064496346 -0.0645488 -0.06430771
0.467 -0.06484628 -0.06483766 -0.06483967 -0.06485445 -0.0640716 -0.064496495 -0.06454909 -0.06430786
0.4675 -0.06484823 -0.06483976 -0.06484175 -0.06485627 -0.064071774 -0.06449668 -0.06454939 -0.06430801
0.468 -0.06485015 -0.06484185 -0.0648438 -0.06485806 -0.064071946 -0.06449686 -0.06454967 -0.06430816
0.4685 -0.06485205 -0.0648439 -0.06484582 -0.06485984 -0.06407211 -0.06449703 -0.06454994 -0.06430829
0.469 -0.06485392 -0.06484593 -0.06484782 -0.06486159 -0.064072266 -0.0644972 -0.064550206 -0.06430843
0.4695 -0.06485577 -0.06484793 -0.06484979 -0.06486331 -0.06407242 -0.06449735 -0.064550474 -0.06430856
0.47 -0.0648576 -0.0648499 -0.06485173 -0.06486502 -0.06407257 -0.0644975 -0.06455074 -0.06430869
0.4705 -0.0648594 -0.06485185 -0.06485365 -0.06486671 -0.06407271 -0.06449764 -0.06455098 -0.06430881
0.471 -0.06486118 -0.06485377 -0.06485554 -0.06486837 -0.064072855 -0.0644978 -0.064551234 -0.06430893
0.4715 -0.06486294 -0.06485567 -0.06485741 -0.06487002 -0.06407299 -0.06449793 -0.06455147 -0.06430904
0.472 -0.06486467 -0.06485754 -0.06485925 -0.06487164 -0.06407313 -0.06449808 -0.064551696 -0.06430916
0.4725 -0.06486638 -0.06485938 -0.06486107 -0.06487324 -0.064073265 -0.064498216 -0.06455191 -0.06430927
0.473 -0.06486808 -0.06486121 -0.06486287 -0.06487482 -0.0640734 -0.064498335 -0.064552136 -0.06430937
0.4735 -0.06486974 -0.064863 -0.06486464 -0.06487639 -0.06407352 -0.06449847 -0.06455234 -0.06430948
0.474 -0.06487139 -0.06486478 -0.06486639 -0.06487793 -0.06407364 -0.06449859 -0.06455256 -0.06430958
0.4745 -0.06487302 -0.06486653 -0.06486811 -0.06487945 -0.06407376 -0.06449873 -0.06455277 -0.06430969
0.475 -0.06487463 -0.06486826 -0.06486982 -0.06488096 -0.06407388 -0.06449885 -0.06455295 -0.06430979
0.4755 -0.06487621 -0.06486996 -0.0648715 -0.06488245 -0.064073995 -0.06449894 -0.06455315 -0.06430989
0.476 -0.06487778 -0.06487165 -0.06487316 -0.06488391 -0.06407411 -0.064499065 -0.064553335 -0.06430997
0.4765 -0.06487932 -0.06487331 -0.0648748 -0.06488536 -0.0640742 -0.06449918 -0.064553514 -0.06431006
0.477 -0.06488085 -0.06487495 -0.06487641 -0.06488679 -0.06407431 -0.0644993 -0.06455372 -0.06431014
0.4775 -0.06488236 -0.06487656 -0.06487801 -0.06488821 -0.06407441 -0.064499386 -0.06455389 -0.06431024
0.478 -0.06488384 -0.06487816 -0.06487958 -0.0648896 -0.06407452 -0.0644995 -0.064554065 -0.06431032
0.4785 -0.06488531 -0.06487974 -0.06488113 -0.06489098 -0.06407461 -0.06449959 -0.06455423 -0.0643104
0.479 -0.06488676 -0.06488129 -0.06488267 -0.06489234 -0.064074695 -0.06449969 -0.06455438 -0.064310476
0.4795 -0.06488819 -0.06488282 -0.06488418 -0.06489368 -0.0640748 -0.06449977 -0.06455454 -0.06431055
0.48 -0.06488961 -0.06488434 -0.06488567 -0.06489501 -0.06407489 -0.06449987 -0.06455469 -0.06431064
0.4805 -0.064891 -0.06488583 -0.06488715 -0.06489632 -0.06407497 -0.06449996 -0.06455484 -0.0643107
0.481 -0.06489238 -0.06488731 -0.0648886 -0.06489762 -0.06407505 -0.064500056 -0.064555 -0.064310774
0.4815 -0.06489374 -0.06488876 -0.06489004 -0.06489889 -0.06407514 -0.06450014 -0.06455512 -0.06431084
0.482 -0.06489508 -0.0648902 -0.06489145 -0.06490016 -0.06407522 -0.064500235 -0.06455529 -0.06431091
0.4825 -0.06489641 -0.06489162 -0.06489285 -0.0649014 -0.0640753 -0.06450032 -0.064555414 -0.06431099
0.483 -0.06489772 -0.06489301 -0.06489423 -0.06490263 -0.06407538 -0.06450041 -0.06455554 -0.06431106
0.4835 -0.06489901 -0.06489439 -0.06489559 -0.06490385 -0.064075455 -0.06450047 -0.064555675 -0.06431112
0.484 -0.06490029 -0.06489576 -0.06489694 -0.06490505 -0.06407553 -0.06450057 -0.06455581 -0.06431118
0.4845 -0.06490155 -0.0648971 -0.06489826 -0.06490623 -0.064075604 -0.06450063 -0.06455593 -0.064311236
0.485 -0.06490279 -0.06489843 -0.06489957 -0.0649074 -0.06407566 -0.064500704 -0.06455605 -0.064311296
0.4855 -0.06490402 -0.06489974 -0.06490086 -0.06490856 -0.06407573 -0.06450076 -0.06455615 -0.06431134
0.486 -0.06490523 -0.06490103 -0.06490214 -0.0649097 -0.06407581 -0.064500816 -0.064556256 -0.06431141
0.4865 -0.06490643 -0.0649023 -0.0649034 -0.06491082 -0.06407587 -0.06450088 -0.064556345 -0.06431146
0.487 -0.06490761 -0.06490356 -0.06490464 -0.06491194 -0.06407593 -0.06450095 -0.06455645 -0.064311504
0.4875 -0.06490878 -0.06490481 -0.06490587 -0.06491304 -0.06407599 -0.064501 -0.06455656 -0.064311564
0.488 -0.06490993 -0.06490603 -0.06490708 -0.06491412 -0.06407605 -0.06450107 -0.06455665 -0.06431162
0.4885 -0.06491107 -0.06490724 -0.06490827 -0.06491519 -0.06407611 -0.06450112 -0.06455675 -0.06431167
0.489 -0.06491219 -0.06490844 -0.06490945 -0.06491625 -0.06407617 -0.06450118 -0.064556845 -0.06431171
0.4895 -0.0649133 -0.06490961 -0.06491061 -0.0649173 -0.06407622 -0.06450124 -0.06455693 -0.06431176
0.49 -0.06491439 -0.06491078 -0.06491176 -0.06491833 -0.064076275 -0.064501286 -0.06455704 -0.06431181
0.4905 -0.06491547 -0.06491193 -0.0649129 -0.06491935 -0.06407632 -0.06450134 -0.06455712 -0.06431185
0.491 -0.06491654 -0.06491306 -0.06491401 -0.06492035 -0.06407638 -0.0645014 -0.06455722 -0.06431189
0.4915 -0.06491759 -0.06491418 -0.06491512 -0.06492135 -0.06407642 -0.06450146 -0.064557314 -0.06431193
0.492 -0.06491863 -0.06491528 -0.06491621 -0.06492233 -0.064076476 -0.064501494 -0.06455737 -0.064311974
0.4925 -0.06491966 -0.06491637 -0.06491728 -0.0649233 -0.06407651 -0.064501554 -0.06455746 -0.06431201
0.493 -0.06492067 -0.06491744 -0.06491835 -0.06492425 -0.064076565 -0.06450158 -0.06455755 -0.064312056
0.4935 -0.06492168 -0.06491851 -0.06491939 -0.0649252 -0.0640766 -0.064501636 -0.064557634 -0.064312086
0.494 -0.06492266 -0.06491955 -0.06492043 -0.06492613 -0.064076655 -0.06450168 -0.064557694 -0.06431213
0.4945 -0.06492364 -0.06492059 -0.06492145 -0.06492705 -0.06407669 -0.06450172 -0.06455777 -0.06431217
0.495 -0.0649246 -0.06492161 -0.06492246 -0.06492796 -0.06407674 -0.06450176 -0.06455785 -0.0643122
0.4955 -0.06492555 -0.06492261 -0.06492345 -0.06492886 -0.06407678 -0.06450179 -0.06455791 -0.064312235
0.496 -0.06492649 -0.06492361 -0.06492443 -0.06492975 -0.06407681 -0.06450185 -0.064557984 -0.064312264
0.4965 -0.06492742 -0.06492459 -0.0649254 -0.06493062 -0.064076856 -0.064501904 -0.06455807 -0.064312294
0.497 -0.06492834 -0.06492556 -0.06492636 -0.06493149 -0.06407689 -0.06450192 -0.06455812 -0.06431233
0.4975 -0.06492924 -0.06492651 -0.0649273 -0.06493234 -0.06407693 -0.06450197 -0.06455819 -0.06431237
0.498 -0.06493013 -0.06492745 -0.06492823 -0.06493319 -0.06407697 -0.064502 -0.06455824 -0.06431238
0.4985 -0.06493101 -0.06492839 -0.06492915 -0.06493402 -0.064077005 -0.06450204 -0.064558305 -0.06431243
0.499 -0.06493188 -0.0649293 -0.06493006 -0.06493484 -0.064077035 -0.064502075 -0.06455837 -0.06431245
0.4995 -0.06493274 -0.06493021 -0.06493096 -0.06493565 -0.06407707 -0.06450212 -0.064558424 -0.06431248
0.5 -0.06493359 -0.06493111 -0.06493184 -0.06493646 -0.0640771 -0.06450215 -0.06455847 -0.0643125
