0.0 -0.065 -0.065 -0.065 -0.065 -0.065 -0.065 -0.11983662 -0.10069833 -0.09789875 -0.09835793 0.033441067 0.043175608
0.001 -0.065 -0.065 -0.065 -0.065 -0.065 -0.065 -0.0803521 -0.08626634 -0.084017016 -0.08328478 -0.09545079 -0.08180636
0.002 -0.065 -0.065 -0.065 -0.065 -0.065 -0.065 -0.04445917 -0.07409393 -0.07286731 -0.07088485 -0.09896627 -0.088502705
0.003 -0.065 -0.065 -0.065 -0.065 -0.065 -0.065 -0.03298285 -0.067943126 -0.067552395 -0.065107286 -0.087073594 -0.07882437
0.004 -0.065 -0.065 -0.065 -0.065 -0.065 -0.065 -0.03204883 -0.06487465 -0.06508987 -0.062550895 -0.07307425 -0.06886989
0.005 -0.065 -0.065 -0.065 -0.065 -0.065 -0.065 -0.035052933 -0.063311234 -0.063914016 -0.06144793 -0.062933475 -0.06290293
0.006 -0.065 -0.065 -0.065 -0.065 -0.065 -0.065 -0.039162688 -0.062488858 -0.063323826 -0.06099301 -0.057243973 -0.060537755
0.007 -0.065 -0.065 -0.065 -0.065 -0.065 -0.065 -0.043166675 -0.06202419 -0.062993884 -0.060808115 -0.054588407 -0.060176134
0.008 -0.065 -0.065 -0.065 -0.065 -0.065 -0.065 -0.046698026 -0.061740693 -0.062787406 -0.06073592 -0.05384186 -0.060702503
0.009 -0.065 -0.065 -0.065 -0.065 -0.065 -0.065 -0.049710073 -0.061557695 -0.06264899 -0.06071458 -0.05412796 -0.061458707
0.01 -0.065 -0.065 -0.065 -0.065 -0.065 -0.065 -0.052254446 -0.06143657 -0.06255444 -0.060719635 -0.05487594 -0.062135547
0.011 -0.065 -0.065 -0.065 -0.065 -0.065 -0.065 -0.05439604 -0.061355703 -0.062490113 -0.06073913 -0.05575791 -0.062624216
0.012 -0.065 -0.065 -0.065 -0.065 -0.065 -0.065 -0.056189574 -0.061300684 -0.06244582 -0.060764935 -0.05660799 -0.06291503
0.013 -0.065 -0.065 -0.065 -0.065 -0.065 -0.065 -0.057678826 -0.061261002 -0.062413298 -0.060790744 -0.05735591 -0.06303874
0.014 -0.065 -0.065 -0.065 -0.065 -0.065 -0.065 -0.05890066 -0.061229054 -0.062386148 -0.06081183 -0.057983607 -0.06303689
0.015 -0.065 -0.065 -0.065 -0.065 -0.065 -0.065 -0.05988825 -0.061199613 -0.062359795 -0.060825087 -0.058498472 -0.06294909
0.016 -0.065 -0.065 -0.065 -0.065 -0.065 -0.065 -0.06067235 -0.061169382 -0.06233133 -0.0608289 -0.05891612 -0.062806726
0.017 -0.065 -0.065 -0.065 -0.065 -0.065 -0.065 -0.061281987 -0.061136562 -0.062299225 -0.0608229 -0.05925587 -0.06263384
0.018 -0.065 -0.065 -0.065 -0.065 -0.065 -0.065 -0.061743774 -0.06110043 -0.062262908 -0.060807478 -0.05953452 -0.06244698
0.019 -0.065 -0.065 -0.065 -0.065 -0.065 -0.065 -0.06208206 -0.061060917 -0.062222477 -0.060783625 -0.05976531 -0.06225735
0.02 -0.065 -0.065 -0.065 -0.065 -0.065 -0.065 -0.062318154 -0.06101836 -0.06217842 -0.060752563 -0.059960634 -0.06207192
0.021 -0.065 -0.065 -0.065 -0.065 -0.065 -0.065 -0.06247074 -0.06097331 -0.062131375 -0.06071556 -0.06012854 -0.061894834
0.022 -0.065 -0.065 -0.065 -0.065 -0.065 -0.065 -0.06255571 -0.06092638 -0.062082063 -0.06067389 -0.060275882 -0.0617283
0.023 -0.065 -0.065 -0.065 -0.065 -0.065 -0.065 -0.062586464 -0.060878184 -0.06203119 -0.060628697 -0.06040755 -0.061573207
0.024 -0.065 -0.065 -0.065 -0.065 -0.065 -0.065 -0.062574305 -0.060829304 -0.06197943 -0.060581006 -0.060527295 -0.06142932
0.025 -0.065 -0.065 -0.065 -0.065 -0.065 -0.065 -0.06252829 -0.060780194 -0.061927307 -0.060531657 -0.060637563 -0.061296344
0.026 -0.065 -0.065 -0.065 -0.065 -0.065 -0.065 -0.062456347 -0.060731336 -0.06187534 -0.060481444 -0.060740978 -0.061173648
0.027 -0.065 -0.065 -0.065 -0.065 -0.065 -0.065 -0.062364615 -0.060683064 -0.061823927 -0.060430937 -0.06083861 -0.0610604
0.028 -0.065 -0.065 -0.065 -0.065 -0.065 -0.065 -0.06225816 -0.060635675 -0.061773393 -0.060380653 -0.060931236 -0.060955524
0.029 -0.065 -0.065 -0.065 -0.065 -0.065 -0.065 -0.062141277 -0.06058938 -0.061724015 -0.060331 -0.061020344 -0.06085837
0.03 -0.065 -0.065 -0.065 -0.065 -0.065 -0.065 -0.06201718 -0.06054439 -0.061676003 -0.060282294 -0.061105758 -0.06076783
0.031 -0.065 -0.065 -0.065 -0.065 -0.065 -0.065 -0.06188879 -0.060500864 -0.061629534 -0.06023482 -0.06118825 -0.060683668
0.032 -0.065 -0.065 -0.065 -0.065 -0.065 -0.065 -0.061758287 -0.06045888 -0.06158472 -0.060188755 -0.06126836 -0.06060508
0.033 -0.065 -0.065 -0.065 -0.065 -0.065 -0.065 -0.061627395 -0.060418535 -0.061541654 -0.060144275 -0.061345667 -0.060531735
0.034 -0.065 -0.065 -0.065 -0.065 -0.065 -0.065 -0.061497487 -0.060379867 -0.06150039 -0.060101446 -0.06142059 -0.060462534
0.035 -0.065 -0.065 -0.065 -0.065 -0.065 -0.065 -0.061369665 -0.0603429 -0.06146095 -0.060060363 -0.061493307 -0.060397953
0.036 -0.065 -0.065 -0.065 -0.065 -0.065 -0.065 -0.061244763 -0.060307648 -0.061423358 -0.06002107 -0.06156376 -0.060336947
0.037 -0.065 -0.065 -0.065 -0.065 -0.065 -0.065 -0.061123528 -0.060274117 -0.061387595 -0.059983607 -0.06163189 -0.060279846
0.038 -0.065 -0.065 -0.065 -0.065 -0.065 -0.065 -0.061006285 -0.06024226 -0.06135365 -0.059947934 -0.061698228 -0.060226172
0.039 -0.065 -0.065 -0.065 -0.065 -0.065 -0.065 -0.060893483 -0.060212072 -0.061321486 -0.059914056 -0.061761945 -0.06017551
0.04 -0.065 -0.065 -0.065 -0.065 -0.065 -0.065 -0.06078533 -0.060183503 -0.061291065 -0.05988195 -0.061823815 -0.060128093
0.041 -0.065 -0.065 -0.065 -0.065 -0.065 -0.065 -0.060681917 -0.060156498 -0.06126231 -0.05985157 -0.06188354 -0.060083568
0.042 -0.065 -0.065 -0.065 -0.065 -0.065 -0.065 -0.06058336 -0.060131025 -0.0612352 -0.05982287 -0.061941117 -0.060041606
0.043 -0.065 -0.065 -0.065 -0.065 -0.065 -0.065 -0.060489632 -0.060107015 -0.061209664 -0.059795786 -0.061996788 -0.060002387
0.044 -0.065 -0.065 -0.065 -0.065 -0.065 -0.065 -0.06040076 -0.06008443 -0.061185636 -0.05977028 -0.06205049 -0.05996564
0.045 -0.065 -0.065 -0.065 -0.065 -0.065 -0.065 -0.06031651 -0.06006318 -0.061163053 -0.059746273 -0.06210199 -0.05993128
0.046 -0.065 -0.065 -0.065 -0.065 -0.065 -0.065 -0.06023685 -0.06004322 -0.061141834 -0.059723705 -0.0621517 -0.05989933
0.047 -0.065 -0.065 -0.065 -0.065 -0.065 -0.065 -0.060161807 -0.060024526 -0.06112197 -0.05970254 -0.062199444 -0.05986929
0.048 -0.065 -0.065 -0.065 -0.065 -0.065 -0.065 -0.060090847 -0.06000696 -0.06110332 -0.059682656 -0.0622454 -0.059841484
0.049 -0.065 -0.065 -0.065 -0.065 -0.065 -0.065 -0.06002421 -0.059990544 -0.06108588 -0.059664052 -0.062289387 -0.059815705
0.05 -0.065 -0.065 -0.065 -0.065 -0.065 -0.065 -0.059961595 -0.05997518 -0.061069563 -0.059646636 -0.062331706 -0.059791863
0.051 -0.065 -0.065 -0.065 -0.065 -0.065 -0.065 -0.059902705 -0.059960824 -0.06105431 -0.059630346 -0.062372237 -0.05976975
0.052 -0.065 -0.065 -0.065 -0.065 -0.065 -0.065 -0.05984754 -0.059947405 -0.06104007 -0.059615113 -0.06241128 -0.059749365
0.053 -0.065 -0.065 -0.065 -0.065 -0.065 -0.065 -0.059795775 -0.059934877 -0.06102677 -0.05960089 -0.06244865 -0.05973059
0.054 -0.065 -0.065 -0.065 -0.065 -0.065 -0.065 -0.059747495 -0.059923228 -0.061014406 -0.05958765 -0.062484294 -0.059713364
0.055 -0.065 -0.065 -0.065 -0.065 -0.065 -0.065 -0.059702225 -0.059912354 -0.061002858 -0.059575282 -0.06251851 -0.059697628
0.056 -0.065 -0.065 -0.065 -0.065 -0.065 -0.065 -0.059659965 -0.059902236 -0.06099211 -0.059563767 -0.06255123 -0.059683442
0.057 -0.065 -0.065 -0.065 -0.065 -0.065 -0.065 -0.059620477 -0.05989281 -0.06098211 -0.059553053 -0.06258276 -0.05967027
0.058 -0.065 -0.065 -0.065 -0.065 -0.065 -0.065 -0.05958367 -0.05988407 -0.060972825 -0.05954309 -0.06261268 -0.05965841
0.059 -0.065 -0.065 -0.065 -0.065 -0.065 -0.065 -0.0595494 -0.05987593 -0.060964182 -0.059533823 -0.06264135 -0.05964786
0.06 -0.065 -0.065 -0.065 -0.065 -0.065 -0.065 -0.05951748 -0.0598684 -0.060956173 -0.05952523 -0.06266871 -0.059638113
0.061 -0.065 -0.065 -0.065 -0.065 -0.065 -0.065 -0.059487768 -0.0598614 -0.060948744 -0.059517253 -0.06269482 -0.05962956
0.062 -0.065 -0.065 -0.065 -0.065 -0.065 -0.065 -0.05946014 -0.05985491 -0.06094185 -0.059509847 -0.06272021 -0.0596219
0.063 -0.065 -0.065 -0.065 -0.065 -0.065 -0.065 -0.05943442 -0.059848912 -0.060935467 -0.059502993 -0.06274405 -0.059615046
0.064 -0.065 -0.065 -0.065 -0.065 -0.065 -0.065 -0.05941067 -0.05984336 -0.060929567 -0.05949666 -0.0627667 -0.059609175
0.065 -0.065 -0.065 -0.065 -0.065 -0.065 -0.065 -0.059388615 -0.059838224 -0.060924105 -0.059490792 -0.062788695 -0.05960399
0.066 -0.065 -0.065 -0.065 -0.065 -0.065 -0.065 -0.05936814 -0.05983349 -0.06091907 -0.059485365 -0.06280956 -0.05959952
0.067 -0.065 -0.065 -0.065 -0.065 -0.065 -0.065 -0.059349276 -0.059829123 -0.060914423 -0.059480377 -0.062829405 -0.059595704
0.068 -0.065 -0.065 -0.065 -0.065 -0.065 -0.065 -0.059331752 -0.059825107 -0.060910128 -0.059475765 -0.06284824 -0.059592515
0.069 -0.065 -0.065 -0.065 -0.065 -0.065 -0.065 -0.05931557 -0.059821393 -0.060906176 -0.059471514 -0.06286684 -0.059589863
0.07 -0.065 -0.065 -0.065 -0.065 -0.065 -0.065 -0.05930064 -0.05981798 -0.060902543 -0.0594676 -0.062884 -0.059587806
0.071 -0.065 -0.065 -0.065 -0.065 -0.065 -0.065 -0.05928687 -0.059814848 -0.06089919 -0.059463996 -0.06290057 -0.059586138
0.072 -0.065 -0.065 -0.065 -0.065 -0.065 -0.065 -0.059274174 -0.059811976 -0.06089613 -0.059460696 -0.06291613 -0.059584916
0.073 -0.065 -0.065 -0.065 -0.065 -0.065 -0.065 -0.05926255 -0.05980935 -0.060893316 -0.059457675 -0.06293139 -0.0595842
0.074 -0.065 -0.065 -0.065 -0.065 -0.065 -0.065 -0.059251793 -0.059806943 -0.06089074 -0.0594549 -0.06294575 -0.059583783
0.075 -0.065 -0.065 -0.065 -0.065 -0.065 -0.065 -0.059241988 -0.05980475 -0.06088839 -0.059452366 -0.06295952 -0.059583724
0.076 -0.065 -0.065 -0.065 -0.065 -0.065 -0.065 -0.059232928 -0.059802737 -0.060886234 -0.05945004 -0.062972754 -0.059583932
0.077 -0.065 -0.065 -0.065 -0.065 -0.065 -0.065 -0.059224732 -0.059800915 -0.060884282 -0.05944794 -0.06298515 -0.05958438
0.078 -0.065 -0.065 -0.065 -0.065 -0.065 -0.065 -0.059217133 -0.059799254 -0.06088249 -0.05944601 -0.06299731 -0.059585214
0.079 -0.065 -0.065 -0.065 -0.065 -0.065 -0.065 -0.05921019 -0.05979775 -0.060880866 -0.05944426 -0.063008755 -0.059586227
0.08 -0.065 -0.065 -0.065 -0.065 -0.065 -0.065 -0.05920393 -0.059796385 -0.060879398 -0.05944268 -0.063019365 -0.0595873
0.081 -0.065 -0.065 -0.065 -0.065 -0.065 -0.065 -0.05919818 -0.05979515 -0.060878072 -0.059441235 -0.063029855 -0.05958873
0.082 -0.065 -0.065 -0.065 -0.065 -0.065 -0.065 -0.059193082 -0.059794057 -0.060876884 -0.059439965 -0.06303999 -0.05959034
0.083 -0.065 -0.065 -0.065 -0.065 -0.065 -0.065 -0.059188373 -0.05979307 -0.060875807 -0.05943881 -0.063049585 -0.05959192
0.084 -0.065 -0.065 -0.065 -0.065 -0.065 -0.065 -0.05918411 -0.059792183 -0.060874846 -0.059437763 -0.063058406 -0.059593737
0.085 -0.065 -0.065 -0.065 -0.065 -0.065 -0.065 -0.059180297 -0.059791394 -0.06087398 -0.059436835 -0.06306723 -0.059595793
0.086 -0.065 -0.065 -0.065 -0.065 -0.065 -0.065 -0.0591769 -0.059790704 -0.060873218 -0.059436016 -0.06307557 -0.05959782
0.087 -0.065 -0.065 -0.065 -0.065 -0.065 -0.065 -0.05917377 -0.059790075 -0.060872536 -0.05943528 -0.06308332 -0.059599787
0.088 -0.065 -0.065 -0.065 -0.065 -0.065 -0.065 -0.05917106 -0.059789546 -0.060871944 -0.059434645 -0.06309107 -0.059602022
0.089 -0.065 -0.065 -0.065 -0.065 -0.065 -0.065 -0.059168614 -0.05978908 -0.060871422 -0.05943408 -0.0630984 -0.059604377
0.09 -0.065 -0.065 -0.065 -0.065 -0.065 -0.065 -0.05916644 -0.059788663 -0.060870964 -0.059433583 -0.063105375 -0.05960667
0.091 -0.065 -0.065 -0.065 -0.065 -0.065 -0.065 -0.05916456 -0.059788316 -0.060870573 -0.059433166 -0.06311181 -0.059608877
0.092 -0.065 -0.065 -0.065 -0.065 -0.065 -0.065 -0.059162892 -0.059788026 -0.060870238 -0.0594328 -0.06311813 -0.05961135
0.093 -0.065 -0.065 -0.065 -0.065 -0.065 -0.065 -0.05916149 -0.05978779 -0.060869966 -0.059432507 -0.06312403 -0.059613883
0.094 -0.065 -0.065 -0.065 -0.065 -0.065 -0.065 -0.05916033 -0.05978761 -0.06086975 -0.059432264 -0.06312981 -0.059616357
0.095 -0.065 -0.065 -0.065 -0.065 -0.065 -0.065 -0.059159286 -0.059787445 -0.06086956 -0.059432063 -0.063135296 -0.05961871
0.096 -0.065 -0.065 -0.065 -0.065 -0.065 -0.065 -0.05915845 -0.059787344 -0.06086942 -0.059431914 -0.06314066 -0.059621036
0.097 -0.065 -0.065 -0.065 -0.065 -0.065 -0.065 -0.059157766 -0.059787266 -0.060869318 -0.059431806 -0.06314579 -0.05962354
0.098 -0.065 -0.065 -0.065 -0.065 -0.065 -0.065 -0.05915717 -0.05978721 -0.060869243 -0.059431724 -0.06315073 -0.059626102
0.099 -0.065 -0.065 -0.065 -0.065 -0.065 -0.065 -0.059156753 -0.059787195 -0.0608692 -0.059431687 -0.06315544 -0.059628576
0.1 -0.065 -0.065 -0.065 -0.065 -0.065 -0.065 -0.026730873 -0.0427432 -0.041137002 -0.0416788 -0.050263196 -0.0793733
0.101 -0.06469801 -0.06369405 -0.06319817 -0.06395589 0.08180349 0.0184587 -0.05883012 -0.051799893 -0.05083663 -0.05204135 0.15947673 0.0389359
0.102 -0.06292218 -0.06177793 -0.06019156 -0.06301617 0.3611576 0.193135 -0.047213502 -0.053414386 -0.053311974 -0.053690366 0.38243988 0.21485135
0.103 -0.05831868 -0.06066083 -0.05793979 -0.06262432 0.6803127 0.4101941 -0.028469242 -0.05464918 -0.0555512 -0.05480823 0.6269251 0.43718284
0.104 -0.04992219 -0.05993776 -0.05631852 -0.06225977 1.002367 0.6451734 -0.012950219 -0.05697851 -0.058919325 -0.05714881 0.90328646 0.6829085
0.105 -0.03731101 -0.0597135 -0.05549304 -0.06174705 1.319152 0.8827558 0.00023268908 -0.05993756 -0.06294402 -0.06022959 1.2068398 0.9432492
0.106 -0.02051161 -0.05975 -0.0552204 -0.06101574 1.626352 1.117817 0.012993209 -0.06281449 -0.06689644 -0.063277975 1.5242403 1.2061529
0.107 0.0001552476 -0.05978325 -0.05485254 -0.06000983 1.920969 1.349726 0.027502425 -0.06493117 -0.070081174 -0.06553974 1.8397162 1.4615412
0.108 0.02421676 -0.05963541 -0.05459766 -0.05870787 2.20119 1.576752 0.045353703 -0.065876305 -0.072076485 -0.066543125 2.1409767 1.7041762
0.109 0.05113511 -0.05920133 -0.05450974 -0.0571138 2.466151 1.797126 0.06718118 -0.06553097 -0.07275784 -0.06613988 2.4214218 1.9323843
0.11 0.08037682 -0.05842095 -0.05448812 -0.05525123 2.715613 2.008345 0.09284391 -0.06397185 -0.07219809 -0.064403445 2.6790833 2.1462002
0.111 0.111441 -0.05731038 -0.0544327 -0.05318998 2.949885 2.209528 0.12185418 -0.0613556 -0.07055144 -0.06150034 2.9146774 2.3464496
0.112 0.1438619 -0.05590223 -0.05427285 -0.05093776 3.169564 2.40131 0.15372857 -0.05783701 -0.067972235 -0.057597686 3.1301227 2.5344353
0.113 0.1770231 -0.05422099 -0.05366728 -0.04848719 3.375366 2.583575 0.18814147 -0.05353364 -0.06458004 -0.052822948 3.327717 2.7117527
0.114 0.2104425 -0.05228366 -0.0526899 -0.04585982 3.56805 2.754769 0.22487405 -0.048534885 -0.060467903 -0.04727376 3.5097148 2.8800147
0.115 0.2439179 -0.05008325 -0.05167939 -0.04309601 3.748367 2.916337 0.2636207 -0.042941526 -0.055740267 -0.041061644 3.6780806 3.040463
0.116 0.2771254 -0.04734552 -0.05066003 -0.0401856 3.916894 3.070028 0.30381003 -0.03690266 -0.050548457 -0.034352876 3.8343656 3.1936574
0.117 0.3099163 -0.04449171 -0.04958697 -0.03716395 4.074408 3.216877 0.3446196 -0.03061179 -0.045086175 -0.027364 3.9797568 3.3395135
0.118 0.3424512 -0.04165276 -0.04841947 -0.03405549 4.221769 3.356295 0.38518766 -0.024262585 -0.039546054 -0.02031231 4.115247 3.4776878
0.119 0.374839 -0.03877991 -0.04713145 -0.03085808 4.359708 3.486545 0.4248279 -0.018005587 -0.03407763 -0.013367422 4.241772 3.6079745
0.12 0.4070843 -0.03581795 -0.04570913 -0.02756802 4.488861 3.609321 0.4631143 -0.011933014 -0.028772764 -0.0066339523 4.360251 3.730476
0.121 0.4391184 -0.0327332 -0.04414698 -0.02417507 4.591627 3.726429 0.4998521 -0.006087415 -0.023674391 -0.00016087294 4.4715457 3.84557
0.122 0.4707796 -0.02951646 -0.04244485 -0.02069593 4.679664 3.838822 0.5350057 -0.00047782809 -0.018792287 0.0060406774 4.5764246 3.9537973
0.123 0.501552 -0.02618949 -0.04060798 -0.01715619 4.766352 3.946808 0.5686313 0.004905455 -0.01411771 0.011980869 4.6755443 4.055752
0.124 0.531426 -0.02277619 -0.03864567 -0.01357934 4.852591 4.05038 0.60082763 0.010080494 -0.009633414 0.017679729 4.7694454 4.1520147
0.125 0.5606332 -0.01928772 -0.03656801 -0.009963411 4.937582 4.149463 0.631706 0.015067615 -0.0053198114 0.023160093 4.8585706 4.2431107
0.126 0.5893191 -0.01572819 -0.03438335 -0.006279594 5.021246 4.244037 0.66137373 0.019885987 -0.0011581555 0.028443806 4.943279 4.3294997
0.127 0.6175313 -0.01209608 -0.03209684 -0.00253146 5.101921 4.333943 0.6899271 0.024552293 0.0028678402 0.033550076 5.023866 4.4115744
0.128 0.645257 -0.008398393 -0.02971558 0.001261019 5.178657 4.416833 0.7174469 0.029079832 0.006771393 0.038494535 5.10058 4.489667
0.129 0.6724566 -0.004647532 -0.02724793 0.005068693 5.252275 4.493268 0.74399865 0.03347867 0.010562517 0.043289267 5.173631 4.564053
0.13 0.6990842 -0.0008589192 -0.02470384 0.008880008 5.321503 4.565611 0.769634 0.037756033 0.014248513 0.047943227 5.2432013 4.634968
0.131 0.7250988 0.002955805 -0.02209196 0.01270389 5.36958 4.635279 0.7943912 0.041916333 0.01783394 0.052462213 5.3094535 4.7026067
0.132 0.7504681 0.006789066 -0.01939138 0.01654039 5.42138 4.702723 0.8182971 0.045961626 0.021321036 0.056849428 5.372531 4.7671313
0.133 0.775169 0.01063198 -0.01650584 0.02037922 5.480503 4.767922 0.841369 0.049892016 0.024710134 0.061105885 5.432568 4.828682
0.134 0.799187 0.01447467 -0.01361134 0.02421498 5.542029 4.830709 0.8636156 0.05370594 0.02799987 0.065230675 5.4896846 4.8873734
0.135 0.822494 0.0183081 -0.01074613 0.0280406 5.602288 4.890944 0.88503957 0.057400607 0.03118769 0.069221504 5.543994 4.943304
0.136 0.8445898 0.02212527 -0.007894717 0.03184359 5.659514 4.948565 0.9056387 0.06097228 0.03427007 0.07307499 5.5956016 4.9965596
0.137 0.8654312 0.02591874 -0.00504151 0.03561017 5.711546 5.003386 0.92540896 0.06441703 0.03724318 0.07678745 5.64461 5.047215
0.138 0.8854623 0.02968416 -0.002179022 0.03932956 5.758282 5.055287 0.944347 0.06773103 0.04010337 0.080355264 5.691116 5.095344
0.139 0.9049706 0.03341817 0.0006945949 0.04302009 5.801675 5.104597 0.9624504 0.07091094 0.04284724 0.083775304 5.735215 5.1410174
0.14 0.9239099 0.03711389 0.00356478 0.04658236 5.841109 5.150768 0.9797224 0.07395462 0.045472614 0.08704569 5.7770057 5.18431
0.141 0.9421225 0.04074451 0.006392439 0.05009044 5.870212 5.190691 0.99617016 0.07686096 0.047978245 0.09016561 5.816581 5.2253003
0.142 0.9596146 0.04430988 0.009199765 0.05348188 5.893179 5.222657 1.0118082 0.079630546 0.050364472 0.09313611 5.8540397 5.264076
0.143 0.9764632 0.04780831 0.01200414 0.05695125 5.901704 5.249012 1.0266566 0.082265235 0.052632816 0.09595954 5.8894796 5.300729
0.144 0.9927406 0.05123602 0.01482514 0.06048144 5.908076 5.270982 1.0407419 0.08476839 0.054786228 0.0986399 5.9229994 5.3353577
0.145 1.008526 0.05460771 0.01766359 0.06398685 5.929286 5.292517 1.0540943 0.08714441 0.056828626 0.10118223 5.9546976 5.368066
0.146 1.022927 0.05791941 0.02045521 0.06743088 5.959995 5.316421 1.0667491 0.08939875 0.058764853 0.10359269 5.9846735 5.3989596
0.147 1.03516 0.06113484 0.02309445 0.0707248 5.994334 5.343235 1.0787423 0.091537215 0.060600273 0.1058779 6.013021 5.428144
0.148 1.047341 0.06429245 0.02572907 0.07393091 6.028795 5.372051 1.0901117 0.09356623 0.06234061 0.10804493 6.039835 5.4557242
0.149 1.059824 0.06740007 0.02840443 0.07710152 6.059834 5.398351 1.1008952 0.09549224 0.06399164 0.11010102 6.065204 5.4818025
0.15 1.072322 0.07047759 0.03111717 0.08024384 6.087443 5.415164 1.1978216 0.11094303 0.06798082 0.12051948 6.1294637 5.573066
0.151 1.084399 0.0735365 0.03385021 0.08334727 5.964836 5.325196 1.2400004 0.118952624 0.07093603 0.12615123 5.9996424 5.486831
0.152 1.094827 0.07655704 0.03658427 0.08636893 5.706492 5.152063 1.2139858 0.11713461 0.0689634 0.123223715 5.7190247 5.286851
0.153 1.102135 0.0794812 0.03928793 0.08897728 5.404782 4.949791 1.1847616 0.11595393 0.06904244 0.12179699 5.4033456 5.0813
0.154 1.105349 0.0822437 0.04192236 0.09145144 5.095923 4.738059 1.1600406 0.115937285 0.07052887 0.121834226 5.0892735 4.876224
0.155 1.104084 0.08484886 0.04448632 0.09383546 4.794269 4.524946 1.1359503 0.116043605 0.072303556 0.12213708 4.785327 4.6650577
0.156 1.098393 0.08727438 0.04696753 0.09597658 4.505425 4.313426 1.1106384 0.115838565 0.073887356 0.12218415 4.4969745 4.4465466
0.157 1.08859 0.08948578 0.04934578 0.09781047 4.231443 4.102372 1.0852205 0.11543042 0.07533466 0.122084014 4.2265463 4.226428
0.158 1.075115 0.09145573 0.05160054 0.09932212 3.972882 3.895184 1.0614762 0.11506624 0.076838695 0.12210547 3.9737308 4.0116425
0.159 1.058464 0.09316517 0.05371405 0.1005176 3.729618 3.695379 1.0404217 0.114905246 0.07852564 0.122418664 3.7366931 3.8066018
0.16 1.03915 0.09460063 0.05567217 0.101411 3.501195 3.504696 1.021944 0.11495001 0.080380805 0.12300988 3.5134194 3.6122448
0.161 1.017675 0.09575563 0.05746435 0.1020201 3.287055 3.323621 1.0053282 0.11511419 0.082302116 0.1237564 3.3024933 3.4276862
0.162 0.9945015 0.09663071 0.05908333 0.1023637 3.086565 3.152016 0.98981035 0.11530156 0.08417142 0.12451904 3.103264 3.2520113
0.163 0.9700406 0.0972308 0.06052472 0.1024607 2.89903 2.989495 0.9747622 0.11542914 0.08588234 0.12517518 2.915623 3.0849254
0.164 0.9446471 0.09756357 0.06178658 0.102329 2.723721 2.835605 0.9596875 0.11542372 0.08734452 0.1256218 2.7396514 2.9265711
0.165 0.9186209 0.09763874 0.06286898 0.1019855 2.559904 2.689895 0.9442091 0.11522315 0.08848951 0.12577921 2.575337 2.777124
0.166 0.8922117 0.09746743 0.06377367 0.1014463 2.406861 2.547438 0.9280654 0.11478219 0.08927559 0.12559617 2.4224203 2.6365023
0.167 0.865625 0.09705937 0.06450369 0.1007258 2.263895 2.406354 0.9110942 0.11407388 0.08968576 0.1250476 2.2803712 2.5042777
0.168 0.8390284 0.09642647 0.06506315 0.09983773 2.130335 2.277774 0.89320374 0.11308608 0.08972036 0.12412786 2.1484592 2.379768
0.169 0.8125574 0.09558465 0.06545697 0.09879523 2.005544 2.160592 0.8743403 0.1118144 0.089387886 0.122840576 2.0258605 2.262189
0.17 0.7863216 0.09455023 0.06569077 0.09761026 1.888925 2.051975 0.8544585 0.11025695 0.08869841 0.12119157 1.9117635 2.1507895
0.171 0.7604087 0.09333841 0.06577055 0.0962936 1.779921 1.949941 0.8335023 0.10841159 0.08766114 0.11918575 1.8054398 2.044921
0.172 0.7348891 0.09196391 0.06570274 0.09485688 1.678009 1.853395 0.8113961 0.10627683 0.086286716 0.11682821 1.7062789 1.9440608
0.173 0.7098186 0.09044194 0.06549406 0.09331079 1.582699 1.761765 0.78804815 0.10385681 0.08459333 0.11412986 1.6137966 1.8478178
0.174 0.6852414 0.08878708 0.06515145 0.09166514 1.493532 1.674736 0.7633593 0.10116566 0.082612626 0.111113094 1.5276147 1.7559291
0.175 0.6611914 0.08701283 0.06468194 0.08992909 1.410079 1.592094 0.7372372 0.09823055 0.08039268 0.10781508 1.4474273 1.6682448
0.176 0.6376944 0.08513167 0.06409257 0.08811128 1.331939 1.513657 0.70961106 0.09508846 0.077992655 0.1042838 1.3729386 1.584683
0.177 0.6147693 0.08315523 0.06339036 0.08621984 1.258739 1.439247 0.6804722 0.091780715 0.07547184 0.10057091 1.3037853 1.5051665
0.178 0.5924293 0.08109444 0.06258225 0.08426245 1.190131 1.368684 0.6499643 0.08835236 0.072882436 0.09673009 1.2394451 1.4295795
0.179 0.5706823 0.07895966 0.06167506 0.08224634 1.125793 1.301785 0.61850953 0.08486236 0.07027484 0.092828505 1.1791584 1.3577638
0.18 0.5495327 0.07676064 0.0606755 0.08017836 1.065425 1.238365 0.58688545 0.08139665 0.067711495 0.088962846 1.121907 1.2895415
0.181 0.5289812 0.07450661 0.0595901 0.07806494 1.008749 1.178242 0.5561359 0.07806436 0.06527027 0.085256584 1.0665406 1.22472
0.182 0.5090256 0.07220621 0.05842519 0.07591216 0.955508 1.12124 0.52730435 0.07497003 0.06302456 0.08182856 1.0120898 1.163096
0.183 0.4896615 0.06986755 0.05718694 0.07372573 0.9054634 1.067189 0.50113153 0.07217706 0.061013214 0.07875023 0.95813465 1.1044896
0.184 0.4708827 0.06749816 0.0558813 0.07151103 0.8583942 1.015925 0.47789475 0.06968998 0.059225045 0.07602405 0.9049939 1.0488071
0.185 0.452681 0.06510503 0.054514 0.06927308 0.8140958 0.9672942 0.45745072 0.067464195 0.057608567 0.073594816 0.8535743 0.9960829
0.186 0.4350473 0.06269463 0.05309057 0.06701663 0.7723789 0.9211487 0.43939874 0.065430485 0.05609549 0.07137921 0.80497026 0.94645137
0.187 0.4179712 0.0602729 0.05161629 0.06474608 0.7330679 0.8773494 0.42324784 0.06351643 0.054621436 0.06929282 0.760033 0.9000536
0.188 0.4014416 0.05784529 0.05009624 0.06246558 0.6960005 0.8357649 0.40852466 0.06165684 0.053135596 0.06726413 0.719113 0.8569354
0.189 0.3854467 0.05541679 0.04853527 0.06017898 0.6610263 0.7962711 0.39482024 0.059795238 0.051601417 0.065237366 0.6820116 0.81698143
0.19 0.3699741 0.05299196 0.04693798 0.05788987 0.628006 0.7587512 0.3817984 0.05788154 0.0499933 0.06316986 0.6480937 0.7799039
0.191 0.3550112 0.05057493 0.04530878 0.0556016 0.5968105 0.723095 0.3691906 0.05587063 0.048292898 0.06102868 0.6164825 0.7452737
0.192 0.340545 0.04816944 0.04365184 0.05331728 0.5673203 0.689199 0.3567953 0.053725652 0.046487905 0.058790095 0.58630013 0.7125836
0.193 0.3265623 0.04577887 0.04197113 0.05103977 0.5394246 0.6569656 0.3444862 0.051425315 0.04457324 0.056442015 0.5569171 0.6813334
0.194 0.31305 0.04340627 0.04027038 0.04877175 0.5130205 0.6263032 0.33221948 0.04897193 0.04255276 0.053986795 0.52813244 0.65112233
0.195 0.2999948 0.04105438 0.03855315 0.04651566 0.4880129 0.5971254 0.32002336 0.04639303 0.040439494 0.051441096 0.50017405 0.62171674
0.196 0.2873836 0.03872562 0.03682277 0.04427377 0.4643133 0.5693511 0.30796495 0.043732665 0.03825227 0.048830204 0.47349873 0.5930621
0.197 0.2752032 0.03642218 0.03508239 0.04204816 0.4418397 0.5429039 0.29611465 0.041038312 0.036012016 0.046181403 0.44852552 0.56524366
0.198 0.2634407 0.03414597 0.03333496 0.03984074 0.4205159 0.5177119 0.28452763 0.038350277 0.033738784 0.04351922 0.42547664 0.53841674
0.199 0.2520832 0.03189868 0.03158327 0.03765324 0.4002711 0.4937077 0.27324402 0.035697766 0.03145089 0.040864088 0.4043781 0.5127438
0.2 0.2411182 0.0296818 0.02982992 0.03548726 0.3810396 0.4708276 0.25848275 0.030906431 0.03510108 0.040752 0.38237533 0.4644251
0.201 0.2306978 0.02749675 0.02807736 0.03334669 0.5097307 0.5324714 0.24084628 0.023072995 0.026630297 0.032237224 0.6202476 0.6000433
0.202 0.2219824 0.02534938 0.02632942 0.03126651 0.7730357 0.6870174 0.23637345 0.017469563 0.020027548 0.026089482 0.8361188 0.7546869
0.203 0.2164775 0.02326088 0.02459507 0.0293188 1.080537 0.8860661 0.23394153 0.011757292 0.01325354 0.019841798 1.0837911 0.94344854
0.204 0.2151965 0.02126796 0.02288963 0.02757472 1.396539 1.104849 0.2281811 0.0050320774 0.005431123 0.012440145 1.3592703 1.1525805
0.205 0.2185509 0.01941362 0.02123269 0.02608567 1.706375 1.330267 0.21866229 -0.0025572702 -0.003275223 0.0040244833 1.6519599 1.3705859
0.206 0.2264848 0.01773874 0.01964557 0.02488504 2.003921 1.555247 0.20774966 -0.010318376 -0.012158059 -0.0046318844 1.9481418 1.5881479
0.207 0.2386463 0.01627714 0.01814921 0.02398175 2.286688 1.775887 0.1997922 -0.017291464 -0.02025602 -0.012428768 2.2364576 1.8026056
0.208 0.2545304 0.01505368 0.01676196 0.02337263 2.553827 1.990012 0.19882312 -0.022646375 -0.026747175 -0.018411808 2.510229 2.014912
0.209 0.2735774 0.01408536 0.01549946 0.02305033 2.80528 2.196421 0.20676932 -0.025956668 -0.031209305 -0.022097744 2.7666028 2.225084
0.21 0.2952339 0.01338221 0.01437445 0.02300452 3.041399 2.394478 0.22340867 -0.02720704 -0.03362006 -0.023476504 3.004846 2.431175
0.211 0.3189864 0.01294958 0.01339713 0.02322287 3.262742 2.583893 0.24729541 -0.026644915 -0.0342127 -0.022833057 3.2251852 2.630537
0.212 0.3443766 0.01278686 0.01257446 0.02368223 3.469984 2.764592 0.2766134 -0.024627753 -0.03333035 -0.020571157 3.4282954 2.8209736
0.213 0.3710059 0.0128885 0.01191066 0.0243672 3.663867 2.936645 0.30965742 -0.021519393 -0.031326376 -0.01709821 3.6151638 3.0011468
0.214 0.3985334 0.01324655 0.01140569 0.02526284 3.845158 3.100219 0.34503648 -0.017633848 -0.02850914 -0.012764715 3.7870533 3.170548
0.215 0.4266711 0.01385112 0.01097863 0.02635215 4.014621 3.25555 0.38171074 -0.013216063 -0.025122002 -0.007844351 3.9454348 3.3293133
0.216 0.455178 0.01469012 0.01070192 0.02762066 4.173001 3.402914 0.41894597 -0.00844533 -0.021345422 -0.0025382563 4.091865 3.478003
0.217 0.4838535 0.0157507 0.0106183 0.02905733 4.321016 3.54262 0.45624033 -0.0034484714 -0.017308913 0.0030103698 4.2278543 3.6173983
0.218 0.5125305 0.0170196 0.01071347 0.03063149 4.459218 3.674941 0.49325415 0.0016852543 -0.013104826 0.0087002665 4.3547645 3.7483444
0.219 0.5410317 0.01846851 0.01089076 0.03225334 4.582862 3.79813 0.5297555 0.0068923905 -0.008799508 0.014459185 4.473752 3.871645
0.22 0.5691987 0.02008555 0.01121876 0.03407811 4.691842 3.911823 0.56557894 0.0121254325 -0.0044427514 0.020233288 4.585753 3.9880052
0.221 0.5969232 0.02187206 0.01172754 0.03606087 4.791132 4.018311 0.6005961 0.017346434 -7.403642e-05 0.025979899 4.6915026 4.0980077
0.222 0.6241336 0.02381928 0.0124075 0.03815819 4.884209 4.11938 0.6346962 0.022522055 0.0042723343 0.03166213 4.7915554 4.202106
0.223 0.6507911 0.0259101 0.01324082 0.04035027 4.973665 4.215377 0.6677743 0.027620964 0.0085648 0.037245817 4.8863287 4.300638
0.224 0.6768798 0.02811796 0.01421078 0.04262442 5.06036 4.304361 0.6997249 0.032612227 0.012772568 0.04269751 4.976128 4.393849
0.225 0.7023964 0.03043381 0.01530289 0.04496872 5.144228 4.387768 0.7304437 0.03746543 0.016865812 0.0479848 5.061183 4.4819074
0.226 0.7268749 0.03284647 0.01650545 0.04737901 5.20963 4.466498 0.7598332 0.042151935 0.020816587 0.053077303 5.1416726 4.5649457
0.227 0.7492124 0.03531903 0.01780572 0.04978472 5.272245 4.539397 0.7878114 0.046646573 0.024600483 0.05794864 5.2177505 4.6430774
0.228 0.7710431 0.03782842 0.01918977 0.0522085 5.341955 4.608514 0.81432116 0.050929643 0.028198592 0.062578596 5.289561 4.716433
0.229 0.7927976 0.04037487 0.02064585 0.054681 5.414119 4.675638 0.83933675 0.054988407 0.03159865 0.066954605 5.35725 4.7851706
0.23 0.814378 0.04297709 0.02201202 0.05720261 5.484629 4.741391 0.8628671 0.058817662 0.034795858 0.071072556 5.4209795 4.8494864
0.231 0.8354916 0.04563861 0.02340716 0.05976267 5.551497 4.805579 0.8849518 0.06241905 0.03779193 0.07493573 5.480921 4.909613
0.232 0.8560221 0.0483434 0.02492374 0.06235166 5.613207 4.866497 0.905656 0.06580005 0.040594198 0.07855383 5.537258 4.9658103
0.233 0.8759449 0.05107156 0.02656398 0.06496578 5.66855 4.920155 0.92506206 0.06897221 0.043213867 0.08194087 5.590185 5.018352
0.234 0.8951305 0.05383044 0.02830714 0.06759487 5.719317 4.964132 0.94326067 0.07194925 0.045664154 0.085113086 5.639896 5.067514
0.235 0.9135869 0.05661447 0.03013038 0.0702328 5.76572 4.985438 0.9603448 0.07474587 0.047959052 0.08808779 5.6865845 5.1135616
0.236 0.9314316 0.05940699 0.03201461 0.07287299 5.808553 5.012106 0.9764049 0.077376686 0.05011248 0.09088185 5.7304406 5.156749
0.237 0.9487847 0.06217516 0.03393557 0.0752833 5.849706 5.050286 0.99152553 0.07985545 0.052137338 0.09351107 5.7716446 5.197306
0.238 0.9657295 0.06489786 0.03587148 0.07779199 5.889874 5.095813 1.0057846 0.08219492 0.05404546 0.095990025 5.8103704 5.235445
0.239 0.982316 0.06761255 0.03783443 0.080448 5.928982 5.144296 1.019253 0.084406696 0.055847622 0.09833192 5.846783 5.2713575
0.24 0.9985605 0.07033134 0.03982774 0.08314714 5.966743 5.192901 1.0319939 0.08650116 0.05755315 0.10054844 5.8810363 5.3052163
0.241 1.014459 0.07305119 0.0418479 0.08584553 6.002912 5.238689 1.0440648 0.08848769 0.059170537 0.102650024 5.9132776 5.337177
0.242 1.029976 0.07576551 0.04388975 0.08852921 6.037352 5.27539 1.0555171 0.0903747 0.06070722 0.104646124 5.943642 5.3673797
0.243 1.045037 0.07846633 0.04594827 0.09119339 6.070019 5.305517 1.0663972 0.092169754 0.062169798 0.10654498 5.9722586 5.395953
0.244 1.059568 0.08114669 0.04801885 0.09383358 6.100923 5.333421 1.0767473 0.09387975 0.06356422 0.10835416 5.999247 5.4230127
0.245 1.073539 0.08380222 0.05009715 0.09644611 6.130083 5.361513 1.0866051 0.09551077 0.06489568 0.11008028 6.0247183 5.448663
0.246 1.086958 0.08642955 0.05217922 0.09902933 6.157597 5.390554 1.0960051 0.097068466 0.06616888 0.11172948 6.048777 5.473001
0.247 1.099864 0.08902713 0.05426154 0.101583 6.183604 5.420448 1.1049786 0.09855793 0.06738814 0.113307156 6.07152 5.4961147
0.248 1.112304 0.09159401 0.05634109 0.1041078 6.208228 5.450778 1.1135538 0.0999837 0.068557136 0.11481818 6.093036 5.518082
0.249 1.124328 0.09412822 0.05841531 0.1066042 6.231568 5.481089 1.121757 0.10135005 0.06967934 0.11626706 6.113409 5.5389795
0.25 1.135979 0.09662784 0.06048203 0.1090728 6.253708 5.510995 1.2642832 0.12501132 0.081374325 0.13590717 6.2736087 5.696094
0.251 1.147126 0.09909177 0.06253929 0.1115098 6.127755 5.456757 1.3108884 0.1334745 0.08505758 0.14236617 6.162804 5.6195483
0.252 1.156621 0.1015116 0.06458379 0.1138822 5.867031 5.293061 1.2778854 0.13013849 0.08161727 0.13778466 5.8785505 5.4056716
0.253 1.162966 0.103862 0.06660724 0.1161195 5.56196 5.081851 1.2384684 0.12698781 0.07977865 0.13413692 5.5519776 5.1809306
0.254 1.165147 0.1061091 0.06859496 0.1181506 5.248234 4.863153 1.2066017 0.12565431 0.079995416 0.1326797 5.2270207 4.962858
0.255 1.162748 0.1082161 0.07052798 0.1199248 4.940526 4.629378 1.1790934 0.12514329 0.08117353 0.1322763 4.913396 4.746032
0.256 1.155818 0.110145 0.07238574 0.1214134 4.644965 4.400256 1.1522032 0.12463822 0.08247488 0.13198721 4.6161203 4.525835
0.257 1.1447 0.1118635 0.07414824 0.1226044 4.364045 4.186801 1.1255957 0.12398455 0.083707325 0.13162646 4.3374734 4.3050966
0.258 1.129889 0.1133471 0.07579744 0.1234984 4.09863 3.985984 1.1005437 0.123350374 0.08498552 0.13136822 4.0773077 4.089439
0.259 1.111938 0.1145786 0.07731796 0.1241036 3.848798 3.794471 1.0780215 0.12289918 0.08643367 0.13138062 3.833874 3.8828852
0.26 1.091391 0.1155474 0.07869742 0.1244325 3.614221 3.610553 1.0580078 0.12265716 0.08805459 0.13167185 3.605099 3.6863642
0.261 1.068758 0.1162483 0.07992635 0.1245001 3.394349 3.433673 1.0398664 0.12255471 0.08976007 0.13213643 3.3893888 3.4990506
0.262 1.04449 0.1166808 0.08099799 0.1243225 3.188514 3.263806 1.0228676 0.12250132 0.0914376 0.13264197 3.1858578 3.3200626
0.263 1.018984 0.1168485 0.08190804 0.1239156 2.995986 3.101077 1.0063946 0.12241376 0.09298129 0.13306704 2.9941647 3.1491477
0.264 0.992576 0.1167578 0.08265431 0.1232954 2.816008 2.935573 0.9899595 0.12221689 0.0942994 0.13330758 2.8142066 2.9865456
0.265 0.9655519 0.1164176 0.08323644 0.1224771 2.647823 2.776872 0.9731934 0.12184597 0.09532096 0.13328207 2.645856 2.8325958
0.266 0.9381497 0.115839 0.08365559 0.1214747 2.490681 2.632276 0.95584524 0.12125295 0.09600092 0.13293669 2.4888086 2.6874208
0.267 0.910567 0.1150339 0.08391414 0.1203019 2.343865 2.499257 0.9377661 0.12040917 0.0963198 0.13224486 2.3425527 2.550802
0.268 0.8829673 0.1140155 0.08401553 0.1189719 2.20669 2.374927 0.9188811 0.1193017 0.0962766 0.13120022 2.2064097 2.4222345
0.269 0.8554852 0.1127978 0.08396404 0.1174968 2.07851 2.257494 0.89915556 0.11792693 0.09587983 0.12980735 2.0796251 2.3010626
0.27 0.8282313 0.1113948 0.08376462 0.1158886 1.958715 2.146026 0.8785628 0.116284065 0.09513988 0.12807325 1.9614539 2.186604
0.271 0.801296 0.1098208 0.08342276 0.1141582 1.846731 2.040052 0.8570625 0.11437134 0.09406554 0.12600303 1.8512254 2.078229
0.272 0.7747528 0.1080901 0.08294435 0.1123163 1.742016 1.939306 0.8345866 0.11218593 0.092664786 0.12359976 1.7483745 1.9753889
0.273 0.7486606 0.1062167 0.08233558 0.1103728 1.644064 1.84359 0.8110381 0.109727256 0.09094962 0.120868675 1.6524453 1.8776243
0.274 0.723066 0.1042143 0.08160284 0.1083372 1.552401 1.75272 0.78630006 0.10700292 0.08894364 0.11782419 1.5630826 1.7845831
0.275 0.698005 0.1020958 0.08075267 0.1062184 1.466586 1.666505 0.76024973 0.104033224 0.08668747 0.11449521 1.4800016 1.6960248
0.276 0.6735052 0.0998741 0.07979167 0.104025 1.386206 1.584746 0.73277473 0.100851215 0.08423769 0.110925294 1.4029351 1.6118026
0.277 0.6495873 0.09756108 0.07872644 0.1017649 1.310879 1.507233 0.70380294 0.09749714 0.081656806 0.10716557 1.3315554 1.5318058
0.278 0.6262661 0.09516818 0.07756355 0.0994457 1.240249 1.433759 0.6733812 0.09401522 0.07900291 0.1032697 1.2653747 1.455899
0.279 0.6035518 0.09270618 0.0763095 0.09707467 1.173987 1.364115 0.64181423 0.09046062 0.07632961 0.099301554 1.2036353 1.3838944
0.28 0.5814505 0.09018519 0.0749707 0.09465855 1.111786 1.2981 0.609794 0.086915396 0.073699825 0.095353894 1.1452497 1.3155671
0.281 0.5599644 0.08761467 0.0735534 0.09220374 1.053364 1.235517 0.57837456 0.08349187 0.07119437 0.09155389 1.0889015 1.2506735
0.282 0.5390929 0.08500347 0.07206372 0.08971627 0.9984561 1.176179 0.5487176 0.08030734 0.06889593 0.08803507 1.0333894 1.1889629
0.283 0.5188326 0.08235978 0.07050762 0.08720181 0.9468203 1.119905 0.52173144 0.077441685 0.0668548 0.084887885 0.9780984 1.130218
0.284 0.4991781 0.0796912 0.06889084 0.08466567 0.898231 1.066526 0.49783054 0.07491059 0.06506615 0.082127385 0.9232993 1.0743257
0.285 0.480122 0.07700475 0.06721896 0.08211283 0.8524795 1.01588 0.47693697 0.0726719 0.06347721 0.07970034 0.87003183 1.0213342
0.286 0.4616554 0.07430689 0.06549734 0.07954796 0.8093728 0.9678128 0.4586512 0.070652805 0.062013753 0.07751795 0.81963205 0.9714284
0.287 0.4437683 0.07160353 0.06373112 0.07697539 0.7687318 0.9221811 0.4424505 0.068775944 0.060605176 0.07548841 0.7731936 0.9248217
0.288 0.4264495 0.0689001 0.06192525 0.0743992 0.7303909 0.8788482 0.42782113 0.066972144 0.059196375 0.0735343 0.7312238 0.88162625
0.289 0.4096873 0.06620154 0.06008444 0.07182316 0.6941967 0.8376857 0.41431832 0.065182365 0.057748668 0.07159608 0.6935793 0.8417689
0.29 0.393469 0.06351235 0.05821319 0.06925079 0.6600072 0.7985724 0.401577 0.063354455 0.056235008 0.069628395 0.65960073 0.80497223
0.291 0.3777818 0.06083659 0.05631579 0.06668534 0.6276905 0.7613944 0.38930598 0.061441235 0.054635696 0.067596026 0.6283481 0.77079314
0.292 0.3626125 0.05817796 0.05439631 0.06412983 0.5971248 0.7260442 0.37728432 0.05940301 0.05293653 0.065472506 0.59886765 0.7386941
0.293 0.3479475 0.05553976 0.0524586 0.06158705 0.5681969 0.6924209 0.365369 0.057215355 0.05112984 0.06324267 0.5704571 0.7081375
0.294 0.3337732 0.05292498 0.05050632 0.05905958 0.540802 0.6604294 0.35350242 0.054877378 0.049217038 0.06090594 0.54284525 0.6786854
0.295 0.320076 0.05033628 0.04854291 0.05654978 0.5148426 0.6299804 0.34170058 0.052413665 0.04720857 0.058476083 0.5161909 0.65006804
0.296 0.3068422 0.04777601 0.04657162 0.05405983 0.4902286 0.6009897 0.3300201 0.0498657 0.045121126 0.055975936 0.4908726 0.62220013
0.297 0.2940584 0.04524627 0.04459551 0.05159171 0.466876 0.5733782 0.3185198 0.047277816 0.04297311 0.053429864 0.4672192 0.595135
0.298 0.2817109 0.04274891 0.04261745 0.04914723 0.4447072 0.5470715 0.3072403 0.044686012 0.04078137 0.050858654 0.4453636 0.5689932
0.299 0.2697867 0.04028554 0.04064013 0.04672805 0.4236496 0.5219996 0.29620403 0.042113833 0.038559847 0.04827767 0.4252502 0.54389656
0.3 0.2582725 0.03785755 0.03866606 0.04433567 0.4036362 0.4980965 0.3002219 0.04199738 0.046578936 0.05309581 0.43490264 0.54476786
0.301 0.2473201 0.03546629 0.03669763 0.04197388 0.5315748 0.5587597 0.28010854 0.033803903 0.037716724 0.04411786 0.6688634 0.67123324
0.302 0.2380893 0.03311754 0.03473856 0.03967758 0.7941554 0.7123656 0.27575937 0.028208427 0.031120293 0.037986062 0.87666523 0.82272804
0.303 0.2320853 0.03083239 0.03279777 0.03751875 1.100959 0.9105126 0.27307674 0.022426523 0.024285309 0.031673633 1.1161084 1.0078115
0.304 0.2303208 0.02864747 0.03089047 0.03556845 1.41629 1.12843 0.2665602 0.0154805705 0.016253747 0.024045765 1.3845257 1.2144783
0.305 0.2332072 0.02660569 0.02903619 0.03387801 1.725478 1.353018 0.2557229 0.007501431 0.0071694925 0.015220754 1.672485 1.4316638
0.306 0.2406876 0.02474768 0.02725602 0.03247697 2.0224 1.577203 0.24295312 -0.00078447163 -0.0022278354 0.0060034245 1.966331 1.6490539
0.307 0.25241 0.02310704 0.02557049 0.03137723 2.304566 1.797087 0.23266447 -0.008369245 -0.010929689 -0.002458401 2.2537498 1.8625807
0.308 0.2678689 0.02170886 0.02399811 0.03057832 2.571128 2.010495 0.2290009 -0.014384277 -0.01807534 -0.009168692 2.5269234 2.072414
0.309 0.2865041 0.02057006 0.02255462 0.03007188 2.822026 2.216219 0.2340433 -0.018372588 -0.02321095 -0.013607867 2.7823074 2.2785552
0.31 0.3077619 0.01970045 0.02125273 0.02984497 3.057611 2.413618 0.24772194 -0.02029369 -0.026288345 -0.015735231 3.019016 2.4794512
0.311 0.3311283 0.01910403 0.02010217 0.02988228 3.278446 2.602397 0.26870784 -0.020376548 -0.02752208 -0.01581341 3.2374325 2.6729543
0.312 0.3561447 0.01878013 0.01910986 0.0301676 3.485213 2.782481 0.2952563 -0.018968053 -0.027244829 -0.0142336115 3.4384642 2.8573098
0.313 0.382412 0.01872438 0.01828025 0.03068457 3.67865 2.953942 0.32569334 -0.016429141 -0.025807105 -0.011399321 3.6232715 3.0314932
0.314 0.409589 0.01892948 0.01761564 0.03141722 3.859515 3.116946 0.35863134 -0.013076343 -0.023519717 -0.007663332 3.7932014 3.1951823
0.315 0.4373876 0.01938591 0.01711645 0.03235019 4.027938 3.271729 0.3930231 -0.009158678 -0.020629987 -0.003303349 3.9497466 3.348601
0.316 0.4655663 0.02008244 0.01678157 0.03346886 4.184115 3.418566 0.4281262 -0.0048590526 -0.017321892 0.0014758259 4.094455 3.4923434
0.317 0.4939242 0.02100653 0.01660859 0.03475922 4.329646 3.557763 0.4634348 -0.00030636042 -0.01372695 0.006529011 4.2288237 3.6272
0.318 0.5222948 0.02214459 0.01659404 0.03620799 4.465862 3.689638 0.49860856 0.0044094846 -0.00993824 0.011754163 4.354211 3.7540154
0.319 0.5505411 0.02348243 0.01673358 0.03780259 4.593628 3.814521 0.53341794 0.009225249 -0.006021999 0.017079316 4.471778 3.8735957
0.32 0.5785504 0.02500558 0.01702218 0.03953132 4.71104 3.932703 0.5677023 0.01409477 -0.0020268634 0.022451885 4.5824785 3.9866493
0.321 0.6051574 0.02669565 0.01745369 0.04136011 4.806161 4.042674 0.60134065 0.018982 0.0020093098 0.027831137 4.6870637 4.0937653
0.322 0.6309596 0.02852386 0.01801795 0.04325696 4.901826 4.144289 0.6342318 0.023856297 0.0060547814 0.033182867 4.7861104 4.195407
0.323 0.6567717 0.03047502 0.01870723 0.04525606 4.99967 4.239807 0.666281 0.028689139 0.010080509 0.038475774 4.880052 4.291922
0.324 0.6824993 0.03254502 0.01951699 0.04736384 5.095568 4.330785 0.697393 0.033452444 0.014058448 0.043679394 4.9692087 4.3835583
0.325 0.7078304 0.03472907 0.02044233 0.04956158 5.186802 4.417828 0.7274698 0.038117893 0.017960623 0.048763327 5.053818 4.4704833
0.326 0.7325724 0.03701893 0.02138052 0.05183192 5.272328 4.501119 0.75641453 0.042657606 0.021759823 0.05369789 5.134061 4.552814
0.327 0.7565194 0.03939305 0.02231245 0.05415474 5.3508 4.578667 0.7841363 0.047045223 0.025430448 0.05845516 5.210081 4.630635
0.328 0.7796064 0.04183627 0.02338364 0.05652128 5.422008 4.649127 0.81055987 0.051257752 0.028950267 0.06301116 5.2820067 4.7040286
0.329 0.8019257 0.04435124 0.02461113 0.05893105 5.487892 4.714665 0.8356331 0.05527734 0.032302134 0.06734752 5.349963 4.773094
0.33 0.8234956 0.04693156 0.0259755 0.06138055 5.549834 4.774672 0.85933274 0.059092395 0.035474963 0.07145291 5.414081 4.8379607
0.331 0.8442564 0.04956339 0.02745199 0.06385851 5.608429 4.826109 0.8816657 0.062697954 0.038464062 0.07532326 5.4745045 4.8987947
0.332 0.8642862 0.05223006 0.02901902 0.06636018 5.66254 4.857693 0.90266657 0.066095196 0.041270725 0.078961216 5.5313897 4.9557953
0.333 0.8837204 0.05491466 0.0306597 0.06888002 5.712684 4.895693 0.92239213 0.06929044 0.04390105 0.08237498 5.5849066 5.0091867
0.334 0.902671 0.05759392 0.03235515 0.07123519 5.76048 4.943634 0.94091487 0.07229351 0.046364613 0.085576646 5.6352296 5.059208
0.335 0.9212044 0.06024091 0.03408087 0.07363058 5.806547 4.997145 0.9583144 0.07511637 0.048672818 0.08858039 5.682536 5.106101
0.336 0.9393565 0.06289151 0.03584742 0.07619753 5.850878 5.052191 0.9746741 0.077771984 0.050837986 0.09140133 5.7270055 5.150103
0.337 0.9571336 0.0655608 0.03765951 0.0788289 5.893295 5.106322 0.9900744 0.08027323 0.052872322 0.09405448 5.7688117 5.1914353
0.338 0.9745262 0.06824598 0.03951399 0.08147473 5.93366 5.158204 1.0045917 0.08263252 0.054787315 0.09655399 5.8081226 5.230307
0.339 0.9915114 0.07093973 0.04140543 0.08411821 5.971923 5.202512 1.0182967 0.084861256 0.056593694 0.09891298 5.8450985 5.266909
0.34 1.008027 0.07363432 0.04332828 0.08675306 6.008108 5.237863 1.0312543 0.08697004 0.058301024 0.10114338 5.8798914 5.3014154
0.341 1.023993 0.07632143 0.04527734 0.08937534 6.042283 5.268938 1.0435231 0.08896852 0.05991807 0.103256024 5.912647 5.333984
0.342 1.03936 0.07899367 0.04724772 0.09198015 6.07452 5.299161 1.0551555 0.09086511 0.061452366 0.105260395 5.943499 5.364757
0.343 1.05412 0.08164595 0.04923472 0.0945637 6.104897 5.329981 1.0661999 0.09266778 0.06291094 0.10716524 5.9725776 5.3938646
0.344 1.068305 0.08427527 0.051234 0.09712433 6.133559 5.361629 1.0766993 0.094383515 0.06429983 0.108978294 6.0 5.4214253
0.345 1.081959 0.08688009 0.05324171 0.09966167 6.16066 5.393805 1.0866929 0.09601868 0.06562451 0.11070647 6.02588 5.4475455
0.346 1.095135 0.08945879 0.05525443 0.1021758 6.186325 5.426061 1.0962163 0.097578965 0.06688986 0.11235603 6.0503216 5.472324
0.347 1.107881 0.0920086 0.05726925 0.1046669 6.210655 5.457984 1.1053017 0.09906968 0.06810025 0.1139326 6.073421 5.49585
0.348 1.120234 0.09452763 0.05928356 0.1071348 6.233736 5.489248 1.1139787 0.10049557 0.06925965 0.115441315 6.095269 5.518206
0.349 1.132227 0.09701455 0.06129505 0.1095776 6.255648 5.519628 1.122274 0.10186095 0.07037159 0.11688673 6.115951 5.539467
0.35 1.143882 0.09946465 0.06330151 0.1119956 6.276465 5.529184 1.2619829 0.124912925 0.08147394 0.13584733 6.271815 5.6942487
0.351 1.155049 0.1018727 0.06530108 0.1143864 6.149275 5.453982 1.3073008 0.13307685 0.08483923 0.14195609 6.16162 5.6186967
0.352 1.164568 0.1042364 0.0672905 0.1167147 5.887379 5.296428 1.2742393 0.12966713 0.08130973 0.13728955 5.880219 5.4076705
0.353 1.170926 0.1065403 0.06926129 0.1189092 5.581193 5.083169 1.235425 0.12656778 0.07950755 0.13370293 5.5570393 5.1864157
0.354 1.173103 0.1087501 0.07119866 0.1208994 5.266408 4.860844 1.2043445 0.12532571 0.07979994 0.13235259 5.234954 4.971492
0.355 1.170679 0.1108241 0.07308352 0.122634 4.957698 4.643823 1.1775913 0.12491212 0.08106207 0.132063 4.9232807 4.757034
0.356 1.1637 0.1127224 0.07489513 0.1240834 4.6612 4.4329 1.1514566 0.12451612 0.08246168 0.13190097 4.627053 4.5385456
0.357 1.15251 0.1144108 0.07661325 0.1252355 4.379421 4.227419 1.125673 0.123991884 0.08381566 0.1316916 4.3486905 4.31914
0.358 1.13761 0.1158634 0.07821963 0.1260903 4.113229 4.027365 1.1015182 0.123505555 0.08523793 0.13160822 4.0881987 4.104579
0.359 1.119552 0.1170622 0.0796987 0.1266561 3.862695 3.83323 1.0799073 0.12320984 0.0868428 0.13180691 3.843973 3.89884
0.36 1.098886 0.1179961 0.08103787 0.1269455 3.627481 3.645644 1.0607543 0.1231192 0.08862095 0.13228181 3.6141016 3.7027724
0.361 1.076124 0.1186603 0.08222752 0.1269736 3.407026 3.45337 1.0433961 0.12315843 0.090476386 0.13291931 3.397157 3.5155845
0.362 1.05172 0.1190548 0.08326078 0.1267565 3.200644 3.268023 1.0271045 0.12323598 0.09229273 0.13358405 3.1924016 3.3365307
0.363 1.026071 0.1191834 0.08413322 0.12631 3.007591 3.098481 1.0112705 0.12326803 0.09396165 0.13415298 2.999603 3.1655197
0.364 0.9995153 0.119053 0.08484254 0.1256498 2.827102 2.941993 0.9954078 0.123178236 0.09538957 0.13452059 2.8187242 3.0029073
0.365 0.9723372 0.1186727 0.08538826 0.1247911 2.65842 2.795332 0.9791492 0.122901104 0.09650519 0.13460493 2.6496613 2.849083
0.366 0.9447762 0.1180536 0.08577145 0.1237484 2.500809 2.656516 0.96224535 0.12238931 0.09726497 0.13435343 2.4921052 2.7041523
0.367 0.9170315 0.1172081 0.08599444 0.1225354 2.353555 2.524545 0.944554 0.12161643 0.09765252 0.1337426 2.3455172 2.5678434
0.368 0.8892681 0.1161493 0.08606064 0.1211652 2.215978 2.398936 0.9260087 0.120572545 0.0976704 0.13276967 2.2091813 2.4395835
0.369 0.8616221 0.1148914 0.0859743 0.1196503 2.087426 2.27943 0.9065846 0.11925701 0.09733059 0.13144276 2.0823045 2.3186636
0.37 0.8342053 0.1134484 0.08574035 0.1180023 1.967286 2.165835 0.88626826 0.117671676 0.09664609 0.12977189 1.9641078 2.2043734
0.371 0.8071083 0.1118347 0.08536426 0.1162325 1.854978 2.057964 0.86503184 0.11581654 0.0956273 0.12776428 1.8538951 2.096075
0.372 0.7804045 0.1100645 0.0848519 0.1143514 1.749957 1.955613 0.84282005 0.11368946 0.09428217 0.12542376 1.7510812 1.9932272
0.373 0.7541526 0.108152 0.08420946 0.1123689 1.651714 1.85856 0.81954765 0.11128927 0.092621304 0.122754894 1.6552005 1.8953841
0.374 0.7283994 0.1061107 0.08344332 0.1102946 1.559774 1.766572 0.7951069 0.10862178 0.09066536 0.11976994 1.5658897 1.8022028
0.375 0.703182 0.1039537 0.08256001 0.1081374 1.473692 1.679409 0.7693819 0.10570506 0.08845157 0.116495274 1.4828624 1.7134516
0.376 0.6785288 0.1016938 0.08156613 0.1059058 1.393057 1.596829 0.74226445 0.102571 0.08603489 0.112973206 1.4058537 1.6289935
0.377 0.6544615 0.099343 0.08046828 0.103608 1.317484 1.518596 0.713681 0.0992611 0.08348002 0.1092566 1.3345419 1.5487363
0.378 0.6309956 0.0969127 0.07927304 0.1012516 1.246618 1.444479 0.6836587 0.09582166 0.08085003 0.10540243 1.2684326 1.472558
0.379 0.6081412 0.09441372 0.07798693 0.09884374 1.180129 1.374253 0.6524559 0.092308424 0.07820318 0.101476185 1.2067435 1.4002693
0.38 0.5859042 0.0918562 0.07661637 0.0963913 1.117709 1.307706 0.62069523 0.08879953 0.07560239 0.09756694 1.148353 1.331625
0.381 0.5642869 0.08924964 0.07516761 0.09390068 1.059076 1.244634 0.5893627 0.08540008 0.07312306 0.09379377 1.0919203 1.2663574
0.382 0.5432882 0.08660287 0.07364681 0.09137789 1.003966 1.184842 0.55958927 0.082221575 0.070841365 0.09028307 1.0362493 1.2042099
0.383 0.5229046 0.08392414 0.0720599 0.08882862 0.9521357 1.128147 0.5323062 0.07934383 0.06880509 0.08712443 0.98075855 1.1449807
0.384 0.5031303 0.08122103 0.07041267 0.08625817 0.9033592 1.074375 0.5079937 0.07678867 0.067012705 0.0843393 0.9257606 1.088588
0.385 0.4839577 0.07850059 0.06871068 0.08367152 0.8574278 1.02336 0.48665228 0.07452286 0.06541791 0.08188412 0.8723314 1.0351117
0.386 0.4653778 0.07576926 0.06695931 0.08107334 0.8141479 0.9749478 0.46794656 0.07248167 0.063952796 0.07967893 0.82183456 0.9847616
0.387 0.4473803 0.07303299 0.06516371 0.07846797 0.7733404 0.9289916 0.4513915 0.070592724 0.06255063 0.07763734 0.775386 0.9377692
0.388 0.4299541 0.07029718 0.06332881 0.07585948 0.7348393 0.8853534 0.43648943 0.06878937 0.061158203 0.0756843 0.7335067 0.89426047
0.389 0.4130872 0.06756679 0.06145936 0.07325163 0.6984911 0.843903 0.42279664 0.06701317 0.05973696 0.07376058 0.6960623 0.85417205
0.39 0.396767 0.06484632 0.05955984 0.07064795 0.6641534 0.804518 0.4099417 0.06521153 0.058259286 0.07182 0.6623974 0.8172326
0.391 0.3809805 0.06213983 0.05763455 0.0680517 0.6316942 0.7670832 0.39762363 0.06333613 0.05670432 0.06982576 0.63156676 0.7829998
0.392 0.3657145 0.05945102 0.05568756 0.06546589 0.6009913 0.7314903 0.38561 0.061345436 0.055056326 0.06774951 0.6026007 0.7509316
0.393 0.3509554 0.05678319 0.05372274 0.06289331 0.5719314 0.6976371 0.37374523 0.059212334 0.053305946 0.065573744 0.5747677 0.72048026
0.394 0.3366896 0.05413933 0.05174372 0.06033654 0.5444094 0.6654279 0.36195877 0.05693283 0.05145257 0.0632953 0.54776084 0.6911899
0.395 0.3229033 0.05152209 0.04975398 0.05779794 0.5183277 0.6347724 0.35025606 0.05452863 0.04950493 0.060925715 0.5217047 0.6627712
0.396 0.309583 0.04893383 0.04775674 0.05527968 0.493596 0.6055856 0.33868557 0.05203914 0.04747819 0.058485992 0.4969574 0.63511837
0.397 0.2967149 0.04637664 0.04575508 0.05278376 0.4701301 0.577788 0.32729954 0.049507298 0.04538936 0.055998914 0.4738331 0.60826737
0.398 0.2842857 0.04385237 0.04375187 0.05031198 0.4478521 0.5513043 0.3161311 0.046967573 0.043253608 0.05348342 0.4524493 0.582322
0.399 0.272282 0.04136262 0.04174979 0.047866 0.4266894 0.526064 0.30519304 0.04444132 0.04108257 0.050952412 0.4327322 0.55738664
0.4 0.2606907 0.03890879 0.03975136 0.0454473 0.4065747 0.5020007 0.29448172 0.041936748 0.038883246 0.048412226 0.4144878 0.5335189
0.401 0.2494988 0.03649207 0.03775892 0.04305723 0.3874452 0.4790518 0.2839768 0.039450325 0.03665697 0.045862265 0.39746144 0.51070803
0.402 0.2386937 0.03411349 0.03577466 0.04069699 0.3692426 0.4571585 0.2736412 0.036969192 0.034399144 0.04329505 0.38136998 0.48887703
0.403 0.2282629 0.03177388 0.03380061 0.03836767 0.3519127 0.4362655 0.2634225 0.034473844 0.03209997 0.04069742 0.3659304 0.46789894
0.404 0.2181944 0.02947394 0.03183865 0.03607021 0.3354047 0.4163207 0.25326002 0.031941824 0.029746495 0.038053088 0.3508807 0.44762346
0.405 0.2084762 0.02721425 0.02989052 0.03380546 0.3196716 0.3972748 0.24309677 0.029352285 0.027326189 0.03534653 0.3360069 0.4279071
0.406 0.1990968 0.02499522 0.02795782 0.03157415 0.3046693 0.3790818 0.23289335 0.026690789 0.024830699 0.03256733 0.3211669 0.40864107
0.407 0.1900448 0.02281718 0.02604202 0.0293769 0.2903567 0.3616979 0.22263923 0.023952968 0.022259243 0.029714026 0.30629995 0.3897718
0.408 0.1813093 0.02068033 0.02414448 0.02721425 0.2766957 0.3450822 0.21235862 0.021146543 0.01962047 0.026795827 0.2914295 0.37130842
0.409 0.1728795 0.01858479 0.02226642 0.02508665 0.2636503 0.3291959 0.20211008 0.018291175 0.016932696 0.023832925 0.27664992 0.35331944
0.41 0.1647451 0.01653058 0.02040896 0.02299446 0.2511871 0.3140024 0.19197857 0.015416078 0.014222182 0.02085431 0.2621059 0.33591655
0.411 0.156896 0.01451765 0.01857312 0.02093796 0.2392748 0.2994674 0.18206352 0.012556188 0.011519961 0.017894186 0.2479628 0.3192332
0.412 0.1493223 0.01254588 0.01675982 0.01891738 0.2278841 0.2855582 0.17246526 0.009747729 0.00885836 0.014987849 0.23438105 0.30339897
0.413 0.1420145 0.01061507 0.01496987 0.01693285 0.2169875 0.2722443 0.1632719 0.007023953 0.006267227 0.012167655 0.22149298 0.28851986
0.414 0.1349634 0.00872498 0.01320401 0.01498446 0.2065593 0.2594965 0.15455016 0.0044119433 0.0037712902 0.009459898 0.20938858 0.27466214
0.415 0.1281602 0.006875307 0.01146287 0.01307223 0.1965754 0.2472876 0.14634022 0.0019306317 0.0013882518 0.006882943 0.19811067 0.26184753
0.416 0.121596 0.005065704 0.009747035 0.01119614 0.1870131 0.2355915 0.13865525 -0.00040961057 -0.00087159127 0.004446827 0.18765667 0.25005367
0.417 0.1152626 0.003295783 0.008056981 0.009356116 0.1778512 0.224384 0.1314846 -0.0026062652 -0.003004916 0.002153866 0.1779891 0.239222
0.418 0.1091518 0.001565117 0.006393134 0.007552026 0.1690698 0.2136417 0.1247989 -0.004663326 -0.005014196 2.2351742e-08 0.16904321 0.22926758
0.419 0.1032558 -0.0001267519 0.004755847 0.005783708 0.16065 0.2033427 0.1185567 -0.0065893456 -0.006906159 -0.0020231754 0.16074148 0.22009091
0.42 0.09756696 -0.001780312 0.003145412 0.004050957 0.1525742 0.1934665 0.11270995 -0.0083957985 -0.008690231 -0.003927119 0.15300098 0.21158753
0.421 0.092078 -0.003396075 0.001562062 0.002353533 0.1448257 0.1839933 0.10720935 -0.010095455 -0.010377251 -0.0057244524 0.14574176 0.20365489
0.422 0.0867818 -0.004974578 5.977107e-06 0.0006911625 0.137389 0.1749046 0.10200774 -0.011701219 -0.011978291 -0.0074279234 0.13889083 0.1961992
0.423 0.08167152 -0.006516374 -0.001522715 -0.0009364563 0.1302491 0.1661826 0.09706285 -0.01322528 -0.013503931 -0.009049535 0.13238412 0.18913665
0.424 0.07674054 -0.008022033 -0.003023934 -0.002529654 0.1233923 0.1578109 0.09233814 -0.014678642 -0.014963821 -0.0106000975 0.12616906 0.1823964
0.425 0.07198246 -0.009492138 -0.004497642 -0.004088784 0.1168053 0.1497734 0.08780333 -0.01607082 -0.016366348 -0.012088932 0.12020117 0.17591804
0.426 0.06739112 -0.01092729 -0.005943845 -0.005614225 0.1104758 0.1420553 0.08343422 -0.017409839 -0.017718576 -0.013523847 0.11444676 0.16965401
0.427 0.06296057 -0.01232808 -0.007362585 -0.007106373 0.1043921 0.1346422 0.07921191 -0.018702246 -0.019026347 -0.01491119 0.10887703 0.16356492
0.428 0.05868504 -0.01369513 -0.00875394 -0.008565643 0.09854291 0.1275206 0.07512217 -0.019953325 -0.020294294 -0.01625599 0.10347253 0.15762165
0.429 0.05455899 -0.01502906 -0.01011802 -0.009992465 0.09291791 0.1206776 0.07115445 -0.02116713 -0.021526061 -0.017562129 0.09821597 0.15180093
0.43 0.05057707 -0.01633048 -0.01145497 -0.01138729 0.08750712 0.1141012 0.06730109 -0.02234684 -0.022724383 -0.018832542 0.093096286 0.14608687
0.431 0.04673411 -0.01760001 -0.01276495 -0.01275056 0.08230114 0.1077796 0.063556485 -0.023494802 -0.023891322 -0.02006942 0.0881038 0.14046673
0.432 0.04302514 -0.01883829 -0.01404816 -0.01408276 0.07729106 0.1017019 0.059916608 -0.024612762 -0.025028408 -0.021274365 0.08323249 0.13493323
0.433 0.03944534 -0.02004593 -0.01530482 -0.01538436 0.07246841 0.0958575 0.05637846 -0.025701962 -0.026136674 -0.022448473 0.07847792 0.1294815
0.434 0.03599008 -0.02122356 -0.01653517 -0.01665585 0.06782518 0.0902365 0.052939616 -0.026763305 -0.027216882 -0.023592554 0.07383636 0.12410915
0.435 0.0326549 -0.02237179 -0.01773946 -0.01789772 0.06335376 0.0848294 0.04959791 -0.027797416 -0.028269537 -0.02470716 0.069306195 0.11881566
0.436 0.02943548 -0.02349124 -0.01891797 -0.01911046 0.0590469 0.07962715 0.046351455 -0.028804757 -0.029295012 -0.02579271 0.064886004 0.11360216
0.437 0.02632768 -0.02458253 -0.02007099 -0.02029458 0.05489774 0.07462115 0.043198027 -0.02978567 -0.030293591 -0.02684956 0.06057477 0.10847032
0.438 0.02332749 -0.02564625 -0.02119883 -0.02145058 0.05089975 0.0698032 0.04013536 -0.030740485 -0.031265557 -0.027878024 0.056372255 0.10342261
0.439 0.02043104 -0.02668302 -0.0223018 -0.02257897 0.04704669 0.06516548 0.037161134 -0.03166943 -0.032211103 -0.028878398 0.05227804 0.098462224
0.44 0.01763463 -0.02769342 -0.02338024 -0.02368027 0.04333266 0.06070055 0.034272812 -0.032572813 -0.033130527 -0.029851027 0.048292458 0.093592346
0.441 0.01493465 -0.02867805 -0.02443449 -0.02475496 0.03975202 0.05640131 0.031467684 -0.0334509 -0.034024104 -0.030796282 0.044415355 0.088816166
0.442 0.01232767 -0.02963749 -0.0254649 -0.02580358 0.0362994 0.05226097 0.028743036 -0.034304053 -0.03489218 -0.031714566 0.040646136 0.084136575
0.443 0.009810345 -0.0305723 -0.02647182 -0.02682661 0.03296968 0.04827309 0.026096113 -0.03513261 -0.035735108 -0.03260632 0.036984563 0.079556674
0.444 0.00737947 -0.03148307 -0.02745562 -0.02782457 0.02975799 0.04443148 0.023524232 -0.035936944 -0.036553305 -0.03347204 0.033430725 0.075078905
0.445 0.005031952 -0.03237034 -0.02841667 -0.02879796 0.02665966 0.04073026 0.021024562 -0.036717527 -0.03734725 -0.034312256 0.029983938 0.07070601
0.446 0.00276481 -0.03323466 -0.02935534 -0.02974728 0.02367026 0.03716381 0.018594526 -0.03747482 -0.038117424 -0.035127528 0.026643068 0.06643933
0.447 0.0005751756 -0.03407658 -0.030272 -0.03067303 0.02078554 0.03372674 0.016231798 -0.03820926 -0.03886432 -0.0359184 0.023407549 0.062280715
0.448 -0.001539719 -0.03489663 -0.03116705 -0.0315757 0.01800145 0.03041393 0.013933964 -0.038921393 -0.039588477 -0.036685467 0.020276308 0.058231324
0.449 -0.00358254 -0.03569533 -0.03204086 -0.03245578 0.01531411 0.02722047 0.011698805 -0.039611716 -0.040290438 -0.037429325 0.01724708 0.054291576
0.45 -0.005555855 -0.03647319 -0.03289381 -0.03331375 0.01271983 0.02414166 0.009524472 -0.040280767 -0.040970776 -0.038150556 0.014319509 0.050462037
0.451 -0.007462137 -0.03723072 -0.03372629 -0.03415009 0.01021506 0.02117302 0.0074089393 -0.04092907 -0.041630033 -0.038849786 0.01149109 0.04674229
0.452 -0.009303772 -0.03796842 -0.03453869 -0.03496527 0.007796418 0.01831025 0.0053505823 -0.041557178 -0.042268775 -0.039527573 0.008760184 0.043132097
0.453 -0.01108306 -0.03868677 -0.03533139 -0.03575976 0.005460662 0.01554926 0.0033478662 -0.0421656 -0.04288755 -0.04018449 0.0061246157 0.03963071
0.454 -0.0128022 -0.03938625 -0.03610477 -0.03653403 0.003204688 0.0128861 0.001399301 -0.04275488 -0.043486908 -0.040821128 0.0035823584 0.036236703
0.455 -0.01446334 -0.04006732 -0.03685922 -0.03728852 0.001025524 0.01031701 -0.00049646944 -0.04332553 -0.044067387 -0.04143802 0.0011312664 0.03294888
0.456 -0.01606853 -0.04073045 -0.03759511 -0.03802369 -0.001079678 0.007838393 -0.0023406222 -0.043878086 -0.04462953 -0.04203572 -0.0012315512 0.029765189
0.457 -0.01761974 -0.04137608 -0.03831283 -0.03873997 -0.003113644 0.005446796 -0.0041343346 -0.04441304 -0.04517384 -0.042614777 -0.0035078526 0.026684284
0.458 -0.01911889 -0.04200465 -0.03901274 -0.03943782 -0.005078992 0.003138911 -0.0058786497 -0.044930868 -0.04570081 -0.04317566 -0.005700797 0.023703873
0.459 -0.02056781 -0.04261659 -0.03969523 -0.04011764 -0.006978228 0.0009115706 -0.00757464 -0.045432102 -0.046210967 -0.043718927 -0.0078124404 0.020821542
0.46 -0.02196827 -0.04321233 -0.04036066 -0.04077987 -0.008813759 -0.001238261 -0.009223364 -0.04591719 -0.04670479 -0.044245042 -0.009845734 0.018035293
0.461 -0.02332198 -0.04379226 -0.04100939 -0.04142492 -0.01058789 -0.003313496 -0.010825641 -0.046386607 -0.04718274 -0.044754487 -0.011802644 0.015342355
0.462 -0.02463057 -0.04435681 -0.04164178 -0.04205319 -0.01230284 -0.005316923 -0.012382545 -0.04684081 -0.04764528 -0.045247734 -0.013686448 0.012740463
0.463 -0.02589564 -0.04490636 -0.0422582 -0.0426651 -0.01396073 -0.007251221 -0.013894938 -0.04728023 -0.048092857 -0.04572524 -0.015498996 0.010226965
0.464 -0.02711871 -0.04544129 -0.04285899 -0.04326102 -0.01556361 -0.009118956 -0.0153637305 -0.04770533 -0.048525922 -0.04618746 -0.017243415 0.007799417
0.465 -0.02830124 -0.04596198 -0.04344451 -0.04384135 -0.01711343 -0.01092259 -0.016789742 -0.048116505 -0.04894489 -0.046634816 -0.018921643 0.005455196
0.466 -0.02944466 -0.04646881 -0.0440151 -0.04440647 -0.01861208 -0.01266449 -0.01817406 -0.048514195 -0.049350187 -0.04706775 -0.020536333 0.0031915307
0.467 -0.03055033 -0.04696212 -0.04457109 -0.04495675 -0.02006137 -0.01434692 -0.019517325 -0.04889878 -0.0497422 -0.047486648 -0.022090226 0.0010062158
0.468 -0.03161956 -0.04744228 -0.04511282 -0.04549255 -0.02146304 -0.01597207 -0.02082058 -0.049270667 -0.050121337 -0.04789194 -0.023584574 -0.0011034012
0.469 -0.03265362 -0.04790961 -0.04564062 -0.04601423 -0.02281876 -0.01754201 -0.022084676 -0.049630232 -0.050487988 -0.048284013 -0.025022894 -0.0031400323
0.47 -0.03365374 -0.04836447 -0.04615481 -0.04652214 -0.02413013 -0.01905877 -0.023310535 -0.04997788 -0.05084253 -0.04866328 -0.02640608 -0.0051056147
0.471 -0.03462109 -0.04880716 -0.04665571 -0.04701662 -0.02539872 -0.02052427 -0.024498917 -0.05031392 -0.05118531 -0.04903006 -0.027737528 -0.0070029795
0.472 -0.0355568 -0.04923802 -0.04714364 -0.04749801 -0.02662599 -0.02194036 -0.025650822 -0.05063876 -0.051516708 -0.04938478 -0.029018551 -0.008834243
0.473 -0.03646197 -0.04965735 -0.04761889 -0.04796664 -0.02781339 -0.02330882 -0.026767127 -0.050952733 -0.05183708 -0.04972778 -0.030251116 -0.010601521
0.474 -0.03733765 -0.05006546 -0.04808178 -0.04842283 -0.02896229 -0.02463136 -0.027848624 -0.051256172 -0.05214674 -0.050059423 -0.03143695 -0.012307107
0.475 -0.03818486 -0.05046264 -0.0485326 -0.04886689 -0.03007402 -0.02590963 -0.02889628 -0.05154942 -0.052446045 -0.050380047 -0.032578498 -0.0139532685
0.476 -0.03900458 -0.05084919 -0.04897164 -0.04929914 -0.03114986 -0.02714521 -0.02991087 -0.051832773 -0.05273529 -0.05068998 -0.03367725 -0.015541762
0.477 -0.03979775 -0.05122537 -0.04939918 -0.04971987 -0.03219102 -0.02833962 -0.030893318 -0.05210656 -0.053014822 -0.05098956 -0.034734517 -0.017075062
0.478 -0.04056528 -0.05159147 -0.04981552 -0.05012937 -0.0331987 -0.02949432 -0.03184449 -0.052371092 -0.053284936 -0.05127912 -0.035752207 -0.018554538
0.479 -0.04130805 -0.05194776 -0.05022091 -0.05052795 -0.03417404 -0.03061072 -0.032765187 -0.052626662 -0.05354591 -0.05155895 -0.036732286 -0.019982487
0.48 -0.0420269 -0.05229449 -0.05061564 -0.05091587 -0.03511813 -0.03169016 -0.033656172 -0.052873533 -0.05379805 -0.051829357 -0.037676007 -0.021360636
0.481 -0.04272265 -0.05263193 -0.05099996 -0.05129341 -0.03603203 -0.03273395 -0.034518383 -0.053112015 -0.054041654 -0.052090652 -0.038584024 -0.022690445
0.482 -0.04339609 -0.05296031 -0.05137414 -0.05166085 -0.03691676 -0.03374334 -0.03535267 -0.053342387 -0.054276988 -0.052343138 -0.03945896 -0.023973823
0.483 -0.04404797 -0.05327988 -0.05173843 -0.05201843 -0.0377733 -0.03471953 -0.036159746 -0.053564887 -0.054504313 -0.052587066 -0.040301353 -0.025212467
0.484 -0.04467902 -0.05359087 -0.05209307 -0.05236643 -0.0386026 -0.03566369 -0.036940373 -0.053779803 -0.054723892 -0.052822724 -0.041112453 -0.026407838
0.485 -0.04528996 -0.05389352 -0.05243831 -0.05270509 -0.03940558 -0.03657692 -0.03769543 -0.05398735 -0.054935984 -0.053050376 -0.04189387 -0.027561545
0.486 -0.04588145 -0.05418804 -0.05277439 -0.05303465 -0.0401831 -0.0374603 -0.038425572 -0.054187797 -0.055140834 -0.05327029 -0.042646796 -0.02867496
0.487 -0.04645416 -0.05447467 -0.05310153 -0.05335536 -0.04093603 -0.03831487 -0.039131515 -0.054381356 -0.055338666 -0.053482696 -0.043372065 -0.029749513
0.488 -0.04700872 -0.0547536 -0.05341998 -0.05366744 -0.04166517 -0.03914162 -0.03981415 -0.054568283 -0.05552972 -0.05368787 -0.04407087 -0.030786574
0.489 -0.04754573 -0.05502504 -0.05372994 -0.05397113 -0.04237133 -0.03994151 -0.040474005 -0.054748774 -0.05571422 -0.053886026 -0.044744045 -0.031787336
0.49 -0.04806579 -0.0552892 -0.05403163 -0.05426664 -0.04305525 -0.04071546 -0.041111954 -0.054923076 -0.055892408 -0.054077417 -0.04539326 -0.032753527
0.491 -0.04856946 -0.05554627 -0.05432528 -0.05455419 -0.04371768 -0.04146437 -0.041728504 -0.05509135 -0.05606444 -0.054262236 -0.04601845 -0.033685803
0.492 -0.04905729 -0.05579644 -0.05461108 -0.054834 -0.04435932 -0.04218908 -0.04232446 -0.055253856 -0.056230582 -0.05444073 -0.046621114 -0.034585476
0.493 -0.04952981 -0.05603989 -0.05488924 -0.05510626 -0.04498085 -0.04289043 -0.04290045 -0.055410754 -0.05639101 -0.054613102 -0.04720214 -0.035453975
0.494 -0.04998752 -0.05627682 -0.05515996 -0.05537118 -0.04558295 -0.04356921 -0.04345704 -0.055562224 -0.056545895 -0.05477955 -0.047762245 -0.036292225
0.495 -0.05043093 -0.05650739 -0.05542342 -0.05562895 -0.04616623 -0.04422618 -0.04399482 -0.055708464 -0.056695446 -0.054940272 -0.048302084 -0.03710133
0.496 -0.0508605 -0.05673178 -0.05567983 -0.05587976 -0.04673133 -0.04486209 -0.044514574 -0.05584967 -0.05683985 -0.05509549 -0.048822433 -0.03788221
0.497 -0.05127669 -0.05695015 -0.05592936 -0.05612381 -0.04727883 -0.04547765 -0.045016654 -0.055985983 -0.05697926 -0.055245344 -0.049324304 -0.03863585
0.498 -0.05167994 -0.05716266 -0.05617219 -0.05636127 -0.0478093 -0.04607355 -0.045501806 -0.056117594 -0.057113864 -0.05539004 -0.049808413 -0.039363444
0.499 -0.05207069 -0.05736948 -0.0564085 -0.05659231 -0.0483233 -0.04665044 -0.045970507 -0.056244656 -0.057243828 -0.05552976 -0.050275177 -0.040065527
0.5 -0.05244933 -0.05757076 -0.05663846 -0.05681711 -0.04882137 -0.04720896 -0.046423234 -0.056367308 -0.05736928 -0.055664655 -0.05072519 -0.04074335
