0.0 -0.065 -0.065 -0.065 -0.065 0.15461129 -0.1321817 -0.266635 0.05286293
0.0005 -0.0649878 -0.06466821 -0.05211167 -0.06498798 -0.024765335 -0.30779845 -0.010867835 -0.1324
0.001 -0.06492593 -0.06364557 -0.03780384 -0.06495564 -0.029549025 -0.1856871 0.0045286007 -0.025489666
0.0015 -0.0648401 -0.06214937 -0.02565959 -0.06492041 0.07165567 -0.1877405 0.05348976 -0.18350795
0.002 -0.06475003 -0.06033877 -0.01499834 -0.06488296 0.087207384 -0.117619656 0.088277355 -0.05916532
0.0025 -0.06466089 -0.05830776 -0.005090229 -0.06484263 0.08619709 -0.24484989 0.20060956 -0.18202534
0.003 -0.06457203 -0.05611058 0.004453342 -0.06479869 0.012418024 -0.25516698 0.13955136 0.013378091
0.0035 -0.06447429 -0.0537832 0.01384223 -0.06474566 -0.11591958 -0.088765845 0.18349487 -0.014746033
0.004 -0.06436792 -0.05134867 0.0231788 -0.06468452 -0.12541485 -0.1601206 0.24428025 -0.098335646
0.0045 -0.06425978 -0.04882374 0.03250189 -0.06462046 0.024207316 -0.043264814 0.28115532 -0.07899524
0.005 -0.06415184 -0.04622143 0.04182409 -0.06455506 -0.02474723 -0.15334088 0.33107823 -0.07811951
0.0055 -0.06404327 -0.04355245 0.05112847 -0.06448814 -0.00043115765 -0.020246292 0.3501879 -0.12932813
0.006 -0.06392182 -0.04082759 0.06032294 -0.06441327 0.01443892 -0.052895926 0.3270928 -0.07294339
0.0065 -0.06378929 -0.03805743 0.06949275 -0.06433344 -0.023401149 0.043993987 0.37540445 -0.07744927
0.007 -0.06365528 -0.0352488 0.07867077 -0.06425228 -0.0425139 -0.013937676 0.36775464 -0.10079285
0.0075 -0.06352306 -0.03240675 0.08785253 -0.06417051 -0.031589933 0.041254707 0.37238955 -0.059768073
0.008 -0.06339239 -0.02953586 0.09702284 -0.06408797 -0.039448597 0.0007781442 0.3517437 -0.03563671
0.0085 -0.06326202 -0.02664064 0.1061653 -0.06400435 -0.055995263 0.024233362 0.3931129 -0.06135135
0.009 -0.06313069 -0.02372557 0.1152656 -0.06391934 -0.01806856 0.010482421 0.3682655 -0.02138929
0.0095 -0.06299747 -0.02079505 0.1243119 -0.06383271 -0.030339845 0.0376895 0.4000517 -0.063451104
0.01 -0.06286176 -0.01785329 0.133295 -0.06374427 -0.037154622 0.023438787 0.3714696 -0.06846843
0.0105 -0.06272324 -0.01490428 0.1422077 -0.06365393 -0.032573737 0.05179227 0.3959676 -0.0685418
0.011 -0.06258176 -0.01195172 0.1510443 -0.06356162 -0.033323534 0.06117835 0.38888952 -0.06164015
0.0115 -0.06243731 -0.008999017 0.1598006 -0.0634673 -0.04633666 0.061620407 0.4041568 -0.0721936
0.012 -0.06228994 -0.006049291 0.1684728 -0.06337097 -0.033357568 0.06580164 0.39390358 -0.05349972
0.0125 -0.06213973 -0.003105369 0.1770582 -0.06327265 -0.037166037 0.074613355 0.40863293 -0.06626902
0.013 -0.0619868 -0.000169805 0.1855544 -0.06317236 -0.03438241 0.06815145 0.40561265 -0.056308247
0.0135 -0.06183125 0.002755741 0.1939595 -0.0630701 -0.029852994 0.079546876 0.41563407 -0.056673594
0.014 -0.06167293 0.005670707 0.2022719 -0.0629656 -0.024452813 0.0865129 0.41534323 -0.058235817
0.0145 -0.061512 0.008571802 0.2104903 -0.06285917 -0.029030718 0.08610279 0.42285037 -0.061492793
0.015 -0.06134883 0.01145639 0.2186132 -0.06275104 -0.028084017 0.0980386 0.42205393 -0.056516685
0.0155 -0.06118363 0.01432255 0.2266394 -0.06264127 -0.026834853 0.10688283 0.43166646 -0.059278622
0.016 -0.06101635 0.01716886 0.234568 -0.06252956 -0.029928721 0.10841772 0.43079326 -0.0554578
0.0165 -0.06084708 0.01999417 0.2423982 -0.06241607 -0.025998332 0.11392366 0.4379042 -0.052534908
0.017 -0.060676 0.02279746 0.2501298 -0.06230108 -0.02244199 0.122332074 0.4411009 -0.05042451
0.0175 -0.06050333 0.02557787 0.2577622 -0.06218475 -0.02447299 0.12217914 0.44584197 -0.050161682
0.018 -0.06032918 0.02833463 0.2652951 -0.06206717 -0.020985253 0.13009459 0.44829753 -0.046599172
0.0185 -0.06015365 0.03106703 0.2727281 -0.0619484 -0.019461729 0.13540366 0.45326662 -0.04785507
0.019 -0.05997683 0.03377445 0.2800612 -0.06182848 -0.019584276 0.13914265 0.45556617 -0.045025676
0.0195 -0.05979877 0.03645633 0.2872942 -0.06170745 -0.018321611 0.14515819 0.45944262 -0.044112936
0.02 -0.05961953 0.03911215 0.2944272 -0.06158538 -0.017389871 0.15152082 0.46267676 -0.042503923
0.0205 -0.05943917 0.04174145 0.3014603 -0.0614623 -0.017434902 0.15398964 0.4657523 -0.041519694
0.021 -0.05925778 0.04434381 0.3083935 -0.06133827 -0.016048856 0.15956166 0.4686873 -0.039087087
0.0215 -0.0590754 0.04691887 0.3152273 -0.06121334 -0.014174409 0.1642604 0.47218466 -0.03826896
0.022 -0.05889211 0.0494663 0.3219619 -0.06108758 -0.014042802 0.16749921 0.47486275 -0.036851227
0.0225 -0.05870799 0.05198582 0.3285976 -0.06096103 -0.012672134 0.17191666 0.47762623 -0.035417385
0.023 -0.0585231 0.05447717 0.3351351 -0.06083374 -0.0115985945 0.17666261 0.48057774 -0.034539945
0.0235 -0.05833751 0.05694016 0.3415746 -0.06070577 -0.011381365 0.18012525 0.48296946 -0.033629365
0.024 -0.05815129 0.05937462 0.347917 -0.06057717 -0.010387547 0.18422304 0.48556453 -0.032186873
0.0245 -0.05796452 0.0617804 0.3541626 -0.06044799 -0.00941015 0.18851824 0.48819596 -0.031299584
0.025 -0.05777725 0.06415739 0.3603123 -0.06031829 -0.008993931 0.19159865 0.4905591 -0.030129641
0.0255 -0.05758955 0.06650553 0.3663666 -0.0601881 -0.008069284 0.19545992 0.4929316 -0.02896937
0.026 -0.05740149 0.06882475 0.3723264 -0.06005749 -0.0072015002 0.19905801 0.4952944 -0.028050505
0.0265 -0.05721312 0.07111503 0.3781924 -0.05992649 -0.0066225305 0.20221962 0.49753523 -0.027147882
0.027 -0.05702451 0.07337628 0.3839232 -0.05979517 -0.005798973 0.20556687 0.49969977 -0.026048593
0.0275 -0.05683725 0.07558038 0.3886446 -0.05966643 -0.005042471 0.20907979 0.5019109 -0.025254205
0.028 -0.0566538 0.07770533 0.3931735 -0.05953928 -0.004513122 0.21201344 0.5039354 -0.024348408
0.0285 -0.05647192 0.07977186 0.397952 -0.05941146 -0.003874816 0.21522765 0.50595117 -0.023436915
0.029 -0.05628943 0.08180202 0.4029758 -0.05928267 -0.0031330958 0.2183316 0.5079598 -0.022577751
0.0295 -0.05610549 0.08381044 0.4081494 -0.05915299 -0.0026173368 0.22120084 0.5098865 -0.021778468
0.03 -0.05592012 0.08580482 0.4133837 -0.0590226 -0.0019421652 0.22404042 0.5117471 -0.020862617
0.0305 -0.05573364 0.08778811 0.4186155 -0.05889166 -0.0012910143 0.22695637 0.51362854 -0.020105392
0.031 -0.05554646 0.08976047 0.4238043 -0.05876029 -0.0007615164 0.22958587 0.5153879 -0.01932241
0.0315 -0.0553589 0.0917206 0.4289262 -0.05862864 -0.00017342716 0.23229802 0.51713794 -0.018541746
0.032 -0.05517122 0.09366649 0.4339676 -0.0584965 0.00042309612 0.23495688 0.51883906 -0.017809287
0.0325 -0.0549836 0.09559581 0.4389213 -0.05836422 0.00092279166 0.23746172 0.5205034 -0.01709409
0.033 -0.05479624 0.09750678 0.4437848 -0.0582321 0.0014780387 0.23995486 0.522104 -0.016343936
0.0335 -0.05460923 0.09939787 0.4485577 -0.05810011 0.0020079538 0.24242537 0.5236988 -0.015664775
0.034 -0.05442262 0.1012677 0.4532411 -0.05796827 0.0025047883 0.24475543 0.52522343 -0.014981054
0.0345 -0.05423647 0.1031151 0.4578364 -0.0578366 0.003004901 0.2470664 0.52672344 -0.014305361
0.035 -0.05405082 0.1049393 0.4623452 -0.05770512 0.0035200939 0.24934593 0.5281855 -0.013655163
0.0355 -0.0538657 0.1067395 0.4667695 -0.05757386 0.003979109 0.25152272 0.5296122 -0.013030466
0.036 -0.05368115 0.1085151 0.4711111 -0.05744285 0.004449539 0.25367126 0.53098947 -0.012397289
0.0365 -0.05349722 0.1102659 0.4753718 -0.05731212 0.0049133524 0.25578195 0.5323496 -0.01180166
0.037 -0.05331392 0.1119917 0.4795535 -0.05718169 0.005346827 0.2578163 0.53366125 -0.011213668
0.0375 -0.05313131 0.1136922 0.4836579 -0.0570516 0.0057820603 0.25980613 0.53494483 -0.010632064
0.038 -0.0529494 0.1153675 0.4876865 -0.05692188 0.006215237 0.2617653 0.53619736 -0.010070737
0.0385 -0.05276822 0.1170177 0.4916409 -0.05679255 0.0066216215 0.26364934 0.5374167 -0.0095254965
0.039 -0.05258779 0.1186427 0.4955226 -0.05666363 0.007028453 0.2654999 0.5386026 -0.008984156
0.0395 -0.05240816 0.1202429 0.4993331 -0.05653515 0.00742691 0.26731068 0.53976214 -0.008466512
0.04 -0.05222932 0.1218184 0.5030736 -0.05640713 0.0078094527 0.2690655 0.5408895 -0.007958591
0.0405 -0.05205132 0.1233694 0.5067455 -0.05627959 0.008185975 0.27077955 0.54198766 -0.0074596405
0.041 -0.05187417 0.1248961 0.51035 -0.05615255 0.0085560605 0.27245957 0.5430599 -0.0069762766
0.0415 -0.0516979 0.1263988 0.5138885 -0.05602603 0.008911751 0.27408794 0.5441034 -0.0065056086
0.042 -0.05152252 0.1278779 0.5173621 -0.05590004 0.009260766 0.2756791 0.5451191 -0.006043177
0.0425 -0.05134805 0.1293335 0.5207719 -0.05577461 0.009604804 0.27723435 0.54611087 -0.0055950694
0.043 -0.05117452 0.130766 0.5241192 -0.05564975 0.009936295 0.2787456 0.5470765 -0.005157884
0.0435 -0.05100193 0.1321756 0.5274049 -0.05552548 0.010261409 0.2802198 0.54801655 -0.004729472
0.044 -0.05083031 0.1335627 0.5306302 -0.05540181 0.010580443 0.2816607 0.54893374 -0.004313521
0.0445 -0.05065968 0.1349275 0.5337962 -0.05527874 0.010888331 0.28306165 0.5498265 -0.003908608
0.045 -0.05049005 0.1362705 0.5369039 -0.05515631 0.011190526 0.28442883 0.55069625 -0.0035119578
0.0455 -0.05032143 0.1375918 0.5399543 -0.05503451 0.011485599 0.28576425 0.55154425 -0.0031271428
0.046 -0.05015384 0.1388917 0.5429484 -0.05491336 0.011772506 0.2870629 0.55237025 -0.0027510896
0.0465 -0.04998729 0.1401706 0.5458872 -0.05479288 0.012052678 0.28832948 0.5531743 -0.0023838058
0.047 -0.0498218 0.1414288 0.5487716 -0.05467307 0.012326293 0.28956595 0.5539588 -0.0020267852
0.0475 -0.04965737 0.1426666 0.5516026 -0.05455393 0.012592755 0.29076958 0.5547224 -0.0016786084
0.048 -0.04949402 0.1438842 0.5543812 -0.05443549 0.012852751 0.2919427 0.5554664 -0.0013386123
0.0485 -0.04933177 0.145082 0.5571083 -0.05431776 0.013106577 0.29308757 0.55619156 -0.0010077655
0.049 -0.04917061 0.1462602 0.5597847 -0.05420072 0.013354085 0.29420236 0.5568978 -0.000685364
0.0495 -0.04900874 0.1474195 0.5624095 -0.0540459 0.013594978 0.29528895 0.5575852 -0.00037052482
0.05 -0.04883944 0.1485603 0.5649799 -0.05386139 0.013830654 0.29634902 0.5582558 -6.410107e-05
0.0505 -0.04866759 0.1496824 0.5675031 -0.05369543 0.014059715 0.2973814 0.55890846 0.00023415685
0.051 -0.04849834 0.1507858 0.5699816 -0.05354802 0.014283471 0.2983875 0.5595444 0.0005255379
0.0515 -0.0483335 0.1518709 0.5724161 -0.05341483 0.014501862 0.29936856 0.56016374 0.0008089915
0.052 -0.04817302 0.1529379 0.5748064 -0.0532921 0.014714085 0.30032417 0.5607673 0.0010854304
0.0525 -0.04801621 0.1539871 0.5771528 -0.05317702 0.014921509 0.30125532 0.56135505 0.001355011
0.053 -0.04786234 0.155019 0.5794556 -0.0530675 0.015123837 0.30216315 0.56192756 0.0016174093
0.0535 -0.04771079 0.1560336 0.5817155 -0.05296204 0.015320592 0.3030476 0.5624852 0.0018730313
0.054 -0.04756113 0.1570314 0.583933 -0.05285952 0.015512787 0.30390936 0.56302845 0.0021223798
0.0545 -0.04741304 0.1580126 0.5861088 -0.05275913 0.015700094 0.30474898 0.5635575 0.002365362
0.055 -0.04726776 0.1589659 0.5876041 -0.05265977 0.015882723 0.3055674 0.56407297 0.0026017502
0.0555 -0.04713045 0.1598488 0.5884552 -0.05255993 0.016060404 0.3063648 0.56457484 0.0028323494
0.056 -0.04699641 0.1606774 0.5896779 -0.05246073 0.016233914 0.3071417 0.5650637 0.0030570067
0.0565 -0.04686151 0.1614815 0.5913417 -0.05236265 0.016403131 0.30789873 0.5655398 0.003275808
0.057 -0.04672463 0.1622812 0.5932998 -0.05226564 0.01656761 0.30863616 0.56600356 0.0034891665
0.0575 -0.04658617 0.1630863 0.5954067 -0.05216956 0.016728155 0.30935493 0.56645536 0.0036964938
0.058 -0.04644695 0.1638995 0.5975612 -0.05207423 0.016884677 0.3100548 0.566895 0.0038992018
0.0585 -0.04630776 0.1647195 0.5997029 -0.05197953 0.017037146 0.31073686 0.5673237 0.004096009
0.059 -0.04616915 0.1655434 0.6017994 -0.05188536 0.017185979 0.31140152 0.5677408 0.0042880718
0.0595 -0.04603151 0.1663675 0.6038359 -0.05179166 0.01733061 0.3120484 0.56814694 0.004475128
0.06 -0.04589504 0.1671887 0.6058077 -0.0516984 0.017471753 0.3126793 0.56854266 0.0046572704
0.0605 -0.04575985 0.1680039 0.6077152 -0.05160555 0.017609201 0.3132936 0.5689281 0.0048348866
0.061 -0.045626 0.1688108 0.6095618 -0.05151313 0.017743193 0.31389165 0.5693036 0.005007889
0.0615 -0.0454935 0.1696077 0.6113517 -0.05142112 0.017873757 0.31447455 0.5696688 0.005176101
0.062 -0.04536232 0.1703932 0.6130892 -0.05132954 0.018001221 0.31504226 0.5700245 0.005340103
0.0625 -0.04523247 0.1711665 0.6147785 -0.05123841 0.01812493 0.31559512 0.5703711 0.0055000074
0.063 -0.0451039 0.1719268 0.6164233 -0.05114774 0.01824569 0.31613415 0.5707087 0.00565549
0.0635 -0.04497661 0.172674 0.6180267 -0.05105755 0.01836323 0.31665877 0.5710373 0.0058071837
0.064 -0.04485053 0.1734078 0.6195916 -0.05096781 0.018478148 0.31716973 0.5713574 0.0059548505
0.0645 -0.04472444 0.1741277 0.6211198 -0.05087763 0.01858931 0.31766766 0.57166904 0.006098518
0.065 -0.04459847 0.1748338 0.6226131 -0.05078715 0.018698327 0.31815264 0.57197237 0.0062385537
0.0655 -0.0444739 0.1755266 0.6240738 -0.05069728 0.018804513 0.3186245 0.5722679 0.0063752364
0.066 -0.04435126 0.1762065 0.6255036 -0.05060839 0.01890754 0.31908467 0.5725553 0.0065078195
0.0665 -0.0442305 0.1768739 0.6269038 -0.05052048 0.019008242 0.3195327 0.57283574 0.00663713
0.067 -0.04411142 0.1775291 0.6282754 -0.0504335 0.019106142 0.31996867 0.5731083 0.006763056
0.0675 -0.0439938 0.1781724 0.6296194 -0.05034738 0.019201599 0.32039353 0.57337403 0.0068857633
0.068 -0.04387768 0.1787163 0.6309359 -0.05026209 0.019294642 0.3208075 0.57363266 0.0070051663
0.0685 -0.04376756 0.1787466 0.6322057 -0.05017837 0.019385211 0.32121047 0.5738845 0.0071215145
0.069 -0.04366043 0.178633 0.6334334 -0.05009572 0.019473247 0.32160282 0.5741296 0.007234812
0.0695 -0.04355248 0.1785873 0.6346337 -0.05001363 0.019559197 0.32198527 0.5743683 0.0073452443
0.07 -0.04344325 0.1786888 0.6358149 -0.04993203 0.019643001 0.32235733 0.5746007 0.0074528307
0.0705 -0.04333333 0.1789505 0.6369805 -0.04985092 0.019724272 0.3227198 0.5748272 0.0075571314
0.071 -0.04322339 0.179355 0.6381311 -0.04977035 0.019803755 0.3230725 0.5750476 0.0076592714
0.0715 -0.04311393 0.179874 0.6392666 -0.04969033 0.0198813 0.32341632 0.57526183 0.00775826
0.072 -0.04300528 0.1804774 0.6403861 -0.04961089 0.019956253 0.32375112 0.57547104 0.007855022
0.0725 -0.04289765 0.1811381 0.6414888 -0.04953206 0.020029448 0.32407692 0.5756743 0.007948941
0.073 -0.04279114 0.1818334 0.6425737 -0.04945384 0.020101272 0.32439426 0.57587236 0.008040663
0.0735 -0.04268579 0.1825455 0.6436403 -0.04937626 0.02017074 0.3247032 0.57606506 0.008129781
0.074 -0.04258162 0.1832607 0.6446882 -0.04929931 0.020238243 0.3250039 0.57625294 0.008216558
0.0745 -0.04247862 0.1839692 0.6457171 -0.04922301 0.020304225 0.32529694 0.5764354 0.00830153
0.075 -0.0423767 0.1846641 0.6467269 -0.04914728 0.020368628 0.32558253 0.57661337 0.008383382
0.0755 -0.04227578 0.1853408 0.6477177 -0.04907208 0.020431273 0.3258603 0.5767864 0.008463729
0.076 -0.0421759 0.1859966 0.6486896 -0.04899748 0.0204921 0.32613075 0.57695514 0.008541763
0.0765 -0.04207711 0.18663 0.6496429 -0.04892352 0.020551316 0.32639417 0.5771193 0.008617619
0.077 -0.04197941 0.1872405 0.6505776 -0.04885022 0.020609193 0.32665065 0.5772791 0.008691713
0.0775 -0.0418828 0.1878284 0.6514942 -0.04877759 0.02066537 0.32690004 0.5774344 0.008763658
0.078 -0.04178727 0.1883942 0.6523929 -0.04870564 0.020720355 0.32714334 0.57758594 0.0088339355
0.0785 -0.0416928 0.188939 0.653274 -0.04863437 0.020773374 0.32737994 0.5777336 0.008902084
0.079 -0.04159937 0.1894637 0.654138 -0.04856377 0.020825319 0.32761043 0.5778771 0.00896872
0.0795 -0.04150697 0.1899697 0.6549851 -0.04849385 0.020876102 0.32783464 0.5780169 0.009033304
0.08 -0.04141558 0.190458 0.6558157 -0.04842461 0.020925276 0.32805356 0.57815295 0.009096514
0.0805 -0.04132519 0.1909299 0.6566301 -0.04835604 0.020973168 0.32826614 0.5782855 0.009157613
0.081 -0.04123579 0.1913865 0.6574288 -0.04828814 0.021019958 0.32847318 0.5784144 0.009217419
0.0815 -0.04114736 0.1918289 0.6582119 -0.04822091 0.021065526 0.32867485 0.57854 0.0092754625
0.082 -0.0410599 0.192258 0.6589798 -0.04815434 0.021109693 0.3288711 0.57866216 0.009332331
0.0825 -0.0409734 0.1926747 0.6597329 -0.04808844 0.021152698 0.3290622 0.578781 0.00938737
0.083 -0.04088785 0.19308 0.6604714 -0.04802319 0.02119451 0.3292482 0.5788969 0.009441089
0.0835 -0.04080323 0.1934744 0.6611957 -0.0479586 0.021235637 0.32942942 0.5790095 0.009493256
0.084 -0.04071954 0.1938588 0.661906 -0.04789465 0.021275274 0.32960582 0.57911927 0.00954414
0.0845 -0.04063678 0.1942336 0.6626026 -0.04783135 0.021314107 0.3297774 0.5792264 0.009593794
0.085 -0.04055493 0.1945996 0.6632859 -0.0477687 0.021351509 0.32994446 0.57933015 0.009641912
0.0855 -0.04047398 0.194957 0.663956 -0.04770667 0.021388583 0.33010727 0.5794314 0.009688895
0.086 -0.04039393 0.1953065 0.6646133 -0.04764529 0.021424256 0.33026573 0.57952976 0.00973448
0.0865 -0.04031477 0.1956483 0.665258 -0.04758452 0.021459065 0.33042005 0.57962584 0.009778971
0.087 -0.04023649 0.1959828 0.6658903 -0.04752438 0.021492682 0.33057043 0.57971925 0.009822179
0.0875 -0.04015908 0.1963104 0.6665106 -0.04746486 0.02152612 0.33071643 0.5798103 0.009864362
0.088 -0.04008254 0.1966314 0.667119 -0.04740595 0.02155795 0.33085865 0.57989866 0.009905424
0.0885 -0.04000685 0.1969459 0.6677157 -0.04734765 0.02158942 0.33099726 0.579985 0.009945406
0.089 -0.03993202 0.1972543 0.6683011 -0.04728996 0.0216197 0.33113217 0.58006895 0.009984452
0.0895 -0.03985802 0.1975567 0.6688753 -0.04723286 0.021649264 0.3312636 0.5801501 0.010022065
0.09 -0.03978486 0.1978533 0.6694386 -0.04717636 0.02167847 0.33139113 0.58022976 0.01005898
0.0905 -0.03971253 0.1981444 0.6699911 -0.04712045 0.021706186 0.3315156 0.58030677 0.010094754
0.091 -0.03964101 0.1984301 0.6705331 -0.04706512 0.021733634 0.33163658 0.5803824 0.010129785
0.0915 -0.0395703 0.1987105 0.6710648 -0.04701037 0.021760426 0.33175454 0.58045554 0.01016381
0.092 -0.0395004 0.1989858 0.6715864 -0.04695619 0.021786295 0.33186942 0.5805271 0.010196779
0.0925 -0.03943121 0.1992561 0.6720981 -0.04690241 0.021811448 0.33198115 0.5805966 0.010228915
0.093 -0.03936269 0.1995215 0.6726001 -0.04684901 0.021836095 0.3320896 0.58066416 0.010260677
0.0935 -0.03929486 0.1997822 0.6730925 -0.04679609 0.021859817 0.33219564 0.58072984 0.010290768
0.094 -0.0392278 0.2000383 0.6735756 -0.04674373 0.02188345 0.33229905 0.5807938 0.010320671
0.0945 -0.03916154 0.2002899 0.6740495 -0.04669198 0.021905713 0.33239913 0.5808562 0.010349683
0.095 -0.03909608 0.200537 0.6745145 -0.04664083 0.021927916 0.33249664 0.58091706 0.01037761
0.0955 -0.03903143 0.2007798 0.6749706 -0.04659026 0.021949373 0.33259216 0.5809762 0.010405015
0.096 -0.03896755 0.2010183 0.6754181 -0.04654027 0.021969937 0.33268455 0.5810337 0.010431755
0.0965 -0.03890445 0.2012527 0.6758572 -0.04649085 0.021990858 0.33277455 0.5810895 0.010457847
0.097 -0.03884209 0.201483 0.6762879 -0.04644199 0.022010706 0.3328622 0.5811442 0.01048306
0.0975 -0.03878048 0.2017093 0.6767104 -0.04639368 0.02202972 0.3329477 0.5811971 0.010507582
0.098 -0.03871959 0.2019317 0.677125 -0.0463459 0.022048526 0.33303073 0.58124876 0.010531589
0.0985 -0.03865942 0.2021502 0.6775318 -0.04629866 0.022066735 0.33311164 0.5812988 0.010554943
0.099 -0.03859995 0.2023649 0.6779308 -0.04625194 0.022084676 0.33319038 0.5813478 0.010577552
0.0995 -0.03854118 0.2025759 0.6783224 -0.04620574 0.02210214 0.33326694 0.5813955 0.010599799
0.1 -0.0384831 0.2027833 0.6787065 -0.04616006 -0.14349297 0.60586345 0.9203929 -0.24657726
0.1005 -0.03724318 0.2130575 0.6672266 -0.03516599 0.041849203 0.8305218 0.46297535 0.21619269
0.101 -0.03409686 0.2278453 0.6555556 -0.02389813 0.11101352 0.56621176 0.29425886 0.1662018
0.1015 -0.03105341 0.2444126 0.6458859 -0.0153616 0.124294095 0.74880284 0.30239555 0.02317433
0.102 -0.02850874 0.2618269 0.6374572 -0.007999661 0.07531052 0.77599406 0.211042 0.062469583
0.1025 -0.02631515 0.279651 0.6296829 -0.001171988 0.022729687 0.6372999 0.18878637 0.17193651
0.103 -0.02430641 0.2976478 0.6222227 0.005331754 -0.04029227 0.75132066 0.19354294 0.06436132
0.1035 -0.02238443 0.315668 0.6148977 0.01159109 0.16234356 0.696179 0.16691868 0.1576137
0.104 -0.02048906 0.3336074 0.6076408 0.01763007 0.11314868 0.7975815 0.17788242 0.16018212
0.1045 -0.01859608 0.351388 0.600423 0.02345764 0.10599857 0.69157463 0.11238308 0.1398004
0.105 -0.01668097 0.3689502 0.5932534 0.02910112 0.10473209 0.7409102 0.17529632 0.1592513
0.1055 -0.01473439 0.3862482 0.5861343 0.0345769 0.06986924 0.7322219 0.14171584 0.1409256
0.106 -0.0127557 0.4032463 0.5790651 0.03989473 0.07421761 0.6812103 0.2037112 0.18055901
0.1065 -0.01075026 0.4199171 0.5720443 0.04504744 0.10036563 0.7267568 0.14449657 0.18766358
0.107 -0.00872404 0.4362393 0.5650716 0.05004589 0.073264174 0.73460495 0.16974737 0.16747135
0.1075 -0.006676669 0.452198 0.5581519 0.05491369 0.10774865 0.72243047 0.15249835 0.18162838
0.108 -0.004606207 0.4677826 0.5512897 0.05965744 0.0856409 0.7352131 0.14885797 0.15405786
0.1085 -0.002512269 0.4829863 0.5444886 0.06428301 0.092906795 0.7349416 0.15236475 0.175675
0.109 -0.0003962684 0.4978059 0.5377517 0.06879608 0.075300686 0.7381282 0.15959989 0.14916
0.1095 0.001739854 0.5122406 0.5310818 0.07320189 0.08995622 0.7328866 0.16130738 0.17579073
0.11 0.003894306 0.5262919 0.5244815 0.07750539 0.08883672 0.7498426 0.16902648 0.16328567
0.1105 0.006065598 0.5399631 0.5179533 0.08171133 0.09234714 0.74333465 0.16392447 0.17746821
0.111 0.008249173 0.5532584 0.511498 0.08580794 0.09195372 0.75061387 0.16331695 0.16895998
0.1115 0.01043807 0.5657715 0.5051116 0.08979436 0.09557708 0.7582715 0.16559182 0.17358196
0.112 0.01263693 0.5763464 0.4987566 0.09369215 0.095804416 0.7575613 0.1700794 0.17158654
0.1125 0.01485011 0.5861871 0.4924361 0.09751612 0.097342335 0.76293343 0.16987787 0.1769341
0.113 0.01707402 0.5959311 0.4861797 0.1012647 0.09681576 0.7687783 0.17537998 0.17461842
0.1135 0.01930926 0.6058315 0.480012 0.1049464 0.10078158 0.77238077 0.17536582 0.17771974
0.114 0.02155922 0.6159434 0.4739481 0.108566 0.1006045 0.77795833 0.17953478 0.17900047
0.1145 0.0238241 0.626227 0.4679935 0.1121183 0.1034823 0.7830151 0.18152608 0.17919424
0.115 0.02610235 0.6366055 0.4621487 0.1156098 0.10338008 0.7876641 0.18493746 0.18073866
0.1155 0.02839225 0.6469943 0.4564114 0.1190469 0.106511466 0.7912585 0.18693475 0.18271273
0.116 0.03069226 0.6573156 0.4507783 0.1224316 0.106764995 0.7968948 0.19086944 0.18301457
0.1165 0.03300122 0.667504 0.4452462 0.1257654 0.10963776 0.80061585 0.19284101 0.18558699
0.117 0.03531823 0.6775085 0.4398119 0.1290496 0.109863214 0.80582696 0.19613276 0.18569735
0.1175 0.03764258 0.6872912 0.434473 0.1322859 0.11279725 0.8102581 0.19849439 0.18751973
0.118 0.03997356 0.6968256 0.4292274 0.1354759 0.11370682 0.81473845 0.20152481 0.18825912
0.1185 0.04231057 0.7060934 0.4240731 0.1386211 0.11568334 0.8192762 0.20409109 0.19012386
0.119 0.04465301 0.7150832 0.4190086 0.1417191 0.1170057 0.82365245 0.20717637 0.19056815
0.1195 0.04699633 0.7237892 0.4140286 0.1447459 0.11877393 0.8278713 0.20963578 0.19243598
0.12 0.0493327 0.7322118 0.4091314 0.1477156 0.120274834 0.83210295 0.2125587 0.19310111
0.1205 0.05166537 0.7403562 0.4043197 0.1506501 0.122105174 0.8361787 0.2150944 0.19456595
0.121 0.05400515 0.7482313 0.3995967 0.1535591 0.12355923 0.84012187 0.21767877 0.19556123
0.1215 0.05635573 0.755847 0.3949625 0.1564434 0.12532392 0.84396744 0.22017659 0.19679242
0.122 0.0587164 0.7632135 0.3904161 0.1593023 0.12681034 0.84771365 0.22262783 0.1977106
0.1225 0.06108511 0.7703412 0.385956 0.162135 0.12851423 0.8511876 0.22494285 0.19894293
0.123 0.06345982 0.7772401 0.381581 0.1649413 0.13000321 0.8546936 0.22723584 0.19984502
0.1235 0.06583895 0.7839202 0.3772901 0.167721 0.13171673 0.8578767 0.2293377 0.20093799
0.124 0.06822136 0.790391 0.3730824 0.1704744 0.13319758 0.86099464 0.23139246 0.2018851
0.1245 0.07060626 0.7966615 0.3689571 0.1732018 0.13485229 0.8639107 0.23328607 0.20285204
0.125 0.0729931 0.8027403 0.3649136 0.1759038 0.1363495 0.8666617 0.23510437 0.20372558
0.1255 0.07538149 0.8086358 0.360951 0.1785809 0.13794106 0.8692133 0.23674153 0.20465016
0.126 0.07777109 0.8143555 0.3570687 0.1812338 0.13945067 0.8716069 0.23830114 0.20544931
0.1265 0.08016141 0.8199068 0.3532657 0.1838628 0.14101487 0.8737928 0.2396694 0.206294
0.127 0.0825522 0.8252965 0.3495414 0.1864685 0.14250153 0.8757996 0.24092914 0.20704207
0.1275 0.08494348 0.8305312 0.3458949 0.1890518 0.14403614 0.87761277 0.24201976 0.2077862
0.128 0.08733532 0.835617 0.3423255 0.1916138 0.14551201 0.8792335 0.24297248 0.2084617
0.1285 0.08972772 0.8405598 0.3388322 0.1941457 0.14701271 0.8806537 0.2437631 0.2091324
0.129 0.09212048 0.8453649 0.3354142 0.1964407 0.14847699 0.88189226 0.24440445 0.20972693
0.1295 0.0945132 0.8500376 0.3320706 0.1987285 0.14995176 0.88292325 0.2448795 0.21031311
0.13 0.09690576 0.8545827 0.3288004 0.2010668 0.15139562 0.88377136 0.24520178 0.21083364
0.1305 0.09929749 0.8590048 0.3256026 0.203376 0.15284818 0.884422 0.24535908 0.21132883
0.131 0.1016769 0.8633085 0.3224755 0.2055154 0.15427518 0.8848851 0.24535845 0.21177346
0.1315 0.1040478 0.8674976 0.3194177 0.2077166 0.15570387 0.8851585 0.2451946 0.21218628
0.132 0.1064211 0.8715762 0.3164296 0.2099922 0.15711507 0.8852481 0.24487223 0.21255007
0.1325 0.1088002 0.875548 0.3135107 0.2123205 0.15852252 0.88515323 0.24438827 0.21288195
0.133 0.1111837 0.8794163 0.3106601 0.214682 0.15991521 0.88488 0.24374779 0.21316785
0.1335 0.1135699 0.8831846 0.3078764 0.2170613 0.16130403 0.88442916 0.24294887 0.21342003
0.134 0.1159569 0.8868562 0.3051587 0.2194332 0.16267884 0.8838056 0.24199577 0.21363124
0.1345 0.118343 0.8904343 0.3025058 0.2218041 0.16404897 0.88301283 0.240889 0.21380779
0.135 0.1207271 0.8939221 0.2999167 0.2241756 0.16540724 0.88205475 0.23963206 0.21394566
0.1355 0.1231095 0.8973228 0.2973903 0.2265444 0.1667589 0.8809338 0.23822646 0.21405038
0.136 0.1254904 0.9006393 0.2949258 0.2289072 0.16809991 0.87965554 0.2366757 0.2141194
0.1365 0.1278702 0.9038746 0.2925222 0.2312612 0.16943312 0.8782236 0.2349822 0.21415603
0.137 0.1302493 0.9070312 0.2901572 0.2336047 0.17075631 0.8766416 0.23314963 0.21416014
0.1375 0.1326273 0.9100954 0.2873286 0.2356826 0.17207158 0.8749139 0.23118074 0.21413398
0.138 0.1350025 0.9130587 0.2845649 0.2377373 0.17337689 0.87304395 0.22907911 0.21407771
0.1385 0.1373657 0.9159383 0.2821041 0.2398518 0.17467368 0.87103623 0.22684781 0.2139931
0.139 0.1397114 0.9187498 0.279906 0.2420123 0.17595962 0.86889446 0.22449078 0.21388116
0.1395 0.1420343 0.9214995 0.277886 0.2441616 0.17723662 0.86662173 0.22201107 0.2137439
0.14 0.1443392 0.9241924 0.2759764 0.2462969 0.1785031 0.86422324 0.2194124 0.2135807
0.1405 0.1466498 0.9268327 0.2741431 0.2484443 0.17975956 0.86170167 0.2166986 0.21339524
0.141 0.1489765 0.9294222 0.2723665 0.2506041 0.18100497 0.85906094 0.21387316 0.21318713
0.1415 0.1513186 0.9319618 0.2706351 0.2527827 0.18223965 0.8563045 0.21093906 0.21295798
0.142 0.1536723 0.9344515 0.2689424 0.2549768 0.18346286 0.8534358 0.20790084 0.21270928
0.1425 0.1560284 0.9368914 0.2672856 0.2571805 0.18467444 0.85045815 0.20476176 0.21244204
0.143 0.1583693 0.9392798 0.2656612 0.2593592 0.18587363 0.8473751 0.20152529 0.21215737
0.1435 0.1606914 0.9416172 0.264067 0.2615148 0.18706065 0.84418935 0.1981953 0.21185699
0.144 0.1630141 0.9439052 0.2625082 0.2636717 0.18823478 0.8409043 0.19477512 0.21154183
0.1445 0.1653468 0.9461452 0.2609886 0.2658354 0.18939537 0.8375227 0.19126804 0.211213
0.145 0.1676901 0.9483387 0.2595095 0.268004 0.19054297 0.8340481 0.18767782 0.2108714
0.1455 0.1700408 0.9504858 0.2580708 0.2701742 0.19167575 0.8304824 0.18400802 0.21051872
0.146 0.1723747 0.9525856 0.2566383 0.2723229 0.19279465 0.8268298 0.18026222 0.21015543
0.1465 0.1746885 0.9546389 0.2552216 0.2744461 0.19389865 0.82309216 0.17644282 0.20978326
0.147 0.1770068 0.9566483 0.2538582 0.2765663 0.19498703 0.8192722 0.17255439 0.2094031
0.1475 0.1793369 0.9586166 0.2525537 0.2786898 0.19606033 0.81537294 0.16859956 0.20901597
0.148 0.1816771 0.9605459 0.2513031 0.2808157 0.19711742 0.8113967 0.16458227 0.20862237
0.1485 0.1840235 0.9624378 0.2501 0.2829419 0.19815844 0.8073464 0.16050495 0.20822415
0.149 0.1863725 0.9642936 0.2489395 0.285066 0.19918284 0.80322427 0.15637125 0.20782238
0.1495 0.1887208 0.9661143 0.2478182 0.2871865 0.20019016 0.79903364 0.15218456 0.2074168
0.15 0.1910666 0.9679007 0.246734 0.289302 0.19903064 0.8971644 -0.022821888 0.25988883
0.1505 0.1921889 0.9696309 0.2448439 0.2805592 0.14067629 0.8097047 0.13062446 0.16891888
0.151 0.191261 0.9712246 0.2421399 0.2715287 0.16998959 0.92140394 0.032903418 0.21140113
0.1515 0.1903139 0.9727003 0.2398518 0.2651653 0.16676119 0.96052295 0.00080935564 0.2541975
0.152 0.1897912 0.9740932 0.2379698 0.2599309 0.16279054 0.9749691 0.10931058 0.04080642
0.1525 0.1895706 0.9754222 0.2363153 0.2551763 0.1451562 0.8400739 0.16053204 0.16971013
0.153 0.1894906 0.9766939 0.2347739 0.2506834 0.07942963 0.8397495 0.27592808 0.10510384
0.1535 0.1894509 0.9779171 0.2332919 0.2463988 0.10744873 0.8380155 0.22327125 0.1106969
0.154 0.1894018 0.9790971 0.2318473 0.2423026 0.14103264 0.8439743 0.1542321 0.13964751
0.1545 0.189151 0.9802368 0.2304302 0.2383794 0.12633538 0.9131562 0.17763634 0.114136264
0.155 0.1887805 0.9813381 0.2290355 0.2346157 0.16831678 0.87431973 0.19309762 0.108343504
0.1555 0.18845 0.982402 0.2276613 0.2309993 0.16180038 0.86660665 0.18984221 0.13568978
0.156 0.1881654 0.9834296 0.2263071 0.2275199 0.12607047 0.88000923 0.19160162 0.11496983
0.1565 0.1878981 0.9844217 0.2249724 0.2241684 0.13651302 0.8754106 0.1773706 0.104734935
0.157 0.1876198 0.9853791 0.2236567 0.2209358 0.12818041 0.8732192 0.17361745 0.12217306
0.1575 0.187311 0.9863026 0.2223595 0.2178141 0.1304742 0.8725187 0.19076945 0.11179319
0.158 0.1869599 0.987193 0.22108 0.2147957 0.14042056 0.8741403 0.18938726 0.10618806
0.1585 0.1865604 0.9880511 0.2198179 0.211873 0.13105854 0.865401 0.18870363 0.11090965
0.159 0.1860947 0.9888775 0.2185704 0.2090237 0.12843376 0.87359875 0.1937245 0.10396505
0.1595 0.1855648 0.9896728 0.2173363 0.2062487 0.13120508 0.87150735 0.19301677 0.10800974
0.16 0.1849897 0.9904375 0.2161183 0.203555 0.12618148 0.872241 0.19359346 0.108000785
0.1605 0.1843777 0.9911727 0.2149176 0.2009402 0.12746167 0.87278956 0.19763093 0.105688475
0.161 0.1837302 0.9918791 0.213734 0.1983987 0.1272471 0.86898935 0.1972266 0.10477387
0.1615 0.1830466 0.9925576 0.2125668 0.1959249 0.12402815 0.8692765 0.19932517 0.10581042
0.162 0.1823262 0.9932089 0.2114151 0.1935136 0.12277357 0.86993855 0.20186807 0.103411905
0.1625 0.1815673 0.9938327 0.2101713 0.19116 0.12200181 0.8708225 0.2023849 0.102331236
0.163 0.180751 0.9944131 0.2085735 0.1888585 0.12061219 0.8709788 0.20456317 0.10232319
0.1635 0.1798935 0.99495 0.2070847 0.1866054 0.120008186 0.87094676 0.2064412 0.100991644
0.164 0.1790098 0.9954554 0.2058039 0.1843986 0.11897007 0.8712155 0.20760694 0.10071121
0.1645 0.1781025 0.9959392 0.2046842 0.182235 0.11683936 0.87122244 0.20977017 0.10043229
0.165 0.1771703 0.9964069 0.2036643 0.1801117 0.11591951 0.8711732 0.21172728 0.09916779
0.1655 0.1762113 0.9968605 0.2026985 0.1780261 0.11490614 0.87129223 0.21321586 0.09876744
0.166 0.1752246 0.9973005 0.2017585 0.1759754 0.11308407 0.8713625 0.21515039 0.098253116
0.1665 0.1742099 0.9977263 0.2008287 0.1739573 0.11215826 0.8714175 0.21681048 0.09728448
0.167 0.1731672 0.9981368 0.1999015 0.1719696 0.11089689 0.8715636 0.21846686 0.096832
0.1675 0.1720971 0.9985313 0.198974 0.1700102 0.10945957 0.8715617 0.22043996 0.096200034
0.168 0.1710003 0.9989089 0.1980457 0.1680773 0.10838521 0.87162495 0.222111 0.09543114
0.1685 0.1698777 0.9992691 0.1971171 0.166169 0.1069619 0.87168914 0.22374807 0.09492492
0.169 0.1687299 0.9996116 0.1961896 0.1642836 0.1055815 0.8716957 0.22554067 0.0942779
0.1695 0.1675579 0.9999361 0.1952643 0.1624198 0.10441271 0.87169796 0.22720045 0.09361763
0.17 0.1663625 1.000243 0.1943425 0.1605759 0.103043884 0.87171906 0.22887148 0.09303589
0.1705 0.1651443 1.000531 0.1934252 0.1587507 0.10169662 0.8717178 0.23058872 0.09237461
0.171 0.1639041 1.000802 0.1925133 0.156943 0.10043345 0.87167674 0.23220934 0.09171103
0.1715 0.1626427 1.001056 0.1916073 0.1551514 0.09907571 0.8716764 0.23385362 0.091115184
0.172 0.1613605 1.001292 0.1907078 0.1533749 0.09773631 0.87163424 0.23551318 0.09047663
0.1725 0.1600584 1.001512 0.1898152 0.1516126 0.09643424 0.8715758 0.23709662 0.089826144
0.173 0.1587368 1.001715 0.1889295 0.1498634 0.09507943 0.8715233 0.23869835 0.089206144
0.1735 0.1573963 1.001902 0.1880511 0.1481263 0.09374093 0.87143487 0.24029356 0.08856023
0.174 0.1560375 1.002074 0.18718 0.1464007 0.09241793 0.87134856 0.24184455 0.08791746
0.1745 0.1546609 1.00223 0.1863162 0.1446856 0.091060475 0.87126064 0.24339683 0.08728306
0.175 0.153267 1.002372 0.1854596 0.1429803 0.089719914 0.87115043 0.24493286 0.08663011
0.1755 0.1518562 1.002498 0.1846102 0.1412841 0.088387035 0.8710366 0.2464403 0.08598035
0.176 0.1504292 1.002611 0.1837679 0.1395964 0.087034486 0.87091744 0.24794365 0.08533465
0.1765 0.1489862 1.00271 0.1829327 0.1379165 0.085693076 0.87078434 0.24942864 0.08467723
0.177 0.1475277 1.002795 0.1821043 0.1362438 0.08435306 0.8706476 0.25089204 0.084020354
0.1775 0.1460543 1.002867 0.1812826 0.1345778 0.083005555 0.8705054 0.25234717 0.08336248
0.178 0.1445661 1.002926 0.1804676 0.132918 0.08166647 0.8703552 0.2537849 0.08269762
0.1785 0.1430638 1.002973 0.179659 0.1312639 0.080327295 0.87020206 0.25520465 0.08203203
0.179 0.1415476 1.003007 0.1788568 0.1296151 0.07898674 0.87004566 0.25661433 0.081363104
0.1795 0.1400179 1.003029 0.1780607 0.1279711 0.077652834 0.86988395 0.2580082 0.08068962
0.18 0.138475 1.00304 0.1772706 0.1263314 0.076320134 0.86972207 0.25938815 0.08001397
0.1805 0.1369194 1.003039 0.1764864 0.1246959 0.074988954 0.8695589 0.2607569 0.079335324
0.181 0.1353513 1.003027 0.1757079 0.123064 0.07366398 0.8693941 0.2621115 0.07865261
0.1815 0.1337712 1.003005 0.174935 0.1214355 0.07234186 0.8692314 0.2634548 0.07796701
0.182 0.1321792 1.002971 0.1741675 0.11981 0.07102406 0.86906993 0.26478752 0.077278785
0.1825 0.1305757 1.002927 0.1734053 0.1181873 0.0697119 0.8689107 0.26610857 0.07658646
0.183 0.128961 1.002873 0.1726483 0.116567 0.06840468 0.868756 0.26741946 0.075891055
0.1835 0.1273354 1.002809 0.1718962 0.1149489 0.067103244 0.86860543 0.26872155 0.075193025
0.184 0.1256991 1.002735 0.171149 0.1133329 0.06580813 0.86846095 0.27001446 0.074491106
0.1845 0.1240525 1.002652 0.1704066 0.1117185 0.06452015 0.8683234 0.27129927 0.07378655
0.185 0.1223958 1.002559 0.1696688 0.1101057 0.06323896 0.8681933 0.2725769 0.07307879
0.1855 0.1207293 1.002457 0.1689354 0.1084942 0.061965458 0.86807245 0.27384776 0.072367914
0.186 0.1190531 1.002346 0.1682064 0.1068838 0.0607 0.8679618 0.27511278 0.071653955
0.1865 0.1173676 1.002227 0.1674817 0.1052744 0.05944284 0.86786216 0.2763727 0.070937105
0.187 0.115673 1.002099 0.166761 0.1036657 0.058194913 0.8677748 0.27762812 0.070217066
0.1875 0.1139695 1.001963 0.1660443 0.1020577 0.05695629 0.8677012 0.27888036 0.06949412
0.188 0.1122572 1.001818 0.1653316 0.1004502 0.055727363 0.86764145 0.2801299 0.06876836
0.1885 0.1105365 1.001665 0.1646226 0.09884296 0.054508805 0.86759764 0.2813774 0.068039455
0.189 0.1088076 1.001505 0.1639172 0.09723595 0.053301178 0.8675711 0.28262392 0.06730797
0.1895 0.1070706 1.001337 0.1632154 0.09562903 0.05210468 0.86756206 0.2838699 0.06657345
0.19 0.1053257 1.001161 0.1625171 0.09402208 0.05091939 0.86757237 0.28511706 0.065836124
0.1905 0.1035731 1.000978 0.1618221 0.09241499 0.049746238 0.8676023 0.28636554 0.06509598
0.191 0.1018131 1.000788 0.1611304 0.09080765 0.04858569 0.867654 0.2876163 0.06435289
0.1915 0.1000457 1.00059 0.1604418 0.08919998 0.047438353 0.8677277 0.28887033 0.06360719
0.192 0.09827121 1.000386 0.1597563 0.08759189 0.04630375 0.8678249 0.2901285 0.06285859
0.1925 0.09648972 1.000175 0.1590737 0.08598329 0.045182988 0.8679471 0.2913918 0.06210687
0.193 0.09470143 0.9999575 0.158394 0.08437411 0.044076525 0.86809427 0.29266086 0.0613529
0.1935 0.09290648 0.9997333 0.1577171 0.08276427 0.0429845 0.8682685 0.29393664 0.06059576
0.194 0.09110503 0.9995027 0.1570429 0.0811537 0.04190723 0.86847025 0.2952199 0.059835635
0.1945 0.08929723 0.9992658 0.1563713 0.07954235 0.04084535 0.86870044 0.2965116 0.05907292
0.195 0.08748323 0.9990229 0.1557023 0.07793015 0.039799027 0.8689603 0.29781234 0.05830703
0.1955 0.08566316 0.9987739 0.1550357 0.07631705 0.03876847 0.8692505 0.2991236 0.057538114
0.196 0.08383717 0.9985191 0.1543714 0.074703 0.037754297 0.86957175 0.30044526 0.056766547
0.1965 0.0820054 0.9982584 0.1537095 0.07308795 0.036757156 0.8699252 0.30177838 0.055991657
0.197 0.08016796 0.9979921 0.1530498 0.07147185 0.035776682 0.87031204 0.30312395 0.055213504
0.1975 0.07832498 0.9977203 0.1523922 0.06985467 0.03481321 0.87073225 0.3044824 0.0544321
0.198 0.0764766 0.997443 0.1517368 0.06823637 0.0338673 0.8711868 0.30585486 0.053647228
0.1985 0.07462292 0.9971604 0.1510833 0.06661691 0.032939404 0.8716764 0.3072412 0.052859105
0.199 0.07276407 0.9968726 0.1504318 0.06499626 0.03202913 0.8722011 0.3086425 0.052067198
0.1995 0.07090016 0.9965797 0.1497822 0.06337439 0.031137057 0.87276155 0.3100593 0.05127152
0.2 0.06903129 0.9962817 0.1491344 0.06175128 0.13639629 0.7109011 0.39411387 -0.03816189
0.2005 0.0683406 0.9960016 0.1493281 0.07096221 0.0030126348 1.0104355 0.30292377 0.09011894
0.201 0.06957067 0.9958198 0.1503616 0.08040074 -0.11955888 0.959083 0.46268457 0.19305074
0.2015 0.07070957 0.9957159 0.1510003 0.08710175 0.13201088 1.0456846 0.43805912 -0.0195513
0.202 0.07134565 0.9956551 0.1512552 0.09261371 0.15828758 1.0314422 0.3755986 0.15374422
0.2025 0.07162679 0.9956184 0.1513094 0.0975997 0.12915424 1.0055836 0.36027926 0.20093822
0.203 0.0717259 0.995597 0.151278 0.1022714 0.040448837 1.0245229 0.36141303 0.1790396
0.2035 0.07174917 0.9955865 0.1512159 0.1066977 0.11619314 0.97684723 0.32963502 0.19449449
0.204 0.07175089 0.9955851 0.1511463 0.1109066 0.094399 1.0112535 0.37895828 0.16142642
0.2045 0.07175649 0.9955913 0.1510784 0.1149144 0.06485029 1.0057384 0.35361403 0.1431683
0.205 0.07177712 0.9956044 0.1510157 0.1187336 0.10474398 1.000166 0.38620964 0.1907737
0.2055 0.07181721 0.9956237 0.1509595 0.1223748 0.08666431 1.0258871 0.35942617 0.15869352
0.206 0.07187815 0.9956487 0.1509099 0.1258484 0.1018936 0.96871287 0.37969324 0.18917555
0.2065 0.07196002 0.9956789 0.1508669 0.1291637 0.10307165 1.0029972 0.3756217 0.19407034
0.207 0.07206232 0.995714 0.1508304 0.1323298 0.092563264 1.0098653 0.36804986 0.1821481
0.2075 0.07218427 0.9957536 0.1508001 0.1353549 0.11105659 0.9963313 0.3754688 0.19859564
0.208 0.07232494 0.9957974 0.1507758 0.138247 0.098118536 1.0003011 0.35780555 0.18231753
0.2085 0.07248338 0.9958452 0.1507574 0.1410133 0.10499608 0.99519306 0.36511946 0.19171628
0.209 0.07265864 0.9958967 0.1507445 0.1436607 0.09774383 1.0016237 0.36220455 0.18177253
0.2095 0.07284976 0.9959517 0.1507369 0.1461959 0.094966315 0.992364 0.36532044 0.18359336
0.21 0.07305586 0.99601 0.1507345 0.1486248 0.10158493 0.9973773 0.36788136 0.18505353
0.2105 0.07327606 0.9960715 0.1507371 0.1509532 0.09734475 0.997426 0.3652885 0.18516657
0.211 0.07350953 0.9961359 0.1507444 0.1531864 0.10028108 0.9929331 0.36486444 0.18718114
0.2115 0.07375545 0.9962031 0.1507562 0.1553296 0.09858244 0.99640876 0.36312833 0.18432799
0.212 0.07401307 0.9962731 0.1507725 0.1573874 0.098973416 0.9915674 0.36336863 0.18564683
0.2125 0.07428164 0.9963456 0.1507929 0.1593644 0.09867852 0.9921786 0.3625351 0.18502739
0.213 0.07456047 0.9964205 0.1508173 0.1612647 0.0987572 0.9905668 0.36188695 0.18541867
0.2135 0.07484886 0.9964977 0.1508456 0.1630922 0.099651 0.99057573 0.3614388 0.18503168
0.214 0.07514617 0.9965771 0.1508776 0.1648507 0.098839425 0.99053794 0.3608046 0.18521667
0.2145 0.07545179 0.9966587 0.1509131 0.1665437 0.09912702 0.9891625 0.3605982 0.18469986
0.215 0.07576488 0.9967356 0.1506895 0.1681747 0.09886675 0.98966104 0.35974187 0.18464884
0.2155 0.07608413 0.9968001 0.150437 0.1697421 0.0988081 0.98807245 0.35960698 0.18452969
0.216 0.07640592 0.9968571 0.1503093 0.1712296 0.098608635 0.9876923 0.35929954 0.18447459
0.2165 0.07672971 0.9969145 0.1502953 0.1726573 0.09870606 0.9870601 0.35881513 0.184596
0.217 0.07705887 0.9969774 0.1503566 0.1740394 0.09852915 0.986546 0.35853362 0.184392
0.2175 0.07739495 0.9970477 0.1504596 0.1753801 0.09850343 0.98608094 0.3580147 0.18426064
0.218 0.07773772 0.9971258 0.1505815 0.1766803 0.09867587 0.98537916 0.35764214 0.18420425
0.2185 0.07808651 0.9972111 0.1507091 0.1779412 0.09849172 0.9851162 0.35720676 0.1841332
0.219 0.07844057 0.9973024 0.150835 0.1791638 0.09852066 0.9842778 0.35686737 0.18402058
0.2195 0.07879911 0.9973988 0.1509563 0.180349 0.09838804 0.98391944 0.35649043 0.183992
0.22 0.07916141 0.9974991 0.1510717 0.181498 0.0983878 0.9834327 0.35614544 0.1838798
0.2205 0.07952681 0.9976025 0.1511814 0.182612 0.09832787 0.982951 0.35585985 0.18381175
0.221 0.07989478 0.9977083 0.1512861 0.1836919 0.09829461 0.98252684 0.35544485 0.1837475
0.2215 0.08026486 0.9978157 0.1513866 0.1847392 0.09829547 0.9820519 0.35517994 0.18365955
0.222 0.08063664 0.9979245 0.1514838 0.1857548 0.09821909 0.9816508 0.3548206 0.18359011
0.2225 0.08100951 0.998034 0.1515785 0.1867382 0.09819522 0.98114556 0.3545397 0.18353087
0.223 0.08137643 0.9981422 0.1516688 0.1876669 0.09814953 0.98079515 0.35424036 0.18346319
0.2235 0.0817365 0.9982497 0.1517548 0.1885557 0.098114036 0.9803612 0.3539446 0.1833911
0.224 0.08209679 0.9983573 0.15184 0.1894225 0.09809186 0.9799636 0.3536711 0.18335143
0.2245 0.08246108 0.9984653 0.1519262 0.1902719 0.098053925 0.9796007 0.3533717 0.18326694
0.225 0.08282785 0.9985741 0.1520138 0.1910999 0.09803208 0.97920287 0.3531161 0.18322346
0.2255 0.08319301 0.9986835 0.1521021 0.191904 0.09798529 0.97885257 0.35283926 0.18315339
0.226 0.08355944 0.9987934 0.1521911 0.1926906 0.097963415 0.9784797 0.3525914 0.18310136
0.2265 0.08392871 0.9989039 0.1522809 0.1934605 0.097931676 0.9781464 0.3523385 0.18304604
0.227 0.08430042 0.9990147 0.1523714 0.1942134 0.09789913 0.9777978 0.35209274 0.18299216
0.2275 0.08467352 0.9991258 0.1524626 0.1949491 0.09787654 0.97746867 0.35185772 0.18294162
0.228 0.08504696 0.9992371 0.1525542 0.1956674 0.09784483 0.9771522 0.3516193 0.18288672
0.2285 0.08541991 0.9993485 0.1526463 0.1963683 0.0978198 0.97682947 0.351398 0.18284038
0.229 0.08579177 0.99946 0.1527387 0.1970521 0.09779181 0.9765281 0.35117272 0.18278825
0.2295 0.08616215 0.9995714 0.1528315 0.197719 0.09776699 0.9762246 0.35095954 0.18274367
0.23 0.08653076 0.9996829 0.1529245 0.1983693 0.09774151 0.97593534 0.3507484 0.18269622
0.2305 0.08689741 0.9997942 0.1530178 0.1990034 0.09771641 0.97564864 0.3505427 0.18265125
0.231 0.08726197 0.9999054 0.1531114 0.1996218 0.09769394 0.9753712 0.35034278 0.18260813
0.2315 0.08762433 1.000017 0.1532052 0.2002248 0.09766873 0.97510177 0.35014665 0.1825636
0.232 0.08798442 1.000127 0.1532992 0.2008129 0.09764712 0.9748345 0.349957 0.18252304
0.2325 0.08834215 1.000238 0.1533934 0.2013866 0.097624086 0.97457856 0.34977007 0.1824812
0.233 0.08869746 1.000349 0.1534877 0.2019462 0.09760269 0.9743254 0.34958935 0.1824421
0.2335 0.08905029 1.000459 0.1535821 0.2024912 0.09758111 0.9740804 0.34941205 0.18240267
0.234 0.08940058 1.000569 0.1536767 0.2030169 0.09756043 0.9738408 0.34923923 0.18236506
0.2345 0.08974822 1.000678 0.1537712 0.20353 0.09754043 0.97360647 0.3490709 0.18232784
0.235 0.09009318 1.000788 0.1538658 0.2040327 0.09751999 0.97337836 0.3489064 0.18229192
0.2355 0.09043543 1.000897 0.1539605 0.2045251 0.09750118 0.9731552 0.34874582 0.18225625
0.236 0.09077493 1.001006 0.154055 0.2050072 0.09748205 0.9729381 0.348589 0.18222195
0.2365 0.09111165 1.001114 0.1541496 0.205479 0.09746369 0.97272533 0.34843618 0.18218872
0.237 0.09144554 1.001221 0.154244 0.2059405 0.0974456 0.9725184 0.34828687 0.182156
0.2375 0.09177656 1.001329 0.1543383 0.206392 0.097428106 0.9723163 0.348141 0.18212375
0.238 0.09210467 1.001435 0.1544325 0.2068335 0.09741103 0.97211903 0.34799892 0.18209255
0.2385 0.09242985 1.001542 0.1545265 0.2072653 0.09739407 0.97192615 0.34786007 0.18206227
0.239 0.09275205 1.001648 0.1546204 0.2076877 0.09737813 0.97173804 0.34772462 0.18203211
0.2395 0.09307124 1.001753 0.154714 0.2081008 0.09736212 0.97155446 0.34759226 0.18200341
0.24 0.09338734 1.001858 0.1548074 0.2085048 0.09734621 0.97137487 0.34746328 0.18197513
0.2405 0.09370031 1.001962 0.1549005 0.2089 0.09733074 0.9711999 0.34733728 0.1819475
0.241 0.09401018 1.002067 0.1549933 0.2092865 0.09731596 0.97102934 0.34721422 0.1819202
0.2415 0.09431696 1.00217 0.1550859 0.2096648 0.097301565 0.97086245 0.3470938 0.181894
0.242 0.09462067 1.002273 0.1551781 0.210035 0.09728711 0.9706995 0.3469764 0.18186826
0.2425 0.09491141 1.002376 0.1552538 0.2103852 0.09727337 0.97054046 0.34686205 0.18184316
0.243 0.09517904 1.002476 0.1553047 0.2107036 0.09725978 0.970385 0.3467503 0.18181854
0.2435 0.09544387 1.002573 0.155362 0.2110135 0.09724667 0.97023344 0.34664088 0.1817944
0.244 0.09571462 1.00267 0.1554334 0.2113241 0.097233646 0.9700853 0.34653443 0.18177122
0.2445 0.09599168 1.002766 0.1555163 0.2116359 0.09722098 0.9699408 0.34643033 0.18174845
0.245 0.09627268 1.002862 0.1556064 0.2119479 0.0972084 0.96979964 0.34632856 0.18172607
0.2455 0.096555 1.002958 0.1557002 0.2122585 0.09719636 0.9696618 0.34622937 0.18170431
0.246 0.0968366 1.003054 0.1557953 0.2125665 0.09718468 0.96952707 0.34613216 0.18168297
0.2465 0.09711614 1.00315 0.1558904 0.2128711 0.09717324 0.9693954 0.34603748 0.18166223
0.247 0.09739279 1.003246 0.1559849 0.2131717 0.09716224 0.9692673 0.3459447 0.18164179
0.2475 0.09766612 1.003342 0.1560782 0.2134678 0.097150765 0.9691418 0.3458546 0.18162191
0.248 0.09793594 1.003438 0.1561704 0.2137591 0.097140424 0.96901906 0.34576654 0.18160272
0.2485 0.09820212 1.003534 0.1562614 0.2140453 0.097129725 0.96889955 0.34568033 0.18158385
0.249 0.09846454 1.003629 0.1563513 0.2143259 0.09711977 0.9687825 0.34559616 0.18156546
0.2495 0.09872332 1.003723 0.1564401 0.2146014 0.09710952 0.9686684 0.34551376 0.18154755
0.25 0.09897866 1.003817 0.1565279 0.2148718 0.11858287 1.0223144 0.17171526 0.2149437
0.2505 0.09808601 1.003888 0.1557775 0.2043234 0.13545099 0.76257414 0.16403024 0.16866583
0.251 0.09538895 1.003856 0.1542008 0.1935974 0.060812034 0.77294284 0.1275783 0.08483692
0.2515 0.09287105 1.00374 0.1530305 0.1856316 0.015524082 0.7558959 0.15606886 0.09926456
0.252 0.09090558 1.003577 0.15225 0.1788721 -0.07622721 0.7649564 0.3222421 -0.0065894946
0.2525 0.08932948 1.003386 0.1516765 0.1726676 0.026964046 0.7475334 0.33204576 0.030531995
0.253 0.08796382 1.003178 0.1511953 0.1668095 0.030639999 0.7723946 0.34635344 0.027026288
0.2535 0.08669887 1.002958 0.1507517 0.1612278 0.016073741 0.77294034 0.29050553 0.06643795
0.254 0.08547777 1.002728 0.1503219 0.1558928 0.036743827 0.7978087 0.23832695 0.08345125
0.2545 0.08427321 1.00249 0.1498961 0.1507864 0.048022233 0.82304484 0.24705972 0.08046493
0.255 0.08307269 1.002244 0.1494706 0.1458944 0.029845364 0.8070657 0.24543433 0.01397153
0.2555 0.08187081 1.001991 0.1490438 0.1412046 0.05002428 0.7970918 0.25288075 0.040413134
0.256 0.08066546 1.001732 0.1486155 0.1367058 0.032595463 0.84968984 0.25818074 0.020350032
0.2565 0.07945612 1.001467 0.1481855 0.1323874 0.027288266 0.83093685 0.2598848 0.047781557
0.257 0.078243 1.001197 0.1477539 0.1282397 0.028500102 0.82839984 0.25497583 0.04061509
0.2575 0.07702661 1.000922 0.1473209 0.1242537 0.025427453 0.8482289 0.26347154 0.035814703
0.258 0.07580764 1.000643 0.1468868 0.1204206 0.02737125 0.8430795 0.27863413 0.03046161
0.2585 0.07458683 1.000359 0.1464516 0.1167325 0.028908722 0.832172 0.2809332 0.035769902
0.259 0.07336491 1.000071 0.1460156 0.1131818 0.028026484 0.839282 0.28760424 0.03959503
0.2595 0.07214262 0.9997798 0.145579 0.1097616 0.02784305 0.842233 0.28763384 0.046060555
0.26 0.07092067 0.999485 0.145142 0.1064651 0.0261719 0.8454601 0.2867164 0.04306612
0.2605 0.06969972 0.9991871 0.1447047 0.1032862 0.030428506 0.84921765 0.2894501 0.04309454
0.261 0.06848044 0.9988863 0.1442673 0.1002189 0.030193232 0.84980017 0.29285455 0.042830728
0.2615 0.06726342 0.9985829 0.1438299 0.09725781 0.031841256 0.8501969 0.29263192 0.045018174
0.262 0.06604926 0.998277 0.1433928 0.09439775 0.030270636 0.85649055 0.29540122 0.045052372
0.2625 0.0648385 0.9979688 0.1429561 0.09163384 0.030369617 0.8585897 0.2965958 0.046100177
0.263 0.06363167 0.9976586 0.1425198 0.08896151 0.0307637 0.8613787 0.29841387 0.04526589
0.2635 0.06242925 0.9973465 0.1420843 0.08637647 0.031097315 0.8633839 0.30041587 0.04633277
0.264 0.0612317 0.9970327 0.1416495 0.08387465 0.031178936 0.86496335 0.30216783 0.0466137
0.2645 0.06003947 0.9967173 0.1412156 0.08145225 0.031187005 0.866749 0.30355722 0.047689967
0.265 0.05885297 0.9964006 0.1407828 0.07910567 0.030935422 0.8686828 0.30552828 0.047577478
0.2655 0.05767257 0.9960826 0.140351 0.07683151 0.031210281 0.8705403 0.30685508 0.048269905
0.266 0.05649866 0.9957636 0.1399206 0.07462658 0.03134264 0.87184393 0.30823225 0.048347436
0.2665 0.05533155 0.9954436 0.1394915 0.07248785 0.031512484 0.8732051 0.3094486 0.04888881
0.267 0.05417159 0.9951228 0.1390638 0.07041247 0.031636514 0.87444556 0.31063873 0.049400337
0.2675 0.05301906 0.9948014 0.1386377 0.06839775 0.031631224 0.87577754 0.3116538 0.049812354
0.268 0.05187425 0.9944794 0.1382133 0.06644115 0.03172244 0.87707716 0.31273168 0.04990145
0.2685 0.0507374 0.9941569 0.1377905 0.06454025 0.031878904 0.8781864 0.31360534 0.050229885
0.269 0.04960878 0.9938342 0.1373696 0.06269277 0.031943686 0.8792353 0.3145567 0.05049517
0.2695 0.0484886 0.9935113 0.1369506 0.06089656 0.032042697 0.8802567 0.3153606 0.050780363
0.27 0.04737707 0.9931882 0.1365335 0.05914957 0.03205418 0.8812195 0.31615335 0.0510721
0.2705 0.04627439 0.9928652 0.1361184 0.05744987 0.03211718 0.882129 0.3168834 0.05125872
0.271 0.04518073 0.9925423 0.1357055 0.05579561 0.03217961 0.8829852 0.3176086 0.051415347
0.2715 0.04409626 0.9922196 0.1352947 0.05418507 0.032237858 0.88374466 0.31826228 0.051649846
0.272 0.04302112 0.9918973 0.1348861 0.05261657 0.032276288 0.88447946 0.31889853 0.05183267
0.2725 0.04195545 0.9915752 0.1344798 0.05108856 0.032322757 0.88517606 0.3194666 0.05201628
0.273 0.04089939 0.9912537 0.1340758 0.04959953 0.032354183 0.8858246 0.32001874 0.05218444
0.2735 0.03985303 0.9909327 0.1336741 0.04814808 0.032396242 0.88643295 0.3205286 0.052332185
0.274 0.03881648 0.9906124 0.1332749 0.04673284 0.032438777 0.886998 0.32101083 0.05246585
0.2745 0.03778983 0.9902928 0.1328782 0.04535253 0.032470338 0.8875267 0.32145873 0.052614085
0.275 0.03677317 0.9899739 0.132484 0.04400594 0.03250242 0.88802487 0.321882 0.052739657
0.2755 0.03576655 0.9896559 0.1320923 0.04269188 0.0325327 0.88849974 0.32227278 0.05285961
0.276 0.03477003 0.9893388 0.1317032 0.04140926 0.032558143 0.88893867 0.32264417 0.052970715
0.2765 0.03378368 0.9890227 0.1313167 0.040157 0.032586552 0.8893499 0.32298887 0.053073205
0.277 0.03280753 0.9887077 0.1309329 0.03893411 0.032612085 0.8897355 0.32331404 0.05317057
0.2775 0.03184162 0.9883937 0.1305517 0.0377396 0.032632813 0.8900966 0.32361794 0.05326522
0.278 0.03088596 0.9880809 0.1301733 0.03657257 0.032654256 0.8904353 0.32390305 0.053350456
0.2785 0.02994059 0.9877693 0.1297976 0.03543211 0.032673955 0.8907544 0.3241691 0.053430177
0.279 0.02900552 0.987459 0.1294246 0.03431741 0.03269197 0.891051 0.3244199 0.053505547
0.2795 0.02808073 0.98715 0.1290544 0.03322763 0.03270991 0.8913285 0.32465369 0.053576164
0.28 0.02716625 0.9868423 0.128687 0.03216202 0.03272602 0.89158916 0.32487303 0.05364252
0.2805 0.02626206 0.9865361 0.1283224 0.03111983 0.0327408 0.8918331 0.3250782 0.053705014
0.281 0.02536814 0.9862313 0.1279606 0.03010035 0.03275474 0.8920612 0.32527053 0.05376274
0.2815 0.02448449 0.985928 0.1276017 0.0291029 0.032768138 0.89227545 0.32545036 0.05381667
0.282 0.02361107 0.9856262 0.1272456 0.02812683 0.03278044 0.89247555 0.32561892 0.05386778
0.2825 0.02274785 0.985326 0.1268924 0.02717152 0.032791965 0.89266235 0.32577655 0.05391548
0.283 0.02189482 0.9850274 0.126542 0.02623636 0.03280296 0.89283836 0.32592416 0.053960137
0.2835 0.02105192 0.9847304 0.1261945 0.02532078 0.03281244 0.8930023 0.3260625 0.054001607
0.284 0.02021911 0.9844351 0.1258499 0.02442422 0.032822408 0.8931561 0.32619148 0.05404059
0.2845 0.01939636 0.9841414 0.1255082 0.02354615 0.032831103 0.89329964 0.32631248 0.05407714
0.285 0.01858362 0.9838495 0.1251694 0.02268606 0.032839134 0.89343446 0.3264258 0.05411116
0.2855 0.01778083 0.9835594 0.1248335 0.02184345 0.032846935 0.89356035 0.32653207 0.05414351
0.286 0.01698793 0.983271 0.1245005 0.02101784 0.03285414 0.89367837 0.32663083 0.05417309
0.2865 0.01620487 0.9829844 0.1241704 0.0202088 0.032860883 0.89378846 0.32672384 0.05420155
0.287 0.01543159 0.9826996 0.1238432 0.01941586 0.03286714 0.8938919 0.32681075 0.054227315
0.2875 0.01466803 0.9824167 0.1235188 0.01863861 0.032872967 0.89398843 0.32689202 0.05425223
0.288 0.01391412 0.9821357 0.1231974 0.01787664 0.03287849 0.8940787 0.32696804 0.05427497
0.2885 0.01316978 0.9818565 0.1228789 0.01712955 0.032883793 0.8941636 0.32703924 0.054296486
0.289 0.01243496 0.9815792 0.1225632 0.01639696 0.03288863 0.89424276 0.32710597 0.054316558
0.2895 0.01170958 0.9813038 0.1222505 0.01567851 0.03289304 0.89431614 0.3271682 0.05433581
0.29 0.01099356 0.9810304 0.1219406 0.01497383 0.032897085 0.89438576 0.3272264 0.054352812
0.2905 0.01028684 0.9807589 0.1216335 0.0142826 0.032901123 0.89445066 0.32728088 0.05436959
0.291 0.009589323 0.9804893 0.1213294 0.01360447 0.03290485 0.8945109 0.32733187 0.05438512
0.2915 0.008900943 0.9802217 0.1210281 0.01293912 0.03290838 0.8945681 0.32737964 0.054399274
0.292 0.008221616 0.9799561 0.1207296 0.01228625 0.032911547 0.8946211 0.32742435 0.05441282
0.2925 0.007551263 0.9796925 0.120434 0.01164555 0.032914452 0.8946707 0.32746613 0.05442535
0.293 0.006889801 0.9794308 0.1201412 0.01101674 0.032917276 0.8947171 0.32750544 0.054437228
0.2935 0.006237147 0.9791712 0.1198512 0.01039954 0.032919995 0.89476055 0.3275418 0.054448314
0.294 0.005593217 0.9789136 0.119564 0.009793661 0.03292238 0.8948013 0.32757592 0.054458477
0.2945 0.004957927 0.9786579 0.1192796 0.009198855 0.032924615 0.8948392 0.327608 0.054468386
0.295 0.004331191 0.9784043 0.1189979 0.008614862 0.032926723 0.8948747 0.32763785 0.05447731
0.2955 0.003712922 0.9781528 0.1187191 0.008041436 0.03292916 0.894908 0.32766563 0.0544857
0.296 0.003103036 0.9779032 0.1184429 0.007478336 0.03293086 0.8949393 0.32769197 0.054493718
0.2965 0.002501445 0.9776557 0.1181696 0.006925329 0.032932304 0.8949681 0.3277165 0.0545012
0.297 0.001908061 0.9774102 0.1178989 0.006382191 0.032934353 0.8949954 0.32773942 0.054507725
0.2975 0.001322797 0.9771667 0.117631 0.0058487 0.032935686 0.8950207 0.32776088 0.0545144
0.298 0.0007455664 0.9769253 0.1173657 0.005324646 0.032937013 0.89504474 0.3277809 0.054520495
0.2985 0.0001762799 0.9766858 0.1171031 0.004809822 0.03293848 0.89506704 0.32779965 0.054526143
0.299 -0.00038515 0.9764485 0.1168432 0.004304026 0.032939844 0.8950879 0.3278172 0.054531388
0.2995 -0.0009388113 0.9762131 0.116586 0.003807064 0.032940835 0.8951074 0.3278336 0.0545365
0.3 -0.001484792 0.9759798 0.1163313 0.003318747 0.13257658 0.48071593 0.31174457 0.045584142
0.3005 -0.0008882122 0.9653927 0.116728 0.01352952 -0.02464927 0.8720071 0.34791777 0.07628332
0.301 0.001491223 0.949808 0.1175628 0.02385016 -0.17235565 0.7657612 0.5568318 0.28615743
0.3015 0.003677864 0.9321359 0.1177378 0.03139223 0.17516851 0.851727 0.55266297 -0.033083454
0.302 0.005305634 0.9133961 0.1173666 0.03771558 0.22210398 0.722088 0.5588631 0.18028629
0.3025 0.006547913 0.8940809 0.1166934 0.0434849 0.2095103 0.663268 0.44088688 0.31813997
0.303 0.007586965 0.8744625 0.1158627 0.04890874 0.111434005 0.72610664 0.47926795 0.32528624
0.3035 0.008528897 0.8547131 0.1149428 0.05404005 0.13933331 0.65088534 0.39202538 0.29873395
0.304 0.009428935 0.8349545 0.1139665 0.05892045 0.15055406 0.6254413 0.46481356 0.28047177
0.3045 0.01031594 0.8152787 0.1129519 0.06357612 0.08722287 0.6153366 0.40670115 0.21158391
0.305 0.01120292 0.7953657 0.1119064 0.06802181 0.12673524 0.57201153 0.44256115 0.29397193
0.3055 0.01209359 0.7734747 0.1107805 0.07226149 0.12683457 0.5656146 0.37630332 0.23668635
0.306 0.01298872 0.7513578 0.1095709 0.07631278 0.13454762 0.48015612 0.40735656 0.27488396
0.3065 0.01388938 0.7299685 0.1083238 0.08018816 0.12464156 0.4766899 0.3959505 0.2810932
0.307 0.01479535 0.7096398 0.1070743 0.08389633 0.11300438 0.48865643 0.34983122 0.25759688
0.3075 0.01570582 0.6904074 0.1058408 0.08744032 0.13989165 0.47205898 0.3475318 0.27308062
0.308 0.0166197 0.6721803 0.1046297 0.09082691 0.12878782 0.42965874 0.31303772 0.2682959
0.3085 0.01753597 0.6548265 0.1034409 0.09407161 0.12218844 0.40181908 0.2926564 0.28392577
0.309 0.0184538 0.6382137 0.1022715 0.09718247 0.122114144 0.40011236 0.28082243 0.25909483
0.3095 0.01937254 0.6222264 0.1011175 0.1001659 0.10458603 0.37006184 0.26028103 0.24428985
0.31 0.02029159 0.6067707 0.09997527 0.1030281 0.114943914 0.34693733 0.25526035 0.25141358
0.3105 0.02121035 0.5917737 0.09884177 0.1057749 0.101067804 0.34533256 0.24342756 0.23861903
0.311 0.02212821 0.5771807 0.09771468 0.1084118 0.108402066 0.3153684 0.225053 0.237032
0.3115 0.0230446 0.5629519 0.09659239 0.1109442 0.10084128 0.3010826 0.20890103 0.22895676
0.312 0.02395899 0.5490587 0.09547386 0.1133774 0.09131392 0.27613145 0.20127375 0.22630262
0.3125 0.0248708 0.5354811 0.09435855 0.115716 0.09038081 0.25999704 0.189386 0.2217648
0.313 0.02577946 0.5222053 0.09324626 0.1179648 0.09172913 0.24320444 0.17206274 0.21880299
0.3135 0.02668444 0.5092218 0.09213705 0.1201281 0.0894601 0.22810921 0.16158374 0.21091741
0.314 0.02758529 0.4965239 0.09103115 0.1222101 0.08675184 0.21274292 0.15071715 0.20826814
0.3145 0.02848156 0.484107 0.08992894 0.1242145 0.082344316 0.19979823 0.14222886 0.2027469
0.315 0.02937281 0.4719658 0.08883082 0.1261451 0.0810084 0.18937057 0.13082545 0.19806078
0.3155 0.03025857 0.4600951 0.08773716 0.1280053 0.07773294 0.17752007 0.121063456 0.19393566
0.316 0.03113836 0.4484918 0.08664836 0.1297982 0.076258026 0.16549516 0.11258279 0.19119331
0.3165 0.03201184 0.4371532 0.08556484 0.1315271 0.074212395 0.15665519 0.10518859 0.18724403
0.317 0.03287886 0.4260775 0.08448709 0.1331949 0.07239636 0.14682439 0.09717943 0.1842742
0.3175 0.03373931 0.4152624 0.0834156 0.1348046 0.07008495 0.13727015 0.089831665 0.18052128
0.318 0.03459303 0.4047055 0.08235083 0.1363589 0.069134556 0.12884748 0.08349837 0.17750937
0.3185 0.03543983 0.3944041 0.08129322 0.1378601 0.067749165 0.12175543 0.07824309 0.17455488
0.319 0.03627951 0.3843547 0.08024317 0.1393108 0.066999756 0.11451767 0.07234715 0.1723001
0.3195 0.03711184 0.3745537 0.07920104 0.140713 0.06515499 0.10794214 0.06712054 0.16952345
0.32 0.03793665 0.364997 0.07816713 0.142069 0.06416895 0.102117516 0.062245622 0.16737357
0.3205 0.03875373 0.3556802 0.07714174 0.143317 0.063327454 0.09652916 0.058019742 0.16523615
0.321 0.03956277 0.3465988 0.07612508 0.1444081 0.06240865 0.0914386 0.05367042 0.16344732
0.3215 0.04036351 0.3377478 0.07511736 0.1455014 0.061405264 0.0867397 0.049893454 0.16149542
0.322 0.04115592 0.3291224 0.07411878 0.1466041 0.060747884 0.08239121 0.046316847 0.15983438
0.3225 0.04193999 0.3207175 0.07312956 0.1477059 0.060052358 0.078286685 0.04312314 0.15823382
0.323 0.04271569 0.3125281 0.07214986 0.1487979 0.05937787 0.07482756 0.040208384 0.15675718
0.3235 0.04348296 0.3045491 0.07117981 0.1498741 0.058712028 0.07142804 0.03743349 0.15535322
0.324 0.04424171 0.2967754 0.07021953 0.1509301 0.05824008 0.06825922 0.034873143 0.1541236
0.3245 0.04499187 0.289202 0.0692691 0.1519633 0.057731353 0.06545047 0.032577083 0.15298522
0.325 0.04573337 0.2818239 0.06832862 0.1529718 0.057291947 0.0628509 0.030467466 0.15195823
0.3255 0.04646616 0.2746361 0.06739814 0.1539547 0.056810223 0.06040425 0.028450862 0.15097791
0.326 0.04719018 0.2676338 0.06647772 0.1549115 0.056443773 0.0581607 0.026620403 0.15007323
0.3265 0.04790538 0.2608122 0.0655674 0.1558422 0.05612036 0.05613915 0.024967864 0.1492432
0.327 0.04861174 0.2541667 0.06466722 0.1567467 0.05579289 0.054266013 0.023441926 0.14848357
0.3275 0.04930917 0.2476925 0.06377719 0.1576255 0.055467866 0.05254305 0.0220346 0.14776617
0.328 0.04999769 0.2413853 0.06289732 0.1584792 0.055204533 0.050982036 0.02073522 0.14711231
0.3285 0.05067734 0.2352407 0.06202764 0.1593085 0.054956757 0.04951755 0.019547 0.1465219
0.329 0.05134817 0.2292542 0.06116816 0.1601142 0.05472722 0.04820127 0.01845713 0.14597449
0.3295 0.05201018 0.2234218 0.06031887 0.1608969 0.054509424 0.04698474 0.017450705 0.14547083
0.33 0.05266337 0.2177393 0.05947975 0.1616574 0.05432143 0.04585374 0.016524091 0.14500967
0.3305 0.05330776 0.2122028 0.0586508 0.1623964 0.054143153 0.044815786 0.015674487 0.14458561
0.331 0.05394335 0.2068084 0.05783199 0.1631147 0.053983293 0.043879308 0.01490493 0.14419267
0.3315 0.05457016 0.2015522 0.05702327 0.1638128 0.053829633 0.04301221 0.0141889 0.14383197
0.332 0.05518822 0.1964307 0.05622463 0.1644916 0.053695045 0.042210348 0.013533368 0.14350072
0.3325 0.05579757 0.1914402 0.05543602 0.1651517 0.053569637 0.041483857 0.012932136 0.14319623
0.333 0.05639824 0.1865772 0.0546574 0.1657938 0.05345639 0.040815927 0.012383356 0.14291874
0.3335 0.05699028 0.1818383 0.05388873 0.1664184 0.053348444 0.040199347 0.011874988 0.14266288
0.334 0.05757374 0.1772203 0.05312995 0.1670263 0.053251706 0.03963474 0.011409714 0.14242837
0.3345 0.05814868 0.17272 0.05238101 0.167618 0.05316391 0.039117105 0.010983004 0.14221308
0.335 0.05871516 0.1683341 0.05164186 0.168194 0.053083144 0.03864158 0.010591879 0.1420151
0.3355 0.05927323 0.1640597 0.05091244 0.1687549 0.053007685 0.03820569 0.010232641 0.14183345
0.336 0.05982297 0.1598938 0.05019268 0.1693012 0.052939437 0.03780643 0.009903803 0.14166588
0.3365 0.06036234 0.1558336 0.04948238 0.1696491 0.052876674 0.037438996 0.00960119 0.14151287
0.337 0.06088943 0.1518761 0.0487811 0.1699759 0.05281975 0.037103184 0.009324207 0.14137211
0.3375 0.06140812 0.1480187 0.04808909 0.170351 0.052766524 0.036795117 0.009069874 0.14124331
0.338 0.06192058 0.1442587 0.04740661 0.1707641 0.052718602 0.036511786 0.008836701 0.1411252
0.3385 0.06242711 0.1405936 0.04673369 0.1712016 0.05267372 0.03625194 0.008622183 0.14101684
0.339 0.06292731 0.1370208 0.0460702 0.1716533 0.052633487 0.03601394 0.008426203 0.14091751
0.3395 0.06342066 0.1335381 0.04541603 0.1721115 0.052596055 0.035795398 0.008245601 0.14082602
0.34 0.0639068 0.1301429 0.04477104 0.172571 0.05256196 0.03559468 0.008080377 0.14074197
0.3405 0.06438551 0.1268331 0.04413512 0.1730279 0.052530788 0.035411306 0.007928862 0.140665
0.341 0.06485668 0.1236063 0.04350816 0.1734797 0.05250158 0.035242535 0.007790222 0.14059454
0.3415 0.06532029 0.1204605 0.04289006 0.1739244 0.052475296 0.03508804 0.0076625487 0.14052981
0.342 0.06577639 0.1173934 0.04228075 0.1743608 0.052451037 0.03494642 0.007545664 0.14047039
0.3425 0.06622505 0.1144031 0.04168012 0.1747881 0.052428983 0.034815975 0.0074385544 0.14041615
0.343 0.06666635 0.1114876 0.0410881 0.1752056 0.052408777 0.034696944 0.0073399683 0.1403662
0.3435 0.0671004 0.1086448 0.04050459 0.1756133 0.05239012 0.03458748 0.007249846 0.14032054
0.344 0.06752729 0.1058729 0.03992952 0.1760109 0.052373014 0.034487046 0.007166936 0.14027834
0.3445 0.06794713 0.1031701 0.0393628 0.1763985 0.05235704 0.034394987 0.0070910593 0.1402395
0.345 0.06836002 0.1005346 0.03880435 0.1767762 0.052342854 0.034310736 0.0070216795 0.14020422
0.3455 0.06876598 0.09796453 0.03825406 0.177144 0.05232968 0.03423346 0.0069577834 0.14017197
0.346 0.06916475 0.0954583 0.03771179 0.1775019 0.052317403 0.0341622 0.006899192 0.14014214
0.3465 0.06955641 0.09301421 0.03717743 0.1778501 0.052306555 0.034097113 0.006845548 0.14011511
0.347 0.06994135 0.09063045 0.0366328 0.1781892 0.052296363 0.034037627 0.006796195 0.14008984
0.3475 0.07031983 0.08830283 0.03603792 0.17852 0.052287005 0.03398291 0.006751134 0.14006695
0.348 0.07069202 0.08602988 0.03546883 0.1788427 0.05227842 0.033932544 0.0067095896 0.14004588
0.3485 0.07105813 0.08381201 0.03493903 0.1791573 0.052270494 0.03388653 0.006671562 0.1400266
0.349 0.07141831 0.0816492 0.03444002 0.1794641 0.052263282 0.03384424 0.0066368124 0.14000893
0.3495 0.07177256 0.07954079 0.03396164 0.179763 0.052256666 0.033805527 0.006604924 0.13999286
0.35 0.07212088 0.0774856 0.0334966 0.1800544 0.017895602 0.008461123 0.0027127108 0.22992364
0.3505 0.07131854 0.07545948 0.03220351 0.1695243 0.12576744 -0.062255092 0.021551535 0.07864737
0.351 0.0687089 0.07338141 0.03009308 0.1588144 -0.018030204 -0.009408141 0.04166822 0.121274106
0.3515 0.06627591 0.0712695 0.02839501 0.1508633 -0.05403837 -0.03881731 -0.09598036 0.11768057
0.352 0.06439297 0.06915788 0.02709166 0.1441172 -0.014863379 0.022725737 -0.05444084 0.054462545
0.3525 0.06289698 0.06706573 0.02600017 0.1379249 -0.03339321 0.010350263 -0.03213118 -0.04338274
0.353 0.06160889 0.06500176 0.02500633 0.1320778 0.019532286 -0.07677185 0.02792193 -0.03708262
0.3535 0.06041899 0.06296951 0.02405569 0.1265059 -0.021308847 -0.070036076 0.013447507 0.024901323
0.354 0.05927052 0.06097026 0.0231248 0.1211794 0.010380559 -0.006276423 -0.06576744 0.0576446
0.3545 0.05813623 0.05900428 0.02220414 0.1160805 -0.045192935 0.025689011 0.019517466 0.020199142
0.355 0.05700369 0.05707142 0.02129004 0.111195 -0.039261363 -0.011557201 -0.049715996 -0.07734544
0.3555 0.05586754 0.05517134 0.02038116 0.1065108 -0.00034142286 -0.02911953 0.028037027 0.026835464
0.356 0.05472573 0.05330362 0.01947711 0.1020165 -0.06279037 0.07251421 -0.034118608 -0.035470344
0.3565 0.05357779 0.05146779 0.01857789 0.09770191 -0.055569254 0.07020948 -0.016788587 -0.016012259
0.357 0.05242397 0.04966334 0.0176836 0.09355719 -0.04845985 0.022471523 -0.04624693 -0.0048365965
0.3575 0.05126486 0.04788976 0.01679439 0.08957327 -0.043395706 -0.00036732294 -0.04287906 -0.06778977
0.358 0.05010118 0.04614654 0.01591043 0.08574164 -0.0054380074 0.010180866 -0.031472698 -0.062070705
0.3585 0.04893371 0.04443314 0.01503186 0.08205431 -0.03854478 -0.021877209 -0.024930343 -0.072836675
0.359 0.04776326 0.04274903 0.01415884 0.07850378 -0.057286136 -0.04752522 -0.020425335 -0.030128248
0.3595 0.04659058 0.04109369 0.0132915 0.07508302 -0.053787254 -0.026681611 -0.014466987 -0.029663421
0.36 0.04541645 0.03946659 0.01242996 0.07178544 -0.05798497 -0.011898631 -0.0367281 -0.047074534
0.3605 0.04424159 0.03786721 0.01157432 0.06860483 -0.034677498 -0.024375299 -0.03739445 -0.063174285
0.361 0.04306667 0.03629504 0.01072469 0.06553536 -0.052343704 -0.044004895 -0.039817527 -0.05327002
0.3615 0.04189237 0.03474957 0.00988117 0.06257158 -0.040030845 -0.037208505 -0.029998884 -0.04020033
0.362 0.0407193 0.03323029 0.009043835 0.05970832 -0.0522789 -0.021890486 -0.034219727 -0.04063774
0.3625 0.03954806 0.03173671 0.008212766 0.05694076 -0.06452469 -0.030024001 -0.035222396 -0.049097605
0.363 0.03837921 0.03026834 0.007388036 0.05426435 -0.054251738 -0.019806424 -0.03779842 -0.060234554
0.3635 0.03721328 0.02882471 0.006569707 0.0516748 -0.051186584 -0.02772876 -0.032341048 -0.054263122
0.364 0.03605078 0.02740534 0.00575784 0.04916807 -0.044970028 -0.027121404 -0.043267444 -0.052037068
0.3645 0.03489217 0.02600978 0.004952487 0.04674038 -0.046851926 -0.030019874 -0.03835608 -0.048375674
0.365 0.03373791 0.02463757 0.004153696 0.04438814 -0.055706598 -0.038961105 -0.037467763 -0.052554764
0.3655 0.03258843 0.02328826 0.003361511 0.04210798 -0.052853383 -0.03750386 -0.033354744 -0.050371714
0.366 0.03144412 0.02196143 0.00257597 0.03989671 -0.05423028 -0.029943505 -0.037348196 -0.052862085
0.3665 0.03030535 0.02065664 0.001797105 0.03775132 -0.05134595 -0.03376607 -0.04024668 -0.054644383
0.367 0.02917248 0.01937349 0.001024947 0.03566899 -0.049488805 -0.04018227 -0.042454526 -0.048882432
0.3675 0.02804585 0.01811155 0.0002595197 0.03364702 -0.050540127 -0.036482655 -0.039246127 -0.049973793
0.368 0.02692577 0.01687044 -0.0004991545 0.03168289 -0.05366475 -0.035377838 -0.037279323 -0.051822253
0.3685 0.02581252 0.01564975 -0.001251059 0.0297742 -0.05627366 -0.038448088 -0.04026784 -0.05379007
0.369 0.02470639 0.01444911 -0.001996179 0.02791868 -0.054447122 -0.038129725 -0.04048516 -0.052828588
0.3695 0.02360763 0.01326813 -0.002734506 0.02611418 -0.050228797 -0.03558638 -0.040161744 -0.0513416
0.37 0.02251648 0.01210646 -0.003466031 0.02435868 -0.052115925 -0.03847999 -0.04163845 -0.049821384
0.3705 0.02143316 0.01096373 -0.004190751 0.02265025 -0.05219709 -0.039165698 -0.042033568 -0.051881053
0.371 0.02035787 0.009839589 -0.004908665 0.02098706 -0.054176293 -0.04070898 -0.041497335 -0.05368588
0.3715 0.01929081 0.008733694 -0.005619776 0.01936737 -0.052861236 -0.040914916 -0.0411288 -0.05180306
0.372 0.01823216 0.007645708 -0.006324088 0.01778955 -0.05285608 -0.0390879 -0.04167144 -0.051338412
0.3725 0.01718208 0.0065753 -0.007021608 0.01625203 -0.05365967 -0.03956669 -0.04202895 -0.05185724
0.373 0.01614072 0.005522148 -0.007712346 0.01475333 -0.052735172 -0.04169733 -0.043187395 -0.05186502
0.3735 0.01510821 0.004485935 -0.008396315 0.01329203 -0.052907668 -0.04149557 -0.04281871 -0.0519794
0.374 0.01408469 0.003466352 -0.009073529 0.0118668 -0.053521045 -0.04108096 -0.04269369 -0.05239115
0.3745 0.01307026 0.002463096 -0.009744006 0.01047635 -0.053884126 -0.041847996 -0.042813674 -0.05226139
0.375 0.01206503 0.001475871 -0.01040776 0.009119469 -0.05355575 -0.04272031 -0.043390945 -0.051802345
0.3755 0.0110691 0.0005043865 -0.01106482 0.007795001 -0.052998446 -0.042119257 -0.043178782 -0.052013166
0.376 0.01008253 -0.0004516418 -0.0117152 0.006501839 -0.053451262 -0.04234246 -0.043683365 -0.05196605
0.3765 0.009105416 -0.001392492 -0.01235894 0.00523893 -0.053578116 -0.043234028 -0.043975517 -0.052410938
0.377 0.00813781 -0.002318436 -0.01299604 0.004005267 -0.05368323 -0.043499075 -0.044041887 -0.052305885
0.3775 0.007179769 -0.003229741 -0.01362655 0.002799891 -0.05351814 -0.04356829 -0.043870315 -0.052143313
0.378 0.006231339 -0.004126668 -0.0142505 0.001621885 -0.053507827 -0.043573134 -0.044123486 -0.052001096
0.3785 0.005292561 -0.005009472 -0.0148679 0.0004703721 -0.05392275 -0.043889098 -0.04436247 -0.052248426
0.379 0.004363464 -0.005878404 -0.0154788 -0.0006554854 -0.053848542 -0.04425349 -0.04457648 -0.0523184
0.3795 0.003444073 -0.00673371 -0.01608323 -0.001756489 -0.05351358 -0.044372372 -0.04470314 -0.052239157
0.38 0.002534406 -0.007575629 -0.01668122 -0.002833407 -0.053802006 -0.044508807 -0.04475294 -0.05224324
0.3805 0.001634473 -0.008404397 -0.01727281 -0.003886973 -0.053865768 -0.044693433 -0.044792518 -0.05232037
0.381 0.0007442784 -0.009220244 -0.01785804 -0.004917893 -0.053884722 -0.045050822 -0.044967964 -0.052290477
0.3815 -0.000136178 -0.0100234 -0.01843693 -0.00592684 -0.05388411 -0.045127504 -0.04502915 -0.052268542
0.382 -0.001006903 -0.01081408 -0.01900955 -0.006914462 -0.05388937 -0.04507362 -0.04519762 -0.052334525
0.3825 -0.001867909 -0.0115925 -0.01957591 -0.00788138 -0.05392178 -0.045414113 -0.04529418 -0.05236823
0.383 -0.002719212 -0.01235888 -0.02013607 -0.008828191 -0.053924866 -0.04567709 -0.045423344 -0.052352257
0.3835 -0.003560835 -0.01311342 -0.02069006 -0.009755467 -0.053949006 -0.045727216 -0.045399264 -0.052317448
0.384 -0.004392802 -0.01385633 -0.02123792 -0.01066376 -0.053996123 -0.04577694 -0.045520887 -0.052361675
0.3845 -0.005215144 -0.01458781 -0.02177971 -0.01155359 -0.054069333 -0.04600086 -0.045621917 -0.05238373
0.385 -0.006027896 -0.01530805 -0.02231546 -0.01242548 -0.054065384 -0.04611773 -0.0457194 -0.052384384
0.3855 -0.006831094 -0.01601725 -0.02284521 -0.01327991 -0.053985782 -0.046184592 -0.045767203 -0.052398182
0.386 -0.007624782 -0.01671559 -0.02336902 -0.01411735 -0.054057382 -0.046324782 -0.045848325 -0.052379914
0.3865 -0.008409002 -0.01740326 -0.02388692 -0.01493826 -0.05411949 -0.046457775 -0.045916572 -0.052413262
0.387 -0.009183804 -0.01808045 -0.02439896 -0.01574307 -0.05411873 -0.046550237 -0.045964226 -0.052424736
0.3875 -0.009949238 -0.01874732 -0.0249052 -0.01653221 -0.054120086 -0.046650775 -0.046027347 -0.052415945
0.388 -0.01070536 -0.01940405 -0.02540566 -0.01730608 -0.054133065 -0.046721824 -0.046098128 -0.052417345
0.3885 -0.01145222 -0.02005082 -0.02590041 -0.01806507 -0.0541453 -0.046807013 -0.046159938 -0.052447535
0.389 -0.01218988 -0.02068778 -0.02638949 -0.01880956 -0.054166116 -0.046951197 -0.046211854 -0.052442618
0.3895 -0.0129184 -0.02131511 -0.02687294 -0.01953991 -0.054166935 -0.04701493 -0.046258613 -0.052430816
0.39 -0.01363785 -0.02193296 -0.02735081 -0.02025648 -0.054199032 -0.047056116 -0.046299413 -0.052456804
0.3905 -0.01434828 -0.0225415 -0.02782316 -0.02095961 -0.054211758 -0.04715892 -0.04635112 -0.052464165
0.391 -0.01504977 -0.02314088 -0.02829002 -0.02164962 -0.054216005 -0.047247224 -0.046408102 -0.05245868
0.3915 -0.01574239 -0.02373124 -0.02875145 -0.02232684 -0.054215215 -0.04728929 -0.046439126 -0.052462824
0.392 -0.0164262 -0.02431275 -0.0292075 -0.02299157 -0.054231398 -0.047355823 -0.046484873 -0.05247227
0.3925 -0.01710127 -0.02488554 -0.02965821 -0.0236441 -0.054253496 -0.047442116 -0.046528295 -0.05247385
0.393 -0.01776768 -0.02544976 -0.03010363 -0.02428473 -0.0542574 -0.047493182 -0.04656072 -0.052484073
0.3935 -0.01842551 -0.02600555 -0.03054381 -0.02491374 -0.054262333 -0.047543906 -0.04659058 -0.052484848
0.394 -0.01907482 -0.02655304 -0.03097881 -0.02553139 -0.054271765 -0.047604673 -0.0466329 -0.052481957
0.3945 -0.01971569 -0.02709238 -0.03140866 -0.02613795 -0.054282494 -0.047653683 -0.046667114 -0.05249334
0.395 -0.02034821 -0.0276237 -0.03183341 -0.02673366 -0.05429051 -0.047711097 -0.046695754 -0.052495755
0.3955 -0.02097244 -0.02814713 -0.03225312 -0.02731878 -0.054293416 -0.047760464 -0.04672642 -0.052496083
0.396 -0.02158847 -0.02866279 -0.03266784 -0.02789355 -0.054305233 -0.047799356 -0.04675345 -0.052500226
0.3965 -0.02219638 -0.02917081 -0.03307761 -0.02845818 -0.054314576 -0.047845475 -0.0467806 -0.0525072
0.397 -0.02279624 -0.02967132 -0.03348248 -0.02901292 -0.054317616 -0.047893874 -0.04680921 -0.05250535
0.3975 -0.02338813 -0.03016443 -0.03388249 -0.02955796 -0.054321982 -0.047929607 -0.04683338 -0.052507468
0.398 -0.02397214 -0.03065027 -0.03427771 -0.03009354 -0.054330625 -0.04796437 -0.046856478 -0.05251331
0.3985 -0.02454835 -0.03112895 -0.03466817 -0.03061984 -0.054336853 -0.04800751 -0.046880856 -0.052515455
0.399 -0.02511684 -0.03160059 -0.03505392 -0.03113708 -0.054341994 -0.04804384 -0.046902284 -0.052517183
0.3995 -0.02567769 -0.0320653 -0.03543501 -0.03164543 -0.054346345 -0.048072778 -0.046921 -0.052518852
0.4 -0.02623097 -0.03252319 -0.03581149 -0.0321451 -0.054352008 -0.04810547 -0.04694225 -0.052521087
0.4005 -0.02677679 -0.03297437 -0.03618341 -0.03263627 -0.05435715 -0.048138402 -0.046962455 -0.05252362
0.401 -0.0273152 -0.03341895 -0.03655081 -0.0331191 -0.054361664 -0.048167475 -0.046980068 -0.052526064
0.4015 -0.02784631 -0.03385702 -0.03691373 -0.03359378 -0.054365106 -0.04819476 -0.046996757 -0.052527286
0.402 -0.02837018 -0.0342887 -0.03727224 -0.03406047 -0.054369457 -0.04822188 -0.047014013 -0.052528776
0.4025 -0.0288869 -0.03471409 -0.03762637 -0.03451934 -0.054375283 -0.04824797 -0.04702942 -0.0525311
0.403 -0.02939656 -0.03513328 -0.03797616 -0.03497054 -0.054377846 -0.048272602 -0.047045037 -0.05253274
0.4035 -0.02989922 -0.03554637 -0.03832168 -0.03541424 -0.05438087 -0.048295848 -0.04705952 -0.052533664
0.404 -0.03039498 -0.03595346 -0.03866295 -0.03585057 -0.05438543 -0.048317425 -0.04707332 -0.052535333
0.4045 -0.03088392 -0.03635464 -0.03900003 -0.0362797 -0.054388545 -0.04833924 -0.04708664 -0.052537568
0.405 -0.03136611 -0.03675 -0.03933296 -0.03670175 -0.054391347 -0.048360772 -0.04709913 -0.052538283
0.4055 -0.03184164 -0.03713964 -0.03966179 -0.03711688 -0.05439491 -0.048379548 -0.04711105 -0.052539565
0.406 -0.03231059 -0.03752365 -0.03998656 -0.03752522 -0.054397814 -0.048397414 -0.047122493 -0.052540965
0.4065 -0.03277303 -0.03790211 -0.04030732 -0.03792689 -0.054400347 -0.048416175 -0.047133997 -0.052542217
0.407 -0.03322905 -0.0382751 -0.04062411 -0.03832203 -0.05440297 -0.048433565 -0.047144517 -0.05254311
0.4075 -0.03367871 -0.03864272 -0.04093697 -0.03871078 -0.054405265 -0.0484493 -0.047154352 -0.052544124
0.408 -0.03412211 -0.03900505 -0.04124595 -0.03909323 -0.054408155 -0.048464768 -0.047164008 -0.052545495
0.4085 -0.03455932 -0.03936216 -0.04155109 -0.03946953 -0.054410793 -0.04848016 -0.047173247 -0.0525463
0.409 -0.03499042 -0.03971415 -0.04185244 -0.03983978 -0.05441261 -0.048494004 -0.04718192 -0.052547522
0.4095 -0.03541548 -0.04006108 -0.04215003 -0.04020411 -0.054414608 -0.04850758 -0.047190353 -0.052548207
0.41 -0.03583458 -0.04040304 -0.04244391 -0.04056261 -0.054416753 -0.048520632 -0.04719843 -0.052549012
0.4105 -0.0362478 -0.0407401 -0.04273412 -0.04091541 -0.054418914 -0.048532926 -0.04720606 -0.052549757
0.411 -0.03665521 -0.04107234 -0.0430207 -0.0412626 -0.05442054 -0.048544697 -0.04721327 -0.05255068
0.4115 -0.03705688 -0.04139983 -0.0433037 -0.04160429 -0.054422267 -0.048555993 -0.047220245 -0.052551307
0.412 -0.03745289 -0.04172264 -0.04358315 -0.04194059 -0.054423995 -0.048566587 -0.04722695 -0.05255214
0.4125 -0.03784331 -0.04204085 -0.0438591 -0.04227159 -0.054425634 -0.048577093 -0.047233388 -0.052552916
0.413 -0.03822822 -0.04235452 -0.04413158 -0.04259738 -0.05442702 -0.04858727 -0.047239587 -0.052553333
0.4135 -0.03860769 -0.04266373 -0.04440064 -0.04291807 -0.054428704 -0.048596703 -0.04724531 -0.05255402
0.414 -0.03898178 -0.04296854 -0.04466632 -0.04323374 -0.05443012 -0.048605658 -0.04725094 -0.052554674
0.4145 -0.03935058 -0.04326902 -0.04492865 -0.0435445 -0.054431506 -0.04861442 -0.047256395 -0.052555032
0.415 -0.03971414 -0.04356523 -0.04518767 -0.04385041 -0.054432653 -0.048622362 -0.047261193 -0.052555867
0.4155 -0.04007255 -0.04385724 -0.04544343 -0.04415158 -0.054433845 -0.048630305 -0.04726596 -0.052556075
0.416 -0.04042586 -0.04414511 -0.04569595 -0.04444808 -0.054434933 -0.04863762 -0.04727079 -0.05255697
0.4165 -0.04077415 -0.04442891 -0.04594528 -0.04474 -0.05443614 -0.048645146 -0.04727529 -0.05255712
0.417 -0.04111748 -0.0447087 -0.04619146 -0.04502742 -0.054437183 -0.048651807 -0.047279492 -0.052557595
0.4175 -0.04145592 -0.04498453 -0.04643453 -0.04531042 -0.0544383 -0.04865811 -0.047283515 -0.0525581
0.418 -0.04178954 -0.04525646 -0.04667451 -0.04558908 -0.054439418 -0.048664443 -0.04728721 -0.05255852
0.4185 -0.04211841 -0.04552456 -0.04691145 -0.04586346 -0.054440342 -0.048670582 -0.047291115 -0.052558966
0.419 -0.04244258 -0.04578888 -0.04714538 -0.04613366 -0.054440968 -0.048676185 -0.04729475 -0.052559383
0.4195 -0.04276212 -0.04604948 -0.04737634 -0.04639973 -0.05444198 -0.048681654 -0.04729797 -0.05255962
0.42 -0.04307709 -0.04630641 -0.04760437 -0.04666176 -0.05444292 -0.048687004 -0.04730104 -0.05255986
0.4205 -0.04338756 -0.04655973 -0.04782949 -0.0469198 -0.05444356 -0.0486918 -0.04730411 -0.052560247
0.421 -0.04369359 -0.04680948 -0.04805175 -0.04717394 -0.054444335 -0.048696466 -0.04730718 -0.052560635
0.4215 -0.04399524 -0.04705574 -0.04827118 -0.04742422 -0.054444797 -0.048701234 -0.04730989 -0.052560873
0.422 -0.04429257 -0.04729854 -0.04848781 -0.04767073 -0.054445602 -0.048705347 -0.04731287 -0.05256129
0.4225 -0.04458564 -0.04753794 -0.04870167 -0.04791353 -0.05444608 -0.048709832 -0.047315285 -0.05256144
0.423 -0.04487451 -0.04777398 -0.04891281 -0.04815267 -0.05444675 -0.048713796 -0.047317848 -0.052561708
0.4235 -0.04515924 -0.04800673 -0.04912125 -0.04838822 -0.054447852 -0.04871749 -0.047319844 -0.052561946
0.424 -0.04543989 -0.04823622 -0.04932702 -0.04862024 -0.054448225 -0.04872092 -0.04732202 -0.052562334
0.4245 -0.0457165 -0.0484625 -0.04953016 -0.04884879 -0.054448716 -0.04872463 -0.047324464 -0.052562512
0.425 -0.04598915 -0.04868563 -0.04973071 -0.04907393 -0.054448895 -0.048727743 -0.04732643 -0.05256287
0.4255 -0.04625788 -0.04890564 -0.04992868 -0.04929571 -0.054449506 -0.048730813 -0.047328517 -0.05256299
0.426 -0.04652276 -0.04912258 -0.05012412 -0.04951419 -0.054450072 -0.048734255 -0.047330156 -0.05256275
0.4265 -0.04678383 -0.04933651 -0.05031705 -0.04972943 -0.05445043 -0.04873667 -0.047332153 -0.052563526
0.427 -0.04704114 -0.04954746 -0.05050751 -0.04994147 -0.054450877 -0.048739754 -0.04733385 -0.052563317
0.4275 -0.04729476 -0.04975547 -0.05069552 -0.05015038 -0.054451354 -0.048742317 -0.04733552 -0.052563824
0.428 -0.04754473 -0.04996059 -0.05088111 -0.05035619 -0.054451726 -0.04874479 -0.04733704 -0.052563794
0.4285 -0.04779111 -0.05016287 -0.05106433 -0.05055897 -0.05445213 -0.04874719 -0.04733838 -0.052563883
0.429 -0.04803394 -0.05036234 -0.05124519 -0.05075876 -0.054452516 -0.04874947 -0.04733996 -0.05256427
0.4295 -0.04827328 -0.05055904 -0.05142372 -0.05095561 -0.05445292 -0.04875172 -0.047341213 -0.05256427
0.43 -0.04850918 -0.05075301 -0.05159995 -0.05114957 -0.05445317 -0.048753776 -0.047342524 -0.05256439
0.4305 -0.04874168 -0.0509443 -0.05177392 -0.05134068 -0.054453604 -0.048755907 -0.047343746 -0.05256445
0.431 -0.04897084 -0.05113294 -0.05194564 -0.051529 -0.054453798 -0.048757784 -0.047344908 -0.05256463
0.4315 -0.0491967 -0.05131897 -0.05211515 -0.05171456 -0.054454006 -0.04875941 -0.0473461 -0.052564748
0.432 -0.04941931 -0.05150244 -0.05228248 -0.05189741 -0.054454334 -0.04876139 -0.047347173 -0.052565105
0.4325 -0.04963872 -0.05168336 -0.05244765 -0.0520776 -0.054454528 -0.04876312 -0.047348395 -0.052564807
0.433 -0.04985496 -0.05186179 -0.05261069 -0.05225516 -0.054454826 -0.04876452 -0.04734926 -0.052565195
0.4335 -0.0500681 -0.05203776 -0.05277162 -0.05243014 -0.054454856 -0.048765786 -0.047350273 -0.052565344
0.434 -0.05027817 -0.0522113 -0.05293048 -0.05260258 -0.054455347 -0.048767738 -0.047351047 -0.052565314
0.4345 -0.05048521 -0.05238246 -0.05308728 -0.05277252 -0.054455526 -0.04876887 -0.047351703 -0.052565582
0.435 -0.05068927 -0.05255125 -0.05324206 -0.05294 -0.054455988 -0.04877021 -0.047352538 -0.052565552
0.4355 -0.0508904 -0.05271772 -0.05339483 -0.05310506 -0.054456078 -0.04877148 -0.04735352 -0.05256564
0.436 -0.05108863 -0.05288191 -0.05354563 -0.05326773 -0.054456063 -0.048772447 -0.047354177 -0.052565582
0.4365 -0.05128401 -0.05304384 -0.05369448 -0.05342806 -0.05445624 -0.048773833 -0.047354832 -0.05256588
0.437 -0.05147658 -0.05320354 -0.05384141 -0.05358608 -0.05445639 -0.04877504 -0.047355637 -0.05256591
0.4375 -0.05166638 -0.05336105 -0.05398643 -0.05374182 -0.054456808 -0.048776172 -0.047356322 -0.05256582
0.438 -0.05185344 -0.0535164 -0.05412957 -0.05389533 -0.054456674 -0.04877699 -0.047356978 -0.05256591
0.4385 -0.05203782 -0.05366962 -0.05427086 -0.05404664 -0.054456927 -0.04877799 -0.047357544 -0.05256609
0.439 -0.05221954 -0.05382074 -0.05441032 -0.05419577 -0.05445703 -0.048779197 -0.04735817 -0.052566327
0.4395 -0.05239865 -0.05396979 -0.05454797 -0.05434277 -0.054457165 -0.048779853 -0.047358587 -0.05256618
0.44 -0.05257518 -0.0541168 -0.05468384 -0.05448767 -0.054457374 -0.04878036 -0.047359064 -0.05256618
0.4405 -0.05274918 -0.05426181 -0.05481794 -0.0546305 -0.054457583 -0.048781283 -0.04735945 -0.05256615
0.441 -0.05292067 -0.05440482 -0.05495031 -0.0547713 -0.054457583 -0.04878234 -0.047360018 -0.052566268
0.4415 -0.0530897 -0.05454589 -0.05508096 -0.05491008 -0.054457627 -0.0487831 -0.047360614 -0.05256618
0.442 -0.0532563 -0.05468502 -0.05520991 -0.05504689 -0.054457583 -0.048783652 -0.04736124 -0.052566446
0.4425 -0.05342051 -0.05482226 -0.05533719 -0.05518176 -0.05445806 -0.0487845 -0.047361538 -0.052566297
0.443 -0.05358235 -0.05495763 -0.05546281 -0.05531471 -0.05445821 -0.04878486 -0.047361836 -0.052566327
0.4435 -0.05374188 -0.05509115 -0.0555868 -0.05544578 -0.054458015 -0.04878568 -0.047362164 -0.052566566
0.444 -0.05389911 -0.05522285 -0.05570919 -0.05557499 -0.054458 -0.048786245 -0.0473627 -0.052566268
0.4445 -0.05405408 -0.05535276 -0.05582998 -0.05570237 -0.05445824 -0.048786543 -0.04736276 -0.052566655
0.445 -0.05420684 -0.05548089 -0.0559492 -0.05582795 -0.054458342 -0.04878726 -0.047363177 -0.052566715
0.4455 -0.05435739 -0.05560729 -0.05606687 -0.05595175 -0.054458402 -0.048787795 -0.047363505 -0.052566685
0.446 -0.05450579 -0.05573196 -0.05618301 -0.05607381 -0.054458626 -0.04878793 -0.047363654 -0.052566893
0.4465 -0.05465207 -0.05585495 -0.05629765 -0.05619415 -0.054458447 -0.048788644 -0.04736422 -0.052566595
0.447 -0.05479624 -0.05597626 -0.05641079 -0.05631279 -0.05445864 -0.0487893 -0.04736434 -0.052566536
0.4475 -0.05493835 -0.05609592 -0.05652246 -0.05642977 -0.054458566 -0.048789375 -0.047364786 -0.052566923
0.448 -0.05507842 -0.05621396 -0.05663267 -0.0565451 -0.054458626 -0.04879018 -0.047365054 -0.052566774
0.4485 -0.05521648 -0.0563304 -0.05674145 -0.05665881 -0.05445885 -0.048790373 -0.047365203 -0.052566804
0.449 -0.05535257 -0.05644525 -0.05684882 -0.05677093 -0.05445882 -0.04879058 -0.047365412 -0.052567042
0.4495 -0.05548671 -0.05655856 -0.05695478 -0.05688147 -0.054459 -0.048791073 -0.04736568 -0.052566893
0.45 -0.05561893 -0.05667032 -0.05705937 -0.05699047 -0.054459088 -0.048791237 -0.04736586 -0.052567102
0.4505 -0.05574926 -0.05678058 -0.0571626 -0.05709795 -0.054459147 -0.048791744 -0.04736601 -0.052567042
0.451 -0.05587772 -0.05688934 -0.05726448 -0.05720392 -0.05445922 -0.04879216 -0.047366276 -0.052566983
0.4515 -0.05600434 -0.05699663 -0.05736503 -0.05730841 -0.054459237 -0.048792444 -0.047366396 -0.052566923
0.452 -0.05612916 -0.05710247 -0.05746427 -0.05741145 -0.054459147 -0.048792608 -0.047366515 -0.052567072
0.4525 -0.05625219 -0.05720688 -0.05756222 -0.05751305 -0.05445928 -0.048792772 -0.047366574 -0.052566983
0.453 -0.05637347 -0.05730988 -0.0576589 -0.05761323 -0.054459475 -0.048793145 -0.047366932 -0.05256713
0.4535 -0.05649301 -0.05741148 -0.05775431 -0.05771203 -0.05445919 -0.048793428 -0.04736708 -0.052567072
0.454 -0.05661085 -0.05751172 -0.05784848 -0.05780945 -0.05445949 -0.048793606 -0.04736729 -0.05256719
0.4545 -0.05672701 -0.0576106 -0.05794142 -0.05790551 -0.05445928 -0.04879395 -0.04736744 -0.05256713
0.455 -0.05684151 -0.05770815 -0.05803315 -0.05800025 -0.05445937 -0.048794232 -0.0473675 -0.05256713
0.4555 -0.05695437 -0.05780439 -0.05812369 -0.05809367 -0.054459535 -0.04879441 -0.047367707 -0.05256713
0.456 -0.05706563 -0.05789933 -0.05821304 -0.0581858 -0.0544597 -0.04879438 -0.047367766 -0.05256719
0.4565 -0.05717531 -0.05799299 -0.05830123 -0.05827665 -0.05445952 -0.04879462 -0.047367945 -0.05256716
0.457 -0.05728342 -0.05808538 -0.05838827 -0.05836624 -0.054459415 -0.04879486 -0.047368065 -0.05256716
0.4575 -0.05738999 -0.05817654 -0.05847417 -0.0584546 -0.054459654 -0.04879508 -0.047368094 -0.052567013
0.458 -0.05749504 -0.05826647 -0.05855895 -0.05854174 -0.054459684 -0.04879532 -0.047368392 -0.05256722
0.4585 -0.0575986 -0.05835519 -0.05864263 -0.05862768 -0.05445943 -0.048795454 -0.04736851 -0.052567072
0.459 -0.05770069 -0.05844271 -0.05872521 -0.05871243 -0.0544597 -0.048795275 -0.047368422 -0.05256719
0.4595 -0.05780133 -0.05852907 -0.05880672 -0.05879601 -0.054459684 -0.048795395 -0.047368363 -0.0525674
0.46 -0.05790054 -0.05861426 -0.05888716 -0.05887845 -0.054459758 -0.04879593 -0.04736848 -0.05256716
0.4605 -0.05799834 -0.0586983 -0.05896656 -0.05895975 -0.054459624 -0.048795782 -0.04736863 -0.0525674
0.461 -0.05809475 -0.05878122 -0.05904492 -0.05903993 -0.05445973 -0.04879611 -0.04736872 -0.05256719
0.4615 -0.05818979 -0.05886303 -0.05912225 -0.05911901 -0.054459788 -0.048796065 -0.04736869 -0.05256725
0.462 -0.05828348 -0.05894374 -0.05919858 -0.05919701 -0.05445973 -0.048796155 -0.04736863 -0.052567042
0.4625 -0.05837585 -0.05902337 -0.05927391 -0.05927394 -0.054460026 -0.048796378 -0.04736887 -0.05256725
0.463 -0.0584669 -0.05910193 -0.05934825 -0.05934981 -0.054459788 -0.04879626 -0.047369048 -0.05256737
0.4635 -0.05855667 -0.05917944 -0.05942163 -0.05942465 -0.054459833 -0.048796527 -0.04736902 -0.05256719
0.464 -0.05864516 -0.05925591 -0.05949405 -0.05949846 -0.054459818 -0.048796736 -0.04736884 -0.05256719
0.4645 -0.05873241 -0.05933136 -0.05956552 -0.05957126 -0.054459788 -0.048796766 -0.047369078 -0.052567013
0.465 -0.05881841 -0.0594058 -0.05963606 -0.05964307 -0.054459833 -0.04879711 -0.047369048 -0.05256716
0.4655 -0.05890321 -0.05947924 -0.05970568 -0.0597139 -0.054459803 -0.048797004 -0.047369316 -0.05256746
0.466 -0.0589868 -0.0595517 -0.05977439 -0.05978376 -0.054459743 -0.04879711 -0.047369376 -0.05256725
0.4665 -0.05906921 -0.05962319 -0.0598422 -0.05985267 -0.054459967 -0.048796974 -0.047369376 -0.0525674
0.467 -0.05915046 -0.05969373 -0.05990913 -0.05992064 -0.054459922 -0.048797183 -0.047369286 -0.05256731
0.4675 -0.05923056 -0.05976332 -0.05997518 -0.05998768 -0.05446004 -0.04879745 -0.047369346 -0.05256737
0.468 -0.05930953 -0.05983199 -0.06004037 -0.06005381 -0.05445995 -0.048797272 -0.047369465 -0.05256728
0.4685 -0.05938739 -0.05989974 -0.06010471 -0.06011905 -0.05445998 -0.04879739 -0.047369584 -0.05256731
0.469 -0.05946415 -0.05996658 -0.06016821 -0.06018339 -0.054459818 -0.048797257 -0.047369584 -0.05256728
0.4695 -0.05953982 -0.06003253 -0.06023088 -0.06024686 -0.054460175 -0.04879745 -0.047369435 -0.05256743
0.47 -0.05961443 -0.06009761 -0.06029274 -0.06030948 -0.054459862 -0.04879763 -0.047369644 -0.05256734
0.4705 -0.05968799 -0.06016181 -0.06035378 -0.06037124 -0.054459862 -0.048797645 -0.047369733 -0.05256719
0.471 -0.05976052 -0.06022517 -0.06041403 -0.06043216 -0.054460086 -0.04879745 -0.047369555 -0.05256722
0.4715 -0.05983203 -0.06028767 -0.06047349 -0.06049226 -0.05446016 -0.048797704 -0.047369495 -0.05256728
0.472 -0.05990253 -0.06034935 -0.06053218 -0.06055155 -0.054460116 -0.048797585 -0.047369644 -0.05256722
0.4725 -0.05997204 -0.0604102 -0.0605901 -0.06061003 -0.054459907 -0.04879757 -0.047369823 -0.05256764
0.473 -0.06004057 -0.06047025 -0.06064726 -0.06066772 -0.05446007 -0.04879772 -0.047369763 -0.05256737
0.4735 -0.06010814 -0.06052949 -0.06070368 -0.06072464 -0.05446016 -0.048797734 -0.047369704 -0.05256746
0.474 -0.06017476 -0.06058795 -0.06075936 -0.06078078 -0.054459922 -0.04879784 -0.047369733 -0.05256743
0.4745 -0.06024045 -0.06064563 -0.06081432 -0.06083617 -0.05446007 -0.048797913 -0.047369733 -0.05256719
0.475 -0.06030522 -0.06070254 -0.06086855 -0.06089081 -0.054460175 -0.048797913 -0.047369733 -0.05256731
0.4755 -0.06036907 -0.0607587 -0.06092208 -0.06094471 -0.054459848 -0.048797704 -0.047369733 -0.05256737
0.476 -0.06043204 -0.06081411 -0.06097491 -0.06099789 -0.054460026 -0.04879815 -0.047369853 -0.05256752
0.4765 -0.06049412 -0.06086879 -0.06102705 -0.06105035 -0.054459907 -0.048798062 -0.047369793 -0.0525674
0.477 -0.06055534 -0.06092274 -0.06107851 -0.0611021 -0.054459997 -0.048798017 -0.047369793 -0.0525674
0.4775 -0.06061569 -0.06097597 -0.0611293 -0.06115316 -0.054460146 -0.048798047 -0.047369733 -0.0525674
0.478 -0.06067521 -0.0610285 -0.06117943 -0.06120353 -0.05446004 -0.04879775 -0.047369704 -0.05256746
0.4785 -0.06073389 -0.06108033 -0.0612289 -0.06125323 -0.054460235 -0.048797913 -0.047369793 -0.05256743
0.479 -0.06079175 -0.06113148 -0.06127772 -0.06130226 -0.054459997 -0.048798062 -0.047369912 -0.05256734
0.4795 -0.06084881 -0.06118194 -0.06132591 -0.06135062 -0.054459937 -0.04879818 -0.047369942 -0.05256737
0.48 -0.06090506 -0.06123174 -0.06137347 -0.06139835 -0.054459997 -0.04879824 -0.047369972 -0.05256734
0.4805 -0.06096054 -0.06128088 -0.06142041 -0.06144543 -0.054460026 -0.048798166 -0.047369912 -0.05256737
0.481 -0.06101524 -0.06132937 -0.06146674 -0.06149188 -0.054460235 -0.048798226 -0.04737 -0.05256755
0.4815 -0.06106918 -0.06137721 -0.06151246 -0.0615377 -0.054459967 -0.04879824 -0.047369882 -0.05256734
0.482 -0.06112236 -0.06142443 -0.06155759 -0.06158292 -0.05446016 -0.0487983 -0.04737 -0.0525674
0.4825 -0.06117481 -0.06147101 -0.06160213 -0.06162753 -0.054460086 -0.04879812 -0.04737006 -0.05256734
0.483 -0.06122652 -0.06151698 -0.06164608 -0.06167154 -0.05446016 -0.048798062 -0.047369972 -0.05256749
0.4835 -0.06127752 -0.06156235 -0.06168947 -0.06171496 -0.05446001 -0.048798345 -0.04737 -0.05256734
0.484 -0.06132781 -0.06160711 -0.06173229 -0.06175781 -0.0544601 -0.04879821 -0.04737012 -0.05256734
0.4845 -0.0613774 -0.06165128 -0.06177455 -0.06180008 -0.0544601 -0.048798166 -0.047369733 -0.05256734
0.485 -0.0614263 -0.06169487 -0.06181625 -0.06184179 -0.05446016 -0.04879824 -0.047369942 -0.05256734
0.4855 -0.06147452 -0.06173789 -0.06185742 -0.06188294 -0.05445998 -0.04879857 -0.047369853 -0.05256713
0.486 -0.06152207 -0.06178033 -0.06189805 -0.06192354 -0.05446022 -0.048798494 -0.047369942 -0.05256746
0.4865 -0.06156896 -0.06182221 -0.06193814 -0.0619636 -0.05446007 -0.048798315 -0.04737 -0.05256737
0.487 -0.0616152 -0.06186355 -0.06197772 -0.06200313 -0.054459922 -0.04879821 -0.047369972 -0.0525674
0.4875 -0.0616608 -0.06190433 -0.06201678 -0.06204213 -0.05446004 -0.048798315 -0.047369882 -0.05256722
0.488 -0.06170577 -0.06194458 -0.06205533 -0.06208061 -0.054460146 -0.048798405 -0.047369882 -0.05256737
0.4885 -0.06175012 -0.0619843 -0.06209338 -0.06211858 -0.054460056 -0.04879836 -0.04737 -0.05256749
0.489 -0.06179385 -0.06202349 -0.06213093 -0.06215605 -0.05446016 -0.048798345 -0.04737 -0.05256731
0.4895 -0.06183698 -0.06206217 -0.06216799 -0.06219302 -0.05446007 -0.048798285 -0.04737003 -0.05256746
0.49 -0.06187951 -0.06210034 -0.06220457 -0.06222949 -0.054460026 -0.048798315 -0.04737009 -0.05256719
0.4905 -0.06192146 -0.062138 -0.06224068 -0.06226549 -0.054460175 -0.048798434 -0.04737015 -0.05256761
0.491 -0.06196282 -0.06217517 -0.06227631 -0.062301 -0.054460056 -0.04879839 -0.04737003 -0.05256743
0.4915 -0.06200361 -0.06221185 -0.06231148 -0.06233604 -0.05446019 -0.048798464 -0.047369882 -0.05256749
0.492 -0.06204384 -0.06224804 -0.06234619 -0.06237062 -0.0544601 -0.048798434 -0.047369942 -0.05256722
0.4925 -0.06208352 -0.06228376 -0.06238045 -0.06240474 -0.05446016 -0.04879848 -0.047369972 -0.05256737
0.493 -0.06212265 -0.06231901 -0.06241426 -0.06243841 -0.0544601 -0.048798345 -0.04737003 -0.05256728
0.4935 -0.06216124 -0.0623538 -0.06244763 -0.06247163 -0.05446019 -0.048798643 -0.04737006 -0.05256752
0.494 -0.06219929 -0.06238813 -0.06248057 -0.06250441 -0.05445998 -0.048798494 -0.04737003 -0.05256743
0.4945 -0.06223683 -0.06242201 -0.06251308 -0.06253676 -0.054460056 -0.048798375 -0.04737012 -0.05256749
0.495 -0.06227385 -0.06245544 -0.06254516 -0.06256868 -0.05446013 -0.04879833 -0.04737003 -0.05256716
0.4955 -0.06231035 -0.06248843 -0.06257683 -0.06260018 -0.054459997 -0.04879851 -0.04737024 -0.05256746
0.496 -0.06234636 -0.06252099 -0.06260809 -0.06263126 -0.05446004 -0.0487986 -0.04737015 -0.05256725
0.4965 -0.06238187 -0.06255312 -0.06263894 -0.06266193 -0.05446022 -0.0487986 -0.047369942 -0.05256728
0.497 -0.06241689 -0.06258483 -0.06266938 -0.0626922 -0.05446013 -0.04879842 -0.04737012 -0.0525674
0.4975 -0.06245143 -0.06261612 -0.06269944 -0.06272207 -0.054459997 -0.04879851 -0.0473703 -0.05256737
0.498 -0.0624855 -0.06264701 -0.0627291 -0.06275154 -0.054460146 -0.0487983 -0.04737021 -0.05256755
0.4985 -0.0625191 -0.06267748 -0.06275837 -0.06278062 -0.05445995 -0.048798524 -0.04737018 -0.05256731
0.499 -0.06255224 -0.06270756 -0.06278726 -0.06280932 -0.054459997 -0.048798434 -0.04737024 -0.05256758
0.4995 -0.06258493 -0.06273724 -0.06281578 -0.06283764 -0.054460324 -0.048798494 -0.04737006 -0.05256752
0.5 -0.06261717 -0.06276654 -0.06284393 -0.06286559 -0.05446007 -0.048798643 -0.04737012 -0.05256743
