0.0 -0.065 -0.065 -0.065 -0.065 -0.061479785 -0.05168552 -0.07214815 -0.033738345
0.005 -0.04668781 -0.06212847 -0.05422435 0.00644603 -0.048873086 -0.051324125 -0.05675441 0.0013954304
0.01 -0.03249258 -0.05688374 -0.04159113 0.04754657 -0.034418717 -0.048642647 -0.039847635 0.0063008256
0.015 -0.03671615 -0.05239239 -0.03223716 0.005380258 -0.03393409 -0.04829262 -0.029482618 -0.004159108
0.02 -0.03766717 -0.04752892 -0.01621826 -0.01447764 -0.03341258 -0.048070963 -0.019039609 0.017249037
0.025 -0.02112016 -0.0392854 0.01050763 0.04408751 -0.02241854 -0.036802407 0.0072625577 0.046246868
0.03 -0.008763456 -0.02883825 0.03791837 0.07721681 -0.0104047395 -0.021309387 0.03649792 0.043284763
0.035 -0.01500365 -0.01942431 0.05959095 0.02935513 -0.012635112 -0.014809344 0.058011934 0.025759269
0.04 -0.01789609 -0.01085552 0.08633352 0.005367234 -0.0143984 -0.012246471 0.07941347 0.041802365
0.045 -0.003071302 0.0008422143 0.1225154 0.0610871 -0.0052452683 0.004020009 0.11656374 0.06683031
0.05 0.007692307 0.01413768 0.1573199 0.09197051 0.004940085 0.026300702 0.15567614 0.06072587
0.055 7.331092e-06 0.0256365 0.1854116 0.04221 0.0010470152 0.034651753 0.1838781 0.0404463
0.06 -0.004146853 0.03649001 0.2171809 0.01674975 -0.005084645 0.04291703 0.21304151 0.021527927
0.065 -0.008641694 0.04740453 0.2496324 5.270049e-05 -0.0110310055 0.05197947 0.24429595 0.0061308034
0.07 -0.01307448 0.05846126 0.2826773 -0.01144625 -0.016270764 0.061700452 0.2772177 -0.005933892
0.075 -0.0172068 0.06951802 0.3154899 -0.01968105 -0.020721108 0.071978346 0.3113086 -0.01522002
0.08 -0.02088717 0.08090019 0.3498869 -0.02574098 -0.024410732 0.08273363 0.3461704 -0.022262711
0.085 -0.02407 0.09258551 0.3847814 -0.03028192 -0.027397577 0.093875095 0.38148686 -0.027510095
0.09 -0.02674512 0.1044827 0.4200433 -0.03371683 -0.029745307 0.10529779 0.4169959 -0.031322293
0.095 -0.02890199 0.1165724 0.4556332 -0.03617297 -0.031515833 0.11689162 0.4524726 -0.03398379
0.1 -0.03062761 0.1288419 0.4915698 -0.0381803 -0.025541767 0.13774571 0.4727278 -0.03392883
0.105 -0.02888971 0.2990029 0.4279943 -0.03612891 -0.030347921 0.33223382 0.42701933 -0.03328487
0.11 -0.02399306 0.4641186 0.3801133 -0.03047093 -0.028380964 0.4927781 0.37790728 -0.026489902
0.115 -0.01678544 0.5904537 0.335588 -0.02238484 -0.021860145 0.61255026 0.3329651 -0.017022897
0.12 -0.007540719 0.6842052 0.2963871 -0.01253409 -0.012536153 0.7020246 0.29379 -0.0064454935
0.125 0.003426553 0.7540974 0.2631387 -0.00138104 -0.0011075065 0.7694451 0.26066566 0.0048602335
0.13 0.01592569 0.8067144 0.2357028 0.01081854 0.012071006 0.82065374 0.23338231 0.016796272
0.135 0.02974839 0.8338932 0.2128391 0.02383479 0.026740693 0.8598128 0.21151137 0.029307041
0.14 0.04473112 0.8730264 0.1958187 0.03764284 0.04266206 0.8899283 0.1945211 0.04232615
0.145 0.06068459 0.9003903 0.1827793 0.05200437 0.059594654 0.91319466 0.18183517 0.055769864
0.15 0.0773916 0.9202768 0.1730584 0.06681524 0.07813106 0.9238291 0.16939837 0.080926925
0.155 0.08759269 0.7555105 0.1556416 0.07613226 0.087293275 0.7569826 0.15802097 0.084361866
0.16 0.09220484 0.5875821 0.135295 0.07925348 0.092199825 0.59901077 0.13995841 0.082725435
0.165 0.09285098 0.4531897 0.1156548 0.07840458 0.09429785 0.4672889 0.119841546 0.07982008
0.17 0.09007129 0.348999 0.09732879 0.07429023 0.0934803 0.3611256 0.100002766 0.07579559
0.175 0.08435562 0.2683167 0.0804474 0.06767633 0.08969543 0.276788 0.08139764 0.07039733
0.18 0.07614107 0.2054474 0.06497781 0.05911043 0.08307246 0.21025233 0.06439969 0.06342548
0.185 0.0658109 0.1560446 0.05081878 0.0489889 0.07384775 0.15790397 0.04911582 0.054777693
0.19 0.05369655 0.1168506 0.03784006 0.03760853 0.062303387 0.11672278 0.035525724 0.044442628
0.195 0.04008178 0.08542162 0.02590266 0.02519769 0.048736192 0.08428584 0.023553863 0.0324922
0.2 0.0252076 0.05991651 0.01487009 0.01193566 0.033446737 0.0586986 0.013109475 0.019075919
0.205 0.01272 0.03904513 0.00501244 -4.449621e-05 0.019282408 0.039303515 0.0038183033 0.006138567
0.21 0.002267612 0.02199712 -0.003696954 -0.009744759 0.0069955066 0.023768503 -0.0041736364 -0.0051403046
0.215 -0.006823137 0.008022084 -0.01139937 -0.01774839 -0.0034240037 0.010886569 -0.011141628 -0.0146197975
0.22 -0.0147055 -0.003486198 -0.0181865 -0.0244252 -0.012199555 1.6067177e-05 -0.017292432 -0.022477359
0.225 -0.02152438 -0.01300608 -0.02414964 -0.03004225 -0.019589614 -0.009219613 -0.02275183 -0.028964486
0.23 -0.02741389 -0.02091533 -0.02937655 -0.03479894 -0.025830306 -0.017075855 -0.027602397 -0.034323417
0.235 -0.03249555 -0.02751349 -0.03394952 -0.03884841 -0.031120956 -0.023750428 -0.031907722 -0.038762663
0.24 -0.03687774 -0.03303926 -0.03794438 -0.04231081 -0.03562472 -0.029409748 -0.035723142 -0.04245405
0.245 -0.04065599 -0.03768376 -0.04143011 -0.04528204 -0.039473765 -0.03419904 -0.039099425 -0.045536704
0.25 -0.04391379 -0.04160079 -0.04446883 -0.04783958 -0.042775054 -0.038246196 -0.04208358 -0.048122607
0.255 -0.04672365 -0.04491472 -0.04711601 -0.05004681 -0.04561553 -0.041663293 -0.044718843 -0.05030185
0.26 -0.04914823 -0.04772662 -0.04942094 -0.05195596 -0.048066292 -0.04454797 -0.047044583 -0.052147
0.265 -0.05124155 -0.05011902 -0.05142715 -0.05361048 -0.050185896 -0.046984304 -0.049096264 -0.053716637
0.27 -0.05305004 -0.05215959 -0.05317298 -0.05504674 -0.052022904 -0.049044225 -0.050905675 -0.05505813
0.275 -0.05461357 -0.05390409 -0.05469205 -0.05629533 -0.053617865 -0.050788794 -0.052501105 -0.05620992
0.28 -0.05596633 -0.05539866 -0.05601378 -0.05738216 -0.055004824 -0.052269448 -0.053907692 -0.057203233
0.285 -0.05713763 -0.05668161 -0.05716387 -0.05832926 -0.05621255 -0.05352937 -0.055147685 -0.058063526
0.29 -0.0581526 -0.0577849 -0.05816475 -0.05915542 -0.057265457 -0.054604586 -0.056240767 -0.058811605
0.295 -0.05903278 -0.05873527 -0.05903591 -0.05987672 -0.05818435 -0.055525105 -0.057204317 -0.059464544
0.3 -0.05979667 -0.05955516 -0.05979435 -0.06050697 -0.05898704 -0.056315828 -0.058053676 -0.06003641
0.305 -0.06046013 -0.06026349 -0.06045481 -0.06105805 -0.0596888 -0.056997437 -0.058802392 -0.060538813
0.31 -0.06103678 -0.06087624 -0.06103013 -0.06154024 -0.06030278 -0.05758703 -0.059462395 -0.060981415
0.315 -0.06153835 -0.06140694 -0.06153142 -0.06196238 -0.060840324 -0.058098834 -0.060044225 -0.06137231
0.32 -0.0619749 -0.0618671 -0.06196837 -0.06233215 -0.06131124 -0.058544543 -0.060557153 -0.061718263
0.325 -0.06235511 -0.0622665 -0.06234937 -0.06265622 -0.061724026 -0.058934 -0.061009362 -0.062025014
0.33 -0.06268647 -0.06261349 -0.06268169 -0.06294035 -0.06208605 -0.05927531 -0.061408065 -0.062297422
0.335 -0.06297543 -0.06291523 -0.06297166 -0.06318957 -0.062403712 -0.059575256 -0.061759595 -0.06253965
0.34 -0.06322757 -0.06317782 -0.06322477 -0.06340825 -0.06268258 -0.059839558 -0.062069558 -0.06275528
0.345 -0.06344769 -0.06340653 -0.06344579 -0.06360021 -0.06292749 -0.060072992 -0.062342897 -0.06294739
0.35 -0.06363996 -0.06360587 -0.06363886 -0.06376877 -0.06314268 -0.060279604 -0.06258392 -0.06311869
0.355 -0.06380799 -0.06377973 -0.06380757 -0.06391681 -0.06333182 -0.06046283 -0.0627965 -0.06327149
0.36 -0.06395491 -0.06393145 -0.06395506 -0.06404689 -0.06349813 -0.0606256 -0.062984 -0.06340786
0.365 -0.06408343 -0.06406394 -0.06408403 -0.0641612 -0.063644424 -0.060770374 -0.06314936 -0.063529596
0.37 -0.0641959 -0.0641797 -0.06419685 -0.06426168 -0.06377314 -0.06089935 -0.063295215 -0.063638285
0.375 -0.06429436 -0.06428089 -0.06429558 -0.06435003 -0.06388644 -0.061014343 -0.06342387 -0.06373534
0.38 -0.0643806 -0.06436939 -0.06438201 -0.06442772 -0.0639862 -0.061116982 -0.063537374 -0.063822016
0.385 -0.06445616 -0.06444682 -0.06445769 -0.06449606 -0.064074054 -0.06120867 -0.063637495 -0.06389941
0.39 -0.06452238 -0.06451461 -0.06452399 -0.06455619 -0.06415145 -0.061290648 -0.06372583 -0.06396852
0.395 -0.06458045 -0.06457396 -0.06458207 -0.06460909 -0.06421965 -0.061363954 -0.063803755 -0.06403023
0.4 -0.06463137 -0.06462596 -0.06463299 -0.06465565 -0.06427977 -0.061429556 -0.06387252 -0.064085305
0.405 -0.06467604 -0.06467153 -0.06467763 -0.06469664 -0.06433277 -0.061488304 -0.06393318 -0.06413447
0.41 -0.06471524 -0.06471148 -0.06471678 -0.06473272 -0.064379506 -0.061540905 -0.06398671 -0.06417835
0.415 -0.06474965 -0.06474652 -0.06475112 -0.06476448 -0.06442072 -0.061588023 -0.06403394 -0.06421749
0.42 -0.06477987 -0.06477725 -0.06478126 -0.06479245 -0.06445709 -0.061630253 -0.06407562 -0.06425242
0.425 -0.0648064 -0.06480422 -0.06480771 -0.06481709 -0.06448918 -0.061668087 -0.06411241 -0.06428356
0.43 -0.06482971 -0.06482788 -0.06483093 -0.06483879 -0.06451749 -0.061701994 -0.064144865 -0.06431133
0.435 -0.06485019 -0.06484866 -0.06485132 -0.0648579 -0.06454249 -0.0617324 -0.06417351 -0.06433609
0.44 -0.06486818 -0.06486691 -0.06486922 -0.06487474 -0.06456455 -0.06175967 -0.06419879 -0.06435815
0.445 -0.064884 -0.06488294 -0.06488496 -0.06488957 -0.06458403 -0.061784107 -0.06422111 -0.064377815
0.45 -0.06489791 -0.06489702 -0.06489878 -0.06490265 -0.064601235 -0.061806027 -0.0642408 -0.06439533
0.455 -0.06491013 -0.06490939 -0.06491093 -0.06491416 -0.06461643 -0.061825667 -0.06425817 -0.06441093
0.46 -0.06492089 -0.06492027 -0.06492161 -0.06492432 -0.064629845 -0.061843317 -0.06427351 -0.06442483
0.465 -0.06493035 -0.06492983 -0.064931 -0.06493326 -0.06464171 -0.061859112 -0.06428705 -0.064437196
0.47 -0.06493867 -0.06493824 -0.06493926 -0.06494115 -0.064652175 -0.06187329 -0.064299 -0.0644482
0.475 -0.06494599 -0.06494563 -0.06494652 -0.0649481 -0.06466143 -0.06188603 -0.06430955 -0.064458005
0.48 -0.06495243 -0.06495213 -0.06495291 -0.06495423 -0.0646696 -0.06189743 -0.064318866 -0.06446673
0.485 -0.0649581 -0.06495785 -0.06495853 -0.06495963 -0.06467683 -0.061907683 -0.064327076 -0.064474486
0.49 -0.06496309 -0.06496288 -0.06496348 -0.0649644 -0.064683214 -0.061916847 -0.06433434 -0.06448138
0.495 -0.06496749 -0.06496731 -0.06496783 -0.0649686 -0.064688854 -0.06192508 -0.06434075 -0.06448752
0.5 -0.06497135 -0.06497121 -0.06497166 -0.0649723 -0.06469384 -0.061932493 -0.064346395 -0.06449297
