0.0 -0.065 -0.065 -0.065 -0.065 -0.06903091 -0.05174263 -0.05860819 -0.04226838
0.0005 -0.06499996 -0.064956 -0.06497186 -0.06499956 -0.07023544 -0.057892777 -0.06213269 -0.049011566
0.001 -0.06499953 -0.06477334 -0.06486626 -0.06499726 -0.07103586 -0.06083946 -0.064433806 -0.053151518
0.0015 -0.06499837 -0.06441743 -0.06468762 -0.064993 -0.07168804 -0.062108863 -0.065883 -0.055764474
0.002 -0.06499638 -0.06387058 -0.06444336 -0.06498676 -0.07220691 -0.062404327 -0.06675907 -0.057560295
0.0025 -0.06499353 -0.06312317 -0.06413771 -0.06497845 -0.07264268 -0.062110357 -0.0672751 -0.0588926
0.003 -0.0649898 -0.06216973 -0.06377247 -0.06496797 -0.07301494 -0.061385542 -0.06754979 -0.059916142
0.0035 -0.06498515 -0.06100727 -0.06334811 -0.06495521 -0.07334265 -0.060349643 -0.067659736 -0.0607401
0.004 -0.06497954 -0.0596344 -0.06286453 -0.06494004 -0.07364155 -0.059046328 -0.06764321 -0.06140926
0.0045 -0.06497292 -0.05805089 -0.06232148 -0.06492237 -0.07391827 -0.057501607 -0.06752017 -0.061957162
0.005 -0.06496524 -0.0562574 -0.06171862 -0.06490211 -0.07417509 -0.055731937 -0.06729901 -0.062405657
0.0055 -0.06495644 -0.05425532 -0.06105572 -0.06487916 -0.074411154 -0.053749453 -0.06698217 -0.06277257
0.006 -0.06494647 -0.05204659 -0.06033257 -0.06485345 -0.07462383 -0.051563427 -0.06656872 -0.06307263
0.0065 -0.06493527 -0.04963361 -0.05954905 -0.06482491 -0.07480977 -0.049181253 -0.0660562 -0.06331852
0.007 -0.06492281 -0.04701914 -0.05870513 -0.06479346 -0.074965455 -0.046608597 -0.065441534 -0.063521214
0.0075 -0.06490902 -0.04420623 -0.05780082 -0.06475904 -0.0750877 -0.043849602 -0.06472177 -0.06369005
0.008 -0.06489385 -0.04119817 -0.05683621 -0.0647216 -0.07517386 -0.040907115 -0.06389445 -0.063832924
0.0085 -0.06487727 -0.03799839 -0.05581142 -0.0646811 -0.07522213 -0.037782665 -0.06295791 -0.06395611
0.009 -0.06485881 -0.03461025 -0.05472588 -0.06463717 -0.075231455 -0.0344767 -0.061911307 -0.06406458
0.0095 -0.06483335 -0.03103485 -0.05357175 -0.06458733 -0.07520307 -0.030983463 -0.060772948 -0.064160414
0.01 -0.06480492 -0.02727673 -0.0523568 -0.0645341 -0.07513291 -0.0273332 -0.059513196 -0.06424922
0.0105 -0.06477715 -0.02334124 -0.05108652 -0.06447845 -0.075027175 -0.02350414 -0.058148783 -0.06433341
0.011 -0.06475029 -0.01923308 -0.04976123 -0.06442028 -0.074887164 -0.019490117 -0.05667996 -0.06440951
0.0115 -0.06472359 -0.01495639 -0.04838005 -0.06435939 -0.07471522 -0.015292564 -0.05511252 -0.06448032
0.012 -0.06469627 -0.01051498 -0.04694227 -0.06429561 -0.074514456 -0.01091205 -0.05345079 -0.06454496
0.0125 -0.06466776 -0.005912499 -0.04544755 -0.0642288 -0.07428798 -0.0063500404 -0.051699996 -0.064603925
0.013 -0.06463613 -0.001147902 -0.04389312 -0.06415797 -0.07403904 -0.0016082916 -0.049865052 -0.06465675
0.0135 -0.06459741 0.003761784 -0.04227407 -0.06408182 -0.07377088 0.0033105277 -0.0479512 -0.06470329
0.014 -0.06455668 0.008802049 -0.04060041 -0.06400236 -0.07348669 0.008403026 -0.04596355 -0.06474326
0.0145 -0.06451604 0.01397232 -0.0388756 -0.0639201 -0.07318949 0.013665143 -0.043907158 -0.064776525
0.015 -0.06447555 0.01927677 -0.03709946 -0.06383517 -0.072882086 0.019092698 -0.04178677 -0.064802974
0.0155 -0.06443463 0.02471991 -0.03527109 -0.06374741 -0.07256711 0.024680872 -0.039606906 -0.064822525
0.016 -0.06439263 0.03030451 -0.03338975 -0.06365667 -0.072246805 0.030424874 -0.03737172 -0.064835325
0.0165 -0.06434906 0.0360312 -0.03145509 -0.06356285 -0.0719233 0.036319934 -0.035084955 -0.0648413
0.017 -0.06430359 0.04189878 -0.02946161 -0.06346584 -0.071598366 0.04236117 -0.032750092 -0.0648406
0.0175 -0.06425593 0.04790833 -0.0273646 -0.06336526 -0.0712736 0.048544094 -0.030370064 -0.06483324
0.018 -0.06420578 0.05405648 -0.0252258 -0.06326101 -0.07095031 0.054864287 -0.027947541 -0.064819284
0.0185 -0.06415325 0.06033617 -0.02306239 -0.06315346 -0.07062963 0.061317533 -0.025484936 -0.06479888
0.019 -0.06409846 0.06674122 -0.02086736 -0.06304267 -0.07031253 0.06789979 -0.022984216 -0.06477193
0.0195 -0.06404147 0.07326653 -0.01863183 -0.06292861 -0.06999976 0.074607246 -0.020447254 -0.06473859
0.02 -0.06398226 0.07990782 -0.01634986 -0.06281128 -0.06969193 0.081436366 -0.017875444 -0.06469889
0.0205 -0.06391738 0.08666142 -0.01401423 -0.06269042 -0.069389634 0.08838366 -0.015270226 -0.064652726
0.021 -0.06384751 0.09352387 -0.01162792 -0.06256587 -0.06909312 0.09544588 -0.012632668 -0.06460029
0.0215 -0.06377685 0.1004915 -0.009196598 -0.06243803 -0.06880284 0.102619775 -0.009963807 -0.06454142
0.022 -0.06370613 0.1075612 -0.006720288 -0.06230702 -0.06851888 0.10990239 -0.007264398 -0.06447628
0.0225 -0.06363482 0.1147299 -0.004197845 -0.06217283 -0.06824146 0.11729059 -0.0045352243 -0.064404786
0.023 -0.06356227 0.1219952 -0.001628507 -0.06203546 -0.06797065 0.124781646 -0.0017769001 -0.06432698
0.0235 -0.06348795 0.1293547 0.0009878855 -0.06189489 -0.06770651 0.1323725 0.0010100305 -0.064242855
0.024 -0.06340533 0.1368066 0.00365665 -0.06174621 -0.06744898 0.14006045 0.0038251057 -0.06415255
0.0245 -0.06331365 0.1443494 0.006375541 -0.06158894 -0.0671981 0.1478427 0.0066679902 -0.06405594
0.025 -0.06322048 0.1519807 0.009137396 -0.06142852 -0.06695369 0.1557166 0.009538241 -0.06395325
0.0255 -0.06312859 0.1596984 0.01194044 -0.06126678 -0.06671576 0.1636793 0.012435593 -0.0638444
0.026 -0.06303794 0.1675002 0.01478466 -0.06110393 -0.06648409 0.17172825 0.015359886 -0.06372954
0.0265 -0.06294761 0.1753842 0.01767023 -0.06093969 -0.06625862 0.17986071 0.018310778 -0.06360869
0.027 -0.0628566 0.1833485 0.02059708 -0.06077373 -0.06603913 0.18807414 0.021288194 -0.06348198
0.0275 -0.06276414 0.1913912 0.02356491 -0.06060572 -0.065825514 0.19636592 0.02429191 -0.06334941
0.028 -0.06266968 0.1995107 0.02657324 -0.06043544 -0.06561754 0.20473358 0.027321793 -0.0632112
0.0285 -0.06257289 0.2077053 0.0296215 -0.06026268 -0.06541502 0.21317464 0.030377865 -0.06306733
0.029 -0.0624736 0.2159733 0.03270907 -0.06008731 -0.06521784 0.2216866 0.03345988 -0.06291789
0.0295 -0.0623717 0.224313 0.0358353 -0.05990922 -0.06502568 0.2302672 0.03656791 -0.062763125
0.03 -0.06226298 0.2327235 0.03900152 -0.05968548 -0.06483842 0.2389139 0.03970188 -0.062603086
0.0305 -0.06213469 0.2412052 0.04221118 -0.05942367 -0.06465585 0.24762446 0.042861693 -0.062437877
0.031 -0.06199992 0.2497553 0.04545725 -0.05917842 -0.06447776 0.2563968 0.046047434 -0.06226756
0.0315 -0.06186761 0.2583711 0.04873676 -0.05895037 -0.06430389 0.2652285 0.049258992 -0.06209236
0.032 -0.06173961 0.2670504 0.05204937 -0.05873474 -0.06413407 0.2741176 0.052496396 -0.061912388
0.0325 -0.06161488 0.2757916 0.05539535 -0.05852728 -0.06396809 0.28306204 0.055759832 -0.061727732
0.033 -0.06149175 0.2845932 0.05877487 -0.05832478 -0.06380571 0.2920598 0.059049204 -0.06153854
0.0335 -0.06136875 0.2934539 0.06218334 -0.05812489 -0.06364678 0.3011091 0.06236454 -0.06134488
0.034 -0.06123666 0.3023704 0.06550821 -0.05792337 -0.06349101 0.31020793 0.06570597 -0.06114702
0.0345 -0.06109269 0.3113388 0.06885667 -0.05771811 -0.063338265 0.31935465 0.06907354 -0.060944974
0.035 -0.0609466 0.3203594 0.07228597 -0.05751101 -0.063188314 0.32854742 0.072467245 -0.06073893
0.0355 -0.06080256 0.3294334 0.07579358 -0.05730269 -0.06304096 0.3377846 0.0758873 -0.060529012
0.036 -0.06066092 0.3385612 0.07936478 -0.05709293 -0.062896 0.34706467 0.07933361 -0.060315415
0.0365 -0.06052066 0.3477427 0.08298604 -0.05688136 -0.062753275 0.356386 0.08280634 -0.060098168
0.037 -0.06038057 0.3569771 0.08664753 -0.05666763 -0.06261251 0.3657472 0.08630564 -0.059877533
0.0375 -0.06023967 0.3662632 0.09034283 -0.05645145 -0.062473655 0.37514684 0.08983148 -0.059653487
0.038 -0.06009726 0.3755996 0.09406794 -0.05623262 -0.06233557 0.38458562 0.09340509 -0.05942519
0.0385 -0.0599529 0.3849852 0.09782048 -0.05601102 -0.062196627 0.39403725 0.0969801 -0.05920691
0.039 -0.05980632 0.3944184 0.1015991 -0.05578654 -0.062064998 0.4035757 0.100592904 -0.058968265
0.0395 -0.05965735 0.4038981 0.1054029 -0.05555916 -0.06193077 0.41313586 0.10423272 -0.0587332
0.04 -0.05950594 0.4134229 0.1092316 -0.05532883 -0.061798953 0.42273322 0.10789914 -0.058493577
0.0405 -0.05935206 0.4229916 0.1130849 -0.05509557 -0.061667744 0.43235978 0.11159245 -0.058251962
0.041 -0.0591957 0.432603 0.1169627 -0.05485938 -0.061537255 0.44201586 0.11531279 -0.058007993
0.0415 -0.05903688 0.4422563 0.1208647 -0.0546203 -0.06140724 0.4517001 0.119060315 -0.057761855
0.042 -0.05887563 0.4519501 0.1247909 -0.05437835 -0.06127745 0.46141142 0.12283514 -0.05751375
0.0425 -0.05871196 0.4616837 0.1287411 -0.05413357 -0.06114783 0.47114888 0.1266374 -0.057263736
0.043 -0.0585459 0.4714561 0.1327152 -0.053886 -0.061018124 0.48091152 0.1304673 -0.057012033
0.0435 -0.05837748 0.4812663 0.1367129 -0.05363567 -0.0608882 0.49069837 0.13432482 -0.056758698
0.044 -0.05820672 0.4911135 0.140734 -0.05338264 -0.06075797 0.5005084 0.13821012 -0.056503855
0.0445 -0.05803364 0.5009969 0.1447782 -0.05312694 -0.0606272 0.510341 0.14212322 -0.0562477
0.045 -0.05785833 0.5109156 0.1488453 -0.05286861 -0.060495816 0.52019495 0.14606434 -0.05599031
0.0455 -0.05768083 0.5208689 0.152935 -0.0526077 -0.060363602 0.5300695 0.15003347 -0.05573189
0.046 -0.05750111 0.530856 0.1570469 -0.05234423 -0.060230516 0.5399636 0.1540308 -0.055472445
0.0465 -0.05731912 0.540876 0.1611808 -0.05207826 -0.06009637 0.5498764 0.15805623 -0.05521224
0.047 -0.05713472 0.5509283 0.1653361 -0.05180951 -0.059961013 0.55980706 0.16211009 -0.054951333
0.0475 -0.05694783 0.5610123 0.1695128 -0.05153798 -0.059824288 0.5697546 0.16619238 -0.054689914
0.048 -0.05675856 0.5711272 0.1737104 -0.05126393 -0.05968614 0.5797181 0.17030323 -0.05442798
0.0485 -0.05656705 0.5812723 0.1779289 -0.05098755 -0.059546337 0.5896968 0.1744428 -0.054165818
0.049 -0.05637338 0.5914469 0.1821677 -0.05070891 -0.05940486 0.5996896 0.17861107 -0.053903405
0.0495 -0.05617761 0.6016505 0.1864266 -0.05042805 -0.059261523 0.60969585 0.18280822 -0.05364089
0.05 -0.05597974 0.6118824 0.1907053 -0.05014498 -0.0591097 0.6197029 0.18701676 -0.053388793
0.0505 -0.05577984 0.622055 0.1950023 -0.04986056 -0.05890668 0.6296257 0.1910941 -0.05321786
0.051 -0.05557832 0.6319842 0.1993105 -0.04957747 -0.05878615 0.6396059 0.19518754 -0.052943815
0.0515 -0.05537548 0.6416062 0.2036233 -0.04929585 -0.058647215 0.6490931 0.1992634 -0.052707575
0.052 -0.05517136 0.6508889 0.2079366 -0.04901571 -0.05850826 0.6581824 0.20333543 -0.05247666
0.0525 -0.05496602 0.659815 0.2122476 -0.04873721 -0.05835898 0.66686225 0.20741224 -0.052254576
0.053 -0.05475948 0.668375 0.2165543 -0.04846056 -0.058198318 0.6751497 0.21149704 -0.05204005
0.0535 -0.05455182 0.6765639 0.220855 -0.04818598 -0.05802575 0.68305784 0.21559063 -0.051831827
0.054 -0.05434312 0.6843792 0.2250937 -0.04791381 -0.057841405 0.69059706 0.21969208 -0.05162963
0.0545 -0.05413538 0.6918008 0.2287842 -0.04765216 -0.057645958 0.6977774 0.22380003 -0.051432922
0.055 -0.05393 0.6988223 0.2325043 -0.04739544 -0.05744011 0.70460784 0.2279127 -0.051241435
0.0555 -0.05372433 0.7054622 0.2364609 -0.04713937 -0.057224616 0.7110962 0.23202851 -0.05105477
0.056 -0.0535168 0.7117384 0.2406151 -0.04688397 -0.057000227 0.71725 0.23614568 -0.050872803
0.0565 -0.05330709 0.7176638 0.2448894 -0.04662981 -0.056767773 0.7230764 0.24026296 -0.050695118
0.057 -0.05309551 0.7232471 0.2492209 -0.04637746 -0.056528006 0.72858185 0.24437907 -0.05052155
0.0575 -0.05288249 0.7284946 0.2535683 -0.04612735 -0.056281604 0.7337728 0.24849287 -0.050351802
0.058 -0.05266846 0.7334114 0.2579073 -0.04587987 -0.0560292 0.73865515 0.25260338 -0.050185774
0.0585 -0.05245374 0.7380025 0.2622249 -0.04563531 -0.055771496 0.7432343 0.25671002 -0.05002313
0.059 -0.05223858 0.7422729 0.2665151 -0.04539391 -0.05550908 0.7475157 0.2608117 -0.049863823
0.0595 -0.05202316 0.7462278 0.2707756 -0.04515587 -0.055242516 0.7515044 0.26490822 -0.049707502
0.06 -0.0518076 0.7498728 0.2750065 -0.04492134 -0.054972365 0.7552056 0.26899886 -0.049554124
0.0605 -0.05159201 0.7532139 0.2792088 -0.04469044 -0.05469911 0.7586236 0.2730833 -0.04940354
0.061 -0.05137647 0.7562573 0.2833839 -0.04446329 -0.05442326 0.76176304 0.27716127 -0.04925558
0.0615 -0.05116104 0.7590095 0.2875332 -0.04423997 -0.05414532 0.76462847 0.28123245 -0.049110092
0.062 -0.05094579 0.7614768 0.2916584 -0.04402054 -0.053865664 0.7672239 0.2852967 -0.048966967
0.0625 -0.05073011 0.7636656 0.2957596 -0.04380832 -0.053584766 0.7695536 0.2893539 -0.048826084
0.063 -0.05051382 0.7655819 0.2998376 -0.04360023 -0.05330302 0.7716212 0.29340395 -0.048687376
0.0635 -0.0502978 0.7672328 0.3038946 -0.0433947 -0.053020764 0.7734309 0.29744694 -0.04855071
0.064 -0.0500822 0.7686255 0.3079312 -0.04319483 -0.05273838 0.77498645 0.3014826 -0.048416056
0.0645 -0.0498666 0.7697662 0.311947 -0.04299985 -0.05245622 0.77629143 0.30551106 -0.048283286
0.065 -0.04965167 0.7706613 0.3159436 -0.04280708 -0.052174587 0.7773495 0.30953234 -0.048152402
0.0655 -0.04943793 0.7713173 0.3199219 -0.04261719 -0.051893722 0.7781642 0.31354648 -0.04802338
0.066 -0.04922548 0.7717405 0.3238821 -0.04243068 -0.05161405 0.7787389 0.3175534 -0.047896072
0.0665 -0.0490142 0.7719371 0.3278242 -0.04224782 -0.051335707 0.77907753 0.3215535 -0.047770478
0.067 -0.04880394 0.771913 0.3317483 -0.04206877 -0.05105905 0.779183 0.32554656 -0.047646575
0.0675 -0.0485946 0.7716739 0.3356543 -0.04189363 -0.05078423 0.7790592 0.329533 -0.047524236
0.068 -0.04838612 0.7712255 0.3395424 -0.04172248 -0.050511472 0.778709 0.33351254 -0.04740367
0.0685 -0.04817849 0.7705732 0.3434126 -0.04155535 -0.050241105 0.7781361 0.33748546 -0.047284536
0.069 -0.04797172 0.7697223 0.347265 -0.04139227 -0.04997315 0.777344 0.3414519 -0.047167018
0.0695 -0.04776585 0.768678 0.3510996 -0.04123328 -0.049707945 0.7763361 0.3454118 -0.04705105
0.07 -0.04756092 0.7674453 0.3549165 -0.04107836 -0.049445543 0.77511525 0.34936526 -0.046936676
0.0705 -0.04735698 0.766029 0.3587157 -0.04092823 -0.049186174 0.77368546 0.3533124 -0.046823755
0.071 -0.04715485 0.764433 0.3624957 -0.04078833 -0.04892994 0.7720499 0.3572533 -0.04671237
0.0715 -0.0469544 0.7626618 0.3662569 -0.0406524 -0.048677046 0.770212 0.36118773 -0.04660242
0.072 -0.04675484 0.7607206 0.3700011 -0.04051858 -0.04842755 0.7681753 0.36511603 -0.046493992
0.0725 -0.04655599 0.7586141 0.3737287 -0.04038717 -0.048181545 0.76594335 0.36903802 -0.046387076
0.073 -0.04635795 0.7563468 0.3774398 -0.04025856 -0.04793921 0.7635194 0.3729537 -0.046281517
0.0735 -0.04616089 0.7539231 0.3811342 -0.04013305 -0.04770057 0.76090777 0.37686333 -0.046177387
0.074 -0.04596493 0.7513468 0.3848117 -0.04001087 -0.047465697 0.7581115 0.38076654 -0.046074703
0.0745 -0.0457702 0.7486221 0.3884725 -0.03989216 -0.047234707 0.7551344 0.3846634 -0.045973375
0.075 -0.04557676 0.7457525 0.3921164 -0.03977704 -0.047007687 0.75198007 0.38855377 -0.045873396
0.0755 -0.04538469 0.7427419 0.3957436 -0.03966556 -0.046784632 0.7486525 0.39243752 -0.045774832
0.076 -0.04519403 0.7395937 0.399354 -0.03955779 -0.046565622 0.7451556 0.39631447 -0.045677535
0.0765 -0.0450048 0.7363115 0.4029479 -0.03945374 -0.04635067 0.74149287 0.40018457 -0.045581527
0.077 -0.04481705 0.7328987 0.4065253 -0.03935342 -0.04613983 0.7376686 0.40404755 -0.045486733
0.0775 -0.0446308 0.7293585 0.4100862 -0.03925684 -0.045933124 0.7336867 0.40790316 -0.045393176
0.078 -0.04444607 0.7256941 0.4136309 -0.03916399 -0.045730513 0.7295512 0.41175124 -0.04530079
0.0785 -0.04426289 0.7219088 0.4171594 -0.03907484 -0.04553211 0.72526634 0.41559148 -0.045209445
0.079 -0.04408127 0.7180055 0.4206718 -0.03898939 -0.04533786 0.7208363 0.41942364 -0.045119166
0.0795 -0.04390124 0.7139872 0.4241682 -0.03890761 -0.045147717 0.7162652 0.42324722 -0.04502993
0.08 -0.04372281 0.7098568 0.4276488 -0.03882947 -0.04496175 0.7115575 0.42706195 -0.044941634
0.0805 -0.04354601 0.7056171 0.4311138 -0.03875495 -0.044779833 0.7067175 0.43086746 -0.044854224
0.081 -0.04337084 0.7012709 0.4345631 -0.03868402 -0.044602063 0.70174974 0.43466333 -0.04476758
0.0815 -0.04319733 0.6968208 0.437997 -0.03861664 -0.04442834 0.69665855 0.438449 -0.044681683
0.082 -0.04302549 0.6922694 0.4414155 -0.03855279 -0.044258643 0.6914487 0.44222403 -0.044596463
0.0825 -0.04285534 0.6876193 0.4448189 -0.03849243 -0.04409299 0.6861247 0.4459877 -0.04451178
0.083 -0.04268689 0.6828729 0.4482072 -0.03843553 -0.043931287 0.6806911 0.44973955 -0.044427626
0.0835 -0.04252016 0.6780326 0.4515805 -0.03838207 -0.04377351 0.67515284 0.45347902 -0.04434385
0.084 -0.04235515 0.6731008 0.454939 -0.038332 -0.043619543 0.66951466 0.45720544 -0.044260375
0.0845 -0.04219189 0.6680797 0.4582829 -0.03828529 -0.043469444 0.6637813 0.46091798 -0.044177093
0.085 -0.04203038 0.6629715 0.4616122 -0.03824192 -0.04332306 0.6579577 0.46461603 -0.0440939
0.0855 -0.04187063 0.6577784 0.4649272 -0.03820185 -0.043180346 0.6520487 0.46829858 -0.04401079
0.086 -0.04171266 0.6525025 0.4682278 -0.03816504 -0.043041322 0.6460595 0.4719651 -0.043927416
0.0865 -0.04155647 0.6471458 0.4715144 -0.03813147 -0.0429058 0.6399949 0.47561458 -0.04384391
0.087 -0.04140207 0.6417103 0.4747869 -0.0381011 -0.04277382 0.6338598 0.4792461 -0.04376004
0.0875 -0.04124948 0.6361979 0.4780456 -0.03807389 -0.042645253 0.62765956 0.4828587 -0.04367567
0.088 -0.04109869 0.6306106 0.4812906 -0.03804983 -0.04252002 0.6213992 0.48645154 -0.04359074
0.0885 -0.04094972 0.6249502 0.484522 -0.03802887 -0.042398077 0.6150838 0.49002352 -0.043505087
0.089 -0.04080257 0.6192184 0.48774 -0.03801099 -0.04227933 0.6087184 0.4935734 -0.043418624
0.0895 -0.04065725 0.613417 0.4909447 -0.03799615 -0.04216372 0.60230833 0.49710038 -0.04333107
0.09 -0.04051376 0.6075476 0.4941362 -0.03798432 -0.04205116 0.5958587 0.5006031 -0.043242432
0.0905 -0.04037211 0.6016121 0.4973148 -0.03797547 -0.04194155 0.58937466 0.5040805 -0.0431526
0.091 -0.0402323 0.5956118 0.5004804 -0.03796958 -0.041834857 0.5828614 0.50753117 -0.04306131
0.0915 -0.04009433 0.5895485 0.5036333 -0.0379666 -0.041730933 0.5763241 0.5109542 -0.042968526
0.092 -0.0399582 0.5834237 0.5067736 -0.03796649 -0.041629735 0.569768 0.514348 -0.042874046
0.0925 -0.03982381 0.5772388 0.5099014 -0.03796914 -0.04153118 0.563198 0.5177113 -0.042777777
0.093 -0.03969117 0.5709952 0.513017 -0.03797451 -0.04143526 0.5566195 0.52104276 -0.042679556
0.0935 -0.03956033 0.5646945 0.5161204 -0.03798265 -0.04134174 0.5500375 0.52434117 -0.04257916
0.094 -0.03943435 0.5583202 0.5184204 -0.03799274 -0.0412506 0.54345703 0.52760476 -0.04247667
0.0945 -0.03931716 0.551842 0.5204403 -0.03800431 -0.041161753 0.53688335 0.5308326 -0.04237169
0.095 -0.03920241 0.5452818 0.5228571 -0.03801862 -0.041075196 0.53032136 0.5340226 -0.0422642
0.0955 -0.03908668 0.5386659 0.5256651 -0.0380361 -0.040990766 0.52377605 0.5371736 -0.04215394
0.096 -0.03896948 0.5320111 0.5287283 -0.03805677 -0.040908404 0.5172524 0.5402841 -0.042040937
0.0965 -0.03885149 0.5253257 0.531925 -0.03808054 -0.04082803 0.5107553 0.5433525 -0.04192493
0.097 -0.03873363 0.5186123 0.5351733 -0.03810726 -0.040749528 0.5042897 0.54637724 -0.041805796
0.0975 -0.03861665 0.5118702 0.5384248 -0.03813683 -0.040672913 0.4978601 0.5493567 -0.041683413
0.098 -0.03850107 0.5050977 0.5416539 -0.03816914 -0.040598013 0.49147168 0.5522892 -0.041557595
0.0985 -0.03838722 0.4982926 0.5448489 -0.03820412 -0.04052482 0.48512873 0.5551733 -0.041428223
0.099 -0.03827527 0.4914529 0.5480062 -0.03824167 -0.040453233 0.47883597 0.55800724 -0.04129509
0.0995 -0.03816523 0.4845768 0.5511264 -0.03828159 -0.04038318 0.47259787 0.56078947 -0.04115819
0.1 -0.03805709 0.4776633 0.5542118 -0.03832381 -0.028459013 0.48279592 0.53725433 -0.03826037
0.1005 -0.02807899 0.470492 0.5451039 -0.03335732 -0.02431184 0.47832152 0.56183153 -0.0268877
0.101 -0.01599487 0.462968 0.5351533 -0.02826644 -0.019148745 0.4662673 0.5539044 -0.02662757
0.1015 -0.008035921 0.4553442 0.5269144 -0.02427336 -0.01567053 0.4566707 0.5441142 -0.024290182
0.102 -0.002838528 0.4477747 0.5197809 -0.020699 -0.012841377 0.44755444 0.535261 -0.021266483
0.1025 0.0009666967 0.4403516 0.5132033 -0.01728971 -0.009853046 0.43882847 0.52630883 -0.01866591
0.103 0.004103828 0.4331289 0.5068544 -0.01397533 -0.007009454 0.43055373 0.5177467 -0.01599767
0.1035 0.006920867 0.426139 0.5005742 -0.01073183 -0.0041832626 0.42268983 0.5093763 -0.013422474
0.104 0.00956926 0.4194027 0.4942949 -0.007554741 -0.0014065579 0.41522622 0.5012377 -0.010876179
0.1045 0.01212796 0.4129343 0.4879953 -0.004431097 0.0013382733 0.40814742 0.49329355 -0.008371495
0.105 0.01463625 0.4067443 0.4816739 -0.001355043 0.0040510893 0.4014426 0.48553434 -0.005897619
0.1055 0.01710034 0.4008401 0.4753349 0.001675829 0.0067357123 0.39510128 0.4779453 -0.0034516007
0.106 0.0195185 0.3952262 0.468971 0.004659455 0.009393841 0.3891145 0.47051552 -0.0010291673
0.1065 0.02190766 0.3899051 0.4626026 0.007598297 0.012026973 0.38347372 0.46323505 0.0013731122
0.107 0.02427839 0.384879 0.4562487 0.01049523 0.014636248 0.37817106 0.4560952 0.0037577264
0.1075 0.02663079 0.3801486 0.4499173 0.01335193 0.017222345 0.37319928 0.44908866 0.006127052
0.108 0.02896208 0.3757139 0.4436135 0.01616969 0.019785777 0.36855143 0.4422087 0.008483063
0.1085 0.03126967 0.3715735 0.4373416 0.01894965 0.022326916 0.3642212 0.43544987 0.010827277
0.109 0.03355184 0.3677254 0.431106 0.02169294 0.024845958 0.36020237 0.42880735 0.0131610185
0.1095 0.03580772 0.3638039 0.4249081 0.02439991 0.027342975 0.35648897 0.4222766 0.015485261
0.11 0.03803637 0.3592317 0.4187236 0.02706846 0.029818028 0.35307556 0.41585398 0.017800853
0.1105 0.04023801 0.3548099 0.4125618 0.02970389 0.032271065 0.3499567 0.4095364 0.020108536
0.111 0.04241361 0.3508904 0.4064462 0.03230823 0.03470213 0.34712717 0.40332082 0.02240859
0.1115 0.04456066 0.347585 0.4003941 0.03487898 0.037111066 0.34458187 0.39720497 0.024701625
0.112 0.04666712 0.3448896 0.3944127 0.0374101 0.039497837 0.34231594 0.3911866 0.02698794
0.1125 0.04874479 0.3427526 0.3885084 0.03991182 0.04186228 0.34032434 0.3852636 0.029267691
0.113 0.05080421 0.3411069 0.3826852 0.04238834 0.04420436 0.3386025 0.3794343 0.031541083
0.1135 0.0528479 0.3398858 0.3769441 0.04484065 0.04652396 0.33714584 0.37369722 0.033808224
0.114 0.05487324 0.3390308 0.3712831 0.04726832 0.048821047 0.3359496 0.36805087 0.036069117
0.1145 0.05685422 0.3384935 0.3656829 0.04966044 0.051095523 0.33500943 0.36249408 0.038323842
0.115 0.05880221 0.3382347 0.3601579 0.05201545 0.053347304 0.33432087 0.35702562 0.0405725
0.1155 0.06073652 0.3382257 0.3547204 0.05434649 0.055576414 0.33387932 0.3516444 0.042814992
0.116 0.06266305 0.3384459 0.349373 0.05666068 0.057782724 0.33368057 0.34634945 0.04505129
0.1165 0.06458047 0.3388796 0.3441141 0.05895914 0.05996628 0.33372024 0.34113994 0.04728154
0.117 0.0664855 0.3395155 0.3389417 0.06124159 0.062127054 0.333994 0.33601478 0.049505584
0.1175 0.06837518 0.3403448 0.333854 0.06350759 0.06426503 0.33449763 0.33097324 0.051723458
0.118 0.0702475 0.3413611 0.3288504 0.06575684 0.06638029 0.33522692 0.32601455 0.05393497
0.1185 0.07210134 0.3425594 0.3239305 0.06798924 0.0684728 0.33617747 0.32113788 0.056140304
0.119 0.07393629 0.3439359 0.3190944 0.07020486 0.07054269 0.3373452 0.31634256 0.05833929
0.1195 0.07575225 0.3454875 0.3143421 0.07240384 0.07258999 0.33872604 0.3116279 0.060531996
0.12 0.07754918 0.3472115 0.3096741 0.07458617 0.07461478 0.34031567 0.30699328 0.06271832
0.1205 0.07932717 0.3491054 0.3050904 0.07675201 0.07661712 0.34210986 0.302438 0.06489823
0.121 0.08108667 0.3511672 0.3005914 0.07890182 0.07859717 0.34410477 0.29796153 0.06707177
0.1215 0.08282822 0.3533948 0.2961773 0.08103605 0.08055504 0.34629604 0.2935633 0.0692389
0.122 0.08455235 0.3557865 0.2918482 0.08315514 0.08249079 0.34867963 0.28924268 0.07139967
0.1225 0.08625951 0.3583402 0.2876042 0.08525948 0.08440472 0.35125148 0.28499928 0.073553905
0.123 0.08795013 0.3610539 0.2834451 0.0873495 0.08629684 0.35400733 0.2808324 0.07570184
0.1235 0.0896246 0.3639254 0.279371 0.08942559 0.08816743 0.3569433 0.27674195 0.07784328
0.124 0.09128331 0.3669524 0.2753816 0.09148817 0.090016544 0.36005518 0.2727271 0.079978354
0.1245 0.09292659 0.3701327 0.2714766 0.09353762 0.091844514 0.36333892 0.26878774 0.08210694
0.125 0.0945548 0.3734639 0.2676557 0.09557432 0.09365147 0.36679062 0.26492336 0.08422913
0.1255 0.09616825 0.3769434 0.2639186 0.09759866 0.0954376 0.37040618 0.26113382 0.08634495
0.126 0.09776726 0.3805689 0.2602648 0.099611 0.09720315 0.37418124 0.25741854 0.08845442
0.1265 0.09935214 0.3843376 0.2566939 0.1016117 0.098948374 0.37811232 0.25377747 0.09055745
0.127 0.1009232 0.3882471 0.2532053 0.1036011 0.1006735 0.38219497 0.25021043 0.092654176
0.1275 0.1024806 0.3922948 0.2497985 0.1055753 0.10237871 0.38642547 0.24671707 0.094744556
0.128 0.1040247 0.3964781 0.2464729 0.1075313 0.104064316 0.3907996 0.24329707 0.09682861
0.1285 0.1055554 0.4007942 0.2432278 0.1094786 0.10573049 0.39531365 0.23995057 0.098906405
0.129 0.1070733 0.4052408 0.2400626 0.1114187 0.10737763 0.39996335 0.23667735 0.10097774
0.1295 0.1085786 0.409815 0.2369766 0.1132728 0.109005794 0.40474492 0.23347715 0.10304291
0.13 0.1100715 0.4145145 0.2339691 0.1150595 0.11061548 0.40965456 0.23035014 0.10510177
0.1305 0.1115524 0.4193366 0.2310392 0.1168756 0.11220668 0.41468802 0.22729602 0.10715432
0.131 0.1130099 0.424278 0.228185 0.1187069 0.11377989 0.41984183 0.22431493 0.10920072
0.1315 0.1144385 0.429336 0.2254034 0.1205437 0.115335286 0.42511177 0.22140682 0.11124072
0.132 0.1158559 0.4345086 0.2226965 0.1223932 0.11687325 0.43049413 0.2185716 0.11327452
0.1325 0.1172714 0.4397938 0.2200656 0.1242545 0.11839387 0.43598518 0.21580923 0.11530212
0.133 0.1186857 0.4451896 0.2175102 0.1261231 0.1198975 0.4415812 0.21311995 0.117323525
0.1335 0.1200964 0.4506936 0.2150291 0.127986 0.12138444 0.4472783 0.21050376 0.11933858
0.134 0.1215008 0.4563037 0.2126209 0.1298439 0.12285499 0.45307288 0.20796055 0.121347405
0.1345 0.1228972 0.4620175 0.2102844 0.1317005 0.124309346 0.45896122 0.20549029 0.12334999
0.135 0.1242849 0.4678328 0.2080187 0.1335553 0.12574778 0.46493965 0.20309335 0.1253463
0.1355 0.1256631 0.4737472 0.2058227 0.1353304 0.1271706 0.47100487 0.20076942 0.1273363
0.136 0.1270318 0.4797579 0.2036953 0.1370116 0.12857805 0.4771531 0.19851896 0.12932
0.1365 0.1283908 0.4858632 0.2016358 0.1387314 0.12997045 0.48338088 0.1963417 0.13129735
0.137 0.1297405 0.4920616 0.1996432 0.140491 0.13134797 0.4896851 0.19423798 0.13326845
0.1375 0.1310738 0.4983513 0.1977162 0.1421401 0.13271089 0.4960619 0.19220755 0.13523313
0.138 0.13238 0.5047301 0.1958525 0.1437707 0.13405953 0.5025083 0.19025055 0.13719141
0.1385 0.1336758 0.5111962 0.1940523 0.1454621 0.13539404 0.5090209 0.18836722 0.13914332
0.139 0.1349715 0.5177475 0.1923164 0.1472051 0.1367148 0.51559675 0.18655735 0.14108881
0.1395 0.1362683 0.5243822 0.190644 0.1489843 0.13802199 0.52223265 0.18482116 0.14302784
0.14 0.1375636 0.5310984 0.1890342 0.1507743 0.13931586 0.5289255 0.18315846 0.14496046
0.1405 0.1388533 0.5378942 0.1874857 0.1525756 0.14059667 0.5356722 0.18156937 0.1468865
0.141 0.1401317 0.5447678 0.1859975 0.1543884 0.14186461 0.54247 0.18005392 0.1488061
0.1415 0.1414014 0.5517177 0.1845683 0.1562083 0.14312005 0.549316 0.178612 0.15071917
0.142 0.1426646 0.558742 0.1831974 0.1580319 0.1443631 0.5562075 0.17724377 0.15262571
0.1425 0.1439224 0.5658395 0.181884 0.1598562 0.14559405 0.5631417 0.17594886 0.15452564
0.143 0.145175 0.5730084 0.1806272 0.1616793 0.14681317 0.570116 0.17472747 0.15641901
0.1435 0.1464214 0.5802473 0.1794263 0.1634993 0.14802073 0.5771279 0.17357942 0.15830594
0.144 0.1476576 0.5875546 0.1782804 0.1653147 0.14921685 0.58417475 0.17250472 0.16018623
0.1445 0.1488866 0.594929 0.1771885 0.1671245 0.15040188 0.5912544 0.17150313 0.16205993
0.145 0.1501109 0.6023689 0.17615 0.1689287 0.15157591 0.5983645 0.17057443 0.16392705
0.1455 0.151331 0.6098729 0.1751639 0.1707269 0.15273932 0.6055024 0.16971856 0.16578776
0.146 0.1525471 0.6174396 0.1742294 0.1725189 0.15389226 0.61266625 0.16893545 0.16764176
0.1465 0.1537589 0.6250677 0.1733459 0.1743046 0.15503503 0.61985403 0.16822493 0.16948938
0.147 0.1549661 0.6327558 0.1725124 0.176084 0.15616788 0.62706345 0.1675865 0.17133051
0.1475 0.1561687 0.6405026 0.1717282 0.1778574 0.15729098 0.6342928 0.16702032 0.1731652
0.148 0.1573665 0.6483069 0.1709925 0.1796248 0.1584046 0.64153993 0.16652596 0.17499354
0.1485 0.1585592 0.6561674 0.1703044 0.1813861 0.15950896 0.6488032 0.16610318 0.17681551
0.149 0.1597461 0.6640828 0.1696631 0.1831403 0.16060436 0.6560808 0.16575173 0.17863119
0.1495 0.1609098 0.6720501 0.1690655 0.184867 0.16169092 0.663371 0.16547114 0.1804407
0.15 0.1620476 0.6800686 0.1685094 0.1865712 0.16277806 0.6706921 0.16525322 0.18223146
0.1505 0.1631629 0.6880509 0.1679946 0.1882597 0.16392966 0.67820257 0.1650179 0.18393189
0.151 0.1642785 0.695813 0.1675165 0.1899464 0.16499871 0.68570274 0.16471946 0.18586394
0.1515 0.1654071 0.7032908 0.16707 0.1916358 0.16608836 0.6928365 0.16445404 0.1877811
0.152 0.1665488 0.7104518 0.1666196 0.1933223 0.16717906 0.6995855 0.16420949 0.18969262
0.1525 0.1676972 0.717268 0.1658922 0.1950063 0.1682703 0.7059597 0.16398874 0.19159728
0.153 0.1688277 0.7237236 0.1652132 0.1966652 0.16936205 0.7119621 0.16379073 0.19348994
0.1535 0.1699423 0.7298219 0.1646902 0.1983106 0.17045309 0.7176052 0.16361147 0.19537055
0.154 0.171058 0.7355681 0.1642987 0.1999573 0.17154263 0.7229003 0.1634475 0.1972385
0.1545 0.1721806 0.7409665 0.1639931 0.2016072 0.17263009 0.72785854 0.16329527 0.19909355
0.155 0.1733069 0.7460181 0.1637356 0.203244 0.17371467 0.7324907 0.16315123 0.20093557
0.1555 0.1744316 0.7507262 0.1635012 0.2048714 0.17479594 0.73680687 0.1630125 0.20276445
0.156 0.175554 0.7550946 0.1632775 0.2064996 0.17587326 0.7408169 0.16287634 0.20458004
0.1565 0.176674 0.7591269 0.163058 0.20813 0.17694628 0.7445296 0.16274026 0.20638242
0.157 0.1777911 0.7628255 0.1628389 0.2097611 0.17801449 0.7479534 0.16260213 0.20817158
0.1575 0.1789044 0.7661964 0.1626186 0.2113911 0.17907755 0.7510965 0.16245994 0.20994765
0.158 0.1800133 0.7692457 0.1623963 0.2130184 0.18013509 0.7539664 0.16231218 0.21171066
0.1585 0.1811172 0.7719792 0.1621722 0.2146417 0.18118678 0.75657016 0.16215721 0.21346077
0.159 0.1822161 0.7744032 0.1619463 0.21626 0.1822324 0.7589145 0.16199383 0.21519798
0.1595 0.1833097 0.7765237 0.1617189 0.2178727 0.18327166 0.7610056 0.16182086 0.21692249
0.16 0.184398 0.7783471 0.1614904 0.219479 0.18430425 0.7628495 0.16163722 0.2186344
0.1605 0.1854792 0.7798799 0.1612607 0.2210752 0.18533008 0.76445204 0.16144234 0.22033405
0.161 0.1865323 0.7811285 0.1610264 0.2226358 0.18634893 0.7658186 0.1612351 0.2220214
0.1615 0.1875668 0.7820991 0.1607877 0.2241793 0.18736066 0.7669539 0.1610153 0.22369671
0.162 0.188602 0.7827984 0.1605485 0.2257214 0.18836512 0.76786315 0.16078219 0.2253601
0.1625 0.189644 0.7832331 0.1603103 0.2272649 0.18936212 0.7685506 0.1605354 0.22701186
0.163 0.1906919 0.78341 0.1600727 0.2288089 0.19035162 0.7690209 0.16027477 0.22865215
0.1635 0.1917417 0.7833325 0.1598343 0.2303374 0.1913334 0.7692781 0.15999988 0.23028097
0.164 0.19264 0.7830059 0.1595917 0.2318414 0.19230755 0.76932615 0.1597107 0.23189878
0.1645 0.193423 0.7824398 0.1593455 0.2333403 0.19327383 0.7691688 0.15940714 0.23350558
0.165 0.1942851 0.7816418 0.1590973 0.2348412 0.19423239 0.7688095 0.15908897 0.23510164
0.1655 0.1952441 0.780619 0.1588481 0.2363445 0.1951829 0.7682517 0.15875652 0.2366871
0.166 0.1962721 0.7793773 0.1585976 0.2378487 0.19612558 0.7674991 0.15840968 0.2382622
0.1665 0.1973389 0.7779225 0.1583452 0.2393523 0.19706018 0.76655436 0.15804845 0.23982713
0.167 0.1984218 0.7762599 0.1580903 0.2408537 0.1979868 0.7654207 0.15767336 0.241382
0.1675 0.1994967 0.7743947 0.1578161 0.242344 0.19890542 0.7641011 0.15728426 0.24292704
0.168 0.2005396 0.77233 0.1575048 0.2438082 0.19981606 0.76259816 0.15688157 0.24446246
0.1685 0.2015716 0.7700708 0.1571961 0.2452648 0.2007186 0.7609147 0.15646562 0.24598834
0.169 0.202603 0.7676231 0.1569006 0.2467221 0.20161308 0.75905323 0.15603667 0.24750492
0.1695 0.2036344 0.7649927 0.1566154 0.2481807 0.20249964 0.7570165 0.1555951 0.24901238
0.17 0.2046635 0.7621848 0.1563348 0.2496394 0.2033781 0.7548066 0.15514112 0.25051084
0.1705 0.205688 0.7592043 0.1560544 0.2510965 0.20424859 0.75242627 0.15467536 0.2520004
0.171 0.2067064 0.7560557 0.155771 0.2525509 0.2051111 0.7498776 0.15419808 0.2534813
0.1715 0.2077168 0.7527434 0.1554827 0.2540011 0.20596574 0.7471628 0.15370977 0.25495368
0.172 0.2087188 0.7492715 0.1551885 0.2554463 0.20681246 0.74428433 0.15321103 0.25641772
0.1725 0.2097133 0.745644 0.1548878 0.2568864 0.20765136 0.7412442 0.15270194 0.2578735
0.173 0.2107012 0.7418648 0.1545802 0.2583216 0.20848243 0.73804456 0.15218326 0.25932115
0.1735 0.2116832 0.7379378 0.1542658 0.2597515 0.20930578 0.7346872 0.15165544 0.2607608
0.174 0.2126597 0.7338668 0.1539444 0.2611757 0.21012147 0.7311745 0.15111893 0.26219264
0.1745 0.2136308 0.7296555 0.153616 0.2625934 0.21092944 0.7275083 0.15057424 0.2636168
0.175 0.2145966 0.7253074 0.1532806 0.2640047 0.21172993 0.7236908 0.15002203 0.26503325
0.1755 0.2155573 0.7208261 0.1529381 0.2654102 0.21252282 0.7197238 0.14946276 0.26644227
0.176 0.2165134 0.7162149 0.1525887 0.2668098 0.21330823 0.7156094 0.14889672 0.26784378
0.1765 0.2174648 0.7114772 0.1522321 0.2682036 0.21408631 0.71134955 0.14832479 0.2692381
0.177 0.2184118 0.7066163 0.1518685 0.2695916 0.21485718 0.7069462 0.14774728 0.2706252
0.1775 0.2193546 0.7016352 0.1514978 0.270974 0.21562071 0.70240116 0.1471647 0.27200523
0.178 0.2202933 0.6965371 0.15112 0.2723507 0.21637715 0.6977165 0.14657766 0.27337816
0.1785 0.221228 0.691325 0.150735 0.273722 0.21712644 0.6928944 0.14598659 0.27474418
0.179 0.2221588 0.6860017 0.1503429 0.2750877 0.21786885 0.68793666 0.14539209 0.2761033
0.1795 0.2230856 0.6805702 0.1499434 0.2764479 0.21860437 0.6828452 0.1447945 0.27745563
0.18 0.2240085 0.6750331 0.1495367 0.2778028 0.21933304 0.6776224 0.14419442 0.27880126
0.1805 0.2249276 0.6693931 0.1491226 0.2791522 0.220055 0.6722699 0.14359233 0.2801402
0.181 0.2258428 0.6636529 0.1487012 0.2804964 0.2207704 0.6667901 0.14298871 0.28147244
0.1815 0.2267542 0.657815 0.1482724 0.2818353 0.22147928 0.6611849 0.14238393 0.28279826
0.182 0.2276617 0.6518818 0.1478362 0.283169 0.22218181 0.65545654 0.14177856 0.28411755
0.1825 0.2285655 0.6458558 0.1473925 0.2844976 0.2228779 0.6496073 0.14117292 0.28543028
0.183 0.2294632 0.6397386 0.1469412 0.2858164 0.22356792 0.6436392 0.1405673 0.28673658
0.1835 0.2303316 0.6335293 0.1464775 0.2870939 0.22425179 0.6375545 0.1399622 0.2880365
0.184 0.2311806 0.6272316 0.1460015 0.2883536 0.22492968 0.63135564 0.13935792 0.28933007
0.1845 0.2320317 0.6208492 0.1455186 0.2896157 0.22560175 0.62504494 0.13875496 0.29061726
0.185 0.2328919 0.6143854 0.1450309 0.2908833 0.22626795 0.61862457 0.13815355 0.29189804
0.1855 0.23376 0.6078426 0.1445382 0.2921552 0.2269286 0.61209714 0.13755366 0.2931726
0.186 0.2346328 0.6012208 0.14404 0.2934301 0.22758363 0.6054651 0.13695604 0.29444072
0.1865 0.2355074 0.5945218 0.1435355 0.2947065 0.2282333 0.598731 0.13636062 0.29570255
0.187 0.2363814 0.5877495 0.1430242 0.2959832 0.22887762 0.59189725 0.13576773 0.29695806
0.1875 0.2372532 0.5809066 0.1425058 0.2972592 0.22951676 0.5849668 0.13517743 0.2982073
0.188 0.2381086 0.5739925 0.1419772 0.298505 0.2301508 0.57794183 0.13459009 0.2994501
0.1885 0.2389153 0.5670062 0.1414047 0.299705 0.23077996 0.5708256 0.13400555 0.30068663
0.189 0.2396949 0.55995 0.1407967 0.3008941 0.23140429 0.5636206 0.1334242 0.30191693
0.1895 0.2404887 0.5528274 0.140198 0.3020955 0.23202391 0.5563296 0.13284585 0.30314076
0.19 0.2413052 0.5456421 0.1396151 0.3033109 0.23263894 0.5489558 0.13227066 0.3043582
0.1905 0.2421394 0.5383969 0.1390422 0.3045374 0.23324956 0.54150176 0.13169873 0.30556926
0.191 0.2429831 0.5310937 0.1384725 0.3057714 0.23385577 0.5339706 0.13112974 0.3067738
0.1915 0.2438295 0.5237338 0.137901 0.3070005 0.23445787 0.5263655 0.13056394 0.3079721
0.192 0.2446745 0.5163185 0.1373244 0.3082152 0.23505582 0.51868945 0.13000098 0.30916387
0.1925 0.2455165 0.5088487 0.1367408 0.3094283 0.2356499 0.51094556 0.12944087 0.3103491
0.193 0.2463553 0.5013254 0.1361494 0.3106437 0.23624016 0.50313693 0.12888348 0.31152782
0.1935 0.2471791 0.4937496 0.1355491 0.3118551 0.23682667 0.495267 0.12832856 0.31269997
0.194 0.2479778 0.4861221 0.1349382 0.3130592 0.23740958 0.48733887 0.12777597 0.31386554
0.1945 0.2487727 0.4784438 0.1343186 0.3142641 0.23798917 0.47935608 0.12722534 0.31502458
0.195 0.2495733 0.4707158 0.1336919 0.3154715 0.23856543 0.47132173 0.12667659 0.3161769
0.1955 0.2503802 0.4629394 0.1330587 0.3166811 0.23913847 0.46323928 0.12612927 0.31732258
0.196 0.2511911 0.4551156 0.1324187 0.3178919 0.23970853 0.45511198 0.12558305 0.31846154
0.1965 0.2520034 0.4472456 0.1317718 0.3191028 0.2402756 0.4469436 0.12503752 0.31959385
0.197 0.2528152 0.4393304 0.1311177 0.3203133 0.24083994 0.43873742 0.124492474 0.32071933
0.1975 0.2536255 0.4313713 0.1304567 0.321523 0.24140169 0.43049702 0.12394742 0.3218381
0.198 0.2544334 0.4233692 0.1297886 0.3227315 0.24196078 0.42222592 0.12340187 0.32294998
0.1985 0.2552386 0.4153231 0.1291136 0.3239382 0.24251755 0.41392773 0.12285543 0.3240551
0.199 0.2560405 0.407233 0.1284316 0.3251429 0.24307199 0.40560588 0.12230756 0.32515332
0.1995 0.256839 0.3991022 0.1277426 0.3263453 0.24362434 0.39726418 0.12175796 0.3262448
0.2 0.2576342 0.3909327 0.127047 0.3275415 0.24731864 0.38800254 0.12082643 0.30166563
0.2005 0.2572793 0.3827901 0.125507 0.3178849 0.24542396 0.37877664 0.11923187 0.30478275
0.201 0.2551085 0.374779 0.1231356 0.3079967 0.24675457 0.36797333 0.11889056 0.2969561
0.2015 0.2531026 0.3669825 0.1211716 0.3008322 0.24767868 0.3585948 0.11812521 0.2902709
0.202 0.2516375 0.3594683 0.1196047 0.2948459 0.24820642 0.35128453 0.117804594 0.28570753
0.2025 0.250553 0.3522743 0.118256 0.2893895 0.24882711 0.3441069 0.117535956 0.28068355
0.203 0.2496716 0.3454201 0.1170134 0.2842558 0.24915762 0.33739993 0.11721782 0.27606878
0.2035 0.2488845 0.3389156 0.1158235 0.2793759 0.24927117 0.33104566 0.1168473 0.27155352
0.204 0.248135 0.3327653 0.1146639 0.2747208 0.24916269 0.32501063 0.11640457 0.26708543
0.2045 0.2473961 0.3269706 0.1135255 0.2702735 0.24883835 0.31929937 0.11589097 0.26265952
0.205 0.2466555 0.321531 0.1124055 0.2660207 0.24832983 0.3139085 0.115308575 0.25825182
0.2055 0.2459078 0.3164444 0.1113031 0.2619512 0.2476693 0.30884293 0.114661686 0.2538766
0.206 0.245151 0.3117076 0.1102183 0.2580547 0.24689339 0.30410567 0.11395479 0.2495583
0.2065 0.2443848 0.3073164 0.1091517 0.2543216 0.2460364 0.29969802 0.113192685 0.2453309
0.207 0.2436093 0.3032659 0.1081038 0.2507431 0.24512799 0.2956191 0.112379946 0.24123082
0.2075 0.2428252 0.2995507 0.107075 0.2473109 0.2441914 0.29186612 0.11152131 0.23729107
0.208 0.2420331 0.2961649 0.1060659 0.2440171 0.24324356 0.28843513 0.11062161 0.23353824
0.2085 0.2412339 0.2931022 0.105077 0.2408545 0.24229576 0.28532162 0.109685846 0.22999051
0.209 0.2404284 0.2903561 0.1041087 0.2378164 0.2413549 0.28252107 0.10871921 0.22665733
0.2095 0.2396174 0.2879201 0.1031613 0.2348964 0.24042444 0.28002882 0.10772718 0.22354108
0.21 0.2388015 0.2857873 0.1022352 0.2320884 0.23950593 0.2778402 0.10671509 0.22063762
0.2105 0.2379817 0.2839511 0.1013306 0.229387 0.23859902 0.27595067 0.10568819 0.21793848
0.211 0.2371585 0.2824044 0.1004479 0.2267867 0.23770316 0.27435535 0.10465134 0.2154321
0.2115 0.2363327 0.2811406 0.09958722 0.2242827 0.23681699 0.2730495 0.10360924 0.21310505
0.212 0.235505 0.2801529 0.09874884 0.2218703 0.23593916 0.27202797 0.10256622 0.21094298
0.2125 0.2346758 0.2794345 0.09793291 0.2195452 0.23506843 0.27128538 0.10152597 0.2089316
0.213 0.2338459 0.278979 0.09713959 0.2173033 0.23420344 0.27081665 0.10049214 0.20705679
0.2135 0.2330159 0.2787797 0.096369 0.2151407 0.2333435 0.27061608 0.0994677 0.20530531
0.214 0.2321861 0.2788304 0.09562127 0.2130538 0.23248763 0.2706781 0.09845541 0.20366472
0.2145 0.2313572 0.2791247 0.09489648 0.2110392 0.23163535 0.27099702 0.097457655 0.20212373
0.215 0.2305296 0.2796564 0.09419472 0.2090937 0.23078613 0.27156708 0.09647659 0.20067188
0.2155 0.2297039 0.2804197 0.09351602 0.2072141 0.2299396 0.2723827 0.09551402 0.19930011
0.216 0.2288803 0.2814085 0.09286045 0.2053977 0.22909586 0.2734381 0.09457157 0.1979999
0.2165 0.2280594 0.2826172 0.09222801 0.2036418 0.2282546 0.2747277 0.09365069 0.19676408
0.217 0.2272416 0.2840401 0.09161874 0.2019439 0.227416 0.2762458 0.0927526 0.19558594
0.2175 0.2264272 0.2856718 0.09103261 0.2003014 0.22658013 0.27798694 0.09187832 0.19445986
0.218 0.2256166 0.287507 0.09046963 0.1987122 0.22574718 0.27994567 0.09102888 0.19338062
0.2185 0.22481 0.2895403 0.08992976 0.197174 0.22491737 0.28211644 0.09020505 0.19234389
0.219 0.224008 0.2917668 0.08941296 0.195685 0.22409086 0.284494 0.089407586 0.19134572
0.2195 0.2232106 0.2941816 0.08891921 0.1942431 0.22326796 0.28707308 0.08863708 0.19038257
0.22 0.2224183 0.2967798 0.08844842 0.1928465 0.22244896 0.28984857 0.08789403 0.18945158
0.2205 0.2216313 0.2995567 0.08800055 0.1914935 0.22163413 0.29281518 0.087179 0.18854988
0.221 0.2208498 0.3025078 0.08757552 0.1901824 0.22082369 0.295968 0.08649222 0.18767548
0.2215 0.2200741 0.3056287 0.08717324 0.1889118 0.2200179 0.29930213 0.08583426 0.18682599
0.222 0.2193044 0.3089149 0.08679362 0.1876801 0.2192171 0.30281264 0.08520528 0.18599987
0.2225 0.2185409 0.3123625 0.08643658 0.1864859 0.21842144 0.30649477 0.08460557 0.18519539
0.223 0.2177838 0.3159671 0.08610199 0.1853279 0.2176313 0.31034368 0.084035344 0.1844114
0.2235 0.2170333 0.319725 0.08578976 0.1842049 0.2168469 0.314355 0.08349479 0.18364632
0.224 0.2162896 0.3236321 0.08549977 0.1831156 0.21606834 0.3185239 0.08298404 0.18289936
0.2245 0.2155528 0.3276848 0.08523189 0.1820589 0.2152959 0.3228459 0.0825033 0.18216938
0.225 0.2148231 0.3318794 0.084986 0.1810337 0.2145298 0.32731664 0.08205264 0.18145561
0.2255 0.2141006 0.3362123 0.08476196 0.1800389 0.21377014 0.33193183 0.081632115 0.18075743
0.226 0.2133855 0.34068 0.08455965 0.1790736 0.21301721 0.336687 0.081241764 0.18007392
0.2265 0.2126778 0.3452791 0.08437891 0.1781369 0.21227111 0.3415782 0.08088178 0.17940459
0.227 0.2119777 0.3500065 0.0842196 0.1772277 0.21153198 0.34660098 0.08055199 0.17874888
0.2275 0.2112852 0.3548588 0.08408157 0.1763454 0.21079989 0.35175142 0.080252625 0.17810631
0.228 0.2106006 0.359833 0.08396468 0.1754889 0.21007504 0.35702544 0.07998351 0.17747632
0.2285 0.2099237 0.364926 0.08386876 0.1746576 0.20935743 0.36241916 0.07974488 0.17685872
0.229 0.2092548 0.370135 0.08379365 0.1738508 0.20864733 0.36792865 0.079536505 0.17625293
0.2295 0.2085939 0.375457 0.0837392 0.1730675 0.20794468 0.37355003 0.07935848 0.17565876
0.23 0.2079411 0.3808892 0.08370524 0.1723073 0.20724963 0.3792797 0.07921081 0.1750758
0.2305 0.2072963 0.3864289 0.0836916 0.1715694 0.20656215 0.3851138 0.079093374 0.1745038
0.231 0.2066597 0.3920735 0.08369811 0.1708531 0.20588239 0.39104885 0.07900611 0.17394242
0.2315 0.2060313 0.3978205 0.0837246 0.170158 0.20521028 0.39708096 0.0789491 0.17339152
0.232 0.2054111 0.4036672 0.08377091 0.1694833 0.20454596 0.403207 0.07892228 0.17285076
0.2325 0.2047992 0.4096113 0.08383685 0.1688286 0.20388944 0.40942332 0.07892547 0.17231998
0.233 0.2041956 0.4156503 0.08392224 0.1681933 0.20324068 0.41572648 0.07895876 0.17179891
0.2335 0.2036003 0.4217821 0.08402693 0.1675768 0.20259978 0.4221133 0.07902209 0.17128742
0.234 0.2030133 0.4280043 0.08415071 0.1669787 0.20196669 0.42858052 0.0791154 0.17078522
0.2345 0.2024346 0.4343147 0.08429342 0.1663985 0.20134129 0.43512487 0.0792385 0.17029229
0.235 0.2018642 0.4407111 0.08445487 0.1658358 0.20072372 0.44174305 0.07939146 0.16980812
0.2355 0.2013022 0.4471916 0.08463489 0.16529 0.20011394 0.44843236 0.07957425 0.16933295
0.236 0.2007485 0.4537541 0.08483329 0.1647608 0.19951196 0.4551895 0.07978665 0.16886637
0.2365 0.2002031 0.4603966 0.08504988 0.1642478 0.19891767 0.46201158 0.08002869 0.16840833
0.237 0.199666 0.4671172 0.0852845 0.1637505 0.19833107 0.4688957 0.08030037 0.16795853
0.2375 0.1991372 0.473914 0.08553695 0.1632686 0.1977521 0.475839 0.080601476 0.16751704
0.238 0.1986167 0.4807852 0.08580705 0.1628017 0.19718073 0.48283866 0.08093191 0.1670835
0.2385 0.1981044 0.4877291 0.08609461 0.1623494 0.19661693 0.4898921 0.08129162 0.16665792
0.239 0.1976003 0.4947438 0.08639946 0.1619114 0.19606067 0.49699637 0.08168053 0.16624013
0.2395 0.1971045 0.5018277 0.08672142 0.1614874 0.19551186 0.5041491 0.08209861 0.16582987
0.24 0.1966168 0.5089792 0.08706029 0.161077 0.19497038 0.51134765 0.08254557 0.16542724
0.2405 0.1961372 0.5161967 0.08741591 0.1606799 0.19443633 0.5185896 0.083021544 0.16503191
0.241 0.1956658 0.5234785 0.08778807 0.1602959 0.19390948 0.5258725 0.08352638 0.16464388
0.2415 0.1952024 0.5308233 0.08817661 0.1599246 0.19338985 0.5331939 0.08406005 0.16426295
0.242 0.194747 0.5382294 0.08858134 0.1595658 0.19287737 0.5405516 0.08462233 0.16388899
0.2425 0.1942996 0.5456955 0.08900209 0.1592191 0.19237186 0.54794323 0.08521304 0.163522
0.243 0.1938601 0.5532202 0.08943866 0.1588843 0.19187336 0.5553667 0.085832246 0.16316175
0.2435 0.1934285 0.560802 0.08989089 0.1585612 0.19138171 0.56281966 0.08647976 0.16280824
0.244 0.1930048 0.5684397 0.09035859 0.1582495 0.19089697 0.5703002 0.08715551 0.16246131
0.2445 0.1925889 0.5761319 0.09084159 0.1579489 0.19041888 0.5778062 0.08785943 0.16212076
0.245 0.1921807 0.5838773 0.09133971 0.1576593 0.18994756 0.58533573 0.088591404 0.16178662
0.2455 0.1917802 0.5916748 0.09185277 0.1573804 0.18948273 0.59288687 0.089351095 0.16145864
0.246 0.1913873 0.5995232 0.0923806 0.1571119 0.18902431 0.60045755 0.09013853 0.1611369
0.2465 0.191002 0.6074212 0.09292302 0.1568537 0.18857236 0.6080461 0.09095354 0.16082111
0.247 0.1906243 0.6153676 0.09347987 0.1566056 0.18812664 0.6156508 0.09179609 0.1605114
0.2475 0.190254 0.6233615 0.09405096 0.1563673 0.18768717 0.6232697 0.09266598 0.16020745
0.248 0.1898911 0.6314017 0.09463614 0.1561386 0.18725382 0.6309012 0.09356312 0.15990934
0.2485 0.1895356 0.639487 0.09523522 0.1559194 0.18682651 0.6385438 0.09448729 0.15961686
0.249 0.1891874 0.6476166 0.09584804 0.1557095 0.18640508 0.6461958 0.09543843 0.15933004
0.2495 0.1888465 0.6557893 0.09647443 0.1555087 0.18598954 0.65385574 0.09641639 0.15904865
0.25 0.1885127 0.6640043 0.09711424 0.1553167 0.18557967 0.6615221 0.09742098 0.1587727
0.2505 0.1881877 0.6721735 0.09776743 0.1551552 0.18519546 0.6693766 0.09836423 0.15831375
0.251 0.1878804 0.6801129 0.09843292 0.1550593 0.1847315 0.6773639 0.09917501 0.15823045
0.2515 0.1875942 0.6877588 0.09910459 0.1550154 0.1843281 0.68492824 0.09994682 0.15815014
0.252 0.1873264 0.695079 0.09977624 0.1550138 0.18395658 0.6921081 0.10067319 0.15810773
0.2525 0.1870746 0.7020563 0.1004437 0.1550501 0.18361454 0.698894 0.1013732 0.15810251
0.253 0.1868373 0.7086809 0.1011045 0.1551216 0.18330292 0.70528877 0.10205036 0.15812644
0.2535 0.1866134 0.7149474 0.1017567 0.1552267 0.18302022 0.71130407 0.102705546 0.15817988
0.254 0.1864027 0.7208536 0.1023992 0.1553635 0.18276583 0.7169488 0.10333861 0.15826085
0.2545 0.1862046 0.7263992 0.1030308 0.1555305 0.18253906 0.72223294 0.10394842 0.15836817
0.255 0.1860191 0.7315858 0.1036506 0.1557265 0.18233912 0.7271664 0.10453405 0.15850088
0.2555 0.1858461 0.736416 0.104258 0.1559499 0.18216534 0.7317584 0.10509432 0.15865815
0.256 0.1856853 0.7408937 0.1048522 0.1561996 0.18201701 0.7360182 0.10562829 0.15883893
0.2565 0.1855367 0.7450236 0.1054327 0.1564744 0.1818934 0.7399543 0.10613521 0.15904272
0.257 0.1854001 0.748811 0.105999 0.1567731 0.18179388 0.7435751 0.10661466 0.15926859
0.2575 0.1852754 0.7522616 0.1065506 0.1570947 0.18171783 0.7468884 0.10706607 0.1595158
0.258 0.1851625 0.7553818 0.1070871 0.1574381 0.18166457 0.74990195 0.10748937 0.15978381
0.2585 0.1850612 0.7581779 0.1076083 0.1578025 0.18163346 0.7526227 0.107884414 0.16007167
0.259 0.1849715 0.7606569 0.1081137 0.1581869 0.18162386 0.7550578 0.10825107 0.16037896
0.2595 0.1848932 0.7628254 0.1086031 0.1585905 0.18163519 0.75721365 0.10858954 0.16070491
0.26 0.1848261 0.7646906 0.1090763 0.1590124 0.18166693 0.759097 0.10890027 0.16104901
0.2605 0.1847702 0.7662595 0.109533 0.159452 0.18171842 0.7607133 0.109183274 0.16141048
0.261 0.1847253 0.7675389 0.1099732 0.1599084 0.18178909 0.76206875 0.1094392 0.16178888
0.2615 0.1846912 0.768536 0.1103966 0.160381 0.18187846 0.763169 0.1096685 0.16218364
0.262 0.1846679 0.7692576 0.1108031 0.1608691 0.18198596 0.76401937 0.10987172 0.16259408
0.2625 0.1846551 0.7697106 0.1111926 0.1613721 0.18211101 0.7646251 0.11004948 0.16301969
0.263 0.1846528 0.7699017 0.111565 0.1618894 0.18225308 0.76499116 0.11020232 0.16346008
0.2635 0.1846608 0.7698376 0.1119203 0.1624205 0.18241183 0.76512253 0.11033101 0.1639145
0.264 0.1846789 0.7695249 0.1122584 0.1629647 0.18258663 0.7650236 0.110436045 0.1643827
0.2645 0.1847071 0.7689698 0.1125792 0.1635217 0.18277703 0.764699 0.1105184 0.16486403
0.265 0.1847451 0.7681788 0.1128828 0.1640909 0.18298255 0.7641531 0.11057868 0.16535816
0.2655 0.1847929 0.7671579 0.113169 0.1646718 0.18320276 0.7633904 0.110617734 0.16586441
0.266 0.1848502 0.765913 0.113438 0.1652641 0.18343721 0.76241475 0.11063633 0.16638255
0.2665 0.184917 0.7644502 0.1136897 0.1658672 0.18368547 0.76123023 0.11063526 0.16691199
0.267 0.1849931 0.762775 0.1139241 0.1664809 0.18394707 0.7598407 0.11061538 0.16745245
0.2675 0.1850784 0.7608931 0.1141413 0.1671046 0.18422167 0.75825006 0.1105775 0.16800347
0.268 0.1851726 0.7588098 0.1143413 0.1677381 0.18450888 0.75646186 0.11052232 0.16856459
0.2685 0.1852758 0.7565306 0.1145241 0.168381 0.18480824 0.7544795 0.11045063 0.16913557
0.269 0.1853877 0.7540604 0.1146899 0.1690329 0.18511944 0.75230706 0.1103634 0.16971588
0.2695 0.1855082 0.7514044 0.1148386 0.1696935 0.18544202 0.74994737 0.11026133 0.17030537
0.27 0.1856371 0.7485674 0.1149704 0.1703626 0.18577571 0.7474041 0.110145174 0.17090353
0.2705 0.1857744 0.7455543 0.1150853 0.1710399 0.18612008 0.7446805 0.11001591 0.17151007
0.271 0.1859199 0.7423695 0.1151834 0.1717249 0.18647484 0.74177986 0.10987406 0.17212465
0.2715 0.1860734 0.7390176 0.1152647 0.1724176 0.18683966 0.738705 0.10972049 0.17274702
0.272 0.1862348 0.7355031 0.1153294 0.1731176 0.18721415 0.7354594 0.10955594 0.17337683
0.2725 0.186404 0.7318301 0.1153776 0.1738247 0.187598 0.732046 0.10938106 0.17401388
0.273 0.1865809 0.7280028 0.1154094 0.1745386 0.18799101 0.7284677 0.10919673 0.17465779
0.2735 0.1867653 0.7240252 0.1154248 0.1752591 0.18839262 0.72472763 0.10900337 0.1753084
0.274 0.186957 0.7199013 0.115424 0.1759861 0.18880276 0.72082865 0.10880192 0.1759654
0.2745 0.187156 0.7156349 0.1154071 0.1767192 0.18922113 0.71677375 0.108592845 0.17662856
0.275 0.1873622 0.7112296 0.1153742 0.1774583 0.1896473 0.7125656 0.10837696 0.17729771
0.2755 0.1875752 0.7066892 0.1153255 0.1782028 0.19008113 0.70820725 0.10815453 0.17797258
0.276 0.1877948 0.702017 0.1152609 0.1789523 0.19052218 0.7037014 0.10792654 0.17865303
0.2765 0.1880209 0.6972166 0.1151807 0.1797069 0.19097038 0.6990509 0.10769334 0.17933881
0.277 0.1882535 0.6922912 0.1150849 0.1804668 0.19142534 0.69425863 0.10745547 0.18002984
0.2775 0.1884926 0.687244 0.1149735 0.1812319 0.19188674 0.6893272 0.107213475 0.18072587
0.278 0.1887216 0.6820775 0.1148202 0.1819919 0.19235446 0.6842593 0.106967725 0.18142673
0.2785 0.1889458 0.6767936 0.1146399 0.1827482 0.19282813 0.67905796 0.106718846 0.18213242
0.279 0.1891816 0.6713958 0.1144561 0.1835105 0.1933076 0.67372566 0.10646721 0.18284264
0.2795 0.1894327 0.6658879 0.1142711 0.1842814 0.1937925 0.6682652 0.10621322 0.18355748
0.28 0.1896975 0.6602733 0.1140813 0.1850607 0.1942827 0.66267943 0.10595728 0.1842767
0.2805 0.1899733 0.6545552 0.1138829 0.1858474 0.19477783 0.65697116 0.10569953 0.18500018
0.281 0.1902578 0.6487363 0.113673 0.1866407 0.19527777 0.6511428 0.10544058 0.18572801
0.2815 0.1905493 0.6428192 0.1134499 0.1874398 0.19578226 0.64519715 0.10518054 0.18646002
0.282 0.1908468 0.6368064 0.1132128 0.1882442 0.19629098 0.6391372 0.1049198 0.18719614
0.2825 0.1911497 0.6307002 0.1129614 0.1890534 0.19680376 0.6329656 0.10465861 0.18793648
0.283 0.1914575 0.624503 0.1126954 0.189867 0.19732042 0.62668526 0.10439714 0.18868077
0.2835 0.19177 0.6182169 0.1124151 0.1906846 0.19784062 0.62029856 0.10413543 0.1894291
0.284 0.1920871 0.6118442 0.1121206 0.191506 0.19836415 0.61380875 0.10387381 0.19018158
0.2845 0.1924088 0.6053869 0.1118122 0.1923311 0.19889076 0.60721827 0.10361228 0.1909382
0.285 0.1927349 0.5988472 0.1114899 0.1931595 0.19942035 0.60053027 0.103351034 0.19169885
0.2855 0.1930655 0.5922271 0.1111542 0.1939912 0.1999525 0.5937473 0.103090174 0.1924637
0.286 0.1934005 0.5855286 0.1108051 0.1948259 0.20048709 0.5868724 0.10282966 0.19323286
0.2865 0.1937398 0.5787537 0.1104429 0.1956636 0.20102392 0.5799084 0.10256944 0.19400626
0.287 0.1940835 0.5719042 0.1100679 0.1965041 0.20156269 0.57285804 0.10230971 0.1947839
0.2875 0.1944314 0.5649821 0.1096801 0.1973474 0.20210321 0.5657245 0.10205034 0.19556618
0.288 0.1947835 0.5579891 0.1092798 0.1981934 0.20264523 0.5585104 0.10179108 0.19635284
0.2885 0.1951397 0.5509271 0.1088671 0.1990419 0.2031885 0.551219 0.101532154 0.1971443
0.289 0.1955 0.5437976 0.1084422 0.1998929 0.20373283 0.5438532 0.101273276 0.19794059
0.2895 0.1958642 0.5366025 0.1080054 0.2007463 0.20427795 0.53641593 0.10101428 0.1987417
0.29 0.1962324 0.5293434 0.1075566 0.201602 0.20482372 0.5289101 0.10075513 0.19954807
0.2905 0.1966044 0.5220218 0.1070961 0.20246 0.20536982 0.5213389 0.100495495 0.20035958
0.291 0.1969801 0.5146393 0.106624 0.2033201 0.20591594 0.51370525 0.10023516 0.20117661
0.2915 0.1973596 0.5071974 0.1061405 0.2041824 0.20646216 0.50601244 0.099973984 0.20199925
0.292 0.1977426 0.4996976 0.1056458 0.2050468 0.20700796 0.49826327 0.09971172 0.2028276
0.2925 0.1981292 0.4921413 0.1051399 0.2059132 0.20755322 0.49046096 0.09944803 0.2036621
0.293 0.1985193 0.48453 0.104623 0.2067816 0.20809768 0.4826087 0.09918255 0.20450273
0.2935 0.1989126 0.4768649 0.1040953 0.2076518 0.20864116 0.47470936 0.09891502 0.20534992
0.294 0.1993091 0.4691474 0.1035568 0.2085236 0.20918341 0.46676645 0.09864516 0.2062037
0.2945 0.1997087 0.4613789 0.1030077 0.2093972 0.20972417 0.45878282 0.098372556 0.20706436
0.295 0.2001115 0.4535605 0.1024483 0.2102725 0.21026327 0.45076185 0.098096825 0.20793223
0.2955 0.2005174 0.4456934 0.1018785 0.2111495 0.21080051 0.44270658 0.09781756 0.20880747
0.296 0.2009264 0.437779 0.1012985 0.2120282 0.21133567 0.43462026 0.09753435 0.20969033
0.2965 0.2013385 0.4298183 0.1007086 0.2129086 0.21186851 0.42650607 0.09724682 0.210581
0.297 0.2017536 0.4218124 0.1001087 0.2137906 0.21239887 0.41836733 0.09695453 0.2114799
0.2975 0.2021715 0.4137626 0.09949906 0.2146742 0.21292652 0.41020715 0.09665691 0.21238723
0.298 0.2025924 0.4056697 0.0988798 0.2155593 0.21345125 0.40202883 0.09635369 0.21330306
0.2985 0.2030157 0.397535 0.09825099 0.2164456 0.21397288 0.39383548 0.09604413 0.214228
0.299 0.2034412 0.3893593 0.09761269 0.2173326 0.2144912 0.38563037 0.09572805 0.21516186
0.2995 0.2038689 0.3811437 0.09696505 0.2182207 0.21500613 0.3774168 0.09540475 0.21610522
0.3 0.2042991 0.3728891 0.09630824 0.21911 0.19183938 0.35896647 0.09860592 0.1925467
0.3005 0.1948509 0.3646154 0.09489677 0.2150027 0.18227603 0.3574756 0.097625114 0.20095411
0.301 0.1832649 0.356334 0.09282767 0.2108186 0.1793319 0.34639895 0.097643904 0.19079545
0.3015 0.175796 0.3481012 0.09113727 0.2077799 0.17550524 0.3389458 0.096274294 0.1894126
0.302 0.1710953 0.339967 0.08976349 0.205198 0.1729746 0.3305097 0.09521825 0.18628803
0.3025 0.1677948 0.331959 0.0885499 0.2028143 0.17063075 0.32241872 0.094022594 0.18429655
0.303 0.1651594 0.3240919 0.08740799 0.2005522 0.1685105 0.31433442 0.09281976 0.1825386
0.3035 0.1628446 0.3163737 0.08629723 0.1983877 0.1664937 0.30634907 0.0915818 0.18105364
0.304 0.1606951 0.308809 0.08520047 0.1963113 0.16454019 0.29848292 0.09031964 0.17975068
0.3045 0.1586413 0.3014005 0.08411084 0.1943181 0.16262566 0.29075968 0.08903905 0.17858231
0.305 0.1566512 0.2941494 0.08302584 0.1924044 0.16073687 0.28319693 0.08774588 0.17751923
0.3055 0.1547099 0.2870558 0.08194473 0.1905673 0.15886699 0.27580506 0.08644504 0.17654073
0.306 0.15281 0.2801194 0.08086754 0.1888042 0.1570121 0.2685897 0.085140385 0.17563418
0.3065 0.1509476 0.273339 0.07979459 0.1871127 0.15517059 0.26155305 0.083834596 0.17479104
0.307 0.1491207 0.2667131 0.07872626 0.1854903 0.15334141 0.2546946 0.082529776 0.1740056
0.3075 0.147328 0.2602398 0.077663 0.1839348 0.15152426 0.24801242 0.08122752 0.17327425
0.308 0.1455686 0.2539168 0.07660523 0.1824441 0.1497192 0.24150339 0.07992905 0.1725941
0.3085 0.1438418 0.2477417 0.07555335 0.1810162 0.14792635 0.23516378 0.07863518 0.17196319
0.309 0.1421473 0.241712 0.07450775 0.179649 0.14614609 0.22898936 0.07734663 0.1713799
0.3095 0.1404846 0.2358248 0.07346878 0.1783407 0.14437886 0.22297576 0.07606406 0.1708427
0.31 0.1388534 0.2300774 0.07243678 0.1770894 0.1426251 0.21711865 0.07478789 0.17035037
0.3105 0.1372533 0.2244668 0.07141205 0.1758934 0.14088538 0.21141359 0.073518746 0.16990137
0.311 0.1356841 0.2189901 0.07039488 0.174751 0.13916042 0.20585626 0.07225687 0.16949439
0.3115 0.1341454 0.2136444 0.06938554 0.1736606 0.13745074 0.20044243 0.07100287 0.16912797
0.312 0.1326369 0.2084266 0.06838429 0.1726207 0.13575713 0.19516796 0.06975701 0.16880068
0.3125 0.1311584 0.2033339 0.06739135 0.1716296 0.13408034 0.19002897 0.06851987 0.16851097
0.313 0.1297095 0.1983633 0.06640694 0.1706862 0.13242109 0.18502158 0.06729167 0.16825712
0.3135 0.12829 0.1935119 0.06543127 0.1697888 0.13078025 0.18014216 0.06607295 0.16803753
0.314 0.1268996 0.188777 0.06446451 0.1689363 0.1291586 0.17538723 0.06486413 0.16785055
0.3145 0.125538 0.1841555 0.06350685 0.1681274 0.127557 0.1707533 0.06366553 0.16769436
0.315 0.124205 0.1796449 0.06255844 0.1673608 0.12597626 0.16623709 0.062477566 0.1675672
0.3155 0.1229002 0.1752424 0.06161943 0.1666354 0.12441723 0.16183558 0.061300725 0.16746727
0.316 0.1216234 0.1709454 0.06068996 0.16595 0.12288076 0.15754575 0.060135275 0.16739297
0.3165 0.1203742 0.1667512 0.05977015 0.1653037 0.12136759 0.1533646 0.058981657 0.16734248
0.317 0.1191524 0.1626574 0.05886013 0.1646953 0.119878605 0.14928943 0.057840206 0.16731405
0.3175 0.1179577 0.1586614 0.05795999 0.1641238 0.11841445 0.14531747 0.05671127 0.16730613
0.318 0.1167899 0.1547609 0.05706983 0.1635883 0.11697598 0.14144617 0.055595227 0.16731706
0.3185 0.1156485 0.1509534 0.05618974 0.1630878 0.11556366 0.13767296 0.054492272 0.16734526
0.319 0.1145334 0.1472367 0.0553198 0.1626216 0.114178345 0.13399532 0.053402737 0.1673893
0.3195 0.1134443 0.1436086 0.05446008 0.1621886 0.11282043 0.130411 0.052326962 0.16744775
0.32 0.1123808 0.1400668 0.05361064 0.161788 0.11149056 0.12691757 0.051265076 0.16751924
0.3205 0.1113427 0.1366092 0.05277153 0.1614192 0.110189155 0.12351287 0.050217353 0.16760263
0.321 0.1103297 0.1332338 0.05194282 0.1610812 0.108916596 0.12019468 0.049183957 0.16769671
0.3215 0.1093415 0.1299385 0.05112454 0.1607733 0.10767327 0.116960846 0.048165075 0.16780043
0.322 0.1083778 0.1267214 0.05031671 0.1604949 0.10645951 0.1138094 0.04716091 0.16791278
0.3225 0.1074384 0.1235805 0.04951939 0.1602452 0.10527548 0.11073809 0.046171494 0.16803285
0.323 0.1065229 0.120514 0.04873258 0.1600235 0.10412142 0.107745074 0.045196973 0.16815996
0.3235 0.1056311 0.1175201 0.04795631 0.1598292 0.10299742 0.10482841 0.04423733 0.16829327
0.324 0.1047626 0.114597 0.04719059 0.1596617 0.10190359 0.10198621 0.04329276 0.16843224
0.3245 0.1039173 0.111743 0.04643542 0.1595203 0.10083991 0.09921654 0.042363174 0.16857627
0.325 0.1030948 0.1089564 0.04569081 0.1594045 0.09980637 0.09651766 0.041448683 0.16872492
0.3255 0.1022949 0.1062356 0.04495676 0.1593136 0.09880282 0.09388778 0.040549234 0.16887775
0.326 0.1015172 0.103579 0.04423326 0.1592472 0.09782921 0.09132509 0.039664775 0.16903445
0.3265 0.1007615 0.100985 0.04352031 0.1592046 0.09688541 0.088827945 0.038795337 0.16919473
0.327 0.1000275 0.09845225 0.04281788 0.1591854 0.09597106 0.086394705 0.03794083 0.1693584
0.3275 0.09931502 0.09597913 0.04212595 0.1591891 0.09508611 0.08402363 0.037101142 0.16952536
0.328 0.09862368 0.09356429 0.04144452 0.1592151 0.09423013 0.08171326 0.03627626 0.16969538
0.3285 0.09795325 0.09120632 0.04077354 0.1592629 0.09340292 0.07946188 0.035466 0.16986853
0.329 0.09730346 0.08890388 0.04011299 0.1593322 0.09260407 0.077268116 0.0346703 0.17004475
0.3295 0.09667405 0.08665566 0.03946285 0.1594224 0.091833234 0.075130396 0.033889048 0.17022407
0.33 0.09606475 0.08446037 0.03882307 0.1595331 0.0910901 0.073047265 0.033122107 0.17040646
0.3305 0.0954753 0.08231677 0.03819362 0.159664 0.090374246 0.07101731 0.032369383 0.17059213
0.331 0.09490545 0.08022364 0.03757445 0.1598145 0.08968522 0.06903916 0.03163068 0.1707811
0.3315 0.09435493 0.0781798 0.03696552 0.1599842 0.08902258 0.067111395 0.03090588 0.17097348
0.332 0.09382349 0.0761841 0.0363668 0.1601728 0.088385984 0.06523276 0.030194812 0.17116949
0.3325 0.09331087 0.07423541 0.03577822 0.16038 0.0877749 0.063401915 0.02949734 0.17136925
0.333 0.09281684 0.07233265 0.03519974 0.1606052 0.08718887 0.061617672 0.02881325 0.17157292
0.3335 0.09234113 0.07047475 0.03463131 0.1608482 0.08662748 0.05987873 0.028142415 0.17178074
0.334 0.0918835 0.06866068 0.03407288 0.1611085 0.08609025 0.058183923 0.027484737 0.17199275
0.3345 0.09144371 0.06688941 0.03352438 0.161386 0.0855767 0.0565321 0.026839934 0.1722093
0.335 0.09102152 0.06515997 0.03298576 0.1616801 0.08508642 0.05492212 0.026207887 0.17243057
0.3355 0.09061669 0.0634714 0.03245696 0.1619907 0.08461884 0.05335287 0.02558846 0.1726566
0.336 0.09022898 0.06182276 0.03193792 0.1623173 0.0841735 0.05182328 0.024981372 0.17288774
0.3365 0.08985815 0.06021314 0.03142858 0.1626596 0.08375004 0.050332293 0.024386562 0.1731241
0.337 0.08950398 0.05864166 0.03092887 0.1630174 0.08334793 0.048878923 0.023803823 0.17336586
0.3375 0.08916623 0.05710744 0.03043873 0.1633904 0.082966745 0.047462165 0.023232952 0.17361328
0.338 0.08884468 0.05560965 0.02995809 0.1637782 0.08260597 0.046081103 0.022673845 0.17386642
0.3385 0.0885391 0.05414746 0.02948689 0.1641806 0.08226518 0.044734806 0.02212628 0.17412546
0.339 0.08824928 0.05272007 0.02902505 0.1645973 0.081943944 0.04342232 0.021590091 0.17439067
0.3395 0.08797499 0.0513267 0.02857251 0.1650281 0.08164184 0.042142794 0.021065183 0.17466208
0.34 0.08771601 0.04996658 0.0281292 0.1654726 0.08135842 0.040895388 0.020551331 0.17493984
0.3405 0.08747213 0.04863898 0.02769505 0.1659307 0.0810933 0.03967925 0.020048343 0.17522418
0.341 0.08724313 0.04734317 0.02726998 0.166402 0.08084603 0.038493596 0.019556165 0.17551515
0.3415 0.08702882 0.04607844 0.02685392 0.1668863 0.08061619 0.03733764 0.019074544 0.17581284
0.342 0.08682897 0.0448441 0.0264468 0.1673834 0.08040345 0.03621064 0.01860337 0.17611742
0.3425 0.08664339 0.04363948 0.02604855 0.1678931 0.0802073 0.035111837 0.018142454 0.17642891
0.343 0.08647187 0.04246393 0.02565909 0.1684151 0.080027536 0.034040593 0.01769168 0.17674753
0.3435 0.08631421 0.0413168 0.02527834 0.1689491 0.07986364 0.032996133 0.017250925 0.17707321
0.344 0.08617022 0.04019748 0.02490624 0.1694951 0.07971531 0.031977832 0.016819961 0.17740607
0.3445 0.0860397 0.03910535 0.02454271 0.1700527 0.07958211 0.030985013 0.016398706 0.17774612
0.345 0.08592245 0.03803983 0.02418766 0.1706218 0.07946378 0.0300171 0.015987031 0.17809346
0.3455 0.08581829 0.03700032 0.02384104 0.1712021 0.07935995 0.029073454 0.015584797 0.17844817
0.346 0.08572702 0.03598627 0.02350275 0.1717935 0.07927026 0.028153457 0.015191801 0.17881021
0.3465 0.08564847 0.03499713 0.02317272 0.1723957 0.07919444 0.027256604 0.014807977 0.17917964
0.347 0.08558244 0.03403235 0.02285088 0.1730086 0.079132125 0.026382308 0.014433183 0.17955643
0.3475 0.08552877 0.03309141 0.02253715 0.1736319 0.079083025 0.025530003 0.014067255 0.17994067
0.348 0.08548726 0.03217381 0.02223145 0.1742655 0.079046845 0.024699163 0.013710044 0.1803323
0.3485 0.08545775 0.03127904 0.02193372 0.1749093 0.07902323 0.02388934 0.013361551 0.1807313
0.349 0.08544006 0.0304066 0.02164386 0.175563 0.0790119 0.023100022 0.013021544 0.18113762
0.3495 0.08543401 0.02955604 0.0213618 0.1762264 0.07901268 0.022330735 0.012689941 0.1815514
0.35 0.08543944 0.02872687 0.02108747 0.1768995 0.07544732 0.030166373 0.011587553 0.15774298
0.3505 0.08430975 0.02789585 0.019982 0.166745 0.07757221 0.017832488 0.013717674 0.15225863
0.351 0.0813784 0.0269826 0.01805131 0.156366 0.074764475 0.016241007 0.010851622 0.14158711
0.3515 0.07862563 0.02600579 0.01652784 0.1487141 0.073816344 0.01472887 0.0099513605 0.13560116
0.352 0.07642694 0.02500033 0.01539736 0.1422448 0.0728012 0.014101144 0.009047501 0.13018617
0.3525 0.07462152 0.02398623 0.01447825 0.1363107 0.07182817 0.0136568025 0.008235857 0.12542686
0.353 0.07303169 0.02297306 0.01365648 0.130705 0.07083523 0.013241358 0.0074364245 0.12102472
0.3535 0.07154826 0.02196516 0.01287739 0.1253592 0.069798395 0.012804247 0.006615095 0.11684317
0.354 0.07011452 0.02096456 0.01211727 0.1202445 0.06872377 0.01231711 0.005780872 0.112846486
0.3545 0.06870315 0.01997225 0.01136634 0.1153437 0.067610115 0.011784676 0.0049326085 0.10899504
0.355 0.06730152 0.01898875 0.01062071 0.1106436 0.06646223 0.011209749 0.004077643 0.105277844
0.3555 0.06590405 0.0180144 0.00987887 0.1061329 0.065282926 0.010599613 0.0032191388 0.101681925
0.356 0.06450848 0.01704938 0.009140304 0.1018009 0.06407562 0.009959348 0.002360791 0.09820079
0.3565 0.06311412 0.01609382 0.008404884 0.09763801 0.062843144 0.00929369 0.001504615 0.09482755
0.357 0.06172098 0.0151478 0.007672639 0.09363511 0.061588332 0.008606203 0.00065229833 0.09155689
0.3575 0.06032942 0.01421137 0.006943662 0.08978369 0.060313627 0.007899921 -0.00019506365 0.08838371
0.358 0.05893998 0.01328455 0.00621807 0.0860758 0.059021443 0.007177241 -0.0010366738 0.085303426
0.3585 0.05755321 0.01236735 0.005495983 0.08250395 0.057714015 0.006440334 -0.0018720105 0.08231158
0.359 0.05616972 0.01145973 0.004777525 0.07906116 0.056393355 0.0056909397 -0.0027005784 0.07940396
0.3595 0.05479008 0.01056169 0.004062812 0.07574084 0.05506143 0.004930742 -0.0035221279 0.0765768
0.36 0.05341487 0.009673175 0.003351959 0.07253681 0.05372008 0.004161261 -0.0043362677 0.073826335
0.3605 0.05204462 0.008794143 0.002645072 0.0694433 0.052371055 0.0033838116 -0.0051428154 0.07114921
0.361 0.05067985 0.007924538 0.001942253 0.06645484 0.051015966 0.0025995895 -0.005941555 0.06854198
0.3615 0.04932105 0.007064301 0.0012436 0.06356633 0.04965643 0.0018097647 -0.006732285 0.06600163
0.362 0.04796867 0.006213368 0.0005492034 0.06077296 0.048293747 0.0010153241 -0.007514909 0.06352537
0.3625 0.04662315 0.00537167 -0.0001408518 0.0580702 0.046929374 0.00021731108 -0.008289143 0.06111022
0.363 0.0452849 0.004539138 -0.0008264848 0.05545381 0.045564547 -0.0005834531 -0.009054899 0.05875366
0.3635 0.0439543 0.003715698 -0.00150762 0.05291977 0.044200458 -0.0013861526 -0.009812094 0.05645325
0.364 0.04263171 0.002901274 -0.002184188 0.05046431 0.04283817 -0.0021900162 -0.0105605945 0.054206654
0.3645 0.04131745 0.00209579 -0.002856122 0.04808389 0.041478753 -0.002994366 -0.011300288 0.05201163
0.365 0.04001186 0.001299169 -0.003523362 0.04577516 0.040123135 -0.0037985258 -0.012031116 0.04986629
0.3655 0.03871521 0.0005113326 -0.00418585 0.04353495 0.038772255 -0.0046018846 -0.012752973 0.04776851
0.366 0.03742778 -0.0002677985 -0.004843534 0.04136029 0.037426837 -0.005403869 -0.0134658255 0.04571663
0.3665 0.03614983 -0.001038303 -0.005496365 0.03924837 0.036087677 -0.0062039103 -0.014169566 0.043708794
0.367 0.03488159 -0.001800261 -0.0061443 0.03719654 0.03475544 -0.0070015546 -0.014864244 0.041743487
0.3675 0.03362328 -0.002553752 -0.006787297 0.03520227 0.0334308 -0.007796211 -0.015549712 0.039819248
0.368 0.03237509 -0.003298855 -0.007425319 0.03326321 0.032114364 -0.008587439 -0.016225986 0.03793452
0.3685 0.03113722 -0.004035649 -0.008058333 0.03137711 0.030806556 -0.009374779 -0.016893066 0.0360882
0.369 0.02990983 -0.004764214 -0.008686308 0.02954185 0.029508047 -0.010157742 -0.017550897 0.034278788
0.3695 0.02869308 -0.005484629 -0.009309217 0.02775541 0.028219089 -0.0109359585 -0.01819947 0.032505274
0.37 0.0274871 -0.006196972 -0.009927037 0.02601589 0.026940204 -0.011708885 -0.018838774 0.030766562
0.3705 0.02629203 -0.006901321 -0.01053975 0.02432149 0.025671758 -0.012476144 -0.019468814 0.029061578
0.371 0.02510798 -0.007597754 -0.01114733 0.02267049 0.02441404 -0.013237298 -0.020089544 0.027389415
0.3715 0.02393506 -0.008286348 -0.01174976 0.02106127 0.023167387 -0.013991868 -0.020700976 0.025749084
0.372 0.02277335 -0.008967181 -0.01234704 0.01949228 0.02193208 -0.014739467 -0.021303091 0.024139829
0.3725 0.02162293 -0.009640328 -0.01293916 0.01796205 0.02070833 -0.015479652 -0.021895908 0.022560835
0.373 0.02048387 -0.01030587 -0.0135261 0.01646921 0.019496374 -0.016211959 -0.022479381 0.021011308
0.3735 0.01935624 -0.01096387 -0.01410786 0.01501241 0.018296413 -0.016935952 -0.023053525 0.019490615
0.374 0.01824008 -0.01161441 -0.01468443 0.0135904 0.017108627 -0.01765121 -0.023618327 0.017998114
0.3745 0.01713543 -0.01225757 -0.01525583 0.01220197 0.015933163 -0.018357258 -0.02417377 0.016533107
0.375 0.01604233 -0.01289342 -0.01582204 0.01084599 0.01477012 -0.01905369 -0.024719842 0.015095152
0.3755 0.01496079 -0.01352203 -0.01638307 0.009521361 0.013619676 -0.019740056 -0.025256552 0.013683502
0.376 0.01389084 -0.01414348 -0.01693892 0.008227041 0.012481898 -0.020415917 -0.02578388 0.012297776
0.3765 0.01283248 -0.01475783 -0.0174896 0.00696204 0.011356831 -0.021080814 -0.026301801 0.010937493
0.377 0.01178571 -0.01536517 -0.01803513 0.005725408 0.010244556 -0.021734376 -0.026810309 0.009602144
0.3775 0.01075053 -0.01596555 -0.0185755 0.004516242 0.009145163 -0.022376148 -0.027309392 0.0082913
0.378 0.009726923 -0.01655905 -0.01911074 0.003333676 0.0080586225 -0.023005746 -0.027799059 0.0070045255
0.3785 0.008714875 -0.01714575 -0.01964085 0.002176881 0.006984979 -0.02362284 -0.028279312 0.00574141
0.379 0.007714361 -0.0177257 -0.02016585 0.001045067 0.005924262 -0.024227051 -0.028750129 0.0045015514
0.3795 0.00672535 -0.01829899 -0.02068575 -6.25245e-05 0.0048764274 -0.024818053 -0.029211521 0.003284566
0.38 0.00574781 -0.01886567 -0.02120058 -0.00114662 0.0038415045 -0.025395557 -0.029663524 0.002090076
0.3805 0.0047817 -0.01942582 -0.02171034 -0.002207915 0.0028193817 -0.025959387 -0.03010616 0.0009177346
0.381 0.003826976 -0.01997951 -0.02221506 -0.003247077 0.0018101335 -0.026509296 -0.030539468 -0.00023287907
0.3815 0.002883592 -0.02052679 -0.02271476 -0.004264745 0.00081353635 -0.027045159 -0.030963518 -0.0013619885
0.382 0.001951493 -0.02106774 -0.02320947 -0.005261534 -0.00017033517 -0.027566906 -0.031378347 -0.0024701823
0.3825 0.001030625 -0.02160243 -0.0236992 -0.006238033 -0.0011416301 -0.028074516 -0.031784073 -0.003557654
0.383 0.0001209274 -0.02213091 -0.02418397 -0.007194809 -0.0021004677 -0.028568013 -0.032180764 -0.0046248697
0.3835 -0.0007776624 -0.02265325 -0.02466382 -0.008132406 -0.0030469 -0.029047562 -0.032568567 -0.0056721494
0.384 -0.001665211 -0.02316953 -0.02513876 -0.009051348 -0.003981076 -0.029513272 -0.0329476 -0.0066999495
0.3845 -0.002541787 -0.02367979 -0.02560883 -0.009952138 -0.0049031153 -0.02996547 -0.033318058 -0.007708639
0.385 -0.003407463 -0.0241841 -0.02607405 -0.01083526 -0.0058131963 -0.03040446 -0.033680093 -0.0086985435
0.3855 -0.004262312 -0.02468254 -0.02653444 -0.01170118 -0.0067114085 -0.030830562 -0.034033902 -0.009670151
0.386 -0.005106413 -0.02517515 -0.02699005 -0.01255036 -0.007597942 -0.03124428 -0.034379736 -0.010623887
0.3865 -0.005939844 -0.025662 -0.02744088 -0.01338321 -0.008472949 -0.031646144 -0.034717776 -0.011560118
0.387 -0.006762687 -0.02614316 -0.02788698 -0.01420016 -0.009336621 -0.03203669 -0.035048317 -0.012479281
0.3875 -0.007575024 -0.02661868 -0.02832838 -0.01500162 -0.010189112 -0.032416474 -0.035371616 -0.013381764
0.388 -0.008376941 -0.02708862 -0.0287651 -0.01578797 -0.01103057 -0.032786176 -0.03568792 -0.01426813
0.3885 -0.009168524 -0.02755304 -0.02919718 -0.01655959 -0.011861291 -0.033146445 -0.035997543 -0.015138596
0.389 -0.009949861 -0.028012 -0.02962464 -0.01731684 -0.012681283 -0.033497933 -0.03630075 -0.015993793
0.3895 -0.01072104 -0.02846556 -0.03004752 -0.01806006 -0.013490874 -0.03384131 -0.036597855 -0.016833961
0.39 -0.01148216 -0.02891379 -0.03046586 -0.01878961 -0.01429018 -0.03417725 -0.03688912 -0.017659616
0.3905 -0.0122333 -0.02935672 -0.03087968 -0.0195058 -0.015079401 -0.03450641 -0.037174836 -0.018471038
0.391 -0.01297456 -0.02979443 -0.03128902 -0.02020895 -0.015858725 -0.034829423 -0.037455328 -0.019268692
0.3915 -0.01370603 -0.03022697 -0.03169391 -0.02089937 -0.01662825 -0.035146892 -0.03773082 -0.020052964
0.392 -0.01442781 -0.03065439 -0.03209439 -0.02157736 -0.017388217 -0.035459355 -0.038001597 -0.02082412
0.3925 -0.01513999 -0.03107676 -0.03249048 -0.02224319 -0.018138733 -0.03576737 -0.038267896 -0.021582577
0.393 -0.01584267 -0.03149412 -0.03288223 -0.02289716 -0.018879976 -0.036071423 -0.03852997 -0.02232861
0.3935 -0.01653595 -0.03190653 -0.03326966 -0.02353953 -0.019612093 -0.036371946 -0.038788054 -0.023062529
0.394 -0.01721991 -0.03231405 -0.03365282 -0.02417055 -0.020335227 -0.036669318 -0.03904236 -0.023784583
0.3945 -0.01789467 -0.03271673 -0.03403173 -0.02479049 -0.021049496 -0.036963902 -0.03929306 -0.024495091
0.395 -0.01856031 -0.03311461 -0.03440643 -0.02539958 -0.021755014 -0.03725602 -0.039540373 -0.025194313
0.3955 -0.01921693 -0.03350776 -0.03477696 -0.02599808 -0.022451889 -0.037545893 -0.039784435 -0.02588246
0.396 -0.01986464 -0.03389623 -0.03514336 -0.0265862 -0.023140281 -0.037833825 -0.04002545 -0.02655977
0.3965 -0.02050352 -0.03428007 -0.03550564 -0.02716417 -0.023820274 -0.038119934 -0.040263534 -0.027226439
0.397 -0.02113368 -0.03465932 -0.03586387 -0.02773221 -0.024491929 -0.038404398 -0.040498804 -0.027882742
0.3975 -0.02175522 -0.03503405 -0.03621805 -0.02829053 -0.025155388 -0.03868737 -0.040731415 -0.028528802
0.398 -0.02236823 -0.0354043 -0.03656824 -0.02883934 -0.025810719 -0.03896892 -0.04096149 -0.02916481
0.3985 -0.02297281 -0.03577011 -0.03691447 -0.02937884 -0.026458032 -0.03924919 -0.041189127 -0.029790921
0.399 -0.02356906 -0.03613155 -0.03725678 -0.02990922 -0.027097348 -0.03952818 -0.041414402 -0.0304074
0.3995 -0.02415707 -0.03648866 -0.03759519 -0.03043067 -0.02772881 -0.03980595 -0.04163744 -0.03101429
0.4 -0.02473695 -0.03684148 -0.03792975 -0.03094337 -0.028352428 -0.04008259 -0.04185831 -0.03161183
0.4005 -0.02530714 -0.03719004 -0.03825921 -0.031425 -0.029000748 -0.040351655 -0.041997626 -0.032096393
0.401 -0.02585813 -0.03753406 -0.03857774 -0.03183767 -0.029650442 -0.040600754 -0.042130295 -0.032553017
0.4015 -0.02638657 -0.03787309 -0.0388851 -0.03219488 -0.030297924 -0.040849186 -0.042257372 -0.03295691
0.402 -0.02689485 -0.03820685 -0.03918352 -0.03250638 -0.030935511 -0.041100003 -0.042385608 -0.033322826
0.4025 -0.0273855 -0.03853522 -0.03947452 -0.03277646 -0.031561114 -0.041356042 -0.042515114 -0.033648934
0.403 -0.02786009 -0.03885814 -0.03975886 -0.03300747 -0.03217228 -0.041617647 -0.042647026 -0.033939898
0.4035 -0.0283195 -0.03917558 -0.04003687 -0.03320111 -0.032767992 -0.04188502 -0.04278101 -0.034196034
0.404 -0.02876417 -0.03948753 -0.04030872 -0.03335885 -0.033347223 -0.042157695 -0.042917043 -0.03441923
0.4045 -0.02919435 -0.03979401 -0.04057448 -0.03348204 -0.033909407 -0.042435125 -0.043054756 -0.03461007
0.405 -0.02961019 -0.04009501 -0.04083421 -0.03357196 -0.034453887 -0.042716574 -0.0431938 -0.034769744
0.4055 -0.03001182 -0.04039055 -0.04108793 -0.0336298 -0.03498033 -0.04300127 -0.04333386 -0.034898855
0.406 -0.03039931 -0.04068063 -0.04133569 -0.0336567 -0.035488386 -0.043288447 -0.043474555 -0.034998175
0.4065 -0.03077275 -0.04096527 -0.04157749 -0.03365373 -0.03597778 -0.043577317 -0.04361558 -0.035068408
0.407 -0.03113147 -0.0412432 -0.04181331 -0.03362055 -0.036448322 -0.043867156 -0.04375662 -0.03511019
0.4075 -0.03147542 -0.0415147 -0.04204304 -0.03355844 -0.03689986 -0.04415726 -0.04389739 -0.03512413
0.408 -0.03180559 -0.04178068 -0.04226685 -0.0334694 -0.03733227 -0.044446964 -0.044037633 -0.035110854
0.4085 -0.0321225 -0.04204162 -0.04248486 -0.03335463 -0.037745498 -0.044735648 -0.044177085 -0.035070963
0.409 -0.03242626 -0.0422977 -0.04269714 -0.03321499 -0.038139522 -0.045022786 -0.04431557 -0.03500501
0.4095 -0.03271685 -0.04254896 -0.04290373 -0.03305127 -0.038514342 -0.045307815 -0.04445284 -0.03491351
0.41 -0.03299426 -0.04279538 -0.04310464 -0.03286419 -0.038870007 -0.045590244 -0.044588733 -0.03479708
0.4105 -0.03325849 -0.04303692 -0.0432999 -0.03265444 -0.039206572 -0.045869634 -0.044723064 -0.034656174
0.411 -0.03350958 -0.04327352 -0.04348952 -0.03242269 -0.03952412 -0.046145584 -0.044855654 -0.034491416
0.4115 -0.0337476 -0.04350514 -0.04367354 -0.03216956 -0.039822787 -0.046417713 -0.04498641 -0.034303185
0.412 -0.03397263 -0.04373174 -0.04385199 -0.03189567 -0.040102743 -0.046685647 -0.045115158 -0.034091987
0.4125 -0.03418476 -0.04395331 -0.0440249 -0.03160159 -0.040364094 -0.046949092 -0.045241773 -0.03385835
0.413 -0.03438412 -0.04416984 -0.04419231 -0.03128789 -0.040607043 -0.047207735 -0.045366123 -0.033602726
0.4135 -0.0345708 -0.04438132 -0.04435424 -0.03095511 -0.0408318 -0.047461335 -0.04548813 -0.033325523
0.414 -0.03474491 -0.04458777 -0.04451074 -0.03060376 -0.041038543 -0.04770957 -0.04560764 -0.033027247
0.4145 -0.03490659 -0.0447892 -0.04466184 -0.03023434 -0.04122754 -0.047952272 -0.045724604 -0.032708243
0.415 -0.03505594 -0.04498564 -0.04480759 -0.02984733 -0.04139899 -0.04818921 -0.045838885 -0.032368995
0.4155 -0.03519308 -0.0451771 -0.04494801 -0.02944319 -0.041553125 -0.0484202 -0.045950398 -0.032009907
0.416 -0.03531813 -0.04536363 -0.04508316 -0.02902236 -0.041690253 -0.04864505 -0.046059072 -0.031631358
0.4165 -0.03543121 -0.04554524 -0.04521307 -0.02858527 -0.041810587 -0.048863597 -0.046164803 -0.031233743
0.417 -0.03553245 -0.04572197 -0.04533778 -0.02813233 -0.04191441 -0.049075738 -0.04626753 -0.030817453
0.4175 -0.03562196 -0.04589387 -0.04545733 -0.02766393 -0.042001992 -0.0492813 -0.046367154 -0.030382896
0.418 -0.03569986 -0.04606095 -0.04557175 -0.02718047 -0.042073622 -0.04948021 -0.04646362 -0.029930353
0.4185 -0.03576629 -0.04622326 -0.04568111 -0.0266823 -0.042129572 -0.04967234 -0.04655685 -0.02946027
0.419 -0.03582135 -0.04638083 -0.04578542 -0.02616978 -0.042170152 -0.049857583 -0.04664678 -0.028972946
0.4195 -0.03586517 -0.0465337 -0.04588474 -0.02564326 -0.04219559 -0.050035916 -0.046733335 -0.02846879
0.42 -0.03589787 -0.04668191 -0.04597911 -0.02510307 -0.042206217 -0.050207254 -0.04681646 -0.027948085
0.4205 -0.03591958 -0.04682549 -0.04606856 -0.02454952 -0.04220229 -0.050371524 -0.0468961 -0.02741122
0.421 -0.03593042 -0.04696448 -0.04615314 -0.02398294 -0.042184144 -0.050528713 -0.04697221 -0.026858447
0.4215 -0.0359305 -0.04709892 -0.04623289 -0.02340362 -0.042152017 -0.050678782 -0.047044702 -0.026290188
0.422 -0.03591995 -0.04722884 -0.04630785 -0.02281184 -0.042106207 -0.05082169 -0.04711356 -0.025706694
0.4225 -0.03589889 -0.04735427 -0.04637807 -0.02220789 -0.04204701 -0.050957456 -0.047178704 -0.025108311
0.423 -0.03586745 -0.04747527 -0.04644358 -0.02159205 -0.04197467 -0.05108606 -0.047240127 -0.02449536
0.4235 -0.03582573 -0.04759186 -0.04650442 -0.02096457 -0.041889533 -0.051207513 -0.04729778 -0.023868082
0.424 -0.03577387 -0.04770408 -0.04656065 -0.0203257 -0.04179181 -0.051321857 -0.047351602 -0.023226855
0.4245 -0.03571198 -0.04781196 -0.04661229 -0.01967571 -0.04168179 -0.051429033 -0.047401566 -0.022571964
0.425 -0.03564019 -0.04791555 -0.0466594 -0.01901482 -0.04155976 -0.051529154 -0.04744766 -0.021903662
0.4255 -0.0355586 -0.04801487 -0.04670201 -0.01834326 -0.041425973 -0.051622227 -0.04748984 -0.021222247
0.426 -0.03546734 -0.04810997 -0.04674016 -0.01766127 -0.041280672 -0.05170826 -0.047528077 -0.020528037
0.4265 -0.03536653 -0.04820088 -0.0467739 -0.01696907 -0.04112415 -0.05178736 -0.04756236 -0.019821253
0.427 -0.03525629 -0.04828763 -0.04680327 -0.01626685 -0.040956642 -0.05185955 -0.047592647 -0.019102227
0.4275 -0.03513672 -0.04837027 -0.0468283 -0.01555483 -0.04077837 -0.051924914 -0.047618937 -0.018371249
0.428 -0.03500795 -0.04844882 -0.04684904 -0.0148332 -0.040589616 -0.051983494 -0.047641218 -0.01762852
0.4285 -0.03487008 -0.04852332 -0.04686553 -0.01410217 -0.040390596 -0.05203534 -0.04765945 -0.016874354
0.429 -0.03472324 -0.04859381 -0.04687781 -0.01336192 -0.040181562 -0.05208061 -0.047673665 -0.016109021
0.4295 -0.03456754 -0.04866033 -0.04688592 -0.01261264 -0.039962705 -0.052119322 -0.047683828 -0.015332732
0.43 -0.03440309 -0.0487229 -0.0468899 -0.0118545 -0.03973429 -0.052151583 -0.047689974 -0.014545776
0.4305 -0.03423 -0.04878158 -0.0468898 -0.01108769 -0.03949649 -0.05217744 -0.047692038 -0.013748394
0.431 -0.03404838 -0.04883639 -0.04688564 -0.01031237 -0.039249577 -0.052197065 -0.04769009 -0.012940833
0.4315 -0.03385834 -0.04888736 -0.04687748 -0.009528703 -0.038993698 -0.052210487 -0.047684096 -0.012123374
0.432 -0.03365999 -0.04893454 -0.04686535 -0.008736859 -0.038729094 -0.05221782 -0.047674075 -0.011296175
0.4325 -0.03345345 -0.04897796 -0.04684929 -0.007936992 -0.038455985 -0.052219234 -0.047660057 -0.010459527
0.433 -0.03323881 -0.04901766 -0.04682934 -0.007129254 -0.03817453 -0.05221475 -0.04764202 -0.009613652
0.4335 -0.03301617 -0.04905361 -0.04680554 -0.006313785 -0.0378849 -0.05220448 -0.04761999 -0.008758793
0.434 -0.03278561 -0.04908581 -0.04677792 -0.005490719 -0.037587333 -0.052188586 -0.047593992 -0.007895159
0.4345 -0.03254724 -0.04911429 -0.04674651 -0.004660197 -0.037281994 -0.052167144 -0.047564045 -0.0070229955
0.435 -0.03230117 -0.04913912 -0.04671136 -0.003822361 -0.03696902 -0.052140296 -0.047530167 -0.0061425157
0.4355 -0.03204751 -0.04916034 -0.04667251 -0.002977347 -0.03664862 -0.052108113 -0.047492392 -0.005253898
0.436 -0.03178637 -0.04917792 -0.04662985 -0.002125176 -0.036320955 -0.052070756 -0.04745075 -0.0043573566
0.4365 -0.03151782 -0.04919188 -0.04658337 -0.001266033 -0.035986137 -0.05202832 -0.047405247 -0.0034531616
0.437 -0.03124199 -0.04920234 -0.04653329 -0.0004001358 -0.03564441 -0.051980942 -0.04735593 -0.0025414284
0.4375 -0.03095893 -0.04920936 -0.04647965 0.0004724209 -0.03529586 -0.05192872 -0.047302842 -0.0016224347
0.438 -0.03066799 -0.04921288 -0.04642153 0.001351672 -0.034940634 -0.051871777 -0.047245983 -0.0006963499
0.4385 -0.03036949 -0.04921283 -0.04635986 0.002237581 -0.034578938 -0.05181022 -0.04718541 0.00023663417
0.439 -0.03006403 -0.04920928 -0.04629533 0.003129906 -0.03421085 -0.051744223 -0.047121167 0.0011763182
0.4395 -0.02975189 -0.04920235 -0.04622791 0.004028441 -0.033836555 -0.051673837 -0.047053277 0.002122512
0.44 -0.02943323 -0.04919215 -0.04615741 0.004933036 -0.033456154 -0.05159922 -0.04698178 0.0030750576
0.4405 -0.02910819 -0.04917877 -0.04608373 0.005843567 -0.033069793 -0.05152048 -0.046906736 0.0040337853
0.441 -0.02877688 -0.04916227 -0.04600678 0.006759921 -0.032677565 -0.051437777 -0.046828173 0.0049984735
0.4415 -0.02843939 -0.04914268 -0.04592657 0.007681926 -0.03227961 -0.051351145 -0.046746124 0.0059689544
0.442 -0.0280958 -0.04912002 -0.0458431 0.008609472 -0.031876076 -0.051260762 -0.04666065 0.0069450885
0.4425 -0.02774617 -0.04909436 -0.04575642 0.009542497 -0.031467024 -0.05116672 -0.04657179 0.007926717
0.443 -0.02739052 -0.04906572 -0.04566654 0.01048093 -0.031052604 -0.05106916 -0.046479587 0.008913629
0.4435 -0.02702889 -0.04903417 -0.04557353 0.01142471 -0.030632924 -0.050968155 -0.046384074 0.009905681
0.444 -0.02666383 -0.04900143 -0.04552054 0.01236624 -0.030208077 -0.050863862 -0.046285346 0.010902733
0.4445 -0.02629827 -0.04896924 -0.04547174 0.01330245 -0.029778171 -0.050756358 -0.046183407 0.011904646
0.445 -0.02592881 -0.04893586 -0.04540047 0.01424356 -0.029343285 -0.050645784 -0.046078302 0.012911253
0.4455 -0.02555265 -0.04889976 -0.04530741 0.01519294 -0.028903536 -0.050532185 -0.045970116 0.013922393
0.446 -0.02516883 -0.04885965 -0.04519892 0.01614922 -0.028459039 -0.050415747 -0.045858864 0.014937937
0.4465 -0.0247787 -0.04881383 -0.0450815 0.01710471 -0.028009806 -0.050296523 -0.045744598 0.015957728
0.447 -0.02438294 -0.04876327 -0.04495884 0.01806498 -0.027556032 -0.05017461 -0.045627408 0.016981684
0.4475 -0.02398192 -0.0487076 -0.04483357 0.01902662 -0.027097702 -0.05005014 -0.045507282 0.018009603
0.448 -0.02357646 -0.04864781 -0.04470693 0.01999125 -0.026634961 -0.049923185 -0.045384318 0.019041367
0.4485 -0.02316515 -0.04858516 -0.04457806 0.02096484 -0.026167873 -0.04979386 -0.04525855 0.020076916
0.449 -0.02274704 -0.04852024 -0.04444661 0.02194841 -0.025696527 -0.04966224 -0.045130022 0.021116033
0.4495 -0.02232208 -0.04845325 -0.0443127 0.02294119 -0.025220953 -0.049528435 -0.044998806 0.02215869
0.45 -0.02189066 -0.04838421 -0.04417651 0.02394207 -0.024741285 -0.049392514 -0.044864915 0.023204666
0.4505 -0.02145326 -0.04831308 -0.04403822 0.0249501 -0.024257556 -0.049254596 -0.044728417 0.024253935
0.451 -0.02101033 -0.04823979 -0.0438979 0.02596448 -0.02376983 -0.04911472 -0.04458937 0.025306322
0.4515 -0.02056219 -0.04816427 -0.04375556 0.02698457 -0.023278203 -0.048973 -0.04444782 0.026361756
0.452 -0.02010909 -0.04808648 -0.0436112 0.02800988 -0.022782747 -0.04882952 -0.044303805 0.027420111
0.4525 -0.01965121 -0.04800637 -0.04346478 0.02904002 -0.022283498 -0.04868435 -0.044157397 0.028481279
0.453 -0.01918868 -0.04792392 -0.04331625 0.03007465 -0.02178052 -0.04853756 -0.04400863 0.029545195
0.4535 -0.0187216 -0.0478391 -0.04316558 0.03111353 -0.021273889 -0.048389226 -0.043857545 0.030611694
0.454 -0.01825005 -0.04775192 -0.04301275 0.03215644 -0.020763647 -0.048239432 -0.043704197 0.03168071
0.4545 -0.01777409 -0.04766237 -0.04285771 0.03320322 -0.02024987 -0.048088238 -0.04354864 0.03275221
0.455 -0.01729379 -0.04757046 -0.04270047 0.03425371 -0.019732594 -0.047935694 -0.04339092 0.03382605
0.4555 -0.0168092 -0.04747621 -0.042541 0.03530781 -0.019211873 -0.047781914 -0.043231085 0.03490213
0.456 -0.01632039 -0.04737963 -0.04237932 0.0363654 -0.01868781 -0.0476269 -0.04306916 0.035980336
0.4565 -0.01582739 -0.04728073 -0.04221541 0.03742641 -0.018160384 -0.04747075 -0.04290519 0.037060663
0.457 -0.01533028 -0.04717954 -0.04204929 0.03849074 -0.017629676 -0.047313545 -0.04273928 0.038142994
0.4575 -0.0148291 -0.04707609 -0.04188097 0.03955832 -0.017095752 -0.047155276 -0.04257142 0.039227232
0.458 -0.01432394 -0.04697039 -0.04171046 0.04062905 -0.016558625 -0.046996035 -0.042401664 0.04031334
0.4585 -0.01381485 -0.04686247 -0.0415378 0.04170287 -0.016018398 -0.046835866 -0.04223007 0.041401185
0.459 -0.01330185 -0.04675236 -0.04136298 0.04277976 -0.015475057 -0.046674825 -0.042056654 0.04249073
0.4595 -0.012785 -0.04664007 -0.04118602 0.04385969 -0.014928695 -0.04651296 -0.04188148 0.04358191
0.46 -0.01226435 -0.04652564 -0.04100695 0.04494262 -0.014379311 -0.04635029 -0.041704576 0.044674657
0.4605 -0.01173996 -0.04640908 -0.04082578 0.0460285 -0.013826974 -0.046186946 -0.041525997 0.04576888
0.461 -0.01121181 -0.04618487 -0.04064078 0.04711816 -0.013271701 -0.04602286 -0.041345775 0.046864547
0.4615 -0.01067978 -0.04588201 -0.04044887 0.04821145 -0.012713566 -0.04585813 -0.04116395 0.047961563
0.462 -0.01014414 -0.04558212 -0.04025243 0.04930708 -0.012152612 -0.045692794 -0.040980592 0.049059868
0.4625 -0.009605071 -0.04531647 -0.04005393 0.05040499 -0.011588868 -0.04552688 -0.0407957 0.050159447
0.463 -0.00906264 -0.04509329 -0.03985476 0.05150528 -0.011022352 -0.045360416 -0.04060933 0.05126018
0.4635 -0.00851687 -0.04490998 -0.03965546 0.05260802 -0.010453116 -0.045193475 -0.040421523 0.052362077
0.464 -0.007968583 -0.04475883 -0.03945639 0.05370706 -0.009881191 -0.045026045 -0.040232345 0.05346506
0.4645 -0.007420559 -0.04463113 -0.03925852 0.05479657 -0.009306632 -0.044858143 -0.040041752 0.054569043
0.465 -0.006871146 -0.04452064 -0.03906063 0.05588799 -0.008729473 -0.044689827 -0.03984984 0.055673994
0.4655 -0.006317921 -0.04442166 -0.0388614 0.05698574 -0.008149747 -0.04452113 -0.039656624 0.05677987
0.466 -0.005759931 -0.04432934 -0.03866032 0.05809018 -0.0075674877 -0.04435207 -0.03946215 0.057886615
0.4665 -0.005197227 -0.04423981 -0.0384573 0.05920059 -0.006982729 -0.044182666 -0.03926646 0.05899421
0.467 -0.004630224 -0.04415004 -0.03825239 0.06031628 -0.0063955113 -0.044012956 -0.039069586 0.06010261
0.4675 -0.00405945 -0.04405675 -0.03804571 0.06143831 -0.00580585 -0.043842927 -0.038871527 0.061211728
0.468 -0.003484947 -0.04395898 -0.03783729 0.0625643 -0.0052138045 -0.043672632 -0.03867236 0.062321536
0.4685 -0.002906729 -0.04385653 -0.03762708 0.0636931 -0.004619397 -0.04350206 -0.03847207 0.06343199
0.469 -0.002325189 -0.04374922 -0.03741505 0.06482455 -0.004022695 -0.04333125 -0.03827075 0.06454308
0.4695 -0.001740731 -0.04363691 -0.03720124 0.06595859 -0.003423646 -0.043160245 -0.038068376 0.06565475
0.47 -0.001153625 -0.04351956 -0.03698567 0.06709511 -0.002822362 -0.042988986 -0.037865013 0.066766955
0.4705 -0.0005640013 -0.04339722 -0.03676836 0.06823403 -0.0022188574 -0.042817548 -0.03766066 0.067879654
0.471 2.809409e-05 -0.04327001 -0.03654934 0.06937526 -0.0016131252 -0.042645916 -0.03745538 0.06899286
0.4715 0.0006226633 -0.04313811 -0.03632863 0.07051874 -0.0010052472 -0.042474113 -0.037249137 0.07010646
0.472 0.001219754 -0.0430017 -0.03610625 0.07166441 -0.00039523095 -0.04230215 -0.03704203 0.07122048
0.4725 0.0018194 -0.042861 -0.03588219 0.07281222 0.0002168715 -0.042130027 -0.03683407 0.07233489
0.473 0.002421589 -0.04271626 -0.0356565 0.07396212 0.0008310601 -0.041957743 -0.03662525 0.07344962
0.4735 0.003026298 -0.04256775 -0.03542918 0.07511404 0.0014472976 -0.041785356 -0.036415618 0.07456465
0.474 0.003633494 -0.04241574 -0.03520027 0.07626795 0.002065517 -0.04161278 -0.0362052 0.07567996
0.4745 0.004243146 -0.04226046 -0.03496978 0.07742379 0.0026857033 -0.041440137 -0.035994023 0.0767955
0.475 0.004855224 -0.04210215 -0.03473775 0.07858153 0.0033078715 -0.04126735 -0.035782095 0.0779113
0.4755 0.005469694 -0.04194102 -0.03450419 0.07974114 0.0039319247 -0.041094434 -0.03556944 0.07902726
0.476 0.006086527 -0.04177726 -0.03426913 0.08090257 0.0045578554 -0.040921375 -0.035356086 0.08014339
0.4765 0.006705689 -0.04161104 -0.03403259 0.08206581 0.0051856115 -0.040748212 -0.035142057 0.08125961
0.477 0.00732715 -0.04144251 -0.03379459 0.08323083 0.005815208 -0.040574946 -0.03492738 0.08237598
0.4775 0.007950876 -0.0412718 -0.03355515 0.08439759 0.006446548 -0.040401585 -0.034712054 0.08349237
0.478 0.008576835 -0.04109905 -0.03331429 0.08556607 0.007079698 -0.04022811 -0.034496162 0.08460893
0.4785 0.009204951 -0.04092434 -0.03307204 0.08672919 0.007714547 -0.040054526 -0.034279663 0.08572542
0.479 0.00983504 -0.04074779 -0.03282841 0.08789032 0.008351065 -0.03988079 -0.034062557 0.08684196
0.4795 0.01046708 -0.04056946 -0.03258343 0.0890554 0.00898926 -0.039706968 -0.033844903 0.0879585
0.48 0.01110115 -0.04038945 -0.03233712 0.09022461 0.009629056 -0.03953303 -0.033626705 0.08907494
0.4805 0.01173731 -0.04020781 -0.03208948 0.0913974 0.010270469 -0.03935894 -0.033407986 0.090191394
0.481 0.01237557 -0.0400246 -0.03184054 0.09257324 0.010913439 -0.039184786 -0.033188775 0.09130771
0.4815 0.01301594 -0.03983986 -0.03159031 0.09375174 0.011557929 -0.03901043 -0.032969072 0.09242397
0.482 0.01365838 -0.0396536 -0.03133881 0.09493259 0.012203917 -0.03883598 -0.032748885 0.09354004
0.4825 0.01430281 -0.03946587 -0.03108607 0.09611553 0.01285138 -0.038661398 -0.032528255 0.09465599
0.483 0.01494922 -0.03927671 -0.0308321 0.09730039 0.013500251 -0.03848666 -0.032307155 0.09577177
0.4835 0.01559757 -0.03908618 -0.03057692 0.098487 0.014150508 -0.03831175 -0.032085624 0.09688732
0.484 0.01624785 -0.03889433 -0.03032052 0.09967527 0.0148021355 -0.03813669 -0.03186369 0.09800269
0.4845 0.01690001 -0.03870119 -0.03006292 0.1008651 0.015455112 -0.0379615 -0.031641353 0.09911779
0.485 0.01755401 -0.03850679 -0.02980414 0.1020565 0.01610937 -0.037786134 -0.03141863 0.10023268
0.4855 0.0182098 -0.03831116 -0.02954419 0.1032493 0.016764931 -0.03761058 -0.03119552 0.10134729
0.486 0.01886735 -0.03811433 -0.02928309 0.1044435 0.0174217 -0.037434835 -0.03097202 0.1024616
0.4865 0.01952664 -0.03791631 -0.02902086 0.1056391 0.018079668 -0.03725891 -0.030748164 0.10357555
0.487 0.02018769 -0.03771712 -0.0287575 0.1068361 0.018738769 -0.037082773 -0.030523969 0.1046892
0.4875 0.02085053 -0.03751678 -0.02849303 0.1080344 0.019399002 -0.03690642 -0.030299438 0.105802454
0.488 0.02151509 -0.03731532 -0.02822746 0.1092341 0.02006033 -0.036729857 -0.03007458 0.10691533
0.4885 0.02218128 -0.03711273 -0.02796082 0.110435 0.020722747 -0.03655306 -0.029849403 0.10802782
0.489 0.02284904 -0.03690904 -0.0276931 0.1116372 0.021386161 -0.036376033 -0.029623898 0.1091399
0.4895 0.02351834 -0.03670425 -0.02742434 0.1128406 0.022050545 -0.036198743 -0.02939812 0.110251494
0.49 0.02418915 -0.0364984 -0.02715453 0.1140453 0.022715934 -0.036021225 -0.029172052 0.11136269
0.4905 0.02486145 -0.03629148 -0.0268837 0.1152512 0.023382224 -0.03584338 -0.028945673 0.112473376
0.491 0.02553523 -0.03608351 -0.02661186 0.1164582 0.024049394 -0.035665303 -0.028719056 0.11358357
0.4915 0.02621048 -0.03587451 -0.02633901 0.1176664 0.024717443 -0.035486933 -0.028492168 0.11469328
0.492 0.02688719 -0.03566449 -0.02606518 0.1188757 0.025386289 -0.03530825 -0.028264996 0.1158024
0.4925 0.02756534 -0.03545346 -0.02579037 0.1200862 0.026055917 -0.035129257 -0.028037563 0.116911
0.493 0.02824491 -0.03524144 -0.02551459 0.1212978 0.026726305 -0.034949914 -0.027809866 0.11801902
0.4935 0.02892583 -0.03502844 -0.02523787 0.1225104 0.02739738 -0.03477025 -0.027581923 0.11912642
0.494 0.02960779 -0.03481449 -0.02496026 0.1237238 0.028069116 -0.034590237 -0.027353756 0.120233156
0.4945 0.03029078 -0.03459964 -0.02468179 0.1249379 0.028741501 -0.034409873 -0.027125329 0.1213393
0.495 0.03097498 -0.03438389 -0.02440243 0.1261529 0.029414505 -0.034229137 -0.02689669 0.1224448
0.4955 0.03166053 -0.03416723 -0.02412218 0.1273689 0.030088067 -0.034048006 -0.026667811 0.1235496
0.496 0.03234747 -0.03394968 -0.02384102 0.128586 0.03076218 -0.033866465 -0.026438702 0.12465375
0.4965 0.0330358 -0.03373124 -0.02355897 0.1298041 0.03143678 -0.033684514 -0.02620937 0.12575713
0.497 0.03372549 -0.03351191 -0.02327603 0.1310233 0.03211183 -0.03350215 -0.025979843 0.12685981
0.4975 0.03441653 -0.03329169 -0.02299221 0.1322435 0.032787323 -0.03331935 -0.025750082 0.12796172
0.498 0.03510887 -0.0330706 -0.02270753 0.1334648 0.033463202 -0.03313609 -0.025520127 0.12906286
0.4985 0.03580248 -0.03284863 -0.022422 0.1346871 0.03413944 -0.032952383 -0.02528996 0.1301632
0.499 0.03649735 -0.0326258 -0.02213564 0.1359104 0.034815967 -0.032768194 -0.025059551 0.13126269
0.4995 0.03719343 -0.03240211 -0.02184844 0.1371347 0.035492793 -0.032583497 -0.024828948 0.13236135
0.5 0.03789071 -0.03217757 -0.02156043 0.13836 0.03308478 -0.024287667 -0.027913064 0.11296361
