0.0 -0.065 -0.065 -0.065 -0.065 -0.06467307 -0.029564336 -0.03362216 -0.046362177
0.0005 -0.06497798 -0.05428989 -0.05192283 -0.06486425 -0.06602894 -0.008717142 -0.029060062 -0.046437748
0.001 -0.06488158 -0.03778811 -0.03703755 -0.06464734 -0.06610751 0.0124905445 -0.019820567 -0.04930336
0.0015 -0.06475591 -0.01864253 -0.02407513 -0.0644337 -0.06630659 0.033655114 -0.009542182 -0.052119832
0.002 -0.06462464 0.001932679 -0.01244413 -0.06421317 -0.06653807 0.05503139 0.0013299305 -0.05428946
0.0025 -0.06448889 0.02328854 -0.001463937 -0.06397945 -0.06676023 0.07654108 0.012574205 -0.055888265
0.003 -0.06434606 0.04502311 0.009223079 -0.06373021 -0.06695008 0.09805392 0.024026955 -0.05705027
0.0035 -0.0641911 0.06694057 0.01980536 -0.06346146 -0.06709792 0.11947112 0.035578467 -0.057886157
0.004 -0.06403058 0.08893947 0.03037235 -0.06317899 -0.06720171 0.14072683 0.047156796 -0.058478307
0.0045 -0.06386835 0.1109543 0.04096151 -0.06288685 -0.067262664 0.16177918 0.05871556 -0.05888545
0.005 -0.06370336 0.132932 0.05155869 -0.06258598 -0.06728317 0.18260212 0.07022499 -0.059149195
0.0055 -0.06352269 0.1548211 0.062085 -0.06227237 -0.06726586 0.2031791 0.0816661 -0.05929912
0.006 -0.06332942 0.1765724 0.07262493 -0.06194881 -0.067213416 0.22349928 0.09302643 -0.059356593
0.0065 -0.06312862 0.1981417 0.08319241 -0.06161817 -0.06712848 0.24355476 0.10429746 -0.059337504
0.007 -0.06292446 0.2194892 0.09377132 -0.06125375 -0.06701343 0.26333928 0.115473345 -0.059253804
0.0075 -0.06270384 0.2405815 0.1043542 -0.06083091 -0.0668706 0.2828474 0.1265496 -0.059114814
0.008 -0.06247521 0.2613875 0.114925 -0.06041996 -0.0667021 0.3020742 0.1375225 -0.05892794
0.0085 -0.06224753 0.281881 0.1254704 -0.06002551 -0.06650978 0.3210147 0.1483892 -0.058699243
0.009 -0.06202216 0.3020411 0.1359802 -0.05964294 -0.06629551 0.33966446 0.15914696 -0.05843363
0.0095 -0.06179747 0.3218519 0.1464452 -0.05926787 -0.06606082 0.3580191 0.16979349 -0.058135316
0.01 -0.06157133 0.3413016 0.1568571 -0.05889707 -0.0658072 0.37607467 0.18032648 -0.057807878
0.0105 -0.06134203 0.360382 0.1672083 -0.05852822 -0.06553594 0.39382726 0.19074403 -0.057454333
0.011 -0.06110843 0.3790877 0.1774918 -0.05815975 -0.065248266 0.4112739 0.20104426 -0.057077438
0.0115 -0.06086986 0.3974161 0.1877014 -0.05779059 -0.06494534 0.4284116 0.21122548 -0.056679495
0.012 -0.06062603 0.4153665 0.1978317 -0.05742004 -0.06462808 0.44523823 0.22128624 -0.05626262
0.0125 -0.06037687 0.4329399 0.2078779 -0.05704767 -0.064297505 0.46175182 0.23122501 -0.05582866
0.013 -0.06012246 0.450139 0.2178358 -0.05667325 -0.06395451 0.47795135 0.24104063 -0.055379264
0.0135 -0.05986294 0.4669672 0.2277019 -0.0562967 -0.0635999 0.4938361 0.25073197 -0.054915994
0.014 -0.0595985 0.4834292 0.2374729 -0.05591801 -0.06323448 0.509406 0.2602981 -0.05444023
0.0145 -0.05932921 0.4995301 0.2471458 -0.0555371 -0.0628589 0.52466124 0.2697383 -0.053953126
0.015 -0.05905524 0.5152757 0.2567185 -0.05515396 -0.062474035 0.5396033 0.2790517 -0.05345592
0.0155 -0.05877689 0.5306723 0.2661892 -0.05476894 -0.06208037 0.55423313 0.28823796 -0.05294963
0.016 -0.05849446 0.5457263 0.2755561 -0.05438237 -0.06167867 0.568553 0.29729673 -0.052435227
0.0165 -0.05820824 0.5604446 0.284818 -0.05399446 -0.061269507 0.582565 0.30622768 -0.05191362
0.017 -0.05791843 0.5748338 0.2939734 -0.05360544 -0.060853474 0.59627223 0.31503075 -0.051385626
0.0175 -0.05762522 0.5889009 0.3030215 -0.05321548 -0.060431093 0.6096777 0.32370588 -0.050852
0.018 -0.05732877 0.6026529 0.3119612 -0.05282477 -0.06000296 0.622785 0.3322533 -0.050313503
0.0185 -0.05702923 0.6160967 0.3207633 -0.05243349 -0.05956962 0.6355977 0.34067324 -0.049770787
0.019 -0.05672835 0.6292165 0.3287357 -0.05204831 -0.05913157 0.6481201 0.34896606 -0.04922445
0.0195 -0.05642844 0.6420027 0.3365716 -0.05166613 -0.058689244 0.6603567 0.35713217 -0.048675165
0.02 -0.05612694 0.6544813 0.344616 -0.05128223 -0.058243163 0.67231184 0.36517227 -0.04812345
0.0205 -0.0558219 0.6666776 0.3528377 -0.05089642 -0.057793774 0.68399036 0.37308693 -0.047569796
0.021 -0.05551282 0.6786094 0.3611373 -0.05050918 -0.0573415 0.6953972 0.38087696 -0.047014683
0.0215 -0.0552 0.6902881 0.3694298 -0.05012101 -0.056886822 0.7065372 0.38854298 -0.04645866
0.022 -0.05488397 0.7017206 0.3776582 -0.04973238 -0.056430064 0.7174157 0.39608616 -0.045902178
0.0225 -0.05456525 0.712912 0.3857884 -0.04934364 -0.055971615 0.72803795 0.4035073 -0.0453455
0.023 -0.05424439 0.7238657 0.393802 -0.04895512 -0.05551187 0.738409 0.41080755 -0.04478906
0.0235 -0.05392174 0.7345851 0.4016905 -0.04856709 -0.0550512 0.74853426 0.41798803 -0.044233292
0.024 -0.05359749 0.7450736 0.4094508 -0.04817977 -0.054589927 0.7584191 0.4250498 -0.043678537
0.0245 -0.05327176 0.7553345 0.4170836 -0.04779335 -0.054128356 0.7680687 0.4319941 -0.043125063
0.025 -0.0529447 0.7653717 0.4245907 -0.04740799 -0.053666808 0.7774887 0.4388222 -0.04257323
0.0255 -0.05261623 0.7751889 0.4319747 -0.04702497 -0.053205602 0.78668404 0.44553545 -0.042023256
0.026 -0.05228559 0.7847894 0.4392369 -0.04664608 -0.052744992 0.7956601 0.45213518 -0.04147549
0.0265 -0.0519535 0.7941775 0.4463814 -0.04626738 -0.05228521 0.80442214 0.45862266 -0.040930137
0.027 -0.05162085 0.8033582 0.4534118 -0.04588916 -0.051826507 0.81297517 0.46499938 -0.04038742
0.0275 -0.05128801 0.8123364 0.4603308 -0.04551194 -0.051369213 0.82132447 0.47126678 -0.039847597
0.028 -0.05095502 0.8211166 0.4671406 -0.04513604 -0.05091346 0.8294749 0.47742635 -0.039310902
0.0285 -0.05062183 0.8297034 0.473843 -0.04476176 -0.050459452 0.8374315 0.48347947 -0.03877744
0.029 -0.05028896 0.8381005 0.4804384 -0.04439517 -0.050007448 0.845199 0.48942748 -0.03824751
0.0295 -0.04995669 0.8463115 0.4869279 -0.04403174 -0.04955758 0.85278225 0.495272 -0.037721157
0.03 -0.04962408 0.8543414 0.493315 -0.04366834 -0.049110107 0.8601857 0.50101465 -0.037198737
0.0305 -0.04929085 0.8621949 0.499602 -0.04330511 -0.04866506 0.8674141 0.50665694 -0.036680132
0.031 -0.048957 0.8698764 0.5057901 -0.04294316 -0.0482227 0.8744722 0.5122004 -0.036165655
0.0315 -0.04862209 0.8773894 0.5118786 -0.042587 -0.047783084 0.8813641 0.51764643 -0.03565541
0.032 -0.04828655 0.8847373 0.5178693 -0.04223133 -0.0473464 0.88809425 0.52299654 -0.03514938
0.0325 -0.04795113 0.8919246 0.5237649 -0.04187567 -0.046912745 0.8946666 0.52825236 -0.034647867
0.033 -0.04761627 0.8989551 0.5295668 -0.04152075 -0.046482265 0.9010853 0.53341526 -0.034150854
0.0335 -0.0472821 0.9058328 0.5352761 -0.04116708 -0.04605508 0.9073543 0.5384871 -0.03365846
0.034 -0.04694859 0.9125613 0.5408938 -0.04081499 -0.045631193 0.9134777 0.543469 -0.03317073
0.0345 -0.0466157 0.919144 0.5464209 -0.04046469 -0.045210764 0.9194593 0.5483626 -0.032687724
0.035 -0.04628343 0.9255844 0.5518583 -0.04011638 -0.04479389 0.92530257 0.5531695 -0.03220962
0.0355 -0.04595179 0.9318857 0.5572072 -0.03977017 -0.044380546 0.9310111 0.5578911 -0.031736284
0.036 -0.04562081 0.9380509 0.5624687 -0.03942618 -0.043970853 0.9365886 0.56252897 -0.031267926
0.0365 -0.04529055 0.9440833 0.5676439 -0.03908448 -0.043564983 0.9420385 0.56708425 -0.030804574
0.037 -0.04496106 0.9499858 0.5727338 -0.03874515 -0.043162793 0.94736385 0.5715589 -0.030346125
0.0375 -0.04463241 0.9557614 0.5777397 -0.03840823 -0.042764492 0.9525681 0.5759539 -0.029892847
0.038 -0.04430464 0.9614128 0.5826627 -0.03807377 -0.042370044 0.9576543 0.5802707 -0.029444546
0.0385 -0.0439778 0.966943 0.5875038 -0.03774174 -0.041979514 0.96262556 0.5845109 -0.029001355
0.039 -0.04365183 0.9723546 0.5922642 -0.03741208 -0.04159286 0.967485 0.588676 -0.028563246
0.0395 -0.04332682 0.9776503 0.5969451 -0.03708486 -0.04121027 0.97223526 0.592767 -0.028130278
0.04 -0.04300291 0.9828328 0.6015475 -0.03676015 -0.040831573 0.97687906 0.5967855 -0.027702346
0.0405 -0.04268018 0.9879046 0.6060725 -0.03643797 -0.040456973 0.9814196 0.60073286 -0.027279615
0.041 -0.04235863 0.9928682 0.6105212 -0.03611821 -0.040086366 0.9858592 0.60461015 -0.026861995
0.0415 -0.04204107 0.9977097 0.6140929 -0.03580016 -0.039719768 0.99020046 0.60841876 -0.026449412
0.042 -0.0417336 1.00239 0.617106 -0.03548333 -0.039357223 0.994446 0.61216015 -0.026042
0.0425 -0.04142892 1.006931 0.620504 -0.03516908 -0.038998745 0.99859804 0.61583537 -0.025639638
0.043 -0.04112243 1.011366 0.6243204 -0.03485793 -0.03864429 1.0026591 0.6194458 -0.025242344
0.0435 -0.04081332 1.015717 0.6283992 -0.03454994 -0.038293906 1.0066315 0.6229926 -0.024850115
0.044 -0.04050239 1.019996 0.6325932 -0.03424501 -0.037947528 1.0105174 0.62647676 -0.024462938
0.0445 -0.04019075 1.024206 0.6368015 -0.03394303 -0.037605204 1.014319 0.6298998 -0.024080738
0.045 -0.03987933 1.028349 0.6409639 -0.03364558 -0.037266888 1.0180385 0.63326275 -0.023703545
0.0455 -0.03956913 1.03242 0.6450456 -0.03335919 -0.03693261 1.0216779 0.6365667 -0.023331225
0.046 -0.03926087 1.036419 0.6490337 -0.03307457 -0.036602266 1.025239 0.6398126 -0.022963881
0.0465 -0.03895447 1.040345 0.652926 -0.03278987 -0.036276005 1.028724 0.643002 -0.02260147
0.047 -0.03864992 1.044197 0.6567241 -0.03250561 -0.035953723 1.0321345 0.6461356 -0.022243932
0.0475 -0.03834723 1.047973 0.6604313 -0.03222233 -0.03563533 1.0354726 0.6492147 -0.021891147
0.048 -0.03804639 1.051675 0.6640522 -0.03194046 -0.035320885 1.03874 0.65224 -0.021543264
0.0485 -0.0377474 1.055301 0.6675912 -0.03166027 -0.0350103 1.0419384 0.655213 -0.021200046
0.049 -0.03745024 1.058853 0.6710527 -0.031382 -0.03470365 1.0450696 0.6581342 -0.020861536
0.0495 -0.03715493 1.062331 0.674441 -0.03110579 -0.034400843 1.0481349 0.66100496 -0.02052772
0.05 -0.03686148 1.065737 0.6777594 -0.03083176 -0.056169055 1.0458472 0.6451497 -0.040428758
0.0505 -0.03657971 1.058692 0.6808224 -0.03068375 -0.047375925 1.0498809 0.6601225 -0.028010935
0.051 -0.03632468 1.046476 0.6834328 -0.03059942 -0.047630467 1.0395644 0.66717064 -0.030475631
0.0515 -0.036077 1.032021 0.6857409 -0.03051154 -0.047143377 1.0246896 0.66934 -0.03120464
0.052 -0.03583261 1.016382 0.6878381 -0.03043068 -0.04659102 1.0094709 0.67128605 -0.03171052
0.0525 -0.03559181 1.000075 0.6897762 -0.03036085 -0.04591649 0.99409133 0.67315316 -0.032116607
0.053 -0.03535535 0.9833818 0.6915849 -0.03030299 -0.04518818 0.97863907 0.6749239 -0.032458797
0.0535 -0.03512376 0.9664811 0.6932823 -0.03025693 -0.044428907 0.96317714 0.67662114 -0.03275208
0.054 -0.03489732 0.949498 0.6948806 -0.03022208 -0.043655224 0.9477344 0.67825574 -0.033011228
0.0545 -0.03467617 0.9325269 0.6963886 -0.03019771 -0.04287807 0.9323303 0.6798309 -0.033245698
0.055 -0.03446033 0.9156416 0.6978134 -0.03018309 -0.04210449 0.91698194 0.6813485 -0.033461764
0.0555 -0.0342498 0.898901 0.6991611 -0.03017752 -0.04133915 0.9017071 0.68281066 -0.033663556
0.056 -0.03404454 0.8823523 0.7004368 -0.03018033 -0.040585257 0.88652384 0.68421936 -0.03385386
0.0565 -0.03384451 0.8660331 0.701645 -0.0301909 -0.039845042 0.8714507 0.6855765 -0.03403464
0.057 -0.03364964 0.849973 0.7027898 -0.03020864 -0.039120175 0.8565051 0.68688405 -0.03420721
0.0575 -0.03345989 0.8341952 0.7038749 -0.030233 -0.038411863 0.84170437 0.688144 -0.034372702
0.058 -0.03327519 0.8187175 0.7049036 -0.0302635 -0.037720986 0.8270646 0.68935794 -0.034532025
0.0585 -0.03309547 0.8035528 0.7058789 -0.03029966 -0.03704817 0.8126007 0.6905279 -0.034685716
0.059 -0.03292068 0.7887107 0.7068036 -0.03034105 -0.036393903 0.79832685 0.6916556 -0.034834474
0.0595 -0.03275074 0.7741972 0.7076801 -0.03038726 -0.035758533 0.7842555 0.6927423 -0.034978822
0.06 -0.0325856 0.7600159 0.7085109 -0.03043791 -0.03514234 0.7703983 0.69378966 -0.03511922
0.0605 -0.03242518 0.7461683 0.7092981 -0.03049265 -0.034545355 0.756765 0.69479924 -0.035256132
0.061 -0.03226942 0.7326538 0.7100437 -0.03055116 -0.033967696 0.74336463 0.6957721 -0.035390005
0.0615 -0.03211825 0.7194708 0.7107495 -0.03061313 -0.033409186 0.73020464 0.69670975 -0.03552106
0.062 -0.0319716 0.7066161 0.7114174 -0.03067828 -0.032869898 0.7172914 0.6976131 -0.035649672
0.0625 -0.03182939 0.6940858 0.712049 -0.03074634 -0.03234949 0.70462984 0.6984835 -0.03577611
0.063 -0.03169157 0.6818751 0.7126459 -0.03081706 -0.031847887 0.6922242 0.6993219 -0.035900593
0.0635 -0.03155805 0.6699787 0.7132094 -0.03089022 -0.03136476 0.6800775 0.70012945 -0.036023274
0.064 -0.03142877 0.6583909 0.713741 -0.0309656 -0.030899845 0.66819185 0.70090705 -0.0361443
0.0645 -0.03130365 0.6471053 0.7142421 -0.03104299 -0.030452736 0.65656835 0.7016558 -0.036263764
0.065 -0.03118263 0.6361157 0.7147137 -0.03112221 -0.03002309 0.6452075 0.7023763 -0.036381707
0.0655 -0.03106563 0.6254154 0.7151573 -0.03120309 -0.029610611 0.63410884 0.7030695 -0.03649816
0.066 -0.03095258 0.6149976 0.7155738 -0.03128545 -0.029214777 0.6232713 0.7037365 -0.036613032
0.0665 -0.03084342 0.6048557 0.7159644 -0.03136915 -0.02883523 0.61269337 0.7043778 -0.036726385
0.067 -0.03073806 0.5949828 0.7163301 -0.03145405 -0.028471418 0.60237294 0.7049943 -0.03683807
0.0675 -0.03063644 0.5853722 0.7166719 -0.03154 -0.028123073 0.5923072 0.7055868 -0.03694816
0.068 -0.03053849 0.576017 0.7169907 -0.03162689 -0.02778954 0.5824933 0.70615596 -0.03705637
0.0685 -0.03044413 0.5669108 0.7172875 -0.0317146 -0.027470507 0.5729277 0.7067026 -0.03716272
0.069 -0.0303533 0.5580467 0.7175631 -0.03180301 -0.02716548 0.5636067 0.70722735 -0.037266955
0.0695 -0.03026593 0.5494186 0.7178184 -0.03189203 -0.026873924 0.55452615 0.7077309 -0.037369087
0.07 -0.03018195 0.5410199 0.7180541 -0.03198157 -0.026595496 0.545682 0.7082139 -0.03746897
0.0705 -0.03010128 0.5328444 0.7182712 -0.03207152 -0.026329674 0.53706974 0.7086771 -0.037566453
0.071 -0.03002387 0.5248861 0.7184702 -0.03216182 -0.026075982 0.528685 0.70912087 -0.03766142
0.0715 -0.02994964 0.5171391 0.718652 -0.03225237 -0.025834091 0.52052295 0.70954615 -0.03775376
0.072 -0.02987853 0.5095975 0.7188172 -0.03234312 -0.025603436 0.5125787 0.7099533 -0.037843376
0.0725 -0.02981047 0.5022556 0.7189665 -0.03243398 -0.025383674 0.50484776 0.71034306 -0.037930116
0.073 -0.02974539 0.495108 0.7191005 -0.0325249 -0.025174357 0.49732512 0.71071625 -0.038013905
0.0735 -0.02968322 0.4881492 0.7192199 -0.03261582 -0.024975128 0.49000585 0.711073 -0.038094744
0.074 -0.02962392 0.4813741 0.7193253 -0.03270668 -0.024785511 0.48288512 0.71141416 -0.03817247
0.0745 -0.0295674 0.4747775 0.7194172 -0.03279743 -0.024605207 0.47595823 0.71174026 -0.038246915
0.075 -0.02951361 0.4683546 0.7194962 -0.03288803 -0.02443374 0.4692201 0.7120518 -0.03831829
0.0755 -0.02946249 0.4621004 0.7195628 -0.03297843 -0.02427087 0.46266598 0.71234924 -0.038386345
0.076 -0.02941397 0.4560103 0.7196176 -0.03306858 -0.02411618 0.45629132 0.71263325 -0.03845115
0.0765 -0.02936799 0.4500798 0.719661 -0.03315845 -0.0239693 0.45009136 0.71290433 -0.038512617
0.077 -0.02932449 0.4443044 0.7196936 -0.03324801 -0.023829944 0.44406152 0.71316296 -0.038570747
0.0775 -0.02928342 0.4386799 0.7197158 -0.03333721 -0.023697816 0.43819726 0.71340966 -0.038625613
0.078 -0.02924471 0.4332021 0.719728 -0.03342604 -0.023572557 0.4324941 0.713645 -0.0386772
0.0785 -0.02920831 0.4278669 0.7197308 -0.03351445 -0.023453914 0.4269479 0.71386933 -0.038725466
0.079 -0.02917416 0.4226705 0.7197244 -0.03360243 -0.023341559 0.42155415 0.71408314 -0.038770437
0.0795 -0.02914221 0.4176089 0.7197093 -0.03368994 -0.023235314 0.41630876 0.71428686 -0.03881231
0.08 -0.02911239 0.4126785 0.719686 -0.03377698 -0.02313479 0.41120774 0.71448106 -0.03885095
0.0805 -0.02908466 0.4078757 0.7196547 -0.03386351 -0.023039825 0.40624702 0.71466595 -0.038886502
0.081 -0.02905897 0.403197 0.7196158 -0.03394951 -0.022950135 0.40142274 0.7148422 -0.038919
0.0815 -0.02903525 0.398639 0.7195698 -0.03403498 -0.022865541 0.39673114 0.71501017 -0.038948536
0.082 -0.02901346 0.3941983 0.7195169 -0.03411989 -0.022785775 0.39216846 0.71517026 -0.038975164
0.0825 -0.02899355 0.3898719 0.7194574 -0.03420422 -0.022710629 0.38773108 0.7153226 -0.038999006
0.083 -0.02897547 0.3856566 0.7193917 -0.03428797 -0.022639923 0.38341564 0.715468 -0.03902003
0.0835 -0.02895916 0.3815494 0.71932 -0.03437113 -0.022573434 0.3792187 0.7156065 -0.039038464
0.084 -0.02894459 0.3775472 0.7192428 -0.03445367 -0.022510998 0.37513685 0.7157387 -0.039054275
0.0845 -0.02893169 0.3736474 0.7191601 -0.0345356 -0.022452451 0.37116694 0.71586466 -0.039067715
0.085 -0.02892044 0.3698471 0.7190724 -0.0346169 -0.02239757 0.36730576 0.71598494 -0.039078712
0.0855 -0.02891077 0.3661437 0.7189799 -0.03469756 -0.02234625 0.3635503 0.7160997 -0.039087504
0.086 -0.02890265 0.3625344 0.7188828 -0.03477758 -0.022298343 0.3598976 0.71620935 -0.039094105
0.0865 -0.02889603 0.3590169 0.7187813 -0.03485696 -0.022253625 0.35634482 0.71631426 -0.039098606
0.087 -0.02889087 0.3555886 0.7186758 -0.03493568 -0.022211961 0.35288912 0.71641445 -0.03910114
0.0875 -0.02888713 0.3522471 0.7185664 -0.03501374 -0.022173367 0.34952784 0.71651053 -0.039101854
0.088 -0.02888475 0.3489901 0.7184534 -0.03509114 -0.02213753 0.34625828 0.71660256 -0.03910078
0.0885 -0.02888372 0.3458154 0.7183369 -0.03516787 -0.022104464 0.34307778 0.71669084 -0.03909807
0.089 -0.02888397 0.3427207 0.7182172 -0.03524394 -0.022073947 0.33998406 0.7167756 -0.039093807
0.0895 -0.02888548 0.3397039 0.7180944 -0.03531933 -0.022045963 0.33697462 0.716857 -0.03908807
0.09 -0.02888821 0.336763 0.7179688 -0.03539405 -0.022020288 0.33404708 0.7169355 -0.039080903
0.0905 -0.02889211 0.3338959 0.7178405 -0.0354681 -0.021996923 0.33119917 0.7170112 -0.03907256
0.091 -0.02889715 0.3311007 0.7177098 -0.03554147 -0.021975733 0.32842875 0.71708417 -0.039063036
0.0915 -0.0289033 0.3283755 0.7175766 -0.03561418 -0.021956675 0.3257336 0.71715486 -0.039052397
0.092 -0.02891052 0.3257183 0.7174414 -0.0356862 -0.021939524 0.3231117 0.7172232 -0.039040804
0.0925 -0.02891878 0.3231275 0.7173041 -0.03575756 -0.021924295 0.32056093 0.7172894 -0.039028257
0.093 -0.02892803 0.3206013 0.7171649 -0.03582824 -0.021910973 0.31807935 0.7173538 -0.039014995
0.0935 -0.02893826 0.3181379 0.717024 -0.03589825 -0.02189938 0.31566507 0.71741647 -0.039000943
0.094 -0.02894941 0.3157357 0.7168816 -0.03596759 -0.021889485 0.31331635 0.71747756 -0.03898628
0.0945 -0.02896148 0.3133932 0.7167376 -0.03603627 -0.02188117 0.31103116 0.71753716 -0.038970992
0.095 -0.02897441 0.3111087 0.7165924 -0.03610428 -0.02187439 0.3088079 0.7175953 -0.03895524
0.0955 -0.02898819 0.3088807 0.7164459 -0.03617163 -0.021869116 0.30664486 0.7176525 -0.03893903
0.096 -0.02900278 0.3067077 0.7162984 -0.03623832 -0.0218653 0.3045404 0.7177085 -0.03892255
0.0965 -0.02901815 0.3045884 0.7161499 -0.03630436 -0.021862723 0.30249292 0.7177637 -0.038905688
0.097 -0.02903428 0.3025213 0.7160005 -0.03636974 -0.02186156 0.3005008 0.71781784 -0.038888693
0.0975 -0.02905114 0.300505 0.7158503 -0.03643447 -0.02186156 0.2985626 0.71787137 -0.038871422
0.098 -0.02906869 0.2985383 0.7156995 -0.03649855 -0.021862812 0.2966768 0.71792436 -0.03885413
0.0985 -0.02908692 0.2966198 0.7155481 -0.036562 -0.021865182 0.294842 0.71797657 -0.038836733
0.099 -0.0291058 0.2947483 0.7153963 -0.0366248 -0.021868624 0.2930568 0.71802837 -0.038819365
0.0995 -0.0291253 0.2929226 0.7152441 -0.03668697 -0.021873154 0.2913199 0.7180799 -0.03880199
0.1 -0.0291454 0.2911415 0.7150915 -0.03674851 -0.007340759 0.27062637 0.7440248 -0.0022224933
0.1005 -0.01814186 0.2894513 0.7165223 -0.02099915 -0.00604748 0.2663815 0.7264791 -0.004390195
0.101 -0.003209059 0.2880119 0.7194292 -0.005014069 0.002769187 0.26634455 0.7253665 0.006800778
0.1015 0.007416058 0.2867784 0.7215439 0.007054545 0.0108217 0.2678901 0.72714055 0.016659185
0.102 0.0146963 0.2856789 0.7229258 0.01745891 0.01803466 0.2694561 0.72904855 0.025857538
0.1025 0.0201734 0.2846726 0.7239335 0.02710217 0.024590261 0.27087247 0.7308806 0.034560956
0.103 0.02474878 0.2837388 0.7247607 0.03625291 0.03067869 0.27211267 0.73259956 0.042903423
0.1035 0.02889582 0.2828664 0.7255256 0.0450159 0.03642948 0.2731824 0.73420256 0.050957367
0.104 0.03284715 0.28205 0.7262831 0.05344764 0.041925788 0.2740968 0.7356979 0.058763817
0.1045 0.03671287 0.281287 0.7270515 0.06157829 0.04721933 0.27487326 0.7370968 0.066346586
0.105 0.04052074 0.280574 0.7278285 0.06939238 0.05234225 0.27552855 0.7384105 0.07371982
0.1055 0.04428543 0.2799075 0.7286085 0.07691048 0.05731474 0.27607816 0.7396495 0.08089234
0.106 0.04802388 0.2791492 0.7293948 0.08417748 0.06214986 0.276536 0.74082303 0.08787012
0.1065 0.05174238 0.2776523 0.7301688 0.09121 0.06685653 0.2769143 0.741939 0.094657674
0.107 0.05543993 0.2759971 0.7309258 0.09802157 0.07144123 0.27722418 0.74300456 0.10125883
0.1075 0.05911359 0.274511 0.7316797 0.1046216 0.075909115 0.27747536 0.74402577 0.10767722
0.108 0.06276012 0.2733126 0.7324407 0.1110172 0.08026445 0.27767646 0.74500793 0.113916546
0.1085 0.06637686 0.2724172 0.7332137 0.1172156 0.084511064 0.2778352 0.7459559 0.119980544
0.109 0.06996197 0.2717937 0.7339996 0.1232235 0.088652454 0.27795815 0.7468734 0.12587309
0.1095 0.07351416 0.2713951 0.7347975 0.1290396 0.09269192 0.27805138 0.74776417 0.13159832
0.11 0.07703254 0.2711725 0.7356054 0.1346779 0.09663261 0.2781198 0.7486313 0.1371604
0.1105 0.08051667 0.271082 0.7364212 0.1401495 0.10047761 0.27816808 0.7494772 0.14256363
0.111 0.08396635 0.2710873 0.7372427 0.1454612 0.10422992 0.27820003 0.7503043 0.1478124
0.1115 0.08738162 0.2711594 0.7380683 0.150619 0.10789237 0.27821904 0.7511142 0.15291119
0.112 0.09076252 0.2712763 0.7388965 0.1556286 0.11146774 0.27822793 0.7519089 0.15786435
0.1125 0.09410875 0.2714212 0.7397258 0.1604954 0.11495871 0.27822924 0.75268954 0.16267635
0.113 0.0974202 0.2715827 0.7405554 0.165225 0.11836798 0.278225 0.7534572 0.16735156
0.1135 0.100697 0.2717528 0.7413846 0.1698228 0.12169797 0.27821708 0.75421315 0.17189436
0.114 0.1039391 0.2719265 0.7422126 0.1741953 0.124951236 0.278207 0.7549579 0.17630902
0.1145 0.1071463 0.2721007 0.7430392 0.1783268 0.12812999 0.27819592 0.7556921 0.18059961
0.115 0.1103184 0.2722739 0.7438637 0.1823933 0.13123667 0.278185 0.7564164 0.18477044
0.1155 0.1134557 0.2724454 0.744686 0.1864036 0.13427335 0.27817494 0.7571309 0.18882532
0.116 0.1165582 0.2726154 0.745506 0.1903487 0.13724226 0.27816665 0.7578365 0.19276826
0.1165 0.1196259 0.2727844 0.7463233 0.1942214 0.14014539 0.27816057 0.7585332 0.19660304
0.117 0.122659 0.2729532 0.7471378 0.197992 0.14298469 0.27815711 0.75922084 0.20033331
0.1175 0.1256436 0.2731227 0.7479485 0.2014586 0.14576203 0.2781567 0.75989985 0.20396255
0.118 0.1285786 0.2732936 0.748754 0.2048649 0.14847931 0.27815956 0.7605706 0.2074943
0.1185 0.1314814 0.2734667 0.7495561 0.2082579 0.15113819 0.27816582 0.7612326 0.2109318
0.119 0.1343581 0.273643 0.7503555 0.2116112 0.1537405 0.2781757 0.7618864 0.21427839
0.1195 0.1372078 0.2738229 0.7511523 0.214922 0.15628773 0.27818918 0.7625318 0.21753703
0.12 0.1400286 0.2740073 0.7519463 0.2181611 0.15878153 0.2782063 0.76316863 0.22071071
0.1205 0.1428184 0.2741957 0.752737 0.2211111 0.1612235 0.27822715 0.76379734 0.22380252
0.121 0.1455757 0.2743889 0.7535242 0.2240274 0.16361496 0.27825147 0.76441747 0.22681491
0.1215 0.1482991 0.2745882 0.7543075 0.2269485 0.16595727 0.2782793 0.76502913 0.22975074
0.122 0.1509887 0.2747945 0.755087 0.2298671 0.16825187 0.2783106 0.76563245 0.2326125
0.1225 0.1536449 0.2750082 0.7558625 0.2327693 0.17050013 0.27834523 0.7662273 0.23540266
0.123 0.1562635 0.2752295 0.756634 0.2356414 0.17270318 0.27838302 0.76681364 0.23812367
0.1235 0.1588446 0.2754585 0.7574012 0.2384738 0.1748623 0.27842385 0.7673915 0.24077769
0.124 0.1613877 0.275695 0.758164 0.2412606 0.17697868 0.2784677 0.76796085 0.243367
0.1245 0.1638838 0.2759361 0.7586723 0.2439763 0.17905343 0.27851433 0.76852167 0.24589367
0.125 0.1662998 0.2761286 0.7578526 0.2465858 0.18108761 0.27856356 0.7690739 0.24835972
0.1255 0.1686707 0.2762637 0.7572735 0.2491335 0.18308231 0.27861536 0.76961774 0.2507671
0.126 0.171025 0.276378 0.7573367 0.2516159 0.1850385 0.27866954 0.770153 0.25311774
0.1265 0.173369 0.2765042 0.7579048 0.2540511 0.18695724 0.27872598 0.7706797 0.25541335
0.127 0.1756831 0.2766583 0.7587735 0.2564194 0.1888394 0.27878445 0.77119786 0.25765568
0.1275 0.1779636 0.2768472 0.7597865 0.2587344 0.19068602 0.27884495 0.7717077 0.25984645
0.128 0.1802276 0.2770715 0.7608507 0.2610193 0.19249785 0.27890724 0.7722091 0.2619872
0.1285 0.1824804 0.2773281 0.7619134 0.2632778 0.1942758 0.27897125 0.77270204 0.26407945
0.129 0.1847191 0.2776123 0.7629471 0.265507 0.1960207 0.27903688 0.7731866 0.26612473
0.1295 0.1869385 0.2779192 0.7639399 0.2677035 0.1977334 0.279104 0.7736629 0.26812446
0.13 0.1891341 0.2782439 0.7648887 0.2698647 0.19941467 0.27917242 0.77413106 0.27008003
0.1305 0.1913029 0.2785827 0.7657955 0.2719887 0.20106521 0.27924216 0.77459097 0.27199274
0.131 0.1934429 0.278932 0.766664 0.2740742 0.2026858 0.27931303 0.77504283 0.27386385
0.1315 0.1955522 0.2792894 0.7674968 0.2761203 0.20427716 0.27938497 0.7754865 0.27569455
0.132 0.1976008 0.2796502 0.7682493 0.2781189 0.20583996 0.27945787 0.77592236 0.27748615
0.1325 0.1995781 0.2800096 0.7689163 0.2800513 0.20737481 0.27953166 0.7763503 0.27923965
0.133 0.2015151 0.2803616 0.7695603 0.2819035 0.20888251 0.27960628 0.7767704 0.2809562
0.1335 0.2034395 0.2807067 0.7702247 0.2836975 0.21036348 0.2796815 0.77718276 0.28263676
0.134 0.2053589 0.281052 0.7709124 0.2854671 0.21181852 0.27975744 0.77758753 0.28428257
0.1345 0.2072718 0.2814014 0.7716149 0.2872206 0.2132481 0.27983397 0.7779847 0.2858944
0.135 0.2091717 0.2817565 0.7723228 0.2889559 0.2146528 0.27991092 0.7783746 0.2874732
0.1355 0.2110507 0.2821175 0.7730283 0.2906655 0.21603334 0.2799884 0.7787571 0.28902006
0.136 0.2128818 0.2824837 0.7737205 0.2923127 0.21739006 0.2800662 0.77913225 0.2905357
0.1365 0.2146729 0.2828537 0.7743985 0.2939215 0.21872357 0.2801444 0.7795004 0.29202104
0.137 0.2164447 0.2832268 0.7750676 0.2955127 0.22003442 0.28022283 0.77986145 0.29347688
0.1375 0.2180956 0.2836023 0.7757304 0.2970897 0.22132301 0.28030145 0.7802156 0.294904
0.138 0.2195477 0.2839799 0.7763861 0.2986498 0.22258991 0.28038037 0.78056294 0.2963032
0.1385 0.2210539 0.284359 0.7770345 0.3001899 0.22383559 0.2804594 0.78090346 0.29767525
0.139 0.222654 0.2847393 0.7776762 0.3017084 0.22506046 0.28053862 0.78123754 0.29902083
0.1395 0.2243201 0.2851206 0.7783114 0.3032046 0.22626504 0.2806179 0.781565 0.30034053
0.14 0.2260166 0.2855025 0.7789404 0.3046774 0.22744966 0.2806971 0.7818862 0.30163515
0.1405 0.2277159 0.2858849 0.7795631 0.3061255 0.2286148 0.28077644 0.782201 0.30290538
0.141 0.2294003 0.2862677 0.7801795 0.3075483 0.22976092 0.28085572 0.7825096 0.3041517
0.1415 0.23106 0.2866507 0.7807896 0.3089466 0.2308883 0.280935 0.7828123 0.30537468
0.142 0.2326906 0.2870337 0.7813936 0.3103207 0.23199743 0.2810142 0.7831089 0.30657512
0.1425 0.2342902 0.2874167 0.7819915 0.3116711 0.23308867 0.2810933 0.78339976 0.30775344
0.143 0.235859 0.2877993 0.7825835 0.3129978 0.23416236 0.28117228 0.78368497 0.30891025
0.1435 0.2373976 0.2881814 0.7831696 0.3143011 0.23521882 0.28125113 0.78396434 0.31004602
0.144 0.2389071 0.2885628 0.78375 0.3155814 0.23625854 0.28132987 0.7842382 0.31116128
0.1445 0.240389 0.2889435 0.7843246 0.316839 0.23728174 0.2814085 0.78450686 0.31225652
0.145 0.2418444 0.2893235 0.7848936 0.3180745 0.23828885 0.28148693 0.78476995 0.31333232
0.1455 0.2432735 0.2896991 0.7851983 0.3192863 0.2392801 0.28156513 0.7850279 0.314389
0.146 0.2446349 0.2900131 0.784127 0.3204232 0.24025583 0.28164327 0.78528094 0.31542718
0.1465 0.2459067 0.2902527 0.7832913 0.3214707 0.24121642 0.28172112 0.78552884 0.31644714
0.147 0.2471468 0.2904612 0.7831148 0.3224929 0.24216208 0.28179878 0.7857719 0.3174494
0.1475 0.248395 0.2906741 0.783464 0.3235186 0.24309322 0.28187627 0.78601015 0.31843442
0.148 0.2496514 0.2909003 0.7834314 0.3245492 0.24401 0.28195357 0.78624386 0.31940252
0.1485 0.250871 0.2910839 0.7825275 0.3255602 0.24491277 0.28203052 0.78647274 0.32035404
0.149 0.2520548 0.2912353 0.7821723 0.3265195 0.24580172 0.2821073 0.78669715 0.32128942
0.1495 0.2532348 0.2913943 0.7824832 0.3274567 0.24667725 0.2821839 0.7869174 0.32220912
0.15 0.2544276 0.2915875 0.7832456 0.3284007 0.25672027 0.28633422 0.77393836 0.30245787
0.1505 0.2544884 0.2918029 0.7834084 0.3185543 0.26493728 0.29807132 0.78121775 0.29816467
0.151 0.252741 0.2919611 0.782811 0.3085559 0.2680227 0.3027612 0.78831196 0.2968459
0.1515 0.2511442 0.2920739 0.782578 0.3013138 0.26795742 0.30389118 0.790976 0.29366422
0.152 0.2500936 0.2921694 0.7826976 0.295271 0.26698613 0.30385458 0.79225487 0.29020512
0.1525 0.2494304 0.2922617 0.7829784 0.2897766 0.26571038 0.3034135 0.7930608 0.28674984
0.153 0.2489728 0.2923546 0.7832975 0.284622 0.26432797 0.3028263 0.79366755 0.28334856
0.1535 0.2486077 0.2924477 0.7835976 0.2797366 0.26291233 0.30218643 0.7941672 0.28001004
0.154 0.2482751 0.2925387 0.7838571 0.2750898 0.2614922 0.3015294 0.7945954 0.27673525
0.1545 0.2479458 0.2926255 0.7840714 0.2706629 0.26007906 0.30086893 0.7949672 0.27352357
0.155 0.2476063 0.2927061 0.7842426 0.2664414 0.25867787 0.30021095 0.79528993 0.27037472
0.1555 0.2472508 0.2927791 0.7843754 0.2624125 0.2572909 0.29955786 0.7955681 0.2672882
0.156 0.246877 0.2928436 0.7844752 0.2585648 0.25591943 0.29891104 0.7958044 0.26426405
0.1565 0.2464847 0.292899 0.7845468 0.2548877 0.25456414 0.298271 0.79600126 0.26130193
0.157 0.2460745 0.2929452 0.7845946 0.2513714 0.25322548 0.29763842 0.79616076 0.2584015
0.1575 0.2456472 0.292982 0.7846224 0.2480062 0.2519041 0.29701358 0.7962852 0.25556266
0.158 0.2452036 0.2930098 0.7846331 0.2447686 0.25060025 0.29639703 0.7963763 0.2527849
0.1585 0.2447441 0.2930286 0.7846291 0.2416574 0.24931434 0.29578912 0.796436 0.25006777
0.159 0.2442701 0.2930389 0.7846126 0.2386748 0.24804658 0.29519022 0.79646605 0.24741067
0.1595 0.2437834 0.2930411 0.7845853 0.235816 0.24679723 0.29460073 0.79646844 0.24481307
0.16 0.2432853 0.2930356 0.7845486 0.233075 0.24556655 0.294021 0.7964448 0.24227424
0.1605 0.2427769 0.2930229 0.7845037 0.2304454 0.24435455 0.29345137 0.79639673 0.23979335
0.161 0.2422591 0.2930034 0.7844515 0.2279214 0.24316147 0.29289228 0.7963261 0.23736976
0.1615 0.2417328 0.2929776 0.7843927 0.2254973 0.24198735 0.2923439 0.79623425 0.23500256
0.162 0.2411987 0.2929459 0.7843281 0.2231679 0.24083221 0.2918067 0.7961229 0.23269092
0.1625 0.2406576 0.2929087 0.7842581 0.2209281 0.23969615 0.29128075 0.79599345 0.23043393
0.163 0.2401101 0.2928663 0.7841832 0.2187734 0.2385791 0.29076642 0.7958471 0.22823058
0.1635 0.239557 0.292819 0.7841038 0.2166994 0.23748097 0.29026377 0.79568535 0.22607996
0.164 0.2389989 0.2927672 0.7840203 0.2147019 0.23640177 0.28977323 0.7955095 0.22398113
0.1645 0.2384364 0.2927112 0.7839329 0.2127771 0.23534149 0.28929478 0.7953206 0.22193317
0.165 0.23787 0.2926512 0.7838419 0.2109212 0.23429984 0.28882843 0.7951199 0.2199349
0.1655 0.2373002 0.292586 0.7837476 0.209131 0.23327684 0.28837454 0.79490834 0.2179855
0.166 0.2367276 0.2925138 0.78365 0.2074031 0.2322723 0.28793305 0.79468715 0.2160839
0.1665 0.2361527 0.2924371 0.7835493 0.2057345 0.23128602 0.28750396 0.79445714 0.21422906
0.167 0.2355757 0.2923574 0.7834459 0.2041224 0.23031792 0.28708732 0.7942193 0.21242
0.1675 0.234997 0.2922755 0.7833398 0.2025639 0.22936764 0.28668314 0.79397446 0.21065573
0.168 0.2344168 0.2921918 0.7832313 0.2010561 0.22843522 0.2862913 0.7937234 0.20893528
0.1685 0.2338356 0.2921064 0.7831205 0.1995971 0.22752029 0.28591192 0.793467 0.20725767
0.169 0.2332542 0.2920194 0.7830077 0.1981849 0.22662267 0.28554475 0.7932058 0.20562182
0.1695 0.2326729 0.2919307 0.7828929 0.1968174 0.22574207 0.28518975 0.79294056 0.2040268
0.17 0.2320924 0.2918404 0.7827764 0.1954928 0.22487837 0.2848469 0.792672 0.20247175
0.1705 0.2315127 0.2917485 0.7826582 0.1942092 0.22403127 0.28451598 0.7924005 0.20095553
0.171 0.2309343 0.2916551 0.7825385 0.1929648 0.22320053 0.28419685 0.79212666 0.19947743
0.1715 0.2303574 0.2915601 0.7824173 0.1917581 0.2223858 0.28388923 0.7918511 0.19803631
0.172 0.2297823 0.2914636 0.7822948 0.1905874 0.22158703 0.28359324 0.79157424 0.19663143
0.1725 0.2292091 0.2913657 0.7821711 0.1894513 0.2208038 0.2833085 0.79129654 0.19526182
0.173 0.2286381 0.2912664 0.7820462 0.1883484 0.22003594 0.2830348 0.7910183 0.19392665
0.1735 0.2280696 0.2911658 0.7819203 0.1872772 0.21928304 0.282772 0.79073995 0.192625
0.174 0.2275037 0.2910639 0.7817934 0.1862366 0.21854508 0.28251976 0.7904619 0.19135599
0.1745 0.2269406 0.2909608 0.7816657 0.1852254 0.2178216 0.28227806 0.7901843 0.19011892
0.175 0.2263806 0.2908567 0.7815371 0.1842424 0.21711239 0.28204656 0.78990775 0.18891285
0.1755 0.2258237 0.2907515 0.7814078 0.1832866 0.21641722 0.28182507 0.78963226 0.18773714
0.176 0.2252702 0.2906453 0.7812779 0.1823568 0.21573576 0.28161323 0.7893582 0.18659082
0.1765 0.2247202 0.2905382 0.7811474 0.1814522 0.2150678 0.281411 0.7890857 0.18547331
0.177 0.2241738 0.2904303 0.7810164 0.1805718 0.21441314 0.28121805 0.78881514 0.18438375
0.1775 0.2236312 0.2903216 0.780885 0.1797147 0.2137714 0.28103405 0.7885464 0.1833214
0.178 0.2230925 0.2902122 0.7807532 0.1788801 0.21314234 0.28085887 0.78828 0.18228562
0.1785 0.2225578 0.2901021 0.7806211 0.1780671 0.21252581 0.28069216 0.78801566 0.18127568
0.179 0.2220273 0.2899914 0.7804888 0.1772751 0.21192145 0.28053373 0.787754 0.18029085
0.1795 0.221501 0.2898802 0.7803562 0.1765032 0.21132904 0.28038323 0.78749484 0.17933048
0.18 0.220979 0.2897685 0.7802235 0.1757509 0.21074831 0.2802406 0.7872384 0.17839403
0.1805 0.2204614 0.2896564 0.7800908 0.1750173 0.21017912 0.28010547 0.78698474 0.17748077
0.181 0.2199482 0.2895438 0.779958 0.1743019 0.2096211 0.27997768 0.7867339 0.17659013
0.1815 0.2194397 0.289431 0.7798253 0.1736041 0.20907414 0.27985692 0.7864862 0.17572148
0.182 0.2189357 0.2893178 0.7796926 0.1729233 0.2085379 0.2797429 0.78624135 0.17487423
0.1825 0.2184365 0.2892044 0.77956 0.172259 0.20801222 0.27963555 0.7859996 0.17404783
0.183 0.2179419 0.2890908 0.7794276 0.1716105 0.20749691 0.27953452 0.78576094 0.17324175
0.1835 0.2174522 0.2889771 0.7792953 0.1709774 0.20699161 0.2794395 0.78552544 0.17245537
0.184 0.2169672 0.2888632 0.7791633 0.1703593 0.20649621 0.2793504 0.7852929 0.17168821
0.1845 0.2164871 0.2887493 0.7790316 0.1697556 0.2060104 0.27926683 0.78506374 0.17093968
0.185 0.2160119 0.2886353 0.7789001 0.1691659 0.20553407 0.27918875 0.78483766 0.17020938
0.1855 0.2155416 0.2885214 0.7787691 0.1685897 0.20506704 0.27911597 0.78461486 0.16949683
0.186 0.2150763 0.2884074 0.7786383 0.1680268 0.20460898 0.27904814 0.78439534 0.1688015
0.1865 0.2146159 0.2882935 0.778508 0.1674765 0.20415977 0.27898502 0.7841789 0.16812293
0.187 0.2141605 0.2881798 0.7783781 0.1669387 0.20371917 0.27892655 0.7839658 0.16746064
0.1875 0.21371 0.2880661 0.7782487 0.1664128 0.20328715 0.2788725 0.7837558 0.16681428
0.188 0.2132646 0.2879527 0.7781198 0.1658987 0.20286325 0.27882254 0.783549 0.16618334
0.1885 0.2128241 0.2878394 0.7779914 0.1653958 0.20244747 0.27877665 0.7833454 0.16556747
0.189 0.2123887 0.2877263 0.7778635 0.164904 0.2020396 0.2787345 0.7831448 0.16496618
0.1895 0.2119582 0.2876135 0.7777362 0.1644228 0.20163944 0.27869612 0.7829475 0.16437924
0.19 0.2115327 0.2875009 0.7776095 0.163952 0.20124686 0.2786612 0.78275317 0.16380607
0.1905 0.2111122 0.2873887 0.7774833 0.1634914 0.20086172 0.2786296 0.78256196 0.16324647
0.191 0.2106967 0.2872768 0.7773578 0.1630405 0.20048374 0.278601 0.7823737 0.16269994
0.1915 0.2102861 0.2871652 0.777233 0.1625992 0.20011282 0.27857542 0.7821885 0.16216616
0.192 0.2098805 0.287054 0.7771088 0.1621671 0.19974872 0.2785526 0.7820062 0.16164489
0.1925 0.2094797 0.2869431 0.7769853 0.1617441 0.19939151 0.27853256 0.78182673 0.16113569
0.193 0.2090839 0.2868327 0.7768625 0.1613299 0.1990408 0.27851498 0.7816503 0.16063824
0.1935 0.208693 0.2867227 0.7767404 0.1609243 0.19869661 0.27849978 0.7814766 0.16015227
0.194 0.2083069 0.2866132 0.776619 0.160527 0.19835863 0.27848685 0.78130585 0.15967752
0.1945 0.2079256 0.2865041 0.7764984 0.1601378 0.1980269 0.27847606 0.78113776 0.1592136
0.195 0.2075492 0.2863955 0.7763785 0.1597565 0.19770113 0.27846718 0.78097224 0.15876023
0.1955 0.2071775 0.2862874 0.7762593 0.1593829 0.19738129 0.27846014 0.7808096 0.1583172
0.196 0.2068106 0.2861798 0.776141 0.1590169 0.19706717 0.2784549 0.7806495 0.1578841
0.1965 0.2064484 0.2860727 0.7760234 0.1586581 0.19675875 0.27845126 0.78049195 0.15746091
0.197 0.2060909 0.2859662 0.7759066 0.1583065 0.19645584 0.27844906 0.7803371 0.15704712
0.1975 0.205738 0.2858602 0.7757907 0.1579618 0.19615829 0.2784484 0.78018457 0.1566426
0.198 0.2053898 0.2857548 0.7756755 0.157624 0.19586593 0.278449 0.7800345 0.1562471
0.1985 0.2050461 0.2856499 0.7755612 0.1572927 0.19557881 0.2784508 0.7798871 0.15586038
0.199 0.204707 0.2855457 0.7754477 0.1569679 0.19529673 0.2784537 0.7797418 0.15548213
0.1995 0.2043723 0.285442 0.775335 0.1566494 0.19501951 0.27845764 0.779599 0.15511228
0.2 0.2040422 0.285339 0.7752231 0.1563371 0.19493026 0.288333 0.75851434 0.151053
0.2005 0.2037059 0.2849056 0.7622267 0.1560198 0.19955847 0.28612828 0.75339264 0.16047163
0.201 0.2033298 0.283785 0.74782 0.1556907 0.19969353 0.28320545 0.74722856 0.16266648
0.2015 0.2029338 0.282193 0.7355764 0.155364 0.19910568 0.2806508 0.73815036 0.16262864
0.202 0.2025351 0.2802872 0.7248123 0.1550398 0.19864056 0.2782122 0.72842234 0.16213486
0.2025 0.2021393 0.2781625 0.7148112 0.1547175 0.19832683 0.27582753 0.71861905 0.16152917
0.203 0.2017465 0.2758735 0.7051518 0.1543969 0.19811183 0.27345365 0.7088216 0.16088258
0.2035 0.2013559 0.2734536 0.6956291 0.1540778 0.19794953 0.27105528 0.6990289 0.16021423
0.204 0.2009664 0.270925 0.6861547 0.1537601 0.19780824 0.26861084 0.6892356 0.15953071
0.2045 0.2005774 0.2683043 0.676696 0.1534438 0.19766828 0.2661097 0.67944044 0.15883537
0.205 0.2001885 0.2656048 0.6672454 0.1531288 0.19751787 0.26354796 0.66964597 0.15813048
0.2055 0.1997996 0.2628378 0.6578055 0.1528151 0.1973502 0.26092595 0.6598574 0.15741818
0.206 0.1994106 0.2600133 0.6483826 0.1525026 0.19716161 0.25824583 0.6500816 0.15670048
0.2065 0.1990217 0.2571399 0.6389842 0.1521915 0.19695064 0.25551122 0.64032567 0.15597959
0.207 0.1986327 0.2542254 0.629618 0.1518816 0.19671696 0.25272626 0.63059753 0.15525754
0.2075 0.1982438 0.2512769 0.6202911 0.1515729 0.19646108 0.24989544 0.6209046 0.1545365
0.208 0.1978551 0.2483007 0.61101 0.1512655 0.19618401 0.24702345 0.61125463 0.15381823
0.2085 0.1974666 0.2453023 0.601781 0.1509594 0.19588706 0.24411465 0.6016546 0.15310475
0.209 0.1970784 0.2422869 0.5926097 0.1506545 0.19557142 0.24117355 0.5921113 0.1523975
0.2095 0.1966906 0.239259 0.583501 0.1503509 0.19523883 0.23820455 0.5826313 0.15169816
0.21 0.1963032 0.2362229 0.5744595 0.1500485 0.19489065 0.23521177 0.5732202 0.15100804
0.2105 0.1959163 0.2331823 0.5654896 0.1497474 0.19452828 0.2321992 0.56388384 0.15032835
0.211 0.19553 0.2301407 0.5565949 0.1494476 0.19415319 0.2291706 0.5546273 0.14966021
0.2115 0.1951443 0.227101 0.5477788 0.1491491 0.19376674 0.2261296 0.54545516 0.14900456
0.212 0.1947593 0.2240661 0.5390445 0.1488518 0.19337028 0.22307964 0.5363717 0.14836225
0.2125 0.1943751 0.2210386 0.5303947 0.1485559 0.192965 0.22002389 0.52738065 0.14773391
0.213 0.1939917 0.2180208 0.5218319 0.1482612 0.19255215 0.21696542 0.5184858 0.14712037
0.2135 0.1936092 0.2150148 0.5133582 0.1479679 0.19213268 0.21390714 0.5096899 0.14652206
0.214 0.1932277 0.2120224 0.5049757 0.1476759 0.1917077 0.21085162 0.5009959 0.14593926
0.2145 0.1928472 0.2090455 0.496686 0.1473853 0.19127813 0.20780148 0.4924061 0.1453724
0.215 0.1924677 0.2060855 0.4884907 0.147096 0.19084486 0.20475902 0.48392263 0.14482175
0.2155 0.1920893 0.203144 0.4803911 0.1468081 0.19040883 0.20172668 0.47554752 0.14428757
0.216 0.1917122 0.2002222 0.4723882 0.1465216 0.1899707 0.19870634 0.4672821 0.14376979
0.2165 0.1913362 0.1973214 0.4644831 0.1462364 0.18953115 0.19569997 0.4591278 0.14326863
0.217 0.1909616 0.1944425 0.4566765 0.1459527 0.189091 0.19270952 0.45108566 0.1427839
0.2175 0.1905883 0.1915866 0.4489691 0.1456704 0.18865079 0.18973649 0.4431565 0.1423157
0.218 0.1902163 0.1887545 0.4413613 0.1453895 0.188211 0.1867826 0.43534097 0.1418638
0.2185 0.1898459 0.185947 0.4338536 0.1451101 0.18777221 0.18384929 0.42763957 0.1414281
0.219 0.1894768 0.1831648 0.4264462 0.1448321 0.1873349 0.18093807 0.42005256 0.14100839
0.2195 0.1891094 0.1804087 0.4191393 0.1445557 0.18689951 0.17805004 0.41258004 0.14060445
0.22 0.1887434 0.177679 0.4119328 0.1442807 0.18646643 0.17518641 0.40522203 0.14021604
0.2205 0.1883791 0.1749764 0.4048268 0.1440072 0.18603596 0.17234826 0.39797828 0.13984276
0.221 0.1880165 0.1723013 0.3978211 0.1437352 0.18560845 0.1695366 0.3908485 0.13948433
0.2215 0.1876555 0.169654 0.3909155 0.1434648 0.1851843 0.16675249 0.38383234 0.13914053
0.222 0.1872963 0.167035 0.3841096 0.1431959 0.18476361 0.16399659 0.3769292 0.13881086
0.2225 0.1869389 0.1644445 0.3774031 0.1429286 0.18434668 0.16126978 0.37013856 0.13849501
0.223 0.1865833 0.1618828 0.3707956 0.1426628 0.18393376 0.15857269 0.36345965 0.13819252
0.2235 0.1862295 0.1593501 0.3642866 0.1423986 0.18352503 0.15590607 0.35689172 0.13790312
0.224 0.1858776 0.1568466 0.3578755 0.142136 0.18312058 0.15327036 0.35043392 0.1376263
0.2245 0.1855276 0.1543723 0.3515617 0.141875 0.18272054 0.15066616 0.3440852 0.13736163
0.225 0.1851795 0.1519275 0.3453445 0.1416156 0.18232518 0.14809397 0.33784473 0.13710885
0.2255 0.1848334 0.1495121 0.3392233 0.1413578 0.18193442 0.14555405 0.33171132 0.1368673
0.226 0.1844894 0.1471264 0.3331972 0.1411016 0.18154845 0.14304683 0.32568395 0.13663666
0.2265 0.1841473 0.1447701 0.3272657 0.1408471 0.18116736 0.14057265 0.31976148 0.1364166
0.227 0.1838073 0.1424435 0.3214277 0.1405942 0.18079114 0.13813165 0.31394273 0.13620657
0.2275 0.1834694 0.1401464 0.3156826 0.140343 0.18041977 0.13572414 0.30822644 0.13600619
0.228 0.1831336 0.1378788 0.3100293 0.1400935 0.18005347 0.13335022 0.30261144 0.1358151
0.2285 0.1827999 0.1356407 0.3044671 0.1398456 0.17969212 0.13101003 0.2970964 0.13563286
0.229 0.1824683 0.1334319 0.298995 0.1395994 0.17933574 0.12870361 0.29167995 0.13545902
0.2295 0.1821389 0.1312523 0.2936121 0.1393549 0.17898434 0.12643105 0.2863609 0.13529323
0.23 0.1818117 0.1291019 0.2883174 0.139112 0.17863789 0.12419245 0.28113788 0.13513513
0.2305 0.1814868 0.1269805 0.2831099 0.1388709 0.17829648 0.121987596 0.27600953 0.1349843
0.231 0.181164 0.1248879 0.2779887 0.1386315 0.17795992 0.11981651 0.27097452 0.13484038
0.2315 0.1808435 0.1228241 0.2729527 0.1383937 0.17762822 0.117679104 0.26603138 0.13470294
0.232 0.1805252 0.1207888 0.2680009 0.1381577 0.17730144 0.11557536 0.26117888 0.1345718
0.2325 0.1802092 0.1187818 0.2631324 0.1379234 0.17697948 0.11350505 0.25641558 0.13444652
0.233 0.1798955 0.116803 0.2583461 0.1376908 0.1766623 0.111468 0.25174004 0.1343268
0.2335 0.179584 0.1148521 0.2536409 0.1374599 0.17634976 0.10946399 0.24715094 0.13421229
0.234 0.1792749 0.112929 0.2490158 0.1372308 0.1760419 0.10749285 0.24264689 0.13410266
0.2345 0.1789681 0.1110334 0.2444698 0.1370034 0.17573857 0.10555427 0.23822649 0.13399768
0.235 0.1786636 0.1091651 0.2400018 0.1367777 0.17543983 0.1036482 0.2338884 0.13389705
0.2355 0.1783615 0.1073238 0.2356108 0.1365537 0.17514557 0.101774186 0.2296312 0.13380046
0.236 0.1780616 0.1055094 0.2312957 0.1363315 0.17485568 0.099932015 0.22545359 0.13370775
0.2365 0.1777642 0.1037216 0.2270554 0.136111 0.17457011 0.098121315 0.22135413 0.13361852
0.237 0.1774691 0.1019601 0.222889 0.1358922 0.17428887 0.09634192 0.21733159 0.13353275
0.2375 0.1771763 0.1002247 0.2187953 0.1356752 0.17401177 0.09459336 0.21338457 0.13344996
0.238 0.1768859 0.09851505 0.2147734 0.1354599 0.17373875 0.09287532 0.20951168 0.13337006
0.2385 0.1765979 0.09683099 0.2108221 0.1352463 0.17346984 0.09118752 0.20571174 0.1332929
0.239 0.1763122 0.09517221 0.2069405 0.1350344 0.17320487 0.089529514 0.20198342 0.13321818
0.2395 0.1760289 0.09353845 0.2031275 0.1348243 0.17294383 0.087901086 0.19832535 0.13314576
0.24 0.175748 0.09192944 0.1993821 0.1346159 0.1726866 0.08630167 0.19473635 0.13307545
0.2405 0.1754694 0.0903449 0.1957032 0.1344092 0.17243314 0.08473092 0.19121507 0.1330071
0.241 0.1751933 0.08878456 0.1920899 0.1342043 0.17218336 0.083188534 0.18776037 0.13294047
0.2415 0.1749195 0.08724813 0.1885412 0.134001 0.17193714 0.08167407 0.18437093 0.13287552
0.242 0.174648 0.08573534 0.1850559 0.1337995 0.17169449 0.08018716 0.1810456 0.13281207
0.2425 0.174379 0.08424591 0.1816333 0.1335997 0.17145535 0.078727365 0.17778316 0.13275
0.243 0.1741122 0.08277957 0.1782722 0.1334015 0.17121953 0.077294216 0.17458239 0.1326891
0.2435 0.1738479 0.08133602 0.1749716 0.1332051 0.17098713 0.07588744 0.17144221 0.13262938
0.244 0.1735859 0.07991498 0.1717307 0.1330104 0.17075804 0.07450664 0.16836146 0.13257073
0.2445 0.1733263 0.07851618 0.1685485 0.1328174 0.17053205 0.0731512 0.16533895 0.13251288
0.245 0.173069 0.07713934 0.1654239 0.132626 0.17030919 0.07182093 0.16237356 0.13245587
0.2455 0.1728141 0.07578416 0.1623562 0.1324364 0.17008942 0.07051527 0.1594643 0.13239954
0.246 0.1725615 0.07445038 0.1593442 0.1322484 0.1698727 0.069233924 0.15661 0.13234387
0.2465 0.1723112 0.07313772 0.1563872 0.1320621 0.16965893 0.06797642 0.15380962 0.1322888
0.247 0.1720633 0.07184588 0.1534842 0.1318775 0.16944799 0.06674236 0.15106213 0.13223414
0.2475 0.1718177 0.07057461 0.1506343 0.1316945 0.16923988 0.06553135 0.14836647 0.1321799
0.248 0.1715744 0.06932361 0.1478367 0.1315131 0.16903457 0.06434301 0.14572172 0.13212608
0.2485 0.1713334 0.06809262 0.1450904 0.1313334 0.16883194 0.0631769 0.14312676 0.13207246
0.249 0.1710947 0.06688135 0.1423946 0.1311554 0.168632 0.062032655 0.14058071 0.13201912
0.2495 0.1708582 0.06568955 0.1397483 0.130979 0.16843462 0.060909905 0.13808258 0.131966
0.25 0.1706241 0.06451693 0.1371509 0.1308042 0.16823983 0.059808202 0.13563146 0.13191299
0.2505 0.1703922 0.06336323 0.1346014 0.130631 0.16804752 0.058727175 0.13322638 0.13186009
0.251 0.1701626 0.06222818 0.132099 0.1304594 0.16785762 0.057666436 0.13086645 0.13180728
0.2515 0.1699352 0.06111152 0.1296429 0.1302895 0.16767016 0.05662559 0.12855078 0.13175447
0.252 0.1697101 0.06001298 0.1272324 0.1301211 0.16748503 0.05560434 0.12627856 0.13170171
0.2525 0.1694871 0.0589323 0.1248665 0.1299543 0.16730222 0.05460228 0.124048874 0.13164887
0.253 0.1692664 0.05786922 0.1225445 0.1297891 0.16712162 0.053618982 0.12186085 0.13159598
0.2535 0.169048 0.05682349 0.1202657 0.1296255 0.16694325 0.052654177 0.11971375 0.13154306
0.254 0.1688316 0.05579485 0.1180293 0.1294634 0.16676709 0.05170755 0.117606685 0.13149002
0.2545 0.1686175 0.05478305 0.1158346 0.1293029 0.16659302 0.050778568 0.11553891 0.13143688
0.255 0.1684056 0.05378784 0.1136808 0.1291439 0.166421 0.049867064 0.11350961 0.13138361
0.2555 0.1681958 0.05280897 0.1115671 0.1289865 0.16625112 0.048972674 0.11151813 0.13133024
0.256 0.1679881 0.0518462 0.1094929 0.1288306 0.16608322 0.048094958 0.109563574 0.1312767
0.2565 0.1677826 0.05089928 0.1074575 0.1286762 0.16591725 0.047233663 0.10764526 0.13122301
0.257 0.1675792 0.04996798 0.1054602 0.1285233 0.16575325 0.0463885 0.10576254 0.13116916
0.2575 0.1673779 0.04905205 0.1035002 0.1283719 0.16559115 0.045559034 0.10391467 0.13111514
0.258 0.1671786 0.04815127 0.101577 0.128222 0.16543084 0.044745043 0.102100916 0.13106093
0.2585 0.1669815 0.04726539 0.09968983 0.1280735 0.16527244 0.04394631 0.100320645 0.13100655
0.259 0.1667864 0.0463942 0.09783805 0.1279266 0.1651158 0.043162346 0.09857323 0.13095202
0.2595 0.1665934 0.04553746 0.09602103 0.1277811 0.16496095 0.042392865 0.09685792 0.13089725
0.26 0.1664024 0.04469495 0.09423814 0.127637 0.16480777 0.041637763 0.09517417 0.13084236
0.2605 0.1662134 0.04386645 0.09248875 0.1274944 0.16465637 0.040896587 0.09352135 0.13078725
0.261 0.1660264 0.04305174 0.09077226 0.1273532 0.16450658 0.040169112 0.09189881 0.13073197
0.2615 0.1658415 0.0422506 0.08908806 0.1272135 0.16435847 0.039455086 0.09030597 0.13067655
0.262 0.1656585 0.04146282 0.08743557 0.1270751 0.16421193 0.038754188 0.08874228 0.13062091
0.2625 0.1654774 0.04068819 0.08581419 0.1269382 0.16406709 0.038066216 0.08720712 0.13056518
0.263 0.1652983 0.0399265 0.08422336 0.1268026 0.16392371 0.037390888 0.08569999 0.13050924
0.2635 0.1651212 0.03917754 0.08266252 0.1266685 0.16378194 0.03672789 0.08422028 0.13045314
0.264 0.164946 0.03844112 0.08113111 0.1265357 0.16364163 0.036077037 0.082767464 0.13039693
0.2645 0.1647726 0.03771703 0.07962858 0.1264042 0.16350284 0.035438083 0.08134103 0.13034055
0.265 0.1646012 0.03700507 0.07815441 0.1262741 0.16336551 0.034810744 0.079940416 0.13028404
0.2655 0.1644316 0.03630505 0.07670806 0.1261454 0.16322964 0.03419485 0.07856523 0.13022743
0.266 0.1642639 0.03561678 0.07528902 0.126018 0.16309518 0.03359011 0.07721488 0.13017069
0.2665 0.1640981 0.03494006 0.07389679 0.1258918 0.16296211 0.032996356 0.075888865 0.1301138
0.267 0.163934 0.03427472 0.07253085 0.1257671 0.16283041 0.03241329 0.07458682 0.13005684
0.2675 0.1637718 0.03362056 0.07119073 0.1256436 0.16270012 0.0318408 0.073308185 0.12999976
0.268 0.1636114 0.0329774 0.06987594 0.1255214 0.16257107 0.03127861 0.07205258 0.12994264
0.2685 0.1634528 0.03234507 0.068586 0.1254004 0.16244343 0.030726463 0.07081945 0.12988538
0.269 0.1632959 0.03172339 0.06732046 0.1252808 0.1623171 0.030184269 0.06960848 0.1298281
0.2695 0.1631408 0.03111218 0.06607884 0.1251624 0.16219205 0.029651776 0.06841919 0.1297708
0.27 0.1629874 0.03051127 0.06486071 0.1250452 0.16206816 0.029128835 0.067251116 0.12971336
0.2705 0.1628358 0.02992049 0.06366562 0.1249293 0.16194564 0.028615192 0.06610398 0.12965594
0.271 0.1626858 0.02933968 0.06249315 0.1248146 0.16182429 0.028110616 0.06497724 0.12959847
0.2715 0.1625376 0.02876868 0.06134285 0.1247011 0.16170418 0.027615018 0.06387058 0.12954098
0.272 0.162391 0.02820731 0.06021432 0.1245889 0.1615853 0.027128257 0.0627836 0.12948346
0.2725 0.1622461 0.02765542 0.05910715 0.1244778 0.16146755 0.026650034 0.061715916 0.12942597
0.273 0.1621028 0.02711285 0.05802092 0.1243679 0.161351 0.026180275 0.060667157 0.12936845
0.2735 0.1619612 0.02657945 0.05695525 0.1242592 0.16123557 0.025718741 0.05963701 0.12931098
0.274 0.1618212 0.02605507 0.05590975 0.1241517 0.16112128 0.025265276 0.058625028 0.12925348
0.2745 0.1616827 0.02553955 0.05488404 0.1240453 0.16100806 0.024819769 0.057630926 0.12919599
0.275 0.1615459 0.02503275 0.05387773 0.1239401 0.16089606 0.024382114 0.05665438 0.1291386
0.2755 0.1614107 0.02453452 0.05289046 0.123836 0.16078508 0.023952015 0.055695057 0.12908122
0.276 0.161277 0.02404472 0.05192188 0.123733 0.16067523 0.02352938 0.054752603 0.12902392
0.2765 0.1611448 0.02356321 0.05097162 0.1236311 0.16056642 0.023114108 0.05382672 0.12896667
0.277 0.1610142 0.02308984 0.05003934 0.1235303 0.16045865 0.022706091 0.05291705 0.12890948
0.2775 0.1608851 0.02262449 0.04912469 0.1234307 0.16035199 0.022305012 0.05202335 0.1288524
0.278 0.1607574 0.02216702 0.04822735 0.1233321 0.16024628 0.021910913 0.051145285 0.12879539
0.2785 0.1606313 0.02171729 0.04734698 0.1232346 0.16014165 0.021523558 0.050282598 0.12873846
0.279 0.1605066 0.02127517 0.04648325 0.1231382 0.16003802 0.021142952 0.04943496 0.12868166
0.2795 0.1603834 0.02084054 0.04563585 0.1230428 0.15993538 0.020768724 0.04860212 0.12862496
0.28 0.1602616 0.02041327 0.04480448 0.1229485 0.15983373 0.020400919 0.047783747 0.12856835
0.2805 0.1601413 0.01999323 0.04398882 0.1228552 0.15973306 0.02003944 0.04697965 0.12851189
0.281 0.1600224 0.01958031 0.04318857 0.1227629 0.15963334 0.01968415 0.04618953 0.12845556
0.2815 0.1599048 0.01917437 0.04240344 0.1226716 0.15953457 0.019334763 0.045413077 0.12839934
0.282 0.1597887 0.01877532 0.04163314 0.1225814 0.15943673 0.018991373 0.044650123 0.1283433
0.2825 0.1596739 0.01838301 0.04087739 0.1224921 0.15933982 0.018653773 0.043900385 0.12828733
0.283 0.1595604 0.01799736 0.04013591 0.1224039 0.15924385 0.018321909 0.043163627 0.12823163
0.2835 0.1594483 0.01761823 0.03940842 0.1223166 0.15914887 0.01799564 0.04243958 0.12817608
0.284 0.1593376 0.01724552 0.03869467 0.1222303 0.1590547 0.017674811 0.041728035 0.12812062
0.2845 0.1592281 0.01687912 0.03799438 0.1221449 0.15896142 0.017359301 0.041028738 0.12806536
0.285 0.1591199 0.01651892 0.0373073 0.1220605 0.15886906 0.017049149 0.040341526 0.12801032
0.2855 0.1590131 0.01616482 0.03663317 0.1219771 0.15877756 0.016744152 0.0396661 0.12795539
0.286 0.1589075 0.01581671 0.03597176 0.1218945 0.15868697 0.016444229 0.039002314 0.12790073
0.2865 0.1588031 0.01547449 0.0353228 0.1218129 0.1585972 0.016149312 0.038349897 0.12784626
0.287 0.1587 0.01513806 0.03468607 0.1217322 0.15850827 0.015859298 0.03770867 0.12779199
0.2875 0.1585982 0.01480732 0.03406134 0.1216524 0.15842023 0.01557412 0.03707844 0.12773786
0.288 0.1584975 0.01448218 0.03344836 0.1215736 0.158333 0.015293606 0.03645897 0.12768401
0.2885 0.1583981 0.01416254 0.03284692 0.1214956 0.15824658 0.015017696 0.035850137 0.12763034
0.289 0.1582999 0.01384829 0.0322568 0.1214184 0.15816101 0.014746353 0.035251677 0.1275769
0.2895 0.1582028 0.01353936 0.03167777 0.1213422 0.1580762 0.0144795105 0.034663424 0.12752368
0.29 0.1581069 0.01323566 0.03110963 0.1212668 0.15799221 0.014216967 0.034085184 0.12747069
0.2905 0.1580122 0.01293708 0.03055217 0.1211922 0.15790904 0.013958782 0.033516854 0.12741794
0.291 0.1579186 0.01264355 0.03000518 0.1211185 0.15782663 0.013704754 0.03295809 0.1273654
0.2915 0.1578261 0.01235497 0.02946846 0.1210457 0.15774503 0.013454914 0.032408863 0.12731309
0.292 0.1577347 0.01207127 0.02894181 0.1209737 0.15766415 0.013209134 0.031868994 0.12726104
0.2925 0.1576445 0.01179235 0.02842505 0.1209024 0.1575841 0.012967326 0.03133823 0.12720923
0.293 0.1575553 0.01151814 0.02791798 0.120832 0.15750477 0.012729503 0.030816497 0.12715772
0.2935 0.1574673 0.01124856 0.02742041 0.1207624 0.15742615 0.012495428 0.030303584 0.12710638
0.294 0.1573803 0.01098352 0.02693216 0.1206936 0.15734833 0.01226528 0.029799374 0.12705536
0.2945 0.1572943 0.01072295 0.02645306 0.1206256 0.15727124 0.012038797 0.029303687 0.12700458
0.295 0.1572094 0.01046678 0.02598293 0.1205583 0.15719488 0.011815928 0.02881636 0.12695406
0.2955 0.1571255 0.01021492 0.0255216 0.1204919 0.15711921 0.011596613 0.028337242 0.12690379
0.296 0.1570427 0.009967298 0.0250689 0.1204261 0.15704429 0.011380918 0.027866201 0.12685378
0.2965 0.1569609 0.009723849 0.02462466 0.1203612 0.15697008 0.011168562 0.027403058 0.12680405
0.297 0.15688 0.009484498 0.02418872 0.120297 0.15689653 0.0109596625 0.026947754 0.12675458
0.2975 0.1568002 0.009249174 0.02376092 0.1202335 0.15682372 0.010754108 0.026500078 0.12670538
0.298 0.1567213 0.009017808 0.02334111 0.1201707 0.1567516 0.010551803 0.026059987 0.12665649
0.2985 0.1566434 0.008790332 0.02292913 0.1201087 0.15668017 0.010352746 0.025627228 0.12660782
0.299 0.1565664 0.008566679 0.02252483 0.1200474 0.15660936 0.010156766 0.025201695 0.12655945
0.2995 0.1564904 0.008346783 0.02212807 0.1199868 0.15653926 0.009963952 0.02478339 0.12651135
0.3 0.1564154 0.008130581 0.02173871 0.1199269 0.14870808 0.019134082 0.0026737768 0.13842347
0.3005 0.1464603 0.007893473 0.02061037 0.1148693 0.14494962 0.01361382 0.012843164 0.1404835
0.301 0.1343655 0.007554192 0.01883641 0.1097325 0.13582286 0.005179502 0.011578055 0.13487773
0.3015 0.1263857 0.007136185 0.0174498 0.1057387 0.12933058 3.9756298e-05 0.010346832 0.13023347
0.302 0.1211722 0.006672992 0.01638627 0.1021993 0.12425084 -0.0028997809 0.009468542 0.12573926
0.3025 0.117357 0.006182854 0.01548789 0.09885553 0.11999298 -0.00456097 0.008778797 0.1214242
0.303 0.1142049 0.005674998 0.01466507 0.09563084 0.116281606 -0.0055076256 0.008240702 0.117376074
0.3035 0.1113716 0.005154387 0.01387638 0.09250108 0.11291953 -0.006096177 0.0077799577 0.11357708
0.304 0.1087019 0.004624014 0.01310391 0.08945678 0.10978801 -0.006518081 0.007349642 0.10999256
0.3045 0.1061259 0.004085905 0.01234016 0.08649284 0.106816925 -0.006870672 0.006925093 0.10658832
0.305 0.1036119 0.003541577 0.01158201 0.08360567 0.10396422 -0.007201016 0.0064943153 0.10333562
0.3055 0.1011449 0.002992234 0.01082822 0.0807923 0.10120381 -0.0075307116 0.006052332 0.10021195
0.306 0.09871756 0.002438868 0.01007833 0.07805002 0.098519094 -0.007868715 0.005597504 0.09720008
0.3065 0.096326 0.001882319 0.009332214 0.07537634 0.09589893 -0.008218065 0.005129816 0.094286874
0.307 0.09396813 0.001323301 0.008589867 0.07276891 0.09333553 -0.008579217 0.004649775 0.09146206
0.3075 0.09164267 0.0007624323 0.007851357 0.07022545 0.0908233 -0.008951515 0.0041582007 0.088717565
0.308 0.08934877 0.0002002472 0.007116769 0.06774381 0.08835795 -0.009334069 0.0036557484 0.086046726
0.3085 0.08708583 -0.0003627873 0.006386196 0.06532192 0.08593617 -0.009725984 0.0031431932 0.08344406
0.309 0.08485337 -0.0009262619 0.005659729 0.06295778 0.08355523 -0.010126226 0.0026211012 0.0809049
0.3095 0.082651 -0.001489816 0.00493746 0.0606495 0.08121305 -0.010534052 0.0020901281 0.07842524
0.31 0.08047837 -0.002053129 0.004219474 0.05839524 0.07890776 -0.010948669 0.0015508104 0.07600157
0.3105 0.07833515 -0.002615917 0.003505852 0.05619325 0.07663785 -0.0113694705 0.0010037441 0.073630765
0.311 0.07622104 -0.003177925 0.00279667 0.05404185 0.074401975 -0.011795782 0.00044940598 0.0713101
0.3115 0.07413574 -0.003738923 0.002092001 0.05193944 0.07219902 -0.012226991 -0.000111607835 0.069037065
0.312 0.07207896 -0.004298705 0.001391912 0.04988446 0.070027955 -0.012662604 -0.00067882054 0.066809475
0.3125 0.07005042 -0.004857082 0.0006964664 0.04787543 0.067887835 -0.013101991 -0.001251651 0.0646252
0.313 0.06804984 -0.005413884 5.722258e-06 0.04591094 0.06577794 -0.013544671 -0.0018295925 0.06248246
0.3135 0.06607692 -0.005968952 -0.0006802653 0.04398963 0.06369748 -0.013990104 -0.0024121385 0.06037949
0.314 0.0641314 -0.006522143 -0.001361445 0.04211018 0.06164579 -0.014437813 -0.0029987376 0.05831471
0.3145 0.06221299 -0.007073323 -0.002037771 0.04027136 0.059622362 -0.014887251 -0.0035888683 0.056286752
0.315 0.06032141 -0.00762237 -0.002709198 0.03847195 0.057626583 -0.015337929 -0.0041820835 0.054294273
0.3155 0.05845637 -0.008169169 -0.003375687 0.0367108 0.05565793 -0.015789442 -0.004777847 0.052336007
0.316 0.05661761 -0.008713614 -0.004037201 0.03498682 0.053715974 -0.016241394 -0.005375726 0.05041074
0.3165 0.05480483 -0.009255607 -0.004693707 0.03329893 0.051800296 -0.016693294 -0.005975185 0.04851757
0.317 0.05301775 -0.009795054 -0.005345174 0.03164612 0.04991045 -0.017144743 -0.0065758806 0.0466554
0.3175 0.05125609 -0.01033187 -0.005991574 0.03002739 0.048046082 -0.017595425 -0.007177351 0.04482337
0.318 0.04951957 -0.01086597 -0.006632883 0.02844183 0.046206847 -0.018044956 -0.0077791493 0.043020576
0.3185 0.0478079 -0.01139729 -0.007269079 0.0268885 0.044392377 -0.018493049 -0.008380918 0.041246206
0.319 0.0461208 -0.01192575 -0.007900143 0.02536654 0.042602398 -0.018939346 -0.008982239 0.039499566
0.3195 0.04445799 -0.01245128 -0.008526058 0.02387512 0.040836573 -0.01938365 -0.0095828455 0.03777992
0.32 0.04281918 -0.01297383 -0.00914681 0.02241342 0.03909465 -0.019825615 -0.010182319 0.03608658
0.3205 0.04120409 -0.01349333 -0.009762387 0.02098066 0.03737635 -0.020265061 -0.010780362 0.034419023
0.321 0.03961244 -0.01400973 -0.01037278 0.01957609 0.035681427 -0.020701766 -0.011376677 0.03277658
0.3215 0.03804395 -0.01452299 -0.01097798 0.01819898 0.034009546 -0.021135587 -0.011971025 0.03115873
0.322 0.03649833 -0.01503304 -0.01157798 0.01684864 0.032360516 -0.021566313 -0.012563078 0.029564947
0.3225 0.03497531 -0.01553985 -0.01217278 0.0155244 0.030734181 -0.021993816 -0.0131525975 0.027994782
0.323 0.0334746 -0.01604338 -0.01276238 0.01422559 0.029130213 -0.022417907 -0.013739346 0.026447766
0.3235 0.03199594 -0.01654359 -0.01334678 0.0129516 0.02754838 -0.022838596 -0.014323158 0.024923392
0.324 0.03053904 -0.01704043 -0.01392598 0.01170181 0.025988534 -0.023255683 -0.014903767 0.023421347
0.3245 0.02910362 -0.01753389 -0.01449998 0.01047564 0.024450406 -0.023669172 -0.015481008 0.021941185
0.325 0.02768941 -0.01802392 -0.01506879 0.009272514 0.022933796 -0.024079006 -0.016054748 0.020482533
0.3255 0.02629615 -0.0185105 -0.01563242 0.008091887 0.021438524 -0.024485018 -0.016624777 0.019045107
0.326 0.02492355 -0.01899361 -0.01619088 0.006933225 0.01996439 -0.024887335 -0.017190991 0.017628454
0.3265 0.02357135 -0.01947321 -0.01674417 0.005796013 0.018511169 -0.025285836 -0.017753204 0.016232342
0.327 0.02223927 -0.01994929 -0.01729231 0.004679752 0.017078668 -0.025680512 -0.018311327 0.014856465
0.3275 0.02092706 -0.02042183 -0.01783532 0.003583959 0.015666746 -0.026071467 -0.018865248 0.013500489
0.328 0.01963445 -0.02089082 -0.01837319 0.002508163 0.014275119 -0.02645858 -0.019414833 0.012164146
0.3285 0.01836117 -0.02135622 -0.01890596 0.001451911 0.012903668 -0.026841931 -0.019960051 0.010847166
0.329 0.01710697 -0.02181803 -0.01943364 0.0004147611 0.011552222 -0.027221557 -0.020500762 0.009549335
0.3295 0.01587159 -0.02227625 -0.01995624 -0.0006037137 0.010220513 -0.027597472 -0.021036914 0.008270346
0.33 0.01465476 -0.02273085 -0.02047378 -0.001603929 0.008908398 -0.027969748 -0.021568423 0.0070099533
0.3305 0.01345624 -0.02318183 -0.02098629 -0.002586289 0.0076157153 -0.028338347 -0.022095269 0.0057679787
0.331 0.01227577 -0.02362918 -0.02149379 -0.003551183 0.006342277 -0.028703399 -0.02261736 0.004544191
0.3315 0.0111131 -0.02407289 -0.02199629 -0.004498994 0.0050878376 -0.02906492 -0.023134677 0.003338337
0.332 0.00996799 -0.02451296 -0.02249382 -0.005430091 0.003852293 -0.029422995 -0.02364715 0.0021502227
0.3325 0.008840186 -0.0249494 -0.0229864 -0.006344832 0.0026354268 -0.029777654 -0.02415481 0.000979647
0.333 0.007729447 -0.02538218 -0.02347406 -0.007243568 0.0014370605 -0.030129 -0.02465756 -0.00017357618
0.3335 0.006635534 -0.02581132 -0.02395683 -0.008126638 0.00025700778 -0.03047702 -0.025155423 -0.0013096705
0.334 0.005558206 -0.02623682 -0.02443472 -0.008994373 -0.00090491027 -0.030821834 -0.025648369 -0.0024287999
0.3345 0.004497228 -0.02665867 -0.02490776 -0.009847094 -0.002048865 -0.031163517 -0.026136382 -0.003531158
0.335 0.003452366 -0.02707688 -0.02537599 -0.01068512 -0.0031750202 -0.031502116 -0.026619485 -0.0046169534
0.3355 0.00242339 -0.02749146 -0.02583943 -0.01150874 -0.004283622 -0.031837717 -0.02709761 -0.00568635
0.336 0.001410069 -0.0279024 -0.0262981 -0.01231827 -0.005374782 -0.032170366 -0.027570857 -0.006739527
0.3365 0.0004121779 -0.02830972 -0.02675204 -0.01311398 -0.006448716 -0.03250013 -0.028039074 -0.007776633
0.337 -0.0005705071 -0.02871342 -0.02720128 -0.01389617 -0.007505603 -0.03282708 -0.028502433 -0.008797877
0.3375 -0.001538207 -0.0291135 -0.02764584 -0.0146651 -0.008545585 -0.03315124 -0.02896086 -0.009803399
0.338 -0.002491142 -0.02950999 -0.02808576 -0.01542105 -0.00956893 -0.033472758 -0.029414384 -0.01079341
0.3385 -0.003429527 -0.02990288 -0.02852107 -0.01616427 -0.010575712 -0.033791628 -0.029862998 -0.011768006
0.339 -0.004353576 -0.03029218 -0.02895179 -0.01689502 -0.011566162 -0.034107916 -0.03030674 -0.012727432
0.3395 -0.005263501 -0.03067792 -0.02937796 -0.01761355 -0.012540482 -0.03442172 -0.030745639 -0.013671778
0.34 -0.00615951 -0.03106009 -0.02979962 -0.01832009 -0.013498813 -0.03473308 -0.031179717 -0.01460126
0.3405 -0.007041809 -0.03143872 -0.03021679 -0.01901488 -0.014441356 -0.035042003 -0.031608954 -0.015516009
0.341 -0.007910602 -0.03181381 -0.0306295 -0.01969816 -0.015368305 -0.035348624 -0.032033436 -0.01641621
0.3415 -0.008766091 -0.03218538 -0.0310378 -0.02037015 -0.016279824 -0.035652954 -0.032453135 -0.017301992
0.342 -0.009608473 -0.03255345 -0.03144171 -0.02103106 -0.0171761 -0.035955053 -0.03286814 -0.01817356
0.3425 -0.01043795 -0.03291802 -0.03184126 -0.02168111 -0.018057272 -0.036254916 -0.033278413 -0.019031003
0.343 -0.0112547 -0.03327911 -0.03223649 -0.02232051 -0.018923588 -0.036552627 -0.03368403 -0.01987454
0.3435 -0.01205893 -0.03363674 -0.03262743 -0.02294947 -0.019775197 -0.03684824 -0.034084998 -0.020704303
0.344 -0.01285083 -0.03399093 -0.03301412 -0.02356817 -0.02061227 -0.037141763 -0.034481376 -0.021520484
0.3445 -0.01363057 -0.03434169 -0.03339659 -0.02417682 -0.021435015 -0.037433267 -0.034873165 -0.022323154
0.345 -0.01439835 -0.03468904 -0.03377487 -0.02477561 -0.02224359 -0.037722778 -0.03526044 -0.023112562
0.3455 -0.01515434 -0.035033 -0.034149 -0.02536471 -0.023038179 -0.038010314 -0.035643198 -0.023888826
0.346 -0.01589873 -0.03537358 -0.03451901 -0.02594432 -0.023818932 -0.038295884 -0.03602147 -0.024652079
0.3465 -0.01663169 -0.03571081 -0.03488494 -0.02651461 -0.024586089 -0.038579587 -0.036395356 -0.025402516
0.347 -0.01735339 -0.0360447 -0.03524682 -0.02707575 -0.025339767 -0.038861368 -0.036764808 -0.026140276
0.3475 -0.01806401 -0.03637527 -0.03560469 -0.02762792 -0.026080206 -0.039141305 -0.03712993 -0.026865523
0.348 -0.01876371 -0.03670255 -0.03595858 -0.02817127 -0.026807554 -0.039419383 -0.037490718 -0.02757838
0.3485 -0.01945267 -0.03702654 -0.03630852 -0.02870596 -0.027521968 -0.039695635 -0.037847243 -0.028279044
0.349 -0.02013104 -0.03734728 -0.03665455 -0.02923217 -0.028223634 -0.039970096 -0.038199514 -0.028967634
0.3495 -0.020799 -0.03766479 -0.03699671 -0.02975004 -0.02891276 -0.040242773 -0.03854759 -0.029644314
0.35 -0.02145669 -0.03797907 -0.03733502 -0.03025972 -0.029589526 -0.04051367 -0.0388915 -0.030309271
0.3505 -0.02210428 -0.03829016 -0.03766953 -0.03076136 -0.030254044 -0.0407828 -0.039231278 -0.030962605
0.351 -0.02274193 -0.03859807 -0.03800026 -0.03125511 -0.030906543 -0.041050203 -0.039566986 -0.03160451
0.3515 -0.02336978 -0.03890284 -0.03832726 -0.0317411 -0.031547144 -0.041315846 -0.039898627 -0.03223509
0.352 -0.02398799 -0.03920447 -0.03865055 -0.03221948 -0.03217607 -0.041579757 -0.040226273 -0.032854557
0.3525 -0.02459671 -0.03950299 -0.03897017 -0.03269038 -0.032793485 -0.041841928 -0.04054995 -0.03346303
0.353 -0.02519608 -0.03979842 -0.03928616 -0.03315394 -0.03339956 -0.042102385 -0.040869698 -0.034060642
0.3535 -0.02578626 -0.04009078 -0.03959855 -0.03361028 -0.033994444 -0.04236114 -0.041185588 -0.034647584
0.354 -0.02636737 -0.04038011 -0.03990737 -0.03405953 -0.03457833 -0.042618144 -0.04149758 -0.035223987
0.3545 -0.02693956 -0.04066641 -0.04021266 -0.03450182 -0.035151325 -0.042873427 -0.041805774 -0.035789996
0.355 -0.02750298 -0.04094971 -0.04051444 -0.03493727 -0.035713673 -0.043126985 -0.04211019 -0.036345758
0.3555 -0.02805776 -0.04123004 -0.04081277 -0.03536599 -0.03626553 -0.043378845 -0.042410873 -0.036891416
0.356 -0.02860402 -0.04150741 -0.04110766 -0.03578811 -0.036807 -0.04362895 -0.042707868 -0.037427146
0.3565 -0.02914191 -0.04178185 -0.04139915 -0.03620374 -0.03733833 -0.04387735 -0.043001205 -0.037953075
0.357 -0.02967156 -0.04205338 -0.04168727 -0.03661299 -0.037859596 -0.044124003 -0.04329092 -0.03846935
0.3575 -0.03019308 -0.04232203 -0.04197207 -0.03701597 -0.03837104 -0.044368923 -0.043577053 -0.038976103
0.358 -0.03070662 -0.04258782 -0.04225356 -0.03741279 -0.038872726 -0.044612125 -0.043859653 -0.03947349
0.3585 -0.0312123 -0.04285076 -0.04253179 -0.03780356 -0.039364927 -0.044853583 -0.044138744 -0.039961666
0.359 -0.03171022 -0.0431109 -0.04280679 -0.03818837 -0.03984768 -0.04509327 -0.04441438 -0.040440727
0.3595 -0.03220053 -0.04336823 -0.04307858 -0.03856734 -0.040321246 -0.0453312 -0.044686563 -0.040910892
0.36 -0.03268334 -0.0436228 -0.04334721 -0.03894055 -0.040785708 -0.045567345 -0.044955358 -0.041372232
0.3605 -0.03315876 -0.04387462 -0.04361269 -0.03930811 -0.04124123 -0.045801733 -0.045220792 -0.0418249
0.361 -0.03362691 -0.04412371 -0.04387508 -0.03967011 -0.041687988 -0.046034336 -0.04548291 -0.042269066
0.3615 -0.0340879 -0.04437011 -0.04413439 -0.04002664 -0.042126104 -0.04626515 -0.045741744 -0.04270482
0.362 -0.03454186 -0.04461383 -0.04439066 -0.0403778 -0.042555742 -0.046494156 -0.04599732 -0.043132342
0.3625 -0.03498887 -0.04485489 -0.04464392 -0.04072368 -0.042977057 -0.046721343 -0.046249703 -0.04355173
0.363 -0.03542907 -0.04509332 -0.04489421 -0.04106436 -0.043390162 -0.046946727 -0.046498887 -0.04396314
0.3635 -0.03586254 -0.04532914 -0.04514154 -0.04139994 -0.04379522 -0.04717029 -0.046744935 -0.044366695
0.364 -0.0362894 -0.04556237 -0.04538596 -0.04173049 -0.044192366 -0.04739201 -0.046987876 -0.04476255
0.3645 -0.03670975 -0.04579304 -0.04562749 -0.0420561 -0.04458175 -0.047611903 -0.047227733 -0.045150794
0.365 -0.0371237 -0.04602117 -0.04586617 -0.04237685 -0.0449635 -0.04782995 -0.047464564 -0.04553158
0.3655 -0.03753134 -0.04624679 -0.04610202 -0.04269282 -0.045337737 -0.048046142 -0.047698393 -0.04590501
0.366 -0.03793277 -0.04646991 -0.04633508 -0.0430041 -0.045704655 -0.04826046 -0.047929212 -0.046271246
0.3665 -0.03832809 -0.04669055 -0.04656537 -0.04331075 -0.046064295 -0.04847292 -0.048157103 -0.046630383
0.367 -0.0387174 -0.04690875 -0.04679293 -0.04361285 -0.046416864 -0.048683472 -0.048382096 -0.04698256
0.3675 -0.03910079 -0.04712452 -0.04701778 -0.04391048 -0.04676245 -0.048892163 -0.048604205 -0.047327887
0.368 -0.03947834 -0.04733789 -0.04723995 -0.0442037 -0.0471012 -0.049098954 -0.04882346 -0.047666516
0.3685 -0.03985017 -0.04754887 -0.04745947 -0.0444926 -0.047433242 -0.04930386 -0.04903993 -0.04799853
0.369 -0.04021635 -0.0477575 -0.04767638 -0.04477724 -0.047758684 -0.049506836 -0.049253583 -0.048324034
0.3695 -0.04057697 -0.04796378 -0.04789069 -0.04505768 -0.048077643 -0.049707927 -0.04946451 -0.048643187
0.37 -0.04093212 -0.04816775 -0.04810244 -0.04533401 -0.04839029 -0.04990709 -0.049672693 -0.048956078
0.3705 -0.04128188 -0.04836943 -0.04831165 -0.04560628 -0.04869666 -0.050104342 -0.049878195 -0.04926281
0.371 -0.04162635 -0.04856884 -0.04851836 -0.04587455 -0.04899694 -0.05029967 -0.050081037 -0.049563512
0.3715 -0.0419656 -0.04876599 -0.04872258 -0.0461389 -0.0492912 -0.050493073 -0.05028124 -0.04985829
0.372 -0.04229971 -0.04896092 -0.04892436 -0.04639939 -0.049579605 -0.05068455 -0.050478853 -0.05014727
0.3725 -0.04262877 -0.04915364 -0.0491237 -0.04665607 -0.04986222 -0.0508741 -0.05067391 -0.050430525
0.373 -0.04295286 -0.04934418 -0.04932065 -0.046909 -0.050139204 -0.051061697 -0.050866395 -0.050708175
0.3735 -0.04327205 -0.04953255 -0.04951523 -0.04715826 -0.05041059 -0.05124737 -0.051056378 -0.05098033
0.374 -0.04358641 -0.04971878 -0.04970746 -0.04740388 -0.050676562 -0.05143112 -0.05124387 -0.051247094
0.3745 -0.04389604 -0.04990289 -0.04989738 -0.04764594 -0.050937183 -0.051612906 -0.051428907 -0.051508572
0.375 -0.04420099 -0.0500849 -0.050085 -0.04788449 -0.05119256 -0.051792763 -0.051611505 -0.051764827
0.3755 -0.04450134 -0.05026483 -0.05027035 -0.04811958 -0.05144281 -0.05197072 -0.051791713 -0.05201601
0.376 -0.04479717 -0.0504427 -0.05045346 -0.04835127 -0.051688015 -0.05214671 -0.051969536 -0.052262176
0.3765 -0.04508855 -0.05061853 -0.05063435 -0.04857961 -0.051928274 -0.05232078 -0.05214501 -0.052503437
0.377 -0.04537553 -0.05079234 -0.05081305 -0.04880466 -0.052163705 -0.052492898 -0.05231815 -0.052739885
0.3775 -0.04565821 -0.05096416 -0.05098959 -0.04902646 -0.052394398 -0.052663118 -0.052489005 -0.052971605
0.378 -0.04593663 -0.051134 -0.05116398 -0.04924506 -0.052620426 -0.052831396 -0.05265759 -0.05319869
0.3785 -0.04621087 -0.05130189 -0.05133625 -0.04946052 -0.0528419 -0.052997753 -0.0528239 -0.05342124
0.379 -0.046481 -0.05146784 -0.05150643 -0.04967288 -0.053058885 -0.053162184 -0.052988015 -0.053639356
0.3795 -0.04674707 -0.05163187 -0.05167454 -0.0498822 -0.053271502 -0.05332473 -0.05314993 -0.05385308
0.38 -0.04700915 -0.051794 -0.0518406 -0.05008851 -0.05347982 -0.053485364 -0.05330971 -0.05406252
0.3805 -0.04726731 -0.05195426 -0.05200464 -0.05029187 -0.053683937 -0.05364409 -0.053467296 -0.05426777
0.381 -0.0475216 -0.05211266 -0.05216669 -0.05049232 -0.053883933 -0.05380091 -0.05362276 -0.054468904
0.3815 -0.04777208 -0.05226922 -0.05232675 -0.05068991 -0.054079883 -0.05395585 -0.053776145 -0.054665994
0.382 -0.04801882 -0.05242396 -0.05248486 -0.05088467 -0.054271862 -0.05410891 -0.053927444 -0.054859135
0.3825 -0.04826187 -0.0525769 -0.05264104 -0.05107666 -0.054459974 -0.054260097 -0.054076716 -0.055048387
0.383 -0.04850128 -0.05272805 -0.0527953 -0.05126591 -0.054644287 -0.054409415 -0.05422394 -0.05523385
0.3835 -0.04873713 -0.05287745 -0.05294769 -0.05145247 -0.054824874 -0.054556873 -0.054369166 -0.055415593
0.384 -0.04896946 -0.0530251 -0.0530982 -0.05163638 -0.05500178 -0.054702498 -0.05451242 -0.055593647
0.3845 -0.04919832 -0.05317102 -0.05324688 -0.05181768 -0.055175148 -0.054846272 -0.054653704 -0.05576815
0.385 -0.04942377 -0.05331524 -0.05339373 -0.0519964 -0.055344984 -0.054988224 -0.054793067 -0.055939123
0.3855 -0.04964587 -0.05345777 -0.05353878 -0.0521726 -0.055511408 -0.05512834 -0.054930493 -0.05610668
0.386 -0.04986466 -0.05359862 -0.05368205 -0.05234629 -0.05567445 -0.055266663 -0.055066064 -0.056270856
0.3865 -0.0500802 -0.05373782 -0.05382356 -0.05251754 -0.05583422 -0.055403177 -0.05519972 -0.056431722
0.387 -0.05029254 -0.05387539 -0.05396333 -0.05268636 -0.055990748 -0.05553791 -0.055331573 -0.05658936
0.3875 -0.05050172 -0.05401134 -0.05410139 -0.0528528 -0.056144126 -0.055670872 -0.055461586 -0.056743827
0.388 -0.0507078 -0.05414568 -0.05423774 -0.05301689 -0.05629438 -0.055802044 -0.055589765 -0.056895185
0.3885 -0.05091082 -0.05427845 -0.05437242 -0.05317867 -0.056441613 -0.055931486 -0.055716194 -0.057043508
0.389 -0.05111084 -0.05440964 -0.05450544 -0.05333817 -0.0565859 -0.05605918 -0.055840865 -0.05718883
0.3895 -0.05130789 -0.05453929 -0.05463683 -0.05349543 -0.056727245 -0.056185164 -0.055963784 -0.05733124
0.39 -0.05150203 -0.05466741 -0.05476659 -0.05365047 -0.056865767 -0.05630943 -0.05608497 -0.057470776
0.3905 -0.05169329 -0.054794 -0.05489475 -0.05380335 -0.057001494 -0.056431994 -0.056204475 -0.057607513
0.391 -0.05188173 -0.0549191 -0.05502133 -0.05395408 -0.05713445 -0.05655287 -0.05632229 -0.057741504
0.3915 -0.05206738 -0.05504272 -0.05514635 -0.05410269 -0.05726476 -0.056672078 -0.05643844 -0.0578728
0.392 -0.0522503 -0.05516487 -0.05526983 -0.05424923 -0.057392433 -0.05678963 -0.056552954 -0.058001444
0.3925 -0.05243051 -0.05528557 -0.05539178 -0.05439371 -0.05751755 -0.05690552 -0.056665853 -0.058127515
0.393 -0.05260807 -0.05540483 -0.05551222 -0.05453618 -0.057640135 -0.057019785 -0.056777142 -0.05825105
0.3935 -0.05278302 -0.05552268 -0.05563118 -0.05467665 -0.057760254 -0.057132438 -0.056886837 -0.058372106
0.394 -0.05295539 -0.05563912 -0.05574866 -0.05481517 -0.057877988 -0.057243496 -0.05699499 -0.058490723
0.3945 -0.05312522 -0.05575418 -0.05586468 -0.05495176 -0.057993323 -0.057352968 -0.057101578 -0.058606967
0.395 -0.05329256 -0.05586786 -0.05597928 -0.05508644 -0.058106348 -0.057460856 -0.05720666 -0.058720883
0.3955 -0.05345744 -0.05598018 -0.05609245 -0.05521925 -0.058217123 -0.057567194 -0.057310224 -0.05883252
0.396 -0.0536199 -0.05609117 -0.05620422 -0.05535021 -0.058325678 -0.05767199 -0.05741229 -0.05894191
0.3965 -0.05377998 -0.05620083 -0.0563146 -0.05547935 -0.058432043 -0.057775237 -0.057512894 -0.059049122
0.397 -0.05393771 -0.05630917 -0.05642361 -0.0556067 -0.058536287 -0.05787702 -0.057612054 -0.059154168
0.3975 -0.05409313 -0.05641622 -0.05653127 -0.05573228 -0.058638442 -0.057977267 -0.057709746 -0.059257112
0.398 -0.05424627 -0.05652199 -0.0566376 -0.05585612 -0.05873855 -0.05807606 -0.057806067 -0.059358016
0.3985 -0.05439717 -0.05662649 -0.0567426 -0.05597825 -0.05883666 -0.05817338 -0.05790095 -0.059456885
0.399 -0.05454587 -0.05672973 -0.0568463 -0.05609868 -0.05893281 -0.058269255 -0.05799447 -0.059553772
0.3995 -0.05469239 -0.05683174 -0.05694871 -0.05621745 -0.059027027 -0.058363676 -0.058086604 -0.05964874
0.4 -0.05483678 -0.05693251 -0.05704985 -0.05633458 -0.059119385 -0.058456704 -0.058177397 -0.059741814
0.4005 -0.05497906 -0.05703208 -0.05714973 -0.05645009 -0.05920989 -0.058548316 -0.05826685 -0.059833016
0.401 -0.05511926 -0.05713045 -0.05724837 -0.05656401 -0.059298612 -0.058638554 -0.05835501 -0.059922405
0.4015 -0.05525742 -0.05722764 -0.05734578 -0.05667635 -0.05938554 -0.058727413 -0.058441848 -0.060010005
0.402 -0.05539357 -0.05732365 -0.05744198 -0.05678715 -0.05947075 -0.058814935 -0.05852744 -0.06009587
0.4025 -0.05552774 -0.05741851 -0.05753698 -0.05689642 -0.059554286 -0.058901113 -0.058611736 -0.06018004
0.403 -0.05565996 -0.05751222 -0.05763079 -0.05700419 -0.05963613 -0.058985963 -0.058694787 -0.06026251
0.4035 -0.05579026 -0.0576048 -0.05772344 -0.05711047 -0.059716385 -0.059069514 -0.058776602 -0.060343347
0.404 -0.05591867 -0.05769626 -0.05781493 -0.0572153 -0.05979501 -0.059151758 -0.058857195 -0.060422592
0.4045 -0.05604521 -0.05778662 -0.05790528 -0.05731869 -0.059872117 -0.059232753 -0.058936596 -0.06050025
0.405 -0.05616992 -0.05787588 -0.05799451 -0.05742065 -0.059947666 -0.05931246 -0.059014805 -0.060576376
0.4055 -0.05629282 -0.05796406 -0.05808262 -0.05752122 -0.06002172 -0.05939094 -0.059091836 -0.06065098
0.406 -0.05641394 -0.05805118 -0.05816963 -0.05762041 -0.06009432 -0.0594682 -0.05916772 -0.060724106
0.4065 -0.0565333 -0.05813724 -0.05825556 -0.05771825 -0.06016548 -0.059544243 -0.059242465 -0.0607958
0.407 -0.05665095 -0.05822226 -0.05834041 -0.05781474 -0.060235236 -0.0596191 -0.059316084 -0.060866047
0.4075 -0.05676689 -0.05830624 -0.0584242 -0.05790992 -0.060303617 -0.059692763 -0.05938857 -0.06093492
0.408 -0.05688116 -0.05838921 -0.05850695 -0.05800379 -0.06037066 -0.05976526 -0.05945999 -0.061002433
0.4085 -0.05699377 -0.05847117 -0.05858866 -0.05809638 -0.060436368 -0.059836615 -0.059530318 -0.06106861
0.409 -0.05710477 -0.05855213 -0.05866935 -0.05818771 -0.060500797 -0.059906833 -0.05959957 -0.061133485
0.4095 -0.05721416 -0.05863211 -0.05874903 -0.0582778 -0.06056394 -0.05997593 -0.059667774 -0.061197083
0.41 -0.05732198 -0.05871111 -0.05882772 -0.05836665 -0.060625847 -0.0600439 -0.05973491 -0.061259422
0.4105 -0.05742825 -0.05878916 -0.05890542 -0.05845429 -0.060686544 -0.06011081 -0.059801064 -0.06132052
0.411 -0.05753299 -0.05886625 -0.05898214 -0.05854075 -0.06074606 -0.060176633 -0.059866175 -0.06138044
0.4115 -0.05763622 -0.0589424 -0.05905791 -0.05862602 -0.060804393 -0.060241416 -0.059930302 -0.06143916
0.412 -0.05773797 -0.05901763 -0.05913273 -0.05871014 -0.060861576 -0.06030512 -0.05999344 -0.061496746
0.4125 -0.05783826 -0.05909194 -0.05920661 -0.05879311 -0.060917657 -0.060367823 -0.060055606 -0.061553184
0.413 -0.05793711 -0.05916534 -0.05927957 -0.05887495 -0.060972642 -0.060429495 -0.06011682 -0.061608523
0.4135 -0.05803455 -0.05923785 -0.05935161 -0.05895569 -0.061026555 -0.06049017 -0.060177073 -0.061662775
0.414 -0.05813059 -0.05930947 -0.05942276 -0.05903533 -0.061079398 -0.060549863 -0.060236394 -0.061715957
0.4145 -0.05822525 -0.05938021 -0.059493 -0.05911389 -0.06113124 -0.06060856 -0.060294807 -0.061768122
0.415 -0.05831856 -0.05945009 -0.05956237 -0.05919138 -0.061182022 -0.060666315 -0.06035231 -0.061819233
0.4155 -0.05841053 -0.05951912 -0.05963087 -0.05926783 -0.06123184 -0.06072311 -0.06040892 -0.06186937
0.416 -0.0585012 -0.0595873 -0.05969851 -0.05934324 -0.061280698 -0.060778987 -0.060464628 -0.061918527
0.4165 -0.05859056 -0.05965465 -0.0597653 -0.05941763 -0.0613286 -0.06083394 -0.060519487 -0.061966706
0.417 -0.05867865 -0.05972117 -0.05983126 -0.05949102 -0.061375566 -0.060887992 -0.060573474 -0.06201396
0.4175 -0.05876549 -0.05978687 -0.05989638 -0.05956341 -0.061421636 -0.06094117 -0.06062665 -0.06206028
0.418 -0.05885109 -0.05985178 -0.05996069 -0.05963483 -0.0614668 -0.060993444 -0.06067896 -0.062105708
0.4185 -0.05893546 -0.05991588 -0.06002419 -0.05970528 -0.06151109 -0.061044864 -0.06073045 -0.062150247
0.419 -0.05901864 -0.0599792 -0.0600869 -0.05977478 -0.06155451 -0.06109541 -0.06078113 -0.06219392
0.4195 -0.05910064 -0.06004174 -0.06014881 -0.05984335 -0.061597105 -0.061145127 -0.060831018 -0.06223675
0.42 -0.05918147 -0.06010352 -0.06020995 -0.05991099 -0.061638884 -0.061194018 -0.060880102 -0.062278736
0.4205 -0.05926115 -0.06016453 -0.06027032 -0.05997772 -0.061679814 -0.0612421 -0.060928404 -0.06231992
0.421 -0.0593397 -0.0602248 -0.06032994 -0.06004356 -0.061719984 -0.061289378 -0.06097597 -0.062360305
0.4215 -0.05941713 -0.06028432 -0.0603888 -0.0601085 -0.061759382 -0.061335854 -0.06102276 -0.0623999
0.422 -0.05949347 -0.06034312 -0.06044693 -0.06017258 -0.061798014 -0.061381564 -0.06106881 -0.062438734
0.4225 -0.05956873 -0.06040119 -0.06050432 -0.06023579 -0.061835904 -0.061426513 -0.061114147 -0.062476814
0.423 -0.05964292 -0.06045854 -0.06056099 -0.06029816 -0.061873056 -0.06147069 -0.06115874 -0.062514156
0.4235 -0.05971606 -0.06051519 -0.06061695 -0.06035968 -0.06190952 -0.06151414 -0.061202638 -0.06255078
0.424 -0.05978816 -0.06057114 -0.06067221 -0.06042038 -0.06194524 -0.061556857 -0.06124582 -0.06258669
0.4245 -0.05985925 -0.06062641 -0.06072677 -0.06048027 -0.061980303 -0.061598837 -0.061288312 -0.06262191
0.425 -0.05992933 -0.06068099 -0.06078065 -0.06053936 -0.06201469 -0.06164013 -0.061330132 -0.06265645
0.4255 -0.05999843 -0.06073489 -0.06083384 -0.06059765 -0.06204841 -0.061680708 -0.061371274 -0.06269035
0.426 -0.06006655 -0.06078814 -0.06088637 -0.06065516 -0.062081493 -0.061720613 -0.061411753 -0.06272358
0.4265 -0.0601337 -0.06084073 -0.06093824 -0.06071191 -0.062113933 -0.061759837 -0.06145159 -0.06275615
0.427 -0.06019992 -0.06089266 -0.06098945 -0.06076789 -0.062145762 -0.06179839 -0.061490767 -0.062788114
0.4275 -0.0602652 -0.06094396 -0.06104002 -0.06082312 -0.062176976 -0.061836284 -0.061529316 -0.062819466
0.428 -0.06032956 -0.06099462 -0.06108996 -0.06087762 -0.06220758 -0.06187354 -0.061567225 -0.06285019
0.4285 -0.06039302 -0.06104466 -0.06113926 -0.06093139 -0.062237628 -0.061910167 -0.061604545 -0.06288037
0.429 -0.06045558 -0.06109408 -0.06118795 -0.06098444 -0.06226708 -0.06194617 -0.061641254 -0.06290993
0.4295 -0.06051727 -0.06114289 -0.06123602 -0.06103678 -0.062295977 -0.061981555 -0.061677374 -0.06293894
0.43 -0.06057809 -0.06119109 -0.06128348 -0.06108843 -0.062324315 -0.062016338 -0.06171289 -0.06296739
0.4305 -0.06063805 -0.0612387 -0.06133035 -0.06113939 -0.06235211 -0.06205052 -0.061747856 -0.06299531
0.431 -0.06069718 -0.06128572 -0.06137663 -0.06118966 -0.0623794 -0.06208414 -0.061782226 -0.06302267
0.4315 -0.06075548 -0.06133216 -0.06142232 -0.06123927 -0.06240615 -0.062117163 -0.061816044 -0.06304954
0.432 -0.06081296 -0.06137802 -0.06146744 -0.06128822 -0.062432405 -0.062149625 -0.06184931 -0.063075885
0.4325 -0.06086964 -0.06142332 -0.06151199 -0.06133651 -0.062458154 -0.062181532 -0.061882034 -0.063101724
0.433 -0.06092552 -0.06146805 -0.06155598 -0.06138417 -0.062483404 -0.062212884 -0.061914235 -0.06312707
0.4335 -0.06098062 -0.06151223 -0.06159942 -0.06143119 -0.062508196 -0.062243707 -0.06194587 -0.063151926
0.434 -0.06103496 -0.06155586 -0.06164231 -0.06147758 -0.0625325 -0.062273998 -0.06197702 -0.06317632
0.4345 -0.06108853 -0.06159895 -0.06168465 -0.06152336 -0.062556356 -0.062303744 -0.062007636 -0.06320026
0.435 -0.06114136 -0.06164151 -0.06172647 -0.06156853 -0.06257975 -0.062333003 -0.06203776 -0.06322371
0.4355 -0.06119345 -0.06168354 -0.06176775 -0.0616131 -0.06260271 -0.06236176 -0.06206739 -0.06324674
0.436 -0.06124481 -0.06172505 -0.06180852 -0.06165708 -0.062625244 -0.062390026 -0.062096544 -0.06326931
0.4365 -0.06129546 -0.06176604 -0.06184877 -0.06170047 -0.06264734 -0.062417783 -0.062125184 -0.06329148
0.437 -0.0613454 -0.06180653 -0.06188851 -0.06174329 -0.06266901 -0.062445067 -0.06215336 -0.063313216
0.4375 -0.06139465 -0.06184651 -0.06192776 -0.06178555 -0.06269027 -0.06247188 -0.062181085 -0.06333454
0.438 -0.06144322 -0.06188599 -0.06196651 -0.06182724 -0.06271115 -0.06249825 -0.06220837 -0.06335546
0.4385 -0.0614911 -0.06192499 -0.06200477 -0.06186838 -0.06273162 -0.06252414 -0.062235154 -0.06337599
0.439 -0.06153833 -0.0619635 -0.06204254 -0.06190898 -0.062751725 -0.06254958 -0.06226153 -0.063396126
0.4395 -0.0615849 -0.06200153 -0.06207984 -0.06194904 -0.06277143 -0.06257459 -0.062287442 -0.063415885
0.44 -0.06163082 -0.06203909 -0.06211667 -0.06198857 -0.06279075 -0.06259917 -0.06231294 -0.06343526
0.4405 -0.0616761 -0.06207618 -0.06215304 -0.06202757 -0.062809736 -0.0626233 -0.062338002 -0.063454285
0.441 -0.06172076 -0.06211281 -0.06218895 -0.06206606 -0.06282835 -0.06264703 -0.062362656 -0.06347296
0.4415 -0.0617648 -0.06214899 -0.0622244 -0.06210405 -0.06284662 -0.062670335 -0.062386885 -0.06349125
0.442 -0.06180823 -0.06218471 -0.06225941 -0.06214153 -0.06286456 -0.062693246 -0.062410742 -0.06350921
0.4425 -0.06185106 -0.06221999 -0.06229397 -0.06217852 -0.06288214 -0.06271576 -0.062434174 -0.06352683
0.443 -0.06189329 -0.06225483 -0.0623281 -0.06221502 -0.0628994 -0.06273788 -0.06245722 -0.063544124
0.4435 -0.06193495 -0.06228924 -0.0623618 -0.06225103 -0.06291634 -0.062759615 -0.06247987 -0.0635611
0.444 -0.06197602 -0.06232322 -0.06239507 -0.06228658 -0.06293294 -0.06278097 -0.06250215 -0.06357774
0.4445 -0.06201653 -0.06235677 -0.06242792 -0.06232165 -0.062949255 -0.062801935 -0.06252406 -0.06359407
0.445 -0.06205649 -0.06238991 -0.06246036 -0.06235626 -0.06296526 -0.06282255 -0.062545605 -0.06361011
0.4455 -0.06209589 -0.06242264 -0.06249239 -0.06239042 -0.062980965 -0.06284283 -0.06256677 -0.06362583
0.446 -0.06213474 -0.06245496 -0.06252401 -0.06242412 -0.06299636 -0.062862724 -0.062587604 -0.063641235
0.4465 -0.06217307 -0.06248687 -0.06255524 -0.06245739 -0.06301149 -0.062882274 -0.06260806 -0.06365639
0.447 -0.06221086 -0.06251839 -0.06258607 -0.06249021 -0.06302634 -0.062901475 -0.062628195 -0.06367125
0.4475 -0.06224813 -0.06254951 -0.06261651 -0.06252261 -0.0630409 -0.06292036 -0.06264798 -0.063685834
0.448 -0.0622849 -0.06258025 -0.06264657 -0.06255458 -0.06305519 -0.06293891 -0.06266744 -0.06370014
0.4485 -0.06232115 -0.0626106 -0.06267625 -0.06258612 -0.06306921 -0.06295713 -0.06268657 -0.06371418
0.449 -0.06235691 -0.06264057 -0.06270555 -0.06261726 -0.06308296 -0.062975034 -0.06270537 -0.063727945
0.4495 -0.06239218 -0.06267017 -0.06273448 -0.06264798 -0.06309648 -0.062992625 -0.062723845 -0.06374146
0.45 -0.06242696 -0.0626994 -0.06276305 -0.0626783 -0.06310974 -0.0630099 -0.062742025 -0.06375472
0.4505 -0.06246127 -0.06272827 -0.06279126 -0.06270823 -0.063122734 -0.06302687 -0.062759876 -0.06376775
0.451 -0.0624951 -0.06275677 -0.06281911 -0.06273776 -0.063135505 -0.06304356 -0.06277743 -0.06378051
0.4515 -0.06252847 -0.06278492 -0.06284661 -0.0627669 -0.06314804 -0.06305995 -0.06279471 -0.063793056
0.452 -0.06256139 -0.06281272 -0.06287376 -0.06279566 -0.06316033 -0.06307604 -0.06281169 -0.06380536
0.4525 -0.06259385 -0.06284017 -0.06290057 -0.06282405 -0.06317239 -0.06309186 -0.06282836 -0.06381743
0.453 -0.06262587 -0.06286728 -0.06292704 -0.06285206 -0.06318424 -0.06310741 -0.06284476 -0.06382927
0.4535 -0.06265746 -0.06289405 -0.06295318 -0.06287971 -0.06319587 -0.06312266 -0.06286088 -0.06384091
0.454 -0.06268861 -0.06292048 -0.06297899 -0.06290699 -0.063207254 -0.06313766 -0.06287672 -0.06385232
0.4545 -0.06271933 -0.06294658 -0.06300447 -0.06293392 -0.06321846 -0.063152395 -0.062892295 -0.063863516
0.455 -0.06274964 -0.06297236 -0.06302963 -0.06296049 -0.06322946 -0.06316689 -0.062907614 -0.0638745
0.4555 -0.06277953 -0.06299782 -0.06305447 -0.06298672 -0.063240245 -0.0631811 -0.06292266 -0.063885294
0.456 -0.06280901 -0.06302295 -0.063079 -0.06301261 -0.063250825 -0.06319506 -0.06293745 -0.06389589
0.4565 -0.06283809 -0.06304778 -0.06310321 -0.06303815 -0.06326121 -0.063208796 -0.06295198 -0.06390625
0.457 -0.06286678 -0.06307229 -0.06312713 -0.06306336 -0.0632714 -0.06322227 -0.062966265 -0.06391646
0.4575 -0.06289508 -0.0630965 -0.06315073 -0.06308825 -0.06328141 -0.06323552 -0.06298033 -0.06392647
0.458 -0.06292298 -0.0631204 -0.06317405 -0.06311281 -0.06329124 -0.06324854 -0.06299413 -0.063936286
0.4585 -0.06295051 -0.063144 -0.06319706 -0.06313704 -0.06330088 -0.06326132 -0.063007705 -0.06394592
0.459 -0.06297767 -0.06316731 -0.06321979 -0.06316096 -0.06331034 -0.06327388 -0.06302103 -0.0639554
0.4595 -0.06300446 -0.06319033 -0.06324223 -0.06318457 -0.06331963 -0.063286215 -0.06303414 -0.06396468
0.46 -0.06303088 -0.06321306 -0.06326439 -0.06320787 -0.06332875 -0.06329833 -0.06304702 -0.063973784
0.4605 -0.06305694 -0.0632355 -0.06328626 -0.06323087 -0.06333768 -0.06331023 -0.06305968 -0.06398274
0.461 -0.06308265 -0.06325766 -0.06330786 -0.06325357 -0.063346475 -0.063321926 -0.06307212 -0.0639915
0.4615 -0.06310801 -0.06327955 -0.06332919 -0.06327597 -0.0633551 -0.063333414 -0.06308436 -0.06400013
0.462 -0.06313303 -0.06330116 -0.06335025 -0.06329808 -0.06336357 -0.0633447 -0.0630964 -0.06400858
0.4625 -0.06315771 -0.0633225 -0.06337104 -0.0633199 -0.06337187 -0.06335578 -0.0631082 -0.06401689
0.463 -0.06318205 -0.06334358 -0.06339157 -0.06334144 -0.06338003 -0.063366674 -0.063119814 -0.064025044
0.4635 -0.06320606 -0.06336439 -0.06341184 -0.0633627 -0.063388035 -0.06337738 -0.063131236 -0.064033024
0.464 -0.06322975 -0.06338494 -0.06343185 -0.06338368 -0.06339587 -0.06338788 -0.06314244 -0.06404087
0.4645 -0.06325312 -0.06340523 -0.06345161 -0.06340439 -0.06340359 -0.0633982 -0.06315347 -0.06404859
0.465 -0.06327617 -0.06342527 -0.06347112 -0.06342483 -0.06341116 -0.063408345 -0.063164294 -0.06405614
0.4655 -0.06329891 -0.06344505 -0.06349039 -0.063445 -0.0634186 -0.06341831 -0.063174926 -0.064063564
0.466 -0.06332134 -0.06346459 -0.06350941 -0.06346491 -0.06342589 -0.06342809 -0.0631854 -0.064070866
0.4665 -0.06334347 -0.06348388 -0.06352819 -0.06348457 -0.06343305 -0.06343771 -0.06319568 -0.06407802
0.467 -0.0633653 -0.06350293 -0.06354673 -0.06350396 -0.06344007 -0.063447155 -0.063205786 -0.06408504
0.4675 -0.06338684 -0.06352175 -0.06356504 -0.06352311 -0.06344697 -0.063456416 -0.06321571 -0.064091936
0.468 -0.06340808 -0.06354032 -0.06358312 -0.06354201 -0.063453756 -0.063465536 -0.06322546 -0.064098686
0.4685 -0.06342904 -0.06355867 -0.06360097 -0.06356066 -0.063460395 -0.06347448 -0.06323505 -0.06410532
0.469 -0.06344972 -0.06357678 -0.0636186 -0.06357907 -0.06346694 -0.063483275 -0.06324448 -0.06411184
0.4695 -0.06347012 -0.06359467 -0.063636 -0.06359724 -0.063473344 -0.0634919 -0.06325373 -0.06411825
0.47 -0.06349024 -0.06361233 -0.06365318 -0.06361518 -0.063479625 -0.06350039 -0.063262835 -0.064124525
0.4705 -0.06351009 -0.06362977 -0.06367015 -0.06363288 -0.0634858 -0.06350872 -0.06327176 -0.06413069
0.471 -0.06352968 -0.06364699 -0.0636869 -0.06365035 -0.06349185 -0.06351689 -0.06328055 -0.06413674
0.4715 -0.063549 -0.063664 -0.06370344 -0.0636676 -0.063497804 -0.06352493 -0.063289195 -0.06414269
0.472 -0.06356806 -0.06368079 -0.06371977 -0.06368462 -0.06350365 -0.06353284 -0.06329768 -0.06414851
0.4725 -0.06358687 -0.06369737 -0.06373589 -0.06370143 -0.06350939 -0.06354058 -0.063306004 -0.064154245
0.473 -0.06360542 -0.06371375 -0.06375181 -0.06371801 -0.06351501 -0.06354821 -0.06331421 -0.064159855
0.4735 -0.06362373 -0.06372992 -0.06376753 -0.06373438 -0.063520536 -0.0635557 -0.063322246 -0.064165376
0.474 -0.06364178 -0.06374588 -0.06378306 -0.06375054 -0.06352596 -0.06356305 -0.06333016 -0.06417079
0.4745 -0.0636596 -0.06376165 -0.06379838 -0.06376649 -0.06353129 -0.06357027 -0.063337915 -0.064176105
0.475 -0.06367718 -0.06377721 -0.06381351 -0.06378224 -0.063536525 -0.06357737 -0.06334557 -0.06418133
0.4755 -0.06369452 -0.06379258 -0.06382845 -0.06379778 -0.06354165 -0.06358432 -0.06335307 -0.06418645
0.476 -0.06371163 -0.06380776 -0.0638432 -0.06381311 -0.0635467 -0.06359118 -0.06336045 -0.064191476
0.4765 -0.06372851 -0.06382275 -0.06385777 -0.06382826 -0.063551635 -0.063597895 -0.06336769 -0.0641964
0.477 -0.06374516 -0.06383755 -0.06387215 -0.0638432 -0.0635565 -0.0636045 -0.0633748 -0.06420125
0.4775 -0.0637616 -0.06385216 -0.06388635 -0.06385795 -0.06356126 -0.063610986 -0.06338179 -0.06420602
0.478 -0.06377781 -0.06386659 -0.06390037 -0.06387252 -0.063565955 -0.063617334 -0.06338867 -0.06421069
0.4785 -0.0637938 -0.06388084 -0.06391422 -0.06388689 -0.06357054 -0.06362359 -0.06339542 -0.06421528
0.479 -0.06380958 -0.06389491 -0.06392789 -0.06390108 -0.06357506 -0.06362975 -0.063402064 -0.06421977
0.4795 -0.06382515 -0.06390881 -0.06394138 -0.06391508 -0.06357947 -0.06363579 -0.06340858 -0.06422419
0.48 -0.06384051 -0.06392253 -0.06395471 -0.06392891 -0.063583836 -0.06364172 -0.06341497 -0.064228535
0.4805 -0.06385567 -0.06393607 -0.06396787 -0.06394255 -0.0635881 -0.063647546 -0.06342127 -0.0642328
0.481 -0.06387063 -0.06394945 -0.06398086 -0.06395602 -0.0635923 -0.06365327 -0.06342746 -0.06423697
0.4815 -0.06388538 -0.06396266 -0.06399368 -0.06396932 -0.0635964 -0.063658886 -0.06343353 -0.06424108
0.482 -0.06389994 -0.0639757 -0.06400635 -0.06398245 -0.06360046 -0.06366441 -0.0634395 -0.06424512
0.4825 -0.0639143 -0.06398858 -0.06401886 -0.0639954 -0.063604414 -0.063669816 -0.06344535 -0.06424907
0.483 -0.06392848 -0.0640013 -0.0640312 -0.06400819 -0.06360832 -0.06367514 -0.063451126 -0.06425296
0.4835 -0.06394246 -0.06401385 -0.0640434 -0.06402081 -0.06361212 -0.06368037 -0.06345678 -0.06425677
0.484 -0.06395626 -0.06402625 -0.06405543 -0.06403328 -0.06361588 -0.06368551 -0.06346235 -0.0642605
0.4845 -0.06396987 -0.06403849 -0.06406732 -0.06404558 -0.063619584 -0.06369056 -0.0634678 -0.06426418
0.485 -0.06398331 -0.06405058 -0.06407906 -0.06405772 -0.06362319 -0.063695505 -0.063473165 -0.06426781
0.4855 -0.06399656 -0.06406252 -0.06409064 -0.06406971 -0.06362675 -0.06370038 -0.06347845 -0.06427135
0.486 -0.06400964 -0.06407431 -0.06410209 -0.06408154 -0.06363022 -0.06370516 -0.06348363 -0.06427482
0.4865 -0.06402254 -0.06408595 -0.06411338 -0.06409322 -0.063633665 -0.06370985 -0.06348872 -0.064278245
0.487 -0.06403528 -0.06409744 -0.06412454 -0.06410475 -0.06363703 -0.06371448 -0.06349373 -0.0642816
0.4875 -0.06404784 -0.06410879 -0.06413555 -0.06411613 -0.063640326 -0.063719004 -0.06349863 -0.06428489
0.488 -0.06406024 -0.06411999 -0.06414643 -0.06412737 -0.063643575 -0.06372346 -0.06350347 -0.06428811
0.4885 -0.06407247 -0.06413106 -0.06415716 -0.06413846 -0.06364676 -0.063727826 -0.06350822 -0.06429128
0.489 -0.06408454 -0.06414199 -0.06416777 -0.06414941 -0.063649885 -0.0637321 -0.06351288 -0.06429441
0.4895 -0.06409645 -0.06415277 -0.06417823 -0.06416021 -0.06365294 -0.06373633 -0.06351745 -0.06429747
0.49 -0.0641082 -0.06416343 -0.06418857 -0.06417088 -0.06365596 -0.06374046 -0.06352195 -0.06430048
0.4905 -0.0641198 -0.06417394 -0.06419878 -0.06418142 -0.06365892 -0.06374453 -0.06352636 -0.06430343
0.491 -0.06413124 -0.06418433 -0.06420885 -0.06419181 -0.063661814 -0.06374852 -0.0635307 -0.06430632
0.4915 -0.06414253 -0.06419459 -0.0642188 -0.06420208 -0.063664675 -0.06375246 -0.06353496 -0.064309165
0.492 -0.06415367 -0.06420471 -0.06422863 -0.06421221 -0.06366748 -0.06375631 -0.063539155 -0.06431195
0.4925 -0.06416467 -0.06421471 -0.06423833 -0.06422221 -0.06367021 -0.063760094 -0.063543275 -0.06431469
0.493 -0.06417552 -0.06422459 -0.06424791 -0.06423208 -0.063672915 -0.063763805 -0.06354732 -0.06431738
0.4935 -0.06418622 -0.06423434 -0.06425736 -0.06424183 -0.063675575 -0.06376746 -0.06355131 -0.06432001
0.494 -0.06419679 -0.06424396 -0.0642667 -0.06425145 -0.063678175 -0.063771054 -0.063555196 -0.064322606
0.4945 -0.06420721 -0.06425347 -0.06427592 -0.06426095 -0.06368072 -0.06377457 -0.06355903 -0.064325154
0.495 -0.0642175 -0.06426286 -0.06428503 -0.06427032 -0.063683234 -0.06377804 -0.063562796 -0.06432766
0.4955 -0.06422765 -0.06427212 -0.06429401 -0.06427958 -0.0636857 -0.06378143 -0.06356651 -0.064330116
0.496 -0.06423766 -0.06428128 -0.06430289 -0.06428872 -0.06368813 -0.06378476 -0.06357014 -0.06433254
0.4965 -0.06424755 -0.06429031 -0.06431165 -0.06429774 -0.06369051 -0.06378804 -0.06357371 -0.0643349
0.497 -0.0642573 -0.06429924 -0.06432031 -0.06430664 -0.06369282 -0.063791275 -0.063577205 -0.06433722
0.4975 -0.06426693 -0.06430805 -0.06432885 -0.06431543 -0.063695125 -0.063794434 -0.06358066 -0.0643395
0.498 -0.06427642 -0.06431675 -0.06433729 -0.06432411 -0.06369737 -0.06379753 -0.063584045 -0.06434174
0.4985 -0.0642858 -0.06432534 -0.06434562 -0.06433268 -0.06369957 -0.063800596 -0.063587375 -0.064343944
0.499 -0.06429505 -0.06433382 -0.06435384 -0.06434114 -0.06370175 -0.06380358 -0.06359063 -0.064346105
0.4995 -0.06430417 -0.06434219 -0.06436196 -0.06434949 -0.063703865 -0.06380653 -0.063593835 -0.06434822
0.5 -0.06431318 -0.06435046 -0.06436998 -0.06435773 -0.063705966 -0.06380941 -0.063597 -0.064350314
