0.0 -0.065 -0.065 -0.065 -0.065 -7.684063e-05 0.006786026 -0.05849759 -0.019713655
0.0005 -0.065 -0.065 -0.065 -0.065 -0.008512792 -0.0024437904 -0.07007404 -0.02782614
0.001 -0.065 -0.065 -0.065 -0.065 -0.016871054 -0.010927459 -0.077448994 -0.034859255
0.0015 -0.065 -0.065 -0.065 -0.065 -0.024761971 -0.018815044 -0.0820477 -0.040940635
0.002 -0.065 -0.065 -0.065 -0.065 -0.031957146 -0.026170831 -0.08480116 -0.046174757
0.0025 -0.065 -0.065 -0.065 -0.065 -0.038341668 -0.03301079 -0.08632228 -0.05064527
0.003 -0.065 -0.065 -0.065 -0.065 -0.043880407 -0.039329138 -0.087018184 -0.054424025
0.0035 -0.065 -0.065 -0.065 -0.065 -0.048592485 -0.0451154 -0.08716212 -0.057578124
0.004 -0.065 -0.065 -0.065 -0.065 -0.052531473 -0.05036373 -0.086939365 -0.06017317
0.0045 -0.065 -0.065 -0.065 -0.065 -0.055770565 -0.05507722 -0.0864768 -0.06227392
0.005 -0.065 -0.065 -0.065 -0.065 -0.058391754 -0.05926882 -0.08586213 -0.06394353
0.0055 -0.065 -0.065 -0.065 -0.065 -0.060478408 -0.06296034 -0.08515634 -0.06524222
0.006 -0.065 -0.065 -0.065 -0.065 -0.062110405 -0.06618056 -0.084401876 -0.066226095
0.0065 -0.065 -0.065 -0.065 -0.065 -0.06336129 -0.06896317 -0.0836283 -0.066946216
0.007 -0.065 -0.065 -0.065 -0.065 -0.06429685 -0.07134473 -0.082855925 -0.06744817
0.0075 -0.065 -0.065 -0.065 -0.065 -0.06497463 -0.07336284 -0.08209847 -0.06777193
0.008 -0.065 -0.065 -0.065 -0.065 -0.06544403 -0.07505487 -0.0813649 -0.06795196
0.0085 -0.065 -0.065 -0.065 -0.065 -0.06574693 -0.0764568 -0.080660686 -0.06801761
0.009 -0.065 -0.065 -0.065 -0.065 -0.0659183 -0.077602655 -0.07998885 -0.067993544
0.0095 -0.065 -0.065 -0.065 -0.065 -0.065987065 -0.078523934 -0.07935059 -0.06790026
0.01 -0.065 -0.065 -0.065 -0.065 -0.06597697 -0.07924949 -0.07874589 -0.06775468
0.0105 -0.065 -0.065 -0.065 -0.065 -0.06590723 -0.07980536 -0.07817383 -0.06757052
0.011 -0.065 -0.065 -0.065 -0.065 -0.065793365 -0.08021486 -0.077632904 -0.06735894
0.0115 -0.065 -0.065 -0.065 -0.065 -0.065647714 -0.08049868 -0.077121295 -0.067128815
0.012 -0.065 -0.065 -0.065 -0.065 -0.06548004 -0.08067511 -0.076636955 -0.06688719
0.0125 -0.065 -0.065 -0.065 -0.065 -0.065298006 -0.080760166 -0.076177806 -0.06663959
0.013 -0.065 -0.065 -0.065 -0.065 -0.06510751 -0.08076784 -0.07574173 -0.06639025
0.0135 -0.065 -0.065 -0.065 -0.065 -0.06491309 -0.08071034 -0.07532674 -0.06614245
0.014 -0.065 -0.065 -0.065 -0.065 -0.06471818 -0.080598205 -0.07493091 -0.06589859
0.0145 -0.065 -0.065 -0.065 -0.065 -0.064525284 -0.08044052 -0.07455245 -0.06566046
0.015 -0.065 -0.065 -0.065 -0.065 -0.064336225 -0.08024518 -0.07418973 -0.06542928
0.0155 -0.065 -0.065 -0.065 -0.065 -0.06415229 -0.08001895 -0.073841296 -0.0652059
0.016 -0.065 -0.065 -0.065 -0.065 -0.0639743 -0.07976757 -0.07350576 -0.064990774
0.0165 -0.065 -0.065 -0.065 -0.065 -0.06380279 -0.079496056 -0.07318197 -0.06478422
0.017 -0.065 -0.065 -0.065 -0.065 -0.063638 -0.07920861 -0.072868854 -0.06458623
0.0175 -0.065 -0.065 -0.065 -0.065 -0.06348001 -0.078908846 -0.072565466 -0.06439675
0.018 -0.065 -0.065 -0.065 -0.065 -0.06332878 -0.07859987 -0.072271 -0.06421558
0.0185 -0.065 -0.065 -0.065 -0.065 -0.06318411 -0.07828428 -0.07198473 -0.064042434
0.019 -0.065 -0.065 -0.065 -0.065 -0.06304579 -0.077964246 -0.071706034 -0.063877024
0.0195 -0.065 -0.065 -0.065 -0.065 -0.06291356 -0.07764168 -0.071434356 -0.06371896
0.02 -0.065 -0.065 -0.065 -0.065 -0.062787116 -0.07731812 -0.07116923 -0.063567914
0.0205 -0.065 -0.065 -0.065 -0.065 -0.06266614 -0.07699491 -0.070910245 -0.06342349
0.021 -0.065 -0.065 -0.065 -0.065 -0.0625503 -0.076673135 -0.07065706 -0.063285306
0.0215 -0.065 -0.065 -0.065 -0.065 -0.06243928 -0.07635374 -0.07040933 -0.06315298
0.022 -0.065 -0.065 -0.065 -0.065 -0.06233282 -0.07603744 -0.070166826 -0.06302619
0.0225 -0.065 -0.065 -0.065 -0.065 -0.062230613 -0.07572487 -0.0699293 -0.06290458
0.023 -0.065 -0.065 -0.065 -0.065 -0.062132347 -0.075416565 -0.06969656 -0.06278783
0.0235 -0.065 -0.065 -0.065 -0.065 -0.062037837 -0.07511288 -0.06946842 -0.06267564
0.024 -0.065 -0.065 -0.065 -0.065 -0.061946776 -0.074814156 -0.06924473 -0.06256772
0.0245 -0.065 -0.065 -0.065 -0.065 -0.061858986 -0.07452066 -0.06902536 -0.062463805
0.025 -0.065 -0.065 -0.065 -0.065 -0.06177425 -0.07423259 -0.0688102 -0.06236366
0.0255 -0.065 -0.065 -0.065 -0.065 -0.061692383 -0.07395007 -0.068599135 -0.062267035
0.026 -0.065 -0.065 -0.065 -0.065 -0.061613206 -0.07367319 -0.06839207 -0.06217373
0.0265 -0.065 -0.065 -0.065 -0.065 -0.061536554 -0.07340202 -0.068188906 -0.062083557
0.027 -0.065 -0.065 -0.065 -0.065 -0.061462272 -0.07313657 -0.06798958 -0.061996326
0.0275 -0.065 -0.065 -0.065 -0.065 -0.06139027 -0.072876856 -0.067794 -0.061911866
0.028 -0.065 -0.065 -0.065 -0.065 -0.06132037 -0.072622865 -0.06760212 -0.061830044
0.0285 -0.065 -0.065 -0.065 -0.065 -0.061252493 -0.07237454 -0.06741387 -0.061750703
0.029 -0.065 -0.065 -0.065 -0.065 -0.061186533 -0.07213183 -0.06722918 -0.061673746
0.0295 -0.065 -0.065 -0.065 -0.065 -0.06112239 -0.07189469 -0.06704799 -0.06159901
0.03 -0.065 -0.065 -0.065 -0.065 -0.06106 -0.07166302 -0.06687026 -0.06152641
0.0305 -0.065 -0.065 -0.065 -0.065 -0.060999256 -0.07143675 -0.06669592 -0.061455853
0.031 -0.065 -0.065 -0.065 -0.065 -0.060940105 -0.07121579 -0.06652494 -0.061387256
0.0315 -0.065 -0.065 -0.065 -0.065 -0.060882475 -0.07100004 -0.066357225 -0.06132049
0.032 -0.065 -0.065 -0.065 -0.065 -0.060826298 -0.07078941 -0.06619277 -0.061255515
0.0325 -0.065 -0.065 -0.065 -0.065 -0.06077152 -0.07058379 -0.066031486 -0.061192244
0.033 -0.065 -0.065 -0.065 -0.065 -0.060718108 -0.07038307 -0.06587336 -0.061130613
0.0335 -0.065 -0.065 -0.065 -0.065 -0.06066599 -0.07018717 -0.06571833 -0.06107056
0.034 -0.065 -0.065 -0.065 -0.065 -0.06061512 -0.06999597 -0.06556634 -0.06101203
0.0345 -0.065 -0.065 -0.065 -0.065 -0.060565475 -0.06980935 -0.065417334 -0.060954966
0.035 -0.065 -0.065 -0.065 -0.065 -0.060517017 -0.069627225 -0.0652713 -0.060899302
0.0355 -0.065 -0.065 -0.065 -0.065 -0.060469683 -0.069449484 -0.065128155 -0.06084501
0.036 -0.065 -0.065 -0.065 -0.065 -0.06042346 -0.069276035 -0.06498785 -0.060792036
0.0365 -0.065 -0.065 -0.065 -0.065 -0.06037831 -0.06910677 -0.06485038 -0.060740367
0.037 -0.065 -0.065 -0.065 -0.065 -0.060334202 -0.06894158 -0.06471565 -0.06068992
0.0375 -0.065 -0.065 -0.065 -0.065 -0.060291108 -0.06878039 -0.06458365 -0.060640678
0.038 -0.065 -0.065 -0.065 -0.065 -0.060248997 -0.06862305 -0.064454325 -0.060592607
0.0385 -0.065 -0.065 -0.065 -0.065 -0.06020787 -0.068469554 -0.06432763 -0.060545675
0.039 -0.065 -0.065 -0.065 -0.065 -0.06016766 -0.06831972 -0.0642035 -0.060499854
0.0395 -0.065 -0.065 -0.065 -0.065 -0.060128357 -0.06817351 -0.06408191 -0.06045509
0.04 -0.065 -0.065 -0.065 -0.065 -0.060089942 -0.068030804 -0.0639628 -0.06041137
0.0405 -0.065 -0.065 -0.065 -0.065 -0.06005239 -0.06789155 -0.06384614 -0.060368665
0.041 -0.065 -0.065 -0.065 -0.065 -0.060015697 -0.06775561 -0.063731894 -0.060326956
0.0415 -0.065 -0.065 -0.065 -0.065 -0.0599798 -0.06762296 -0.06362 -0.0602862
0.042 -0.065 -0.065 -0.065 -0.065 -0.05994473 -0.06749348 -0.06351042 -0.0602464
0.0425 -0.065 -0.065 -0.065 -0.065 -0.059910443 -0.06736711 -0.06340313 -0.06020751
0.043 -0.065 -0.065 -0.065 -0.065 -0.059876923 -0.067243755 -0.06329806 -0.060169503
0.0435 -0.065 -0.065 -0.065 -0.065 -0.059844147 -0.06712335 -0.0631952 -0.060132384
0.044 -0.065 -0.065 -0.065 -0.065 -0.05981211 -0.06700584 -0.063094474 -0.0600961
0.0445 -0.065 -0.065 -0.065 -0.065 -0.059780773 -0.06689112 -0.06299586 -0.06006065
0.045 -0.065 -0.065 -0.065 -0.065 -0.05975015 -0.06677914 -0.06289932 -0.060025997
0.0455 -0.065 -0.065 -0.065 -0.065 -0.059720214 -0.06666982 -0.06280482 -0.05999215
0.046 -0.065 -0.065 -0.065 -0.065 -0.05969095 -0.066563115 -0.06271231 -0.05995907
0.0465 -0.065 -0.065 -0.065 -0.065 -0.059662323 -0.06645894 -0.06262176 -0.05992674
0.047 -0.065 -0.065 -0.065 -0.065 -0.059634347 -0.06635724 -0.06253312 -0.059895158
0.0475 -0.065 -0.065 -0.065 -0.065 -0.05960698 -0.06625795 -0.062446356 -0.059864283
0.048 -0.065 -0.065 -0.065 -0.065 -0.059580225 -0.06616102 -0.06236144 -0.0598341
0.0485 -0.065 -0.065 -0.065 -0.065 -0.05955406 -0.06606637 -0.062278345 -0.05980461
0.049 -0.065 -0.065 -0.065 -0.065 -0.059528496 -0.06597397 -0.062196996 -0.059775785
0.0495 -0.065 -0.065 -0.065 -0.065 -0.059503492 -0.065883756 -0.062117394 -0.059747614
0.05 -0.065 -0.065 -0.065 -0.065 -0.059479047 -0.065795675 -0.06203951 -0.059720084
0.0505 -0.065 -0.065 -0.065 -0.065 -0.059455153 -0.06570965 -0.061963283 -0.05969318
0.051 -0.065 -0.065 -0.065 -0.065 -0.05943178 -0.06562567 -0.06188869 -0.059666872
0.0515 -0.065 -0.065 -0.065 -0.065 -0.059408937 -0.06554367 -0.0618157 -0.059641175
0.052 -0.065 -0.065 -0.065 -0.065 -0.059386607 -0.06546359 -0.061744284 -0.05961605
0.0525 -0.065 -0.065 -0.065 -0.065 -0.05936477 -0.0653854 -0.061674405 -0.05959151
0.053 -0.065 -0.065 -0.065 -0.065 -0.0593434 -0.06530903 -0.061606023 -0.059567504
0.0535 -0.065 -0.065 -0.065 -0.065 -0.05932254 -0.06523447 -0.061539132 -0.05954404
0.054 -0.065 -0.065 -0.065 -0.065 -0.059302118 -0.065161645 -0.061473675 -0.059521116
0.0545 -0.065 -0.065 -0.065 -0.065 -0.059282165 -0.06509052 -0.06140964 -0.059498705
0.055 -0.065 -0.065 -0.065 -0.065 -0.059262674 -0.06502108 -0.061347004 -0.059476808
0.0555 -0.065 -0.065 -0.065 -0.065 -0.05924358 -0.06495325 -0.06128571 -0.059455402
0.056 -0.065 -0.065 -0.065 -0.065 -0.059224937 -0.064887 -0.061225764 -0.059434474
0.0565 -0.065 -0.065 -0.065 -0.065 -0.059206706 -0.064822316 -0.06116711 -0.05941402
0.057 -0.065 -0.065 -0.065 -0.065 -0.0591889 -0.06475912 -0.06110974 -0.059394054
0.0575 -0.065 -0.065 -0.065 -0.065 -0.059171464 -0.064697415 -0.06105361 -0.05937451
0.058 -0.065 -0.065 -0.065 -0.065 -0.059154447 -0.064637154 -0.06099872 -0.05935543
0.0585 -0.065 -0.065 -0.065 -0.065 -0.059137795 -0.064578265 -0.060945008 -0.059336767
0.059 -0.065 -0.065 -0.065 -0.065 -0.05912151 -0.064520776 -0.060892485 -0.059318528
0.0595 -0.065 -0.065 -0.065 -0.065 -0.059105586 -0.064464614 -0.0608411 -0.05930069
0.06 -0.065 -0.065 -0.065 -0.065 -0.059090044 -0.06440975 -0.060790848 -0.05928327
0.0605 -0.065 -0.065 -0.065 -0.065 -0.05907483 -0.06435616 -0.060741704 -0.059266254
0.061 -0.065 -0.065 -0.065 -0.065 -0.059059966 -0.06430383 -0.060693618 -0.059249595
0.0615 -0.065 -0.065 -0.065 -0.065 -0.059045445 -0.064252704 -0.060646597 -0.059233338
0.062 -0.065 -0.065 -0.065 -0.065 -0.05903123 -0.06420277 -0.060600616 -0.05921743
0.0625 -0.065 -0.065 -0.065 -0.065 -0.059017334 -0.064153984 -0.06055563 -0.05920189
0.063 -0.065 -0.065 -0.065 -0.065 -0.05900376 -0.06410633 -0.06051165 -0.059186697
0.0635 -0.065 -0.065 -0.065 -0.065 -0.058990475 -0.06405978 -0.06046862 -0.059171848
0.064 -0.065 -0.065 -0.065 -0.065 -0.058977503 -0.0640143 -0.060426556 -0.059157334
0.0645 -0.065 -0.065 -0.065 -0.065 -0.058964808 -0.06396988 -0.060385402 -0.05914315
0.065 -0.065 -0.065 -0.065 -0.065 -0.058952395 -0.06392649 -0.06034517 -0.059129283
0.0655 -0.065 -0.065 -0.065 -0.065 -0.05894028 -0.063884094 -0.06030581 -0.05911573
0.066 -0.065 -0.065 -0.065 -0.065 -0.058928426 -0.06384267 -0.06026733 -0.05910249
0.0665 -0.065 -0.065 -0.065 -0.065 -0.05891684 -0.06380221 -0.060229704 -0.059089534
0.067 -0.065 -0.065 -0.065 -0.065 -0.058905516 -0.06376268 -0.0601929 -0.059076883
0.0675 -0.065 -0.065 -0.065 -0.065 -0.058894444 -0.06372407 -0.06015692 -0.059064522
0.068 -0.065 -0.065 -0.065 -0.065 -0.058883626 -0.06368634 -0.060121726 -0.05905243
0.0685 -0.065 -0.065 -0.065 -0.065 -0.058873046 -0.06364949 -0.06008731 -0.05904062
0.069 -0.065 -0.065 -0.065 -0.065 -0.058862705 -0.063613474 -0.060053658 -0.059029073
0.0695 -0.065 -0.065 -0.065 -0.065 -0.0588526 -0.06357829 -0.060020763 -0.059017792
0.07 -0.065 -0.065 -0.065 -0.065 -0.058842707 -0.06354393 -0.05998859 -0.059006758
0.0705 -0.065 -0.065 -0.065 -0.065 -0.05883305 -0.06351034 -0.059957117 -0.05899597
0.071 -0.065 -0.065 -0.065 -0.065 -0.05882362 -0.063477546 -0.05992637 -0.05898545
0.0715 -0.065 -0.065 -0.065 -0.065 -0.05881438 -0.06344548 -0.059896283 -0.058975145
0.072 -0.065 -0.065 -0.065 -0.065 -0.058805358 -0.06341417 -0.05986688 -0.05896508
0.0725 -0.065 -0.065 -0.065 -0.065 -0.058796536 -0.063383564 -0.05983811 -0.05895523
0.073 -0.065 -0.065 -0.065 -0.065 -0.05878794 -0.06335367 -0.059810005 -0.058945626
0.0735 -0.065 -0.065 -0.065 -0.065 -0.058779497 -0.06332447 -0.059782512 -0.05893623
0.074 -0.065 -0.065 -0.065 -0.065 -0.058771256 -0.06329593 -0.05975563 -0.058927037
0.0745 -0.065 -0.065 -0.065 -0.065 -0.058763202 -0.06326805 -0.059729353 -0.05891806
0.075 -0.065 -0.065 -0.065 -0.065 -0.058755334 -0.06324081 -0.059703656 -0.05890929
0.0755 -0.065 -0.065 -0.065 -0.065 -0.058747638 -0.06321417 -0.059678532 -0.0589007
0.076 -0.065 -0.065 -0.065 -0.065 -0.058740135 -0.063188165 -0.05965397 -0.058892332
0.0765 -0.065 -0.065 -0.065 -0.065 -0.058732767 -0.06316276 -0.05962996 -0.05888412
0.077 -0.065 -0.065 -0.065 -0.065 -0.058725577 -0.06313792 -0.059606466 -0.058876112
0.0775 -0.065 -0.065 -0.065 -0.065 -0.05871856 -0.063113645 -0.059583515 -0.05886829
0.078 -0.065 -0.065 -0.065 -0.065 -0.05871169 -0.06308994 -0.059561066 -0.058860637
0.0785 -0.065 -0.065 -0.065 -0.065 -0.058704976 -0.063066766 -0.05953913 -0.058853164
0.079 -0.065 -0.065 -0.065 -0.065 -0.058698427 -0.063044146 -0.059517696 -0.058845855
0.0795 -0.065 -0.065 -0.065 -0.065 -0.058691997 -0.06302202 -0.0594967 -0.058838695
0.08 -0.065 -0.065 -0.065 -0.065 -0.058685753 -0.063000396 -0.05947621 -0.058831736
0.0805 -0.065 -0.065 -0.065 -0.065 -0.058679614 -0.06297928 -0.059456162 -0.058824897
0.081 -0.065 -0.065 -0.065 -0.065 -0.05867363 -0.06295866 -0.059436567 -0.058818236
0.0815 -0.065 -0.065 -0.065 -0.065 -0.05866779 -0.06293848 -0.059417408 -0.05881171
0.082 -0.065 -0.065 -0.065 -0.065 -0.058662068 -0.06291878 -0.059398666 -0.058805354
0.0825 -0.065 -0.065 -0.065 -0.065 -0.05865648 -0.062899515 -0.059380367 -0.058799118
0.083 -0.065 -0.065 -0.065 -0.065 -0.05865101 -0.06288071 -0.059362456 -0.05879303
0.0835 -0.065 -0.065 -0.065 -0.065 -0.05864567 -0.06286234 -0.059344962 -0.058787093
0.084 -0.065 -0.065 -0.065 -0.065 -0.05864044 -0.062844366 -0.05932785 -0.058781266
0.0845 -0.065 -0.065 -0.065 -0.065 -0.05863535 -0.0628268 -0.05931113 -0.058775596
0.085 -0.065 -0.065 -0.065 -0.065 -0.058630344 -0.062809646 -0.05929476 -0.05877004
0.0855 -0.065 -0.065 -0.065 -0.065 -0.05862548 -0.06279288 -0.059278786 -0.058764607
0.086 -0.065 -0.065 -0.065 -0.065 -0.05862071 -0.06277649 -0.059263155 -0.058759302
0.0865 -0.065 -0.065 -0.065 -0.065 -0.05861603 -0.06276049 -0.059247874 -0.05875411
0.087 -0.065 -0.065 -0.065 -0.065 -0.058611486 -0.06274484 -0.059232943 -0.058749035
0.0875 -0.065 -0.065 -0.065 -0.065 -0.058607046 -0.06272955 -0.05921835 -0.058744095
0.088 -0.065 -0.065 -0.065 -0.065 -0.05860268 -0.06271461 -0.059204064 -0.058739237
0.0885 -0.065 -0.065 -0.065 -0.065 -0.058598433 -0.06270002 -0.059190117 -0.058734506
0.089 -0.065 -0.065 -0.065 -0.065 -0.05859426 -0.06268574 -0.059176482 -0.058729872
0.0895 -0.065 -0.065 -0.065 -0.065 -0.058590207 -0.06267181 -0.059163157 -0.05872535
0.09 -0.065 -0.065 -0.065 -0.065 -0.058586236 -0.06265819 -0.05915013 -0.05872094
0.0905 -0.065 -0.065 -0.065 -0.065 -0.05858237 -0.06264487 -0.05913739 -0.058716625
0.091 -0.065 -0.065 -0.065 -0.065 -0.058578562 -0.06263186 -0.059124935 -0.0587124
0.0915 -0.065 -0.065 -0.065 -0.065 -0.058574844 -0.062619135 -0.059112757 -0.05870828
0.092 -0.065 -0.065 -0.065 -0.065 -0.05857123 -0.06260671 -0.059100848 -0.05870425
0.0925 -0.065 -0.065 -0.065 -0.065 -0.058567684 -0.06259456 -0.059089214 -0.058700293
0.093 -0.065 -0.065 -0.065 -0.065 -0.05856422 -0.0625827 -0.05907786 -0.05869645
0.0935 -0.065 -0.065 -0.065 -0.065 -0.058560845 -0.06257109 -0.059066724 -0.05869268
0.094 -0.065 -0.065 -0.065 -0.065 -0.05855753 -0.06255978 -0.059055872 -0.058689006
0.0945 -0.065 -0.065 -0.065 -0.065 -0.058554303 -0.06254871 -0.059045255 -0.058685414
0.095 -0.065 -0.065 -0.065 -0.065 -0.05855115 -0.06253788 -0.059034865 -0.058681905
0.0955 -0.065 -0.065 -0.065 -0.065 -0.058548044 -0.0625273 -0.059024714 -0.058678463
0.096 -0.065 -0.065 -0.065 -0.065 -0.05854504 -0.06251697 -0.059014797 -0.058675118
0.0965 -0.065 -0.065 -0.065 -0.065 -0.058542076 -0.06250687 -0.059005097 -0.058671832
0.097 -0.065 -0.065 -0.065 -0.065 -0.058539193 -0.062496986 -0.058995597 -0.058668613
0.0975 -0.065 -0.065 -0.065 -0.065 -0.05853637 -0.062487353 -0.058986355 -0.058665477
0.098 -0.065 -0.065 -0.065 -0.065 -0.05853362 -0.062477913 -0.05897729 -0.058662415
0.0985 -0.065 -0.065 -0.065 -0.065 -0.05853093 -0.062468704 -0.058968447 -0.058659427
0.099 -0.065 -0.065 -0.065 -0.065 -0.058528293 -0.062459704 -0.058959775 -0.058656506
0.0995 -0.065 -0.065 -0.065 -0.065 -0.058525715 -0.062450904 -0.05895132 -0.05865363
0.1 -0.065 -0.065 -0.065 -0.065 -0.10558439 -0.08679934 -0.06812039 -0.18175255
0.1005 -0.05395411 -0.05424113 -0.0503403 -0.04905331 -0.08387167 -0.08499943 -0.048113298 -0.15593512
0.101 -0.03890795 -0.03747828 -0.03240716 -0.03278831 -0.060815323 -0.06918228 -0.030684393 -0.10329375
0.1015 -0.02814193 -0.01790903 -0.01727841 -0.02045658 -0.042730447 -0.04563305 -0.013532471 -0.055909187
0.102 -0.02069542 0.003178119 -0.004227219 -0.009795039 -0.028955888 -0.018852357 0.0035993643 -0.017870797
0.1025 -0.0150448 0.0250925 0.007807406 0.0001286696 -0.018338475 0.008695293 0.02045517 0.011964487
0.103 -0.01028089 0.0474125 0.01940331 0.009585489 -0.009936971 0.03581539 0.036792923 0.035459653
0.1035 -0.005937762 0.06993615 0.03085921 0.0186779 -0.0030741515 0.06201834 0.05248301 0.054206118
0.104 -0.00178744 0.09256156 0.04231596 0.02745464 0.0027222363 0.08717054 0.06748544 0.0694059
0.1045 0.002247947 0.1152241 0.05373037 0.03590317 0.0077783195 0.11130306 0.08181383 0.08193883
0.105 0.006173272 0.1378681 0.06514498 0.04397101 0.012318979 0.13451348 0.09550981 0.09244649
0.1055 0.01004466 0.1604401 0.07662013 0.05175869 0.016499612 0.15691805 0.10862769 0.101400286
0.106 0.01390944 0.1828917 0.08816177 0.05932093 0.020428177 0.1786299 0.121226415 0.109150186
0.1065 0.01777463 0.2051775 0.09972897 0.06667168 0.02417989 0.1997503 0.13336386 0.11595905
0.107 0.02162822 0.2272565 0.1113051 0.07379875 0.027807657 0.22036576 0.14509498 0.12202673
0.1075 0.02547291 0.2490907 0.1228791 0.08072575 0.03134901 0.24054846 0.15647037 0.12750673
0.108 0.02931324 0.2706478 0.134441 0.08746946 0.034830887 0.26035774 0.16753547 0.13251862
0.1085 0.03314654 0.2919015 0.1459791 0.09403694 0.03827239 0.279842 0.17833097 0.13715594
0.109 0.03696713 0.3124343 0.1574776 0.1004319 0.04168744 0.29904005 0.18889259 0.14149262
0.1095 0.04076905 0.3318113 0.1689008 0.1066564 0.045086082 0.3179832 0.19925193 0.14558782
0.11 0.04454797 0.3506541 0.1802432 0.112717 0.048475366 0.33669636 0.20943625 0.14948866
0.1105 0.04830111 0.3692651 0.1915119 0.1186187 0.051860306 0.35519916 0.21946956 0.15323322
0.111 0.0520266 0.3877729 0.2027119 0.1243664 0.05524413 0.37350696 0.22937243 0.15685204
0.1115 0.05572328 0.4062089 0.2138441 0.1299648 0.05862904 0.3916315 0.239163 0.1603699
0.112 0.05939041 0.424555 0.2249059 0.1354189 0.06201603 0.4095815 0.2488568 0.16380705
0.1125 0.06302755 0.4427713 0.2358928 0.1407335 0.06540544 0.42736304 0.25846732 0.1671795
0.113 0.06663443 0.4608112 0.2467994 0.1459072 0.06879695 0.44498023 0.26800597 0.17050059
0.1135 0.07021071 0.4786304 0.2576206 0.1509458 0.07219003 0.46243513 0.2774831 0.17378092
0.114 0.07375616 0.4961907 0.2683517 0.1558612 0.07558346 0.479728 0.28690702 0.17702909
0.1145 0.07727063 0.5134613 0.2789883 0.1606582 0.07897606 0.49685836 0.29628515 0.18025197
0.115 0.08075414 0.5304188 0.2895263 0.1653407 0.082366064 0.513824 0.30562353 0.18345508
0.1155 0.08419939 0.5470457 0.2999613 0.1699053 0.08575203 0.5306219 0.31492722 0.1866429
0.116 0.08759454 0.5633286 0.3102875 0.1743514 0.089132115 0.5472482 0.32420024 0.18981853
0.1165 0.090956 0.579261 0.320505 0.1786939 0.09250467 0.5636981 0.33344564 0.19298485
0.117 0.09429381 0.5948416 0.330614 0.1829395 0.095867746 0.5799668 0.34266585 0.19614367
0.1175 0.09760871 0.6100723 0.3406131 0.1870861 0.09921965 0.5960486 0.3518623 0.19929652
0.118 0.1008762 0.6249548 0.3504918 0.1910754 0.10255864 0.6119376 0.36103582 0.20244415
0.1185 0.1040922 0.6394943 0.360248 0.1949488 0.10588281 0.6276276 0.37018636 0.205587
0.119 0.1072797 0.6536994 0.3698906 0.198749 0.10919061 0.6431126 0.37931338 0.20872518
0.1195 0.1104494 0.6675795 0.3794235 0.2024867 0.1124804 0.65838623 0.38841558 0.21185859
0.12 0.1136016 0.6811439 0.3888463 0.2061625 0.115750335 0.6734424 0.3974912 0.21498647
0.1205 0.1167332 0.6944018 0.3981572 0.2097751 0.11899898 0.68827504 0.4065379 0.21810809
0.121 0.11984 0.7073618 0.4073548 0.2133231 0.12222463 0.70287853 0.41555274 0.2212224
0.1215 0.1229189 0.7200324 0.416438 0.216806 0.12542586 0.7172471 0.42453256 0.22432807
0.122 0.125968 0.7324218 0.4254062 0.2202238 0.12860085 0.7313758 0.43347368 0.22742343
0.1225 0.1289829 0.7445375 0.4342586 0.2235679 0.13174817 0.74525964 0.44237214 0.23050708
0.123 0.1319381 0.7563843 0.442988 0.2267024 0.13486625 0.7588943 0.45122364 0.23357686
0.1235 0.134828 0.76797 0.4515957 0.2295728 0.13795368 0.77227575 0.46002388 0.23663104
0.124 0.137682 0.7793027 0.4600885 0.2324538 0.1410086 0.7854002 0.46876764 0.23966713
0.1245 0.1405222 0.79039 0.4684708 0.2353647 0.14402957 0.79826474 0.4774505 0.24268301
0.125 0.1433522 0.8012392 0.4767436 0.2382883 0.14701517 0.81086683 0.48606747 0.24567653
0.1255 0.1461675 0.8118568 0.4849067 0.2412044 0.14996362 0.823204 0.49461317 0.24864484
0.126 0.1489617 0.8222489 0.4929595 0.2438531 0.15287338 0.83527464 0.503083 0.25158587
0.1265 0.1517288 0.832421 0.5009015 0.2464207 0.155743 0.8470776 0.51147175 0.254497
0.127 0.1544651 0.8423772 0.5087306 0.2490344 0.15857089 0.8586119 0.5197743 0.2573757
0.1275 0.1571698 0.8521225 0.5164472 0.2516867 0.16135564 0.86987704 0.52798617 0.26021957
0.128 0.1598441 0.8616628 0.5240549 0.2543572 0.16409574 0.8808733 0.5361022 0.26302624
0.1285 0.1624875 0.8710027 0.5315551 0.2567362 0.16679001 0.89160115 0.5441183 0.26579347
0.129 0.1650902 0.8801468 0.5389477 0.2590714 0.16943684 0.9020613 0.55202967 0.26851898
0.1295 0.1676391 0.8890772 0.545286 0.2614595 0.17203519 0.91225517 0.55983245 0.2712005
0.13 0.1701525 0.8977716 0.5513828 0.2638907 0.17458381 0.92218417 0.5675226 0.27383605
0.1305 0.1726441 0.906258 0.5578106 0.2663438 0.17708154 0.9318503 0.57509637 0.27642396
0.131 0.1751029 0.9145641 0.5645398 0.2687797 0.17952779 0.9412559 0.5825504 0.27896234
0.1315 0.1775154 0.9227073 0.5714263 0.2711628 0.18192126 0.9504037 0.58988166 0.28144953
0.132 0.1798952 0.9306962 0.5780628 0.273511 0.18426137 0.9592964 0.5970869 0.2838842
0.1325 0.182228 0.9384943 0.5836788 0.2758464 0.18654762 0.9679371 0.60416424 0.2862651
0.133 0.1845372 0.9461022 0.589453 0.27817 0.18877928 0.9763294 0.6111108 0.2885911
0.1335 0.1868213 0.953549 0.5956235 0.2804496 0.19095607 0.98447686 0.617925 0.2908613
0.134 0.189073 0.9608589 0.6020633 0.2826775 0.19307764 0.9923834 0.6246048 0.29307488
0.1345 0.1913092 0.9680465 0.6086183 0.28488 0.19514391 1.0000528 0.63114923 0.29523137
0.135 0.1935351 0.9751181 0.6151746 0.2870631 0.19715473 1.0074894 0.6375569 0.29733023
0.1355 0.1957532 0.9820747 0.6216606 0.2892243 0.19911024 1.0146979 0.6438273 0.2993713
0.136 0.1979592 0.988915 0.6280361 0.2913597 0.20101066 1.0216824 0.6499597 0.30135444
0.1365 0.2001199 0.9956348 0.6342387 0.2934418 0.20285632 1.0284477 0.655954 0.30327967
0.137 0.2022386 1.002228 0.6402856 0.2954728 0.2046476 1.0349985 0.6618101 0.3051473
0.1375 0.2043413 1.008697 0.6462179 0.2974748 0.20638473 1.0413396 0.6675284 0.30695745
0.138 0.2064339 1.015044 0.6520446 0.2994534 0.2080686 1.0474758 0.6731091 0.30871072
0.1385 0.2085139 1.021269 0.6577658 0.3014077 0.20969984 1.0534123 0.67855334 0.3104077
0.139 0.2105765 1.027374 0.663381 0.3033357 0.21127903 1.0591539 0.6838616 0.31204894
0.1395 0.2126171 1.03336 0.6688913 0.3052356 0.2128071 1.0647056 0.6890354 0.31363526
0.14 0.2146321 1.039227 0.6742983 0.3070938 0.21428506 1.0700724 0.694076 0.31516764
0.1405 0.2166151 1.044972 0.6796014 0.3088878 0.21571359 1.0752594 0.6989845 0.3166468
0.141 0.2185666 1.050601 0.6848058 0.3106462 0.21709375 1.0802714 0.703763 0.31807384
0.1415 0.2204922 1.056119 0.6899178 0.3123833 0.21842678 1.0851133 0.708413 0.31944993
0.142 0.2223823 1.061527 0.6949393 0.3140784 0.2197135 1.0897905 0.71293646 0.32077605
0.1425 0.2242229 1.066829 0.6998679 0.3157202 0.22095507 1.0943072 0.71733546 0.32205343
0.143 0.2260377 1.072026 0.7047108 0.3173413 0.2221527 1.0986686 0.72161174 0.3232833
0.1435 0.2278401 1.07712 0.7094743 0.318951 0.22330756 1.1028794 0.72576797 0.32446697
0.144 0.2296327 1.082113 0.7141608 0.320549 0.22442056 1.1069442 0.72980595 0.32560542
0.1445 0.2314135 1.087008 0.7187715 0.322133 0.22549312 1.1108676 0.7337284 0.32670024
0.145 0.2331707 1.091807 0.7233072 0.3236997 0.22652636 1.1146542 0.7375376 0.3277526
0.1455 0.2346516 1.096511 0.7277683 0.3252469 0.2275215 1.1183084 0.741236 0.32876375
0.146 0.2360872 1.101122 0.7321548 0.3267733 0.22847944 1.1218344 0.7448257 0.3297348
0.1465 0.2376194 1.105643 0.7364686 0.3282787 0.2294017 1.1252366 0.7483097 0.33066747
0.147 0.2392427 1.110076 0.7407118 0.3297627 0.23028915 1.128519 0.7516901 0.33156273
0.1475 0.2409199 1.114421 0.7448857 0.3312251 0.23114313 1.1316856 0.75496954 0.3324219
0.148 0.2426172 1.118682 0.7489915 0.332666 0.23196459 1.1347405 0.7581506 0.33324617
0.1485 0.244311 1.12286 0.7530301 0.3340851 0.23275469 1.1376876 0.7612357 0.33403695
0.149 0.2459767 1.126954 0.7570005 0.3354629 0.23351449 1.1405302 0.76422715 0.3347953
0.1495 0.2475873 1.130959 0.7608958 0.3367803 0.23424523 1.1432724 0.76712775 0.33552232
0.15 0.2491626 1.134881 0.7647225 0.3380745 0.18116541 1.102445 0.62850237 0.3288295
0.1505 0.2396828 1.127972 0.7538307 0.323425 0.21434213 1.1003166 0.66894674 0.35560033
0.151 0.2261952 1.114993 0.7396055 0.3084513 0.22688918 1.0995226 0.69007635 0.3591457
0.1515 0.2169537 1.099137 0.7280311 0.2973722 0.22851947 1.0930828 0.6986817 0.3479305
0.152 0.2109952 1.081687 0.7184313 0.2879305 0.22410113 1.0821118 0.70062494 0.32980338
0.1525 0.2067941 1.063291 0.7097988 0.2792123 0.21695268 1.0680122 0.6992054 0.3093153
0.153 0.2034383 1.044304 0.7015375 0.270932 0.20904662 1.0518161 0.6960263 0.2891046
0.1535 0.2004747 1.024948 0.6933634 0.2629963 0.20143315 1.0342524 0.69179845 0.27052966
0.154 0.1976916 1.005376 0.6851584 0.2553663 0.19459532 1.0158286 0.6868148 0.25415602
0.1545 0.1949925 0.9857004 0.6768814 0.2480197 0.1886852 0.99689674 0.68119776 0.24009006
0.155 0.1923336 0.9660113 0.6685247 0.2409395 0.18367721 0.97770137 0.67501354 0.22819377
0.1555 0.1896951 0.9463807 0.660094 0.2341116 0.17946298 0.9584115 0.668316 0.21821652
0.156 0.1870683 0.9268669 0.6516 0.2275228 0.17590626 0.93914294 0.66116214 0.2098714
0.1565 0.1844491 0.9075177 0.6430539 0.2211607 0.17287128 0.919976 0.6536126 0.20287691
0.157 0.1818134 0.8883695 0.6344293 0.2150015 0.17023705 0.9009657 0.6457309 0.19697708
0.1575 0.1791712 0.8694508 0.6257591 0.2090435 0.16790198 0.88214976 0.63757914 0.19194956
0.158 0.1765456 0.8507889 0.6170884 0.2032846 0.1657839 0.8635556 0.62921673 0.1876068
0.1585 0.1739406 0.8324053 0.608429 0.1977155 0.16381809 0.8452026 0.6206983 0.18379383
0.159 0.1713536 0.8143167 0.5997835 0.1923263 0.16195454 0.8271051 0.61207306 0.18038455
0.1595 0.1687814 0.7965349 0.5911539 0.187108 0.16015501 0.80927485 0.603385 0.1772774
0.16 0.1662218 0.7790686 0.5825433 0.182052 0.15839069 0.7917209 0.59467226 0.17439173
0.1605 0.1636738 0.7619233 0.5739558 0.1771506 0.1566395 0.77445096 0.5859677 0.1716635
0.161 0.1611369 0.7451025 0.5653963 0.1723964 0.15488495 0.7574715 0.57729906 0.16904284
0.1615 0.1586113 0.7286075 0.5568699 0.1677827 0.15311463 0.74078774 0.5686895 0.16649078
0.162 0.1560975 0.7124384 0.5483813 0.1633031 0.15131919 0.7244046 0.56015843 0.16397749
0.1625 0.1535961 0.6965941 0.5399355 0.1589517 0.1494916 0.70832556 0.55172116 0.16148031
0.163 0.1511078 0.6810724 0.5315368 0.1547228 0.1476268 0.69255376 0.5433899 0.15898234
0.1635 0.1486332 0.6658703 0.5231893 0.1506112 0.1457211 0.6770913 0.5351742 0.15647112
0.164 0.1461729 0.6509842 0.5148969 0.146612 0.14377196 0.6619393 0.5270808 0.15393794
0.1645 0.1437276 0.6364099 0.5066629 0.1427205 0.14177814 0.64709836 0.51911426 0.15137719
0.165 0.1412977 0.6221429 0.4984905 0.1389322 0.13973898 0.63256806 0.5112778 0.14878537
0.1655 0.1388839 0.6081784 0.4903825 0.135243 0.13765483 0.61834747 0.5035726 0.14616096
0.166 0.1364865 0.5945111 0.4823417 0.1316491 0.1355266 0.6044346 0.4959985 0.14350404
0.1665 0.134106 0.5811358 0.4743702 0.1281465 0.13335566 0.5908272 0.48855472 0.1408156
0.167 0.1317428 0.568047 0.4664703 0.1247319 0.13114406 0.577522 0.48123914 0.13809776
0.1675 0.1293972 0.5552392 0.4586437 0.1214019 0.12889437 0.5645153 0.47404897 0.13535342
0.168 0.1270696 0.5427068 0.4508923 0.1181533 0.12660924 0.55180323 0.466981 0.13258582
0.1685 0.1247603 0.5304442 0.4432176 0.1149831 0.12429174 0.5393811 0.4600315 0.1297987
0.169 0.1224695 0.5184457 0.4356209 0.1118885 0.12194535 0.5272442 0.45319644 0.12699619
0.1695 0.1201975 0.5067058 0.4281034 0.1088667 0.11957352 0.51538724 0.4464715 0.1241824
0.17 0.1179446 0.4952189 0.4206661 0.1059152 0.117179856 0.50380486 0.43985242 0.12136158
0.1705 0.1157109 0.4839796 0.4133101 0.1030316 0.11476811 0.49249148 0.43333447 0.1185381
0.171 0.1134966 0.4729824 0.406036 0.1002135 0.11234183 0.48144165 0.42691344 0.11571607
0.1715 0.1113019 0.462222 0.3988446 0.09745868 0.10990483 0.47064936 0.4205848 0.112899564
0.172 0.1091269 0.4516931 0.3917364 0.09476506 0.10746064 0.46010882 0.41434425 0.110092655
0.1725 0.1069718 0.4413906 0.3847119 0.09213062 0.10501287 0.44981444 0.40818766 0.107299015
0.173 0.1048367 0.4313093 0.3777714 0.08955345 0.10256476 0.43976027 0.40211093 0.10452217
0.1735 0.1027216 0.4214444 0.3709152 0.0870317 0.10011961 0.42994052 0.39611018 0.101765454
0.174 0.1006267 0.4117909 0.3641435 0.08456364 0.097680606 0.42034948 0.39018187 0.09903193
0.1745 0.09855196 0.402344 0.3574564 0.08214759 0.095250495 0.4109816 0.38432255 0.096324384
0.175 0.09649752 0.3930991 0.350854 0.07978197 0.092832044 0.4018312 0.37852886 0.09364532
0.1755 0.0944634 0.3840516 0.3443361 0.07746524 0.090427764 0.39289284 0.3727979 0.090997055
0.176 0.09244963 0.375197 0.3379027 0.07519594 0.08803999 0.38416106 0.36712676 0.08838159
0.1765 0.09045622 0.366531 0.3315537 0.07297269 0.0856708 0.37563062 0.36151284 0.08580068
0.177 0.08848318 0.3580492 0.3252887 0.07079413 0.083322115 0.36729634 0.35595387 0.0832559
0.1775 0.0865305 0.3497475 0.3191076 0.06865899 0.0809957 0.35915297 0.3504475 0.0807485
0.178 0.08459817 0.3416217 0.3130101 0.06656603 0.07869308 0.3511956 0.34499174 0.07827951
0.1785 0.08268617 0.333668 0.3069956 0.06451408 0.076415636 0.34341925 0.3395848 0.0758499
0.179 0.08079447 0.3258824 0.301064 0.062502 0.07416453 0.33581913 0.33422512 0.073460326
0.1795 0.07892302 0.3182612 0.2952146 0.0605287 0.07194081 0.3283905 0.32891113 0.07111124
0.18 0.07707177 0.3108005 0.289447 0.05859314 0.06974534 0.32112873 0.32364148 0.068803005
0.1805 0.07524066 0.3034968 0.2837608 0.05669431 0.06757886 0.31402934 0.31841508 0.06653582
0.181 0.07342964 0.2963466 0.2781553 0.05483124 0.06544192 0.30708787 0.31323087 0.06430967
0.1815 0.07163862 0.2893463 0.2726299 0.05300301 0.06333499 0.3003001 0.308088 0.062124535
0.182 0.06986754 0.2824927 0.2671841 0.05120871 0.061258424 0.29366168 0.30298567 0.059980184
0.1825 0.0681163 0.2757823 0.2618172 0.04944749 0.059212524 0.2871686 0.2979232 0.057876393
0.183 0.06638482 0.2692121 0.2565286 0.0477185 0.057197344 0.2808168 0.29290006 0.05581273
0.1835 0.06467299 0.2627789 0.2513176 0.04602096 0.05521303 0.27460232 0.28791577 0.05378878
0.184 0.06298073 0.2564796 0.2461835 0.04435407 0.053259492 0.2685214 0.28296998 0.051804006
0.1845 0.06130791 0.2503112 0.2411255 0.04271711 0.051336702 0.26257038 0.27806246 0.049857818
0.185 0.05965443 0.2442707 0.236143 0.04110934 0.04944455 0.2567456 0.273193 0.04794967
0.1855 0.05802018 0.2383555 0.2312353 0.03953007 0.047582787 0.2510435 0.26836136 0.046078853
0.186 0.05640503 0.2325626 0.2264015 0.03797863 0.045751162 0.2454608 0.26356763 0.04424467
0.1865 0.05480886 0.2268894 0.2216408 0.03645437 0.04394936 0.23999414 0.2588117 0.042446382
0.187 0.05323154 0.2213331 0.2169526 0.03495665 0.042177156 0.23464023 0.25409356 0.040683314
0.1875 0.05167295 0.2158913 0.212336 0.03348487 0.04043417 0.22939609 0.24941339 0.038954727
0.188 0.05013295 0.2105614 0.2077903 0.03203844 0.03871993 0.22425866 0.24477132 0.037259765
0.1885 0.0486114 0.2053409 0.2033146 0.03061679 0.037034117 0.21922506 0.24016748 0.035597704
0.189 0.04710816 0.2002274 0.1989081 0.02921936 0.0353763 0.2142925 0.23560216 0.033967778
0.1895 0.04562309 0.1952185 0.19457 0.02784563 0.033746067 0.20945817 0.23107542 0.03236925
0.19 0.04415605 0.190312 0.1902995 0.02649507 0.03214302 0.2047195 0.22658764 0.030801294
0.1905 0.04270689 0.1855057 0.1860958 0.02516718 0.030566644 0.20007402 0.22213916 0.029263223
0.191 0.04127547 0.1807972 0.1819581 0.02386147 0.029016543 0.19551915 0.21773015 0.027754271
0.1915 0.03986162 0.1761845 0.1778855 0.02257747 0.027492262 0.19105257 0.21336095 0.026273685
0.192 0.03846521 0.1716655 0.1738772 0.02131472 0.02599337 0.18667203 0.2090319 0.02482078
0.1925 0.03708608 0.1672381 0.1699324 0.02007277 0.024519406 0.18237525 0.20474328 0.023394851
0.193 0.03572407 0.1629004 0.1660503 0.01885119 0.023069955 0.17816016 0.2004955 0.021995211
0.1935 0.03437903 0.1586504 0.16223 0.01764957 0.021644536 0.17402473 0.19628885 0.020621149
0.194 0.0330508 0.1544862 0.1584708 0.01646748 0.020242741 0.16996692 0.1921237 0.019272035
0.1945 0.03173923 0.1504059 0.1547718 0.01530453 0.01886421 0.16598488 0.18800043 0.017947277
0.195 0.03044415 0.1464078 0.1511322 0.01416034 0.017508391 0.16207674 0.18391924 0.016646175
0.1955 0.02916541 0.14249 0.1475511 0.01303453 0.016175028 0.15824068 0.17988054 0.015368225
0.196 0.02790285 0.1386507 0.1440279 0.01192674 0.014863617 0.15447503 0.17588465 0.014112774
0.1965 0.02665631 0.1348885 0.1405616 0.0108366 0.0135738 0.15077817 0.17193188 0.012879286
0.197 0.02542562 0.1312014 0.1371515 0.009763774 0.012305218 0.14714846 0.16802259 0.01166725
0.1975 0.02421064 0.127588 0.1337968 0.008707923 0.011057465 0.14358437 0.16415696 0.010476109
0.198 0.02301119 0.1240467 0.1304967 0.007668719 0.009830234 0.14008436 0.16033532 0.009305393
0.1985 0.02182712 0.1205759 0.1272504 0.00664584 0.008623072 0.13664703 0.15655793 0.008154577
0.199 0.02065826 0.1171741 0.1240571 0.005638976 0.007435723 0.13327096 0.15282501 0.0070232153
0.1995 0.01950447 0.1138398 0.1209162 0.004647821 0.0062678168 0.1299548 0.1491368 0.0059108566
0.2 0.01836557 0.1105717 0.1178267 0.00367208 0.0051189987 0.12669727 0.14549349 0.0048170546
0.2005 0.0172414 0.1073682 0.1147879 0.002711464 0.003988986 0.12349704 0.14189528 0.0037414152
0.201 0.01613182 0.104228 0.1117992 0.001765691 0.0028774487 0.120352924 0.13834234 0.0026835185
0.2015 0.01503665 0.1011498 0.1088597 0.0008344851 0.0017840816 0.117263734 0.13483483 0.0016429927
0.202 0.01395574 0.09813221 0.1059687 -8.242079e-05 0.00070858654 0.11422831 0.1313728 0.000619445
0.2025 0.01288893 0.095174 0.1031254 -0.0009852889 -0.00034931954 0.11124551 0.12795644 -0.00038745813
0.203 0.01183606 0.0922739 0.1003293 -0.001874375 -0.00138989 0.10831426 0.12458582 -0.0013780594
0.2035 0.01079698 0.08943067 0.09757941 -0.002749928 -0.0024134656 0.105433464 0.121260926 -0.0023527043
0.204 0.009771535 0.08664313 0.09487519 -0.003612192 -0.003420272 0.10260211 0.117981866 -0.0033117067
0.2045 0.008759561 0.08391008 0.09221589 -0.004461406 -0.004410577 0.09981918 0.11474858 -0.0042553507
0.205 0.007760908 0.0812304 0.08960081 -0.005297801 -0.0053846547 0.09708373 0.11156112 -0.0051839817
0.2055 0.006775422 0.07860295 0.08702928 -0.006121605 -0.0063427454 0.09439476 0.10841937 -0.0060978346
0.206 0.005802948 0.07602664 0.08450061 -0.006933039 -0.0072850725 0.09175138 0.10532339 -0.00699718
0.2065 0.004843336 0.0735004 0.08201414 -0.007732322 -0.008211904 0.08915265 0.102273 -0.007882308
0.207 0.003896434 0.07102317 0.07956919 -0.008519664 -0.009123462 0.08659771 0.09926812 -0.008753471
0.2075 0.002962091 0.06859395 0.07716512 -0.009295274 -0.010019985 0.08408572 0.09630866 -0.009610888
0.208 0.002040159 0.06621172 0.07480127 -0.01005935 -0.010901705 0.08161579 0.09339441 -0.010454813
0.2085 0.001130489 0.0638755 0.07247702 -0.0108121 -0.011768823 0.079187095 0.090525225 -0.011285452
0.209 0.0002329344 0.06158435 0.07019172 -0.01155372 -0.012621569 0.076798886 0.08770093 -0.012103056
0.2095 -0.0006526515 0.05933731 0.06794476 -0.01228438 -0.013460151 0.07445036 0.0849213 -0.01290783
0.21 -0.001526414 0.05713348 0.06573553 -0.01300429 -0.014284777 0.07214072 0.08218604 -0.013699957
0.2105 -0.002388496 0.05497196 0.0635634 -0.01371361 -0.015095671 0.06986925 0.07949501 -0.014479677
0.211 -0.00323904 0.05285188 0.0614278 -0.01441254 -0.015893005 0.06763521 0.07684788 -0.015247146
0.2115 -0.00407819 0.05077237 0.05932811 -0.01510123 -0.016677022 0.0654379 0.07424432 -0.016002582
0.212 -0.004906084 0.04873261 0.05726377 -0.01577988 -0.017447863 0.06327659 0.07168406 -0.016746134
0.2125 -0.005722862 0.04673177 0.0552342 -0.01644863 -0.01820578 0.061150637 0.06916678 -0.017478034
0.213 -0.006528663 0.04476905 0.05323883 -0.01710766 -0.018950917 0.05905933 0.06669213 -0.018198404
0.2135 -0.007323623 0.04284367 0.0512771 -0.01775712 -0.019683488 0.05700206 0.06425971 -0.018907445
0.214 -0.008107877 0.04095486 0.04934847 -0.01839718 -0.020403653 0.054978143 0.061869193 -0.01960531
0.2145 -0.008881561 0.03910188 0.04745238 -0.01902798 -0.021111615 0.052987017 0.05952018 -0.020292161
0.215 -0.009644807 0.03728399 0.0455883 -0.01964969 -0.02180757 0.051028017 0.057212245 -0.02096818
0.2155 -0.01039775 0.03550047 0.04375571 -0.02026243 -0.022491671 0.049100596 0.05494501 -0.021633483
0.216 -0.01114051 0.03375062 0.04195408 -0.02086637 -0.023164093 0.04720414 0.052718017 -0.02228826
0.2165 -0.01187323 0.03203376 0.0401829 -0.02146164 -0.023825001 0.045338094 0.05053084 -0.022932626
0.217 -0.01259604 0.03034922 0.03844167 -0.02204838 -0.024474584 0.04350191 0.048383016 -0.023566738
0.2175 -0.01330905 0.02869634 0.03672989 -0.02262674 -0.025113013 0.041695032 0.0462741 -0.024190754
0.218 -0.01401239 0.02707447 0.03504706 -0.02319683 -0.025740456 0.039916955 0.044203628 -0.024804812
0.2185 -0.0147062 0.02548299 0.03339271 -0.0237588 -0.026357073 0.038167138 0.042171117 -0.025409047
0.219 -0.01539059 0.02392129 0.03176636 -0.02431277 -0.026963007 0.036445074 0.040176068 -0.026003582
0.2195 -0.01606568 0.02238876 0.03016754 -0.02485887 -0.027558442 0.0347503 0.038218025 -0.026588561
0.22 -0.0167316 0.02088481 0.0285958 -0.02539723 -0.028143536 0.0330823 0.036296446 -0.027164137
0.2205 -0.01738846 0.01940887 0.02705066 -0.02592796 -0.02871843 0.03144062 0.034410868 -0.027730415
0.221 -0.01803638 0.01796038 0.0255317 -0.02645118 -0.029283311 0.02982482 0.032560777 -0.02828755
0.2215 -0.01867549 0.01653879 0.02403846 -0.02696702 -0.029838312 0.028234411 0.03074563 -0.028835637
0.222 -0.01930588 0.01514355 0.02257052 -0.02747559 -0.030383565 0.026669003 0.028964985 -0.02937481
0.2225 -0.01992769 0.01377414 0.02112744 -0.02797699 -0.030919258 0.02512816 0.027218256 -0.029905222
0.223 -0.02054101 0.01243004 0.01970881 -0.02847135 -0.03144553 0.023611434 0.02550495 -0.030426983
0.2235 -0.02114597 0.01111074 0.01831422 -0.02895877 -0.031962488 0.02211845 0.023824584 -0.030940183
0.224 -0.02174267 0.00981576 0.01694326 -0.02943935 -0.032470312 0.020648826 0.022176597 -0.031444963
0.2245 -0.02233122 0.008544606 0.01559552 -0.0299132 -0.032969147 0.01920215 0.020560477 -0.03194145
0.225 -0.02291174 0.007296806 0.01427061 -0.03038043 -0.033459123 0.017778043 0.018975712 -0.03242976
0.2255 -0.02348432 0.006071898 0.01296815 -0.03084114 -0.033940386 0.016376153 0.017421767 -0.03291
0.226 -0.02404907 0.004869427 0.01168775 -0.03129542 -0.034413066 0.014996134 0.015898157 -0.03338228
0.2265 -0.0246061 0.003688949 0.01042904 -0.03174338 -0.034877323 0.01363761 0.014404327 -0.033846736
0.227 -0.02515551 0.00253003 0.009191648 -0.0321851 -0.035333246 0.012300245 0.012939811 -0.034303457
0.2275 -0.02569739 0.001392245 0.007975212 -0.03262069 -0.035781 0.010983726 0.011504058 -0.034752563
0.228 -0.02623187 0.0002751763 0.006779374 -0.03305023 -0.036220714 0.009687727 0.010096591 -0.035194166
0.2285 -0.02675902 -0.0008215826 0.005603782 -0.03347382 -0.03665251 0.008411914 0.008716896 -0.03562837
0.229 -0.02727895 -0.001898431 0.004448091 -0.03389155 -0.037076503 0.0071560014 0.007364467 -0.036055267
0.2295 -0.02779175 -0.002955759 0.00331196 -0.0343035 -0.037492856 0.0059196707 0.006038826 -0.036474995
0.23 -0.02829753 -0.00399395 0.002195054 -0.03470976 -0.037901636 0.0047026314 0.004739471 -0.03688763
0.2305 -0.02879638 -0.005013377 0.001097045 -0.03511042 -0.03830303 0.0035046209 0.003465917 -0.0372933
0.231 -0.02928838 -0.006014407 1.760928e-05 -0.03550556 -0.038697112 0.0023253206 0.0022176765 -0.037692085
0.2315 -0.02977364 -0.006997399 -0.001043572 -0.03589525 -0.039084025 0.001164481 0.0009942986 -0.03808409
0.232 -0.03025224 -0.007962703 -0.002086811 -0.03627959 -0.03946389 2.1817163e-05 -0.00020472333 -0.038469456
0.2325 -0.03072427 -0.008910665 -0.003112417 -0.03665865 -0.03983679 -0.0011029188 -0.001379814 -0.0388482
0.233 -0.03118983 -0.00984162 -0.004120691 -0.03703251 -0.04020286 -0.0022099987 -0.0025314689 -0.03922049
0.2335 -0.031649 -0.0107559 -0.005111931 -0.03740124 -0.040562216 -0.0032996442 -0.0036600977 -0.03958638
0.234 -0.03210186 -0.01165382 -0.006086431 -0.03776493 -0.04091496 -0.0043721218 -0.004766181 -0.03994599
0.2345 -0.03254851 -0.01253571 -0.007044476 -0.03812363 -0.041261207 -0.0054276586 -0.005850155 -0.040299393
0.235 -0.03298903 -0.01340187 -0.007986351 -0.03847744 -0.04160107 -0.006466504 -0.0069124326 -0.04064671
0.2355 -0.03342349 -0.0142526 -0.008912334 -0.03882642 -0.041934658 -0.007488873 -0.007953465 -0.040988017
0.236 -0.03385199 -0.0150882 -0.009822697 -0.03917063 -0.042262055 -0.008495007 -0.008973658 -0.0413234
0.2365 -0.0342746 -0.01590897 -0.01071771 -0.03951016 -0.04258339 -0.009485111 -0.009973433 -0.041652963
0.237 -0.03469141 -0.01671518 -0.01159764 -0.03984506 -0.04289874 -0.010459412 -0.010953188 -0.04197678
0.2375 -0.03510249 -0.01750712 -0.01246274 -0.0401754 -0.043208223 -0.011418115 -0.011913326 -0.04229494
0.238 -0.03550793 -0.01828505 -0.01331326 -0.04050126 -0.043511946 -0.0123614445 -0.012854248 -0.042607546
0.2385 -0.0359078 -0.01904926 -0.01414947 -0.04082269 -0.04381 -0.013289582 -0.013776328 -0.042914666
0.239 -0.03630217 -0.01979999 -0.01497161 -0.04113976 -0.044102456 -0.014202751 -0.014679942 -0.043216385
0.2395 -0.03669112 -0.0205375 -0.01577991 -0.04145253 -0.04438944 -0.015101153 -0.0155654885 -0.04351279
0.24 -0.03707473 -0.02126205 -0.01657462 -0.04176107 -0.04467104 -0.015984952 -0.01643331 -0.043803975
0.2405 -0.03745307 -0.02197389 -0.01735597 -0.04206543 -0.04494733 -0.016854368 -0.017283767 -0.044089995
0.241 -0.03782621 -0.02267324 -0.01812419 -0.04236567 -0.045218427 -0.017709598 -0.018117223 -0.044370957
0.2415 -0.03819422 -0.02336036 -0.01887951 -0.04266186 -0.0454844 -0.01855081 -0.018934019 -0.04464692
0.242 -0.03855717 -0.02403546 -0.01962216 -0.04295405 -0.04574533 -0.019378193 -0.019734487 -0.044917956
0.2425 -0.03891514 -0.02469879 -0.02035234 -0.0432423 -0.046001326 -0.020191919 -0.020518959 -0.045184165
0.243 -0.03926819 -0.02535055 -0.02107027 -0.04352666 -0.046252467 -0.020992182 -0.021287765 -0.0454456
0.2435 -0.03961639 -0.02599097 -0.02177617 -0.04380719 -0.04649883 -0.021779146 -0.022041224 -0.045702353
0.244 -0.03995981 -0.02662026 -0.02247024 -0.04408395 -0.04674049 -0.022552997 -0.022779644 -0.04595448
0.2445 -0.0402985 -0.02723863 -0.02315268 -0.04435698 -0.046977546 -0.023313895 -0.023503345 -0.04620208
0.245 -0.04063255 -0.02784629 -0.02382371 -0.04462635 -0.04721007 -0.024062019 -0.024212603 -0.046445213
0.2455 -0.040962 -0.02844342 -0.0244835 -0.0448921 -0.047438156 -0.024797536 -0.024907742 -0.046683937
0.246 -0.04128694 -0.02903024 -0.02513226 -0.04515428 -0.047661852 -0.025520623 -0.02558903 -0.04691834
0.2465 -0.0416074 -0.02960694 -0.02577018 -0.04541294 -0.04788127 -0.026231423 -0.026256762 -0.04714849
0.247 -0.04192347 -0.03017369 -0.02639745 -0.04566814 -0.048096452 -0.026930116 -0.0269112 -0.04737442
0.2475 -0.0422352 -0.03073069 -0.02701424 -0.04591992 -0.048307493 -0.027616851 -0.027552612 -0.04759624
0.248 -0.04254264 -0.03127812 -0.02762074 -0.04616834 -0.048514467 -0.028291795 -0.028181281 -0.047814004
0.2485 -0.04284587 -0.03181615 -0.02821712 -0.04641343 -0.04871744 -0.028955113 -0.028797448 -0.048027776
0.249 -0.04314493 -0.03234496 -0.02880356 -0.04665524 -0.048916478 -0.029606946 -0.029401366 -0.048237614
0.2495 -0.04343989 -0.03286473 -0.02938024 -0.04689382 -0.049111646 -0.030247465 -0.029993292 -0.04844358
0.25 -0.04373079 -0.03337561 -0.02994731 -0.04712922 -0.049303032 -0.030876815 -0.030573469 -0.048645757
0.2505 -0.04401771 -0.03387777 -0.03050494 -0.04736148 -0.049490694 -0.031495146 -0.031142127 -0.04884418
0.251 -0.04430069 -0.03437137 -0.0310533 -0.04759065 -0.0496747 -0.03210262 -0.031699505 -0.04903893
0.2515 -0.04457979 -0.03485657 -0.03159255 -0.04781676 -0.049855113 -0.032699365 -0.03224583 -0.04923006
0.252 -0.04485505 -0.03533353 -0.03212284 -0.04803986 -0.050031997 -0.033285554 -0.032781303 -0.04941763
0.2525 -0.04512655 -0.03580238 -0.03264433 -0.04825999 -0.050205417 -0.033861328 -0.033306178 -0.049601696
0.253 -0.04539431 -0.03626329 -0.03315716 -0.04847719 -0.05037544 -0.034426827 -0.033820644 -0.04978232
0.2535 -0.04565841 -0.0367164 -0.03366149 -0.04869151 -0.050542098 -0.034982186 -0.0343249 -0.04995954
0.254 -0.04591889 -0.03716185 -0.03415746 -0.04890298 -0.05070551 -0.03552758 -0.03481919 -0.05013345
0.2545 -0.04617579 -0.03759978 -0.03464522 -0.04911164 -0.050865687 -0.036063116 -0.035303667 -0.050304078
0.255 -0.04642918 -0.03803032 -0.03512491 -0.04931753 -0.051022694 -0.036588956 -0.035778556 -0.050471485
0.2555 -0.04667909 -0.03845361 -0.03559666 -0.04952069 -0.051176593 -0.037105244 -0.03624404 -0.05063571
0.256 -0.04692558 -0.03886979 -0.03606062 -0.04972116 -0.051327456 -0.037612095 -0.036700293 -0.05079683
0.2565 -0.04716869 -0.03927898 -0.03651691 -0.04991898 -0.051475313 -0.03810966 -0.0371475 -0.05095487
0.257 -0.04740847 -0.0396813 -0.03696566 -0.05011417 -0.05162025 -0.03859809 -0.03758586 -0.051109932
0.2575 -0.04764497 -0.04007689 -0.03740702 -0.05030678 -0.051762294 -0.039077505 -0.038015526 -0.051262014
0.258 -0.04787823 -0.04046586 -0.03784109 -0.05049685 -0.0519015 -0.03954805 -0.038436692 -0.05141119
0.2585 -0.0481083 -0.04084833 -0.03826802 -0.0506844 -0.052037943 -0.040009845 -0.038849503 -0.05155751
0.259 -0.04833522 -0.04122442 -0.03868791 -0.05086947 -0.05217165 -0.040463034 -0.039254133 -0.05170101
0.2595 -0.04855904 -0.04159425 -0.0391009 -0.0510521 -0.052302703 -0.040907744 -0.03965075 -0.05184176
0.26 -0.04877979 -0.04195792 -0.03950709 -0.05123232 -0.052431118 -0.04134411 -0.040039506 -0.051979795
0.2605 -0.04899752 -0.04231555 -0.03990661 -0.05141016 -0.05255695 -0.041772243 -0.04042054 -0.052115157
0.261 -0.04921228 -0.04266724 -0.04029957 -0.05158566 -0.05268026 -0.042192284 -0.040794022 -0.05224789
0.2615 -0.0494241 -0.0430131 -0.04068607 -0.05175884 -0.052801087 -0.042604364 -0.041160088 -0.052378044
0.262 -0.04963302 -0.04335324 -0.04106624 -0.05192974 -0.05291946 -0.0430086 -0.04151888 -0.052505657
0.2625 -0.04983909 -0.04368776 -0.04144018 -0.05209839 -0.053035464 -0.043405112 -0.041870546 -0.052630804
0.263 -0.05004235 -0.04401675 -0.041808 -0.05226482 -0.053149108 -0.043794047 -0.04221524 -0.052753493
0.2635 -0.05024282 -0.04434032 -0.04216979 -0.05242907 -0.053260464 -0.044175487 -0.042553082 -0.052873798
0.264 -0.05044056 -0.04465855 -0.04252567 -0.05259115 -0.053369544 -0.04454958 -0.042884175 -0.05299171
0.2645 -0.0506356 -0.04497156 -0.04287574 -0.0527511 -0.053476438 -0.044916447 -0.043208715 -0.053107336
0.265 -0.05082798 -0.04527942 -0.04322008 -0.05290895 -0.05358115 -0.045276206 -0.04352679 -0.053220674
0.2655 -0.05101773 -0.04558223 -0.04355881 -0.05306472 -0.053683717 -0.045628946 -0.043838516 -0.053331763
0.266 -0.0512049 -0.04588008 -0.04389201 -0.05321846 -0.053784195 -0.045974817 -0.044144046 -0.053440668
0.2665 -0.05138951 -0.04617305 -0.04421978 -0.05337017 -0.053882632 -0.046313923 -0.044443477 -0.053547412
0.267 -0.0515716 -0.04646124 -0.04454221 -0.0535199 -0.053979058 -0.046646368 -0.044736944 -0.053652048
0.2675 -0.05175121 -0.04674472 -0.04485939 -0.05366766 -0.0540735 -0.04697228 -0.04502453 -0.05375459
0.268 -0.05192837 -0.04702357 -0.04517142 -0.05381348 -0.054166026 -0.04729173 -0.045306373 -0.0538551
0.2685 -0.05210312 -0.04729789 -0.04547838 -0.0539574 -0.05425664 -0.047604892 -0.045582585 -0.053953588
0.269 -0.05227549 -0.04756775 -0.04578035 -0.05409943 -0.054345395 -0.04791182 -0.04585326 -0.054050118
0.2695 -0.05244551 -0.04783322 -0.04607742 -0.0542396 -0.054432333 -0.04821266 -0.046118543 -0.054144718
0.27 -0.05261321 -0.04809438 -0.04636967 -0.05437794 -0.05451745 -0.048507478 -0.04637847 -0.054237403
0.2705 -0.05277863 -0.04835131 -0.04665719 -0.05451446 -0.05460085 -0.048796427 -0.046633225 -0.054328233
0.271 -0.0529418 -0.04860409 -0.04694006 -0.05464921 -0.05468252 -0.049079563 -0.046882845 -0.054417245
0.2715 -0.05310275 -0.04885277 -0.04721834 -0.05478219 -0.054762486 -0.049357016 -0.047127463 -0.05450444
0.272 -0.05326151 -0.04909744 -0.04749213 -0.05491343 -0.054840814 -0.049628865 -0.047367148 -0.054589897
0.2725 -0.05341811 -0.04933817 -0.04776149 -0.05504296 -0.05491751 -0.04989523 -0.04760201 -0.054673605
0.273 -0.05357258 -0.04957501 -0.04802651 -0.0551708 -0.05499262 -0.05015621 -0.04783216 -0.054755628
0.2735 -0.05372495 -0.04980805 -0.04828725 -0.05529697 -0.055066165 -0.050411884 -0.048057657 -0.054835975
0.274 -0.05387525 -0.05003734 -0.04854378 -0.0554215 -0.055138182 -0.050662357 -0.04827861 -0.05491469
0.2745 -0.05402351 -0.05026295 -0.04879619 -0.0555444 -0.05520871 -0.050907742 -0.048495103 -0.054991804
0.275 -0.05416976 -0.05048495 -0.04904453 -0.0556657 -0.055277754 -0.051148098 -0.048707217 -0.055067345
0.2755 -0.05431402 -0.05070339 -0.04928888 -0.05578542 -0.055345353 -0.051383536 -0.048915032 -0.055141322
0.276 -0.05445632 -0.05091833 -0.0495293 -0.05590357 -0.055411566 -0.051614124 -0.049118668 -0.055213816
0.2765 -0.05459669 -0.05112985 -0.04976586 -0.05602019 -0.05547638 -0.051839996 -0.049318157 -0.055284806
0.277 -0.05473515 -0.05133798 -0.04999862 -0.0561353 -0.055539835 -0.052061204 -0.049513593 -0.055354334
0.2775 -0.05487174 -0.0515428 -0.05022765 -0.0562489 -0.055601966 -0.052277837 -0.04970506 -0.05542244
0.278 -0.05500648 -0.05174436 -0.05045301 -0.05636102 -0.055662792 -0.052489992 -0.04989264 -0.055489138
0.2785 -0.05513938 -0.05194271 -0.05067477 -0.05647169 -0.055722352 -0.05269776 -0.050076418 -0.055554472
0.279 -0.05527049 -0.05213792 -0.05089297 -0.05658092 -0.055780645 -0.05290122 -0.05025643 -0.055618443
0.2795 -0.05539982 -0.05233002 -0.05110769 -0.05668873 -0.05583771 -0.05310042 -0.050432757 -0.055681095
0.28 -0.0555274 -0.05251908 -0.05131897 -0.05679514 -0.05589359 -0.05329549 -0.050605517 -0.055742435
0.2805 -0.05565325 -0.05270515 -0.05152689 -0.05690016 -0.055948284 -0.05348647 -0.05077473 -0.055802524
0.281 -0.0557774 -0.05288828 -0.05173149 -0.05700383 -0.056001823 -0.053673472 -0.0509405 -0.05586136
0.2815 -0.05589987 -0.05306851 -0.05193282 -0.05710614 -0.05605423 -0.053856548 -0.051102865 -0.05591896
0.282 -0.05602068 -0.0532459 -0.05213095 -0.05720713 -0.05610552 -0.05403578 -0.05126191 -0.055975378
0.2825 -0.05613986 -0.0534205 -0.05232593 -0.05730681 -0.056155745 -0.054211248 -0.051417693 -0.0560306
0.283 -0.05625742 -0.05359234 -0.05251781 -0.05740519 -0.05620489 -0.05438302 -0.051570266 -0.056084678
0.2835 -0.0563734 -0.05376149 -0.05270664 -0.0575023 -0.056252997 -0.054551166 -0.05171971 -0.056137614
0.284 -0.05648781 -0.05392798 -0.05289247 -0.05759816 -0.056300078 -0.05471578 -0.05186607 -0.05618944
0.2845 -0.05660067 -0.05409185 -0.05307535 -0.05769277 -0.056346174 -0.05487689 -0.052009426 -0.056240194
0.285 -0.05671201 -0.05425316 -0.05325534 -0.05778615 -0.056391273 -0.055034574 -0.052149817 -0.056289867
0.2855 -0.05682184 -0.05441194 -0.05343247 -0.05787832 -0.056435425 -0.05518895 -0.05228734 -0.05633851
0.286 -0.05693019 -0.05456824 -0.0536068 -0.0579693 -0.056478623 -0.05534001 -0.05242199 -0.05638612
0.2865 -0.05703708 -0.0547221 -0.05377837 -0.05805911 -0.056520913 -0.055487867 -0.052553862 -0.05643274
0.287 -0.05714253 -0.05487356 -0.05394723 -0.05814775 -0.056562293 -0.055632573 -0.05268301 -0.05647835
0.2875 -0.05724655 -0.05502266 -0.05411343 -0.05823524 -0.056602795 -0.055774186 -0.05280947 -0.056523025
0.288 -0.05734918 -0.05516943 -0.054277 -0.05832161 -0.05664243 -0.055912796 -0.052933328 -0.056566745
0.2885 -0.05745042 -0.05531392 -0.054438 -0.05840685 -0.05668122 -0.05604842 -0.053054597 -0.056609534
0.289 -0.05755029 -0.05545617 -0.05459645 -0.058491 -0.056719173 -0.056181137 -0.053173352 -0.05665142
0.2895 -0.05764882 -0.05559621 -0.05475242 -0.05857405 -0.056756314 -0.056311015 -0.053289637 -0.05669242
0.29 -0.05774602 -0.05573408 -0.05490593 -0.05865604 -0.056792658 -0.0564381 -0.05340349 -0.056732543
0.2905 -0.05784191 -0.05586981 -0.05505703 -0.05873696 -0.05682822 -0.056562457 -0.05351498 -0.056771815
0.291 -0.05793651 -0.05600344 -0.05520575 -0.05881684 -0.056863036 -0.056684148 -0.053624153 -0.05681026
0.2915 -0.05802984 -0.05613501 -0.05535214 -0.05889569 -0.056897085 -0.056803208 -0.053731028 -0.05684787
0.292 -0.05812192 -0.05626455 -0.05549624 -0.05897352 -0.056930404 -0.05691969 -0.053835668 -0.056884684
0.2925 -0.05821275 -0.05639208 -0.05563808 -0.05905035 -0.056963015 -0.05703366 -0.053938128 -0.056920722
0.293 -0.05830236 -0.05651766 -0.0557777 -0.05912619 -0.056994926 -0.057145175 -0.054038435 -0.056955986
0.2935 -0.05839077 -0.0566413 -0.05591513 -0.05920104 -0.057026137 -0.057254266 -0.05413664 -0.05699049
0.294 -0.05847799 -0.05676304 -0.05605042 -0.05927494 -0.057056677 -0.057361003 -0.05423279 -0.057024263
0.2945 -0.05856404 -0.0568829 -0.05618359 -0.05934788 -0.057086553 -0.057465423 -0.054326914 -0.057057306
0.295 -0.05864893 -0.05700093 -0.05631469 -0.05941988 -0.057115782 -0.057567578 -0.05441906 -0.05708964
0.2955 -0.05873269 -0.05711715 -0.05644374 -0.05949095 -0.057144407 -0.057667527 -0.054509282 -0.057121277
0.296 -0.05881531 -0.05723159 -0.05657078 -0.05956111 -0.057172377 -0.057765286 -0.05459758 -0.057152234
0.2965 -0.05889683 -0.05734428 -0.05669584 -0.05963036 -0.057199772 -0.057860922 -0.054684028 -0.057182536
0.297 -0.05897726 -0.05745525 -0.05681895 -0.05969872 -0.057226557 -0.05795447 -0.05476866 -0.05721218
0.2975 -0.05905661 -0.05756452 -0.05694016 -0.0597662 -0.05725277 -0.05804598 -0.054851502 -0.057241194
0.298 -0.05913489 -0.05767213 -0.05705948 -0.05983282 -0.0572784 -0.058135483 -0.05493258 -0.057269573
0.2985 -0.05921212 -0.05777809 -0.05717695 -0.05989857 -0.057303485 -0.058223043 -0.055011943 -0.057297334
0.299 -0.05928832 -0.05788245 -0.05729259 -0.05996348 -0.05732802 -0.058308687 -0.05508963 -0.0573245
0.2995 -0.0593635 -0.05798521 -0.05740645 -0.06002756 -0.05735204 -0.058392454 -0.05516567 -0.057351097
0.3 -0.05943767 -0.05808642 -0.05751854 -0.06009081 -0.057375517 -0.058474388 -0.055240095 -0.0573771
0.3005 -0.05951085 -0.05818609 -0.0576289 -0.06015325 -0.0573985 -0.058554526 -0.055312946 -0.057402544
0.301 -0.05958305 -0.05828424 -0.05773755 -0.06021488 -0.057420958 -0.058632914 -0.055384234 -0.05742743
0.3015 -0.05965428 -0.05838091 -0.05784452 -0.06027573 -0.057442952 -0.058709573 -0.055454016 -0.057451792
0.302 -0.05972456 -0.05847612 -0.05794984 -0.06033579 -0.057464447 -0.058784563 -0.055522308 -0.057475604
0.3025 -0.0597939 -0.05856989 -0.05805354 -0.06039508 -0.05748548 -0.058857884 -0.055589154 -0.057498917
0.303 -0.05986231 -0.05866224 -0.05815564 -0.06045361 -0.05750605 -0.05892962 -0.055654574 -0.057521716
0.3035 -0.05992981 -0.05875319 -0.05825617 -0.06051139 -0.057526175 -0.05899976 -0.055718586 -0.057544015
0.304 -0.05999641 -0.05884278 -0.05835515 -0.06056842 -0.057545867 -0.05906835 -0.055781245 -0.057565838
0.3045 -0.06006211 -0.05893101 -0.05845261 -0.06062473 -0.057565127 -0.059135433 -0.055842556 -0.057587184
0.305 -0.06012694 -0.05901792 -0.05854857 -0.06068031 -0.05758397 -0.059201043 -0.055902563 -0.057608068
0.3055 -0.0601909 -0.05910352 -0.05864306 -0.06073518 -0.057602394 -0.0592652 -0.05596128 -0.057628497
0.306 -0.06025401 -0.05918784 -0.05873609 -0.06078934 -0.057620402 -0.05932794 -0.056018732 -0.057648465
0.3065 -0.06031628 -0.05927088 -0.05882771 -0.06084281 -0.057638038 -0.059389304 -0.05607497 -0.057668015
0.307 -0.06037772 -0.05935269 -0.05891792 -0.0608956 -0.05765528 -0.059449296 -0.056129985 -0.057687134
0.3075 -0.06043833 -0.05943327 -0.05900675 -0.0609477 -0.057672147 -0.059507977 -0.056183822 -0.057705835
0.308 -0.06049814 -0.05951264 -0.05909422 -0.06099914 -0.057688642 -0.059565354 -0.056236506 -0.057724133
0.3085 -0.06055715 -0.05959082 -0.05918035 -0.06104992 -0.05770478 -0.059621464 -0.056288064 -0.057742022
0.309 -0.06061538 -0.05966784 -0.05926517 -0.06110005 -0.05772054 -0.05967633 -0.05633849 -0.057759523
0.3095 -0.06067282 -0.05974371 -0.05934869 -0.06114954 -0.057735976 -0.059729982 -0.056387857 -0.057776637
0.31 -0.06072951 -0.05981845 -0.05943095 -0.0611984 -0.05775107 -0.05978244 -0.05643614 -0.05779338
0.3105 -0.06078544 -0.05989207 -0.05951195 -0.06124663 -0.05776583 -0.05983373 -0.056483388 -0.057809763
0.311 -0.06084062 -0.0599646 -0.05959171 -0.06129424 -0.057780255 -0.059883904 -0.05652962 -0.05782576
0.3115 -0.06089507 -0.06003604 -0.05967027 -0.06134124 -0.057794366 -0.059932943 -0.05657485 -0.057841428
0.312 -0.0609488 -0.06010643 -0.05974762 -0.06138764 -0.057808187 -0.059980895 -0.056619115 -0.05785676
0.3125 -0.06100181 -0.06017577 -0.05982381 -0.06143344 -0.057821695 -0.06002779 -0.056662418 -0.057871744
0.313 -0.06105411 -0.06024408 -0.05989884 -0.06147866 -0.057834905 -0.06007364 -0.056704774 -0.057886392
0.3135 -0.06110572 -0.06031138 -0.05997273 -0.06152331 -0.05784781 -0.060118463 -0.056746215 -0.05790072
0.314 -0.06115665 -0.06037769 -0.0600455 -0.06156738 -0.057860445 -0.060162295 -0.056786757 -0.05791474
0.3145 -0.0612069 -0.06044301 -0.06011717 -0.06161088 -0.057872783 -0.060205143 -0.05682642 -0.057928436
0.315 -0.06125648 -0.06050736 -0.06018775 -0.06165383 -0.05788487 -0.060247045 -0.056865226 -0.05794184
0.3155 -0.0613054 -0.06057077 -0.06025727 -0.06169624 -0.057896677 -0.060288023 -0.056903183 -0.05795496
0.316 -0.06135367 -0.06063324 -0.06032574 -0.0617381 -0.057908233 -0.060328078 -0.056940332 -0.057967782
0.3165 -0.0614013 -0.06069479 -0.06039318 -0.06177942 -0.05791952 -0.060367238 -0.056976665 -0.057980306
0.317 -0.0614483 -0.06075543 -0.06045959 -0.06182022 -0.057930555 -0.06040552 -0.0570122 -0.057992578
0.3175 -0.06149468 -0.06081518 -0.06052501 -0.06186049 -0.057941366 -0.060442965 -0.057046972 -0.058004558
0.318 -0.06154044 -0.06087405 -0.06058944 -0.06190026 -0.05795193 -0.060479563 -0.057080988 -0.058016293
0.3185 -0.06158559 -0.06093205 -0.06065291 -0.06193951 -0.057962257 -0.06051534 -0.05711426 -0.05802775
0.319 -0.06163015 -0.06098921 -0.06071541 -0.06197826 -0.05797236 -0.06055033 -0.05714681 -0.058038972
0.3195 -0.06167411 -0.06104552 -0.06077698 -0.06201652 -0.057982232 -0.060584527 -0.057178643 -0.05804994
0.32 -0.0617175 -0.06110101 -0.06083763 -0.06205429 -0.05799188 -0.060617965 -0.057209775 -0.058060654
0.3205 -0.0617603 -0.06115568 -0.06089736 -0.06209158 -0.058001343 -0.060650658 -0.057240248 -0.05807115
0.321 -0.06180254 -0.06120956 -0.0609562 -0.06212839 -0.058010574 -0.06068262 -0.057270046 -0.058081403
0.3215 -0.06184423 -0.06126265 -0.06101416 -0.06216473 -0.058019612 -0.06071387 -0.05729919 -0.05809144
0.322 -0.06188536 -0.06131496 -0.06107125 -0.06220061 -0.058028426 -0.060744416 -0.057327695 -0.05810123
0.3225 -0.06192594 -0.06136651 -0.06112749 -0.06223603 -0.05803706 -0.060774278 -0.057355586 -0.05811082
0.323 -0.06196599 -0.0614173 -0.06118288 -0.062271 -0.05804551 -0.06080347 -0.057382863 -0.0581202
0.3235 -0.06200551 -0.06146736 -0.06123745 -0.06230552 -0.058053773 -0.06083202 -0.057409532 -0.05812937
0.324 -0.06204451 -0.06151668 -0.06129121 -0.06233961 -0.058061827 -0.060859915 -0.057435624 -0.058138326
0.3245 -0.06208299 -0.06156529 -0.06134416 -0.06237325 -0.058069717 -0.0608872 -0.05746115 -0.05814708
0.325 -0.06212096 -0.06161319 -0.06139632 -0.06240647 -0.058077436 -0.060913865 -0.057486102 -0.058155656
0.3255 -0.06215843 -0.0616604 -0.06144771 -0.06243927 -0.058084983 -0.060939934 -0.057510518 -0.05816403
0.326 -0.06219541 -0.06170692 -0.06149833 -0.06247165 -0.058092367 -0.060965415 -0.057534404 -0.058172233
0.3265 -0.0622319 -0.06175276 -0.0615482 -0.06250361 -0.05809958 -0.060990337 -0.057557754 -0.05818025
0.327 -0.0622679 -0.06179794 -0.06159733 -0.06253517 -0.058106635 -0.061014693 -0.0575806 -0.058188073
0.3275 -0.06230343 -0.06184247 -0.06164573 -0.06256633 -0.058113534 -0.06103849 -0.057602942 -0.05819574
0.328 -0.0623385 -0.06188635 -0.06169341 -0.06259709 -0.058120284 -0.06106178 -0.057624802 -0.058203235
0.3285 -0.06237309 -0.06192959 -0.06174039 -0.06262746 -0.05812687 -0.06108452 -0.057646155 -0.05821055
0.329 -0.06240724 -0.06197221 -0.06178667 -0.06265744 -0.058133315 -0.06110676 -0.057667054 -0.05821771
0.3295 -0.06244093 -0.06201422 -0.06183226 -0.06268704 -0.05813961 -0.06112851 -0.057687502 -0.058224715
0.33 -0.06247418 -0.06205562 -0.06187718 -0.06271626 -0.05814578 -0.061149757 -0.05770748 -0.058231562
0.3305 -0.06250699 -0.06209642 -0.06192143 -0.06274512 -0.058151823 -0.061170544 -0.05772703 -0.05823826
0.331 -0.06253937 -0.06213663 -0.06196504 -0.0627736 -0.05815771 -0.061190855 -0.057746142 -0.058244795
0.3315 -0.06257132 -0.06217627 -0.06200799 -0.06280172 -0.058163453 -0.061210703 -0.05776483 -0.058251187
0.332 -0.06260285 -0.06221533 -0.06205032 -0.06282949 -0.0581691 -0.06123012 -0.05778312 -0.058257453
0.3325 -0.06263397 -0.06225383 -0.06209202 -0.0628569 -0.058174606 -0.06124909 -0.057800993 -0.05826357
0.333 -0.06266467 -0.06229178 -0.0621331 -0.06288396 -0.05817998 -0.06126764 -0.057818472 -0.058269553
0.3335 -0.06269497 -0.06232918 -0.06217358 -0.06291068 -0.058185246 -0.061285775 -0.05783557 -0.058275394
0.334 -0.06272488 -0.06236605 -0.06221347 -0.06293706 -0.058190387 -0.061303493 -0.05785229 -0.05828111
0.3345 -0.06275439 -0.06240239 -0.06225277 -0.0629631 -0.058195423 -0.061320815 -0.05786864 -0.058286697
0.335 -0.06278351 -0.06243821 -0.06229149 -0.06298881 -0.05820034 -0.06133775 -0.057884626 -0.058292158
0.3355 -0.06281225 -0.06247351 -0.06232965 -0.0630142 -0.058205154 -0.061354306 -0.057900257 -0.0582975
0.336 -0.06284061 -0.06250831 -0.06236724 -0.06303926 -0.058209848 -0.06137049 -0.05791554 -0.058302715
0.3365 -0.0628686 -0.06254261 -0.06240428 -0.06306401 -0.058214452 -0.061386313 -0.057930503 -0.058307827
0.337 -0.06289622 -0.06257643 -0.06244079 -0.06308844 -0.058218937 -0.061401766 -0.057945125 -0.058312826
0.3375 -0.06292348 -0.06260976 -0.06247675 -0.06311256 -0.05822332 -0.06141689 -0.057959415 -0.0583177
0.338 -0.06295037 -0.06264261 -0.06251219 -0.06313637 -0.058227617 -0.061431658 -0.057973392 -0.058322467
0.3385 -0.06297692 -0.06267499 -0.06254712 -0.06315988 -0.058231805 -0.06144609 -0.05798706 -0.058327124
0.339 -0.06300312 -0.06270692 -0.06258153 -0.0631831 -0.058235917 -0.06146021 -0.05800043 -0.058331683
0.3395 -0.06302897 -0.06273839 -0.06261544 -0.06320601 -0.058239926 -0.061474007 -0.05801349 -0.05833613
0.34 -0.06305449 -0.06276941 -0.06264886 -0.06322864 -0.058243852 -0.061487507 -0.058026284 -0.058340497
0.3405 -0.06307967 -0.06279999 -0.06268178 -0.06325098 -0.05824769 -0.06150068 -0.05803877 -0.05834476
0.341 -0.06310452 -0.06283013 -0.06271423 -0.06327304 -0.05825143 -0.06151357 -0.058050998 -0.058348924
0.3415 -0.06312904 -0.06285985 -0.06274621 -0.06329481 -0.058255102 -0.06152616 -0.05806295 -0.058352992
0.342 -0.06315325 -0.06288915 -0.06277772 -0.06331631 -0.058258686 -0.06153847 -0.05807463 -0.05835697
0.3425 -0.06317713 -0.06291803 -0.06280878 -0.06333754 -0.058262203 -0.0615505 -0.058086056 -0.058360875
0.343 -0.0632007 -0.0629465 -0.06283938 -0.0633585 -0.058265608 -0.061562266 -0.058097214 -0.05836466
0.3435 -0.06322397 -0.06297457 -0.06286954 -0.06337919 -0.058268968 -0.06157377 -0.058108136 -0.058368385
0.344 -0.06324693 -0.06300224 -0.06289926 -0.06339962 -0.05827224 -0.061585005 -0.05811881 -0.058372036
0.3445 -0.06326959 -0.06302952 -0.06292855 -0.06341979 -0.058275443 -0.061596002 -0.05812926 -0.058375597
0.345 -0.06329195 -0.06305641 -0.06295742 -0.06343971 -0.058278557 -0.06160673 -0.058139466 -0.05837906
0.3455 -0.06331402 -0.06308292 -0.06298586 -0.06345937 -0.05828161 -0.06161722 -0.058149435 -0.05838245
0.346 -0.0633358 -0.06310906 -0.0630139 -0.06347878 -0.058284614 -0.06162749 -0.0581592 -0.058385774
0.3465 -0.06335729 -0.06313483 -0.06304153 -0.06349795 -0.05828752 -0.061637517 -0.058168735 -0.058389023
0.347 -0.06337851 -0.06316024 -0.06306876 -0.06351687 -0.05829038 -0.061647315 -0.05817807 -0.058392182
0.3475 -0.06339944 -0.06318529 -0.0630956 -0.06353556 -0.058293182 -0.061656896 -0.058187194 -0.058395296
0.348 -0.06342011 -0.06320999 -0.06312206 -0.063554 -0.05829591 -0.061666247 -0.058196113 -0.05839833
0.3485 -0.0634405 -0.06323433 -0.06314813 -0.06357222 -0.058298584 -0.06167541 -0.058204837 -0.0584013
0.349 -0.06346063 -0.06325834 -0.06317382 -0.0635902 -0.05830119 -0.061684366 -0.058213353 -0.058404192
0.3495 -0.06348049 -0.06328201 -0.06319915 -0.06360795 -0.05830374 -0.061693113 -0.058221687 -0.058407024
0.35 -0.06350009 -0.06330535 -0.06322411 -0.06362548 -0.058306236 -0.061701667 -0.05822985 -0.058409795
0.3505 -0.06351944 -0.06332835 -0.06324871 -0.06364279 -0.058308672 -0.061710026 -0.058237817 -0.0584125
0.351 -0.06353854 -0.06335104 -0.06327296 -0.06365988 -0.05831107 -0.061718192 -0.058245607 -0.05841516
0.3515 -0.06355738 -0.06337341 -0.06329686 -0.06367675 -0.058313396 -0.06172617 -0.05825323 -0.058417745
0.352 -0.06357598 -0.06339546 -0.06332041 -0.06369341 -0.05831566 -0.06173398 -0.05826067 -0.05842027
0.3525 -0.06359434 -0.06341721 -0.06334363 -0.06370986 -0.05831788 -0.0617416 -0.058267936 -0.058422737
0.353 -0.06361246 -0.06343865 -0.06336652 -0.0637261 -0.058320064 -0.06174906 -0.058275063 -0.05842516
0.3535 -0.06363034 -0.06345979 -0.06338907 -0.06374214 -0.058322195 -0.061756346 -0.058282018 -0.058427528
0.354 -0.06364799 -0.06348064 -0.06341131 -0.06375797 -0.058324274 -0.06176346 -0.05828882 -0.05842983
0.3545 -0.0636654 -0.06350119 -0.06343323 -0.0637736 -0.0583263 -0.061770428 -0.058295466 -0.058432087
0.355 -0.06368259 -0.06352146 -0.06345483 -0.06378903 -0.058328297 -0.06177723 -0.05830197 -0.0584343
0.3555 -0.06369956 -0.06354145 -0.06347613 -0.06380427 -0.05833024 -0.061783884 -0.058308333 -0.05843647
0.356 -0.06371631 -0.06356115 -0.06349712 -0.06381931 -0.058332134 -0.061790388 -0.058314547 -0.05843857
0.3565 -0.06373283 -0.06358058 -0.06351781 -0.06383417 -0.05833399 -0.061796736 -0.058320615 -0.058440626
0.357 -0.06374915 -0.06359974 -0.06353821 -0.06384884 -0.058335792 -0.061802942 -0.05832655 -0.058442622
0.3575 -0.06376525 -0.06361864 -0.06355831 -0.06386332 -0.058337573 -0.061809 -0.058332354 -0.058444597
0.358 -0.06378114 -0.06363727 -0.06357813 -0.06387762 -0.05833931 -0.061814945 -0.05833803 -0.058446534
0.3585 -0.06379682 -0.06365564 -0.06359767 -0.06389173 -0.058340985 -0.06182074 -0.05834358 -0.058448397
0.359 -0.0638123 -0.06367376 -0.06361693 -0.06390567 -0.05834266 -0.06182641 -0.05834902 -0.05845025
0.3595 -0.06382758 -0.06369162 -0.06363591 -0.06391943 -0.05834427 -0.06183194 -0.058354314 -0.058452047
0.36 -0.06384266 -0.06370924 -0.06365463 -0.06393302 -0.05834585 -0.06183735 -0.058359485 -0.058453806
0.3605 -0.06385754 -0.06372661 -0.06367308 -0.06394644 -0.0583474 -0.061842654 -0.05836457 -0.05845552
0.361 -0.06387223 -0.06374375 -0.06369127 -0.06395969 -0.058348913 -0.061847817 -0.058369517 -0.058457203
0.3615 -0.06388673 -0.06376064 -0.0637092 -0.06397277 -0.058350395 -0.06185287 -0.058374356 -0.058458857
0.362 -0.06390104 -0.0637773 -0.06372687 -0.06398568 -0.058351826 -0.061857816 -0.05837909 -0.05846045
0.3625 -0.06391516 -0.06379373 -0.0637443 -0.06399843 -0.05835324 -0.06186266 -0.058383718 -0.058462016
0.363 -0.0639291 -0.06380993 -0.06376148 -0.06401102 -0.058354627 -0.061867382 -0.058388248 -0.05846355
0.3635 -0.06394286 -0.06382591 -0.06377841 -0.06402346 -0.05835597 -0.061871987 -0.058392663 -0.05846505
0.364 -0.06395644 -0.06384167 -0.06379511 -0.06403573 -0.058357295 -0.061876502 -0.058397003 -0.058466516
0.3645 -0.06396984 -0.06385721 -0.06381157 -0.06404785 -0.058358584 -0.061880913 -0.058401234 -0.058467947
0.365 -0.06398307 -0.06387254 -0.0638278 -0.06405982 -0.058359835 -0.061885234 -0.058405366 -0.058469348
0.3655 -0.06399613 -0.06388765 -0.0638438 -0.06407163 -0.058361065 -0.06188943 -0.058409404 -0.05847071
0.366 -0.06400902 -0.06390255 -0.06385957 -0.0640833 -0.05836227 -0.06189354 -0.05841336 -0.058472037
0.3665 -0.06402174 -0.06391725 -0.06387512 -0.06409481 -0.05836345 -0.061897572 -0.058417216 -0.058473356
0.367 -0.0640343 -0.06393175 -0.06389045 -0.06410619 -0.058364596 -0.06190149 -0.058420993 -0.05847463
0.3675 -0.06404669 -0.06394605 -0.06390557 -0.06411742 -0.05836572 -0.061905336 -0.05842469 -0.05847589
0.368 -0.06405892 -0.06396015 -0.06392047 -0.0641285 -0.05836684 -0.061909106 -0.058428302 -0.05847711
0.3685 -0.064071 -0.06397406 -0.06393517 -0.06413945 -0.058367897 -0.06191277 -0.05843183 -0.058478296
0.369 -0.06408291 -0.06398777 -0.06394965 -0.06415026 -0.058368962 -0.061916362 -0.05843527 -0.058479473
0.3695 -0.06409468 -0.0640013 -0.06396394 -0.06416094 -0.058369976 -0.061919864 -0.058438636 -0.058480605
0.37 -0.06410629 -0.06401464 -0.06397802 -0.06417147 -0.058370974 -0.061923306 -0.05844193 -0.058481716
0.3705 -0.06411775 -0.0640278 -0.0639919 -0.06418188 -0.058371957 -0.061926644 -0.058445144 -0.05848281
0.371 -0.06412906 -0.06404078 -0.06400559 -0.06419215 -0.058372926 -0.061929923 -0.0584483 -0.058483876
0.3715 -0.06414022 -0.06405358 -0.06401909 -0.0642023 -0.058373857 -0.061933126 -0.058451377 -0.058484927
0.372 -0.06415124 -0.0640662 -0.0640324 -0.06421231 -0.058374774 -0.061936256 -0.058454387 -0.058485933
0.3725 -0.06416212 -0.06407866 -0.06404553 -0.06422221 -0.058375675 -0.06193931 -0.05845733 -0.05848694
0.373 -0.06417286 -0.06409094 -0.06405847 -0.06423197 -0.058376554 -0.06194229 -0.058460195 -0.058487907
0.3735 -0.06418346 -0.06410305 -0.06407122 -0.06424161 -0.05837742 -0.061945226 -0.05846302 -0.05848886
0.374 -0.06419392 -0.064115 -0.06408381 -0.06425113 -0.05837824 -0.061948072 -0.058465756 -0.058489785
0.3745 -0.06420424 -0.06412678 -0.06409621 -0.06426053 -0.058379058 -0.061950874 -0.058468454 -0.058490694
0.375 -0.06421443 -0.0641384 -0.06410844 -0.06426982 -0.058379862 -0.061953586 -0.05847106 -0.05849158
0.3755 -0.06422449 -0.06414987 -0.0641205 -0.06427898 -0.058380637 -0.061956253 -0.05847363 -0.058492444
0.376 -0.06423442 -0.06416117 -0.06413239 -0.06428803 -0.058381397 -0.061958868 -0.05847613 -0.058493294
0.3765 -0.06424422 -0.06417233 -0.06414412 -0.06429697 -0.05838215 -0.061961416 -0.05847859 -0.05849413
0.377 -0.0642539 -0.06418333 -0.06415568 -0.06430579 -0.05838288 -0.061963912 -0.058480985 -0.058494925
0.3775 -0.06426345 -0.06419418 -0.06416709 -0.0643145 -0.05838358 -0.06196634 -0.058483332 -0.058495723
0.378 -0.06427287 -0.06420488 -0.06417833 -0.0643231 -0.058384288 -0.06196871 -0.058485616 -0.058496505
0.3785 -0.06428218 -0.06421544 -0.06418942 -0.0643316 -0.058384974 -0.061971035 -0.058487862 -0.058497265
0.379 -0.06429136 -0.06422585 -0.06420035 -0.06433998 -0.058385644 -0.061973322 -0.058490053 -0.058498003
0.3795 -0.06430043 -0.06423613 -0.06421113 -0.06434826 -0.058386292 -0.061975535 -0.05849219 -0.058498733
0.38 -0.06430937 -0.06424626 -0.06422176 -0.06435644 -0.05838692 -0.06197771 -0.05849428 -0.058499426
0.3805 -0.06431821 -0.06425625 -0.06423225 -0.06436451 -0.058387544 -0.061979834 -0.05849633 -0.05850011
0.381 -0.06432693 -0.06426611 -0.06424259 -0.06437248 -0.058388162 -0.061981913 -0.058498338 -0.058500797
0.3815 -0.06433553 -0.06427584 -0.06425278 -0.06438036 -0.05838875 -0.06198394 -0.058500286 -0.05850146
0.382 -0.06434403 -0.06428543 -0.06426284 -0.06438813 -0.058389317 -0.061985914 -0.05850219 -0.058502086
0.3825 -0.06435241 -0.06429489 -0.06427275 -0.0643958 -0.05838989 -0.06198785 -0.058504052 -0.058502734
0.383 -0.06436069 -0.06430423 -0.06428253 -0.06440338 -0.05839045 -0.061989736 -0.05850587 -0.058503345
0.3835 -0.06436886 -0.06431343 -0.06429217 -0.06441086 -0.058390994 -0.06199159 -0.05850765 -0.058503956
0.384 -0.06437692 -0.06432252 -0.06430168 -0.06441825 -0.058391523 -0.061993387 -0.0585094 -0.058504537
0.3845 -0.06438488 -0.06433148 -0.06431106 -0.06442554 -0.05839202 -0.061995152 -0.05851109 -0.058505096
0.385 -0.06439274 -0.06434032 -0.0643203 -0.06443275 -0.05839253 -0.06199689 -0.05851277 -0.05850566
0.3855 -0.0644005 -0.06434903 -0.06432942 -0.06443986 -0.058393035 -0.061998572 -0.0585144 -0.058506213
0.386 -0.06440816 -0.06435763 -0.06433842 -0.06444688 -0.058393504 -0.06200022 -0.058515985 -0.058506742
0.3865 -0.06441571 -0.06436612 -0.06434729 -0.06445382 -0.05839399 -0.062001828 -0.058517538 -0.05850728
0.387 -0.06442318 -0.06437449 -0.06435604 -0.06446066 -0.05839445 -0.0620034 -0.05851905 -0.058507793
0.3875 -0.06443054 -0.06438275 -0.06436466 -0.06446743 -0.058394913 -0.062004935 -0.05852054 -0.0585083
0.388 -0.06443781 -0.06439089 -0.06437317 -0.0644741 -0.058395345 -0.06200644 -0.058521997 -0.058508784
0.3885 -0.06444499 -0.06439893 -0.06438156 -0.06448069 -0.05839577 -0.06200793 -0.058523424 -0.05850926
0.389 -0.06445207 -0.06440685 -0.06438984 -0.0644872 -0.05839621 -0.06200936 -0.058524817 -0.058509737
0.3895 -0.06445906 -0.06441467 -0.064398 -0.06449363 -0.05839662 -0.062010776 -0.058526173 -0.05851019
0.39 -0.06446596 -0.06442239 -0.06440605 -0.06449998 -0.05839703 -0.062012147 -0.058527507 -0.05851064
0.3905 -0.06447278 -0.06443 -0.06441399 -0.06450624 -0.058397416 -0.06201349 -0.058528796 -0.058511086
0.391 -0.0644795 -0.06443751 -0.06442182 -0.06451243 -0.058397803 -0.062014785 -0.058530055 -0.058511496
0.3915 -0.06448614 -0.06444491 -0.06442955 -0.06451854 -0.05839817 -0.062016066 -0.058531284 -0.058511928
0.392 -0.0644927 -0.06445222 -0.06443716 -0.06452457 -0.05839854 -0.062017333 -0.0585325 -0.058512338
0.3925 -0.06449917 -0.06445943 -0.06444468 -0.06453053 -0.058398906 -0.06201854 -0.05853369 -0.058512732
0.393 -0.06450555 -0.06446654 -0.06445208 -0.06453641 -0.058399264 -0.062019747 -0.05853485 -0.058513135
0.3935 -0.06451186 -0.06447356 -0.06445939 -0.06454222 -0.058399606 -0.062020924 -0.058535982 -0.058513515
0.394 -0.06451808 -0.06448048 -0.0644666 -0.06454795 -0.058399934 -0.062022064 -0.05853708 -0.058513872
0.3945 -0.06452422 -0.06448731 -0.06447371 -0.06455362 -0.058400255 -0.06202318 -0.05853816 -0.058514237
0.395 -0.06453029 -0.06449404 -0.06448072 -0.06455921 -0.05840059 -0.062024277 -0.058539223 -0.058514602
0.3955 -0.06453627 -0.06450069 -0.06448764 -0.06456473 -0.058400888 -0.06202535 -0.05854024 -0.058514938
0.396 -0.06454218 -0.06450725 -0.06449446 -0.06457018 -0.0584012 -0.062026408 -0.05854126 -0.058515295
0.3965 -0.06454801 -0.06451372 -0.06450119 -0.06457556 -0.058401506 -0.06202742 -0.05854225 -0.058515623
0.397 -0.06455377 -0.0645201 -0.06450783 -0.06458088 -0.05840179 -0.06202842 -0.0585432 -0.058515944
0.3975 -0.06455946 -0.0645264 -0.06451437 -0.06458613 -0.058402088 -0.062029388 -0.05854415 -0.05851627
0.398 -0.06456507 -0.06453261 -0.06452083 -0.06459131 -0.058402363 -0.06203035 -0.058545068 -0.058516577
0.3985 -0.06457061 -0.06453874 -0.0645272 -0.06459643 -0.058402646 -0.06203128 -0.05854597 -0.058516882
0.399 -0.06457608 -0.06454479 -0.06453348 -0.06460148 -0.0584029 -0.06203219 -0.05854685 -0.058517165
0.3995 -0.06458147 -0.06455076 -0.06453968 -0.06460647 -0.05840316 -0.062033083 -0.05854772 -0.058517464
0.4 -0.0645868 -0.06455664 -0.06454579 -0.0646114 -0.058403414 -0.062033948 -0.058548547 -0.05851774
0.4005 -0.06459206 -0.06456245 -0.06455182 -0.06461627 -0.05840366 -0.06203479 -0.058549363 -0.058518015
0.401 -0.06459725 -0.06456818 -0.06455776 -0.06462107 -0.058403905 -0.062035616 -0.05855017 -0.05851829
0.4015 -0.06460238 -0.06457383 -0.06456363 -0.06462581 -0.058404144 -0.062036436 -0.058550965 -0.05851856
0.402 -0.06460744 -0.06457941 -0.06456941 -0.0646305 -0.05840439 -0.062037226 -0.058551714 -0.058518827
0.4025 -0.06461244 -0.06458492 -0.06457512 -0.06463512 -0.058404606 -0.062038 -0.058552474 -0.058519065
0.403 -0.06461737 -0.06459035 -0.06458075 -0.06463969 -0.058404844 -0.06203876 -0.058553204 -0.05851931
0.4035 -0.06462223 -0.06459571 -0.06458631 -0.0646442 -0.058405053 -0.062039506 -0.05855392 -0.058519565
0.404 -0.06462704 -0.06460099 -0.06459178 -0.06464865 -0.05840526 -0.06204023 -0.058554627 -0.058519796
0.4045 -0.06463178 -0.06460621 -0.06459719 -0.06465305 -0.058405485 -0.062040936 -0.058555312 -0.058520034
0.405 -0.06463647 -0.06461135 -0.06460252 -0.06465739 -0.05840568 -0.06204162 -0.058555976 -0.05852025
0.4055 -0.06464109 -0.06461643 -0.06460778 -0.06466168 -0.05840588 -0.0620423 -0.058556627 -0.05852048
0.406 -0.06464565 -0.06462144 -0.06461296 -0.06466592 -0.05840608 -0.06204297 -0.05855727 -0.058520697
0.4065 -0.06465016 -0.06462639 -0.06461808 -0.0646701 -0.058406275 -0.062043604 -0.058557883 -0.058520906
0.407 -0.06465461 -0.06463126 -0.06462313 -0.06467422 -0.058406454 -0.062044244 -0.0585585 -0.058521114
0.4075 -0.064659 -0.06463608 -0.06462811 -0.0646783 -0.058406617 -0.062044863 -0.058559094 -0.058521293
0.408 -0.06466333 -0.06464083 -0.06463302 -0.06468233 -0.058406796 -0.06204545 -0.05855968 -0.058521494
0.4085 -0.06466761 -0.06464551 -0.06463787 -0.0646863 -0.05840699 -0.062046055 -0.058560245 -0.058521688
0.409 -0.06467183 -0.06465014 -0.06464265 -0.06469022 -0.058407146 -0.062046614 -0.0585608 -0.058521874
0.4095 -0.064676 -0.0646547 -0.06464736 -0.0646941 -0.058407303 -0.06204718 -0.058561347 -0.05852206
0.41 -0.06468012 -0.0646592 -0.06465201 -0.06469793 -0.058407467 -0.06204773 -0.058561876 -0.058522232
0.4105 -0.06468418 -0.06466364 -0.0646566 -0.06470171 -0.058407623 -0.062048268 -0.0585624 -0.05852241
0.411 -0.0646882 -0.06466802 -0.06466113 -0.06470544 -0.058407787 -0.06204878 -0.058562905 -0.058522582
0.4115 -0.06469216 -0.06467235 -0.0646656 -0.06470912 -0.05840793 -0.06204931 -0.05856341 -0.058522753
0.412 -0.06469607 -0.06467661 -0.06467 -0.06471276 -0.05840807 -0.062049817 -0.058563896 -0.058522917
0.4125 -0.06469993 -0.06468083 -0.06467435 -0.06471635 -0.05840822 -0.0620503 -0.058564376 -0.05852308
0.413 -0.06470374 -0.06468498 -0.06467864 -0.0647199 -0.05840837 -0.06205077 -0.058564834 -0.05852323
0.4135 -0.0647075 -0.06468908 -0.06468287 -0.0647234 -0.058408502 -0.062051248 -0.058565293 -0.058523387
0.414 -0.06471121 -0.06469313 -0.06468704 -0.06472686 -0.058408644 -0.06205171 -0.05856574 -0.05852355
0.4145 -0.06471488 -0.06469712 -0.06469116 -0.06473028 -0.05840877 -0.06205215 -0.05856616 -0.058523685
0.415 -0.0647185 -0.06470106 -0.06469522 -0.06473365 -0.05840889 -0.06205259 -0.058566585 -0.058523826
0.4155 -0.06472207 -0.06470494 -0.06469923 -0.06473698 -0.058409024 -0.062053006 -0.058567002 -0.05852396
0.416 -0.0647256 -0.06470878 -0.06470318 -0.06474027 -0.058409143 -0.062053423 -0.058567416 -0.058524102
0.4165 -0.06472908 -0.06471256 -0.06470708 -0.06474352 -0.058409262 -0.06205384 -0.058567807 -0.058524244
0.417 -0.06473252 -0.0647163 -0.06471093 -0.06474672 -0.05840939 -0.062054235 -0.0585682 -0.058524378
0.4175 -0.06473591 -0.06471998 -0.06471473 -0.06474989 -0.0584095 -0.06205463 -0.058568582 -0.058524504
0.418 -0.06473926 -0.06472362 -0.06471847 -0.06475302 -0.058409605 -0.062055018 -0.058568947 -0.058524624
0.4185 -0.06474257 -0.06472721 -0.06472217 -0.06475611 -0.05840971 -0.062055383 -0.05856931 -0.058524743
0.419 -0.06474583 -0.06473075 -0.06472582 -0.06475915 -0.05840982 -0.062055755 -0.058569662 -0.05852487
0.4195 -0.06474906 -0.06473424 -0.06472941 -0.06476217 -0.058409926 -0.06205612 -0.058570012 -0.05852498
0.42 -0.06475224 -0.06473769 -0.06473296 -0.06476514 -0.05841003 -0.062056463 -0.05857034 -0.058525093
0.4205 -0.06475538 -0.0647411 -0.06473646 -0.06476807 -0.058410127 -0.06205679 -0.05857067 -0.058525197
0.421 -0.06475848 -0.06474445 -0.06473992 -0.06477097 -0.05841023 -0.062057126 -0.058570996 -0.058525316
0.4215 -0.06476154 -0.06474777 -0.06474333 -0.06477384 -0.058410328 -0.06205746 -0.058571316 -0.05852542
0.422 -0.06476457 -0.06475104 -0.06474669 -0.06477666 -0.05841041 -0.062057775 -0.058571614 -0.058525525
0.4225 -0.06476755 -0.06475426 -0.06475001 -0.06477945 -0.058410514 -0.06205808 -0.05857192 -0.05852563
0.423 -0.0647705 -0.06475745 -0.06475328 -0.06478221 -0.058410604 -0.062058385 -0.058572203 -0.05852572
0.4235 -0.06477341 -0.06476059 -0.06475651 -0.06478493 -0.058410686 -0.062058683 -0.058572486 -0.058525823
0.424 -0.06477628 -0.06476369 -0.0647597 -0.06478762 -0.058410782 -0.062058974 -0.058572773 -0.05852592
0.4245 -0.06477911 -0.06476675 -0.06476284 -0.06479027 -0.058410857 -0.062059257 -0.058573045 -0.058526017
0.425 -0.06478191 -0.06476977 -0.06476594 -0.06479289 -0.058410946 -0.062059533 -0.058573313 -0.0585261
0.4255 -0.06478467 -0.06477275 -0.064769 -0.06479548 -0.058411013 -0.0620598 -0.058573574 -0.05852618
0.426 -0.0647874 -0.06477569 -0.06477202 -0.06479804 -0.058411103 -0.062060077 -0.05857384 -0.05852627
0.4265 -0.06479009 -0.0647786 -0.064775 -0.06480056 -0.058411177 -0.062060338 -0.058574084 -0.058526352
0.427 -0.06479275 -0.06478146 -0.06477794 -0.06480305 -0.058411244 -0.062060583 -0.05857432 -0.058526434
0.4275 -0.06479538 -0.06478429 -0.06478084 -0.06480551 -0.058411326 -0.06206083 -0.05857457 -0.05852654
0.428 -0.06479797 -0.06478708 -0.0647837 -0.06480794 -0.058411393 -0.062061083 -0.058574803 -0.058526598
0.4285 -0.06480053 -0.06478983 -0.06478653 -0.06481034 -0.05841146 -0.062061314 -0.05857502 -0.058526672
0.429 -0.06480305 -0.06479255 -0.06478931 -0.06481271 -0.05841152 -0.062061552 -0.058575243 -0.058526747
0.4295 -0.06480555 -0.06479523 -0.06479206 -0.06481505 -0.058411602 -0.062061775 -0.058575466 -0.05852683
0.43 -0.06480801 -0.06479787 -0.06479478 -0.06481736 -0.058411654 -0.062062006 -0.058575682 -0.05852689
0.4305 -0.06481044 -0.06480048 -0.06479745 -0.06481964 -0.058411714 -0.0620622 -0.05857589 -0.058526963
0.431 -0.06481284 -0.06480306 -0.06480009 -0.06482189 -0.058411773 -0.06206241 -0.058576092 -0.058527038
0.4315 -0.06481521 -0.0648056 -0.0648027 -0.06482412 -0.058411825 -0.062062632 -0.058576293 -0.058527097
0.432 -0.06481755 -0.06480811 -0.06480527 -0.06482632 -0.0584119 -0.062062826 -0.058576494 -0.05852717
0.4325 -0.06481985 -0.06481059 -0.06480781 -0.06482848 -0.058411945 -0.06206302 -0.05857668 -0.058527224
0.433 -0.06482213 -0.06481303 -0.06481031 -0.06483063 -0.058412004 -0.062063206 -0.058576874 -0.05852729
0.4335 -0.06482438 -0.06481545 -0.06481278 -0.06483274 -0.058412064 -0.0620634 -0.058577053 -0.05852735
0.434 -0.06482661 -0.06481783 -0.06481522 -0.06483483 -0.05841213 -0.062063586 -0.05857724 -0.058527417
0.4345 -0.0648288 -0.06482018 -0.06481763 -0.06483689 -0.05841217 -0.062063765 -0.05857741 -0.058527477
0.435 -0.06483096 -0.0648225 -0.06482 -0.06483893 -0.058412228 -0.06206393 -0.058577575 -0.05852752
0.4355 -0.0648331 -0.06482479 -0.06482234 -0.06484094 -0.05841228 -0.062064108 -0.058577746 -0.05852759
0.436 -0.06483521 -0.06482704 -0.06482465 -0.06484293 -0.058412332 -0.06206427 -0.058577903 -0.05852764
0.4365 -0.0648373 -0.06482927 -0.06482693 -0.06484489 -0.058412377 -0.062064435 -0.05857806 -0.0585277
0.437 -0.06483935 -0.06483147 -0.06482918 -0.06484682 -0.058412414 -0.062064607 -0.058578216 -0.058527745
0.4375 -0.06484139 -0.06483364 -0.0648314 -0.06484874 -0.058412474 -0.062064763 -0.058578365 -0.058527797
0.438 -0.06484339 -0.06483579 -0.06483359 -0.06485063 -0.05841251 -0.062064897 -0.058578506 -0.058527842
0.4385 -0.06484537 -0.0648379 -0.06483576 -0.06485249 -0.05841255 -0.062065046 -0.058578648 -0.058527887
0.439 -0.06484733 -0.06483999 -0.06483789 -0.06485433 -0.0584126 -0.062065195 -0.05857879 -0.05852793
0.4395 -0.06484926 -0.06484205 -0.06484 -0.06485615 -0.058412645 -0.062065344 -0.05857894 -0.05852799
0.44 -0.06485116 -0.06484408 -0.06484207 -0.06485795 -0.058412682 -0.06206548 -0.058579076 -0.058528036
0.4405 -0.06485304 -0.06484609 -0.06484412 -0.06485972 -0.05841272 -0.062065613 -0.0585792 -0.05852808
0.441 -0.0648549 -0.06484807 -0.06484615 -0.06486147 -0.05841275 -0.062065754 -0.058579326 -0.058528118
0.4415 -0.06485673 -0.06485002 -0.06484814 -0.0648632 -0.058412794 -0.06206589 -0.05857946 -0.058528163
0.442 -0.06485854 -0.06485195 -0.06485011 -0.06486491 -0.05841284 -0.062066015 -0.058579583 -0.0585282
0.4425 -0.06486033 -0.06485386 -0.06485206 -0.06486659 -0.058412883 -0.062066134 -0.058579706 -0.058528244
0.443 -0.06486209 -0.06485574 -0.06485397 -0.06486826 -0.058412913 -0.062066253 -0.058579817 -0.058528297
0.4435 -0.06486384 -0.06485759 -0.06485587 -0.0648699 -0.058412958 -0.062066387 -0.058579944 -0.058528334
0.444 -0.06486556 -0.06485942 -0.06485774 -0.06487152 -0.058412995 -0.0620665 -0.058580056 -0.05852837
0.4445 -0.06486725 -0.06486123 -0.06485958 -0.06487313 -0.058413025 -0.06206661 -0.058580175 -0.05852841
0.445 -0.06486893 -0.06486301 -0.0648614 -0.06487471 -0.058413047 -0.062066738 -0.058580272 -0.058528453
0.4455 -0.06487059 -0.06486477 -0.06486319 -0.06487627 -0.058413085 -0.062066834 -0.058580376 -0.058528483
0.446 -0.06487222 -0.06486651 -0.06486496 -0.06487782 -0.05841312 -0.06206694 -0.05858048 -0.058528513
0.4465 -0.06487383 -0.06486822 -0.06486671 -0.06487934 -0.058413137 -0.062067043 -0.05858058 -0.058528543
0.447 -0.06487543 -0.06486992 -0.06486844 -0.06488085 -0.05841315 -0.062067132 -0.05858068 -0.058528572
0.4475 -0.064877 -0.06487159 -0.06487014 -0.06488234 -0.058413174 -0.06206723 -0.05858077 -0.058528602
0.448 -0.06487855 -0.06487323 -0.06487182 -0.0648838 -0.05841321 -0.06206734 -0.058580875 -0.05852864
0.4485 -0.06488009 -0.06487486 -0.06487348 -0.06488525 -0.05841325 -0.06206743 -0.058580972 -0.05852867
0.449 -0.0648816 -0.06487647 -0.06487512 -0.06488668 -0.05841328 -0.06206752 -0.05858107 -0.0585287
0.4495 -0.06488309 -0.06487805 -0.06487673 -0.0648881 -0.058413308 -0.062067617 -0.058581155 -0.05852873
0.45 -0.06488457 -0.06487962 -0.06487832 -0.06488949 -0.058413323 -0.0620677 -0.058581226 -0.05852875
0.4505 -0.06488603 -0.06488116 -0.0648799 -0.06489087 -0.05841336 -0.062067788 -0.05858131 -0.05852878
0.451 -0.06488746 -0.06488268 -0.06488145 -0.06489223 -0.058413383 -0.06206787 -0.058581397 -0.058528803
0.4515 -0.06488888 -0.06488419 -0.06488298 -0.06489358 -0.058413405 -0.062067952 -0.05858148 -0.05852884
0.452 -0.06489029 -0.06488567 -0.06488449 -0.06489491 -0.058413435 -0.06206804 -0.058581557 -0.05852887
0.4525 -0.06489167 -0.06488714 -0.06488598 -0.06489622 -0.058413465 -0.062068123 -0.058581635 -0.058528893
0.453 -0.06489304 -0.06488858 -0.06488746 -0.06489751 -0.058413487 -0.06206819 -0.058581717 -0.058528915
0.4535 -0.06489439 -0.06489001 -0.06488891 -0.06489879 -0.05841351 -0.062068265 -0.058581784 -0.058528945
0.454 -0.06489572 -0.06489142 -0.06489034 -0.06490005 -0.05841354 -0.06206834 -0.05858186 -0.058528975
0.4545 -0.06489703 -0.06489281 -0.06489176 -0.0649013 -0.058413547 -0.062068406 -0.05858192 -0.058528997
0.455 -0.06489833 -0.06489419 -0.06489315 -0.06490253 -0.05841356 -0.062068474 -0.058581986 -0.058529012
0.4555 -0.06489961 -0.06489554 -0.06489453 -0.06490374 -0.058413584 -0.062068548 -0.058582045 -0.058529027
0.456 -0.06490088 -0.06489688 -0.06489589 -0.06490494 -0.0584136 -0.062068608 -0.058582112 -0.058529057
0.4565 -0.06490213 -0.0648982 -0.06489723 -0.06490613 -0.05841363 -0.062068675 -0.05858218 -0.05852908
0.457 -0.06490336 -0.0648995 -0.06489856 -0.0649073 -0.058413636 -0.06206874 -0.05858223 -0.0585291
0.4575 -0.06490458 -0.06490079 -0.06489987 -0.06490846 -0.058413666 -0.0620688 -0.058582295 -0.058529124
0.458 -0.06490578 -0.06490206 -0.06490116 -0.0649096 -0.058413673 -0.06206886 -0.05858235 -0.058529146
0.4585 -0.06490697 -0.06490331 -0.06490243 -0.06491073 -0.05841371 -0.06206892 -0.058582414 -0.05852917
0.459 -0.06490815 -0.06490455 -0.06490369 -0.06491184 -0.05841371 -0.06206898 -0.058582462 -0.058529176
0.4595 -0.0649093 -0.06490577 -0.06490493 -0.06491294 -0.05841374 -0.06206904 -0.058582515 -0.0585292
0.46 -0.06491045 -0.06490697 -0.06490615 -0.06491402 -0.058413748 -0.0620691 -0.058582574 -0.05852922
0.4605 -0.06491157 -0.06490816 -0.06490736 -0.0649151 -0.058413763 -0.06206915 -0.05858262 -0.058529235
0.461 -0.06491269 -0.06490934 -0.06490855 -0.06491615 -0.058413778 -0.062069204 -0.058582675 -0.058529243
0.4615 -0.06491379 -0.0649105 -0.06490973 -0.0649172 -0.058413785 -0.062069256 -0.05858273 -0.058529258
0.462 -0.06491488 -0.06491164 -0.06491089 -0.06491823 -0.0584138 -0.062069323 -0.058582783 -0.05852928
0.4625 -0.06491595 -0.06491277 -0.06491204 -0.06491925 -0.0584138 -0.062069368 -0.05858283 -0.058529288
0.463 -0.06491701 -0.06491388 -0.06491317 -0.06492026 -0.05841383 -0.062069412 -0.058582872 -0.058529295
0.4635 -0.06491805 -0.06491498 -0.06491429 -0.06492125 -0.05841383 -0.06206945 -0.05858292 -0.05852931
0.464 -0.06491908 -0.06491607 -0.06491539 -0.06492223 -0.058413867 -0.0620695 -0.05858297 -0.058529332
0.4645 -0.0649201 -0.06491714 -0.06491648 -0.0649232 -0.058413867 -0.062069546 -0.058583006 -0.05852934
0.465 -0.06492111 -0.0649182 -0.06491755 -0.06492416 -0.05841388 -0.06206959 -0.058583047 -0.058529362
0.4655 -0.0649221 -0.06491924 -0.06491861 -0.0649251 -0.058413897 -0.062069636 -0.05858309 -0.058529377
0.466 -0.06492308 -0.06492027 -0.06491966 -0.06492604 -0.058413904 -0.06206968 -0.058583125 -0.058529392
0.4665 -0.06492405 -0.06492129 -0.06492069 -0.06492696 -0.05841392 -0.062069718 -0.058583163 -0.0585294
0.467 -0.06492501 -0.0649223 -0.06492171 -0.06492787 -0.058413927 -0.062069755 -0.0585832 -0.05852942
0.4675 -0.06492595 -0.06492329 -0.06492271 -0.06492877 -0.05841394 -0.062069785 -0.058583237 -0.058529444
0.468 -0.06492689 -0.06492427 -0.0649237 -0.06492966 -0.058413964 -0.06206983 -0.058583282 -0.05852945
0.4685 -0.06492781 -0.06492523 -0.06492468 -0.06493053 -0.058413964 -0.06206986 -0.058583308 -0.05852946
0.469 -0.06492872 -0.06492619 -0.06492565 -0.0649314 -0.058413964 -0.06206989 -0.05858335 -0.058529466
0.4695 -0.06492961 -0.06492713 -0.06492661 -0.06493225 -0.058413994 -0.062069934 -0.058583394 -0.05852948
0.47 -0.0649305 -0.06492806 -0.06492755 -0.0649331 -0.058414 -0.062069964 -0.058583435 -0.058529496
0.4705 -0.06493137 -0.06492898 -0.06492848 -0.06493393 -0.058414016 -0.06207 -0.058583457 -0.05852951
0.471 -0.06493224 -0.06492988 -0.06492939 -0.06493476 -0.058414016 -0.06207004 -0.058583487 -0.05852952
0.4715 -0.06493309 -0.06493078 -0.0649303 -0.06493557 -0.058414023 -0.062070075 -0.058583528 -0.058529526
0.472 -0.06493393 -0.06493166 -0.06493119 -0.06493637 -0.05841404 -0.062070113 -0.058583558 -0.05852954
0.4725 -0.06493476 -0.06493253 -0.06493208 -0.06493716 -0.058414046 -0.062070135 -0.058583584 -0.058529556
0.473 -0.06493558 -0.06493339 -0.06493295 -0.06493795 -0.05841406 -0.062070157 -0.058583606 -0.058529563
0.4735 -0.06493639 -0.06493424 -0.06493381 -0.06493872 -0.058414068 -0.062070202 -0.058583632 -0.05852958
0.474 -0.06493719 -0.06493507 -0.06493465 -0.06493948 -0.058414076 -0.062070232 -0.058583662 -0.058529586
0.4745 -0.06493798 -0.0649359 -0.06493549 -0.06494024 -0.058414083 -0.06207026 -0.058583695 -0.0585296
0.475 -0.06493876 -0.06493672 -0.06493632 -0.06494098 -0.05841409 -0.06207029 -0.058583714 -0.058529608
0.4755 -0.06493954 -0.06493752 -0.06493713 -0.06494172 -0.058414098 -0.06207033 -0.05858375 -0.058529615
0.476 -0.0649403 -0.06493832 -0.06493794 -0.06494244 -0.058414113 -0.062070366 -0.05858378 -0.05852963
0.4765 -0.06494105 -0.0649391 -0.06493873 -0.06494316 -0.05841412 -0.062070396 -0.05858382 -0.058529638
0.477 -0.06494179 -0.06493988 -0.06493952 -0.06494387 -0.05841412 -0.06207041 -0.05858384 -0.058529645
0.4775 -0.06494252 -0.06494065 -0.06494029 -0.06494457 -0.058414143 -0.06207044 -0.058583863 -0.05852966
0.478 -0.06494324 -0.0649414 -0.06494106 -0.06494526 -0.05841415 -0.062070463 -0.058583893 -0.05852966
0.4785 -0.06494396 -0.06494215 -0.06494181 -0.06494594 -0.05841415 -0.062070485 -0.058583915 -0.058529668
0.479 -0.06494466 -0.06494288 -0.06494255 -0.06494661 -0.05841415 -0.062070515 -0.05858394 -0.058529668
0.4795 -0.06494536 -0.06494361 -0.06494329 -0.06494728 -0.058414165 -0.062070522 -0.05858396 -0.058529675
0.48 -0.06494604 -0.06494433 -0.06494402 -0.06494793 -0.058414172 -0.062070537 -0.05858399 -0.058529682
0.4805 -0.06494672 -0.06494503 -0.06494473 -0.06494858 -0.05841418 -0.06207056 -0.058584012 -0.05852969
0.481 -0.06494739 -0.06494573 -0.06494544 -0.06494922 -0.05841418 -0.062070575 -0.058584027 -0.05852969
0.4815 -0.06494805 -0.06494642 -0.06494614 -0.06494986 -0.058414187 -0.062070597 -0.05858405 -0.058529705
0.482 -0.06494871 -0.0649471 -0.06494682 -0.06495048 -0.058414195 -0.062070612 -0.058584068 -0.058529712
0.4825 -0.06494935 -0.06494778 -0.0649475 -0.0649511 -0.05841421 -0.062070627 -0.058584087 -0.05852972
0.483 -0.06494999 -0.06494844 -0.06494817 -0.06495171 -0.058414217 -0.06207065 -0.0585841 -0.058529727
0.4835 -0.06495062 -0.0649491 -0.06494884 -0.06495231 -0.058414225 -0.06207068 -0.058584124 -0.058529735
0.484 -0.06495124 -0.06494974 -0.06494949 -0.0649529 -0.058414232 -0.062070694 -0.058584146 -0.058529735
0.4845 -0.06495185 -0.06495038 -0.06495014 -0.06495349 -0.058414225 -0.062070724 -0.05858416 -0.058529742
0.485 -0.06495245 -0.06495101 -0.06495077 -0.06495407 -0.05841424 -0.06207074 -0.05858418 -0.05852975
0.4855 -0.06495305 -0.06495163 -0.0649514 -0.06495464 -0.058414247 -0.062070753 -0.058584183 -0.058529757
0.486 -0.06495364 -0.06495225 -0.06495202 -0.0649552 -0.058414247 -0.06207077 -0.058584206 -0.058529757
0.4865 -0.06495422 -0.06495286 -0.06495263 -0.06495576 -0.058414247 -0.062070783 -0.058584217 -0.058529764
0.487 -0.0649548 -0.06495345 -0.06495324 -0.06495631 -0.058414247 -0.062070798 -0.05858423 -0.058529772
0.4875 -0.06495537 -0.06495405 -0.06495384 -0.06495686 -0.058414254 -0.06207082 -0.058584247 -0.058529787
0.488 -0.06495593 -0.06495463 -0.06495443 -0.06495739 -0.05841426 -0.062070843 -0.05858426 -0.058529794
0.4885 -0.06495648 -0.06495521 -0.06495501 -0.06495792 -0.058414277 -0.062070858 -0.05858428 -0.0585298
0.489 -0.06495703 -0.06495577 -0.06495558 -0.06495845 -0.058414277 -0.062070888 -0.058584303 -0.05852981
0.4895 -0.06495757 -0.06495634 -0.06495615 -0.06495897 -0.058414277 -0.062070888 -0.05858431 -0.05852981
0.49 -0.0649581 -0.06495689 -0.06495671 -0.06495948 -0.058414284 -0.062070917 -0.058584332 -0.058529817
0.4905 -0.06495863 -0.06495744 -0.06495726 -0.06495998 -0.05841429 -0.062070932 -0.058584347 -0.058529824
0.491 -0.06495915 -0.06495798 -0.0649578 -0.06496048 -0.05841429 -0.062070947 -0.058584362 -0.058529824
0.4915 -0.06495966 -0.06495851 -0.06495834 -0.06496097 -0.058414306 -0.062070962 -0.058584366 -0.058529824
0.492 -0.06496017 -0.06495904 -0.06495887 -0.06496146 -0.058414314 -0.062070977 -0.058584385 -0.05852983
0.4925 -0.06496067 -0.06495956 -0.0649594 -0.06496194 -0.05841432 -0.062070977 -0.058584403 -0.058529846
0.493 -0.06496116 -0.06496007 -0.06495991 -0.06496241 -0.05841432 -0.062071007 -0.058584422 -0.058529846
0.4935 -0.06496165 -0.06496057 -0.06496043 -0.06496288 -0.05841432 -0.062071014 -0.058584433 -0.058529854
0.494 -0.06496213 -0.06496107 -0.06496093 -0.06496334 -0.05841432 -0.06207102 -0.058584437 -0.058529854
0.4945 -0.0649626 -0.06496157 -0.06496143 -0.0649638 -0.05841432 -0.062071037 -0.058584444 -0.05852986
0.495 -0.06496307 -0.06496206 -0.06496192 -0.06496425 -0.05841433 -0.06207105 -0.05858446 -0.05852986
0.4955 -0.06496354 -0.06496254 -0.0649624 -0.06496469 -0.05841433 -0.062071066 -0.058584474 -0.05852987
0.496 -0.06496399 -0.06496301 -0.06496288 -0.06496513 -0.058414344 -0.06207108 -0.05858448 -0.058529876
0.4965 -0.06496445 -0.06496348 -0.06496335 -0.06496557 -0.058414344 -0.06207109 -0.05858449 -0.058529876
0.497 -0.06496489 -0.06496394 -0.06496382 -0.06496599 -0.058414344 -0.062071096 -0.058584496 -0.058529884
0.4975 -0.06496533 -0.0649644 -0.06496428 -0.06496642 -0.058414344 -0.06207111 -0.058584504 -0.058529876
0.498 -0.06496577 -0.06496485 -0.06496474 -0.06496684 -0.058414344 -0.06207111 -0.05858451 -0.058529876
0.4985 -0.0649662 -0.0649653 -0.06496519 -0.06496725 -0.05841436 -0.06207112 -0.058584526 -0.05852989
0.499 -0.06496662 -0.06496574 -0.06496563 -0.06496766 -0.05841436 -0.062071126 -0.05858454 -0.05852989
0.4995 -0.06496704 -0.06496617 -0.06496607 -0.06496806 -0.05841435 -0.062071133 -0.05858455 -0.058529884
0.5 -0.06496745 -0.0649666 -0.0649665 -0.06496846 -0.05841435 -0.06207115 -0.058584563 -0.058529884
