0.0 -0.065 -0.065 -0.065 -0.065 -0.06757619 0.010203241 -0.073053285 -0.12405794
0.0005 -0.05510713 -0.06464294 -0.05136593 -0.05998911 -0.08328487 0.0030127782 -0.07514644 -0.15014611
0.001 -0.04302605 -0.06348697 -0.0356633 -0.05487664 -0.074763894 0.0018451503 -0.05951808 -0.13961191
0.0015 -0.03503592 -0.06177467 -0.02250581 -0.05090392 -0.058058936 0.0055623697 -0.03545293 -0.116610765
0.002 -0.02980618 -0.05969973 -0.01114604 -0.04738336 -0.039932843 0.011970174 -0.008401331 -0.091317564
0.0025 -0.02597366 -0.05737494 -0.0007025017 -0.04405546 -0.023043755 0.019354736 0.018718783 -0.06762451
0.003 -0.02280461 -0.05486423 0.009305862 -0.0408429 -0.008218472 0.026635844 0.044467364 -0.046729833
0.0035 -0.01996041 -0.05220833 0.0191286 -0.0377224 0.004501219 0.033227846 0.0682331 -0.028735874
0.004 -0.01727921 -0.04943358 0.02888818 -0.0346839 0.0153658865 0.038877204 0.089854255 -0.013346655
0.0045 -0.01468466 -0.04655842 0.03863671 -0.03172192 0.024695676 0.04353467 0.10940166 -0.00016273372
0.005 -0.01214764 -0.04359692 0.04832115 -0.02883387 0.03278887 0.04726532 0.12705418 0.011200892
0.0055 -0.009670258 -0.04056508 0.05779768 -0.02602328 0.039892714 0.050190024 0.14303079 0.021075534
0.006 -0.007235428 -0.03748491 0.06716694 -0.02328642 0.046201434 0.052449644 0.15755409 0.029732304
0.0065 -0.004825087 -0.03436147 0.07662958 -0.02061419 0.05186313 0.054183498 0.1708317 0.03738661
0.007 -0.002432666 -0.03119534 0.08619641 -0.018002 0.056989912 0.055519085 0.18304898 0.044208124
0.0075 -5.817373e-05 -0.02798804 0.09582962 -0.01544747 0.06166661 0.056566536 0.19436622 0.05032979
0.008 0.002287346 -0.02474139 0.1054865 -0.01295391 0.06595823 0.057418186 0.20492028 0.055856213
0.0085 0.00460113 -0.02146025 0.115132 -0.0105188 0.06991517 0.058148686 0.21482624 0.060870364
0.009 0.006892749 -0.01815092 0.1247415 -0.008136059 0.07357763 0.058817465 0.22418039 0.065438375
0.0095 0.009161084 -0.0148185 0.1342971 -0.005801969 0.076978065 0.059470575 0.23306291 0.06961416
0.01 0.01139873 -0.01146802 0.143785 -0.003517178 0.080143504 0.060142975 0.24154066 0.07344167
0.0105 0.01361438 -0.008105765 0.1531972 -0.001281253 0.08309683 0.06086065 0.24966912 0.07695784
0.011 0.01581199 -0.0047369 0.1625283 0.0009084236 0.08585789 0.061642367 0.25749487 0.08019377
0.0115 0.01798794 -0.00136583 0.1717691 0.003053634 0.08844392 0.06250098 0.26505664 0.08317648
0.012 0.0201412 0.002003688 0.1809186 0.005155809 0.090870276 0.06344509 0.27238697 0.08592881
0.0125 0.02227263 0.005369744 0.1899784 0.007216393 0.09315068 0.06447971 0.27951363 0.08847143
0.013 0.0243815 0.008729072 0.1989472 0.009236451 0.09529752 0.065607265 0.28645992 0.090822294
0.0135 0.02646688 0.01205316 0.2078225 0.01121737 0.097322 0.06682818 0.29324567 0.092997625
0.014 0.02852817 0.01533258 0.2166011 0.0131599 0.09923432 0.06814133 0.29988813 0.095011845
0.0145 0.03056493 0.01858268 0.2252814 0.01506475 0.101043805 0.06954454 0.3064021 0.096878245
0.015 0.03257698 0.02181501 0.2338628 0.01693299 0.102758765 0.07103493 0.3128 0.09860857
0.0155 0.03456429 0.02503674 0.2423451 0.0187655 0.10438713 0.07260901 0.31909338 0.10021387
0.016 0.03652699 0.02825118 0.2507279 0.02056321 0.10593592 0.07426293 0.32529172 0.10170384
0.0165 0.03846532 0.03145879 0.259011 0.02232703 0.107411526 0.07599272 0.33140358 0.10308774
0.017 0.04037956 0.0346582 0.2671938 0.02405789 0.108820036 0.07779424 0.33743653 0.10437371
0.0175 0.04227003 0.03784697 0.2752759 0.02575667 0.11016688 0.07966329 0.34339717 0.105569586
0.018 0.04413704 0.04102218 0.2832569 0.02742423 0.11145699 0.08159575 0.34929138 0.106682286
0.0185 0.04598089 0.04418084 0.2911366 0.02906137 0.11269493 0.08358753 0.3551243 0.107718244
0.019 0.04780187 0.04732012 0.2989146 0.03066888 0.113884956 0.08563474 0.36090052 0.10868351
0.0195 0.04960022 0.05043743 0.3065909 0.03224752 0.11503089 0.08773351 0.36662418 0.10958342
0.02 0.05137621 0.05353055 0.3141653 0.033798 0.11613624 0.08988014 0.37229875 0.11042313
0.0205 0.05313007 0.05659759 0.3216378 0.03532102 0.117204264 0.092071235 0.37792757 0.11120732
0.021 0.05486177 0.05963699 0.3290084 0.03681257 0.11823781 0.094303176 0.38351327 0.11194013
0.0215 0.05654664 0.06264758 0.3362646 0.03822813 0.11923972 0.09657276 0.3890584 0.112625614
0.022 0.05818619 0.06562746 0.3434119 0.03961418 0.120212354 0.09887695 0.39456505 0.11326747
0.0225 0.05980706 0.06857563 0.3504523 0.04098772 0.121158004 0.10121274 0.40003502 0.11386897
0.023 0.06141184 0.07148874 0.3573059 0.04234884 0.12207872 0.10357733 0.4054699 0.11443327
0.0235 0.06300768 0.07436275 0.3639868 0.04369642 0.12297646 0.10596809 0.41087103 0.11496319
0.024 0.06459621 0.07719678 0.3705442 0.04502928 0.12385298 0.10838236 0.41623944 0.115461335
0.0245 0.06617449 0.07999194 0.3770125 0.04634606 0.12470977 0.110817775 0.42157623 0.115930274
0.025 0.06773908 0.08275016 0.3834101 0.0476456 0.12554832 0.11327176 0.42688188 0.11637224
0.0255 0.06928733 0.08547352 0.389744 0.0489271 0.12636983 0.11574228 0.43215698 0.116789296
0.026 0.07081757 0.08816399 0.396015 0.05019006 0.12717566 0.1182272 0.43740198 0.1171834
0.0265 0.07232883 0.09082318 0.4022204 0.0514342 0.12796679 0.12072435 0.442617 0.11755629
0.027 0.07382067 0.09345231 0.4083563 0.05265936 0.1287442 0.12323175 0.44780195 0.117909536
0.0275 0.07529129 0.09605225 0.4144171 0.0538648 0.12950887 0.12574762 0.45295697 0.11824489
0.028 0.07671688 0.09862312 0.4203824 0.0550409 0.13026153 0.12827003 0.45808184 0.11856353
0.0285 0.07811069 0.1011645 0.4262633 0.05619318 0.13100298 0.13079725 0.46317607 0.118866906
0.029 0.07949352 0.1036767 0.4320688 0.05732867 0.1317338 0.13332748 0.46823943 0.11915621
0.0295 0.08087058 0.1061603 0.437798 0.05844909 0.13245465 0.13585918 0.4732713 0.11943258
0.03 0.08223982 0.1086154 0.4434474 0.05955423 0.13316603 0.13839072 0.4782712 0.11969693
0.0305 0.08359773 0.1110418 0.4490139 0.06064334 0.1338685 0.14092052 0.48323822 0.11995049
0.031 0.08494132 0.1134391 0.4544944 0.06171543 0.13456233 0.14344707 0.48817176 0.120193824
0.0315 0.08626851 0.1158071 0.4598879 0.06276851 0.13524805 0.14596899 0.49307108 0.12042798
0.032 0.08757393 0.1181455 0.4651934 0.06380048 0.13592592 0.14848477 0.49793518 0.12065369
0.0325 0.08884392 0.120454 0.4704101 0.06480824 0.13659628 0.15099311 0.50276303 0.12087159
0.033 0.0900916 0.1227333 0.4755405 0.06580053 0.13725935 0.1534926 0.50755405 0.121082425
0.0335 0.09132842 0.1249838 0.4805874 0.06678104 0.13791537 0.15598194 0.51230675 0.12128669
0.034 0.09255317 0.1272058 0.4855519 0.06774661 0.13856457 0.15845984 0.5170204 0.121485084
0.0345 0.09375015 0.1293989 0.4904317 0.06868785 0.13920699 0.16092516 0.52169365 0.12167801
0.035 0.09492994 0.1315631 0.4952291 0.06961506 0.13984294 0.1633766 0.5263258 0.12186614
0.0355 0.09610227 0.133699 0.4999471 0.07053291 0.1404724 0.16581297 0.5309155 0.12204969
0.036 0.09726839 0.1358068 0.5045874 0.07144178 0.14109552 0.16823334 0.53546166 0.122229055
0.0365 0.09842603 0.137887 0.5091508 0.07234102 0.14171235 0.17063636 0.5399633 0.12240483
0.037 0.0995725 0.1399396 0.5136378 0.07322993 0.14232294 0.17302105 0.5444193 0.12257722
0.0375 0.1007058 0.1419648 0.5180492 0.07410794 0.14292736 0.1753864 0.54882836 0.12274654
0.038 0.1018245 0.1439626 0.5223858 0.07497466 0.14352562 0.17773145 0.55318964 0.12291317
0.0385 0.1029281 0.1459333 0.5266487 0.07582984 0.1441177 0.18005532 0.557502 0.12307726
0.039 0.1040163 0.147877 0.5308387 0.07667333 0.14470366 0.18235691 0.56176454 0.123239174
0.0395 0.1050891 0.1497937 0.5349569 0.07750506 0.14528336 0.18463534 0.56597596 0.12339905
0.04 0.1061466 0.1516838 0.5390044 0.07832504 0.14585696 0.18689007 0.5701358 0.123557076
0.0405 0.1071892 0.1535474 0.5429823 0.07913333 0.14642428 0.18911994 0.57424265 0.123713404
0.041 0.1082165 0.1553833 0.5467113 0.07993004 0.1469853 0.1913244 0.5782958 0.12386829
0.0415 0.1092138 0.1571537 0.5493971 0.0807154 0.14754005 0.19350272 0.5822946 0.12402183
0.042 0.1101887 0.1588508 0.5521807 0.08148891 0.1480885 0.19565418 0.58623815 0.1241741
0.0425 0.1111544 0.1604839 0.555372 0.0822509 0.14863048 0.19777821 0.5901257 0.124325216
0.043 0.1121029 0.1616449 0.5588498 0.08299926 0.14916599 0.19987415 0.5939564 0.124475345
0.0435 0.1130351 0.1626092 0.5624683 0.08373474 0.14969495 0.20194149 0.59772986 0.1246244
0.044 0.1139628 0.1636094 0.5661427 0.08445978 0.15021734 0.20397969 0.6014455 0.12477267
0.0445 0.1148873 0.1647381 0.569811 0.08517498 0.15073319 0.2059884 0.6051028 0.12492004
0.045 0.1158061 0.166016 0.573434 0.08588048 0.15124224 0.20796712 0.6087011 0.12506656
0.0455 0.1167163 0.1674296 0.5769903 0.08651629 0.15174456 0.2099155 0.61224025 0.12521228
0.046 0.117616 0.1689521 0.5804697 0.08709799 0.15224005 0.21183315 0.6157199 0.1253573
0.0465 0.1185039 0.1705535 0.5838691 0.0876996 0.15272869 0.21371993 0.6191397 0.12550151
0.047 0.1193794 0.1722062 0.5871889 0.0883188 0.15321045 0.21557549 0.62249947 0.12564497
0.0475 0.1202421 0.1738866 0.5904317 0.08894028 0.15368523 0.21739967 0.6257992 0.12578769
0.048 0.1210916 0.1755756 0.5936007 0.08955509 0.15415302 0.21919218 0.6290387 0.1259296
0.0485 0.1219281 0.1772586 0.5966993 0.09016738 0.15461372 0.2209531 0.6322177 0.1260707
0.049 0.1227521 0.1789248 0.5997309 0.09078183 0.15506737 0.22268221 0.63533676 0.126211
0.0495 0.1235642 0.1805667 0.6026987 0.09139667 0.1555139 0.22437957 0.63839555 0.12635037
0.05 0.124365 0.1821792 0.6056056 0.09200972 0.15595329 0.22604501 0.6413945 0.12648898
0.0505 0.1251546 0.183759 0.608454 0.09261925 0.1563855 0.22767866 0.64433354 0.12662658
0.051 0.1259333 0.1853045 0.6112462 0.09322396 0.15681057 0.22928068 0.6472132 0.12676324
0.0515 0.1267013 0.1868148 0.6139841 0.09378114 0.15722841 0.230851 0.6500337 0.12689891
0.052 0.1274586 0.1882891 0.6166695 0.0942572 0.15763907 0.23238981 0.65279543 0.12703352
0.0525 0.1282052 0.1897287 0.6193039 0.09475451 0.15804245 0.23389725 0.6554986 0.12716702
0.053 0.1289413 0.1911348 0.6218888 0.09527614 0.15843879 0.23537347 0.6581438 0.12729944
0.0535 0.1296673 0.1925088 0.6244254 0.09581387 0.15882777 0.23681875 0.6607317 0.12743059
0.054 0.1303832 0.1938522 0.6269151 0.09636078 0.15920965 0.23823334 0.6632626 0.12756056
0.0545 0.1310893 0.1951661 0.6293589 0.09691177 0.15958437 0.23961742 0.66573703 0.12768914
0.055 0.1317857 0.1964518 0.6317579 0.09746318 0.15995197 0.24097125 0.6681558 0.12781645
0.0555 0.1324725 0.1977106 0.6341131 0.09801238 0.16031243 0.24229534 0.6705195 0.12794241
0.056 0.1331498 0.1989436 0.6364252 0.09855747 0.16066591 0.24358971 0.67282873 0.12806703
0.0565 0.1338169 0.2001519 0.6386953 0.09909698 0.16101228 0.2448549 0.6750842 0.12818995
0.057 0.1344703 0.2013365 0.6409242 0.09962967 0.16135173 0.2460913 0.67728657 0.12831165
0.0575 0.135106 0.2024983 0.643112 0.1000559 0.16168414 0.2472991 0.6794368 0.12843165
0.058 0.1357155 0.2036381 0.6452582 0.1004403 0.16200984 0.24847884 0.68153566 0.12855016
0.0585 0.1363149 0.2047564 0.6473647 0.100843 0.16232856 0.2496309 0.6835837 0.12866707
0.059 0.1369134 0.2058538 0.6494336 0.1012719 0.16264062 0.2507556 0.6855818 0.1287823
0.0595 0.1375125 0.2069314 0.6514659 0.1017208 0.16294594 0.25185347 0.6875309 0.12889585
0.06 0.1381104 0.2079898 0.6534622 0.1021826 0.16324459 0.25292486 0.6894318 0.12900768
0.0605 0.1387048 0.2090298 0.6554229 0.1026516 0.16353683 0.2539703 0.69128525 0.12911779
0.061 0.1392899 0.210052 0.6573485 0.1031232 0.16382246 0.25499007 0.6930921 0.12922628
0.0615 0.1398657 0.2110571 0.6592394 0.1035942 0.16410176 0.2559848 0.69485354 0.12933291
0.062 0.1404347 0.2120455 0.6610962 0.1040627 0.16437468 0.2569549 0.6965699 0.12943782
0.0625 0.1409965 0.2130174 0.6629194 0.104526 0.16464148 0.25790074 0.69824255 0.1295409
0.063 0.1415345 0.213971 0.6647062 0.1049675 0.16490202 0.25882283 0.69987196 0.12964214
0.0635 0.1420541 0.2149069 0.666457 0.1053969 0.16515659 0.25972167 0.7014593 0.12974168
0.064 0.1425712 0.2158269 0.6681764 0.1058234 0.16540508 0.26059762 0.7030053 0.1298393
0.0645 0.1430911 0.2167322 0.6698663 0.1062483 0.16564777 0.26145124 0.7045108 0.12993513
0.065 0.1436128 0.2176235 0.6715275 0.106671 0.16588463 0.2622829 0.7059768 0.13002911
0.0655 0.1441334 0.2185014 0.67316 0.1070904 0.1661158 0.2630932 0.7074041 0.13012134
0.066 0.1446505 0.2193661 0.6747639 0.1075056 0.16634144 0.26388246 0.7087935 0.1302117
0.0665 0.1451623 0.2202178 0.6763393 0.1079161 0.16656156 0.26465115 0.71014583 0.1303003
0.067 0.1456678 0.2210565 0.6778866 0.1083213 0.16677631 0.2653998 0.71146214 0.13038708
0.0675 0.1461664 0.2218826 0.679406 0.108721 0.16698565 0.2661288 0.7127431 0.13047197
0.068 0.1466578 0.222696 0.6808981 0.109115 0.16718988 0.26683855 0.71398944 0.13055517
0.0685 0.1471419 0.223497 0.6823633 0.1095032 0.16738896 0.2675296 0.7152021 0.13063657
0.069 0.1476187 0.2242855 0.683802 0.1098856 0.16758303 0.26820225 0.7163819 0.13071619
0.0695 0.1480885 0.2250619 0.6852147 0.1102622 0.16777216 0.2688571 0.7175296 0.130794
0.07 0.1485514 0.2258262 0.6866019 0.110633 0.16795652 0.26949435 0.71864605 0.13087015
0.0705 0.1490075 0.2265787 0.6879641 0.1109981 0.16813616 0.2701146 0.7197318 0.1309446
0.071 0.1494569 0.2273193 0.6893017 0.1113577 0.16831125 0.2707183 0.720788 0.13101736
0.0715 0.1498998 0.2280485 0.6906151 0.1117117 0.16848172 0.27130562 0.72181505 0.13108835
0.072 0.1503364 0.2287662 0.6919049 0.1120603 0.16864784 0.2718771 0.7228138 0.13115779
0.0725 0.1507664 0.2294727 0.6931714 0.1124032 0.16880952 0.27243322 0.7237849 0.13122548
0.073 0.15119 0.2301682 0.694415 0.1127407 0.16896711 0.27297416 0.7247291 0.13129166
0.0735 0.1515956 0.2308515 0.6956351 0.1130639 0.16912048 0.2735004 0.72564733 0.13135625
0.074 0.1519782 0.2315226 0.6968304 0.1133726 0.16926979 0.27401245 0.72653997 0.1314192
0.0745 0.1523559 0.2321826 0.6980037 0.1136774 0.16941516 0.27451038 0.7274077 0.13148065
0.075 0.1527371 0.2328324 0.6991569 0.1139816 0.16955669 0.27499485 0.7282512 0.13154057
0.0755 0.1531223 0.2334724 0.7002905 0.114285 0.16969441 0.275466 0.7290714 0.131599
0.076 0.1535091 0.234103 0.7014048 0.114587 0.16982844 0.2759242 0.72986853 0.13165602
0.0765 0.1538949 0.2347242 0.7024997 0.114887 0.16995893 0.27636984 0.7306433 0.13171151
0.077 0.1542777 0.2353362 0.7035753 0.1151845 0.17008589 0.27680328 0.73139644 0.13176562
0.0775 0.1546562 0.2359391 0.7046317 0.1154791 0.1702094 0.27722472 0.7321284 0.1318184
0.078 0.1550297 0.2365328 0.7056693 0.1157704 0.17032969 0.27763468 0.7328399 0.13186984
0.0785 0.1553979 0.2371176 0.7066882 0.1160584 0.17044662 0.2780332 0.73353136 0.13191988
0.079 0.1557605 0.2376934 0.7076888 0.1163428 0.17056037 0.27842078 0.7342034 0.13196863
0.0795 0.1561133 0.2382599 0.7086712 0.1166196 0.17067097 0.27879763 0.73485637 0.13201606
0.08 0.1564402 0.2388157 0.7096332 0.1168783 0.1707786 0.27916405 0.73549116 0.13206238
0.0805 0.1567556 0.2393621 0.7105763 0.1171304 0.17088325 0.27952036 0.73610795 0.13210733
0.081 0.1570731 0.2398999 0.711503 0.1173822 0.17098509 0.27986673 0.73670745 0.13215114
0.0815 0.1573955 0.2404296 0.7124143 0.1176347 0.17108409 0.28020346 0.7372898 0.13219382
0.082 0.1577212 0.2409515 0.7133104 0.1178876 0.17118043 0.28053093 0.7378559 0.13223535
0.0825 0.1580475 0.2414659 0.7141913 0.11814 0.17127396 0.28084928 0.7384059 0.13227572
0.083 0.1583723 0.2419726 0.7150569 0.1183915 0.17136508 0.28115878 0.7389404 0.13231498
0.0835 0.1586935 0.2424718 0.7159072 0.1186409 0.17145367 0.28145966 0.7394598 0.13235332
0.084 0.1589946 0.2429611 0.7167399 0.1188748 0.17153968 0.28175217 0.7399645 0.13239042
0.0845 0.1592773 0.2434408 0.717554 0.1190985 0.1716233 0.28203642 0.7404549 0.13242656
0.085 0.1595586 0.2439123 0.7183532 0.1193217 0.17170472 0.28231287 0.74093133 0.13246176
0.0855 0.1598447 0.2443768 0.7191394 0.1195465 0.17178383 0.28258166 0.7413945 0.13249607
0.086 0.1601353 0.2448348 0.7199132 0.1197726 0.17186077 0.28284287 0.7418444 0.13252932
0.0865 0.1604276 0.2452865 0.7206744 0.119999 0.17193553 0.28309685 0.74228156 0.13256165
0.087 0.1607193 0.245732 0.7214229 0.1202249 0.1720082 0.28334367 0.7427064 0.13259318
0.0875 0.1609283 0.2461712 0.7221585 0.1204497 0.17207877 0.28358364 0.7431192 0.13262376
0.088 0.1609985 0.2466042 0.7228805 0.1206727 0.17214747 0.28381693 0.74352026 0.13265347
0.0885 0.1611198 0.2470309 0.7235891 0.1208933 0.1722142 0.28404376 0.74391 0.13268238
0.089 0.1613111 0.2474505 0.724266 0.1211086 0.17227902 0.28426415 0.7442887 0.13271056
0.0895 0.1615444 0.2478604 0.7249031 0.1213172 0.1723421 0.2844784 0.74465656 0.1327378
0.09 0.1618164 0.2482615 0.7255375 0.1215242 0.17240337 0.2846866 0.74501413 0.13276444
0.0905 0.1621136 0.2486555 0.7261768 0.1217304 0.17246296 0.28488904 0.74536157 0.13279021
0.091 0.1624217 0.2490436 0.7268177 0.1219353 0.17252089 0.28508592 0.74569917 0.13281533
0.0915 0.1627307 0.2494266 0.7274553 0.1221386 0.1725771 0.28527716 0.7460271 0.13283971
0.092 0.1630343 0.2498048 0.7280859 0.1223399 0.17263184 0.28546315 0.7463459 0.13286339
0.0925 0.1633296 0.2501781 0.7287073 0.1225393 0.17268495 0.28564394 0.7466556 0.13288635
0.093 0.1636154 0.2505466 0.7293183 0.1227363 0.17273663 0.28581962 0.7469566 0.13290873
0.0935 0.1638917 0.2509102 0.7299183 0.1229311 0.17278682 0.28599036 0.747249 0.13293053
0.094 0.164159 0.2512688 0.7305072 0.1231234 0.17283563 0.2861564 0.74753314 0.13295168
0.0945 0.1643941 0.2516223 0.7310818 0.1232946 0.17288311 0.28631777 0.74780935 0.13297221
0.095 0.1645877 0.2519702 0.7316391 0.1234451 0.17292917 0.28647462 0.7480775 0.13299207
0.0955 0.1647765 0.2523124 0.7321846 0.1235953 0.1729739 0.28662702 0.7483382 0.13301148
0.096 0.1649775 0.2526489 0.7327218 0.1237506 0.17301749 0.2867752 0.74859166 0.13303041
0.0965 0.1651918 0.25298 0.7332516 0.1239109 0.17305969 0.28691933 0.74883765 0.1330486
0.097 0.165415 0.2533059 0.7337738 0.1240748 0.17310078 0.28705934 0.7490769 0.1330664
0.0975 0.1656421 0.2536269 0.7342881 0.1242411 0.1731408 0.28719544 0.7493095 0.13308375
0.098 0.1658697 0.253943 0.7347941 0.1244084 0.1731796 0.28732768 0.7495353 0.13310051
0.0985 0.1660952 0.2542544 0.7352918 0.124576 0.17321734 0.28745633 0.7497548 0.1331168
0.099 0.1663174 0.2545611 0.7357809 0.12474 0.17325394 0.28758132 0.74996805 0.13313258
0.0995 0.1665355 0.2548633 0.7362616 0.1249026 0.17328958 0.2877028 0.7501754 0.13314795
0.1 0.1667492 0.25516 0.7367339 0.1250631 0.062059026 0.34015402 0.687285 0.029429944
0.1005 0.1570809 0.2654704 0.7237568 0.1203737 0.1128583 0.36117628 0.7048628 0.088874966
0.101 0.1452719 0.2800827 0.7091106 0.1157668 0.14260983 0.3780415 0.7054911 0.11135857
0.1015 0.1375814 0.2963088 0.6972547 0.1123878 0.16152404 0.39220393 0.69566077 0.12064554
0.102 0.1326705 0.3132866 0.6873483 0.1095401 0.1699691 0.4058547 0.68157524 0.12327476
0.1025 0.1291734 0.3306175 0.6784641 0.1069602 0.17023948 0.4193476 0.66653925 0.122677505
0.103 0.1263539 0.3480839 0.6700623 0.1045673 0.1649151 0.43266258 0.65202993 0.12028448
0.1035 0.1238659 0.3655472 0.6618792 0.1023336 0.15627821 0.44566754 0.6386605 0.11684096
0.104 0.121553 0.382909 0.6537976 0.1002459 0.14606671 0.45826522 0.62664807 0.11284038
0.1045 0.1193446 0.4000948 0.6457701 0.09829592 0.13546288 0.470428 0.6160047 0.10864104
0.105 0.1172086 0.4170471 0.63778 0.09647682 0.12518713 0.48218694 0.60662717 0.10449472
0.1055 0.1151298 0.4337208 0.629824 0.09478272 0.11561985 0.493608 0.59835404 0.100561485
0.106 0.1131009 0.450081 0.6219041 0.09320828 0.10691459 0.5047695 0.5910047 0.096927136
0.1065 0.1111181 0.4661011 0.6140243 0.09174848 0.09908619 0.51574755 0.5844045 0.09362203
0.107 0.1091794 0.4817612 0.6061893 0.09039864 0.09207401 0.5266069 0.5783979 0.09063898
0.1075 0.1072835 0.4970471 0.5984036 0.08915433 0.08578318 0.5373977 0.5728538 0.087948754
0.108 0.1054298 0.5119493 0.5906719 0.08801138 0.08010898 0.5481551 0.56766564 0.085510485
0.1085 0.1036177 0.5264619 0.5829983 0.08696581 0.07495117 0.55890065 0.56274915 0.083280414
0.109 0.1018467 0.5405824 0.5753868 0.08601388 0.07022041 0.5696442 0.55803883 0.081216305
0.1095 0.1001167 0.5543108 0.5678409 0.08515201 0.065840885 0.5803862 0.553484 0.0792809
0.11 0.09842707 0.5676492 0.560364 0.08437681 0.102746956 0.5475109 0.51725125 0.13408375
0.1105 0.09676791 0.570223 0.5527703 0.08356123 0.09096361 0.5566991 0.52455926 0.12304138
0.111 0.09512392 0.5673149 0.5448625 0.08276463 0.08462376 0.5578807 0.5300695 0.11337112
0.1115 0.09351426 0.5618617 0.536791 0.08205148 0.08186877 0.5532121 0.53255785 0.10484193
0.112 0.09194278 0.5549255 0.5286476 0.08140844 0.08175405 0.54456204 0.53265727 0.09842374
0.1125 0.09040893 0.5470262 0.5204841 0.08082889 0.08336941 0.5333051 0.5308812 0.09422988
0.113 0.08891169 0.538454 0.5123305 0.08030937 0.08602235 0.5203671 0.52763057 0.09202835
0.1135 0.08745026 0.5293944 0.504205 0.07984768 0.089218825 0.50638044 0.52321947 0.091459766
0.114 0.08602409 0.5199799 0.4961197 0.07944212 0.09262242 0.491787 0.51789534 0.09214824
0.1145 0.08463277 0.5103123 0.4880837 0.07909124 0.09601196 0.47690105 0.5118544 0.09375094
0.115 0.08327597 0.5004733 0.4801039 0.07879369 0.09924752 0.4619493 0.50525194 0.0959772
0.1155 0.0819534 0.4905293 0.4721862 0.07854821 0.102244966 0.4470954 0.49821126 0.09859194
0.116 0.08066482 0.4805353 0.4643355 0.07835355 0.10495732 0.4324576 0.49083054 0.10141182
0.1165 0.07940995 0.4705363 0.4565561 0.07820853 0.10736243 0.4181195 0.48318803 0.1042985
0.117 0.07818854 0.4605696 0.4488516 0.07811199 0.10945406 0.40413886 0.47534603 0.10715097
0.1175 0.07700033 0.4506659 0.4412252 0.07806283 0.11123605 0.39055368 0.46735448 0.109898165
0.118 0.07584507 0.4408501 0.4336797 0.07805995 0.112718575 0.3773866 0.45925266 0.11249243
0.1185 0.0747225 0.4311424 0.4262173 0.07810229 0.11391557 0.364649 0.4510721 0.11490442
0.119 0.07363234 0.4215592 0.4188403 0.07818885 0.114843056 0.3523435 0.44283777 0.117118225
0.1195 0.07257433 0.4121135 0.4115502 0.07831862 0.11551798 0.34046653 0.43456897 0.11912793
0.12 0.07154819 0.4028155 0.4043486 0.07849065 0.11595793 0.32900995 0.4262814 0.12093508
0.1205 0.07055368 0.393673 0.3972367 0.078704 0.1161802 0.31796256 0.41798696 0.12254608
0.121 0.06959055 0.3846918 0.3902155 0.07895777 0.11620193 0.3073107 0.4096952 0.12397103
0.1215 0.06865853 0.3758763 0.3832859 0.07925111 0.116039716 0.29703996 0.40141377 0.12522215
0.122 0.06775733 0.3672293 0.3764486 0.07958316 0.11570953 0.28713498 0.39314866 0.12631303
0.1225 0.06688663 0.3587525 0.369704 0.07995307 0.115226746 0.27758026 0.38490498 0.127258
0.123 0.06604615 0.3504468 0.3630526 0.08036004 0.114605926 0.26836058 0.37668663 0.12807141
0.1235 0.06523558 0.3423121 0.3564945 0.08080328 0.11386082 0.2594612 0.3684975 0.12876752
0.124 0.06445465 0.3343478 0.35003 0.08128203 0.1130046 0.25086775 0.3603409 0.12936015
0.1245 0.06370306 0.3265529 0.3436591 0.08179554 0.11204934 0.24256682 0.35221985 0.1298624
0.125 0.06298053 0.3189255 0.3373817 0.0823431 0.11100658 0.23454565 0.34413767 0.13028666
0.1255 0.06228677 0.311464 0.3311976 0.082924 0.109886914 0.22679216 0.3360973 0.1306447
0.126 0.06162152 0.3041659 0.3251067 0.08353757 0.10870027 0.21929535 0.32810223 0.13094719
0.1265 0.06098447 0.297029 0.3191087 0.08418314 0.10745561 0.21204492 0.32015565 0.13120402
0.127 0.06037535 0.2900506 0.3132031 0.08486008 0.10616147 0.20503132 0.31226143 0.13142441
0.1275 0.05979387 0.283228 0.3073896 0.08556775 0.10482554 0.19824582 0.30442315 0.13161664
0.128 0.05923975 0.2765585 0.3016678 0.08630555 0.103454836 0.19168025 0.296645 0.13178815
0.1285 0.0587127 0.270039 0.296037 0.08707288 0.102055855 0.18532725 0.288931 0.13194582
0.129 0.05821244 0.2636667 0.2904968 0.08786918 0.10063443 0.17918012 0.2812857 0.1320956
0.1295 0.05773868 0.2574387 0.2850464 0.08869387 0.09919599 0.17323251 0.27371377 0.13224308
0.13 0.05729115 0.2513521 0.2796854 0.08954641 0.09774535 0.1674787 0.2662198 0.13239308
0.1305 0.05686955 0.2454038 0.2744129 0.09042626 0.096286915 0.1619134 0.2588086 0.13254984
0.131 0.05647361 0.2395909 0.2692283 0.09133291 0.09482467 0.15653175 0.25148538 0.13271722
0.1315 0.05610304 0.2339107 0.2641309 0.09226585 0.09336219 0.15132923 0.24425511 0.13289854
0.132 0.05575757 0.2283602 0.2591199 0.09322459 0.09190281 0.14630154 0.23712276 0.13309686
0.1325 0.05543691 0.2229366 0.2541944 0.09420864 0.090449415 0.14144474 0.23009352 0.13331479
0.133 0.0551408 0.2176371 0.2493538 0.09521754 0.089004606 0.13675492 0.22317238 0.13355449
0.1335 0.05486894 0.212459 0.2445971 0.09625083 0.087570906 0.13222854 0.21636434 0.13381821
0.134 0.05462107 0.2073996 0.2399235 0.09730805 0.08615038 0.12786208 0.20967431 0.13410756
0.1345 0.05439691 0.2024563 0.2353322 0.09838878 0.08474495 0.123652205 0.20310707 0.13442418
0.135 0.0541962 0.1976266 0.2308223 0.09949258 0.08335646 0.11959559 0.19666715 0.13476948
0.1355 0.05401865 0.1929078 0.2263928 0.100619 0.081986435 0.11568886 0.19035907 0.13514474
0.136 0.053864 0.1882976 0.222043 0.1017678 0.08063625 0.111928806 0.18418686 0.13555099
0.1365 0.05373199 0.1837935 0.2177719 0.1029383 0.07930721 0.10831216 0.17815457 0.13598938
0.137 0.05362235 0.1793932 0.2135786 0.1041304 0.07800032 0.10483563 0.17226581 0.13646068
0.1375 0.0535348 0.1750944 0.2094621 0.1053435 0.076716796 0.10149582 0.16652398 0.1369659
0.138 0.0534691 0.1708947 0.2054216 0.1065774 0.07545731 0.09828946 0.16093202 0.1375056
0.1385 0.05342498 0.1667921 0.2014562 0.1078316 0.07422278 0.095212966 0.15549271 0.1380806
0.139 0.05340218 0.1627843 0.1975648 0.1091058 0.07301378 0.092263 0.15020843 0.13869162
0.1395 0.05340045 0.1588694 0.1937466 0.1103996 0.07183097 0.08943598 0.14508124 0.13933922
0.14 0.05341953 0.1550451 0.1900007 0.1117128 0.070674755 0.08672838 0.1401128 0.14002392
0.1405 0.05345917 0.1513096 0.186326 0.113045 0.06954562 0.08413643 0.13530426 0.14074636
0.141 0.05351912 0.1476608 0.1827217 0.1143958 0.06844384 0.08165653 0.13065688 0.14150694
0.1415 0.05359912 0.1440969 0.1791869 0.115765 0.06736967 0.07928485 0.12617101 0.1423062
0.142 0.05369894 0.140616 0.1757205 0.1171521 0.06632323 0.07701771 0.12184681 0.1431445
0.1425 0.05381834 0.1372163 0.1723218 0.1185571 0.06530468 0.07485126 0.11768438 0.14402221
0.143 0.05395705 0.133896 0.1689897 0.1199794 0.06431399 0.07278161 0.11368312 0.14493968
0.1435 0.05411486 0.1306534 0.1657233 0.1214189 0.06335126 0.07080495 0.109842315 0.1458972
0.144 0.05429151 0.1274869 0.1625218 0.1228753 0.06241617 0.06891745 0.106160775 0.14689493
0.1445 0.05448678 0.1243947 0.1593841 0.1243482 0.06150873 0.06711529 0.102637276 0.14793316
0.145 0.05470043 0.1213752 0.1563095 0.1258374 0.060628675 0.06539464 0.09926994 0.14901194
0.1455 0.05493223 0.1184269 0.1532969 0.1273426 0.0597757 0.06375162 0.09605692 0.15013136
0.146 0.05518194 0.1155482 0.1503456 0.1288636 0.058949485 0.062182624 0.09299599 0.15129142
0.1465 0.05544935 0.1127377 0.1474546 0.1304002 0.058149654 0.06068379 0.09008457 0.15249194
0.147 0.05573423 0.1099939 0.144623 0.1319519 0.05737577 0.05925161 0.08732019 0.15373297
0.1475 0.05603635 0.1073153 0.1418499 0.1335187 0.056627315 0.057882328 0.0847 0.15501423
0.148 0.05635547 0.1047006 0.1391346 0.1351001 0.055903815 0.056572516 0.08222084 0.1563354
0.1485 0.05669133 0.1021484 0.136476 0.1366959 0.055204734 0.055318806 0.07987966 0.15769629
0.149 0.05704377 0.09965743 0.1338734 0.138306 0.054529287 0.054117713 0.077672884 0.15909636
0.1495 0.0574126 0.09722629 0.131326 0.1399303 0.053877044 0.052965987 0.07559733 0.16053525
0.15 0.05779766 0.09485375 0.1288328 0.1415685 0.053235784 0.051850606 0.07364671 0.1619291
0.1505 0.05819218 0.09253846 0.126388 0.1431303 0.05254174 0.050673503 0.071794674 0.1625657
0.151 0.05855742 0.09027789 0.1239673 0.1444633 0.05210473 0.049458284 0.07007708 0.16282058
0.1515 0.05887947 0.08806888 0.1215687 0.1456206 0.051827382 0.048164014 0.0685256 0.16267659
0.152 0.05916725 0.08590899 0.1192002 0.1466404 0.051674806 0.0468092 0.06714089 0.16219635
0.1525 0.05943029 0.0837964 0.116867 0.1475389 0.05160922 0.045406077 0.06591351 0.1614341
0.153 0.05967432 0.08172956 0.1145711 0.1483246 0.05160312 0.0439695 0.06482716 0.16043936
0.1535 0.05990223 0.07970713 0.112313 0.1490036 0.05163572 0.04251303 0.06386213 0.15925397
0.154 0.06011524 0.07772785 0.1100925 0.1495811 0.051690742 0.04104883 0.062998965 0.1579119
0.1545 0.06031381 0.07579052 0.1079089 0.1500615 0.051755127 0.039587293 0.062219042 0.1564398
0.155 0.06049607 0.07389399 0.1057614 0.1502859 0.051818427 0.038137455 0.061505485 0.15485857
0.1555 0.06066014 0.0720371 0.1036489 0.1504153 0.051872637 0.036706645 0.060843546 0.15318456
0.156 0.06080934 0.07021876 0.1015711 0.1505147 0.05191126 0.035301153 0.0602202 0.15143067
0.1565 0.06094535 0.06843794 0.09952737 0.1505781 0.051929586 0.033925775 0.05962463 0.1496072
0.157 0.06106816 0.06669363 0.09751714 0.1505964 0.051924203 0.03258464 0.05904757 0.14772268
0.1575 0.06117712 0.06498485 0.09553964 0.1505634 0.051892575 0.03128076 0.058481295 0.14578418
0.158 0.06127152 0.06331066 0.09359411 0.1504749 0.051833183 0.030016381 0.05791946 0.14379765
0.1585 0.06135077 0.06167012 0.0916798 0.1503288 0.051745165 0.028793503 0.057357002 0.14176847
0.159 0.06141444 0.06006234 0.08979601 0.1501241 0.05162805 0.027612973 0.056789566 0.13970111
0.1595 0.06146225 0.05848643 0.08794204 0.1498607 0.05148194 0.026475701 0.056213904 0.13759978
0.16 0.06149399 0.05694154 0.08611721 0.1495392 0.051307216 0.025381971 0.05562759 0.13546836
0.1605 0.06150953 0.05542683 0.08432089 0.1491606 0.05110438 0.024331797 0.055028472 0.13331012
0.161 0.06150876 0.05394149 0.08255242 0.1487259 0.05087424 0.023324925 0.05441517 0.13112848
0.1615 0.06149163 0.05248472 0.0808112 0.1482367 0.05061746 0.022360865 0.05378658 0.12892619
0.162 0.06145809 0.05105576 0.07909662 0.1476944 0.050335076 0.021439109 0.053142134 0.12670614
0.1625 0.06140811 0.04965384 0.07740807 0.1471007 0.05002786 0.020558763 0.052481536 0.124470696
0.163 0.06134168 0.04827824 0.07574499 0.1464571 0.049696703 0.019719113 0.05180459 0.12222235
0.1635 0.06125878 0.04692825 0.07410679 0.1457653 0.049342576 0.018919144 0.05111148 0.1199633
0.164 0.06115941 0.04560316 0.07249291 0.1450268 0.048966173 0.018157769 0.050402436 0.11769551
0.1645 0.06104359 0.04430231 0.07090282 0.1442432 0.048568368 0.01743405 0.04967806 0.11542088
0.165 0.06091132 0.04302502 0.06933597 0.143416 0.048149876 0.016746927 0.04893889 0.113141194
0.1655 0.06076265 0.04177067 0.06779183 0.1425467 0.047711335 0.016095255 0.048185457 0.11085802
0.166 0.06059758 0.04053861 0.0662699 0.1416366 0.04725339 0.015477914 0.047418747 0.108572885
0.1665 0.06041618 0.03932825 0.06476965 0.1406872 0.046776574 0.014893789 0.046639312 0.10628712
0.167 0.06021847 0.03813899 0.06329061 0.1396998 0.046281464 0.01434179 0.04584821 0.10400207
0.1675 0.06000452 0.03697025 0.06183227 0.1386755 0.045768417 0.013820905 0.04504629 0.10171895
0.168 0.05977439 0.03582146 0.06039418 0.1376156 0.045237914 0.0133299865 0.044234414 0.09943865
0.1685 0.05952814 0.03469208 0.05897586 0.1365213 0.0446903 0.0128680505 0.043413658 0.09716236
0.169 0.05926584 0.03358157 0.05757685 0.1353936 0.044125848 0.012433965 0.04258484 0.094890974
0.1695 0.05898757 0.03248941 0.05619671 0.1342336 0.0435448 0.0120267905 0.04174896 0.09262528
0.17 0.05869342 0.03141509 0.05483501 0.1330423 0.042947464 0.011645544 0.040906984 0.09036614
0.1705 0.05838347 0.03035812 0.05349131 0.1318206 0.042334028 0.011289213 0.04005984 0.088114314
0.171 0.05805782 0.02931801 0.0521652 0.1305695 0.041704588 0.010956991 0.039208595 0.085870445
0.1715 0.05771656 0.0282943 0.05085626 0.1292899 0.04105932 0.010647837 0.03835394 0.08363515
0.172 0.05735979 0.02728653 0.0495641 0.1279826 0.040398303 0.01036096 0.037496928 0.08140905
0.1725 0.05698762 0.02629425 0.04828832 0.1266484 0.039721694 0.010095451 0.036638442 0.07919274
0.173 0.05660017 0.02531703 0.04702853 0.1252881 0.039029513 0.009850536 0.035779286 0.07698674
0.1735 0.05619753 0.02435444 0.04578436 0.1239024 0.038321782 0.009625379 0.03492034 0.07479146
0.174 0.05577984 0.02340608 0.04455544 0.1224921 0.037598595 0.009419236 0.034062464 0.072607495
0.1745 0.0553472 0.02247154 0.04334142 0.1210577 0.036859937 0.009231348 0.033206422 0.070435226
0.175 0.05489975 0.02155044 0.04214193 0.1196001 0.036105875 0.009060983 0.032353077 0.06827508
0.1755 0.05443759 0.02064239 0.04095663 0.1181198 0.03533634 0.008907426 0.03150307 0.066127434
0.176 0.05396087 0.01974701 0.03978518 0.1166175 0.03455132 0.008770037 0.030657236 0.06399274
0.1765 0.05346971 0.01886396 0.03862726 0.1150936 0.033750866 0.008648176 0.029816289 0.061871327
0.177 0.05296424 0.01799288 0.03748253 0.1135489 0.032934938 0.0085411705 0.02898087 0.05976361
0.1775 0.05244458 0.01713342 0.03635069 0.1119837 0.03210346 0.008448426 0.028151695 0.057669863
0.178 0.05191089 0.01628525 0.03523142 0.1103988 0.031256493 0.008369375 0.027329464 0.05559054
0.1785 0.05136329 0.01544805 0.03412442 0.1087944 0.030393992 0.008303393 0.026514668 0.053525895
0.179 0.05080191 0.0146215 0.03302939 0.1071712 0.0295159 0.008249987 0.025708098 0.051476277
0.1795 0.0502269 0.0138053 0.03194604 0.1055296 0.028622217 0.008208606 0.024910275 0.049442038
0.18 0.04963839 0.01299913 0.03087409 0.1038701 0.027712915 0.008178744 0.02412181 0.04742346
0.1805 0.04903653 0.01220272 0.02981326 0.102193 0.026787966 0.008159865 0.023343299 0.045420885
0.181 0.04842146 0.01141577 0.02876329 0.1004989 0.025847327 0.008151513 0.022575218 0.043434612
0.1815 0.04779331 0.01063801 0.02772389 0.09878809 0.024891064 0.008153241 0.021818165 0.041464947
0.182 0.04715222 0.00986917 0.02669483 0.09706101 0.02391908 0.008164521 0.021072675 0.039512247
0.1825 0.04649834 0.009108983 0.02567583 0.09531803 0.0229314 0.008185025 0.02033924 0.037576728
0.183 0.04583181 0.008357196 0.02466666 0.09355953 0.02192805 0.008214254 0.01961847 0.035658807
0.1835 0.04515278 0.007613559 0.02366706 0.09178586 0.020908974 0.0082517825 0.01891074 0.033758685
0.184 0.04446138 0.006877829 0.02267681 0.08999736 0.019874189 0.008297261 0.018216629 0.03187672
0.1845 0.04375775 0.00614977 0.02169567 0.08819438 0.01882374 0.008350279 0.0175366 0.030013205
0.185 0.04304204 0.005429152 0.02072342 0.08637725 0.017757647 0.008410443 0.016871128 0.028168434
0.1855 0.04231439 0.004715752 0.01975982 0.08454626 0.016675904 0.008477453 0.016220767 0.026342722
0.186 0.04157494 0.004009351 0.01880468 0.08270175 0.015578515 0.008550901 0.015585918 0.02453635
0.1865 0.04082384 0.003309736 0.01785776 0.08084399 0.01446554 0.008630451 0.014967132 0.022749605
0.187 0.04006121 0.002616701 0.01691887 0.07897328 0.013337008 0.008715775 0.014364827 0.020982785
0.1875 0.03928721 0.001930046 0.01598781 0.0770899 0.012192997 0.008806545 0.01377954 0.019236226
0.188 0.03850197 0.001249573 0.01506437 0.07519412 0.011033512 0.0089024715 0.013211761 0.017510194
0.1885 0.03770563 0.0005750928 0.01414836 0.07328621 0.009858656 0.009003241 0.012661982 0.015804961
0.189 0.03689833 -9.358058e-05 0.0132396 0.07136642 0.008668493 0.009108547 0.012130711 0.014120897
0.1895 0.03608021 -0.0007566277 0.01233789 0.06943501 0.0074630817 0.00921816 0.011618499 0.012458239
0.19 0.0352514 -0.001414224 0.01144307 0.06749221 0.006242494 0.0093317665 0.011125814 0.010817263
0.1905 0.03441204 -0.002066542 0.01055494 0.06553827 0.005006849 0.009449143 0.010653261 0.009198304
0.191 0.03356226 -0.002713747 0.009673342 0.06357341 0.0037562428 0.009570051 0.010201383 0.0076016393
0.1915 0.03270221 -0.003356 0.008798104 0.06159786 0.0024907356 0.00969423 0.009770725 0.006027527
0.192 0.03183201 -0.003993461 0.007929061 0.05961183 0.0012104874 0.009821493 0.009361912 0.004476296
0.1925 0.03095179 -0.004626283 0.007066053 0.05761554 -8.4371306e-05 0.00995161 0.008975532 0.002948206
0.193 0.03006169 -0.005254614 0.006208922 0.0556092 -0.0013937736 0.010084417 0.008612234 0.0014435053
0.1935 0.02916183 -0.0058786 0.005357515 0.053593 -0.0027175033 0.010219764 0.008272711 -3.7459657e-05
0.194 0.02825236 -0.006498382 0.004511681 0.05156715 -0.00405549 0.010357421 0.007957559 -0.0014944803
0.1945 0.02733338 -0.007114099 0.003671274 0.04953183 -0.005407498 0.01049735 0.0076675974 -0.0029272363
0.195 0.02640504 -0.007725884 0.002836151 0.04748722 -0.00677343 0.010639358 0.0074035265 -0.0043354873
0.1955 0.02546746 -0.008333866 0.002006171 0.04543352 -0.008153076 0.010783363 0.0071661063 -0.005718954
0.196 0.02452076 -0.008938174 0.001181199 0.0433709 -0.009546247 0.010929301 0.006956149 -0.0070773736
0.1965 0.02356507 -0.009538929 0.0003611009 0.04129954 -0.010952768 0.011077117 0.006774541 -0.008410482
0.197 0.02260051 -0.01013625 -0.0004542542 0.03921959 -0.012372416 0.011226784 0.006622132 -0.009718062
0.1975 0.0216272 -0.01073026 -0.001264993 0.03713123 -0.013804986 0.011378299 0.0064998455 -0.010999835
0.198 0.02064526 -0.01132107 -0.002071241 0.03503462 -0.015250211 0.011531707 0.0064087026 -0.012255526
0.1985 0.01965481 -0.01190878 -0.002873118 0.03292991 -0.016707886 0.011687055 0.006349642 -0.013484927
0.199 0.01865597 -0.01249351 -0.003670743 0.03081725 -0.018177759 0.011844441 0.0063237958 -0.014687791
0.1995 0.01764886 -0.01307536 -0.004464232 0.02869681 -0.019659534 0.012003973 0.0063321926 -0.015863886
0.2 0.01663359 -0.01365443 -0.005253699 0.02656871 -0.02115295 0.012165848 0.006376043 -0.017012957
0.2005 0.01561355 -0.01423076 -0.006036706 0.02447813 -0.022955883 0.011920348 0.006046653 -0.018810922
0.201 0.01460811 -0.0148038 -0.00680162 0.0225013 -0.024773996 0.011526514 0.005624797 -0.020809349
0.2015 0.01362424 -0.01537265 -0.007547984 0.02061173 -0.026504602 0.011008801 0.00510497 -0.022802021
0.202 0.01265747 -0.01593676 -0.008280304 0.01879037 -0.028103895 0.010388292 0.004492745 -0.024688877
0.2025 0.01170305 -0.01649586 -0.009001642 0.01702908 -0.029560652 0.009683127 0.0037993975 -0.026428716
0.203 0.01075811 -0.01704983 -0.009713537 0.01532361 -0.030879412 0.008908454 0.0030379444 -0.028011343
0.2035 0.009821227 -0.01759861 -0.01041671 0.01367099 -0.032071583 0.008076888 0.0022211708 -0.029442117
0.204 0.008891782 -0.01814219 -0.01111149 0.01206869 -0.033150703 0.0071989913 0.0013607442 -0.030733272
0.2045 0.007969566 -0.01868055 -0.01179806 0.01051442 -0.034130257 0.0062836222 0.0004669428 -0.03189942
0.205 0.007054559 -0.01921371 -0.01247654 0.009006045 -0.03502265 0.0053383578 -0.0004513897 -0.03295517
0.2055 0.006146824 -0.01974167 -0.01314701 0.007541543 -0.035838943 0.0043695737 -0.0013868734 -0.03391417
0.206 0.005246458 -0.02026444 -0.01380955 0.006119022 -0.03658873 0.0033828393 -0.0023332648 -0.0347886
0.2065 0.00435357 -0.02078204 -0.01446423 0.004736697 -0.037280332 0.0023829155 -0.0032854564 -0.03558919
0.207 0.00346827 -0.0212945 -0.01511113 0.003392877 -0.03792094 0.0013739504 -0.004239183 -0.03632523
0.2075 0.002590662 -0.02180182 -0.0157503 0.002085968 -0.038516764 0.0003594663 -0.0051910654 -0.037004814
0.208 0.001720844 -0.02230405 -0.01638183 0.0008144625 -0.03907317 -0.0006574448 -0.0061383173 -0.037634924
0.2085 0.0008589047 -0.02280119 -0.01700578 -0.0004230666 -0.039594803 -0.0016741939 -0.0070787147 -0.038221575
0.209 4.924761e-06 -0.02329328 -0.01762221 -0.001627969 -0.040085685 -0.0026885252 -0.0080104545 -0.038769998
0.2095 -0.0008410229 -0.02378036 -0.01823121 -0.002801523 -0.040549316 -0.0036985073 -0.008932162 -0.039284684
0.21 -0.001678874 -0.02426243 -0.01883285 -0.003944939 -0.04098873 -0.004702572 -0.009842761 -0.039769582
0.2105 -0.002508572 -0.02473954 -0.01942718 -0.005059366 -0.041406587 -0.0056993254 -0.010741387 -0.040228084
0.211 -0.003330067 -0.02521172 -0.02001428 -0.00614589 -0.04180518 -0.006687645 -0.011627417 -0.040663145
0.2115 -0.004143318 -0.025679 -0.02059423 -0.007205547 -0.042186487 -0.0076665953 -0.01250039 -0.04107732
0.212 -0.00494829 -0.02614141 -0.0211671 -0.008239315 -0.042552263 -0.008635394 -0.01335996 -0.04147286
0.2125 -0.005744955 -0.02659897 -0.02173294 -0.009248127 -0.04290402 -0.009593397 -0.014205914 -0.041851677
0.213 -0.006533289 -0.02705174 -0.02229184 -0.01023287 -0.043243024 -0.010540094 -0.015038125 -0.04221545
0.2135 -0.007313277 -0.02749973 -0.02284387 -0.01119438 -0.043570448 -0.011475075 -0.01585653 -0.04256565
0.214 -0.008084908 -0.02794299 -0.02338908 -0.01213347 -0.04388727 -0.012398012 -0.016661149 -0.04290355
0.2145 -0.008848177 -0.02838154 -0.02392757 -0.01305089 -0.044194352 -0.0133086555 -0.017452005 -0.043230236
0.215 -0.009603084 -0.02881543 -0.02445939 -0.01394737 -0.044492435 -0.014206827 -0.018229164 -0.04354666
0.2155 -0.01034963 -0.02924468 -0.02498461 -0.01482361 -0.04478218 -0.015092362 -0.018992774 -0.043853685
0.216 -0.01108783 -0.02966933 -0.02550331 -0.01568026 -0.045064155 -0.015965197 -0.019742955 -0.044152007
0.2165 -0.0118177 -0.03008942 -0.02601554 -0.01651797 -0.045338828 -0.016825255 -0.020479828 -0.04444226
0.217 -0.01253924 -0.03050498 -0.02652139 -0.01733732 -0.04560666 -0.017672531 -0.021203596 -0.044725
0.2175 -0.01325249 -0.03091606 -0.02702093 -0.01813889 -0.04586805 -0.018507015 -0.021914434 -0.045000717
0.218 -0.01395747 -0.03132267 -0.02751421 -0.01892324 -0.046123296 -0.01932874 -0.022612497 -0.04526981
0.2185 -0.01465421 -0.03172486 -0.0280013 -0.01969089 -0.04637271 -0.02013776 -0.023297999 -0.04553266
0.219 -0.01534274 -0.03212267 -0.02848228 -0.02044234 -0.046616573 -0.020934112 -0.023971125 -0.045789614
0.2195 -0.01602309 -0.03251613 -0.02895721 -0.02117807 -0.04685511 -0.021717865 -0.024632059 -0.04604093
0.22 -0.0166953 -0.03290528 -0.02942616 -0.02189856 -0.04708855 -0.022489134 -0.025281046 -0.04628688
0.2205 -0.01735941 -0.03329015 -0.0298892 -0.02260423 -0.047317047 -0.02324799 -0.025918234 -0.04652769
0.221 -0.01801547 -0.03367079 -0.03034639 -0.02329551 -0.0475408 -0.023994546 -0.02654384 -0.04676357
0.2215 -0.01866353 -0.03404721 -0.03079779 -0.02397282 -0.04775996 -0.024728898 -0.027158067 -0.0469947
0.222 -0.01930362 -0.03441947 -0.03124348 -0.02463653 -0.04797468 -0.025451157 -0.027761102 -0.047221236
0.2225 -0.0199358 -0.0347876 -0.03168352 -0.02528704 -0.048185065 -0.02616147 -0.028353143 -0.04744333
0.223 -0.02056012 -0.03515164 -0.03211796 -0.02592469 -0.048391268 -0.02685992 -0.02893439 -0.04766112
0.2235 -0.02117664 -0.03551161 -0.03254688 -0.02654983 -0.048593383 -0.027546667 -0.02950504 -0.047874734
0.224 -0.02178541 -0.03586756 -0.03297035 -0.02716281 -0.04879151 -0.02822183 -0.030065265 -0.048084274
0.2245 -0.02238648 -0.03621953 -0.03338841 -0.02776393 -0.04898577 -0.028885525 -0.030615263 -0.048289865
0.225 -0.02297992 -0.03656754 -0.03380114 -0.02835351 -0.049176242 -0.029537905 -0.031155191 -0.048491597
0.2255 -0.02356579 -0.03691164 -0.0342086 -0.02893185 -0.049363002 -0.03017909 -0.031685255 -0.048689544
0.226 -0.02414414 -0.03725186 -0.03461085 -0.02949923 -0.049546145 -0.030809231 -0.032205626 -0.048883818
0.2265 -0.02471505 -0.03758823 -0.03500794 -0.03005593 -0.049725734 -0.031428445 -0.03271648 -0.04907448
0.227 -0.02527857 -0.0379208 -0.03539995 -0.03060222 -0.04990187 -0.032036874 -0.03321798 -0.049261607
0.2275 -0.02583476 -0.0382496 -0.03578693 -0.03113835 -0.05007459 -0.032634664 -0.033710286 -0.049445286
0.228 -0.0263837 -0.03857466 -0.03616894 -0.03166458 -0.050243992 -0.03322193 -0.03419357 -0.049625568
0.2285 -0.02692545 -0.03889601 -0.03654604 -0.03218114 -0.05041013 -0.033798844 -0.034668002 -0.04980252
0.229 -0.02746008 -0.03921371 -0.03691829 -0.03268826 -0.050573055 -0.034365524 -0.035133738 -0.049976192
0.2295 -0.02798765 -0.03952777 -0.03728575 -0.03318618 -0.05073287 -0.034922093 -0.03559092 -0.0501467
0.23 -0.02850823 -0.03983823 -0.03764847 -0.0336751 -0.050889585 -0.03546872 -0.03603971 -0.05031404
0.2305 -0.02902189 -0.04014513 -0.03800651 -0.03415524 -0.05104328 -0.036005512 -0.036480267 -0.050478294
0.231 -0.0295287 -0.04044851 -0.03835993 -0.0346268 -0.05119401 -0.03653262 -0.03691271 -0.05063951
0.2315 -0.03002873 -0.04074839 -0.03870878 -0.03508997 -0.051341847 -0.037050176 -0.037337214 -0.050797753
0.232 -0.03052206 -0.04104481 -0.03905312 -0.03554496 -0.05148681 -0.037558313 -0.037753887 -0.050953053
0.2325 -0.03100873 -0.04133781 -0.03939301 -0.03599193 -0.051628973 -0.03805717 -0.03816289 -0.051105484
0.233 -0.03148884 -0.04162742 -0.0397285 -0.03643108 -0.05176837 -0.03854687 -0.038564347 -0.05125507
0.2335 -0.03196245 -0.04191368 -0.04005964 -0.03686257 -0.051905073 -0.03902756 -0.038958404 -0.051401883
0.234 -0.03242963 -0.04219661 -0.04038648 -0.03728657 -0.052039135 -0.03949936 -0.03934519 -0.051545963
0.2345 -0.03289045 -0.04247625 -0.04070909 -0.03770325 -0.052170582 -0.039962415 -0.039724827 -0.051687345
0.235 -0.03334498 -0.04275264 -0.0410275 -0.03811277 -0.052299466 -0.04041684 -0.040097423 -0.051826082
0.2355 -0.03379329 -0.0430258 -0.04134178 -0.03851527 -0.052425835 -0.04086277 -0.040463123 -0.05196221
0.236 -0.03423546 -0.04329577 -0.04165197 -0.03891091 -0.052549757 -0.041300345 -0.04082207 -0.0520958
0.2365 -0.03467154 -0.04356259 -0.04195813 -0.03929983 -0.052671243 -0.041729663 -0.04117433 -0.052226856
0.237 -0.03510162 -0.04382628 -0.0422603 -0.03968217 -0.052790347 -0.042150885 -0.041520048 -0.052355453
0.2375 -0.03552576 -0.04408688 -0.04255854 -0.04005807 -0.052907117 -0.04256411 -0.041859325 -0.0524816
0.238 -0.03594404 -0.04434441 -0.04285289 -0.04042767 -0.053021595 -0.042969484 -0.042192303 -0.05260537
0.2385 -0.03635652 -0.04459892 -0.0431434 -0.04079109 -0.05313382 -0.04336712 -0.04251907 -0.052726783
0.239 -0.03676326 -0.04485043 -0.04343012 -0.04114846 -0.05324383 -0.043757126 -0.04283973 -0.05284588
0.2395 -0.03716435 -0.04509898 -0.04371311 -0.0414999 -0.053351663 -0.044139665 -0.043154396 -0.052962698
0.24 -0.03755985 -0.04534459 -0.04399239 -0.04184553 -0.05345738 -0.0445148 -0.043463174 -0.053077295
0.2405 -0.03794982 -0.0455873 -0.04426803 -0.04218547 -0.05356098 -0.044882696 -0.04376616 -0.05318968
0.241 -0.03833434 -0.04582713 -0.04454007 -0.04251983 -0.053662546 -0.045243453 -0.04406346 -0.05329992
0.2415 -0.03871348 -0.04606412 -0.04480855 -0.04284871 -0.05376208 -0.045597177 -0.04435517 -0.053408027
0.242 -0.03908729 -0.0462983 -0.04507352 -0.04317224 -0.053859636 -0.04594401 -0.04464139 -0.05351405
0.2425 -0.03945585 -0.0465297 -0.04533502 -0.04349051 -0.053955235 -0.046284053 -0.04492221 -0.053618006
0.243 -0.03981922 -0.04675834 -0.04559309 -0.04380362 -0.054048937 -0.046617415 -0.045197744 -0.053719953
0.2435 -0.04017747 -0.04698426 -0.04584779 -0.04411168 -0.054140758 -0.046944212 -0.045468062 -0.053819917
0.244 -0.04053067 -0.04720749 -0.04609915 -0.04441478 -0.054230757 -0.047264557 -0.045733254 -0.053917952
0.2445 -0.04087887 -0.04742805 -0.04634722 -0.04471301 -0.054318935 -0.047578562 -0.04599342 -0.05401405
0.245 -0.04122215 -0.04764598 -0.04659204 -0.04500647 -0.054405335 -0.047886316 -0.046248645 -0.054108277
0.2455 -0.04156057 -0.0478613 -0.04683364 -0.04529525 -0.054490007 -0.048187952 -0.046499014 -0.05420065
0.246 -0.04189418 -0.04807405 -0.04707208 -0.04557944 -0.05457297 -0.048483577 -0.046744615 -0.054291204
0.2465 -0.04222306 -0.04828424 -0.04730738 -0.04585911 -0.05465425 -0.048773285 -0.04698553 -0.054379977
0.247 -0.04254727 -0.04849191 -0.0475396 -0.04613436 -0.05473389 -0.049057152 -0.047221825 -0.054467
0.2475 -0.04286686 -0.04869709 -0.04776877 -0.04640527 -0.05481193 -0.04933532 -0.047453612 -0.0545523
0.248 -0.0431819 -0.0488998 -0.04799493 -0.04667192 -0.054888364 -0.04960789 -0.047680944 -0.05463592
0.2485 -0.04349245 -0.04910007 -0.04821811 -0.04693438 -0.054963265 -0.049874943 -0.04790392 -0.05471787
0.249 -0.04379857 -0.04929793 -0.04843837 -0.04719273 -0.055036638 -0.050136592 -0.048122603 -0.054798186
0.2495 -0.04410032 -0.04949341 -0.04865573 -0.04744704 -0.055108514 -0.050392907 -0.048337072 -0.0548769
0.25 -0.04439775 -0.04968652 -0.04887023 -0.0476974 -0.05517892 -0.050644007 -0.04854739 -0.054954052
0.2505 -0.04469093 -0.0498773 -0.04908191 -0.04794386 -0.05524789 -0.050889987 -0.048753653 -0.055029646
0.251 -0.04497992 -0.05006578 -0.04929081 -0.04818651 -0.05531544 -0.05113094 -0.048955925 -0.05510372
0.2515 -0.04526476 -0.05025197 -0.04949695 -0.0484254 -0.055381615 -0.051366944 -0.049154267 -0.05517631
0.252 -0.04554552 -0.05043591 -0.04970039 -0.04866061 -0.05544642 -0.051598106 -0.049348738 -0.055247433
0.2525 -0.04582225 -0.05061762 -0.04990115 -0.04889219 -0.055509906 -0.051824506 -0.04953945 -0.055317126
0.253 -0.04609501 -0.05079713 -0.05009926 -0.04912022 -0.05557208 -0.052046243 -0.04972642 -0.05538541
0.2535 -0.04636385 -0.05097446 -0.05029477 -0.04934475 -0.055632975 -0.05226339 -0.04990975 -0.055452317
0.254 -0.04662883 -0.05114963 -0.0504877 -0.04956585 -0.055692617 -0.052476052 -0.050089493 -0.05551786
0.2545 -0.04689 -0.05132267 -0.05067809 -0.04978358 -0.055751015 -0.05268429 -0.050265715 -0.055582076
0.255 -0.04714741 -0.0514936 -0.05086598 -0.04999799 -0.05580822 -0.05288821 -0.05043848 -0.05564498
0.2555 -0.04740112 -0.05166246 -0.05105138 -0.05020914 -0.055864226 -0.053087864 -0.050607823 -0.05570659
0.256 -0.04765117 -0.05182925 -0.05123435 -0.05041709 -0.05591907 -0.05328336 -0.050773863 -0.055766948
0.2565 -0.04789762 -0.05199401 -0.0514149 -0.05062189 -0.05597278 -0.053474773 -0.050936606 -0.055826083
0.257 -0.04814052 -0.05215676 -0.05159308 -0.0508236 -0.056025375 -0.053662177 -0.051096134 -0.055883996
0.2575 -0.04837992 -0.05231752 -0.0517689 -0.05102227 -0.056076866 -0.05384564 -0.05125251 -0.055940717
0.258 -0.04861586 -0.05247632 -0.05194241 -0.05121794 -0.0561273 -0.05402526 -0.051405795 -0.055996284
0.2585 -0.04884841 -0.05263317 -0.05211363 -0.05141068 -0.05617666 -0.054201093 -0.05155602 -0.056050695
0.259 -0.04907759 -0.05278811 -0.05228259 -0.05160053 -0.056225013 -0.054373223 -0.051703252 -0.056103997
0.2595 -0.04930347 -0.05294114 -0.05244933 -0.05178754 -0.05627234 -0.05454172 -0.05184757 -0.056156173
0.26 -0.04952608 -0.0530923 -0.05261386 -0.05197175 -0.056318674 -0.054706644 -0.051989004 -0.05620729
0.2605 -0.04974548 -0.0532416 -0.05277623 -0.05215322 -0.05636405 -0.054868076 -0.0521276 -0.056257345
0.261 -0.04996171 -0.05338908 -0.05293645 -0.05233198 -0.05640847 -0.055026095 -0.05226344 -0.056306362
0.2615 -0.05017481 -0.05353474 -0.05309456 -0.05250809 -0.056451943 -0.055180747 -0.052396543 -0.05635435
0.262 -0.05038484 -0.05367861 -0.05325058 -0.05268159 -0.056494523 -0.05533212 -0.05252698 -0.056401357
0.2625 -0.05059183 -0.05382071 -0.05340455 -0.05285252 -0.05653618 -0.055480253 -0.052654788 -0.056447364
0.263 -0.05079582 -0.05396106 -0.05355648 -0.05302092 -0.05657697 -0.055625226 -0.052780014 -0.056492433
0.2635 -0.05099687 -0.05409969 -0.05370641 -0.05318683 -0.056616906 -0.055767123 -0.05290272 -0.056536533
0.264 -0.05119501 -0.0542366 -0.05385437 -0.0533503 -0.056655977 -0.055905964 -0.053022955 -0.056579724
0.2645 -0.05139028 -0.05437183 -0.05400037 -0.05351136 -0.056694236 -0.05604184 -0.053140737 -0.056622006
0.265 -0.05158273 -0.05450539 -0.05414444 -0.05367006 -0.056731682 -0.05617478 -0.05325614 -0.056663394
0.2655 -0.0517724 -0.05463731 -0.05428661 -0.05382643 -0.056768347 -0.056304898 -0.05336921 -0.056703925
0.266 -0.05195932 -0.05476759 -0.05442691 -0.0539805 -0.056804214 -0.056432206 -0.053479984 -0.056743592
0.2665 -0.05214354 -0.05489627 -0.05456535 -0.05413233 -0.05683933 -0.056556787 -0.053588495 -0.056782447
0.267 -0.0523251 -0.05502335 -0.05470197 -0.05428194 -0.056873705 -0.056678664 -0.05369479 -0.05682046
0.2675 -0.05250403 -0.05514886 -0.05483678 -0.05442936 -0.056907337 -0.056797925 -0.053798918 -0.056857683
0.268 -0.05268037 -0.05527282 -0.05496982 -0.05457464 -0.056940276 -0.05691461 -0.053900942 -0.056894116
0.2685 -0.05285416 -0.05539525 -0.05510109 -0.0547178 -0.056972492 -0.057028767 -0.054000843 -0.056929782
0.269 -0.05302543 -0.05551616 -0.05523064 -0.05485889 -0.05700403 -0.05714046 -0.05409871 -0.056964695
0.2695 -0.05319423 -0.05563557 -0.05535848 -0.05499793 -0.05703489 -0.05724973 -0.054194562 -0.056998856
0.27 -0.05336059 -0.0557535 -0.05548463 -0.05513496 -0.05706509 -0.05735663 -0.05428845 -0.057032295
0.2705 -0.05352455 -0.05586996 -0.05560911 -0.05527 -0.057094637 -0.057461213 -0.054380395 -0.05706501
0.271 -0.05368613 -0.05598498 -0.05573196 -0.05540309 -0.057123568 -0.057563525 -0.054470465 -0.057097055
0.2715 -0.05384537 -0.05609858 -0.05585318 -0.05553427 -0.057151873 -0.0576636 -0.054558665 -0.057128407
0.272 -0.05400232 -0.05621076 -0.0559728 -0.05566355 -0.05717956 -0.0577615 -0.054645043 -0.05715909
0.2725 -0.054157 -0.05632155 -0.05609085 -0.05579098 -0.05720667 -0.057857286 -0.05472963 -0.05718913
0.273 -0.05430944 -0.05643096 -0.05620733 -0.05591657 -0.05723318 -0.057950962 -0.05481247 -0.057218507
0.2735 -0.05445967 -0.05653901 -0.05632228 -0.05604036 -0.057259124 -0.058042612 -0.05489359 -0.05724726
0.274 -0.05460774 -0.05664572 -0.05643571 -0.05616237 -0.057284508 -0.058132242 -0.054973017 -0.057275392
0.2745 -0.05475367 -0.0567511 -0.05654765 -0.05628264 -0.05730937 -0.058219913 -0.0550508 -0.057302944
0.275 -0.05489749 -0.05685516 -0.05665811 -0.05640119 -0.057333674 -0.058305677 -0.055126972 -0.057329886
0.2755 -0.05503924 -0.05695793 -0.05676711 -0.05651804 -0.05735745 -0.058389563 -0.055201545 -0.057356253
0.276 -0.05517894 -0.05705942 -0.05687467 -0.05663323 -0.057380717 -0.0584716 -0.055274557 -0.057382055
0.2765 -0.05531662 -0.05715964 -0.05698082 -0.05674678 -0.0574035 -0.058551844 -0.055346057 -0.057407312
0.277 -0.05545232 -0.05725861 -0.05708557 -0.05685871 -0.05742577 -0.05863033 -0.055416055 -0.05743202
0.2775 -0.05558606 -0.05735635 -0.05718893 -0.05696905 -0.05744758 -0.058707085 -0.055484597 -0.057456188
0.278 -0.05571787 -0.05745287 -0.05729093 -0.05707782 -0.05746888 -0.05878217 -0.055551685 -0.057479836
0.2785 -0.05584778 -0.05754818 -0.05739159 -0.05718504 -0.05748974 -0.05885559 -0.05561737 -0.057502978
0.279 -0.05597582 -0.05764231 -0.05749091 -0.05729075 -0.057510156 -0.0589274 -0.055681683 -0.05752562
0.2795 -0.05610201 -0.05773525 -0.05758893 -0.05739496 -0.057530124 -0.058997612 -0.055744633 -0.05754777
0.28 -0.05622639 -0.05782704 -0.05768566 -0.0574977 -0.057549667 -0.059066292 -0.055806264 -0.05756945
0.2805 -0.05634897 -0.05791767 -0.05778111 -0.05759899 -0.057568762 -0.05913345 -0.05586659 -0.05759064
0.281 -0.05646979 -0.05800718 -0.0578753 -0.05769884 -0.057587463 -0.059199136 -0.055925645 -0.0576114
0.2815 -0.05658887 -0.05809556 -0.05796825 -0.05779729 -0.05760574 -0.05926336 -0.055983458 -0.057631686
0.282 -0.05670624 -0.05818284 -0.05805998 -0.05789436 -0.057623636 -0.059326183 -0.056040045 -0.057651535
0.2825 -0.05682192 -0.05826902 -0.0581505 -0.05799005 -0.057641137 -0.059387606 -0.056095432 -0.057670973
0.283 -0.05693594 -0.05835413 -0.05823982 -0.0580844 -0.05765825 -0.059447672 -0.056149647 -0.057689965
0.2835 -0.05704831 -0.05843816 -0.05832797 -0.05817743 -0.057674993 -0.059506398 -0.056202717 -0.057708554
0.284 -0.05715908 -0.05852115 -0.05841496 -0.05826915 -0.05769136 -0.05956384 -0.05625465 -0.057726733
0.2845 -0.05726825 -0.05860309 -0.0585008 -0.05835959 -0.057707403 -0.059620004 -0.056305494 -0.057744525
0.285 -0.05737585 -0.05868401 -0.0585855 -0.05844876 -0.057723086 -0.059674922 -0.056355253 -0.057761937
0.2855 -0.05748191 -0.05876391 -0.0586691 -0.05853668 -0.057738412 -0.059728634 -0.05640395 -0.057778947
0.286 -0.05758645 -0.05884281 -0.05875159 -0.05862337 -0.057753403 -0.059781145 -0.056451604 -0.0577956
0.2865 -0.05768948 -0.05892072 -0.058833 -0.05870886 -0.057768073 -0.05983248 -0.056498237 -0.057811894
0.287 -0.05779105 -0.05899766 -0.05891333 -0.05879315 -0.057782423 -0.05988269 -0.056543887 -0.057827815
0.2875 -0.05789115 -0.05907362 -0.05899261 -0.05887626 -0.057796437 -0.05993178 -0.05658855 -0.057843395
0.288 -0.05798982 -0.05914863 -0.05907084 -0.05895822 -0.05781017 -0.059979778 -0.056632265 -0.057858646
0.2885 -0.05808708 -0.0592227 -0.05914804 -0.05903904 -0.057823602 -0.060026716 -0.056675043 -0.057873547
0.289 -0.05818294 -0.05929584 -0.05922423 -0.05911873 -0.05783673 -0.060072605 -0.056716904 -0.057888128
0.2895 -0.05827744 -0.05936806 -0.05929941 -0.05919732 -0.057849567 -0.060117472 -0.056757867 -0.05790238
0.29 -0.05837058 -0.05943937 -0.05937361 -0.05927482 -0.05786212 -0.06016135 -0.05679795 -0.057916336
0.2905 -0.05846239 -0.05950978 -0.05944683 -0.05935124 -0.057874415 -0.060204234 -0.056837175 -0.057929985
0.291 -0.05855289 -0.05957931 -0.05951908 -0.0594266 -0.057886418 -0.060246166 -0.05687555 -0.05794333
0.2915 -0.05864209 -0.05964796 -0.05959039 -0.05950092 -0.057898168 -0.060287174 -0.056913115 -0.057956368
0.292 -0.05873002 -0.05971575 -0.05966076 -0.05957421 -0.057909664 -0.060327258 -0.056949865 -0.057969145
0.2925 -0.0588167 -0.05978269 -0.0597302 -0.05964649 -0.05792089 -0.060366448 -0.05698581 -0.057981618
0.293 -0.05890214 -0.05984878 -0.05979873 -0.05971777 -0.057931896 -0.060404774 -0.057021 -0.057993837
0.2935 -0.05898636 -0.05991404 -0.05986635 -0.05978807 -0.05794264 -0.060442228 -0.057055414 -0.058005773
0.294 -0.05906937 -0.05997848 -0.05993309 -0.0598574 -0.057953153 -0.06047887 -0.057089105 -0.058017455
0.2945 -0.05915121 -0.06004211 -0.05999895 -0.05992577 -0.057963435 -0.06051467 -0.057122048 -0.058028884
0.295 -0.05923188 -0.06010493 -0.06006395 -0.0599932 -0.0579735 -0.060549673 -0.05715429 -0.05804006
0.2955 -0.0593114 -0.06016697 -0.06012809 -0.06005971 -0.05798332 -0.0605839 -0.057185825 -0.058050968
0.296 -0.05938979 -0.06022822 -0.06019139 -0.0601253 -0.05799294 -0.06061737 -0.057216685 -0.05806166
0.2965 -0.05946707 -0.0602887 -0.06025386 -0.06018999 -0.05800235 -0.060650077 -0.05724689 -0.058072113
0.297 -0.05954325 -0.06034841 -0.0603155 -0.06025379 -0.058011536 -0.06068207 -0.05727642 -0.05808232
0.2975 -0.05961834 -0.06040737 -0.06037634 -0.06031671 -0.05802053 -0.060713325 -0.057305306 -0.05809231
0.298 -0.05969237 -0.06046559 -0.06043638 -0.06037878 -0.058029313 -0.060743902 -0.057333574 -0.05810207
0.2985 -0.05976534 -0.06052308 -0.06049563 -0.06043999 -0.058037926 -0.06077377 -0.057361223 -0.058111638
0.299 -0.05983729 -0.06057983 -0.0605541 -0.06050036 -0.05804633 -0.060802992 -0.057388276 -0.05812098
0.2995 -0.05990821 -0.06063588 -0.0606118 -0.06055991 -0.058054548 -0.060831558 -0.057414737 -0.0581301
0.3 -0.05997812 -0.06069121 -0.06066875 -0.06061865 -0.05806258 -0.060859468 -0.057440616 -0.05813904
0.3005 -0.06004704 -0.06074584 -0.06072495 -0.06067658 -0.058070447 -0.060886767 -0.05746594 -0.058147773
0.301 -0.06011499 -0.06079979 -0.06078041 -0.06073373 -0.05807815 -0.060913455 -0.057490725 -0.058156326
0.3015 -0.06018198 -0.06085305 -0.06083514 -0.06079009 -0.05808566 -0.06093954 -0.05751495 -0.05816467
0.302 -0.06024801 -0.06090564 -0.06088916 -0.06084569 -0.058093015 -0.060965035 -0.05753865 -0.058172844
0.3025 -0.06031312 -0.06095757 -0.06094247 -0.06090053 -0.058100197 -0.060989965 -0.057561837 -0.05818083
0.303 -0.0603773 -0.06100884 -0.06099508 -0.06095462 -0.05810723 -0.061014336 -0.05758452 -0.058188647
0.3035 -0.06044057 -0.06105946 -0.06104699 -0.06100797 -0.058114108 -0.061038163 -0.057606697 -0.058196276
0.304 -0.06050296 -0.06110944 -0.06109823 -0.06106061 -0.058120828 -0.061061453 -0.057628408 -0.058203757
0.3045 -0.06056446 -0.06115879 -0.0611488 -0.06111252 -0.0581274 -0.061084215 -0.05764962 -0.05821105
0.305 -0.06062509 -0.06120752 -0.0611987 -0.06116373 -0.058133814 -0.061106484 -0.057670377 -0.05821818
0.3055 -0.06068487 -0.06125563 -0.06124795 -0.06121425 -0.058140103 -0.061128225 -0.057690687 -0.058225177
0.306 -0.0607438 -0.06130313 -0.06129656 -0.06126408 -0.05814625 -0.06114949 -0.05771055 -0.058232002
0.3065 -0.06080191 -0.06135003 -0.06134452 -0.06131324 -0.058152255 -0.061170276 -0.05772997 -0.05823867
0.307 -0.06085919 -0.06139634 -0.06139186 -0.06136173 -0.058158133 -0.0611906 -0.05774896 -0.058245197
0.3075 -0.06091567 -0.06144206 -0.06143858 -0.06140956 -0.058163863 -0.061210465 -0.057767544 -0.058251582
0.308 -0.06097136 -0.0614872 -0.06148469 -0.06145675 -0.058169488 -0.06122989 -0.057785727 -0.058257826
0.3085 -0.06102626 -0.06153177 -0.06153019 -0.0615033 -0.05817498 -0.061248865 -0.05780349 -0.05826392
0.309 -0.06108039 -0.06157578 -0.0615751 -0.06154922 -0.05818035 -0.061267417 -0.057820886 -0.05826989
0.3095 -0.06113376 -0.06161923 -0.06161942 -0.06159452 -0.05818559 -0.061285567 -0.05783788 -0.058275715
0.31 -0.06118638 -0.06166212 -0.06166316 -0.06163921 -0.058190722 -0.0613033 -0.05785452 -0.05828142
0.3105 -0.06123826 -0.06170448 -0.06170633 -0.06168329 -0.058195736 -0.06132063 -0.057870775 -0.058286995
0.311 -0.06128942 -0.0617463 -0.06174893 -0.06172679 -0.058200646 -0.061337557 -0.057886668 -0.05829245
0.3115 -0.06133985 -0.06178759 -0.06179098 -0.06176969 -0.058205444 -0.06135412 -0.057902224 -0.058297776
0.312 -0.06138958 -0.06182835 -0.06183248 -0.06181202 -0.058210123 -0.06137031 -0.057917427 -0.058302976
0.3125 -0.06143861 -0.0618686 -0.06187343 -0.06185378 -0.058214705 -0.061386134 -0.057932314 -0.05830808
0.313 -0.06148696 -0.06190834 -0.06191385 -0.06189498 -0.058219176 -0.061401602 -0.057946853 -0.058313057
0.3135 -0.06153463 -0.06194758 -0.06195374 -0.06193562 -0.058223557 -0.06141672 -0.057961088 -0.058317915
0.314 -0.06158163 -0.06198632 -0.0619931 -0.06197572 -0.058227856 -0.061431486 -0.057974994 -0.058322683
0.3145 -0.06162798 -0.06202457 -0.06203196 -0.06201528 -0.058232043 -0.061445933 -0.057988603 -0.058327332
0.315 -0.06167368 -0.06206233 -0.0620703 -0.06205431 -0.058236133 -0.06146006 -0.058001913 -0.058331884
0.3155 -0.06171874 -0.06209961 -0.06210815 -0.06209281 -0.05824014 -0.061473858 -0.058014914 -0.05833634
0.316 -0.06176317 -0.06213643 -0.0621455 -0.0621308 -0.058244046 -0.061487358 -0.058027647 -0.058340684
0.3165 -0.06180698 -0.06217277 -0.06218236 -0.06216828 -0.058247883 -0.06150053 -0.05804009 -0.058344938
0.317 -0.06185018 -0.06220866 -0.06221874 -0.06220526 -0.058251623 -0.061513428 -0.058052257 -0.058349095
0.3175 -0.06189278 -0.06224408 -0.06225465 -0.06224174 -0.05825528 -0.061526034 -0.058064166 -0.05835317
0.318 -0.06193478 -0.06227906 -0.06229009 -0.06227774 -0.058258865 -0.06153835 -0.058075793 -0.058357142
0.3185 -0.0619762 -0.0623136 -0.06232506 -0.06231325 -0.058262352 -0.06155039 -0.05808716 -0.058361024
0.319 -0.06201704 -0.0623477 -0.06235958 -0.06234829 -0.05826578 -0.061562162 -0.058098294 -0.058364823
0.3195 -0.06205732 -0.06238136 -0.06239365 -0.06238286 -0.058269117 -0.06157365 -0.05810917 -0.058368534
0.32 -0.06209703 -0.0624146 -0.06242727 -0.06241697 -0.058272388 -0.0615849 -0.05811981 -0.05837217
0.3205 -0.0621362 -0.06244742 -0.06246046 -0.06245063 -0.05827557 -0.061595883 -0.0581302 -0.0583757
0.321 -0.06217481 -0.06247982 -0.06249321 -0.06248383 -0.058278713 -0.061606634 -0.058140382 -0.058379196
0.3215 -0.0622129 -0.06251181 -0.06252554 -0.06251659 -0.058281753 -0.061617125 -0.058150318 -0.058382586
0.322 -0.06225045 -0.06254339 -0.06255744 -0.06254892 -0.058284733 -0.0616274 -0.058160044 -0.058385894
0.3225 -0.06228748 -0.06257457 -0.06258893 -0.06258082 -0.05828766 -0.06163742 -0.05816955 -0.058389135
0.323 -0.062324 -0.06260536 -0.06262001 -0.06261229 -0.0582905 -0.061647233 -0.058178835 -0.05839231
0.3235 -0.06236002 -0.06263575 -0.06265068 -0.06264334 -0.058293294 -0.061656814 -0.05818793 -0.0583954
0.324 -0.06239553 -0.06266576 -0.06268095 -0.06267398 -0.058296014 -0.061666172 -0.05819681 -0.058398426
0.3245 -0.06243056 -0.06269539 -0.06271083 -0.06270421 -0.05829868 -0.061675336 -0.05820551 -0.0584014
0.325 -0.06246509 -0.06272464 -0.06274032 -0.06273404 -0.05830129 -0.06168429 -0.058214 -0.05840429
0.3255 -0.06249916 -0.06275352 -0.06276942 -0.06276348 -0.058303837 -0.06169304 -0.05822231 -0.05840712
0.326 -0.06253275 -0.06278204 -0.06279815 -0.06279252 -0.058306325 -0.061701585 -0.058230434 -0.058409877
0.3265 -0.06256587 -0.06281019 -0.0628265 -0.06282118 -0.058308754 -0.06170995 -0.058238387 -0.05841259
0.327 -0.06259854 -0.06283798 -0.06285449 -0.06284945 -0.058311123 -0.061718117 -0.058246143 -0.05841522
0.3275 -0.06263076 -0.06286543 -0.06288211 -0.06287736 -0.058313463 -0.061726097 -0.05825375 -0.058417812
0.328 -0.06266253 -0.06289252 -0.06290936 -0.06290489 -0.058315743 -0.061733905 -0.05826117 -0.058420338
0.3285 -0.06269387 -0.06291927 -0.06293627 -0.06293206 -0.058317963 -0.061741535 -0.058268424 -0.05842281
0.329 -0.06272477 -0.06294568 -0.06296283 -0.06295887 -0.05832014 -0.061748993 -0.058275525 -0.058425225
0.3295 -0.06275525 -0.06297175 -0.06298903 -0.06298532 -0.058322255 -0.06175628 -0.058282465 -0.05842758
0.33 -0.0627853 -0.0629975 -0.0630149 -0.06301142 -0.058324333 -0.061763402 -0.05828924 -0.058429897
0.3305 -0.06281495 -0.06302291 -0.06304044 -0.06303718 -0.058326367 -0.06177036 -0.05829588 -0.058432147
0.331 -0.06284418 -0.063048 -0.06306564 -0.0630626 -0.05832835 -0.06177717 -0.05830236 -0.058434352
0.3315 -0.06287302 -0.06307278 -0.06309051 -0.06308768 -0.05833027 -0.06178383 -0.058308702 -0.058436498
0.332 -0.06290145 -0.06309724 -0.06311506 -0.06311243 -0.058332164 -0.06179033 -0.058314897 -0.0584386
0.3325 -0.0629295 -0.06312139 -0.06313929 -0.06313686 -0.058334026 -0.06179669 -0.05832097 -0.05844067
0.333 -0.06295716 -0.06314523 -0.06316321 -0.06316096 -0.058335844 -0.061802905 -0.058326893 -0.058442682
0.3335 -0.06298445 -0.06316877 -0.06318681 -0.06318474 -0.058337625 -0.06180897 -0.05833269 -0.058444656
0.334 -0.06301135 -0.06319201 -0.06321011 -0.06320821 -0.058339346 -0.061814908 -0.058338348 -0.058446564
0.3345 -0.06303789 -0.06321495 -0.06323311 -0.06323137 -0.058341037 -0.061820697 -0.058343884 -0.05844845
0.335 -0.06306407 -0.0632376 -0.0632558 -0.06325423 -0.05834269 -0.061826374 -0.058349296 -0.05845028
0.3355 -0.06308989 -0.06325997 -0.06327821 -0.06327678 -0.058344316 -0.061831918 -0.058354598 -0.058452092
0.336 -0.06311535 -0.06328205 -0.06330032 -0.06329904 -0.058345888 -0.061837334 -0.058359757 -0.058453843
0.3365 -0.06314046 -0.06330385 -0.06332214 -0.063321 -0.058347445 -0.06184263 -0.058364823 -0.058455557
0.337 -0.06316523 -0.06332537 -0.06334369 -0.06334268 -0.05834895 -0.061847802 -0.05836977 -0.05845724
0.3375 -0.06318967 -0.06334662 -0.06336495 -0.06336407 -0.05835044 -0.06185287 -0.058374614 -0.058458887
0.338 -0.06321377 -0.0633676 -0.06338593 -0.06338518 -0.058351878 -0.061857816 -0.058379345 -0.05846048
0.3385 -0.06323754 -0.06338832 -0.06340665 -0.06340601 -0.058353286 -0.061862644 -0.058383957 -0.058462054
0.339 -0.06326098 -0.06340877 -0.06342709 -0.06342657 -0.058354657 -0.061867367 -0.05838847 -0.05846359
0.3395 -0.0632841 -0.06342896 -0.06344728 -0.06344686 -0.058356006 -0.061871972 -0.05839289 -0.05846508
0.34 -0.06330691 -0.06344889 -0.06346719 -0.06346688 -0.058357317 -0.061876494 -0.05839721 -0.05846654
0.3405 -0.06332941 -0.06346857 -0.06348686 -0.06348664 -0.05835862 -0.061880905 -0.05840144 -0.058467977
0.341 -0.0633516 -0.063488 -0.06350626 -0.06350614 -0.058359865 -0.061885204 -0.058405563 -0.05846937
0.3415 -0.06337349 -0.06350718 -0.06352542 -0.06352538 -0.058361094 -0.06188942 -0.058409598 -0.05847074
0.342 -0.06339508 -0.06352612 -0.06354432 -0.06354437 -0.0583623 -0.061893526 -0.05841353 -0.058472075
0.3425 -0.06341638 -0.06354482 -0.06356299 -0.06356312 -0.05836348 -0.061897557 -0.058417395 -0.058473386
0.343 -0.06343739 -0.06356328 -0.06358141 -0.06358161 -0.05836464 -0.06190149 -0.05842117 -0.058474667
0.3435 -0.06345811 -0.06358151 -0.06359959 -0.06359987 -0.05836575 -0.061905336 -0.058424838 -0.05847591
0.344 -0.06347855 -0.0635995 -0.06361753 -0.06361788 -0.05836686 -0.06190909 -0.05842845 -0.058477134
0.3445 -0.06349871 -0.06361727 -0.06363525 -0.06363566 -0.058367927 -0.061912764 -0.058431976 -0.05847832
0.345 -0.0635186 -0.06363481 -0.06365273 -0.06365321 -0.058368985 -0.061916362 -0.058435418 -0.058479488
0.3455 -0.06353822 -0.06365212 -0.06366999 -0.06367053 -0.058369998 -0.061919864 -0.058438774 -0.058480628
0.346 -0.06355757 -0.06366922 -0.06368702 -0.06368762 -0.058371004 -0.06192329 -0.058442067 -0.058481738
0.3465 -0.06357666 -0.0636861 -0.06370384 -0.06370449 -0.05837198 -0.061926637 -0.058445275 -0.058482826
0.347 -0.06359549 -0.06370276 -0.06372044 -0.06372114 -0.058372933 -0.061929908 -0.05844842 -0.05848389
0.3475 -0.06361407 -0.06371922 -0.06373682 -0.06373757 -0.05837388 -0.06193312 -0.0584515 -0.058484934
0.348 -0.06363239 -0.06373546 -0.06375299 -0.06375379 -0.058374796 -0.061936248 -0.05845449 -0.05848594
0.3485 -0.06365047 -0.0637515 -0.06376895 -0.06376979 -0.058375683 -0.061939303 -0.058457438 -0.05848694
0.349 -0.0636683 -0.06376733 -0.06378471 -0.06378558 -0.05837657 -0.06194229 -0.05846031 -0.058487915
0.3495 -0.06368589 -0.06378296 -0.06380026 -0.06380117 -0.05837741 -0.061945226 -0.0584631 -0.05848887
0.35 -0.06370324 -0.0637984 -0.06381561 -0.06381656 -0.058378253 -0.061948072 -0.058465853 -0.058489792
0.3505 -0.06372036 -0.06381364 -0.06383076 -0.06383175 -0.058379073 -0.06195086 -0.058468528 -0.0584907
0.351 -0.06373725 -0.06382868 -0.06384572 -0.06384673 -0.058379877 -0.061953586 -0.05847115 -0.058491595
0.3515 -0.06375391 -0.06384353 -0.06386048 -0.06386153 -0.058380652 -0.061956253 -0.05847371 -0.058492452
0.352 -0.06377034 -0.0638582 -0.06387505 -0.06387613 -0.058381405 -0.06195886 -0.05847621 -0.058493294
0.3525 -0.06378655 -0.06387267 -0.06388944 -0.06389054 -0.058382157 -0.0619614 -0.05847866 -0.05849413
0.353 -0.06380254 -0.06388697 -0.06390364 -0.06390476 -0.05838288 -0.06196389 -0.05848106 -0.058494933
0.3535 -0.06381832 -0.06390108 -0.06391765 -0.06391879 -0.058383603 -0.061966326 -0.058483403 -0.058495738
0.354 -0.06383389 -0.06391501 -0.06393149 -0.06393265 -0.058384288 -0.061968695 -0.058485687 -0.058496512
0.3545 -0.06384924 -0.06392876 -0.06394514 -0.06394632 -0.058384974 -0.06197102 -0.058487922 -0.058497265
0.355 -0.06386439 -0.06394234 -0.06395862 -0.06395982 -0.058385637 -0.0619733 -0.05849011 -0.058498003
0.3555 -0.06387933 -0.06395575 -0.06397193 -0.06397314 -0.058386292 -0.061975528 -0.05849225 -0.058498718
0.356 -0.06389408 -0.06396899 -0.06398507 -0.06398629 -0.058386926 -0.061977696 -0.058494337 -0.05849942
0.3565 -0.06390862 -0.06398206 -0.06399803 -0.06399927 -0.05838755 -0.061979827 -0.058496386 -0.05850012
0.357 -0.06392297 -0.06399496 -0.06401083 -0.06401207 -0.058388155 -0.061981898 -0.05849839 -0.058500797
0.3575 -0.06393713 -0.0640077 -0.06402346 -0.06402472 -0.05838875 -0.061983917 -0.058500335 -0.058501452
0.358 -0.06395109 -0.06402028 -0.06403593 -0.06403719 -0.058389325 -0.06198589 -0.058502227 -0.058502093
0.3585 -0.06396487 -0.06403269 -0.06404824 -0.06404951 -0.0583899 -0.06198783 -0.058504097 -0.058502734
0.359 -0.06397847 -0.06404495 -0.06406039 -0.06406167 -0.058390457 -0.06198972 -0.058505923 -0.058503352
0.3595 -0.06399188 -0.06405706 -0.06407238 -0.06407367 -0.058391 -0.06199157 -0.05850769 -0.05850395
0.36 -0.06400511 -0.06406901 -0.06408422 -0.06408551 -0.058391538 -0.061993387 -0.05850943 -0.058504544
0.3605 -0.06401816 -0.0640808 -0.06409591 -0.0640972 -0.058392037 -0.061995137 -0.05851113 -0.058505096
0.361 -0.06403104 -0.06409245 -0.06410745 -0.06410874 -0.058392543 -0.061996873 -0.0585128 -0.05850567
0.3615 -0.06404375 -0.06410395 -0.06411884 -0.06412013 -0.058393043 -0.061998557 -0.058514435 -0.058506213
0.362 -0.06405628 -0.0641153 -0.06413008 -0.06413137 -0.05839352 -0.062000204 -0.05851601 -0.058506757
0.3625 -0.06406865 -0.06412651 -0.06414117 -0.06414246 -0.05839399 -0.062001813 -0.058517553 -0.05850727
0.363 -0.06408085 -0.06413758 -0.06415213 -0.06415341 -0.05839446 -0.062003393 -0.05851908 -0.058507793
0.3635 -0.06409289 -0.06414851 -0.06416294 -0.06416422 -0.058394905 -0.062004935 -0.058520563 -0.05850829
0.364 -0.06410477 -0.06415929 -0.06417361 -0.0641749 -0.058395352 -0.062006433 -0.058522023 -0.05850879
0.3645 -0.06411649 -0.06416994 -0.06418415 -0.06418543 -0.058395784 -0.0620079 -0.05852344 -0.058509268
0.365 -0.06412806 -0.06418046 -0.06419455 -0.06419582 -0.05839621 -0.062009353 -0.058524832 -0.058509737
0.3655 -0.06413946 -0.06419084 -0.06420482 -0.06420609 -0.058396626 -0.062010754 -0.058526188 -0.05851019
0.366 -0.06415072 -0.06420109 -0.06421495 -0.06421622 -0.05839703 -0.062012132 -0.05852752 -0.05851064
0.3665 -0.06416183 -0.06421121 -0.06422496 -0.06422621 -0.058397423 -0.06201346 -0.05852881 -0.058511086
0.367 -0.06417279 -0.0642212 -0.06423483 -0.06423608 -0.058397803 -0.06201477 -0.058530062 -0.058511496
0.3675 -0.0641836 -0.06423106 -0.06424458 -0.06424582 -0.058398176 -0.06201605 -0.05853129 -0.058511913
0.368 -0.06419426 -0.0642408 -0.06425421 -0.06425544 -0.05839855 -0.062017325 -0.058532514 -0.05851233
0.3685 -0.06420479 -0.06425042 -0.06426371 -0.06426493 -0.058398906 -0.06201854 -0.05853369 -0.058512725
0.369 -0.06421518 -0.06425991 -0.06427308 -0.0642743 -0.058399264 -0.06201973 -0.05853485 -0.058513127
0.3695 -0.06422542 -0.06426928 -0.06428234 -0.06428355 -0.05839959 -0.06202091 -0.05853598 -0.0585135
0.37 -0.06423553 -0.06427853 -0.06429148 -0.06429268 -0.058399927 -0.062022056 -0.058537085 -0.058513872
0.3705 -0.06424551 -0.06428767 -0.0643005 -0.06430169 -0.058400247 -0.062023167 -0.05853816 -0.05851423
0.371 -0.06425535 -0.06429669 -0.06430941 -0.06431059 -0.058400575 -0.06202426 -0.058539215 -0.058514588
0.3715 -0.06426506 -0.06430559 -0.0643182 -0.06431937 -0.05840088 -0.06202532 -0.05854024 -0.058514938
0.372 -0.06427465 -0.06431438 -0.06432688 -0.06432803 -0.058401193 -0.062026378 -0.05854126 -0.058515288
0.3725 -0.0642841 -0.06432306 -0.06433544 -0.06433659 -0.05840149 -0.06202739 -0.058542237 -0.058515616
0.373 -0.06429343 -0.06433163 -0.0643439 -0.06434503 -0.058401782 -0.06202839 -0.058543198 -0.058515936
0.3735 -0.06430264 -0.06434009 -0.06435225 -0.06435337 -0.058402073 -0.062029358 -0.05854415 -0.058516264
0.374 -0.06431172 -0.06434845 -0.06436049 -0.0643616 -0.05840235 -0.062030327 -0.058545068 -0.058516562
0.3745 -0.06432069 -0.06435669 -0.06436862 -0.06436972 -0.05840263 -0.062031265 -0.05854597 -0.058516867
0.375 -0.06432953 -0.06436484 -0.06437665 -0.06437774 -0.058402885 -0.062032167 -0.05854684 -0.058517165
0.3755 -0.06433826 -0.06437287 -0.06438458 -0.06438566 -0.05840316 -0.062033053 -0.058547713 -0.058517464
0.376 -0.06434687 -0.06438081 -0.06439241 -0.06439347 -0.058403414 -0.062033925 -0.05854854 -0.05851774
0.3765 -0.06435537 -0.06438865 -0.06440013 -0.06440118 -0.05840366 -0.062034775 -0.058549374 -0.058518015
0.377 -0.06436375 -0.06439638 -0.06440776 -0.0644088 -0.058403898 -0.0620356 -0.05855017 -0.058518283
0.3775 -0.06437203 -0.06440402 -0.06441529 -0.06441631 -0.058404144 -0.06203642 -0.05855096 -0.05851856
0.378 -0.06438019 -0.06441156 -0.06442272 -0.06442373 -0.058404382 -0.06203721 -0.05855172 -0.05851882
0.3785 -0.06438825 -0.06441901 -0.06443006 -0.06443106 -0.058404606 -0.062037986 -0.058552466 -0.058519065
0.379 -0.0643962 -0.06442636 -0.0644373 -0.06443829 -0.058404837 -0.062038746 -0.058553196 -0.05851932
0.3795 -0.06440404 -0.06443362 -0.06444445 -0.06444543 -0.058405053 -0.06203949 -0.05855391 -0.058519565
0.38 -0.06441178 -0.06444078 -0.06445151 -0.06445247 -0.05840526 -0.06204022 -0.058554623 -0.058519803
0.3805 -0.06441942 -0.06444786 -0.06445848 -0.06445943 -0.058405478 -0.06204092 -0.05855531 -0.058520034
0.381 -0.06442696 -0.06445484 -0.06446536 -0.06446629 -0.05840568 -0.06204162 -0.058555976 -0.05852025
0.3815 -0.06443439 -0.06446174 -0.06447215 -0.06447307 -0.058405872 -0.062042285 -0.058556624 -0.05852048
0.382 -0.06444173 -0.06446855 -0.06447885 -0.06447976 -0.05840608 -0.062042955 -0.058557265 -0.058520697
0.3825 -0.06444898 -0.06447527 -0.06448547 -0.06448637 -0.058406267 -0.062043604 -0.05855789 -0.058520906
0.383 -0.06445612 -0.06448191 -0.06449201 -0.06449289 -0.05840646 -0.062044237 -0.058558505 -0.058521114
0.3835 -0.06446318 -0.06448846 -0.06449846 -0.06449932 -0.058406625 -0.06204484 -0.05855909 -0.0585213
0.384 -0.06447014 -0.06449493 -0.06450482 -0.06450568 -0.058406804 -0.06204545 -0.05855968 -0.0585215
0.3845 -0.064477 -0.06450132 -0.06451111 -0.06451195 -0.05840699 -0.062046047 -0.058560252 -0.058521695
0.385 -0.06448378 -0.06450762 -0.06451732 -0.06451814 -0.058407146 -0.06204662 -0.058560804 -0.058521874
0.3855 -0.06449047 -0.06451385 -0.06452344 -0.06452425 -0.058407303 -0.06204718 -0.058561347 -0.05852206
0.386 -0.06449707 -0.06452 -0.06452949 -0.06453029 -0.058407467 -0.06204773 -0.058561876 -0.058522232
0.3865 -0.06450358 -0.06452607 -0.06453546 -0.06453625 -0.058407623 -0.062048268 -0.058562405 -0.05852241
0.387 -0.06451001 -0.06453206 -0.06454135 -0.06454213 -0.05840778 -0.06204879 -0.05856291 -0.058522582
0.3875 -0.06451635 -0.06453797 -0.06454717 -0.06454793 -0.05840793 -0.06204931 -0.05856341 -0.058522753
0.388 -0.06452261 -0.06454382 -0.06455292 -0.06455366 -0.058408078 -0.06204981 -0.058563903 -0.058522917
0.3885 -0.06452879 -0.06454958 -0.06455859 -0.06455932 -0.05840822 -0.06205031 -0.05856438 -0.05852309
0.389 -0.06453488 -0.06455528 -0.06456419 -0.06456491 -0.05840836 -0.06205077 -0.058564838 -0.05852323
0.3895 -0.0645409 -0.0645609 -0.06456971 -0.06457042 -0.058408502 -0.062051248 -0.058565296 -0.058523387
0.39 -0.06454684 -0.06456645 -0.06457517 -0.06457586 -0.05840865 -0.06205171 -0.058565743 -0.05852355
0.3905 -0.06455269 -0.06457193 -0.06458056 -0.06458124 -0.05840877 -0.062052157 -0.058566168 -0.058523685
0.391 -0.06455848 -0.06457734 -0.06458587 -0.06458654 -0.05840889 -0.06205259 -0.058566593 -0.058523826
0.3915 -0.06456418 -0.06458268 -0.06459112 -0.06459178 -0.058409017 -0.062053014 -0.058567002 -0.05852396
0.392 -0.06456981 -0.06458795 -0.06459631 -0.06459695 -0.058409143 -0.06205343 -0.05856742 -0.058524102
0.3925 -0.06457537 -0.06459316 -0.06460142 -0.06460205 -0.058409262 -0.06205384 -0.05856781 -0.058524236
0.393 -0.06458085 -0.0645983 -0.06460647 -0.06460709 -0.05840938 -0.062054235 -0.0585682 -0.05852437
0.3935 -0.06458626 -0.06460338 -0.06461146 -0.06461207 -0.058409493 -0.06205463 -0.05856858 -0.058524497
0.394 -0.06459161 -0.06460839 -0.06461638 -0.06461698 -0.058409605 -0.062055018 -0.058568947 -0.058524616
0.3945 -0.06459688 -0.06461334 -0.06462124 -0.06462183 -0.05840971 -0.06205539 -0.05856932 -0.058524743
0.395 -0.06460208 -0.06461822 -0.06462604 -0.06462661 -0.05840982 -0.062055748 -0.058569662 -0.058524862
0.3955 -0.06460721 -0.06462304 -0.06463078 -0.06463134 -0.058409918 -0.06205612 -0.058570005 -0.058524974
0.396 -0.06461228 -0.06462781 -0.06463545 -0.064636 -0.05841003 -0.06205645 -0.05857034 -0.058525085
0.3965 -0.06461728 -0.06463251 -0.06464007 -0.06464061 -0.058410127 -0.06205679 -0.058570676 -0.058525205
0.397 -0.06462221 -0.06463715 -0.06464463 -0.06464515 -0.05841023 -0.062057126 -0.058571 -0.058525316
0.3975 -0.06462708 -0.06464173 -0.06464913 -0.06464964 -0.058410328 -0.06205746 -0.058571316 -0.05852542
0.398 -0.06463189 -0.06464626 -0.06465357 -0.06465407 -0.05841041 -0.062057775 -0.058571614 -0.058525525
0.3985 -0.06463663 -0.06465073 -0.06465796 -0.06465845 -0.058410514 -0.062058087 -0.05857192 -0.05852563
0.399 -0.06464132 -0.06465514 -0.06466229 -0.06466277 -0.05841061 -0.062058385 -0.058572203 -0.05852572
0.3995 -0.06464594 -0.06465949 -0.06466656 -0.06466703 -0.058410686 -0.062058683 -0.058572486 -0.058525823
0.4 -0.0646505 -0.06466379 -0.06467078 -0.06467124 -0.058410782 -0.06205898 -0.058572773 -0.05852592
0.4005 -0.064655 -0.06466804 -0.06467495 -0.0646754 -0.05841085 -0.062059257 -0.058573045 -0.05852601
0.401 -0.06465944 -0.06467223 -0.06467906 -0.0646795 -0.05841094 -0.062059533 -0.058573313 -0.0585261
0.4015 -0.06466382 -0.06467637 -0.06468312 -0.06468355 -0.058411013 -0.06205981 -0.05857358 -0.05852618
0.402 -0.06466815 -0.06468045 -0.06468713 -0.06468755 -0.058411103 -0.062060077 -0.058573846 -0.058526278
0.4025 -0.06467242 -0.06468449 -0.06469109 -0.0646915 -0.058411177 -0.062060338 -0.05857409 -0.058526352
0.403 -0.06467663 -0.06468847 -0.064695 -0.0646954 -0.05841125 -0.062060583 -0.058574323 -0.058526434
0.4035 -0.06468079 -0.0646924 -0.06469885 -0.06469924 -0.058411334 -0.062060837 -0.05857457 -0.05852653
0.404 -0.0646849 -0.06469629 -0.06470266 -0.06470304 -0.058411393 -0.062061075 -0.058574803 -0.058526598
0.4045 -0.06468895 -0.06470012 -0.06470642 -0.06470679 -0.05841146 -0.06206132 -0.058575027 -0.058526672
0.405 -0.06469295 -0.06470391 -0.06471014 -0.0647105 -0.058411527 -0.062061552 -0.05857525 -0.058526747
0.4055 -0.06469689 -0.06470764 -0.0647138 -0.06471415 -0.058411602 -0.062061768 -0.058575474 -0.05852682
0.406 -0.06470079 -0.06471133 -0.06471742 -0.06471776 -0.05841166 -0.062062 -0.058575682 -0.05852689
0.4065 -0.06470463 -0.06471498 -0.06472099 -0.06472132 -0.058411706 -0.0620622 -0.05857589 -0.058526956
0.407 -0.06470843 -0.06471857 -0.06472452 -0.06472484 -0.058411773 -0.06206241 -0.058576092 -0.058527038
0.4075 -0.06471217 -0.06472212 -0.064728 -0.06472832 -0.058411825 -0.062062632 -0.058576297 -0.058527097
0.408 -0.06471587 -0.06472563 -0.06473144 -0.06473174 -0.0584119 -0.062062826 -0.0585765 -0.05852717
0.4085 -0.06471952 -0.06472909 -0.06473483 -0.06473513 -0.058411945 -0.06206302 -0.058576677 -0.058527224
0.409 -0.06472312 -0.06473251 -0.06473818 -0.06473847 -0.058412004 -0.062063213 -0.058576874 -0.0585273
0.4095 -0.06472667 -0.06473589 -0.06474149 -0.06474177 -0.058412064 -0.062063392 -0.058577046 -0.05852735
0.41 -0.06473018 -0.06473922 -0.06474476 -0.06474503 -0.05841213 -0.06206357 -0.058577232 -0.058527417
0.4105 -0.06473364 -0.06474251 -0.06474798 -0.06474825 -0.05841217 -0.062063757 -0.0585774 -0.05852747
0.411 -0.06473706 -0.06474576 -0.06475117 -0.06475142 -0.058412228 -0.06206393 -0.058577567 -0.05852752
0.4115 -0.06474043 -0.06474896 -0.06475431 -0.06475456 -0.05841228 -0.062064108 -0.05857774 -0.05852759
0.412 -0.06474376 -0.06475213 -0.06475741 -0.06475765 -0.058412325 -0.06206427 -0.058577895 -0.05852764
0.4125 -0.06474704 -0.06475526 -0.06476048 -0.06476071 -0.058412377 -0.062064435 -0.05857806 -0.058527693
0.413 -0.06475029 -0.06475834 -0.0647635 -0.06476373 -0.058412414 -0.0620646 -0.058578216 -0.058527745
0.4135 -0.06475349 -0.06476139 -0.06476649 -0.06476671 -0.058412474 -0.062064763 -0.05857836 -0.058527797
0.414 -0.06475665 -0.0647644 -0.06476943 -0.06476965 -0.05841251 -0.062064897 -0.058578502 -0.058527842
0.4145 -0.06475977 -0.06476737 -0.06477235 -0.06477255 -0.05841255 -0.062065046 -0.058578648 -0.058527887
0.415 -0.06476284 -0.0647703 -0.06477522 -0.06477542 -0.0584126 -0.062065195 -0.05857879 -0.05852793
0.4155 -0.06476588 -0.0647732 -0.06477806 -0.06477825 -0.058412645 -0.062065344 -0.05857894 -0.05852799
0.416 -0.06476888 -0.06477606 -0.06478086 -0.06478104 -0.05841269 -0.06206548 -0.05857908 -0.058528036
0.4165 -0.06477184 -0.06477888 -0.06478362 -0.0647838 -0.05841272 -0.062065613 -0.0585792 -0.05852808
0.417 -0.06477476 -0.06478167 -0.06478635 -0.06478653 -0.05841275 -0.062065754 -0.058579326 -0.058528118
0.4175 -0.06477764 -0.06478442 -0.06478905 -0.06478922 -0.058412794 -0.06206589 -0.05857946 -0.058528163
0.418 -0.06478049 -0.06478714 -0.06479171 -0.06479187 -0.05841284 -0.062066015 -0.058579583 -0.0585282
0.4185 -0.0647833 -0.06478982 -0.06479434 -0.06479449 -0.058412883 -0.062066134 -0.058579706 -0.058528244
0.419 -0.06478607 -0.06479247 -0.06479693 -0.06479708 -0.058412913 -0.062066253 -0.058579817 -0.058528297
0.4195 -0.06478881 -0.06479509 -0.0647995 -0.06479964 -0.058412958 -0.062066387 -0.058579944 -0.058528334
0.42 -0.06479151 -0.06479767 -0.06480203 -0.06480216 -0.058412995 -0.0620665 -0.058580056 -0.05852837
0.4205 -0.06479418 -0.06480022 -0.06480452 -0.06480465 -0.058413025 -0.06206661 -0.058580175 -0.05852841
0.421 -0.06479681 -0.06480274 -0.06480699 -0.06480711 -0.058413047 -0.062066738 -0.058580272 -0.058528453
0.4215 -0.06479941 -0.06480523 -0.06480942 -0.06480954 -0.058413085 -0.062066834 -0.058580376 -0.058528483
0.422 -0.06480197 -0.06480768 -0.06481183 -0.06481194 -0.05841312 -0.06206694 -0.05858048 -0.058528513
0.4225 -0.0648045 -0.0648101 -0.0648142 -0.06481431 -0.058413137 -0.062067043 -0.05858058 -0.058528543
0.423 -0.064807 -0.0648125 -0.06481654 -0.06481664 -0.05841315 -0.062067132 -0.05858068 -0.058528572
0.4235 -0.06480947 -0.06481486 -0.06481885 -0.06481895 -0.058413174 -0.06206723 -0.05858077 -0.058528602
0.424 -0.0648119 -0.06481719 -0.06482114 -0.06482123 -0.05841321 -0.06206734 -0.058580875 -0.05852864
0.4245 -0.0648143 -0.06481949 -0.06482339 -0.06482348 -0.05841325 -0.06206743 -0.058580972 -0.05852867
0.425 -0.06481668 -0.06482177 -0.06482562 -0.0648257 -0.05841328 -0.06206752 -0.05858107 -0.0585287
0.4255 -0.06481902 -0.06482401 -0.06482782 -0.06482789 -0.058413308 -0.062067617 -0.058581155 -0.05852873
0.426 -0.06482133 -0.06482623 -0.06482999 -0.06483006 -0.058413323 -0.0620677 -0.058581226 -0.05852875
0.4265 -0.06482361 -0.06482842 -0.06483213 -0.0648322 -0.05841336 -0.062067788 -0.05858131 -0.05852878
0.427 -0.06482586 -0.06483058 -0.06483424 -0.06483431 -0.058413383 -0.06206787 -0.058581397 -0.058528803
0.4275 -0.06482808 -0.06483271 -0.06483633 -0.06483639 -0.058413405 -0.062067952 -0.05858148 -0.05852884
0.428 -0.06483028 -0.06483482 -0.06483839 -0.06483845 -0.058413435 -0.06206804 -0.058581557 -0.05852887
0.4285 -0.06483244 -0.0648369 -0.06484043 -0.06484048 -0.058413465 -0.062068123 -0.058581635 -0.058528893
0.429 -0.06483458 -0.06483896 -0.06484244 -0.06484249 -0.058413487 -0.06206819 -0.058581717 -0.058528915
0.4295 -0.06483669 -0.06484098 -0.06484442 -0.06484447 -0.05841351 -0.062068265 -0.058581784 -0.058528945
0.43 -0.06483877 -0.06484299 -0.06484638 -0.06484642 -0.05841354 -0.06206834 -0.05858186 -0.058528975
0.4305 -0.06484083 -0.06484496 -0.06484832 -0.06484835 -0.058413547 -0.062068406 -0.05858192 -0.058528997
0.431 -0.06484286 -0.06484691 -0.06485023 -0.06485026 -0.05841356 -0.062068474 -0.058581986 -0.058529012
0.4315 -0.06484486 -0.06484884 -0.06485211 -0.06485214 -0.058413584 -0.062068548 -0.058582045 -0.058529027
0.432 -0.06484684 -0.06485075 -0.06485398 -0.064854 -0.0584136 -0.062068608 -0.058582112 -0.058529057
0.4325 -0.06484879 -0.06485262 -0.06485581 -0.06485584 -0.05841363 -0.062068675 -0.05858218 -0.05852908
0.433 -0.06485072 -0.06485448 -0.06485763 -0.06485765 -0.058413636 -0.06206874 -0.05858223 -0.0585291
0.4335 -0.06485262 -0.06485631 -0.06485942 -0.06485944 -0.058413666 -0.0620688 -0.058582295 -0.058529124
0.434 -0.0648545 -0.06485812 -0.06486119 -0.0648612 -0.058413673 -0.06206886 -0.05858235 -0.058529146
0.4345 -0.06485635 -0.06485991 -0.06486294 -0.06486295 -0.05841371 -0.06206892 -0.058582414 -0.05852917
0.435 -0.06485818 -0.06486167 -0.06486466 -0.06486467 -0.05841371 -0.06206898 -0.058582462 -0.058529176
0.4355 -0.06485999 -0.06486341 -0.06486637 -0.06486637 -0.05841374 -0.06206904 -0.058582515 -0.0585292
0.436 -0.06486177 -0.06486513 -0.06486805 -0.06486805 -0.058413748 -0.0620691 -0.058582574 -0.05852922
0.4365 -0.06486353 -0.06486683 -0.06486971 -0.06486971 -0.058413763 -0.06206915 -0.05858262 -0.058529235
0.437 -0.06486527 -0.0648685 -0.06487135 -0.06487134 -0.058413778 -0.062069204 -0.058582675 -0.058529243
0.4375 -0.06486698 -0.06487016 -0.06487297 -0.06487296 -0.058413785 -0.062069256 -0.05858273 -0.058529258
0.438 -0.06486868 -0.06487179 -0.06487457 -0.06487455 -0.0584138 -0.062069323 -0.058582783 -0.05852928
0.4385 -0.06487035 -0.0648734 -0.06487614 -0.06487613 -0.0584138 -0.062069368 -0.05858283 -0.058529288
0.439 -0.064872 -0.064875 -0.0648777 -0.06487769 -0.05841383 -0.062069412 -0.058582872 -0.058529295
0.4395 -0.06487363 -0.06487657 -0.06487924 -0.06487922 -0.05841383 -0.06206945 -0.05858292 -0.05852931
0.44 -0.06487523 -0.06487812 -0.06488076 -0.06488074 -0.058413867 -0.0620695 -0.05858297 -0.058529332
0.4405 -0.06487682 -0.06487966 -0.06488226 -0.06488224 -0.058413867 -0.062069546 -0.058583006 -0.05852934
0.441 -0.06487839 -0.06488117 -0.06488374 -0.06488371 -0.05841388 -0.06206959 -0.058583047 -0.058529362
0.4415 -0.06487993 -0.06488266 -0.0648852 -0.06488517 -0.058413897 -0.062069636 -0.05858309 -0.058529377
0.442 -0.06488146 -0.06488414 -0.06488664 -0.06488661 -0.058413904 -0.06206968 -0.058583125 -0.058529392
0.4425 -0.06488297 -0.0648856 -0.06488807 -0.06488804 -0.05841392 -0.062069718 -0.058583163 -0.0585294
0.443 -0.06488445 -0.06488704 -0.06488948 -0.06488944 -0.058413927 -0.062069755 -0.0585832 -0.05852942
0.4435 -0.06488592 -0.06488846 -0.06489087 -0.06489083 -0.05841394 -0.062069785 -0.058583237 -0.058529444
0.444 -0.06488737 -0.06488986 -0.06489224 -0.0648922 -0.058413964 -0.06206983 -0.058583282 -0.05852945
0.4445 -0.0648888 -0.06489124 -0.06489359 -0.06489355 -0.058413964 -0.06206986 -0.058583308 -0.05852946
0.445 -0.06489022 -0.06489261 -0.06489493 -0.06489489 -0.058413964 -0.06206989 -0.05858335 -0.058529466
0.4455 -0.06489161 -0.06489396 -0.06489625 -0.06489621 -0.058413994 -0.062069934 -0.058583394 -0.05852948
0.446 -0.06489299 -0.0648953 -0.06489756 -0.06489751 -0.058414 -0.062069964 -0.058583435 -0.058529496
0.4465 -0.06489435 -0.06489661 -0.06489884 -0.0648988 -0.058414016 -0.06207 -0.058583457 -0.05852951
0.447 -0.06489569 -0.06489791 -0.06490011 -0.06490006 -0.058414016 -0.06207004 -0.058583487 -0.05852952
0.4475 -0.06489701 -0.0648992 -0.06490137 -0.06490132 -0.058414023 -0.062070075 -0.058583528 -0.058529526
0.448 -0.06489832 -0.06490046 -0.06490261 -0.06490256 -0.05841404 -0.062070113 -0.058583558 -0.05852954
0.4485 -0.06489961 -0.06490171 -0.06490383 -0.06490378 -0.058414046 -0.062070135 -0.058583584 -0.058529556
0.449 -0.06490089 -0.06490295 -0.06490504 -0.06490498 -0.05841406 -0.062070157 -0.058583606 -0.058529563
0.4495 -0.06490215 -0.06490417 -0.06490623 -0.06490618 -0.058414068 -0.062070202 -0.058583632 -0.05852958
0.45 -0.06490339 -0.06490537 -0.06490741 -0.06490735 -0.058414076 -0.062070232 -0.058583662 -0.058529586
0.4505 -0.06490461 -0.06490656 -0.06490857 -0.06490851 -0.058414083 -0.06207026 -0.058583695 -0.0585296
0.451 -0.06490582 -0.06490774 -0.06490972 -0.06490966 -0.05841409 -0.06207029 -0.058583714 -0.058529608
0.4515 -0.06490702 -0.0649089 -0.06491086 -0.06491079 -0.058414098 -0.06207033 -0.05858375 -0.058529615
0.452 -0.0649082 -0.06491004 -0.06491198 -0.06491191 -0.058414113 -0.062070366 -0.05858378 -0.05852963
0.4525 -0.06490936 -0.06491117 -0.06491308 -0.06491302 -0.05841412 -0.062070396 -0.05858382 -0.058529638
0.453 -0.06491051 -0.06491229 -0.06491417 -0.06491411 -0.05841412 -0.06207041 -0.05858384 -0.058529645
0.4535 -0.06491165 -0.06491339 -0.06491525 -0.06491518 -0.058414143 -0.06207044 -0.058583863 -0.05852966
0.454 -0.06491277 -0.06491448 -0.06491631 -0.06491625 -0.05841415 -0.062070463 -0.058583893 -0.05852966
0.4545 -0.06491387 -0.06491555 -0.06491736 -0.0649173 -0.05841415 -0.062070485 -0.058583915 -0.058529668
0.455 -0.06491496 -0.06491661 -0.0649184 -0.06491833 -0.05841415 -0.062070515 -0.05858394 -0.058529668
0.4555 -0.06491604 -0.06491766 -0.06491943 -0.06491936 -0.058414165 -0.062070522 -0.05858396 -0.058529675
0.456 -0.06491711 -0.0649187 -0.06492044 -0.06492037 -0.058414172 -0.062070537 -0.05858399 -0.058529682
0.4565 -0.06491816 -0.06491972 -0.06492144 -0.06492136 -0.05841418 -0.06207056 -0.058584012 -0.05852969
0.457 -0.06491919 -0.06492073 -0.06492242 -0.06492235 -0.05841418 -0.062070575 -0.058584027 -0.05852969
0.4575 -0.06492022 -0.06492172 -0.0649234 -0.06492332 -0.058414187 -0.062070597 -0.05858405 -0.058529705
0.458 -0.06492123 -0.0649227 -0.06492436 -0.06492428 -0.058414195 -0.062070612 -0.058584068 -0.058529712
0.4585 -0.06492223 -0.06492368 -0.06492531 -0.06492523 -0.05841421 -0.062070627 -0.058584087 -0.05852972
0.459 -0.06492321 -0.06492463 -0.06492624 -0.06492617 -0.058414217 -0.06207065 -0.0585841 -0.058529727
0.4595 -0.06492419 -0.06492558 -0.06492717 -0.06492709 -0.058414225 -0.06207068 -0.058584124 -0.058529735
0.46 -0.06492515 -0.06492652 -0.06492808 -0.06492801 -0.058414232 -0.062070694 -0.058584146 -0.058529735
0.4605 -0.06492609 -0.06492744 -0.06492899 -0.06492891 -0.058414225 -0.062070724 -0.05858416 -0.058529742
0.461 -0.06492703 -0.06492835 -0.06492988 -0.0649298 -0.05841424 -0.06207074 -0.05858418 -0.05852975
0.4615 -0.06492795 -0.06492925 -0.06493076 -0.06493068 -0.058414247 -0.062070753 -0.058584183 -0.058529757
0.462 -0.06492886 -0.06493014 -0.06493162 -0.06493155 -0.058414247 -0.06207077 -0.058584206 -0.058529757
0.4625 -0.06492977 -0.06493101 -0.06493248 -0.0649324 -0.058414247 -0.062070783 -0.058584217 -0.058529764
0.463 -0.06493065 -0.06493188 -0.06493333 -0.06493325 -0.058414247 -0.062070798 -0.05858423 -0.058529772
0.4635 -0.06493153 -0.06493274 -0.06493417 -0.06493408 -0.058414254 -0.06207082 -0.058584247 -0.058529787
0.464 -0.0649324 -0.06493358 -0.06493499 -0.06493491 -0.05841426 -0.062070843 -0.05858426 -0.058529794
0.4645 -0.06493325 -0.06493441 -0.06493581 -0.06493572 -0.058414277 -0.062070858 -0.05858428 -0.0585298
0.465 -0.0649341 -0.06493524 -0.06493661 -0.06493653 -0.058414277 -0.062070888 -0.058584303 -0.05852981
0.4655 -0.06493493 -0.06493605 -0.06493741 -0.06493732 -0.058414277 -0.062070888 -0.05858431 -0.05852981
0.466 -0.06493575 -0.06493685 -0.06493819 -0.06493811 -0.058414284 -0.062070917 -0.058584332 -0.058529817
0.4665 -0.06493657 -0.06493765 -0.06493897 -0.06493888 -0.05841429 -0.062070932 -0.058584347 -0.058529824
0.467 -0.06493737 -0.06493843 -0.06493973 -0.06493965 -0.05841429 -0.062070947 -0.058584362 -0.058529824
0.4675 -0.06493816 -0.0649392 -0.06494049 -0.0649404 -0.058414306 -0.062070962 -0.058584366 -0.058529824
0.468 -0.06493894 -0.06493996 -0.06494123 -0.06494115 -0.058414314 -0.062070977 -0.058584385 -0.05852983
0.4685 -0.06493972 -0.06494072 -0.06494197 -0.06494189 -0.05841432 -0.062070977 -0.058584403 -0.058529846
0.469 -0.06494048 -0.06494146 -0.0649427 -0.06494261 -0.05841432 -0.062071007 -0.058584422 -0.058529846
0.4695 -0.06494123 -0.0649422 -0.06494341 -0.06494333 -0.05841432 -0.062071014 -0.058584433 -0.058529854
0.47 -0.06494197 -0.06494292 -0.06494412 -0.06494404 -0.05841432 -0.06207102 -0.058584437 -0.058529854
0.4705 -0.06494271 -0.06494364 -0.06494482 -0.06494474 -0.05841432 -0.062071037 -0.058584444 -0.05852986
0.471 -0.06494343 -0.06494434 -0.06494552 -0.06494543 -0.05841433 -0.06207105 -0.05858446 -0.05852986
0.4715 -0.06494415 -0.06494504 -0.0649462 -0.06494611 -0.05841433 -0.062071066 -0.058584474 -0.05852987
0.472 -0.06494485 -0.06494573 -0.06494687 -0.06494679 -0.058414344 -0.06207108 -0.05858448 -0.058529876
0.4725 -0.06494555 -0.06494641 -0.06494754 -0.06494745 -0.058414344 -0.06207109 -0.05858449 -0.058529876
0.473 -0.06494624 -0.06494709 -0.0649482 -0.06494811 -0.058414344 -0.062071096 -0.058584496 -0.058529884
0.4735 -0.06494692 -0.06494775 -0.06494884 -0.06494876 -0.058414344 -0.06207111 -0.058584504 -0.058529876
0.474 -0.06494759 -0.0649484 -0.06494949 -0.0649494 -0.058414344 -0.06207111 -0.05858451 -0.058529876
0.4745 -0.06494825 -0.06494905 -0.06495012 -0.06495003 -0.05841436 -0.06207112 -0.058584526 -0.05852989
0.475 -0.0649489 -0.06494969 -0.06495074 -0.06495066 -0.05841436 -0.062071126 -0.05858454 -0.05852989
0.4755 -0.06494955 -0.06495032 -0.06495136 -0.06495128 -0.05841435 -0.062071133 -0.05858455 -0.058529884
0.476 -0.06495018 -0.06495094 -0.06495197 -0.06495189 -0.05841435 -0.06207115 -0.058584563 -0.058529884
0.4765 -0.06495081 -0.06495156 -0.06495257 -0.06495249 -0.05841435 -0.06207115 -0.058584563 -0.058529884
0.477 -0.06495143 -0.06495217 -0.06495316 -0.06495308 -0.05841435 -0.062071156 -0.058584575 -0.05852989
0.4775 -0.06495205 -0.06495277 -0.06495375 -0.06495367 -0.05841436 -0.06207117 -0.058584586 -0.05852989
0.478 -0.06495265 -0.06495336 -0.06495433 -0.06495425 -0.058414374 -0.062071163 -0.058584593 -0.0585299
0.4785 -0.06495325 -0.06495394 -0.0649549 -0.06495482 -0.058414366 -0.062071186 -0.0585846 -0.0585299
0.479 -0.06495384 -0.06495452 -0.06495547 -0.06495538 -0.058414374 -0.062071186 -0.05858461 -0.0585299
0.4795 -0.06495442 -0.06495509 -0.06495602 -0.06495594 -0.058414374 -0.062071193 -0.058584616 -0.058529906
0.48 -0.064955 -0.06495565 -0.06495658 -0.06495649 -0.058414374 -0.062071193 -0.058584616 -0.05852992
0.4805 -0.06495557 -0.06495621 -0.06495712 -0.06495704 -0.058414374 -0.062071208 -0.058584623 -0.05852992
0.481 -0.06495613 -0.06495676 -0.06495766 -0.06495757 -0.058414374 -0.0620712 -0.058584634 -0.05852992
0.4815 -0.06495668 -0.0649573 -0.06495819 -0.0649581 -0.05841438 -0.062071215 -0.058584638 -0.05852992
0.482 -0.06495723 -0.06495784 -0.06495871 -0.06495863 -0.05841439 -0.062071223 -0.058584645 -0.05852993
0.4825 -0.06495777 -0.06495837 -0.06495923 -0.06495914 -0.058414403 -0.06207123 -0.058584653 -0.05852993
0.483 -0.0649583 -0.06495889 -0.06495974 -0.06495965 -0.058414403 -0.062071238 -0.058584653 -0.05852993
0.4835 -0.06495882 -0.0649594 -0.06496024 -0.06496016 -0.058414396 -0.062071245 -0.05858466 -0.05852993
0.484 -0.06495934 -0.06495991 -0.06496074 -0.06496066 -0.058414396 -0.062071245 -0.058584668 -0.05852993
0.4845 -0.06495986 -0.06496041 -0.06496123 -0.06496115 -0.058414396 -0.062071253 -0.058584675 -0.05852993
0.485 -0.06496036 -0.06496091 -0.06496171 -0.06496163 -0.058414396 -0.062071253 -0.058584683 -0.05852993
0.4855 -0.06496086 -0.0649614 -0.06496219 -0.06496211 -0.058414403 -0.06207126 -0.058584686 -0.05852993
0.486 -0.06496136 -0.06496188 -0.06496267 -0.06496259 -0.058414403 -0.06207126 -0.05858469 -0.05852993
0.4865 -0.06496184 -0.06496236 -0.06496313 -0.06496305 -0.058414403 -0.06207126 -0.058584698 -0.05852993
0.487 -0.06496232 -0.06496283 -0.0649636 -0.06496352 -0.058414403 -0.06207126 -0.058584698 -0.05852993
0.4875 -0.0649628 -0.0649633 -0.06496405 -0.06496397 -0.058414403 -0.062071268 -0.058584698 -0.05852993
0.488 -0.06496327 -0.06496376 -0.0649645 -0.06496442 -0.058414403 -0.062071275 -0.058584698 -0.05852993
0.4885 -0.06496373 -0.06496421 -0.06496494 -0.06496487 -0.058414403 -0.062071275 -0.0585847 -0.05852993
0.489 -0.06496419 -0.06496466 -0.06496538 -0.0649653 -0.058414403 -0.062071275 -0.058584705 -0.05852993
0.4895 -0.06496464 -0.0649651 -0.06496582 -0.06496574 -0.058414403 -0.062071275 -0.058584705 -0.05852993
0.49 -0.06496508 -0.06496554 -0.06496624 -0.06496617 -0.058414403 -0.062071275 -0.05858471 -0.05852993
0.4905 -0.06496552 -0.06496597 -0.06496667 -0.06496659 -0.058414403 -0.062071275 -0.058584705 -0.05852993
0.491 -0.06496596 -0.0649664 -0.06496708 -0.06496701 -0.058414403 -0.062071275 -0.05858471 -0.05852993
0.4915 -0.06496639 -0.06496682 -0.06496749 -0.06496742 -0.058414403 -0.062071275 -0.05858471 -0.05852993
0.492 -0.06496681 -0.06496724 -0.0649679 -0.06496782 -0.058414403 -0.062071275 -0.05858471 -0.05852993
0.4925 -0.06496723 -0.06496765 -0.0649683 -0.06496823 -0.058414403 -0.062071275 -0.05858471 -0.05852993
0.493 -0.06496764 -0.06496805 -0.0649687 -0.06496862 -0.058414403 -0.062071275 -0.05858471 -0.05852993
0.4935 -0.06496805 -0.06496845 -0.06496909 -0.06496901 -0.058414403 -0.062071275 -0.05858471 -0.05852993
0.494 -0.06496845 -0.06496885 -0.06496948 -0.0649694 -0.058414403 -0.062071275 -0.05858471 -0.05852993
0.4945 -0.06496885 -0.06496924 -0.06496986 -0.06496978 -0.058414403 -0.062071275 -0.05858471 -0.05852993
0.495 -0.06496924 -0.06496962 -0.06497024 -0.06497016 -0.058414403 -0.062071275 -0.05858471 -0.05852993
0.4955 -0.06496963 -0.06497 -0.06497061 -0.06497053 -0.058414403 -0.062071275 -0.05858471 -0.05852993
0.496 -0.06497001 -0.06497038 -0.06497098 -0.0649709 -0.058414403 -0.062071275 -0.05858471 -0.05852993
0.4965 -0.06497039 -0.06497075 -0.06497134 -0.06497126 -0.058414403 -0.062071275 -0.05858471 -0.05852993
0.497 -0.06497076 -0.06497111 -0.0649717 -0.06497162 -0.058414403 -0.062071275 -0.05858471 -0.05852993
0.4975 -0.06497113 -0.06497148 -0.06497205 -0.06497198 -0.058414403 -0.062071275 -0.05858471 -0.05852993
0.498 -0.06497149 -0.06497183 -0.0649724 -0.06497233 -0.058414403 -0.062071275 -0.05858471 -0.05852993
0.4985 -0.06497185 -0.06497219 -0.06497274 -0.06497267 -0.058414403 -0.062071275 -0.05858471 -0.05852993
0.499 -0.0649722 -0.06497253 -0.06497309 -0.06497301 -0.058414403 -0.062071275 -0.05858471 -0.05852993
0.4995 -0.06497255 -0.06497288 -0.06497342 -0.06497335 -0.058414403 -0.062071275 -0.05858471 -0.05852993
0.5 -0.0649729 -0.06497322 -0.06497375 -0.06497368 -0.058414403 -0.062071275 -0.05858471 -0.05852993
