0.0 -0.065 -0.065 -0.065 -0.065 -0.05487632 -0.06305638 -0.058819868 -0.067919485
0.0005 -0.0649878 -0.06466821 -0.05211167 -0.06498798 -0.05551571 -0.06293379 -0.049352877 -0.06740743
0.001 -0.06492593 -0.06364557 -0.03780384 -0.06495564 -0.056054402 -0.06240458 -0.039736204 -0.066990964
0.0015 -0.0648401 -0.06214937 -0.02565959 -0.06492041 -0.056521393 -0.061502837 -0.029986363 -0.066650905
0.002 -0.06475003 -0.06033877 -0.01499834 -0.06488296 -0.05693752 -0.060261562 -0.020122852 -0.06637251
0.0025 -0.06466089 -0.05830776 -0.005090229 -0.06484263 -0.057317197 -0.058712855 -0.010167122 -0.06614451
0.003 -0.06457203 -0.05611058 0.004453342 -0.06479869 -0.05766994 -0.056887705 -0.00014138967 -0.065958254
0.0035 -0.06447429 -0.0537832 0.01384223 -0.06474566 -0.058001697 -0.054816067 0.009932153 -0.06580704
0.004 -0.06436792 -0.05134867 0.0231788 -0.06468452 -0.05831586 -0.052526567 0.020032048 -0.065685555
0.0045 -0.06425978 -0.04882374 0.03250189 -0.06462046 -0.05861411 -0.050046448 0.030138105 -0.065589525
0.005 -0.06415184 -0.04622143 0.04182409 -0.06455506 -0.05889705 -0.047401264 0.040231682 -0.065515384
0.0055 -0.06404327 -0.04355245 0.05112847 -0.06448814 -0.059164636 -0.04461492 0.050295874 -0.0654601
0.006 -0.06392182 -0.04082759 0.06032294 -0.06441327 -0.059416514 -0.04170953 0.06031558 -0.065421045
0.0065 -0.06378929 -0.03805743 0.06949275 -0.06433344 -0.05965222 -0.03870534 0.07027738 -0.0653959
0.007 -0.06365528 -0.0352488 0.07867077 -0.06425228 -0.05987128 -0.035620734 0.08016974 -0.06538258
0.0075 -0.06352306 -0.03240675 0.08785253 -0.06417051 -0.06007333 -0.032472283 0.089982465 -0.065379195
0.008 -0.06339239 -0.02953586 0.09702284 -0.06408797 -0.060258117 -0.029274836 0.09970699 -0.06538406
0.0085 -0.06326202 -0.02664064 0.1061653 -0.06400435 -0.060425516 -0.02604159 0.10933593 -0.06539564
0.009 -0.06313069 -0.02372557 0.1152656 -0.06391934 -0.060575545 -0.022784166 0.11886315 -0.06541254
0.0095 -0.06299747 -0.02079505 0.1243119 -0.06383271 -0.06070832 -0.019512817 0.12828341 -0.06543353
0.01 -0.06286176 -0.01785329 0.133295 -0.06374427 -0.060824074 -0.01623641 0.13759251 -0.06545748
0.0105 -0.06272324 -0.01490428 0.1422077 -0.06365393 -0.0609231 -0.0129626915 0.14678694 -0.06548339
0.011 -0.06258176 -0.01195172 0.1510443 -0.06356162 -0.061005782 -0.009698309 0.15586397 -0.06551038
0.0115 -0.06243731 -0.008999017 0.1598006 -0.0634673 -0.06107255 -0.0064489767 0.1648215 -0.06553763
0.012 -0.06228994 -0.006049291 0.1684728 -0.06337097 -0.06112385 -0.00321953 0.1736578 -0.06556447
0.0125 -0.06213973 -0.003105369 0.1770582 -0.06327265 -0.061160184 -1.40964985e-05 0.18237177 -0.06559027
0.013 -0.0619868 -0.000169805 0.1855544 -0.06317236 -0.061182052 0.003163889 0.19096264 -0.0656145
0.0135 -0.06183125 0.002755741 0.1939595 -0.0630701 -0.061189964 0.0063116252 0.19943008 -0.06563669
0.014 -0.06167293 0.005670707 0.2022719 -0.0629656 -0.061184447 0.009426646 0.2077739 -0.06565642
0.0145 -0.061512 0.008571802 0.2104903 -0.06285917 -0.06116602 0.012507156 0.21599427 -0.06567337
0.015 -0.06134883 0.01145639 0.2186132 -0.06275104 -0.061135188 0.0155515075 0.22409159 -0.06568725
0.0155 -0.06118363 0.01432255 0.2266394 -0.06264127 -0.061092466 0.018558554 0.23206642 -0.06569778
0.016 -0.06101635 0.01716886 0.234568 -0.06252956 -0.061038356 0.021527387 0.2399196 -0.06570477
0.0165 -0.06084708 0.01999417 0.2423982 -0.06241607 -0.060973343 0.02445732 0.247652 -0.065708034
0.017 -0.060676 0.02279746 0.2501298 -0.06230108 -0.060897894 0.027347818 0.25526452 -0.06570745
0.0175 -0.06050333 0.02557787 0.2577622 -0.06218475 -0.06081249 0.030198663 0.26275837 -0.0657029
0.018 -0.06032918 0.02833463 0.2652951 -0.06206717 -0.060717583 0.03300965 0.27013475 -0.0656943
0.0185 -0.06015365 0.03106703 0.2727281 -0.0619484 -0.060613602 0.03578081 0.27739495 -0.06568159
0.019 -0.05997683 0.03377445 0.2800612 -0.06182848 -0.060500994 0.038512155 0.28454024 -0.06566474
0.0195 -0.05979877 0.03645633 0.2872942 -0.06170745 -0.060380165 0.04120394 0.291572 -0.065643705
0.02 -0.05961953 0.03911215 0.2944272 -0.06158538 -0.060251534 0.043856397 0.29849175 -0.06561849
0.0205 -0.05943917 0.04174145 0.3014603 -0.0614623 -0.06011548 0.046469808 0.30530077 -0.065589115
0.021 -0.05925778 0.04434381 0.3083935 -0.06133827 -0.059972394 0.049044512 0.31200072 -0.06555558
0.0215 -0.0590754 0.04691887 0.3152273 -0.06121334 -0.059822645 0.051580966 0.31859294 -0.06551794
0.022 -0.05889211 0.0494663 0.3219619 -0.06108758 -0.0596666 0.05407957 0.32507905 -0.06547622
0.0225 -0.05870799 0.05198582 0.3285976 -0.06096103 -0.059504606 0.056540802 0.33146048 -0.06543047
0.023 -0.0585231 0.05447717 0.3351351 -0.06083374 -0.059337 0.058965124 0.3377387 -0.06538075
0.0235 -0.05833751 0.05694016 0.3415746 -0.06070577 -0.059164118 0.061353073 0.3439153 -0.06532712
0.024 -0.05815129 0.05937462 0.347917 -0.06057717 -0.058986273 0.063705176 0.34999174 -0.06526966
0.0245 -0.05796452 0.0617804 0.3541626 -0.06044799 -0.05880378 0.066021845 0.3559695 -0.065208435
0.025 -0.05777725 0.06415739 0.3603123 -0.06031829 -0.05861692 0.06830366 0.3618501 -0.06514353
0.0255 -0.05758955 0.06650553 0.3663666 -0.0601881 -0.058426 0.07055117 0.36763498 -0.06507503
0.026 -0.05740149 0.06882475 0.3723264 -0.06005749 -0.05823131 0.07276483 0.37332556 -0.065003015
0.0265 -0.05721312 0.07111503 0.3781924 -0.05992649 -0.058033105 0.07494523 0.3789234 -0.06492758
0.027 -0.05702451 0.07337628 0.3839232 -0.05979517 -0.057831645 0.077092856 0.38442984 -0.0648488
0.0275 -0.05683725 0.07558038 0.3886446 -0.05966643 -0.057627197 0.079208136 0.38984627 -0.06476679
0.028 -0.0566538 0.07770533 0.3931735 -0.05953928 -0.057419993 0.081291735 0.39517412 -0.064681634
0.0285 -0.05647192 0.07977186 0.397952 -0.05941146 -0.057210278 0.08334403 0.40041485 -0.06459343
0.029 -0.05628943 0.08180202 0.4029758 -0.05928267 -0.056998275 0.08536552 0.4055697 -0.06450227
0.0295 -0.05610549 0.08381044 0.4081494 -0.05915299 -0.05678421 0.087356746 0.41064003 -0.06440824
0.03 -0.05592012 0.08580482 0.4133837 -0.0590226 -0.056568284 0.089318186 0.41562718 -0.06431147
0.0305 -0.05573364 0.08778811 0.4186155 -0.05889166 -0.05635071 0.09125021 0.4205325 -0.064212024
0.031 -0.05554646 0.08976047 0.4238043 -0.05876029 -0.056131683 0.09315342 0.42535716 -0.064110026
0.0315 -0.0553589 0.0917206 0.4289262 -0.05862864 -0.05591139 0.09502815 0.43010262 -0.06400555
0.032 -0.05517122 0.09366649 0.4339676 -0.0584965 -0.05569001 0.09687489 0.43476987 -0.06389872
0.0325 -0.0549836 0.09559581 0.4389213 -0.05836422 -0.055467714 0.098694056 0.43936032 -0.063789606
0.033 -0.05479624 0.09750678 0.4437848 -0.0582321 -0.055244684 0.100486115 0.44387513 -0.06367831
0.0335 -0.05460923 0.09939787 0.4485577 -0.05810011 -0.05502106 0.10225144 0.44831556 -0.06356494
0.034 -0.05442262 0.1012677 0.4532411 -0.05796827 -0.054797005 0.103990465 0.45268267 -0.063449584
0.0345 -0.05423647 0.1031151 0.4578364 -0.0578366 -0.054572668 0.10570355 0.45697773 -0.06333233
0.035 -0.05405082 0.1049393 0.4623452 -0.05770512 -0.054348186 0.10739116 0.46120173 -0.06321326
0.0355 -0.0538657 0.1067395 0.4667695 -0.05757386 -0.0541237 0.109053686 0.465356 -0.06309249
0.036 -0.05368115 0.1085151 0.4711111 -0.05744285 -0.05389933 0.1106914 0.4694414 -0.0629701
0.0365 -0.05349722 0.1102659 0.4753718 -0.05731212 -0.053675197 0.11230476 0.47345918 -0.06284618
0.037 -0.05331392 0.1119917 0.4795535 -0.05718169 -0.053451423 0.113894135 0.4774105 -0.06272081
0.0375 -0.05313131 0.1136922 0.4836579 -0.0570516 -0.05322812 0.11545983 0.48129618 -0.06259407
0.038 -0.0529494 0.1153675 0.4876865 -0.05692188 -0.05300539 0.11700226 0.48511738 -0.062466055
0.0385 -0.05276822 0.1170177 0.4916409 -0.05679255 -0.052783344 0.11852175 0.48887515 -0.06233684
0.039 -0.05258779 0.1186427 0.4955226 -0.05666363 -0.05256207 0.1200186 0.49257046 -0.062206507
0.0395 -0.05240816 0.1202429 0.4993331 -0.05653515 -0.052341655 0.1214931 0.49620438 -0.062075153
0.04 -0.05222932 0.1218184 0.5030736 -0.05640713 -0.05212219 0.12294571 0.49977767 -0.06194283
0.0405 -0.05205132 0.1233694 0.5067455 -0.05627959 -0.051903762 0.12437664 0.50329155 -0.061809637
0.041 -0.05187417 0.1248961 0.51035 -0.05615255 -0.051686436 0.12578623 0.5067468 -0.061675623
0.0415 -0.0516979 0.1263988 0.5138885 -0.05602603 -0.051470295 0.12717485 0.5101445 -0.061540887
0.042 -0.05152252 0.1278779 0.5173621 -0.05590004 -0.0512554 0.12854274 0.5134854 -0.06140548
0.0425 -0.05134805 0.1293335 0.5207719 -0.05577461 -0.051041827 0.12989019 0.5167705 -0.061269484
0.043 -0.05117452 0.130766 0.5241192 -0.05564975 -0.050829627 0.13121751 0.5200007 -0.061132956
0.0435 -0.05100193 0.1321756 0.5274049 -0.05552548 -0.050618865 0.13252503 0.5231768 -0.060995966
0.044 -0.05083031 0.1335627 0.5306302 -0.05540181 -0.050409596 0.13381295 0.5262997 -0.060858585
0.0445 -0.05065968 0.1349275 0.5337962 -0.05527874 -0.050201863 0.13508163 0.52937037 -0.060720872
0.045 -0.05049005 0.1362705 0.5369039 -0.05515631 -0.04999572 0.13633128 0.5323895 -0.06058288
0.0455 -0.05032143 0.1375918 0.5399543 -0.05503451 -0.049791206 0.13756217 0.535358 -0.060444668
0.046 -0.05015384 0.1388917 0.5429484 -0.05491336 -0.04958837 0.13877459 0.5382767 -0.060306318
0.0465 -0.04998729 0.1401706 0.5458872 -0.05479288 -0.049387243 0.13996886 0.5411462 -0.060167857
0.047 -0.0498218 0.1414288 0.5487716 -0.05467307 -0.04918786 0.14114511 0.5439676 -0.06002935
0.0475 -0.04965737 0.1426666 0.5516026 -0.05455393 -0.04899027 0.1423037 0.5467415 -0.05989085
0.048 -0.04949402 0.1438842 0.5543812 -0.05443549 -0.048794474 0.1434448 0.5494687 -0.059752397
0.0485 -0.04933177 0.145082 0.5571083 -0.05431776 -0.048600525 0.14456873 0.5521499 -0.05961406
0.049 -0.04917061 0.1462602 0.5597847 -0.05420072 -0.04840845 0.14567569 0.5547859 -0.05947587
0.0495 -0.04900874 0.1474195 0.5624095 -0.0540459 -0.048218258 0.14676587 0.5573774 -0.059337884
0.05 -0.04883944 0.1485603 0.5649799 -0.05386139 -0.048029967 0.14783962 0.5599252 -0.05920014
0.0505 -0.04866759 0.1496824 0.5675031 -0.05369543 -0.047843613 0.14889705 0.56242985 -0.05906269
0.051 -0.04849834 0.1507858 0.5699816 -0.05354802 -0.047659196 0.1499385 0.5648923 -0.058925565
0.0515 -0.0483335 0.1518709 0.5724161 -0.05341483 -0.04747674 0.15096407 0.56731296 -0.058788806
0.052 -0.04817302 0.1529379 0.5748064 -0.0532921 -0.04729626 0.15197405 0.5696927 -0.058652453
0.0525 -0.04801621 0.1539871 0.5771528 -0.05317702 -0.047117762 0.15296869 0.57203203 -0.058516562
0.053 -0.04786234 0.155019 0.5794556 -0.0530675 -0.04694126 0.15394814 0.5743318 -0.05838114
0.0535 -0.04771079 0.1560336 0.5817155 -0.05296204 -0.04676676 0.15491271 0.57659256 -0.058246233
0.054 -0.04756113 0.1570314 0.583933 -0.05285952 -0.04659427 0.15586248 0.57881486 -0.058111876
0.0545 -0.04741304 0.1580126 0.5861088 -0.05275913 -0.0464238 0.1567977 0.5809995 -0.057978097
0.055 -0.04726776 0.1589659 0.5876041 -0.05265977 -0.046255343 0.15771861 0.5831469 -0.057844922
0.0555 -0.04713045 0.1598488 0.5884552 -0.05255993 -0.046088908 0.15862545 0.5852578 -0.05771239
0.056 -0.04699641 0.1606774 0.5896779 -0.05246073 -0.0459245 0.1595183 0.5873329 -0.057580538
0.0565 -0.04686151 0.1614815 0.5913417 -0.05236265 -0.045762107 0.16039746 0.5893726 -0.05744937
0.057 -0.04672463 0.1622812 0.5932998 -0.05226564 -0.04560174 0.161263 0.59137756 -0.057318926
0.0575 -0.04658617 0.1630863 0.5954067 -0.05216956 -0.045443393 0.16211528 0.5933484 -0.057189226
0.058 -0.04644695 0.1638995 0.5975612 -0.05207423 -0.04528706 0.16295433 0.5952855 -0.057060298
0.0585 -0.04630776 0.1647195 0.5997029 -0.05197953 -0.04513274 0.16378042 0.59718966 -0.05693216
0.059 -0.04616915 0.1655434 0.6017994 -0.05188536 -0.044980437 0.16459367 0.59906125 -0.056804832
0.0595 -0.04603151 0.1663675 0.6038359 -0.05179166 -0.044830125 0.16539437 0.6009009 -0.056678336
0.06 -0.04589504 0.1671887 0.6058077 -0.0516984 -0.04468181 0.16618255 0.60270905 -0.056552686
0.0605 -0.04575985 0.1680039 0.6077152 -0.05160555 -0.04453548 0.16695854 0.6044863 -0.056427903
0.061 -0.045626 0.1688108 0.6095618 -0.05151313 -0.044391125 0.1677224 0.6062332 -0.056304008
0.0615 -0.0454935 0.1696077 0.6113517 -0.05142112 -0.04424875 0.16847436 0.6079501 -0.05618102
0.062 -0.04536232 0.1703932 0.6130892 -0.05132954 -0.04410833 0.16921459 0.60963744 -0.056058943
0.0625 -0.04523247 0.1711665 0.6147785 -0.05123841 -0.043969866 0.16994323 0.6112961 -0.055937804
0.063 -0.0451039 0.1719268 0.6164233 -0.05114774 -0.043833338 0.17066039 0.6129262 -0.055817597
0.0635 -0.04497661 0.172674 0.6180267 -0.05105755 -0.04369873 0.17136638 0.61452836 -0.055698354
0.064 -0.04485053 0.1734078 0.6195916 -0.05096781 -0.04356605 0.17206122 0.61610305 -0.055580087
0.0645 -0.04472444 0.1741277 0.6211198 -0.05087763 -0.043435264 0.17274512 0.6176507 -0.055462793
0.065 -0.04459847 0.1748338 0.6226131 -0.05078715 -0.043306373 0.17341825 0.6191717 -0.055346474
0.0655 -0.0444739 0.1755266 0.6240738 -0.05069728 -0.043179356 0.17408077 0.6206666 -0.055231176
0.066 -0.04435126 0.1762065 0.6255036 -0.05060839 -0.0430542 0.17473279 0.62213576 -0.055116884
0.0665 -0.0442305 0.1768739 0.6269038 -0.05052048 -0.0429309 0.17537451 0.6235796 -0.0550036
0.067 -0.04411142 0.1775291 0.6282754 -0.0504335 -0.042809434 0.17600608 0.6249987 -0.054891337
0.0675 -0.0439938 0.1781724 0.6296194 -0.05034738 -0.042689785 0.17662758 0.62639326 -0.054780096
0.068 -0.04387768 0.1787163 0.6309359 -0.05026209 -0.042571943 0.17723916 0.6277638 -0.0546699
0.0685 -0.04376756 0.1787466 0.6322057 -0.05017837 -0.042455893 0.17784107 0.62911075 -0.054560736
0.069 -0.04366043 0.178633 0.6334334 -0.05009572 -0.042341616 0.17843334 0.63043445 -0.054452628
0.0695 -0.04355248 0.1785873 0.6346337 -0.05001363 -0.0422291 0.17901614 0.6317353 -0.054345563
0.07 -0.04344325 0.1786888 0.6358149 -0.04993203 -0.04211832 0.17958964 0.6330137 -0.05423954
0.0705 -0.04333333 0.1789505 0.6369805 -0.04985092 -0.042009268 0.18015395 0.63427013 -0.054134585
0.071 -0.04322339 0.179355 0.6381311 -0.04977035 -0.041901924 0.18070921 0.6355047 -0.054030687
0.0715 -0.04311393 0.179874 0.6392666 -0.04969033 -0.04179628 0.18125558 0.63671803 -0.053927843
0.072 -0.04300528 0.1804774 0.6403861 -0.04961089 -0.0416923 0.18179312 0.63791037 -0.053826056
0.0725 -0.04289765 0.1811381 0.6414888 -0.04953206 -0.041589987 0.182322 0.63908213 -0.05372534
0.073 -0.04279114 0.1818334 0.6425737 -0.04945384 -0.04148932 0.18284234 0.6402336 -0.05362568
0.0735 -0.04268579 0.1825455 0.6436403 -0.04937626 -0.04139027 0.18335429 0.6413651 -0.053527087
0.074 -0.04258162 0.1832607 0.6446882 -0.04929931 -0.04129283 0.18385796 0.642477 -0.053429544
0.0745 -0.04247862 0.1839692 0.6457171 -0.04922301 -0.041196983 0.18435347 0.64356977 -0.053333066
0.075 -0.0423767 0.1846641 0.6467269 -0.04914728 -0.04110271 0.18484095 0.6446435 -0.053237643
0.0755 -0.04227578 0.1853408 0.6477177 -0.04907208 -0.041009985 0.1853205 0.6456986 -0.053143285
0.076 -0.0421759 0.1859966 0.6486896 -0.04899748 -0.040918805 0.1857922 0.64673537 -0.05304997
0.0765 -0.04207711 0.18663 0.6496429 -0.04892352 -0.04082915 0.18625624 0.64775425 -0.052957714
0.077 -0.04197941 0.1872405 0.6505776 -0.04885022 -0.04074099 0.18671276 0.64875555 -0.05286651
0.0775 -0.0418828 0.1878284 0.6514942 -0.04877759 -0.04065431 0.18716176 0.6497394 -0.05277636
0.078 -0.04178727 0.1883942 0.6523929 -0.04870564 -0.04056911 0.18760341 0.6507061 -0.052687235
0.0785 -0.0416928 0.188939 0.653274 -0.04863437 -0.04048536 0.18803784 0.6516561 -0.052599166
0.079 -0.04159937 0.1894637 0.654138 -0.04856377 -0.04040304 0.18846512 0.6525895 -0.052512135
0.0795 -0.04150697 0.1899697 0.6549851 -0.04849385 -0.04032214 0.18888545 0.65350676 -0.052426137
0.08 -0.04141558 0.190458 0.6558157 -0.04842461 -0.04024264 0.18929881 0.65440804 -0.052341156
0.0805 -0.04132519 0.1909299 0.6566301 -0.04835604 -0.040164515 0.18970537 0.6552936 -0.05225721
0.081 -0.04123579 0.1913865 0.6574288 -0.04828814 -0.04008776 0.19010526 0.6561638 -0.052174274
0.0815 -0.04114736 0.1918289 0.6582119 -0.04822091 -0.04001235 0.19049847 0.65701896 -0.052092355
0.082 -0.0410599 0.192258 0.6589798 -0.04815434 -0.03993827 0.19088525 0.657859 -0.05201144
0.0825 -0.0409734 0.1926747 0.6597329 -0.04808844 -0.0398655 0.19126552 0.6586846 -0.05193153
0.083 -0.04088785 0.19308 0.6604714 -0.04802319 -0.03979403 0.19163951 0.6594958 -0.051852614
0.0835 -0.04080323 0.1934744 0.6611957 -0.0479586 -0.039723843 0.19200736 0.6602928 -0.051774688
0.084 -0.04071954 0.1938588 0.661906 -0.04789465 -0.03965491 0.19236904 0.661076 -0.051697746
0.0845 -0.04063678 0.1942336 0.6626026 -0.04783135 -0.039587226 0.1927247 0.6618455 -0.051621787
0.085 -0.04055493 0.1945996 0.6632859 -0.0477687 -0.039520774 0.1930744 0.6626016 -0.051546797
0.0855 -0.04047398 0.194957 0.663956 -0.04770667 -0.039455533 0.1934183 0.66334444 -0.051472772
0.086 -0.04039393 0.1953065 0.6646133 -0.04764529 -0.039391484 0.19375646 0.6640745 -0.051399708
0.0865 -0.04031477 0.1956483 0.665258 -0.04758452 -0.03932862 0.19408894 0.66479164 -0.05132758
0.087 -0.04023649 0.1959828 0.6658903 -0.04752438 -0.039266907 0.19441581 0.6654964 -0.05125641
0.0875 -0.04015908 0.1963104 0.6665106 -0.04746486 -0.039206352 0.19473726 0.6661888 -0.051186174
0.088 -0.04008254 0.1966314 0.667119 -0.04740595 -0.039146926 0.19505322 0.66686904 -0.05111687
0.0885 -0.04000685 0.1969459 0.6677157 -0.04734765 -0.039088618 0.195364 0.66753745 -0.05104848
0.089 -0.03993202 0.1972543 0.6683011 -0.04728996 -0.0390314 0.19566941 0.6681943 -0.050981
0.0895 -0.03985802 0.1975567 0.6688753 -0.04723286 -0.038975272 0.19596976 0.6688396 -0.050914437
0.09 -0.03978486 0.1978533 0.6694386 -0.04717636 -0.038920216 0.19626498 0.6694735 -0.05084878
0.0905 -0.03971253 0.1981444 0.6699911 -0.04712045 -0.03886622 0.19655523 0.67009646 -0.050784003
0.091 -0.03964101 0.1984301 0.6705331 -0.04706512 -0.038813245 0.19684052 0.6707085 -0.050720118
0.0915 -0.0395703 0.1987105 0.6710648 -0.04701037 -0.038761303 0.19712105 0.6713098 -0.0506571
0.092 -0.0395004 0.1989858 0.6715864 -0.04695619 -0.038710363 0.19739681 0.6719007 -0.050594967
0.0925 -0.03943121 0.1992561 0.6720981 -0.04690241 -0.038660422 0.19766778 0.6724811 -0.05053369
0.093 -0.03936269 0.1995215 0.6726001 -0.04684901 -0.038611457 0.19793427 0.6730515 -0.050473258
0.0935 -0.03929486 0.1997822 0.6730925 -0.04679609 -0.03856345 0.19819611 0.6736118 -0.050413676
0.094 -0.0392278 0.2000383 0.6735756 -0.04674373 -0.038516395 0.19845358 0.6741624 -0.050354935
0.0945 -0.03916154 0.2002899 0.6740495 -0.04669198 -0.03847028 0.19870651 0.6747033 -0.050297022
0.095 -0.03909608 0.200537 0.6745145 -0.04664083 -0.03842508 0.19895524 0.67523474 -0.05023992
0.0955 -0.03903143 0.2007798 0.6749706 -0.04659026 -0.038380794 0.19919968 0.6757569 -0.050183646
0.096 -0.03896755 0.2010183 0.6754181 -0.04654027 -0.038337395 0.19943994 0.67626977 -0.05012817
0.0965 -0.03890445 0.2012527 0.6758572 -0.04649085 -0.038294874 0.199676 0.6767738 -0.050073493
0.097 -0.03884209 0.201483 0.6762879 -0.04644199 -0.03825322 0.19990805 0.67726886 -0.050019607
0.0975 -0.03878048 0.2017093 0.6767104 -0.04639368 -0.038212426 0.2001361 0.6777554 -0.04996649
0.098 -0.03871959 0.2019317 0.677125 -0.0463459 -0.03817246 0.20036024 0.6782333 -0.049914148
0.0985 -0.03865942 0.2021502 0.6775318 -0.04629866 -0.038133327 0.20058051 0.6787029 -0.04986258
0.099 -0.03859995 0.2023649 0.6779308 -0.04625194 -0.038095005 0.20079696 0.67916423 -0.049811766
0.0995 -0.03854118 0.2025759 0.6783224 -0.04620574 -0.03805748 0.20100963 0.67961746 -0.04976169
0.1 -0.0384831 0.2027833 0.6787065 -0.04616006 -0.038983863 0.21115813 0.67157143 -0.040685724
0.1005 -0.03724318 0.2130575 0.6672266 -0.03516599 -0.03926677 0.22308192 0.66362745 -0.032325067
0.101 -0.03409686 0.2278453 0.6555556 -0.02389813 -0.039013427 0.23637864 0.65576434 -0.0245592
0.1015 -0.03105341 0.2444126 0.6458859 -0.0153616 -0.03831412 0.25072408 0.64796513 -0.017289978
0.102 -0.02850874 0.2618269 0.6374572 -0.007999661 -0.0372447 0.26585513 0.6402174 -0.010437306
0.1025 -0.02631515 0.279651 0.6296829 -0.001171988 -0.0358687 0.2815571 0.6325126 -0.003935665
0.103 -0.02430641 0.2976478 0.6222227 0.005331754 -0.03423933 0.297654 0.62484574 0.0022685006
0.1035 -0.02238443 0.315668 0.6148977 0.01159109 -0.032401066 0.31400135 0.6172148 0.008219078
0.104 -0.02048906 0.3336074 0.6076408 0.01763007 -0.030391145 0.33048052 0.6096197 0.013952047
0.1045 -0.01859608 0.351388 0.600423 0.02345764 -0.028240675 0.346994 0.6020623 0.01949688
0.105 -0.01668097 0.3689502 0.5932534 0.02910112 -0.02597569 0.36346197 0.59454554 0.024877816
0.1055 -0.01473439 0.3862482 0.5861343 0.0345769 -0.023617888 0.37981907 0.58707345 0.030114673
0.106 -0.0127557 0.4032463 0.5790651 0.03989473 -0.021185417 0.39601228 0.57965064 0.035223752
0.1065 -0.01075026 0.4199171 0.5720443 0.04504744 -0.018693402 0.4119988 0.57228184 0.040218428
0.107 -0.00872404 0.4362393 0.5650716 0.05004589 -0.016154457 0.42774442 0.564972 0.04510969
0.1075 -0.006676669 0.452198 0.5581519 0.05491369 -0.0135790445 0.44322205 0.55772585 0.049906537
0.108 -0.004606207 0.4677826 0.5512897 0.05965744 -0.010975938 0.45841062 0.5505484 0.05461639
0.1085 -0.002512269 0.4829863 0.5444886 0.06428301 -0.008352343 0.47329402 0.5434442 0.059245378
0.109 -0.0003962684 0.4978059 0.5377517 0.06879608 -0.005714271 0.4878605 0.53641754 0.06379856
0.1095 0.001739854 0.5122406 0.5310818 0.07320189 -0.0030666552 0.5021018 0.5294724 0.06828007
0.11 0.003894306 0.5262919 0.5244815 0.07750539 -0.00041356683 0.51601243 0.52261245 0.07269341
0.1105 0.006065598 0.5399631 0.5179533 0.08171133 0.0022416785 0.5295898 0.51584095 0.07704148
0.111 0.008249173 0.5532584 0.511498 0.08580794 0.004896339 0.5428328 0.5091609 0.08132675
0.1115 0.01043807 0.5657715 0.5051116 0.08979436 0.007548224 0.5557425 0.50257474 0.08555126
0.112 0.01263693 0.5763464 0.4987566 0.09369215 0.010195609 0.5683211 0.496085 0.08971682
0.1125 0.01485011 0.5861871 0.4924361 0.09751612 0.012837056 0.58057183 0.48969346 0.09382498
0.113 0.01707402 0.5959311 0.4861797 0.1012647 0.0154714845 0.59249914 0.4834019 0.09787707
0.1135 0.01930926 0.6058315 0.480012 0.1049464 0.018098023 0.6041081 0.47721153 0.10187432
0.114 0.02155922 0.6159434 0.4739481 0.108566 0.020716067 0.61540425 0.47112346 0.105817854
0.1145 0.0238241 0.626227 0.4679935 0.1121183 0.023325149 0.6263937 0.46513855 0.10970864
0.115 0.02610235 0.6366055 0.4621487 0.1156098 0.025924962 0.637083 0.45925742 0.11354765
0.1155 0.02839225 0.6469943 0.4564114 0.1190469 0.028515298 0.6474788 0.45348024 0.11733575
0.116 0.03069226 0.6573156 0.4507783 0.1224316 0.031096037 0.657588 0.44780737 0.12107381
0.1165 0.03300122 0.667504 0.4452462 0.1257654 0.03366718 0.6674177 0.44223863 0.12476267
0.117 0.03531823 0.6775085 0.4398119 0.1290496 0.036228817 0.67697495 0.43677396 0.12840313
0.1175 0.03764258 0.6872912 0.434473 0.1322859 0.038780954 0.6862669 0.43141285 0.13199593
0.118 0.03997356 0.6968256 0.4292274 0.1354759 0.041323807 0.6953006 0.4261549 0.13554192
0.1185 0.04231057 0.7060934 0.4240731 0.1386211 0.04385752 0.7040831 0.4209994 0.13904181
0.119 0.04465301 0.7150832 0.4190086 0.1417191 0.046382297 0.71262133 0.41594577 0.14249639
0.1195 0.04699633 0.7237892 0.4140286 0.1447459 0.048898358 0.72092235 0.4109931 0.14590642
0.12 0.0493327 0.7322118 0.4091314 0.1477156 0.051405918 0.7289928 0.40614036 0.14927271
0.1205 0.05166537 0.7403562 0.4043197 0.1506501 0.053905215 0.73683953 0.40138656 0.15259597
0.121 0.05400515 0.7482313 0.3995967 0.1535591 0.056396525 0.7444689 0.39673066 0.15587698
0.1215 0.05635573 0.755847 0.3949625 0.1564434 0.058880072 0.7518873 0.3921715 0.1591165
0.122 0.0587164 0.7632135 0.3904161 0.1593023 0.06135607 0.75910103 0.3877079 0.16231531
0.1225 0.06108511 0.7703412 0.385956 0.162135 0.06382483 0.76611614 0.3833385 0.16547415
0.123 0.06345982 0.7772401 0.381581 0.1649413 0.066286534 0.7729386 0.37906224 0.16859376
0.1235 0.06583895 0.7839202 0.3772901 0.167721 0.06874147 0.77957416 0.3748775 0.17167492
0.124 0.06822136 0.790391 0.3730824 0.1704744 0.071189806 0.78602844 0.3707831 0.17471837
0.1245 0.07060626 0.7966615 0.3689571 0.1732018 0.07363185 0.7923069 0.36677757 0.17772484
0.125 0.0729931 0.8027403 0.3649136 0.1759038 0.076067746 0.7984148 0.3628596 0.1806951
0.1255 0.07538149 0.8086358 0.360951 0.1785809 0.07849774 0.8043573 0.35902768 0.18362984
0.126 0.07777109 0.8143555 0.3570687 0.1812338 0.08092198 0.81013954 0.3552804 0.18652982
0.1265 0.08016141 0.8199068 0.3532657 0.1838628 0.083340704 0.81576616 0.35161644 0.18939579
0.127 0.0825522 0.8252965 0.3495414 0.1864685 0.08575407 0.821242 0.3480342 0.19222838
0.1275 0.08494348 0.8305312 0.3458949 0.1890518 0.08816224 0.82657146 0.34453228 0.19502836
0.128 0.08733532 0.835617 0.3423255 0.1916138 0.09056538 0.8317591 0.3411092 0.1977964
0.1285 0.08972772 0.8405598 0.3388322 0.1941457 0.09296368 0.83680916 0.3377636 0.20053321
0.129 0.09212048 0.8453649 0.3354142 0.1964407 0.09535724 0.8417258 0.33449402 0.20323941
0.1295 0.0945132 0.8500376 0.3320706 0.1987285 0.09774622 0.8465129 0.331299 0.20591575
0.13 0.09690576 0.8545827 0.3288004 0.2010668 0.10013074 0.8511746 0.32817715 0.20856285
0.1305 0.09929749 0.8590048 0.3256026 0.203376 0.102510884 0.8557142 0.32512698 0.21118134
0.131 0.1016769 0.8633085 0.3224755 0.2055154 0.104886815 0.8601358 0.3221472 0.21377188
0.1315 0.1040478 0.8674976 0.3194177 0.2077166 0.10725857 0.86444265 0.3192364 0.21633506
0.132 0.1064211 0.8715762 0.3164296 0.2099922 0.10962628 0.8686381 0.3163931 0.2188716
0.1325 0.1088002 0.875548 0.3135107 0.2123205 0.11199002 0.8727256 0.313616 0.22138196
0.133 0.1111837 0.8794163 0.3106601 0.214682 0.11434987 0.87670827 0.31090385 0.22386679
0.1335 0.1135699 0.8831846 0.3078764 0.2170613 0.11670588 0.8805892 0.3082552 0.2263267
0.134 0.1159569 0.8868562 0.3051587 0.2194332 0.11905815 0.88437116 0.30566877 0.22876224
0.1345 0.118343 0.8904343 0.3025058 0.2218041 0.121406674 0.88805735 0.3031432 0.23117393
0.135 0.1207271 0.8939221 0.2999167 0.2241756 0.12375155 0.8916504 0.30067736 0.23356238
0.1355 0.1231095 0.8973228 0.2973903 0.2265444 0.12609276 0.89515287 0.29826987 0.23592812
0.136 0.1254904 0.9006393 0.2949258 0.2289072 0.12843043 0.8985675 0.29591942 0.2382716
0.1365 0.1278702 0.9038746 0.2925222 0.2312612 0.13076447 0.9018968 0.293625 0.24059343
0.137 0.1302493 0.9070312 0.2901572 0.2336047 0.13309498 0.905143 0.29138517 0.24289405
0.1375 0.1326273 0.9100954 0.2873286 0.2356826 0.13542195 0.9083087 0.28919896 0.24517393
0.138 0.1350025 0.9130587 0.2845649 0.2377373 0.13774537 0.91139615 0.28706503 0.24743354
0.1385 0.1373657 0.9159383 0.2821041 0.2398518 0.14006524 0.9144073 0.28498232 0.24967343
0.139 0.1397114 0.9187498 0.279906 0.2420123 0.1423816 0.91734457 0.28294957 0.25189403
0.1395 0.1420343 0.9214995 0.277886 0.2441616 0.14469442 0.92020977 0.2809657 0.25409573
0.14 0.1443392 0.9241924 0.2759764 0.2462969 0.14700365 0.9230049 0.27902967 0.256279
0.1405 0.1466498 0.9268327 0.2741431 0.2484443 0.1493093 0.925732 0.27714038 0.25844428
0.141 0.1489765 0.9294222 0.2723665 0.2506041 0.15161139 0.9283929 0.27529675 0.26059192
0.1415 0.1513186 0.9319618 0.2706351 0.2527827 0.1539098 0.93098927 0.27349782 0.26272237
0.142 0.1536723 0.9344515 0.2689424 0.2549768 0.15620458 0.933523 0.27174243 0.26483604
0.1425 0.1560284 0.9368914 0.2672856 0.2571805 0.15849562 0.9359956 0.2700296 0.26693326
0.143 0.1583693 0.9392798 0.2656612 0.2593592 0.16078298 0.93840873 0.2683584 0.26901442
0.1435 0.1606914 0.9416172 0.264067 0.2615148 0.16306652 0.94076407 0.2667278 0.2710799
0.144 0.1630141 0.9439052 0.2625082 0.2636717 0.16534622 0.9430629 0.26513687 0.27313006
0.1445 0.1653468 0.9461452 0.2609886 0.2658354 0.16762206 0.9453069 0.26358452 0.2751652
0.145 0.1676901 0.9483387 0.2595095 0.268004 0.16989386 0.94749725 0.26207006 0.27718568
0.1455 0.1700408 0.9504858 0.2580708 0.2701742 0.17216176 0.9496356 0.2605924 0.27919185
0.146 0.1723747 0.9525856 0.2566383 0.2723229 0.17442556 0.951723 0.25915074 0.28118396
0.1465 0.1746885 0.9546389 0.2552216 0.2744461 0.17668518 0.95376086 0.2577441 0.28316233
0.147 0.1770068 0.9566483 0.2538582 0.2765663 0.17894065 0.95575035 0.25637174 0.28512728
0.1475 0.1793369 0.9586166 0.2525537 0.2786898 0.18119182 0.95769274 0.25503284 0.28707913
0.148 0.1816771 0.9605459 0.2513031 0.2808157 0.18343863 0.9595891 0.25372642 0.2890181
0.1485 0.1840235 0.9624378 0.2501 0.2829419 0.18568106 0.96144044 0.25245172 0.2909445
0.149 0.1863725 0.9642936 0.2489395 0.285066 0.18791892 0.96324813 0.25120798 0.29285854
0.1495 0.1887208 0.9661143 0.2478182 0.2871865 0.19015229 0.9650129 0.24999431 0.2947605
0.15 0.1910666 0.9679007 0.246734 0.289302 0.19132945 0.966483 0.24773437 0.28873956
0.1505 0.1921889 0.9696309 0.2448439 0.2805592 0.19233577 0.96811914 0.24557966 0.28293702
0.151 0.191261 0.9712246 0.2421399 0.2715287 0.19318686 0.96985555 0.24351484 0.27735895
0.1515 0.1903139 0.9727003 0.2398518 0.2651653 0.19388665 0.9716612 0.24153286 0.27199626
0.152 0.1897912 0.9740932 0.2379698 0.2599309 0.19444391 0.97349703 0.2396242 0.26684585
0.1525 0.1895706 0.9754222 0.2363153 0.2551763 0.19486691 0.9753318 0.23778102 0.26190314
0.153 0.1894906 0.9766939 0.2347739 0.2506834 0.19516328 0.9771396 0.2359963 0.25716242
0.1535 0.1894509 0.9779171 0.2332919 0.2463988 0.19534028 0.9789009 0.23426452 0.25261706
0.154 0.1894018 0.9790971 0.2318473 0.2423026 0.1954049 0.9806005 0.23258105 0.2482596
0.1545 0.189151 0.9802368 0.2304302 0.2383794 0.19536355 0.9822271 0.2309421 0.24408227
0.155 0.1887805 0.9813381 0.2290355 0.2346157 0.19522247 0.983773 0.22934443 0.24007684
0.1555 0.18845 0.982402 0.2276613 0.2309993 0.19498742 0.98523295 0.22778562 0.23623487
0.156 0.1881654 0.9834296 0.2263071 0.2275199 0.19466397 0.9866041 0.2262635 0.23254794
0.1565 0.1878981 0.9844217 0.2249724 0.2241684 0.19425733 0.98788536 0.22477636 0.22900769
0.157 0.1876198 0.9853791 0.2236567 0.2209358 0.19377252 0.98907673 0.22332284 0.22560582
0.1575 0.187311 0.9863026 0.2223595 0.2178141 0.19321415 0.9901799 0.22190168 0.22233433
0.158 0.1869599 0.987193 0.22108 0.2147957 0.19258673 0.9911969 0.22051185 0.21918538
0.1585 0.1865604 0.9880511 0.2198179 0.211873 0.19189431 0.99213064 0.21915254 0.21615154
0.159 0.1860947 0.9888775 0.2185704 0.2090237 0.19114098 0.9929843 0.21782288 0.21322548
0.1595 0.1855648 0.9896728 0.2173363 0.2062487 0.19033039 0.99376166 0.21652225 0.21040037
0.16 0.1849897 0.9904375 0.2161183 0.203555 0.18946609 0.9944664 0.21524996 0.20766962
0.1605 0.1843777 0.9911727 0.2149176 0.2009402 0.18855138 0.9951025 0.21400535 0.20502701
0.161 0.1837302 0.9918791 0.213734 0.1983987 0.18758942 0.99567425 0.2127879 0.20246664
0.1615 0.1830466 0.9925576 0.2125668 0.1959249 0.18658309 0.9961853 0.21159688 0.19998285
0.162 0.1823262 0.9932089 0.2114151 0.1935136 0.18553522 0.99663985 0.21043178 0.19757041
0.1625 0.1815673 0.9938327 0.2101713 0.19116 0.18444844 0.9970416 0.20929205 0.19522434
0.163 0.180751 0.9944131 0.2085735 0.1888585 0.18332513 0.9973943 0.20817703 0.1929399
0.1635 0.1798935 0.99495 0.2070847 0.1866054 0.18216759 0.9977019 0.20708609 0.19071272
0.164 0.1790098 0.9954554 0.2058039 0.1843986 0.18097807 0.9979676 0.20601869 0.18853858
0.1645 0.1781025 0.9959392 0.2046842 0.182235 0.17975855 0.99819493 0.2049742 0.18641368
0.165 0.1771703 0.9964069 0.2036643 0.1801117 0.17851093 0.998387 0.20395204 0.18433431
0.1655 0.1762113 0.9968605 0.2026985 0.1780261 0.17723702 0.9985471 0.20295149 0.18229705
0.166 0.1752246 0.9973005 0.2017585 0.1759754 0.17593852 0.99867797 0.20197201 0.18029873
0.1665 0.1742099 0.9977263 0.2008287 0.1739573 0.17461693 0.99878204 0.20101297 0.17833632
0.167 0.1731672 0.9981368 0.1999015 0.1719696 0.17327379 0.9988625 0.20007369 0.17640702
0.1675 0.1720971 0.9985313 0.198974 0.1700102 0.17191045 0.9989215 0.19915348 0.17450823
0.168 0.1710003 0.9989089 0.1980457 0.1680773 0.17052813 0.9989612 0.19825178 0.17263752
0.1685 0.1698777 0.9992691 0.1971171 0.166169 0.16912812 0.99898386 0.19736794 0.1707926
0.169 0.1687299 0.9996116 0.1961896 0.1642836 0.16771156 0.9989916 0.19650137 0.16897132
0.1695 0.1675579 0.9999361 0.1952643 0.1624198 0.16627939 0.9989861 0.19565135 0.16717176
0.17 0.1663625 1.000243 0.1943425 0.1605759 0.16483262 0.9989692 0.19481742 0.16539206
0.1705 0.1651443 1.000531 0.1934252 0.1587507 0.16337219 0.9989424 0.19399875 0.16363052
0.171 0.1639041 1.000802 0.1925133 0.156943 0.1618989 0.9989072 0.19319496 0.16188557
0.1715 0.1626427 1.001056 0.1916073 0.1551514 0.16041355 0.998865 0.19240522 0.16015573
0.172 0.1613605 1.001292 0.1907078 0.1533749 0.15891689 0.99881697 0.1916292 0.15843962
0.1725 0.1600584 1.001512 0.1898152 0.1516126 0.15740956 0.99876416 0.19086611 0.15673597
0.173 0.1587368 1.001715 0.1889295 0.1498634 0.15589218 0.9987079 0.19011551 0.15504369
0.1735 0.1573963 1.001902 0.1880511 0.1481263 0.15436539 0.99864876 0.18937683 0.15336168
0.174 0.1560375 1.002074 0.18718 0.1464007 0.15282968 0.99858785 0.1886496 0.15168892
0.1745 0.1546609 1.00223 0.1863162 0.1446856 0.15128553 0.99852574 0.18793315 0.1500245
0.175 0.153267 1.002372 0.1854596 0.1429803 0.14973345 0.9984633 0.18722707 0.14836758
0.1755 0.1518562 1.002498 0.1846102 0.1412841 0.14817384 0.9984009 0.18653095 0.14671743
0.176 0.1504292 1.002611 0.1837679 0.1395964 0.14660713 0.99833906 0.18584424 0.14507326
0.1765 0.1489862 1.00271 0.1829327 0.1379165 0.14503366 0.9982786 0.18516642 0.14343448
0.177 0.1475277 1.002795 0.1821043 0.1362438 0.14345379 0.9982195 0.18449718 0.14180046
0.1775 0.1460543 1.002867 0.1812826 0.1345778 0.14186782 0.99816215 0.18383598 0.1401707
0.178 0.1445661 1.002926 0.1804676 0.132918 0.14027606 0.99810696 0.18318251 0.13854465
0.1785 0.1430638 1.002973 0.179659 0.1312639 0.1386788 0.9980539 0.18253633 0.13692182
0.179 0.1415476 1.003007 0.1788568 0.1296151 0.13707624 0.99800336 0.18189716 0.13530186
0.1795 0.1400179 1.003029 0.1780607 0.1279711 0.13546869 0.99795544 0.18126452 0.13368434
0.18 0.138475 1.00304 0.1772706 0.1263314 0.13385636 0.9979104 0.18063812 0.13206892
0.1805 0.1369194 1.003039 0.1764864 0.1246959 0.13223943 0.9978678 0.1800177 0.1304553
0.181 0.1353513 1.003027 0.1757079 0.123064 0.13061816 0.997828 0.17940289 0.12884316
0.1815 0.1337712 1.003005 0.174935 0.1214355 0.12899266 0.9977908 0.1787935 0.12723225
0.182 0.1321792 1.002971 0.1741675 0.11981 0.1273632 0.9977565 0.17818911 0.12562235
0.1825 0.1305757 1.002927 0.1734053 0.1181873 0.1257299 0.9977248 0.17758957 0.124013186
0.183 0.128961 1.002873 0.1726483 0.116567 0.12409291 0.9976953 0.17699453 0.122404575
0.1835 0.1273354 1.002809 0.1718962 0.1149489 0.12245247 0.9976685 0.17640401 0.12079635
0.184 0.1256991 1.002735 0.171149 0.1133329 0.12080866 0.9976437 0.17581765 0.11918832
0.1845 0.1240525 1.002652 0.1704066 0.1117185 0.119161636 0.9976213 0.17523523 0.117580384
0.185 0.1223958 1.002559 0.1696688 0.1101057 0.1175116 0.9976007 0.17465658 0.11597231
0.1855 0.1207293 1.002457 0.1689354 0.1084942 0.11585866 0.99758184 0.17408165 0.11436406
0.186 0.1190531 1.002346 0.1682064 0.1068838 0.114202976 0.9975647 0.17351016 0.11275543
0.1865 0.1173676 1.002227 0.1674817 0.1052744 0.11254467 0.99754894 0.17294207 0.111146376
0.187 0.115673 1.002099 0.166761 0.1036657 0.11088388 0.9975344 0.1723772 0.10953677
0.1875 0.1139695 1.001963 0.1660443 0.1020577 0.10922076 0.9975209 0.17181548 0.10792652
0.188 0.1122572 1.001818 0.1653316 0.1004502 0.107555464 0.9975083 0.17125683 0.10631555
0.1885 0.1105365 1.001665 0.1646226 0.09884296 0.10588808 0.99749625 0.17070112 0.10470377
0.189 0.1088076 1.001505 0.1639172 0.09723595 0.10421881 0.9974847 0.1701483 0.10309106
0.1895 0.1070706 1.001337 0.1632154 0.09562903 0.10254778 0.99747336 0.16959825 0.10147743
0.19 0.1053257 1.001161 0.1625171 0.09402208 0.10087508 0.9974619 0.16905099 0.09986277
0.1905 0.1035731 1.000978 0.1618221 0.09241499 0.099200904 0.9974505 0.16850647 0.09824702
0.191 0.1018131 1.000788 0.1611304 0.09080765 0.09752542 0.99743855 0.16796468 0.0966301
0.1915 0.1000457 1.00059 0.1604418 0.08919998 0.095848724 0.99742615 0.16742547 0.09501201
0.192 0.09827121 1.000386 0.1597563 0.08759189 0.09417097 0.9974128 0.16688897 0.093392596
0.1925 0.09648972 1.000175 0.1590737 0.08598329 0.09249233 0.9973985 0.16635512 0.0917719
0.193 0.09470143 0.9999575 0.158394 0.08437411 0.09081292 0.99738324 0.16582388 0.090149835
0.1935 0.09290648 0.9997333 0.1577171 0.08276427 0.089132905 0.9973663 0.16529526 0.08852632
0.194 0.09110503 0.9995027 0.1570429 0.0811537 0.08745244 0.99734795 0.16476932 0.08690138
0.1945 0.08929723 0.9992658 0.1563713 0.07954235 0.085771665 0.99732804 0.16424596 0.085274875
0.195 0.08748323 0.9990229 0.1557023 0.07793015 0.084090754 0.9973062 0.16372533 0.08364688
0.1955 0.08566316 0.9987739 0.1550357 0.07631705 0.082409844 0.99728227 0.16320737 0.08201727
0.196 0.08383717 0.9985191 0.1543714 0.074703 0.08072911 0.99725616 0.16269219 0.08038601
0.1965 0.0820054 0.9982584 0.1537095 0.07308795 0.07904869 0.9972278 0.16217972 0.0787531
0.197 0.08016796 0.9979921 0.1530498 0.07147185 0.07736875 0.9971968 0.16167006 0.07711847
0.1975 0.07832498 0.9977203 0.1523922 0.06985467 0.075689435 0.9971633 0.16116324 0.075482085
0.198 0.0764766 0.997443 0.1517368 0.06823637 0.07401092 0.99712706 0.16065927 0.07384394
0.1985 0.07462292 0.9971604 0.1510833 0.06661691 0.072333336 0.99708784 0.1601582 0.07220398
0.199 0.07276407 0.9968726 0.1504318 0.06499626 0.07065685 0.99704564 0.15966001 0.070562184
0.1995 0.07090016 0.9965797 0.1497822 0.06337439 0.06898162 0.99700034 0.15916488 0.0689185
0.2 0.06903129 0.9962817 0.1491344 0.06175128 0.06816685 0.9949373 0.15904278 0.07443276
0.2005 0.0683406 0.9960016 0.1493281 0.07096221 0.067527145 0.9932158 0.15892078 0.079706505
0.201 0.06957067 0.9958198 0.1503616 0.08040074 0.06704411 0.99180067 0.15879923 0.08475271
0.2015 0.07070957 0.9957159 0.1510003 0.08710175 0.06670077 0.9906591 0.1586779 0.08958408
0.202 0.07134565 0.9956551 0.1512552 0.09261371 0.066481635 0.9897599 0.15855645 0.09421271
0.2025 0.07162679 0.9956184 0.1513094 0.0975997 0.06637256 0.9890746 0.15843451 0.09865023
0.203 0.0717259 0.995597 0.151278 0.1022714 0.0663607 0.9885769 0.1583116 0.10290748
0.2035 0.07174917 0.9955865 0.1512159 0.1066977 0.0664345 0.9882431 0.15818736 0.106994644
0.204 0.07175089 0.9955851 0.1511463 0.1109066 0.066583514 0.98805153 0.1580613 0.11092125
0.2045 0.07175649 0.9955913 0.1510784 0.1149144 0.066798374 0.9879831 0.15793324 0.11469601
0.205 0.07177712 0.9956044 0.1510157 0.1187336 0.06707068 0.9880203 0.15780284 0.118327156
0.2055 0.07181721 0.9956237 0.1509595 0.1223748 0.06739287 0.98814785 0.15767004 0.12182219
0.206 0.07187815 0.9956487 0.1509099 0.1258484 0.06775826 0.9883522 0.15753464 0.12518814
0.2065 0.07196002 0.9956789 0.1508669 0.1291637 0.06816082 0.988621 0.15739667 0.12843141
0.207 0.07206232 0.995714 0.1508304 0.1323298 0.06859526 0.9889437 0.15725613 0.13155797
0.2075 0.07218427 0.9957536 0.1508001 0.1353549 0.06905681 0.98931086 0.15711322 0.13457336
0.208 0.07232494 0.9957974 0.1507758 0.138247 0.06954126 0.98971426 0.15696794 0.13748269
0.2085 0.07248338 0.9958452 0.1507574 0.1410133 0.07004483 0.99014676 0.15682043 0.14029075
0.209 0.07265864 0.9958967 0.1507445 0.1436607 0.070564225 0.99060166 0.15667102 0.14300191
0.2095 0.07284976 0.9959517 0.1507369 0.1461959 0.07109654 0.99107397 0.15651989 0.14562035
0.21 0.07305586 0.99601 0.1507345 0.1486248 0.07163915 0.9915587 0.1563673 0.14814985
0.2105 0.07327606 0.9960715 0.1507371 0.1509532 0.07218978 0.9920515 0.15621345 0.15059404
0.211 0.07350953 0.9961359 0.1507444 0.1531864 0.07274634 0.99254906 0.15605858 0.15295632
0.2115 0.07375545 0.9962031 0.1507562 0.1553296 0.07330716 0.9930483 0.15590301 0.15523985
0.212 0.07401307 0.9962731 0.1507725 0.1573874 0.07387057 0.99354637 0.15574701 0.1574476
0.2125 0.07428164 0.9963456 0.1507929 0.1593644 0.074435264 0.9940413 0.15559077 0.15958244
0.213 0.07456047 0.9964205 0.1508173 0.1612647 0.07499996 0.99453104 0.15543464 0.161647
0.2135 0.07484886 0.9964977 0.1508456 0.1630922 0.07556367 0.99501383 0.15527882 0.1636438
0.214 0.07514617 0.9965771 0.1508776 0.1648507 0.07612546 0.9954885 0.15512358 0.1655753
0.2145 0.07545179 0.9966587 0.1509131 0.1665437 0.076684535 0.9959539 0.15496914 0.16744366
0.215 0.07576488 0.9967356 0.1506895 0.1681747 0.077240154 0.9964092 0.15481572 0.16925117
0.2155 0.07608413 0.9968001 0.150437 0.1697421 0.077791765 0.9968535 0.15466358 0.17099988
0.216 0.07640592 0.9968571 0.1503093 0.1712296 0.07833883 0.99728644 0.15451282 0.17269178
0.2165 0.07672971 0.9969145 0.1502953 0.1726573 0.078880906 0.99770725 0.15436374 0.17432874
0.217 0.07705887 0.9969774 0.1503566 0.1740394 0.079417646 0.99811614 0.15421642 0.17591257
0.2175 0.07739495 0.9970477 0.1504596 0.1753801 0.07994869 0.99851215 0.15407114 0.17744505
0.218 0.07773772 0.9971258 0.1505815 0.1766803 0.08047381 0.99889576 0.15392792 0.17892787
0.2185 0.07808651 0.9972111 0.1507091 0.1779412 0.08099276 0.9992665 0.153787 0.1803626
0.219 0.07844057 0.9973024 0.150835 0.1791638 0.08150537 0.9996247 0.15364856 0.1817508
0.2195 0.07879911 0.9973988 0.1509563 0.180349 0.08201152 0.9999701 0.15351257 0.183094
0.22 0.07916141 0.9974991 0.1510717 0.181498 0.08251104 1.0003031 0.15337926 0.18439361
0.2205 0.07952681 0.9976025 0.1511814 0.182612 0.08300391 1.0006236 0.15324864 0.18565103
0.221 0.07989478 0.9977083 0.1512861 0.1836919 0.083490044 1.0009319 0.15312086 0.18686762
0.2215 0.08026486 0.9978157 0.1513866 0.1847392 0.0839694 1.0012281 0.15299597 0.18804464
0.222 0.08063664 0.9979245 0.1514838 0.1857548 0.084442005 1.0015126 0.152874 0.18918335
0.2225 0.08100951 0.998034 0.1515785 0.1867382 0.08490777 1.0017855 0.15275504 0.19028497
0.223 0.08137643 0.9981422 0.1516688 0.1876669 0.085366786 1.0020472 0.1526392 0.1913507
0.2235 0.0817365 0.9982497 0.1517548 0.1885557 0.085819066 1.0022978 0.15252644 0.19238162
0.224 0.08209679 0.9983573 0.15184 0.1894225 0.08626464 1.0025377 0.15241677 0.19337887
0.2245 0.08246108 0.9984653 0.1519262 0.1902719 0.08670354 1.0027672 0.15231034 0.19434348
0.225 0.08282785 0.9985741 0.1520138 0.1910999 0.08713582 1.0029866 0.15220705 0.1952765
0.2255 0.08319301 0.9986835 0.1521021 0.191904 0.08756155 1.003196 0.15210694 0.19617891
0.226 0.08355944 0.9987934 0.1521911 0.1926906 0.08798079 1.0033959 0.15201005 0.19705164
0.2265 0.08392871 0.9989039 0.1522809 0.1934605 0.08839364 1.0035866 0.15191635 0.1978957
0.227 0.08430042 0.9990147 0.1523714 0.1942134 0.08880015 1.0037683 0.15182582 0.19871196
0.2275 0.08467352 0.9991258 0.1524626 0.1949491 0.08920044 1.0039415 0.15173852 0.19950128
0.228 0.08504696 0.9992371 0.1525542 0.1956674 0.08959451 1.0041063 0.15165439 0.20026451
0.2285 0.08541991 0.9993485 0.1526463 0.1963683 0.089982554 1.0042628 0.15157339 0.20100248
0.229 0.08579177 0.99946 0.1527387 0.1970521 0.09036459 1.0044118 0.15149558 0.20171598
0.2295 0.08616215 0.9995714 0.1528315 0.197719 0.09074071 1.0045532 0.1514208 0.20240581
0.23 0.08653076 0.9996829 0.1529245 0.1983693 0.091111034 1.0046873 0.15134907 0.20307267
0.2305 0.08689741 0.9997942 0.1530178 0.1990034 0.091475606 1.0048145 0.15128046 0.20371735
0.231 0.08726197 0.9999054 0.1531114 0.1996218 0.091834545 1.0049349 0.15121484 0.20434052
0.2315 0.08762433 1.000017 0.1532052 0.2002248 0.092187956 1.005049 0.15115213 0.20494285
0.232 0.08798442 1.000127 0.1532992 0.2008129 0.09253588 1.0051569 0.15109235 0.20552501
0.2325 0.08834215 1.000238 0.1533934 0.2013866 0.09287846 1.0052587 0.15103552 0.20608768
0.233 0.08869746 1.000349 0.1534877 0.2019462 0.09321575 1.0053548 0.15098152 0.20663142
0.2335 0.08905029 1.000459 0.1535821 0.2024912 0.093547866 1.0054454 0.15093023 0.20715684
0.234 0.08940058 1.000569 0.1536767 0.2030169 0.09387484 1.0055307 0.15088177 0.20766458
0.2345 0.08974822 1.000678 0.1537712 0.20353 0.09419684 1.0056111 0.15083596 0.2081551
0.235 0.09009318 1.000788 0.1538658 0.2040327 0.09451391 1.0056864 0.15079284 0.20862904
0.2355 0.09043543 1.000897 0.1539605 0.2045251 0.0948261 1.0057572 0.15075228 0.20908692
0.236 0.09077493 1.001006 0.154055 0.2050072 0.09513354 1.0058235 0.15071425 0.20952925
0.2365 0.09111165 1.001114 0.1541496 0.205479 0.095436305 1.0058855 0.15067875 0.2099565
0.237 0.09144554 1.001221 0.154244 0.2059405 0.09573445 1.0059434 0.15064573 0.21036914
0.2375 0.09177656 1.001329 0.1543383 0.206392 0.09602809 1.0059975 0.15061504 0.21076775
0.238 0.09210467 1.001435 0.1544325 0.2068335 0.09631723 1.0060478 0.15058672 0.21115267
0.2385 0.09242985 1.001542 0.1545265 0.2072653 0.09660204 1.0060946 0.15056065 0.21152437
0.239 0.09275205 1.001648 0.1546204 0.2076877 0.09688254 1.0061377 0.15053684 0.21188328
0.2395 0.09307124 1.001753 0.154714 0.2081008 0.097158805 1.0061778 0.1505152 0.21222985
0.24 0.09338734 1.001858 0.1548074 0.2085048 0.0974309 1.0062146 0.15049568 0.21256447
0.2405 0.09370031 1.001962 0.1549005 0.2089 0.09769891 1.0062486 0.15047818 0.21288747
0.241 0.09401018 1.002067 0.1549933 0.2092865 0.097962946 1.0062796 0.1504628 0.21319923
0.2415 0.09431696 1.00217 0.1550859 0.2096648 0.098222986 1.006308 0.1504493 0.2135002
0.242 0.09462067 1.002273 0.1551781 0.210035 0.09847914 1.0063337 0.15043777 0.21379066
0.2425 0.09491141 1.002376 0.1552538 0.2103852 0.0987315 1.006357 0.15042809 0.21407095
0.243 0.09517904 1.002476 0.1553047 0.2107036 0.098980084 1.0063778 0.15042019 0.21434143
0.2435 0.09544387 1.002573 0.155362 0.2110135 0.09922497 1.0063964 0.15041405 0.21460247
0.244 0.09571462 1.00267 0.1554334 0.2113241 0.09946622 1.0064131 0.15040955 0.21485427
0.2445 0.09599168 1.002766 0.1555163 0.2116359 0.09970391 1.0064276 0.15040681 0.21509722
0.245 0.09627268 1.002862 0.1556064 0.2119479 0.09993805 1.0064402 0.15040559 0.21533155
0.2455 0.096555 1.002958 0.1557002 0.2122585 0.100168765 1.006451 0.150406 0.21555758
0.246 0.0968366 1.003054 0.1557953 0.2125665 0.10039607 1.0064598 0.15040788 0.21577558
0.2465 0.09711614 1.00315 0.1558904 0.2128711 0.10061999 1.0064673 0.15041122 0.21598583
0.247 0.09739279 1.003246 0.1559849 0.2131717 0.10084061 1.0064732 0.15041599 0.21618858
0.2475 0.09766612 1.003342 0.1560782 0.2134678 0.10105798 1.0064775 0.15042213 0.21638405
0.248 0.09793594 1.003438 0.1561704 0.2137591 0.101272166 1.0064806 0.15042952 0.2165725
0.2485 0.09820212 1.003534 0.1562614 0.2140453 0.101483196 1.006482 0.15043828 0.21675417
0.249 0.09846454 1.003629 0.1563513 0.2143259 0.10169116 1.0064824 0.15044823 0.21692926
0.2495 0.09872332 1.003723 0.1564401 0.2146014 0.10189605 1.0064815 0.15045941 0.21709806
0.25 0.09897866 1.003817 0.1565279 0.2148718 0.1012491 1.0074997 0.15011886 0.20962423
0.2505 0.09808601 1.003888 0.1557775 0.2043234 0.10054265 1.0084075 0.14974892 0.20248449
0.251 0.09538895 1.003856 0.1542008 0.1935974 0.099779904 1.0092093 0.14935306 0.19566
0.2515 0.09287105 1.00374 0.1530305 0.1856316 0.098964065 1.0099095 0.14893425 0.18913329
0.252 0.09090558 1.003577 0.15225 0.1788721 0.09809823 1.0105131 0.14849544 0.18288791
0.2525 0.08932948 1.003386 0.1516765 0.1726676 0.09718552 1.0110244 0.14803925 0.17690834
0.253 0.08796382 1.003178 0.1511953 0.1668095 0.09622894 1.0114483 0.14756796 0.17118022
0.2535 0.08669887 1.002958 0.1507517 0.1612278 0.09523146 1.0117892 0.14708385 0.1656899
0.254 0.08547777 1.002728 0.1503219 0.1558928 0.09419593 1.0120522 0.14658874 0.16042474
0.2545 0.08427321 1.00249 0.1498961 0.1507864 0.093125194 1.0122415 0.14608452 0.15537271
0.255 0.08307269 1.002244 0.1494706 0.1458944 0.09202199 1.0123615 0.14557284 0.15052256
0.2555 0.08187081 1.001991 0.1490438 0.1412046 0.09088886 1.012417 0.14505517 0.14586376
0.256 0.08066546 1.001732 0.1486155 0.1367058 0.089728445 1.012412 0.14453286 0.14138633
0.2565 0.07945612 1.001467 0.1481855 0.1323874 0.08854316 1.0123507 0.1440072 0.13708091
0.257 0.078243 1.001197 0.1477539 0.1282397 0.08733529 1.0122371 0.14347914 0.13293871
0.2575 0.07702661 1.000922 0.1473209 0.1242537 0.086107165 1.012075 0.14294991 0.1289514
0.258 0.07580764 1.000643 0.1468868 0.1204206 0.084860966 1.0118681 0.14242026 0.12511115
0.2585 0.07458683 1.000359 0.1464516 0.1167325 0.08359872 1.0116203 0.14189109 0.12141059
0.259 0.07336491 1.000071 0.1460156 0.1131818 0.08232242 1.0113348 0.14136314 0.11784276
0.2595 0.07214262 0.9997798 0.145579 0.1097616 0.081033945 1.0110147 0.14083704 0.1144011
0.26 0.07092067 0.999485 0.145142 0.1064651 0.0797351 1.0106633 0.14031345 0.11107944
0.2605 0.06969972 0.9991871 0.1447047 0.1032862 0.07842758 1.0102837 0.13979286 0.10787195
0.261 0.06848044 0.9988863 0.1442673 0.1002189 0.07711305 1.0098786 0.1392757 0.104773074
0.2615 0.06726342 0.9985829 0.1438299 0.09725781 0.075793 1.0094508 0.13876247 0.10177767
0.262 0.06604926 0.998277 0.1433928 0.09439775 0.074468896 1.0090027 0.1382536 0.09888081
0.2625 0.0648385 0.9979688 0.1429561 0.09163384 0.07314211 1.0085368 0.13774925 0.096077874
0.263 0.06363167 0.9976586 0.1425198 0.08896151 0.07181394 1.0080553 0.13724983 0.09336448
0.2635 0.06242925 0.9973465 0.1420843 0.08637647 0.07048562 1.0075606 0.1367555 0.09073654
0.264 0.0612317 0.9970327 0.1416495 0.08387465 0.069158256 1.0070543 0.13626656 0.08819012
0.2645 0.06003947 0.9967173 0.1412156 0.08145225 0.06783292 1.0065385 0.13578305 0.08572154
0.265 0.05885297 0.9964006 0.1407828 0.07910567 0.06651065 1.006015 0.13530523 0.08332734
0.2655 0.05767257 0.9960826 0.140351 0.07683151 0.06519236 1.0054853 0.13483319 0.08100423
0.266 0.05649866 0.9957636 0.1399206 0.07462658 0.06387888 1.0049509 0.13436699 0.078749135
0.2665 0.05533155 0.9954436 0.1394915 0.07248785 0.06257102 1.0044134 0.13390672 0.07655911
0.267 0.05417159 0.9951228 0.1390638 0.07041247 0.061269578 1.0038738 0.13345242 0.074431404
0.2675 0.05301906 0.9948014 0.1386377 0.06839775 0.05997519 1.0033337 0.13300407 0.07236342
0.268 0.05187425 0.9944794 0.1382133 0.06644115 0.058688547 1.0027938 0.13256174 0.07035263
0.2685 0.0507374 0.9941569 0.1377905 0.06454025 0.057410154 1.0022553 0.13212541 0.06839678
0.269 0.04960878 0.9938342 0.1373696 0.06269277 0.05614059 1.0017191 0.13169506 0.0664936
0.2695 0.0484886 0.9935113 0.1369506 0.06089656 0.054880362 1.0011863 0.1312706 0.06464106
0.27 0.04737707 0.9931882 0.1365335 0.05914957 0.05362984 1.0006571 0.13085209 0.06283715
0.2705 0.04627439 0.9928652 0.1361184 0.05744987 0.052389514 1.0001326 0.13043943 0.06108004
0.271 0.04518073 0.9925423 0.1357055 0.05579561 0.05115963 0.99961317 0.13003255 0.05936794
0.2715 0.04409626 0.9922196 0.1352947 0.05418507 0.049940597 0.9990996 0.12963134 0.057699203
0.272 0.04302112 0.9918973 0.1348861 0.05261657 0.04873265 0.99859226 0.12923576 0.056072213
0.2725 0.04195545 0.9915752 0.1344798 0.05108856 0.047536064 0.99809134 0.12884575 0.0544855
0.273 0.04089939 0.9912537 0.1340758 0.04959953 0.046351057 0.9975976 0.12846118 0.05293765
0.2735 0.03985303 0.9909327 0.1336741 0.04814808 0.045177784 0.99711096 0.12808199 0.05142732
0.274 0.03881648 0.9906124 0.1332749 0.04673284 0.04401646 0.9966321 0.1277081 0.049953222
0.2745 0.03778983 0.9902928 0.1328782 0.04535253 0.042867165 0.99616086 0.12733938 0.048514135
0.275 0.03677317 0.9899739 0.132484 0.04400594 0.041730043 0.9956976 0.1269757 0.047108933
0.2755 0.03576655 0.9896559 0.1320923 0.04269188 0.040605184 0.9952427 0.12661701 0.045736507
0.276 0.03477003 0.9893388 0.1317032 0.04140926 0.039492603 0.9947959 0.1262632 0.04439582
0.2765 0.03378368 0.9890227 0.1313167 0.040157 0.038392436 0.99435735 0.12591416 0.043085873
0.277 0.03280753 0.9887077 0.1309329 0.03893411 0.03730466 0.99392724 0.12556979 0.041805744
0.2775 0.03184162 0.9883937 0.1305517 0.0377396 0.036229264 0.9935055 0.1252299 0.040554546
0.278 0.03088596 0.9880809 0.1301733 0.03657257 0.035166297 0.99309206 0.12489459 0.039331377
0.2785 0.02994059 0.9877693 0.1297976 0.03543211 0.034115713 0.99268687 0.12456362 0.03813544
0.279 0.02900552 0.987459 0.1294246 0.03431741 0.033077497 0.99229014 0.12423691 0.03696596
0.2795 0.02808073 0.98715 0.1290544 0.03322763 0.032051597 0.99190164 0.12391432 0.035822198
0.28 0.02716625 0.9868423 0.128687 0.03216202 0.031037975 0.99152136 0.123595834 0.03470344
0.2805 0.02626206 0.9865361 0.1283224 0.03111983 0.030036565 0.99114907 0.12328136 0.033608988
0.281 0.02536814 0.9862313 0.1279606 0.03010035 0.029047307 0.99078476 0.122970715 0.03253816
0.2815 0.02448449 0.985928 0.1276017 0.0291029 0.028070066 0.99042845 0.1226639 0.031490356
0.282 0.02361107 0.9856262 0.1272456 0.02812683 0.027104836 0.99007976 0.12236078 0.030464992
0.2825 0.02274785 0.985326 0.1268924 0.02717152 0.02615149 0.9897388 0.12206124 0.029461399
0.283 0.02189482 0.9850274 0.126542 0.02623636 0.025209907 0.9894053 0.121765286 0.0284791
0.2835 0.02105192 0.9847304 0.1261945 0.02532078 0.02428003 0.9890791 0.121472776 0.027517542
0.284 0.02021911 0.9844351 0.1258499 0.02442422 0.023361731 0.9887601 0.12118365 0.026576191
0.2845 0.01939636 0.9841414 0.1255082 0.02354615 0.022454906 0.98844826 0.120897844 0.02565454
0.285 0.01858362 0.9838495 0.1251694 0.02268606 0.021559428 0.9881431 0.120615244 0.024752125
0.2855 0.01778083 0.9835594 0.1248335 0.02184345 0.020675179 0.9878448 0.1203358 0.023868471
0.286 0.01698793 0.983271 0.1245005 0.02101784 0.019802075 0.9875531 0.120059475 0.023003116
0.2865 0.01620487 0.9829844 0.1241704 0.0202088 0.01893996 0.98726785 0.11978616 0.022155628
0.287 0.01543159 0.9826996 0.1238432 0.01941586 0.018088695 0.9869888 0.11951579 0.021325544
0.2875 0.01466803 0.9824167 0.1235188 0.01863861 0.017248195 0.9867158 0.11924836 0.020512514
0.288 0.01391412 0.9821357 0.1231974 0.01787664 0.01641832 0.9864489 0.11898376 0.019716106
0.2885 0.01316978 0.9818565 0.1228789 0.01712955 0.015598919 0.9861877 0.11872199 0.018935941
0.289 0.01243496 0.9815792 0.1225632 0.01639696 0.014789913 0.98593223 0.11846289 0.018171653
0.2895 0.01170958 0.9813038 0.1222505 0.01567851 0.013991121 0.98568213 0.118206546 0.01742287
0.29 0.01099356 0.9810304 0.1219406 0.01497383 0.01320244 0.9854374 0.117952794 0.016689226
0.2905 0.01028684 0.9807589 0.1216335 0.0142826 0.012423757 0.9851979 0.117701575 0.015970387
0.291 0.009589323 0.9804893 0.1213294 0.01360447 0.011654932 0.9849633 0.11745295 0.015266009
0.2915 0.008900943 0.9802217 0.1210281 0.01293912 0.0108958 0.9847338 0.11720683 0.014575794
0.292 0.008221616 0.9799561 0.1207296 0.01228625 0.010146294 0.984509 0.11696318 0.013899416
0.2925 0.007551263 0.9796925 0.120434 0.01164555 0.009406235 0.98428893 0.11672188 0.01323656
0.293 0.006889801 0.9794308 0.1201412 0.01101674 0.008675527 0.98407316 0.11648297 0.012586899
0.2935 0.006237147 0.9791712 0.1198512 0.01039954 0.007954042 0.9838618 0.11624639 0.011950187
0.294 0.005593217 0.9789136 0.119564 0.009793661 0.007241674 0.98365474 0.11601214 0.011326104
0.2945 0.004957927 0.9786579 0.1192796 0.009198855 0.006538242 0.9834517 0.115780145 0.010714367
0.295 0.004331191 0.9784043 0.1189979 0.008614862 0.005843688 0.98325276 0.11555043 0.010114729
0.2955 0.003712922 0.9781528 0.1187191 0.008041436 0.005157847 0.9830576 0.11532287 0.009526916
0.296 0.003103036 0.9779032 0.1184429 0.007478336 0.004480634 0.98286617 0.11509752 0.008950643
0.2965 0.002501445 0.9776557 0.1181696 0.006925329 0.003811866 0.98267853 0.1148743 0.008385688
0.297 0.001908061 0.9774102 0.1178989 0.006382191 0.0031514987 0.98249424 0.11465314 0.007831797
0.2975 0.001322797 0.9771667 0.117631 0.0058487 0.0024993867 0.9823134 0.11443418 0.007288739
0.298 0.0007455664 0.9769253 0.1173657 0.005324646 0.0018554218 0.9821359 0.11421724 0.006756246
0.2985 0.0001762799 0.9766858 0.1171031 0.004809822 0.0012194924 0.9819616 0.11400236 0.0062341094
0.299 -0.00038515 0.9764485 0.1168432 0.004304026 0.0005914606 0.9817904 0.113789484 0.005722113
0.2995 -0.0009388113 0.9762131 0.116586 0.003807064 -2.8774142e-05 0.98162234 0.11357862 0.0052200556
0.3 -0.001484792 0.9759798 0.1163313 0.003318747 0.0004282035 0.9629377 0.11459109 0.009429723
0.3005 -0.0008882122 0.9653927 0.116728 0.01352952 0.0010005236 0.94378793 0.11532813 0.013801128
0.301 0.001491223 0.949808 0.1175628 0.02385016 0.0016763136 0.9243772 0.11583845 0.018268667
0.3015 0.003677864 0.9321359 0.1177378 0.03139223 0.0024435967 0.9048548 0.11615822 0.022784583
0.302 0.005305634 0.9133961 0.1173666 0.03771558 0.0032909624 0.88533175 0.11631489 0.02731359
0.3025 0.006547913 0.8940809 0.1166934 0.0434849 0.004207615 0.8658911 0.11632985 0.03182912
0.303 0.007586965 0.8744625 0.1158627 0.04890874 0.0051836036 0.846596 0.1162204 0.036310837
0.3035 0.008528897 0.8547131 0.1149428 0.05404005 0.0062097833 0.8274946 0.11600047 0.040743075
0.304 0.009428935 0.8349545 0.1139665 0.05892045 0.0072780214 0.8086238 0.11568193 0.045113564
0.3045 0.01031594 0.8152787 0.1129519 0.06357612 0.008380935 0.79001164 0.11527464 0.049412675
0.305 0.01120292 0.7953657 0.1119064 0.06802181 0.009511951 0.77167964 0.114787444 0.053632863
0.3055 0.01209359 0.7734747 0.1107805 0.07226149 0.010665271 0.753644 0.11422782 0.057768136
0.306 0.01298872 0.7513578 0.1095709 0.07631278 0.011835765 0.73591685 0.1136027 0.06181377
0.3065 0.01388938 0.7299685 0.1083238 0.08018816 0.01301891 0.71850705 0.11291827 0.06576617
0.307 0.01479535 0.7096398 0.1070743 0.08389633 0.014210749 0.7014208 0.11217995 0.0696225
0.3075 0.01570582 0.6904074 0.1058408 0.08744032 0.015407871 0.68466204 0.111392915 0.07338075
0.308 0.0166197 0.6721803 0.1046297 0.09082691 0.016607236 0.6682332 0.11056183 0.077039465
0.3085 0.01753597 0.6548265 0.1034409 0.09407161 0.017806288 0.6521352 0.10969095 0.0805977
0.309 0.0184538 0.6382137 0.1022715 0.09718247 0.019002747 0.63636774 0.10878436 0.08405502
0.3095 0.01937254 0.6222264 0.1011175 0.1001659 0.020194698 0.6209296 0.107845664 0.087411344
0.31 0.02029159 0.6067707 0.09997527 0.1030281 0.021380488 0.6058189 0.10687825 0.09066692
0.3105 0.02121035 0.5917737 0.09884177 0.1057749 0.022558685 0.5910329 0.10588539 0.09382233
0.311 0.02212821 0.5771807 0.09771468 0.1084118 0.023728084 0.5765686 0.1048699 0.09687847
0.3115 0.0230446 0.5629519 0.09659239 0.1109442 0.024887618 0.56242216 0.1038346 0.099836364
0.312 0.02395899 0.5490587 0.09547386 0.1133774 0.026036445 0.54858977 0.10278185 0.10269737
0.3125 0.0248708 0.5354811 0.09435855 0.115716 0.027173791 0.53506714 0.10171412 0.10546291
0.313 0.02577946 0.5222053 0.09324626 0.1179648 0.02829903 0.5218498 0.10063341 0.10813464
0.3135 0.02668444 0.5092218 0.09213705 0.1201281 0.029411647 0.5089331 0.09954174 0.11071436
0.314 0.02758529 0.4965239 0.09103115 0.1222101 0.030511167 0.49631214 0.098440915 0.11320394
0.3145 0.02848156 0.484107 0.08992894 0.1242145 0.031597193 0.48398197 0.09733264 0.115605384
0.315 0.02937281 0.4719658 0.08883082 0.1261451 0.032669436 0.47193754 0.09621829 0.11792076
0.3155 0.03025857 0.4600951 0.08773716 0.1280053 0.033727583 0.46017373 0.09509939 0.12015222
0.316 0.03113836 0.4484918 0.08664836 0.1297982 0.034771424 0.44868553 0.09397712 0.12230198
0.3165 0.03201184 0.4371532 0.08556484 0.1315271 0.035800736 0.4374677 0.09285268 0.12437235
0.317 0.03287886 0.4260775 0.08448709 0.1331949 0.03681537 0.42651492 0.09172708 0.12636553
0.3175 0.03373931 0.4152624 0.0834156 0.1348046 0.03781518 0.4158222 0.090601265 0.12828383
0.318 0.03459303 0.4047055 0.08235083 0.1363589 0.038800042 0.40538424 0.08947614 0.13012967
0.3185 0.03543983 0.3944041 0.08129322 0.1378601 0.039769832 0.39519608 0.08835244 0.13190529
0.319 0.03627951 0.3843547 0.08024317 0.1393108 0.040724453 0.38525245 0.0872308 0.13361302
0.3195 0.03711184 0.3745537 0.07920104 0.140713 0.041663844 0.37554836 0.0861119 0.13525519
0.32 0.03793665 0.364997 0.07816713 0.142069 0.042587932 0.3660788 0.08499637 0.13683406
0.3205 0.03875373 0.3556802 0.07714174 0.143317 0.04349668 0.35683882 0.08388466 0.1383519
0.321 0.03956277 0.3465988 0.07612508 0.1444081 0.04438998 0.34782353 0.08277725 0.13981092
0.3215 0.04036351 0.3377478 0.07511736 0.1455014 0.045267824 0.33902806 0.08167449 0.14121331
0.322 0.04115592 0.3291224 0.07411878 0.1466041 0.04613016 0.3304476 0.08057681 0.14256124
0.3225 0.04193999 0.3207175 0.07312956 0.1477059 0.046976995 0.3220775 0.07948452 0.14385681
0.323 0.04271569 0.3125281 0.07214986 0.1487979 0.04780828 0.3139131 0.078397974 0.14510205
0.3235 0.04348296 0.3045491 0.07117981 0.1498741 0.04862402 0.3059498 0.07731739 0.14629905
0.324 0.04424171 0.2967754 0.07021953 0.1509301 0.049424227 0.29818314 0.07624304 0.14744961
0.3245 0.04499187 0.289202 0.0692691 0.1519633 0.050208878 0.29060864 0.075175166 0.14855576
0.325 0.04573337 0.2818239 0.06832862 0.1529718 0.050978016 0.28322196 0.074113995 0.14961925
0.3255 0.04646616 0.2746361 0.06739814 0.1539547 0.051731642 0.27601877 0.07305968 0.15064192
0.326 0.04719018 0.2676338 0.06647772 0.1549115 0.052469876 0.26899487 0.072012454 0.15162547
0.3265 0.04790538 0.2608122 0.0655674 0.1558422 0.05319267 0.26214617 0.07097241 0.15257154
0.327 0.04861174 0.2541667 0.06466722 0.1567467 0.053900097 0.25546855 0.06993981 0.1534818
0.3275 0.04930917 0.2476925 0.06377719 0.1576255 0.054592256 0.24895799 0.06891474 0.1543577
0.328 0.04999769 0.2413853 0.06289732 0.1584792 0.05526923 0.2426106 0.06789738 0.1552008
0.3285 0.05067734 0.2352407 0.06202764 0.1593085 0.055931088 0.23642251 0.06688784 0.1560125
0.329 0.05134817 0.2292542 0.06116816 0.1601142 0.05657794 0.23038995 0.06588632 0.15679419
0.3295 0.05201018 0.2234218 0.06031887 0.1608969 0.057209875 0.22450912 0.06489286 0.15754713
0.33 0.05266337 0.2177393 0.05947975 0.1616574 0.05782706 0.2187765 0.06390771 0.15827265
0.3305 0.05330776 0.2122028 0.0586508 0.1623964 0.058429588 0.21318841 0.06293091 0.15897188
0.331 0.05394335 0.2068084 0.05783199 0.1631147 0.05901761 0.20774141 0.061962605 0.159646
0.3315 0.05457016 0.2015522 0.05702327 0.1638128 0.059591312 0.202432 0.06100294 0.16029613
0.332 0.05518822 0.1964307 0.05622463 0.1644916 0.06015079 0.19725686 0.060052037 0.16092321
0.3325 0.05579757 0.1914402 0.05543602 0.1651517 0.060696285 0.19221267 0.059109986 0.16152838
0.333 0.05639824 0.1865772 0.0546574 0.1657938 0.06122796 0.18729618 0.058176935 0.16211244
0.3335 0.05699028 0.1818383 0.05388873 0.1664184 0.061745975 0.1825042 0.057252973 0.1626764
0.334 0.05757374 0.1772203 0.05312995 0.1670263 0.062250543 0.17783366 0.0563382 0.16322106
0.3345 0.05814868 0.17272 0.05238101 0.167618 0.06274192 0.1732815 0.05543276 0.16374728
0.335 0.05871516 0.1683341 0.05164186 0.168194 0.06322023 0.16884471 0.05453673 0.1642558
0.3355 0.05927323 0.1640597 0.05091244 0.1687549 0.06368579 0.16452044 0.053650267 0.16474731
0.336 0.05982297 0.1598938 0.05019268 0.1693012 0.064138755 0.16030574 0.052773386 0.16522259
0.3365 0.06036234 0.1558336 0.04948238 0.1696491 0.06457938 0.15619788 0.051906213 0.1656822
0.337 0.06088943 0.1518761 0.0487811 0.1699759 0.065007925 0.15219407 0.051048853 0.16612685
0.3375 0.06140812 0.1480187 0.04808909 0.170351 0.065424606 0.14829166 0.050201386 0.16655709
0.338 0.06192058 0.1442587 0.04740661 0.1707641 0.06582965 0.14448807 0.049363837 0.16697347
0.3385 0.06242711 0.1405936 0.04673369 0.1712016 0.06622337 0.14078069 0.048536353 0.16737653
0.339 0.06292731 0.1370208 0.0460702 0.1716533 0.066606 0.13716702 0.047718957 0.16776678
0.3395 0.06342066 0.1335381 0.04541603 0.1721115 0.066977754 0.13364466 0.0469117 0.1681447
0.34 0.0639068 0.1301429 0.04477104 0.172571 0.06733891 0.13021116 0.046114653 0.16851069
0.3405 0.06438551 0.1268331 0.04413512 0.1730279 0.06768978 0.12686422 0.045327857 0.16886525
0.341 0.06485668 0.1236063 0.04350816 0.1734797 0.068030566 0.123601556 0.044551373 0.16920874
0.3415 0.06532029 0.1204605 0.04289006 0.1739244 0.068361536 0.12042093 0.04378517 0.16954154
0.342 0.06577639 0.1173934 0.04228075 0.1743608 0.06868294 0.117320195 0.04302931 0.16986403
0.3425 0.06622505 0.1144031 0.04168012 0.1747881 0.06899507 0.11429717 0.04228384 0.17017655
0.343 0.06666635 0.1114876 0.0410881 0.1752056 0.06929819 0.111349866 0.0415487 0.1704794
0.3435 0.0671004 0.1086448 0.04050459 0.1756133 0.06959252 0.10847619 0.040823974 0.17077293
0.344 0.06752729 0.1058729 0.03992952 0.1760109 0.06987834 0.10567427 0.04010956 0.1710574
0.3445 0.06794713 0.1031701 0.0393628 0.1763985 0.07015589 0.102942064 0.039405555 0.17133312
0.345 0.06836002 0.1005346 0.03880435 0.1767762 0.070425406 0.1002778 0.03871187 0.17160033
0.3455 0.06876598 0.09796453 0.03825406 0.177144 0.070687175 0.097679555 0.03802844 0.1718593
0.346 0.06916475 0.0954583 0.03771179 0.1775019 0.0709414 0.09514567 0.03735531 0.17211027
0.3465 0.06955641 0.09301421 0.03717743 0.1778501 0.071188375 0.0926743 0.03669242 0.17235348
0.347 0.06994135 0.09063045 0.0366328 0.1781892 0.0714283 0.09026386 0.03603974 0.17258914
0.3475 0.07031983 0.08830283 0.03603792 0.17852 0.07166141 0.08791262 0.035397157 0.17281742
0.348 0.07069202 0.08602988 0.03546883 0.1788427 0.07188794 0.08561902 0.034764647 0.1730386
0.3485 0.07105813 0.08381201 0.03493903 0.1791573 0.072108075 0.08338152 0.034142137 0.17325282
0.349 0.07141831 0.0816492 0.03444002 0.1794641 0.072322115 0.08119857 0.03352958 0.17346035
0.3495 0.07177256 0.07954079 0.03396164 0.179763 0.072530255 0.07906872 0.03292688 0.17366125
0.35 0.07212088 0.0774856 0.0334966 0.1800544 0.07044242 0.07677445 0.032045364 0.16742814
0.3505 0.07131854 0.07545948 0.03220351 0.1695243 0.06877786 0.074674115 0.031007312 0.16113666
0.351 0.0687089 0.07338141 0.03009308 0.1588144 0.067392886 0.07270211 0.029908754 0.15487468
0.3515 0.06627591 0.0712695 0.02839501 0.1508633 0.06619568 0.07081361 0.02880162 0.14869845
0.352 0.06439297 0.06915788 0.02709166 0.1441172 0.065124184 0.06897724 0.027713947 0.14264533
0.3525 0.06289698 0.06706573 0.02600017 0.1379249 0.06413458 0.067170754 0.026659891 0.13674055
0.353 0.06160889 0.06500176 0.02500633 0.1320778 0.06319502 0.065378755 0.025645547 0.13100135
0.3535 0.06041899 0.06296951 0.02405569 0.1265059 0.062281895 0.06359072 0.024672002 0.12543902
0.354 0.05927052 0.06097026 0.0231248 0.1211794 0.06137753 0.061800078 0.023737386 0.12006055
0.3545 0.05813623 0.05900428 0.02220414 0.1160805 0.06046864 0.060003005 0.02283819 0.11486958
0.355 0.05700369 0.05707142 0.02129004 0.111195 0.059545275 0.05819796 0.021970049 0.109867275
0.3555 0.05586754 0.05517134 0.02038116 0.1065108 0.05860017 0.056384996 0.021128297 0.10505271
0.356 0.05472573 0.05330362 0.01947711 0.1020165 0.0576281 0.054565385 0.020308316 0.100423396
0.3565 0.05357779 0.05146779 0.01857789 0.09770191 0.05662555 0.052741267 0.019505724 0.09597567
0.357 0.05242397 0.04966334 0.0176836 0.09355719 0.05559041 0.050915346 0.018716566 0.09170477
0.3575 0.05126486 0.04788976 0.01679439 0.08957327 0.054521654 0.049090654 0.017937317 0.08760536
0.358 0.05010118 0.04614654 0.01591043 0.08574164 0.0534192 0.04727049 0.017164916 0.08367136
0.3585 0.04893371 0.04443314 0.01503186 0.08205431 0.05228367 0.04545811 0.016396865 0.079896465
0.359 0.04776326 0.04274903 0.01415884 0.07850378 0.05111632 0.04365676 0.01563105 0.07627404
0.3595 0.04659058 0.04109369 0.0132915 0.07508302 0.049918856 0.041869536 0.014865831 0.07279728
0.36 0.04541645 0.03946659 0.01242996 0.07178544 0.048693303 0.040099338 0.014099956 0.06945938
0.3605 0.04424159 0.03786721 0.01157432 0.06860483 0.04744203 0.038348883 0.013332456 0.06625348
0.361 0.04306667 0.03629504 0.01072469 0.06553536 0.046167564 0.036620572 0.0125627965 0.06317292
0.3615 0.04189237 0.03474957 0.00988117 0.06257158 0.04487255 0.034916542 0.011790559 0.060211092
0.362 0.0407193 0.03323029 0.009043835 0.05970832 0.04355969 0.033238657 0.011015639 0.057361633
0.3625 0.03954806 0.03173671 0.008212766 0.05694076 0.042231787 0.031588547 0.010238111 0.054618374
0.363 0.03837921 0.03026834 0.007388036 0.05426435 0.040891517 0.029967539 0.009458132 0.051975325
0.3635 0.03721328 0.02882471 0.006569707 0.0516748 0.039541584 0.028376706 0.008676045 0.049426876
0.364 0.03605078 0.02740534 0.00575784 0.04916807 0.038184617 0.026816875 0.007892258 0.046967596
0.3645 0.03489217 0.02600978 0.004952487 0.04674038 0.036823068 0.025288656 0.007107213 0.044592343
0.365 0.03373791 0.02463757 0.004153696 0.04438814 0.035459388 0.023792513 0.006321475 0.042296268
0.3655 0.03258843 0.02328826 0.003361511 0.04210798 0.034095805 0.022328623 0.005535528 0.040074818
0.366 0.03144412 0.02196143 0.00257597 0.03989671 0.03273442 0.02089703 0.004749961 0.03792365
0.3665 0.03030535 0.02065664 0.001797105 0.03775132 0.03137729 0.019497648 0.003965318 0.035838805
0.367 0.02917248 0.01937349 0.001024947 0.03566899 0.030026224 0.018130228 0.0031821877 0.03381648
0.3675 0.02804585 0.01811155 0.0002595197 0.03364702 0.028682899 0.016794428 0.0024010614 0.031853147
0.368 0.02692577 0.01687044 -0.0004991545 0.03168289 0.027348917 0.015489802 0.0016224757 0.029945575
0.3685 0.02581252 0.01564975 -0.001251059 0.0297742 0.026025642 0.014215782 0.00084691495 0.0280907
0.369 0.02470639 0.01444911 -0.001996179 0.02791868 0.024714362 0.012971796 7.483363e-05 0.026285708
0.3695 0.02360763 0.01326813 -0.002734506 0.02611418 0.023416232 0.011757143 -0.00069335103 0.024527982
0.37 0.02251648 0.01210646 -0.003466031 0.02435868 0.022132259 0.0105711 -0.0014572442 0.022815108
0.3705 0.02143316 0.01096373 -0.004190751 0.02265025 0.020863306 0.009412907 -0.0022164807 0.021144874
0.371 0.02035787 0.009839589 -0.004908665 0.02098706 0.019610163 0.008281782 -0.002970755 0.019515172
0.3715 0.01929081 0.008733694 -0.005619776 0.01936737 0.018373493 0.007176921 -0.003719762 0.01792416
0.372 0.01823216 0.007645708 -0.006324088 0.01778955 0.017153848 0.0060974956 -0.0044632256 0.01637002
0.3725 0.01718208 0.0065753 -0.007021608 0.01625203 0.015951682 0.005042702 -0.0052009523 0.014851198
0.373 0.01614072 0.005522148 -0.007712346 0.01475333 0.014767405 0.004011683 -0.005932696 0.013366155
0.3735 0.01510821 0.004485935 -0.008396315 0.01329203 0.0136012845 0.0030036569 -0.0066583157 0.011913538
0.374 0.01408469 0.003466352 -0.009073529 0.0118668 0.01245356 0.002017796 -0.0073776394 0.010492086
0.3745 0.01307026 0.002463096 -0.009744006 0.01047635 0.01132435 0.0010533035 -0.008090567 0.009100646
0.375 0.01206503 0.001475871 -0.01040776 0.009119469 0.010213766 0.000109389424 -0.008796971 0.0077381283
0.3755 0.0110691 0.0005043865 -0.01106482 0.007795001 0.009121846 -0.00081468 -0.0094967745 0.006403558
0.376 0.01008253 -0.0004516418 -0.0117152 0.006501839 0.008048542 -0.0017196313 -0.010189895 0.0050959587
0.3765 0.009105416 -0.001392492 -0.01235894 0.00523893 0.006993819 -0.002606202 -0.010876313 0.0038145706
0.377 0.00813781 -0.002318436 -0.01299604 0.004005267 0.0059575476 -0.0034750812 -0.011555955 0.0025585517
0.3775 0.007179769 -0.003229741 -0.01362655 0.002799891 0.0049395896 -0.00432691 -0.012228835 0.0013271794
0.378 0.006231339 -0.004126668 -0.0142505 0.001621885 0.003939774 -0.0051623434 -0.012894921 0.000119782984
0.3785 0.005292561 -0.005009472 -0.0148679 0.0004703721 0.0029578805 -0.0059819706 -0.013554215 -0.0010642782
0.379 0.004363464 -0.005878404 -0.0154788 -0.0006554854 0.0019937083 -0.0067864098 -0.014206722 -0.0022255853
0.3795 0.003444073 -0.00673371 -0.01608323 -0.001756489 0.0010469891 -0.007576186 -0.014852464 -0.0033646822
0.38 0.002534406 -0.007575629 -0.01668122 -0.002833407 0.00011745095 -0.0083518475 -0.015491482 -0.0044821277
0.3805 0.001634473 -0.008404397 -0.01727281 -0.003886973 -0.0007951632 -0.009113897 -0.016123772 -0.0055783764
0.381 0.0007442784 -0.009220244 -0.01785804 -0.004917893 -0.0016911812 -0.009862833 -0.016749397 -0.0066539124
0.3815 -0.000136178 -0.0100234 -0.01843693 -0.00592684 -0.0025708862 -0.010599088 -0.01736838 -0.007709142
0.382 -0.001006903 -0.01081408 -0.01900955 -0.006914462 -0.0034345873 -0.011323106 -0.017980784 -0.008744523
0.3825 -0.001867909 -0.0115925 -0.01957591 -0.00788138 -0.0042826124 -0.012035307 -0.018586632 -0.00976041
0.383 -0.002719212 -0.01235888 -0.02013607 -0.008828191 -0.005115282 -0.012736067 -0.019185975 -0.010757223
0.3835 -0.003560835 -0.01311342 -0.02069006 -0.009755467 -0.005932916 -0.013425775 -0.0197789 -0.01173529
0.384 -0.004392802 -0.01385633 -0.02123792 -0.01066376 -0.006735854 -0.014104761 -0.020365436 -0.012695003
0.3845 -0.005215144 -0.01458781 -0.02177971 -0.01155359 -0.007524401 -0.014773343 -0.020945624 -0.013636675
0.385 -0.006027896 -0.01530805 -0.02231546 -0.01242548 -0.008298896 -0.0154318735 -0.021519527 -0.01456061
0.3855 -0.006831094 -0.01601725 -0.02284521 -0.01327991 -0.009059653 -0.016080603 -0.022087209 -0.015467167
0.386 -0.007624782 -0.01671559 -0.02336902 -0.01411735 -0.009807002 -0.016719826 -0.022648714 -0.01635664
0.3865 -0.008409002 -0.01740326 -0.02388692 -0.01493826 -0.010541234 -0.01734982 -0.02320411 -0.017229315
0.387 -0.009183804 -0.01808045 -0.02439896 -0.01574307 -0.011262689 -0.017970812 -0.023753453 -0.018085502
0.3875 -0.009949238 -0.01874732 -0.0249052 -0.01653221 -0.011971656 -0.018583044 -0.024296798 -0.018925473
0.388 -0.01070536 -0.01940405 -0.02540566 -0.01730608 -0.012668453 -0.019186743 -0.0248342 -0.019749515
0.3885 -0.01145222 -0.02005082 -0.02590041 -0.01806507 -0.013353355 -0.019782107 -0.025365718 -0.02055791
0.389 -0.01218988 -0.02068778 -0.02638949 -0.01880956 -0.014026664 -0.020369332 -0.025891382 -0.021350913
0.3895 -0.0129184 -0.02131511 -0.02687294 -0.01953991 -0.014688641 -0.020948619 -0.026411287 -0.022128798
0.39 -0.01363785 -0.02193296 -0.02735081 -0.02025648 -0.015339587 -0.02152013 -0.026925445 -0.022891827
0.3905 -0.01434828 -0.0225415 -0.02782316 -0.02095961 -0.015979756 -0.022084054 -0.027433932 -0.02364026
0.391 -0.01504977 -0.02314088 -0.02829002 -0.02164962 -0.016609423 -0.022640526 -0.027936794 -0.024374332
0.3915 -0.01574239 -0.02373124 -0.02875145 -0.02232684 -0.017228823 -0.023189694 -0.028434087 -0.025094308
0.392 -0.0164262 -0.02431275 -0.0292075 -0.02299157 -0.017838228 -0.02373172 -0.028925847 -0.025800444
0.3925 -0.01710127 -0.02488554 -0.02965821 -0.0236441 -0.018437855 -0.024266724 -0.029412135 -0.026492964
0.393 -0.01776768 -0.02544976 -0.03010363 -0.02428473 -0.019027956 -0.024794836 -0.029892996 -0.027172122
0.3935 -0.01842551 -0.02600555 -0.03054381 -0.02491374 -0.019608758 -0.025316186 -0.030368477 -0.027838148
0.394 -0.01907482 -0.02655304 -0.03097881 -0.02553139 -0.020180471 -0.025830895 -0.030838624 -0.028491277
0.3945 -0.01971569 -0.02709238 -0.03140866 -0.02613795 -0.02074333 -0.02633905 -0.03130349 -0.029131748
0.395 -0.02034821 -0.0276237 -0.03183341 -0.02673366 -0.021297514 -0.026840787 -0.03176311 -0.029759787
0.3955 -0.02097244 -0.02814713 -0.03225312 -0.02731878 -0.021843247 -0.027336191 -0.032217536 -0.030375618
0.396 -0.02158847 -0.02866279 -0.03266784 -0.02789355 -0.022380717 -0.027825363 -0.032666802 -0.03097947
0.3965 -0.02219638 -0.02917081 -0.03307761 -0.02845818 -0.022910113 -0.028308395 -0.03311096 -0.03157156
0.397 -0.02279624 -0.02967132 -0.03348248 -0.02901292 -0.023431636 -0.028785393 -0.033550058 -0.0321521
0.3975 -0.02338813 -0.03016443 -0.03388249 -0.02955796 -0.023945432 -0.029256426 -0.033984117 -0.032721322
0.398 -0.02397214 -0.03065027 -0.03427771 -0.03009354 -0.024451694 -0.02972158 -0.034413204 -0.033279434
0.3985 -0.02454835 -0.03112895 -0.03466817 -0.03061984 -0.024950583 -0.030180939 -0.034837354 -0.03382664
0.399 -0.02511684 -0.03160059 -0.03505392 -0.03113708 -0.02544225 -0.030634578 -0.035256587 -0.03436315
0.3995 -0.02567769 -0.0320653 -0.03543501 -0.03164543 -0.025926866 -0.031082578 -0.035670966 -0.03488916
0.4 -0.02623097 -0.03252319 -0.03581149 -0.0321451 -0.02640458 -0.031525012 -0.036080524 -0.0354049
0.4005 -0.02677679 -0.03297437 -0.03618341 -0.03263627 -0.026875526 -0.03196194 -0.036485292 -0.035910547
0.401 -0.0273152 -0.03341895 -0.03655081 -0.0331191 -0.027339863 -0.032393448 -0.03688532 -0.0364063
0.4015 -0.02784631 -0.03385702 -0.03691373 -0.03359378 -0.027797718 -0.03281959 -0.03728064 -0.036892347
0.402 -0.02837018 -0.0342887 -0.03727224 -0.03406047 -0.028249223 -0.03324043 -0.0376713 -0.037368894
0.4025 -0.0288869 -0.03471409 -0.03762637 -0.03451934 -0.02869451 -0.033656057 -0.03805732 -0.037836112
0.403 -0.02939656 -0.03513328 -0.03797616 -0.03497054 -0.029133685 -0.034066513 -0.03843876 -0.038294207
0.4035 -0.02989922 -0.03554637 -0.03832168 -0.03541424 -0.029566899 -0.03447186 -0.038815647 -0.03874335
0.404 -0.03039498 -0.03595346 -0.03866295 -0.03585057 -0.02999425 -0.034872163 -0.039188012 -0.039183725
0.4045 -0.03088392 -0.03635464 -0.03900003 -0.0362797 -0.030415844 -0.03526747 -0.039555892 -0.039615497
0.405 -0.03136611 -0.03675 -0.03933296 -0.03670175 -0.030831806 -0.035657853 -0.039919335 -0.040038854
0.4055 -0.03184164 -0.03713964 -0.03966179 -0.03711688 -0.031242229 -0.03604336 -0.040278368 -0.040453956
0.406 -0.03231059 -0.03752365 -0.03998656 -0.03752522 -0.031647228 -0.036424063 -0.040633038 -0.040860977
0.4065 -0.03277303 -0.03790211 -0.04030732 -0.03792689 -0.032046884 -0.03679999 -0.040983364 -0.041260082
0.407 -0.03322905 -0.0382751 -0.04062411 -0.03832203 -0.032441318 -0.03717121 -0.041329414 -0.04165144
0.4075 -0.03367871 -0.03864272 -0.04093697 -0.03871078 -0.03283061 -0.0375378 -0.041671194 -0.042035196
0.408 -0.03412211 -0.03900505 -0.04124595 -0.03909323 -0.033214845 -0.037899766 -0.04200875 -0.042411536
0.4085 -0.03455932 -0.03936216 -0.04155109 -0.03946953 -0.033594117 -0.038257197 -0.04234212 -0.042780574
0.409 -0.03499042 -0.03971415 -0.04185244 -0.03983978 -0.033968523 -0.03861013 -0.042671338 -0.04314249
0.4095 -0.03541548 -0.04006108 -0.04215003 -0.04020411 -0.03433812 -0.038958613 -0.04299644 -0.04349742
0.41 -0.03583458 -0.04040304 -0.04244391 -0.04056261 -0.034703016 -0.03930269 -0.043317452 -0.04384552
0.4105 -0.0362478 -0.0407401 -0.04273412 -0.04091541 -0.035063267 -0.03964244 -0.043634437 -0.044186927
0.411 -0.03665521 -0.04107234 -0.0430207 -0.0412626 -0.035418965 -0.03997788 -0.043947406 -0.044521775
0.4115 -0.03705688 -0.04139983 -0.0433037 -0.04160429 -0.03577017 -0.04030908 -0.044256404 -0.044850223
0.412 -0.03745289 -0.04172264 -0.04358315 -0.04194059 -0.036116973 -0.040636074 -0.044561468 -0.045172382
0.4125 -0.03784331 -0.04204085 -0.0438591 -0.04227159 -0.036459424 -0.040958915 -0.044862624 -0.04548839
0.413 -0.03822822 -0.04235452 -0.04413158 -0.04259738 -0.036797605 -0.041277647 -0.04515993 -0.04579839
0.4135 -0.03860769 -0.04266373 -0.04440064 -0.04291807 -0.037131578 -0.04159232 -0.045453385 -0.0461025
0.414 -0.03898178 -0.04296854 -0.04466632 -0.04323374 -0.037461404 -0.041902978 -0.045743056 -0.046400845
0.4145 -0.03935058 -0.04326902 -0.04492865 -0.0435445 -0.037787158 -0.042209677 -0.046028975 -0.04669355
0.415 -0.03971414 -0.04356523 -0.04518767 -0.04385041 -0.038108893 -0.042512454 -0.04631116 -0.046980727
0.4155 -0.04007255 -0.04385724 -0.04544343 -0.04415158 -0.03842666 -0.04281134 -0.046589658 -0.0472625
0.416 -0.04042586 -0.04414511 -0.04569595 -0.04444808 -0.038740534 -0.043106392 -0.046864506 -0.04753898
0.4165 -0.04077415 -0.04442891 -0.04594528 -0.04474 -0.039050564 -0.043397658 -0.04713574 -0.04781029
0.417 -0.04111748 -0.0447087 -0.04619146 -0.04502742 -0.0393568 -0.043685175 -0.04740338 -0.048076533
0.4175 -0.04145592 -0.04498453 -0.04643453 -0.04531042 -0.03965932 -0.04396899 -0.047667485 -0.04833781
0.418 -0.04178954 -0.04525646 -0.04667451 -0.04558908 -0.03995815 -0.04424915 -0.047928073 -0.048594236
0.4185 -0.04211841 -0.04552456 -0.04691145 -0.04586346 -0.040253364 -0.04452569 -0.048185185 -0.04884591
0.419 -0.04244258 -0.04578888 -0.04714538 -0.04613366 -0.040544994 -0.044798654 -0.048438855 -0.04909294
0.4195 -0.04276212 -0.04604948 -0.04737634 -0.04639973 -0.0408331 -0.045068085 -0.048689112 -0.04933542
0.42 -0.04307709 -0.04630641 -0.04760437 -0.04666176 -0.041117735 -0.04533402 -0.04893601 -0.049573444
0.4205 -0.04338756 -0.04655973 -0.04782949 -0.0469198 -0.04139893 -0.04559651 -0.049179558 -0.0498071
0.421 -0.04369359 -0.04680948 -0.04805175 -0.04717394 -0.041676752 -0.045855585 -0.049419805 -0.050036505
0.4215 -0.04399524 -0.04705574 -0.04827118 -0.04742422 -0.04195123 -0.046111286 -0.049656786 -0.05026173
0.422 -0.04429257 -0.04729854 -0.04848781 -0.04767073 -0.042222433 -0.046363655 -0.049890533 -0.050482854
0.4225 -0.04458564 -0.04753794 -0.04870167 -0.04791353 -0.04249037 -0.046612747 -0.050121076 -0.05069999
0.423 -0.04487451 -0.04777398 -0.04891281 -0.04815267 -0.042755116 -0.04685858 -0.05034846 -0.050913207
0.4235 -0.04515924 -0.04800673 -0.04912125 -0.04838822 -0.04301669 -0.0471012 -0.05057271 -0.05112259
0.424 -0.04543989 -0.04823622 -0.04932702 -0.04862024 -0.04327515 -0.047340643 -0.05079385 -0.05132823
0.4245 -0.0457165 -0.0484625 -0.04953016 -0.04884879 -0.04353053 -0.047576953 -0.05101194 -0.051530182
0.425 -0.04598915 -0.04868563 -0.04973071 -0.04907393 -0.043782875 -0.047810167 -0.051226996 -0.05172855
0.4255 -0.04625788 -0.04890564 -0.04992868 -0.04929571 -0.044032216 -0.048040316 -0.051439054 -0.051923394
0.426 -0.04652276 -0.04912258 -0.05012412 -0.04951419 -0.044278596 -0.04826744 -0.051648147 -0.052114792
0.4265 -0.04678383 -0.04933651 -0.05031705 -0.04972943 -0.04452205 -0.048491575 -0.051854316 -0.052302822
0.427 -0.04704114 -0.04954746 -0.05050751 -0.04994147 -0.04476262 -0.048712753 -0.052057587 -0.05248754
0.4275 -0.04729476 -0.04975547 -0.05069552 -0.05015038 -0.04500034 -0.048931032 -0.052257992 -0.052669033
0.428 -0.04754473 -0.04996059 -0.05088111 -0.05035619 -0.04523525 -0.049146425 -0.05245556 -0.052847356
0.4285 -0.04779111 -0.05016287 -0.05106433 -0.05055897 -0.04546738 -0.049358968 -0.052650336 -0.053022575
0.429 -0.04803394 -0.05036234 -0.05124519 -0.05075876 -0.045696758 -0.049568705 -0.05284235 -0.053194765
0.4295 -0.04827328 -0.05055904 -0.05142372 -0.05095561 -0.045923438 -0.04977566 -0.053031623 -0.05336398
0.43 -0.04850918 -0.05075301 -0.05159995 -0.05114957 -0.046147436 -0.049979888 -0.05321819 -0.05353028
0.4305 -0.04874168 -0.0509443 -0.05177392 -0.05134068 -0.046368793 -0.050181407 -0.05340209 -0.05369373
0.431 -0.04897084 -0.05113294 -0.05194564 -0.051529 -0.04658754 -0.050380237 -0.053583357 -0.053854384
0.4315 -0.0491967 -0.05131897 -0.05211515 -0.05171456 -0.046803713 -0.05057644 -0.05376201 -0.054012306
0.432 -0.04941931 -0.05150244 -0.05228248 -0.05189741 -0.04701734 -0.050770044 -0.05393809 -0.054167554
0.4325 -0.04963872 -0.05168336 -0.05244765 -0.0520776 -0.047228448 -0.050961055 -0.054111626 -0.05432017
0.433 -0.04985496 -0.05186179 -0.05261069 -0.05225516 -0.04743707 -0.05114954 -0.05428265 -0.05447021
0.4335 -0.0500681 -0.05203776 -0.05277162 -0.05243014 -0.047643248 -0.051335502 -0.054451194 -0.05461774
0.434 -0.05027817 -0.0522113 -0.05293048 -0.05260258 -0.047846988 -0.05151899 -0.054617286 -0.054762807
0.4345 -0.05048521 -0.05238246 -0.05308728 -0.05277252 -0.048048344 -0.05170003 -0.054780938 -0.05490545
0.435 -0.05068927 -0.05255125 -0.05324206 -0.05294 -0.04824733 -0.05187866 -0.05494222 -0.055045724
0.4355 -0.0508904 -0.05271772 -0.05339483 -0.05310506 -0.04844398 -0.05205489 -0.05510113 -0.05518368
0.436 -0.05108863 -0.05288191 -0.05354563 -0.05326773 -0.04863832 -0.05222877 -0.055257708 -0.055319354
0.4365 -0.05128401 -0.05304384 -0.05369448 -0.05342806 -0.04883038 -0.052400324 -0.055411972 -0.05545281
0.437 -0.05147658 -0.05320354 -0.05384141 -0.05358608 -0.049020186 -0.05256959 -0.05556398 -0.055584066
0.4375 -0.05166638 -0.05336105 -0.05398643 -0.05374182 -0.04920777 -0.05273658 -0.05571374 -0.05571319
0.438 -0.05185344 -0.0535164 -0.05412957 -0.05389533 -0.049393147 -0.052901324 -0.05586128 -0.055840224
0.4385 -0.05203782 -0.05366962 -0.05427086 -0.05404664 -0.049576357 -0.053063866 -0.056006625 -0.055965185
0.439 -0.05221954 -0.05382074 -0.05441032 -0.05419577 -0.049757414 -0.05322421 -0.056149814 -0.056088142
0.4395 -0.05239865 -0.05396979 -0.05454797 -0.05434277 -0.049936347 -0.053382415 -0.056290872 -0.056209113
0.44 -0.05257518 -0.0541168 -0.05468384 -0.05448767 -0.050113183 -0.053538498 -0.05642982 -0.056328144
0.4405 -0.05274918 -0.05426181 -0.05481794 -0.0546305 -0.05028795 -0.05369247 -0.0565667 -0.05644528
0.441 -0.05292067 -0.05440482 -0.05495031 -0.0547713 -0.050460666 -0.053844374 -0.056701526 -0.056560546
0.4415 -0.0530897 -0.05454589 -0.05508096 -0.05491008 -0.050631363 -0.05399424 -0.056834333 -0.05667399
0.442 -0.0532563 -0.05468502 -0.05520991 -0.05504689 -0.050800055 -0.054142084 -0.056965142 -0.05678564
0.4425 -0.05342051 -0.05482226 -0.05533719 -0.05518176 -0.050966777 -0.05428794 -0.057093985 -0.056895524
0.443 -0.05358235 -0.05495763 -0.05546281 -0.05531471 -0.05113154 -0.05443182 -0.057220884 -0.057003696
0.4435 -0.05374188 -0.05509115 -0.0555868 -0.05544578 -0.05129437 -0.054573752 -0.057345863 -0.057110168
0.444 -0.05389911 -0.05522285 -0.05570919 -0.05557499 -0.051455304 -0.054713774 -0.05746896 -0.057214987
0.4445 -0.05405408 -0.05535276 -0.05582998 -0.05570237 -0.05161435 -0.054851905 -0.05759017 -0.057318166
0.445 -0.05420684 -0.05548089 -0.0559492 -0.05582795 -0.051771533 -0.054988172 -0.057709552 -0.057419755
0.4455 -0.05435739 -0.05560729 -0.05606687 -0.05595175 -0.051926874 -0.055122595 -0.05782712 -0.05751978
0.446 -0.05450579 -0.05573196 -0.05618301 -0.05607381 -0.052080397 -0.0552552 -0.0579429 -0.057618264
0.4465 -0.05465207 -0.05585495 -0.05629765 -0.05619415 -0.052232124 -0.055386007 -0.05805691 -0.05771524
0.447 -0.05479624 -0.05597626 -0.05641079 -0.05631279 -0.05238207 -0.05551504 -0.05816918 -0.057810735
0.4475 -0.05493835 -0.05609592 -0.05652246 -0.05642977 -0.052530266 -0.055642318 -0.058279723 -0.057904772
0.448 -0.05507842 -0.05621396 -0.05663267 -0.0565451 -0.052676726 -0.055767886 -0.05838858 -0.057997383
0.4485 -0.05521648 -0.0563304 -0.05674145 -0.05665881 -0.052821472 -0.055891752 -0.058495767 -0.058088597
0.449 -0.05535257 -0.05644525 -0.05684882 -0.05677093 -0.052964523 -0.056013927 -0.058601297 -0.05817844
0.4495 -0.05548671 -0.05655856 -0.05695478 -0.05688147 -0.053105902 -0.05613445 -0.058705218 -0.05826693
0.45 -0.05561893 -0.05667032 -0.05705937 -0.05699047 -0.053245623 -0.056253333 -0.05880753 -0.058354087
0.4505 -0.05574926 -0.05678058 -0.0571626 -0.05709795 -0.053383708 -0.056370597 -0.058908254 -0.058439948
0.451 -0.05587772 -0.05688934 -0.05726448 -0.05720392 -0.05352018 -0.056486275 -0.059007432 -0.058524534
0.4515 -0.05600434 -0.05699663 -0.05736503 -0.05730841 -0.05365505 -0.05660038 -0.05910507 -0.05860786
0.452 -0.05612916 -0.05710247 -0.05746427 -0.05741145 -0.05378834 -0.056712925 -0.059201192 -0.05868996
0.4525 -0.05625219 -0.05720688 -0.05756222 -0.05751305 -0.05392008 -0.05682394 -0.059295826 -0.05877085
0.453 -0.05637347 -0.05730988 -0.0576589 -0.05761323 -0.05405027 -0.056933448 -0.059388988 -0.05885054
0.4535 -0.05649301 -0.05741148 -0.05775431 -0.05771203 -0.054178935 -0.05704147 -0.059480693 -0.05892907
0.454 -0.05661085 -0.05751172 -0.05784848 -0.05780945 -0.054306094 -0.057148017 -0.059570976 -0.05900646
0.4545 -0.05672701 -0.0576106 -0.05794142 -0.05790551 -0.054431766 -0.057253107 -0.059659846 -0.059082713
0.455 -0.05684151 -0.05770815 -0.05803315 -0.05800025 -0.054555967 -0.057356764 -0.05974733 -0.059157863
0.4555 -0.05695437 -0.05780439 -0.05812369 -0.05809367 -0.05467871 -0.05745901 -0.059833452 -0.059231922
0.456 -0.05706563 -0.05789933 -0.05821304 -0.0581858 -0.05480002 -0.057559855 -0.059918217 -0.05930491
0.4565 -0.05717531 -0.05799299 -0.05830123 -0.05827665 -0.054919906 -0.057659335 -0.060001656 -0.05937685
0.457 -0.05728342 -0.05808538 -0.05838827 -0.05836624 -0.055038393 -0.05775745 -0.06008379 -0.059447758
0.4575 -0.05738999 -0.05817654 -0.05847417 -0.0584546 -0.055155486 -0.057854235 -0.060164623 -0.059517656
0.458 -0.05749504 -0.05826647 -0.05855895 -0.05854174 -0.05527121 -0.05794969 -0.06024419 -0.05958655
0.4585 -0.0575986 -0.05835519 -0.05864263 -0.05862768 -0.05538558 -0.058043838 -0.0603225 -0.059654467
0.459 -0.05770069 -0.05844271 -0.05872521 -0.05871243 -0.055498607 -0.058136698 -0.060399584 -0.059721418
0.4595 -0.05780133 -0.05852907 -0.05880672 -0.05879601 -0.055610314 -0.05822829 -0.060475446 -0.059787422
0.46 -0.05790054 -0.05861426 -0.05888716 -0.05887845 -0.055720717 -0.058318626 -0.06055011 -0.059852496
0.4605 -0.05799834 -0.0586983 -0.05896656 -0.05895975 -0.055829816 -0.05840773 -0.060623586 -0.05991665
0.461 -0.05809475 -0.05878122 -0.05904492 -0.05903993 -0.055937648 -0.05849562 -0.06069591 -0.059979904
0.4615 -0.05818979 -0.05886303 -0.05912225 -0.05911901 -0.056044206 -0.0585823 -0.060767084 -0.060042273
0.462 -0.05828348 -0.05894374 -0.05919858 -0.05919701 -0.05614952 -0.058667786 -0.060837135 -0.060103774
0.4625 -0.05837585 -0.05902337 -0.05927391 -0.05927394 -0.056253605 -0.058752116 -0.06090606 -0.060164414
0.463 -0.0584669 -0.05910193 -0.05934825 -0.05934981 -0.056356467 -0.05883529 -0.06097389 -0.06022421
0.4635 -0.05855667 -0.05917944 -0.05942163 -0.05942465 -0.056458123 -0.058917314 -0.061040655 -0.06028318
0.464 -0.05864516 -0.05925591 -0.05949405 -0.05949846 -0.056558583 -0.05899821 -0.061106343 -0.060341336
0.4645 -0.05873241 -0.05933136 -0.05956552 -0.05957126 -0.056657873 -0.059078008 -0.061170988 -0.060398683
0.465 -0.05881841 -0.0594058 -0.05963606 -0.05964307 -0.056755997 -0.059156705 -0.0612346 -0.060455248
0.4655 -0.05890321 -0.05947924 -0.05970568 -0.0597139 -0.056852974 -0.059234325 -0.061297197 -0.060511034
0.466 -0.0589868 -0.0595517 -0.05977439 -0.05978376 -0.056948815 -0.059310872 -0.06135879 -0.06056606
0.4665 -0.05906921 -0.05962319 -0.0598422 -0.05985267 -0.057043534 -0.05938638 -0.061419405 -0.060620327
0.467 -0.05915046 -0.05969373 -0.05990913 -0.05992064 -0.05713714 -0.05946085 -0.061479043 -0.060673855
0.4675 -0.05923056 -0.05976332 -0.05997518 -0.05998768 -0.05722964 -0.059534285 -0.061537724 -0.060726665
0.468 -0.05930953 -0.05983199 -0.06004037 -0.06005381 -0.057321068 -0.059606727 -0.061595462 -0.060778752
0.4685 -0.05938739 -0.05989974 -0.06010471 -0.06011905 -0.057411414 -0.059678163 -0.061652273 -0.060830135
0.469 -0.05946415 -0.05996658 -0.06016821 -0.06018339 -0.057500713 -0.05974862 -0.06170817 -0.060880825
0.4695 -0.05953982 -0.06003253 -0.06023088 -0.06024686 -0.057588957 -0.0598181 -0.061763175 -0.060930826
0.47 -0.05961443 -0.06009761 -0.06029274 -0.06030948 -0.057676174 -0.059886634 -0.061817296 -0.060980152
0.4705 -0.05968799 -0.06016181 -0.06035378 -0.06037124 -0.05776236 -0.05995423 -0.06187054 -0.061028823
0.471 -0.05976052 -0.06022517 -0.06041403 -0.06043216 -0.057847537 -0.060020883 -0.06192293 -0.06107684
0.4715 -0.05983203 -0.06028767 -0.06047349 -0.06049226 -0.057931717 -0.060086634 -0.06197447 -0.061124217
0.472 -0.05990253 -0.06034935 -0.06053218 -0.06055155 -0.058014914 -0.060151473 -0.062025174 -0.061170965
0.4725 -0.05997204 -0.0604102 -0.0605901 -0.06061003 -0.05809713 -0.060215417 -0.062075064 -0.061217085
0.473 -0.06004057 -0.06047025 -0.06064726 -0.06066772 -0.05817838 -0.06027848 -0.06212415 -0.061262593
0.4735 -0.06010814 -0.06052949 -0.06070368 -0.06072464 -0.058258682 -0.060340684 -0.062172443 -0.061307494
0.474 -0.06017476 -0.06058795 -0.06075936 -0.06078078 -0.058338046 -0.060402025 -0.062219948 -0.061351806
0.4745 -0.06024045 -0.06064563 -0.06081432 -0.06083617 -0.05841647 -0.06046252 -0.062266678 -0.061395533
0.475 -0.06030522 -0.06070254 -0.06086855 -0.06089081 -0.05849398 -0.060522184 -0.062312663 -0.061438683
0.4755 -0.06036907 -0.0607587 -0.06092208 -0.06094471 -0.058570575 -0.060581017 -0.062357888 -0.06148126
0.476 -0.06043204 -0.06081411 -0.06097491 -0.06099789 -0.05864628 -0.06063905 -0.06240239 -0.06152328
0.4765 -0.06049412 -0.06086879 -0.06102705 -0.06105035 -0.058721095 -0.060696285 -0.062446162 -0.06156476
0.477 -0.06055534 -0.06092274 -0.06107851 -0.0611021 -0.058795027 -0.060752723 -0.062489223 -0.06160569
0.4775 -0.06061569 -0.06097597 -0.0611293 -0.06115316 -0.058868095 -0.060808375 -0.06253158 -0.06164608
0.478 -0.06067521 -0.0610285 -0.06117943 -0.06120353 -0.05894031 -0.060863275 -0.06257326 -0.061685942
0.4785 -0.06073389 -0.06108033 -0.0612289 -0.06125323 -0.059011675 -0.06091741 -0.062614255 -0.061725296
0.479 -0.06079175 -0.06113148 -0.06127772 -0.06130226 -0.0590822 -0.060970806 -0.062654585 -0.06176413
0.4795 -0.06084881 -0.06118194 -0.06132591 -0.06135062 -0.0591519 -0.061023455 -0.06269425 -0.06180246
0.48 -0.06090506 -0.06123174 -0.06137347 -0.06139835 -0.059220783 -0.061075393 -0.06273328 -0.061840296
0.4805 -0.06096054 -0.06128088 -0.06142041 -0.06144543 -0.05928886 -0.0611266 -0.06277165 -0.061877646
0.481 -0.06101524 -0.06132937 -0.06146674 -0.06149188 -0.059356134 -0.061177097 -0.06280941 -0.061914504
0.4815 -0.06106918 -0.06137721 -0.06151246 -0.0615377 -0.05942262 -0.061226904 -0.06284655 -0.0619509
0.482 -0.06112236 -0.06142443 -0.06155759 -0.06158292 -0.059488326 -0.061276026 -0.06288308 -0.06198682
0.4825 -0.06117481 -0.06147101 -0.06160213 -0.06162753 -0.059553266 -0.06132447 -0.062919006 -0.062022276
0.483 -0.06122652 -0.06151698 -0.06164608 -0.06167154 -0.059617437 -0.061372235 -0.06295435 -0.062057283
0.4835 -0.06127752 -0.06156235 -0.06168947 -0.06171496 -0.059680857 -0.06141934 -0.062989116 -0.062091835
0.484 -0.06132781 -0.06160711 -0.06173229 -0.06175781 -0.05974353 -0.061465796 -0.06302331 -0.06212595
0.4845 -0.0613774 -0.06165128 -0.06177455 -0.06180008 -0.059805475 -0.06151162 -0.063056946 -0.062159628
0.485 -0.0614263 -0.06169487 -0.06181625 -0.06184179 -0.059866693 -0.061556805 -0.06309003 -0.062192872
0.4855 -0.06147452 -0.06173789 -0.06185742 -0.06188294 -0.059927188 -0.06160136 -0.063122556 -0.0622257
0.486 -0.06152207 -0.06178033 -0.06189805 -0.06192354 -0.059986975 -0.061645307 -0.06315457 -0.062258106
0.4865 -0.06156896 -0.06182221 -0.06193814 -0.0619636 -0.06004606 -0.061688643 -0.06318604 -0.0622901
0.487 -0.0616152 -0.06186355 -0.06197772 -0.06200313 -0.060104456 -0.061731383 -0.063217 -0.06232169
0.4875 -0.0616608 -0.06190433 -0.06201678 -0.06204213 -0.060162157 -0.061773527 -0.06324745 -0.062352877
0.488 -0.06170577 -0.06194458 -0.06205533 -0.06208061 -0.060219187 -0.061815094 -0.06327739 -0.062383667
0.4885 -0.06175012 -0.0619843 -0.06209338 -0.06211858 -0.060275547 -0.06185609 -0.06330685 -0.062414072
0.489 -0.06179385 -0.06202349 -0.06213093 -0.06215605 -0.060331248 -0.061896507 -0.06333582 -0.062444095
0.4895 -0.06183698 -0.06206217 -0.06216799 -0.06219302 -0.060386293 -0.06193637 -0.063364305 -0.06247374
0.49 -0.06187951 -0.06210034 -0.06220457 -0.06222949 -0.060440693 -0.06197568 -0.063392326 -0.06250301
0.4905 -0.06192146 -0.062138 -0.06224068 -0.06226549 -0.060494453 -0.062014453 -0.063419886 -0.06253191
0.491 -0.06196282 -0.06217517 -0.06227631 -0.062301 -0.06054758 -0.06205268 -0.06344698 -0.062560454
0.4915 -0.06200361 -0.06221185 -0.06231148 -0.06233604 -0.060600087 -0.06209039 -0.06347364 -0.06258863
0.492 -0.06204384 -0.06224804 -0.06234619 -0.06237062 -0.060651977 -0.062127564 -0.06349985 -0.06261646
0.4925 -0.06208352 -0.06228376 -0.06238045 -0.06240474 -0.060703266 -0.06216424 -0.06352565 -0.06264394
0.493 -0.06212265 -0.06231901 -0.06241426 -0.06243841 -0.060753945 -0.062200394 -0.063550994 -0.06267107
0.4935 -0.06216124 -0.0623538 -0.06244763 -0.06247163 -0.060804028 -0.062236052 -0.06357593 -0.062697865
0.494 -0.06219929 -0.06238813 -0.06248057 -0.06250441 -0.060853526 -0.06227121 -0.06360046 -0.06272432
0.4945 -0.06223683 -0.06242201 -0.06251308 -0.06253676 -0.06090244 -0.06230589 -0.063624576 -0.06275046
0.495 -0.06227385 -0.06245544 -0.06254516 -0.06256868 -0.06095079 -0.062340092 -0.06364828 -0.06277627
0.4955 -0.06231035 -0.06248843 -0.06257683 -0.06260018 -0.060998566 -0.062373813 -0.06367162 -0.062801756
0.496 -0.06234636 -0.06252099 -0.06260809 -0.06263126 -0.06104578 -0.06240708 -0.063694544 -0.062826924
0.4965 -0.06238187 -0.06255312 -0.06263894 -0.06266193 -0.06109244 -0.06243988 -0.063717104 -0.06285178
0.497 -0.06241689 -0.06258483 -0.06266938 -0.0626922 -0.061138555 -0.06247222 -0.063739285 -0.06287633
0.4975 -0.06245143 -0.06261612 -0.06269944 -0.06272207 -0.06118413 -0.06250411 -0.0637611 -0.06290057
0.498 -0.0624855 -0.06264701 -0.0627291 -0.06275154 -0.061229173 -0.06253557 -0.06378256 -0.06292451
0.4985 -0.0625191 -0.06267748 -0.06275837 -0.06278062 -0.061273683 -0.06256658 -0.06380366 -0.06294816
0.499 -0.06255224 -0.06270756 -0.06278726 -0.06280932 -0.06131767 -0.06259717 -0.0638244 -0.06297152
0.4995 -0.06258493 -0.06273724 -0.06281578 -0.06283764 -0.06136115 -0.06262733 -0.0638448 -0.062994584
0.5 -0.06261717 -0.06276654 -0.06284393 -0.06286559 -0.06140411 -0.06265708 -0.063864864 -0.06301737
