0.0 -0.065 -0.065 -0.065 -0.065 -0.065 -0.065 -0.03800747 0.053688362 -0.039112724 -0.1447435 0.38229355 0.37202471
0.005 -0.06445039 -0.06286857 -0.06086042 -0.06375744 -0.06491807 -0.06492315 0.0347969 -0.0053777993 -0.041247465 -0.087961495 0.41221797 0.5936569
0.01 -0.06405919 -0.06365739 -0.06051199 -0.06409381 -0.06483198 -0.06479773 0.06081734 -0.009085119 -0.02043686 -0.06792222 0.13522668 0.36120656
0.015 -0.06419779 -0.06440434 -0.0621963 -0.06430502 -0.06485774 -0.0647975 0.071632154 0.008173823 -0.021486767 -0.043955475 0.04918079 0.16723019
0.02 -0.06437116 -0.06461935 -0.06329114 -0.06443655 -0.06489112 -0.0648251 0.0657079 -0.006899193 -0.045254417 -0.008376755 0.064034745 0.10603559
0.025 -0.06450811 -0.06470503 -0.06391613 -0.0645392 -0.06491686 -0.06485394 0.045931466 -0.007893175 -0.049375303 -0.005771324 0.047863647 0.09024179
0.03 -0.06461077 -0.06476036 -0.06427695 -0.06462316 -0.0649355 -0.06487912 0.04489053 -0.0071822107 -0.054384418 -0.013046071 0.033395663 0.071670294
0.035 -0.06468826 -0.0648036 -0.06449343 -0.06469197 -0.06494896 -0.06490009 0.052198507 -0.01741238 -0.058716185 -0.019848675 0.0164081 0.05069226
0.04 -0.0647478 -0.06483875 -0.06462969 -0.0647482 -0.06495882 -0.06491727 0.05761639 -0.024763599 -0.063504584 -0.026099369 -0.0007420033 0.021092832
0.045 -0.06479435 -0.06486748 -0.06471996 -0.06479405 -0.06496619 -0.0649313 0.061937727 -0.035130292 -0.06591547 -0.032289848 -0.020005092 -0.011782795
0.05 -0.06483126 -0.06489097 -0.06478275 -0.06483139 -0.06497182 -0.06494276 0.064573 -0.042765543 -0.06845749 -0.038845725 -0.03960748 -0.04572618
0.055 -0.06486088 -0.06491019 -0.06482833 -0.06486181 -0.06497624 -0.06495215 0.067354776 -0.051784977 -0.06979055 -0.045294553 -0.05861862 -0.07764438
0.06 -0.06488484 -0.06492591 -0.06486258 -0.0648866 -0.06497977 -0.06495988 0.070353724 -0.059158266 -0.07174302 -0.051510774 -0.07513963 -0.10458094
0.065 -0.06490437 -0.06493879 -0.06488899 -0.06490682 -0.06498266 -0.06496626 0.07424445 -0.06685452 -0.073438235 -0.057190537 -0.08842556 -0.12535685
0.07 -0.06492037 -0.06494935 -0.06490975 -0.06492333 -0.06498504 -0.06497155 0.07903505 -0.07342635 -0.07591123 -0.062279284 -0.097779855 -0.13858777
0.075 -0.06493352 -0.06495803 -0.06492629 -0.06493683 -0.06498705 -0.06497596 0.08469031 -0.079685405 -0.078683145 -0.06662363 -0.10307498 -0.14477155
0.08 -0.06494439 -0.06496516 -0.06493958 -0.06494787 -0.06498875 -0.06497963 0.090883054 -0.085007 -0.082109876 -0.07024828 -0.10449748 -0.14437154
0.085 -0.06495338 -0.06497103 -0.06495034 -0.06495692 -0.06499021 -0.06498272 0.09725038 -0.08961439 -0.08590723 -0.073139 -0.10230546 -0.13877293
0.09 -0.06496084 -0.06497587 -0.06495909 -0.06496435 -0.06499146 -0.0649853 0.103394665 -0.09325795 -0.09008736 -0.07537016 -0.096881315 -0.12916744
0.095 -0.06496705 -0.06497987 -0.06496623 -0.06497045 -0.06499255 -0.06498748 0.108992256 -0.09596047 -0.09447635 -0.076997966 -0.08847238 -0.1168586
0.1 -0.06497223 -0.06498317 -0.06497207 -0.06497547 -0.06499349 -0.06498932 -0.17413273 -0.2496644 -0.38139862 -0.028547868 0.09691633 -0.10289413
0.105 -0.03787049 -0.06157314 -0.06033754 -0.06282298 1.329587 0.8843205 -0.06641989 0.070551306 -0.3812709 -0.04276476 2.1338534 1.4367509
0.11 0.08046496 -0.05908397 -0.05751687 -0.05590533 2.730931 2.012067 0.33838135 -0.047475368 -0.2943911 -0.056466095 2.910769 2.0873215
0.115 0.2443512 -0.05040401 -0.05342955 -0.04356691 3.760649 2.920133 0.2506087 0.04062414 -0.42453176 0.16600066 3.756765 3.3249757
0.12 0.407589 -0.03600326 -0.04675849 -0.02791609 4.497693 3.612589 0.3271062 0.21898428 -0.16176209 0.108140625 4.349541 3.7155366
0.125 0.5611202 -0.01939905 -0.03722624 -0.010219 4.943566 4.152179 0.490176 0.2033976 -0.064864166 0.13355228 4.791098 4.1337886
0.13 0.6995254 -0.0009197204 -0.02512816 0.008696417 5.325775 4.567613 0.65360314 0.1957005 -0.016801067 0.13811603 5.1922708 4.463036
0.135 0.8228788 0.01828177 -0.01101801 0.02791205 5.605408 4.892807 0.7859882 0.17443958 -0.0028839782 0.14470583 5.522676 4.7089305
0.14 0.9242224 0.03710886 0.00338351 0.0464852 5.843063 5.152154 0.86410826 0.15736589 0.0016052052 0.15284693 5.755433 4.8616214
0.145 1.008804 0.05461666 0.01754911 0.06393393 5.930711 5.293254 0.90492105 0.14709374 0.003326349 0.15903205 5.898966 4.9481053
0.15 1.072575 0.07049627 0.03104424 0.08020953 6.088985 5.41622 1.2233092 -0.0742753 0.022870742 0.09813275 5.3476076 4.333383
0.155 1.104332 0.0848771 0.04444019 0.09382064 4.795399 4.52586 1.1605994 0.04722342 -0.16507983 0.19499764 4.827213 4.132733
0.16 1.039342 0.0946324 0.05564523 0.1014078 3.502052 3.505111 0.8442338 0.034254834 -0.05469013 0.117224626 4.2574534 3.2777224
0.165 0.9187683 0.097671 0.06285545 0.1019897 2.560563 2.690407 0.7514101 0.03208825 -0.03839905 0.056841336 3.4123702 2.5642693
0.17 0.7864472 0.09458122 0.06568663 0.09761981 1.889438 2.052423 0.6307933 0.0068930387 -0.04578019 0.028418414 2.4879377 1.9453654
0.175 0.6613009 0.08704299 0.06468436 0.08994232 1.410486 1.592469 0.5354718 -0.010121927 -0.05125124 0.01806181 1.7526836 1.4903164
0.18 0.5496279 0.07678985 0.06068248 0.08019394 1.065751 1.238675 0.45674303 -0.020595163 -0.06717796 0.028815918 1.2847179 1.2217438
0.185 0.4527631 0.0651325 0.054524 0.06928987 0.8143597 0.9675512 0.3881775 -0.013687611 -0.095285185 0.036594637 0.9852623 1.0332363
0.19 0.3700447 0.05301747 0.04694983 0.05790706 0.6282213 0.7589642 0.32714784 -0.011131644 -0.12055851 0.039532624 0.7625136 0.8545859
0.195 0.3000554 0.04107786 0.03856598 0.04653267 0.4881899 0.5973025 0.27077556 -0.01035735 -0.14637953 0.039434753 0.5658203 0.6655134
0.2 0.2411701 0.02970328 0.0298431 0.03550371 0.3811859 0.4709753 0.22423938 -0.088785104 -0.045594938 -0.092175394 0.47760803 1.2065492
0.205 0.2185951 0.0192951 0.02124487 0.02609044 0.2998799 1.327059 0.5332843 -0.12594603 -0.018657215 -0.019658178 0.11902766 2.1215389
0.21 0.295256 0.01185071 0.01435203 0.02283102 0.2486866 2.363742 0.71940637 0.0031009316 0.07523977 -0.01979661 0.46858704 3.2821255
0.215 0.4265827 0.009297212 0.01089305 0.02570234 0.2268397 3.167068 0.94291127 0.03839326 0.09692358 -0.014291406 0.5176419 4.0514097
0.22 0.5689461 0.01163254 0.01120203 0.03283446 0.2258874 3.754239 0.9079703 0.111750394 0.11166494 0.00020929426 0.46041536 4.2387486
0.225 0.7033737 0.01776396 0.01478136 0.0426885 0.2373857 4.176396 0.8876069 0.12495968 0.11736839 -0.005766213 0.35466242 4.210483
0.23 0.8231033 0.02634613 0.02085733 0.05410609 0.2551892 4.479478 0.88093346 0.11917177 0.097770505 -0.0076761246 0.24963935 4.1675105
0.235 0.9209068 0.03616733 0.02860654 0.06598337 0.2752427 4.697119 0.874824 0.113340914 0.08098387 -0.012096517 0.19530948 4.1347594
0.24 1.004045 0.04624951 0.03725153 0.07781494 0.2949378 4.853428 0.874497 0.10437548 0.06520312 -0.01642245 0.16585971 4.1140985
0.245 1.073841 0.05601055 0.04626707 0.08921787 0.3140306 4.969866 0.8762009 0.09472138 0.050741963 -0.020210683 0.14730002 4.0982313
0.25 1.137553 0.06537711 0.05533328 0.1003055 0.3304259 5.033064 0.9051688 0.019708544 0.14779398 0.09826475 0.6775065 4.138915
0.255 1.164155 0.07401782 0.06411349 0.1096681 0.3436814 4.140732 0.9538137 0.06394461 0.21336493 0.056873567 0.731452 3.7898598
0.26 1.090001 0.07978543 0.07104589 0.1127206 0.3430432 3.063218 0.83731467 0.014085501 0.12803859 0.048115544 0.5849968 3.3611362
0.265 0.9603725 0.08062724 0.07441615 0.1095154 0.3245501 2.245976 0.6923971 0.015153572 0.07826459 0.034184866 0.5115839 2.7432685
0.27 0.8191907 0.07682013 0.07391259 0.1019722 0.2938505 1.649917 0.52006304 0.015865356 0.017019264 0.0243484 0.40294188 2.0449283
0.275 0.6855563 0.06936092 0.07005998 0.09165539 0.2574102 1.218038 0.3851191 0.02602692 -0.019964106 0.011756651 0.35124218 1.3835108
0.28 0.5662933 0.05955701 0.06365348 0.07973985 0.2197596 0.9051655 0.29760832 0.01936616 -0.036365576 0.010950141 0.34390485 0.9231551
0.285 0.4630482 0.04856426 0.05549719 0.06710183 0.1836047 0.6771311 0.22401181 0.008960232 -0.03749556 0.01646734 0.33604395 0.6457243
0.29 0.3752449 0.03724405 0.04629655 0.05437674 0.1503561 0.5093065 0.16657224 -0.0010191649 -0.029419668 0.01807367 0.3039469 0.4843654
0.295 0.301374 0.02617414 0.03662158 0.0420046 0.120596 0.3843588 0.12565288 -0.0030779094 -0.023199923 0.015843056 0.2585801 0.3826378
0.3 0.2396413 0.01570894 0.02690542 0.03027359 0.09441832 0.2901901 0.09185103 -0.025705934 -0.03850443 -0.08150677 0.3501109 1.2478364
0.305 0.2150668 0.006226133 0.01757341 0.02040654 0.07332622 1.173972 0.44759443 -0.10093214 0.17683244 -0.026310183 0.042861298 2.1547701
0.31 0.2904003 -0.0002941745 0.01016858 0.01689738 0.06770306 2.234268 0.6873763 0.092282355 0.18948686 -0.010128379 0.29019597 3.3182645
0.315 0.4209177 -0.001938197 0.006383465 0.01968305 0.08085795 3.0576 0.8372312 0.08392626 0.2180779 -0.0037354976 0.32100976 3.8839083
0.32 0.5628615 0.001282455 0.006519354 0.02686442 0.1071362 3.661663 0.84448624 0.121877074 0.22360533 0.0080891475 0.26023 4.026801
0.325 0.6971562 0.008274769 0.01005178 0.03686609 0.1400525 4.098057 0.82581294 0.14174077 0.22539213 0.0076825246 0.19815911 4.028004
0.33 0.8169561 0.01768445 0.01617993 0.04852106 0.1749856 4.401711 0.82077676 0.14626083 0.21427086 0.0047992095 0.15233739 4.020028
0.335 0.9204237 0.0283564 0.02410381 0.06095492 0.2080213 4.623245 0.8200201 0.1482603 0.20021892 0.0024014115 0.12979637 4.0227017
0.34 1.005677 0.03937163 0.03309684 0.07338135 0.2393011 4.797339 0.8226282 0.14866516 0.1859841 0.00042058527 0.12454899 4.035351
0.345 1.072832 0.04999289 0.04244925 0.08508025 0.2673454 4.923685 0.82753664 0.14749381 0.1723296 -0.001212664 0.12797768 4.0522127
0.35 1.134954 0.05988634 0.05179252 0.09641624 0.2919291 5.018922 0.89694965 0.080875486 0.07197284 0.062844746 0.15268482 3.8445606
0.355 1.161636 0.06895037 0.06081818 0.1060603 0.3112935 4.120246 0.85204285 0.034805134 -0.042150564 0.070587285 0.24536283 3.5451896
0.36 1.083677 0.07513965 0.06796624 0.1092151 0.3149005 3.050891 0.7619026 -0.01049538 -0.1327442 0.062365644 0.26812106 3.0531962
0.365 0.9525471 0.07646987 0.07145953 0.1060856 0.3007551 2.233439 0.6117515 -0.031510144 -0.20433694 0.05839821 0.24502963 2.3494897
0.37 0.8124541 0.07303703 0.07108472 0.09875668 0.2739818 1.635609 0.4224538 -0.029903978 -0.24681818 0.05816155 0.18880762 1.5275958
0.375 0.6799973 0.06591704 0.06739127 0.08868671 0.2407482 1.203989 0.29571137 -0.029628903 -0.25371188 0.052072696 0.15467967 0.85887504
0.38 0.5616875 0.0564345 0.06116493 0.07702179 0.2056937 0.8923525 0.22677249 -0.041652277 -0.24970782 0.04292967 0.14390917 0.46296167
0.385 0.4592073 0.04574757 0.05319901 0.06462907 0.1716731 0.6658216 0.19189778 -0.05920346 -0.24604183 0.032904975 0.1539463 0.27108467
0.39 0.3720141 0.03471473 0.0441906 0.0521382 0.1402028 0.4994707 0.18069807 -0.07280422 -0.2473774 0.025263213 0.17913307 0.18955368
0.395 0.2986322 0.02391086 0.03470371 0.03998581 0.1119375 0.3758627 0.18387851 -0.082180575 -0.2522292 0.01953084 0.2218156 0.16857171
0.4 0.2372969 0.01368909 0.02516742 0.02845852 0.08702283 0.282874 -0.12646154 0.0972065 0.03002023 0.02342879 0.64940184 0.23311108
0.405 0.1862543 0.004243902 0.01589046 0.01772963 0.06532715 0.2120594 0.12217925 -0.048372373 0.09327971 -0.011314735 0.40602648 0.22361451
0.41 0.1438932 -0.004337783 0.007081605 0.007889084 0.04658375 0.1574979 0.09705899 0.04709524 -0.07733662 0.0061411485 0.2837962 0.36162204
0.415 0.1087931 -0.01203899 -0.001129389 -0.001032714 0.03047373 0.1149994 0.094442494 -0.064400434 0.024651878 -0.00042439252 0.23208733 0.24980468
0.42 0.07973197 -0.01888617 -0.008672838 -0.009046531 0.01667208 0.08156615 0.080715545 0.029675215 -0.044464596 0.0033499375 0.18421961 0.260292
0.425 0.0556752 -0.02493101 -0.01552311 -0.01619033 0.004871425 0.05502741 0.06480033 -0.043607503 0.007661693 0.0043017343 0.148286 0.19117945
0.43 0.03575545 -0.0302384 -0.02168571 -0.02251892 -0.00520713 0.03379184 0.051950015 0.014755234 -0.03493113 0.0007362664 0.110665396 0.19288534
0.435 0.01925087 -0.0348785 -0.02718709 -0.02809638 -0.01381041 0.01667818 0.040458597 -0.032910928 0.0021530911 0.0006534606 0.083753005 0.13342553
0.44 0.005563505 -0.03892168 -0.03206702 -0.03299076 -0.02115351 0.002798915 0.033038415 0.004500136 -0.028342552 -0.0033867806 0.05638428 0.13451272
0.445 -0.005800328 -0.04243558 -0.03637285 -0.03727033 -0.02742198 -0.008520509 0.0230527 -0.027273163 -0.0030981973 -0.003074251 0.037786737 0.08772498
0.45 -0.01524738 -0.04548328 -0.04015535 -0.04100116 -0.03277491 -0.01779833 0.018102266 -0.0033263415 -0.023595937 -0.0068141744 0.016998962 0.08645934
0.455 -0.02311231 -0.04812251 -0.04346589 -0.04424553 -0.03734814 -0.02543666 0.009801187 -0.023952857 -0.0070333555 -0.006387122 0.0032807142 0.050831914
0.46 -0.02967029 -0.05040532 -0.04635443 -0.04706109 -0.04125736 -0.03175035 0.0062170103 -0.009014204 -0.020539172 -0.0096321255 -0.012775525 0.047963202
0.465 -0.03514752 -0.05237813 -0.04886828 -0.04950039 -0.04460096 -0.03698795 -0.0004601404 -0.022225007 -0.009882756 -0.009286843 -0.02347152 0.021009326
0.47 -0.03972995 -0.054082 -0.0510514 -0.05161085 -0.04746257 -0.04134709 -0.0031937286 -0.013134077 -0.018644936 -0.011980809 -0.03593956 0.017139673
0.475 -0.04357056 -0.05555302 -0.05294397 -0.05343482 -0.04991325 -0.04498595 -0.008501343 -0.021501124 -0.01193697 -0.011760578 -0.0445147 -0.0032179952
0.48 -0.04679524 -0.05682277 -0.05458232 -0.05500987 -0.05201339 -0.04803189 -0.010692857 -0.016135976 -0.017531402 -0.013937093 -0.054258272 -0.007605672
0.485 -0.04950773 -0.05791874 -0.055999 -0.05636912 -0.05381431 -0.05058801 -0.014888935 -0.021378323 -0.013408132 -0.013842449 -0.061255798 -0.023029804
0.49 -0.05179359 -0.05886481 -0.05722289 -0.05754163 -0.05535965 -0.05273813 -0.01670938 -0.018341064 -0.016928531 -0.015571311 -0.06892817 -0.027560234
0.495 -0.05372346 -0.05968163 -0.05827954 -0.05855278 -0.05668655 -0.05455071 -0.020020418 -0.021597818 -0.014462538 -0.015582554 -0.07469927 -0.03932333
0.5 -0.05535577 -0.06038709 -0.05919136 -0.05942469 -0.05782662 -0.05608189 -0.021566205 -0.019981429 -0.01664836 -0.016941547 -0.08079116 -0.043735743
