0.0 -0.065 -0.065 -0.065 -0.065 -0.050139174 -0.07860668 -0.06726193 -0.05058257
0.0005 -0.065 -0.065 -0.065 -0.065 -0.05013353 -0.07832112 -0.06737486 -0.05055997
0.001 -0.065 -0.065 -0.065 -0.065 -0.050128177 -0.078043096 -0.06748563 -0.0505381
0.0015 -0.065 -0.065 -0.065 -0.065 -0.050123103 -0.077772416 -0.06759428 -0.050516937
0.002 -0.065 -0.065 -0.065 -0.065 -0.0501183 -0.07750889 -0.06770085 -0.050496455
0.0025 -0.065 -0.065 -0.065 -0.065 -0.050113756 -0.07725233 -0.06780538 -0.050476644
0.003 -0.065 -0.065 -0.065 -0.065 -0.050109465 -0.077002555 -0.06790792 -0.050457478
0.0035 -0.065 -0.065 -0.065 -0.065 -0.05010542 -0.0767594 -0.068008505 -0.05043894
0.004 -0.065 -0.065 -0.065 -0.065 -0.050101608 -0.07652268 -0.06810717 -0.050421014
0.0045 -0.065 -0.065 -0.065 -0.065 -0.050098024 -0.07629224 -0.06820396 -0.050403684
0.005 -0.065 -0.065 -0.065 -0.065 -0.050094664 -0.07606791 -0.06829893 -0.050386928
0.0055 -0.065 -0.065 -0.065 -0.065 -0.050091516 -0.07584954 -0.06839208 -0.050370734
0.006 -0.065 -0.065 -0.065 -0.065 -0.05008857 -0.075636975 -0.06848348 -0.050355084
0.0065 -0.065 -0.065 -0.065 -0.065 -0.050085828 -0.07543006 -0.06857315 -0.05033996
0.007 -0.065 -0.065 -0.065 -0.065 -0.050083276 -0.07522865 -0.06866112 -0.050325353
0.0075 -0.065 -0.065 -0.065 -0.065 -0.050080907 -0.07503261 -0.06874744 -0.05031124
0.008 -0.065 -0.065 -0.065 -0.065 -0.05007872 -0.07484179 -0.06883213 -0.050297614
0.0085 -0.065 -0.065 -0.065 -0.065 -0.050076704 -0.074656054 -0.068915226 -0.05028446
0.009 -0.065 -0.065 -0.065 -0.065 -0.050074857 -0.07447529 -0.06899677 -0.05027176
0.0095 -0.065 -0.065 -0.065 -0.065 -0.05007317 -0.07429934 -0.069076784 -0.0502595
0.01 -0.065 -0.065 -0.065 -0.065 -0.050071634 -0.074128106 -0.0691553 -0.050247677
0.0105 -0.065 -0.065 -0.065 -0.065 -0.050070252 -0.073961444 -0.069232345 -0.050236266
0.011 -0.065 -0.065 -0.065 -0.065 -0.050069015 -0.07379925 -0.06930795 -0.050225265
0.0115 -0.065 -0.065 -0.065 -0.065 -0.050067917 -0.073641405 -0.06938215 -0.050214656
0.012 -0.065 -0.065 -0.065 -0.065 -0.050066948 -0.073487796 -0.069454975 -0.050204426
0.0125 -0.065 -0.065 -0.065 -0.065 -0.050066113 -0.07333831 -0.06952644 -0.05019457
0.013 -0.065 -0.065 -0.065 -0.065 -0.050065402 -0.073192835 -0.06959658 -0.050185073
0.0135 -0.065 -0.065 -0.065 -0.065 -0.05006481 -0.073051274 -0.06966542 -0.050175924
0.014 -0.065 -0.065 -0.065 -0.065 -0.05006433 -0.07291352 -0.06973298 -0.050167114
0.0145 -0.065 -0.065 -0.065 -0.065 -0.050063964 -0.072779484 -0.0697993 -0.050158635
0.015 -0.065 -0.065 -0.065 -0.065 -0.050063703 -0.072649054 -0.069864385 -0.05015047
0.0155 -0.065 -0.065 -0.065 -0.065 -0.050063547 -0.07252215 -0.06992827 -0.050142616
0.016 -0.065 -0.065 -0.065 -0.065 -0.050063487 -0.07239868 -0.06999099 -0.050135065
0.0165 -0.065 -0.065 -0.065 -0.065 -0.050063524 -0.07227854 -0.07005255 -0.0501278
0.017 -0.065 -0.065 -0.065 -0.065 -0.050063647 -0.07216165 -0.07011298 -0.050120823
0.0175 -0.065 -0.065 -0.065 -0.065 -0.050063863 -0.07204793 -0.0701723 -0.050114114
0.018 -0.065 -0.065 -0.065 -0.065 -0.05006416 -0.07193729 -0.07023054 -0.050107677
0.0185 -0.065 -0.065 -0.065 -0.065 -0.050064538 -0.071829654 -0.07028771 -0.050101493
0.019 -0.065 -0.065 -0.065 -0.065 -0.050064992 -0.07172495 -0.07034384 -0.05009556
0.0195 -0.065 -0.065 -0.065 -0.065 -0.05006552 -0.07162309 -0.07039894 -0.050089866
0.02 -0.065 -0.065 -0.065 -0.065 -0.05006612 -0.071524 -0.07045304 -0.050084405
0.0205 -0.065 -0.065 -0.065 -0.065 -0.050066788 -0.07142761 -0.07050616 -0.050079174
0.021 -0.065 -0.065 -0.065 -0.065 -0.05006752 -0.071333855 -0.07055831 -0.050074164
0.0215 -0.065 -0.065 -0.065 -0.065 -0.050068315 -0.07124265 -0.07060952 -0.050069366
0.022 -0.065 -0.065 -0.065 -0.065 -0.05006917 -0.07115395 -0.070659794 -0.050064776
0.0225 -0.065 -0.065 -0.065 -0.065 -0.05007008 -0.071067676 -0.07070916 -0.050060384
0.023 -0.065 -0.065 -0.065 -0.065 -0.050071042 -0.07098376 -0.07075764 -0.05005619
0.0235 -0.065 -0.065 -0.065 -0.065 -0.05007206 -0.070902154 -0.070805244 -0.050052177
0.024 -0.065 -0.065 -0.065 -0.065 -0.050073124 -0.07082278 -0.07085199 -0.05004835
0.0245 -0.065 -0.065 -0.065 -0.065 -0.05007424 -0.070745595 -0.07089789 -0.0500447
0.025 -0.065 -0.065 -0.065 -0.065 -0.050075393 -0.07067053 -0.07094297 -0.05004122
0.0255 -0.065 -0.065 -0.065 -0.065 -0.050076593 -0.07059754 -0.07098724 -0.050037906
0.026 -0.065 -0.065 -0.065 -0.065 -0.050077833 -0.070526555 -0.07103071 -0.05003475
0.0265 -0.065 -0.065 -0.065 -0.065 -0.05007911 -0.07045753 -0.07107341 -0.05003175
0.027 -0.065 -0.065 -0.065 -0.065 -0.050080422 -0.070390426 -0.071115345 -0.050028898
0.0275 -0.065 -0.065 -0.065 -0.065 -0.05008177 -0.07032517 -0.07115653 -0.050026193
0.028 -0.065 -0.065 -0.065 -0.065 -0.050083153 -0.07026173 -0.07119699 -0.050023627
0.0285 -0.065 -0.065 -0.065 -0.065 -0.050084565 -0.07020005 -0.07123672 -0.050021198
0.029 -0.065 -0.065 -0.065 -0.065 -0.050086007 -0.07014008 -0.07127575 -0.0500189
0.0295 -0.065 -0.065 -0.065 -0.065 -0.050087474 -0.070081785 -0.07131408 -0.050016727
0.03 -0.065 -0.065 -0.065 -0.065 -0.050088968 -0.070025116 -0.07135173 -0.05001468
0.0305 -0.065 -0.065 -0.065 -0.065 -0.050090484 -0.06997003 -0.07138872 -0.05001275
0.031 -0.065 -0.065 -0.065 -0.065 -0.050092027 -0.06991647 -0.07142505 -0.05001093
0.0315 -0.065 -0.065 -0.065 -0.065 -0.050093587 -0.06986442 -0.07146074 -0.05000923
0.032 -0.065 -0.065 -0.065 -0.065 -0.05009517 -0.06981383 -0.0714958 -0.05000763
0.0325 -0.065 -0.065 -0.065 -0.065 -0.050096773 -0.06976466 -0.071530245 -0.050006133
0.033 -0.065 -0.065 -0.065 -0.065 -0.05009839 -0.06971687 -0.07156408 -0.05000474
0.0335 -0.065 -0.065 -0.065 -0.065 -0.05010002 -0.069670424 -0.07159732 -0.050003443
0.034 -0.065 -0.065 -0.065 -0.065 -0.050101668 -0.06962529 -0.07162998 -0.050002236
0.0345 -0.065 -0.065 -0.065 -0.065 -0.05010333 -0.069581434 -0.07166207 -0.050001122
0.035 -0.065 -0.065 -0.065 -0.065 -0.050105006 -0.06953881 -0.07169359 -0.050000094
0.0355 -0.065 -0.065 -0.065 -0.065 -0.05010669 -0.0694974 -0.071724564 -0.049999148
0.036 -0.065 -0.065 -0.065 -0.065 -0.050108384 -0.069457166 -0.071755 -0.049998283
0.0365 -0.065 -0.065 -0.065 -0.065 -0.050110087 -0.06941807 -0.0717849 -0.049997497
0.037 -0.065 -0.065 -0.065 -0.065 -0.0501118 -0.06938009 -0.071814284 -0.04999679
0.0375 -0.065 -0.065 -0.065 -0.065 -0.05011352 -0.069343194 -0.07184315 -0.04999615
0.038 -0.065 -0.065 -0.065 -0.065 -0.050115246 -0.06930735 -0.07187152 -0.049995583
0.0385 -0.065 -0.065 -0.065 -0.065 -0.05011698 -0.06927253 -0.07189939 -0.04999508
0.039 -0.065 -0.065 -0.065 -0.065 -0.050118715 -0.069238715 -0.07192679 -0.049994644
0.0395 -0.065 -0.065 -0.065 -0.065 -0.05012045 -0.069205865 -0.0719537 -0.04999427
0.04 -0.065 -0.065 -0.065 -0.065 -0.050122194 -0.06917396 -0.071980156 -0.04999396
0.0405 -0.065 -0.065 -0.065 -0.065 -0.050123937 -0.06914298 -0.07200615 -0.0499937
0.041 -0.065 -0.065 -0.065 -0.065 -0.050125685 -0.06911289 -0.0720317 -0.0499935
0.0415 -0.065 -0.065 -0.065 -0.065 -0.05012743 -0.069083676 -0.07205681 -0.049993355
0.042 -0.065 -0.065 -0.065 -0.065 -0.05012918 -0.069055304 -0.07208148 -0.04999326
0.0425 -0.065 -0.065 -0.065 -0.065 -0.050130926 -0.06902776 -0.07210573 -0.049993217
0.043 -0.065 -0.065 -0.065 -0.065 -0.05013267 -0.06900101 -0.07212956 -0.049993217
0.0435 -0.065 -0.065 -0.065 -0.065 -0.050134413 -0.06897505 -0.07215299 -0.049993265
0.044 -0.065 -0.065 -0.065 -0.065 -0.050136156 -0.06894984 -0.07217602 -0.04999336
0.0445 -0.065 -0.065 -0.065 -0.065 -0.050137892 -0.06892537 -0.072198644 -0.049993493
0.045 -0.065 -0.065 -0.065 -0.065 -0.05013963 -0.06890163 -0.07222089 -0.049993668
0.0455 -0.065 -0.065 -0.065 -0.065 -0.050141357 -0.068878576 -0.07224275 -0.04999388
0.046 -0.065 -0.065 -0.065 -0.065 -0.050143085 -0.0688562 -0.07226425 -0.04999413
0.0465 -0.065 -0.065 -0.065 -0.065 -0.050144807 -0.0688345 -0.07228537 -0.049994417
0.047 -0.065 -0.065 -0.065 -0.065 -0.050146524 -0.06881343 -0.072306134 -0.049994737
0.0475 -0.065 -0.065 -0.065 -0.065 -0.050148234 -0.068792984 -0.07232655 -0.049995087
0.048 -0.065 -0.065 -0.065 -0.065 -0.050149936 -0.06877316 -0.07234661 -0.049995475
0.0485 -0.065 -0.065 -0.065 -0.065 -0.050151635 -0.06875391 -0.07236634 -0.049995888
0.049 -0.065 -0.065 -0.065 -0.065 -0.050153326 -0.06873525 -0.072385736 -0.049996328
0.0495 -0.065 -0.065 -0.065 -0.065 -0.05015501 -0.06871714 -0.0724048 -0.049996797
0.05 -0.065 -0.065 -0.065 -0.065 -0.050156686 -0.068699576 -0.07242354 -0.049997292
0.0505 -0.065 -0.065 -0.065 -0.065 -0.050158355 -0.068682544 -0.072441965 -0.049997814
0.051 -0.065 -0.065 -0.065 -0.065 -0.050160013 -0.068666026 -0.072460085 -0.049998358
0.0515 -0.065 -0.065 -0.065 -0.065 -0.050161667 -0.06865001 -0.07247789 -0.049998924
0.052 -0.065 -0.065 -0.065 -0.065 -0.05016331 -0.06863448 -0.07249541 -0.049999513
0.0525 -0.065 -0.065 -0.065 -0.065 -0.05016494 -0.06861942 -0.07251263 -0.050000124
0.053 -0.065 -0.065 -0.065 -0.065 -0.05016657 -0.06860483 -0.072529554 -0.05000075
0.0535 -0.065 -0.065 -0.065 -0.065 -0.050168183 -0.06859068 -0.0725462 -0.050001394
0.054 -0.065 -0.065 -0.065 -0.065 -0.05016979 -0.06857696 -0.07256256 -0.050002057
0.0545 -0.065 -0.065 -0.065 -0.065 -0.050171383 -0.06856367 -0.07257865 -0.05000274
0.055 -0.065 -0.065 -0.065 -0.065 -0.05017297 -0.06855079 -0.07259448 -0.05000343
0.0555 -0.065 -0.065 -0.065 -0.065 -0.050174545 -0.06853831 -0.072610036 -0.050004143
0.056 -0.065 -0.065 -0.065 -0.065 -0.05017611 -0.068526216 -0.07262533 -0.050004866
0.0565 -0.065 -0.065 -0.065 -0.065 -0.050177664 -0.068514496 -0.072640374 -0.050005604
0.057 -0.065 -0.065 -0.065 -0.065 -0.050179206 -0.06850315 -0.07265517 -0.050006352
0.0575 -0.065 -0.065 -0.065 -0.065 -0.050180737 -0.06849216 -0.07266972 -0.050007112
0.058 -0.065 -0.065 -0.065 -0.065 -0.05018226 -0.06848151 -0.07268403 -0.050007883
0.0585 -0.065 -0.065 -0.065 -0.065 -0.05018377 -0.06847121 -0.072698094 -0.050008666
0.059 -0.065 -0.065 -0.065 -0.065 -0.050185267 -0.068461224 -0.07271193 -0.050009456
0.0595 -0.065 -0.065 -0.065 -0.065 -0.050186757 -0.06845156 -0.072725534 -0.050010256
0.06 -0.065 -0.065 -0.065 -0.065 -0.050188232 -0.06844221 -0.07273892 -0.050011065
0.0605 -0.065 -0.065 -0.065 -0.065 -0.050189696 -0.06843316 -0.07275208 -0.050011877
0.061 -0.065 -0.065 -0.065 -0.065 -0.05019115 -0.0684244 -0.07276502 -0.0500127
0.0615 -0.065 -0.065 -0.065 -0.065 -0.050192587 -0.068415925 -0.072777756 -0.050013527
0.062 -0.065 -0.065 -0.065 -0.065 -0.050194018 -0.06840773 -0.07279027 -0.05001436
0.0625 -0.065 -0.065 -0.065 -0.065 -0.050195433 -0.068399794 -0.07280259 -0.0500152
0.063 -0.065 -0.065 -0.065 -0.065 -0.05019684 -0.06839212 -0.072814696 -0.050016046
0.0635 -0.065 -0.065 -0.065 -0.065 -0.050198235 -0.06838471 -0.07282661 -0.05001689
0.064 -0.065 -0.065 -0.065 -0.065 -0.050199613 -0.06837753 -0.07283833 -0.050017744
0.0645 -0.065 -0.065 -0.065 -0.065 -0.050200984 -0.068370596 -0.072849855 -0.050018597
0.065 -0.065 -0.065 -0.065 -0.065 -0.05020234 -0.06836389 -0.07286119 -0.050019454
0.0655 -0.065 -0.065 -0.065 -0.065 -0.050203685 -0.06835741 -0.07287234 -0.050020315
0.066 -0.065 -0.065 -0.065 -0.065 -0.05020502 -0.06835115 -0.07288331 -0.05002118
0.0665 -0.065 -0.065 -0.065 -0.065 -0.050206337 -0.0683451 -0.0728941 -0.05002204
0.067 -0.065 -0.065 -0.065 -0.065 -0.05020765 -0.06833926 -0.07290471 -0.050022904
0.0675 -0.065 -0.065 -0.065 -0.065 -0.050208945 -0.06833362 -0.07291515 -0.05002377
0.068 -0.065 -0.065 -0.065 -0.065 -0.050210226 -0.06832817 -0.07292542 -0.050024636
0.0685 -0.065 -0.065 -0.065 -0.065 -0.0502115 -0.06832291 -0.07293552 -0.050025504
0.069 -0.065 -0.065 -0.065 -0.065 -0.05021276 -0.06831784 -0.07294546 -0.05002637
0.0695 -0.065 -0.065 -0.065 -0.065 -0.050214007 -0.06831294 -0.072955236 -0.050027236
0.07 -0.065 -0.065 -0.065 -0.065 -0.050215244 -0.06830822 -0.07296486 -0.0500281
0.0705 -0.065 -0.065 -0.065 -0.065 -0.050216466 -0.06830366 -0.072974324 -0.050028965
0.071 -0.065 -0.065 -0.065 -0.065 -0.05021768 -0.06829927 -0.07298363 -0.050029825
0.0715 -0.065 -0.065 -0.065 -0.065 -0.05021888 -0.06829503 -0.07299279 -0.050030686
0.072 -0.065 -0.065 -0.065 -0.065 -0.050220065 -0.06829095 -0.0730018 -0.050031547
0.0725 -0.065 -0.065 -0.065 -0.065 -0.050221242 -0.068287015 -0.07301066 -0.050032403
0.073 -0.065 -0.065 -0.065 -0.065 -0.050222404 -0.06828322 -0.073019385 -0.050033256
0.0735 -0.065 -0.065 -0.065 -0.065 -0.05022356 -0.06827957 -0.07302797 -0.05003411
0.074 -0.065 -0.065 -0.065 -0.065 -0.0502247 -0.06827606 -0.07303641 -0.05003496
0.0745 -0.065 -0.065 -0.065 -0.065 -0.050225824 -0.06827268 -0.07304472 -0.050035805
0.075 -0.065 -0.065 -0.065 -0.065 -0.05022694 -0.068269424 -0.07305289 -0.050036646
0.0755 -0.065 -0.065 -0.065 -0.065 -0.050228048 -0.06826629 -0.07306093 -0.050037485
0.076 -0.065 -0.065 -0.065 -0.065 -0.05022914 -0.06826328 -0.07306884 -0.050038323
0.0765 -0.065 -0.065 -0.065 -0.065 -0.050230224 -0.06826039 -0.07307663 -0.050039154
0.077 -0.065 -0.065 -0.065 -0.065 -0.050231293 -0.06825761 -0.07308429 -0.05003998
0.0775 -0.065 -0.065 -0.065 -0.065 -0.05023235 -0.06825493 -0.07309183 -0.050040808
0.078 -0.065 -0.065 -0.065 -0.065 -0.050233398 -0.06825237 -0.07309924 -0.050041627
0.0785 -0.065 -0.065 -0.065 -0.065 -0.050234433 -0.0682499 -0.07310654 -0.050042443
0.079 -0.065 -0.065 -0.065 -0.065 -0.050235458 -0.06824754 -0.07311372 -0.050043255
0.0795 -0.065 -0.065 -0.065 -0.065 -0.05023647 -0.06824528 -0.07312079 -0.05004406
0.08 -0.065 -0.065 -0.065 -0.065 -0.050237473 -0.06824311 -0.07312774 -0.050044864
0.0805 -0.065 -0.065 -0.065 -0.065 -0.050238468 -0.06824103 -0.073134586 -0.05004566
0.081 -0.065 -0.065 -0.065 -0.065 -0.050239448 -0.06823903 -0.07314132 -0.050046455
0.0815 -0.065 -0.065 -0.065 -0.065 -0.050240416 -0.068237126 -0.073147945 -0.05004724
0.082 -0.065 -0.065 -0.065 -0.065 -0.050241373 -0.0682353 -0.073154464 -0.050048023
0.0825 -0.065 -0.065 -0.065 -0.065 -0.050242323 -0.06823356 -0.07316089 -0.050048802
0.083 -0.065 -0.065 -0.065 -0.065 -0.05024326 -0.068231896 -0.0731672 -0.050049573
0.0835 -0.065 -0.065 -0.065 -0.065 -0.050244186 -0.0682303 -0.07317341 -0.05005034
0.084 -0.065 -0.065 -0.065 -0.065 -0.050245102 -0.06822878 -0.07317953 -0.0500511
0.0845 -0.065 -0.065 -0.065 -0.065 -0.050246008 -0.068227336 -0.07318555 -0.050051857
0.085 -0.065 -0.065 -0.065 -0.065 -0.0502469 -0.06822595 -0.07319147 -0.050052606
0.0855 -0.065 -0.065 -0.065 -0.065 -0.05024779 -0.06822464 -0.073197305 -0.05005335
0.086 -0.065 -0.065 -0.065 -0.065 -0.05024866 -0.06822339 -0.07320304 -0.050054092
0.0865 -0.065 -0.065 -0.065 -0.065 -0.050249524 -0.0682222 -0.07320869 -0.050054826
0.087 -0.065 -0.065 -0.065 -0.065 -0.05025038 -0.06822107 -0.07321425 -0.050055552
0.0875 -0.065 -0.065 -0.065 -0.065 -0.050251223 -0.068220004 -0.07321972 -0.050056275
0.088 -0.065 -0.065 -0.065 -0.065 -0.050252058 -0.06821899 -0.0732251 -0.05005699
0.0885 -0.065 -0.065 -0.065 -0.065 -0.050252885 -0.06821803 -0.0732304 -0.0500577
0.089 -0.065 -0.065 -0.065 -0.065 -0.050253697 -0.06821712 -0.073235616 -0.050058406
0.0895 -0.065 -0.065 -0.065 -0.065 -0.050254505 -0.068216264 -0.07324075 -0.050059102
0.09 -0.065 -0.065 -0.065 -0.065 -0.0502553 -0.06821545 -0.0732458 -0.050059795
0.0905 -0.065 -0.065 -0.065 -0.065 -0.050256085 -0.06821469 -0.07325077 -0.05006048
0.091 -0.065 -0.065 -0.065 -0.065 -0.050256863 -0.06821398 -0.073255666 -0.050061163
0.0915 -0.065 -0.065 -0.065 -0.065 -0.05025763 -0.068213314 -0.073260486 -0.050061837
0.092 -0.065 -0.065 -0.065 -0.065 -0.050258387 -0.06821268 -0.073265225 -0.050062504
0.0925 -0.065 -0.065 -0.065 -0.065 -0.050259136 -0.06821209 -0.073269896 -0.050063167
0.093 -0.065 -0.065 -0.065 -0.065 -0.050259877 -0.06821155 -0.07327449 -0.050063826
0.0935 -0.065 -0.065 -0.065 -0.065 -0.05026061 -0.06821104 -0.073279016 -0.050064474
0.094 -0.065 -0.065 -0.065 -0.065 -0.05026133 -0.06821057 -0.07328346 -0.05006512
0.0945 -0.065 -0.065 -0.065 -0.065 -0.050262045 -0.06821014 -0.073287845 -0.05006576
0.095 -0.065 -0.065 -0.065 -0.065 -0.05026275 -0.06820974 -0.07329216 -0.05006639
0.0955 -0.065 -0.065 -0.065 -0.065 -0.050263446 -0.06820937 -0.073296405 -0.05006702
0.096 -0.065 -0.065 -0.065 -0.065 -0.050264135 -0.06820904 -0.073300585 -0.050067637
0.0965 -0.065 -0.065 -0.065 -0.065 -0.050264813 -0.06820873 -0.0733047 -0.05006825
0.097 -0.065 -0.065 -0.065 -0.065 -0.050265484 -0.06820846 -0.07330875 -0.05006886
0.0975 -0.065 -0.065 -0.065 -0.065 -0.050266147 -0.06820822 -0.07331274 -0.050069463
0.098 -0.065 -0.065 -0.065 -0.065 -0.0502668 -0.068208 -0.07331666 -0.05007006
0.0985 -0.065 -0.065 -0.065 -0.065 -0.050267447 -0.068207815 -0.07332053 -0.05007065
0.099 -0.065 -0.065 -0.065 -0.065 -0.050268084 -0.06820765 -0.07332434 -0.050071236
0.0995 -0.065 -0.065 -0.065 -0.065 -0.050268713 -0.06820751 -0.07332808 -0.050071813
0.1 -0.065 -0.065 -0.065 -0.065 -0.045476686 -0.04267424 -0.058425188 -0.044055592
0.1005 -0.05395411 -0.05424113 -0.0503403 -0.04905331 -0.040748224 -0.017548703 -0.04368472 -0.038123365
0.101 -0.03890795 -0.03747828 -0.03240716 -0.03278831 -0.036082927 0.007172562 -0.029106125 -0.03227455
0.1015 -0.02814193 -0.01790903 -0.01727841 -0.02045658 -0.0314804 0.031493053 -0.014688887 -0.026508577
0.102 -0.02069542 0.003178119 -0.004227219 -0.009795039 -0.02694022 0.05541671 -0.0004325062 -0.020824794
0.1025 -0.0150448 0.0250925 0.007807406 0.0001286696 -0.022461873 0.0789477 0.013663858 -0.015222479
0.103 -0.01028089 0.0474125 0.01940331 0.009585489 -0.018044896 0.10209025 0.02760072 -0.0097009465
0.1035 -0.005937762 0.06993615 0.03085921 0.0186779 -0.013688773 0.124848716 0.041378886 -0.0042594485
0.104 -0.00178744 0.09256156 0.04231596 0.02745464 -0.009392954 0.14722785 0.054999188 0.00110282
0.1045 0.002247947 0.1152241 0.05373037 0.03590317 -0.0051568896 0.16923219 0.06846242 0.006386649
0.105 0.006173272 0.1378681 0.06514498 0.04397101 -0.000979986 0.19086677 0.081769496 0.011592884
0.1055 0.01004466 0.1604401 0.07662013 0.05175869 0.0031382963 0.21213633 0.0949212 0.016722329
0.106 0.01390944 0.1828917 0.08816177 0.05932093 0.007198602 0.23304588 0.107918695 0.021775879
0.1065 0.01777463 0.2051775 0.09972897 0.06667168 0.011201493 0.2536003 0.120762736 0.026754357
0.107 0.02162822 0.2272565 0.1113051 0.07379875 0.015147589 0.27380466 0.1334544 0.031658657
0.1075 0.02547291 0.2490907 0.1228791 0.08072575 0.019037507 0.29366398 0.14599466 0.036489643
0.108 0.02931324 0.2706478 0.134441 0.08746946 0.02287186 0.31318325 0.15838459 0.041248202
0.1085 0.03314654 0.2919015 0.1459791 0.09403694 0.026651256 0.33236748 0.17062522 0.045935206
0.109 0.03696713 0.3124343 0.1574776 0.1004319 0.030376315 0.35122156 0.18271759 0.050551526
0.1095 0.04076905 0.3318113 0.1689008 0.1066564 0.03404767 0.3697505 0.19466281 0.05509805
0.11 0.04454797 0.3506541 0.1802432 0.112717 0.037665896 0.38795918 0.20646185 0.059575617
0.1105 0.04830111 0.3692651 0.1915119 0.1186187 0.041231647 0.40585244 0.21811593 0.06398513
0.111 0.0520266 0.3877729 0.2027119 0.1243664 0.044745527 0.42343515 0.22962618 0.06832744
0.1115 0.05572328 0.4062089 0.2138441 0.1299648 0.048208132 0.44071203 0.24099362 0.0726034
0.112 0.05939041 0.424555 0.2249059 0.1354189 0.051620044 0.45768768 0.25221932 0.076813824
0.1125 0.06302755 0.4427713 0.2358928 0.1407335 0.054981895 0.47436684 0.26330453 0.080959596
0.113 0.06663443 0.4608112 0.2467994 0.1459072 0.05829426 0.490754 0.27425027 0.085041516
0.1135 0.07021071 0.4786304 0.2576206 0.1509458 0.061557725 0.50685376 0.28505766 0.08906042
0.114 0.07375616 0.4961907 0.2683517 0.1558612 0.06477288 0.5226705 0.2957279 0.09301711
0.1145 0.07727063 0.5134613 0.2789883 0.1606582 0.067940325 0.5382087 0.30626217 0.09691242
0.115 0.08075414 0.5304188 0.2895263 0.1653407 0.071060605 0.55347264 0.31666148 0.10074713
0.1155 0.08419939 0.5470457 0.2999613 0.1699053 0.07413431 0.5684666 0.3269271 0.10452203
0.116 0.08759454 0.5633286 0.3102875 0.1743514 0.077162005 0.5831948 0.33706012 0.10823793
0.1165 0.090956 0.579261 0.320505 0.1786939 0.080144234 0.59766126 0.34706166 0.111895554
0.117 0.09429381 0.5948416 0.330614 0.1829395 0.08308155 0.61187017 0.356933 0.115495704
0.1175 0.09760871 0.6100723 0.3406131 0.1870861 0.08597454 0.6258257 0.36667514 0.119039126
0.118 0.1008762 0.6249548 0.3504918 0.1910754 0.08882371 0.6395316 0.3762893 0.12252659
0.1185 0.1040922 0.6394943 0.360248 0.1949488 0.09162963 0.65299183 0.38577667 0.1259588
0.119 0.1072797 0.6536994 0.3698906 0.198749 0.0943928 0.6662103 0.39513826 0.1293365
0.1195 0.1104494 0.6675795 0.3794235 0.2024867 0.097113736 0.67919075 0.40437526 0.13266042
0.12 0.1136016 0.6811439 0.3888463 0.2061625 0.099793024 0.69193697 0.41348892 0.13593128
0.1205 0.1167332 0.6944018 0.3981572 0.2097751 0.102431156 0.70445263 0.42248034 0.13914979
0.121 0.11984 0.7073618 0.4073548 0.2133231 0.10502867 0.71674144 0.43135065 0.14231664
0.1215 0.1229189 0.7200324 0.416438 0.216806 0.10758602 0.72880685 0.4401011 0.14543253
0.122 0.125968 0.7324218 0.4254062 0.2202238 0.11010376 0.74065244 0.44873267 0.14849815
0.1225 0.1289829 0.7445375 0.4342586 0.2235679 0.11258236 0.7522818 0.45724654 0.15151417
0.123 0.1319381 0.7563843 0.442988 0.2267024 0.1150224 0.7636984 0.465644 0.15448132
0.1235 0.134828 0.76797 0.4515957 0.2295728 0.11742429 0.77490556 0.4739262 0.15740022
0.124 0.137682 0.7793027 0.4600885 0.2324538 0.119788535 0.78590655 0.4820941 0.16027153
0.1245 0.1405222 0.79039 0.4684708 0.2353647 0.122115664 0.7967049 0.49014902 0.16309589
0.125 0.1433522 0.8012392 0.4767436 0.2382883 0.12440614 0.8073038 0.49809206 0.165874
0.1255 0.1461675 0.8118568 0.4849067 0.2412044 0.12666044 0.8177065 0.5059244 0.16860652
0.126 0.1489617 0.8222489 0.4929595 0.2438531 0.12887901 0.82791615 0.5136471 0.171294
0.1265 0.1517288 0.832421 0.5009015 0.2464207 0.13106236 0.8379359 0.5212613 0.17393714
0.127 0.1544651 0.8423772 0.5087306 0.2490344 0.13321093 0.8477688 0.5287682 0.1765365
0.1275 0.1571698 0.8521225 0.5164472 0.2516867 0.13532522 0.857418 0.5361689 0.17909276
0.128 0.1598441 0.8616628 0.5240549 0.2543572 0.13740566 0.8668865 0.5434645 0.1816065
0.1285 0.1624875 0.8710027 0.5315551 0.2567362 0.1394527 0.8761773 0.55065614 0.18407834
0.129 0.1650902 0.8801468 0.5389477 0.2590714 0.1414668 0.8852933 0.55774504 0.18650886
0.1295 0.1676391 0.8890772 0.545286 0.2614595 0.14344841 0.89423746 0.56473225 0.18889868
0.13 0.1701525 0.8977716 0.5513828 0.2638907 0.14041212 0.87640464 0.5561346 0.18498626
0.1305 0.1616056 0.8955019 0.5431775 0.2504226 0.13742027 0.8588731 0.5476421 0.18113351
0.131 0.1490345 0.887058 0.532039 0.236646 0.13447231 0.8416389 0.53925383 0.17733976
0.1315 0.140696 0.875648 0.5237691 0.2267498 0.13156775 0.8246982 0.53096867 0.17360425
0.132 0.1356394 0.8625636 0.5175544 0.2184752 0.12870604 0.8080467 0.5227856 0.16992626
0.1325 0.1323437 0.8484564 0.5123085 0.2109155 0.12588665 0.7916809 0.5147037 0.16630507
0.133 0.1298968 0.8336845 0.507356 0.2037836 0.123109154 0.77559674 0.506722 0.16273996
0.1335 0.127827 0.8184406 0.5014926 0.1969812 0.12037296 0.75979036 0.49883926 0.15923026
0.134 0.1259175 0.8028566 0.4955299 0.1904649 0.11767764 0.7442582 0.49105483 0.15577528
0.1345 0.1240898 0.7870702 0.4898689 0.1842108 0.11502268 0.7289966 0.48336768 0.15237436
0.135 0.1223064 0.7711935 0.4844376 0.1782013 0.11240757 0.7140016 0.47577673 0.14902675
0.1355 0.120546 0.7553115 0.4790991 0.1724214 0.10983188 0.6992699 0.4682811 0.14573187
0.136 0.1187961 0.7394881 0.4737514 0.1668578 0.10729507 0.68479764 0.46087974 0.14248899
0.1365 0.1170484 0.7237715 0.468336 0.1614984 0.104796715 0.6705813 0.45357186 0.13929746
0.137 0.1152962 0.7081988 0.4628268 0.1563321 0.102336295 0.6566173 0.44635642 0.13615665
0.1375 0.1135418 0.6927989 0.4572176 0.1513486 0.099913366 0.6429022 0.43923235 0.13306585
0.138 0.1117865 0.6775945 0.4515134 0.1465387 0.09752747 0.62943244 0.43219894 0.13002446
0.1385 0.1100307 0.6626037 0.4457249 0.1418936 0.095178105 0.6162044 0.42525518 0.1270318
0.139 0.1082748 0.6478404 0.4398645 0.1374052 0.09286485 0.60321486 0.41840014 0.12408728
0.1395 0.1065192 0.6333159 0.4339453 0.1330658 0.09058722 0.5904602 0.41163287 0.12119021
0.14 0.1047645 0.6190383 0.4279797 0.1288682 0.08834476 0.577937 0.40495247 0.11833999
0.1405 0.1030112 0.605014 0.421979 0.1248056 0.086137004 0.5656419 0.39835802 0.11553597
0.141 0.10126 0.5912471 0.4159534 0.1208718 0.08396355 0.5535717 0.39184868 0.11277754
0.1415 0.09951167 0.5777406 0.4099121 0.1170609 0.08182392 0.5417228 0.38542348 0.11006408
0.142 0.09776683 0.5644957 0.4038632 0.1133671 0.07971767 0.53009194 0.3790816 0.10739497
0.1425 0.09602616 0.5515127 0.3978139 0.1097852 0.07764434 0.51867586 0.37282208 0.104769595
0.143 0.09429032 0.538791 0.3917703 0.1063102 0.07560352 0.5074713 0.366644 0.10218734
0.1435 0.09255994 0.526329 0.3857384 0.1029375 0.07359476 0.49647492 0.3605466 0.09964762
0.144 0.09083561 0.5141247 0.379723 0.09966262 0.071617596 0.48568344 0.3545288 0.09714977
0.1445 0.08911791 0.5021754 0.3737286 0.09648133 0.06967162 0.4750936 0.3485899 0.09469325
0.145 0.08740737 0.4904778 0.3677595 0.09338971 0.06775641 0.46470237 0.3427289 0.092277445
0.1455 0.08570451 0.4790286 0.3618191 0.09038401 0.06587152 0.45450652 0.336945 0.08990175
0.146 0.08400979 0.4678239 0.3559108 0.08746069 0.064016536 0.44450277 0.33123732 0.08756561
0.1465 0.08232368 0.4568596 0.3500375 0.08461642 0.062191032 0.43468815 0.32560498 0.085268416
0.147 0.08064659 0.4461316 0.3442021 0.08184802 0.060394593 0.42505944 0.3200472 0.08300961
0.1475 0.07897894 0.4356356 0.3384069 0.07915248 0.05862681 0.41561365 0.314563 0.08078859
0.148 0.07732108 0.425367 0.3326541 0.07652697 0.05688726 0.4063477 0.3091517 0.07860484
0.1485 0.07567339 0.4153215 0.3269459 0.07396879 0.055175535 0.39725858 0.30381227 0.07645773
0.149 0.07403618 0.4054945 0.3212839 0.07147538 0.053491235 0.38834327 0.29854405 0.07434674
0.1495 0.07240976 0.3958815 0.31567 0.0690443 0.051833965 0.37959892 0.29334608 0.072271325
0.15 0.07079443 0.3864779 0.3101056 0.06667326 0.05020331 0.37102246 0.28821763 0.07023091
0.1505 0.06919046 0.3772793 0.304592 0.06436007 0.048598893 0.36261106 0.28315783 0.06822496
0.151 0.06759808 0.3682811 0.2991305 0.06210262 0.047020294 0.3543617 0.27816582 0.06625292
0.1515 0.06601754 0.3594791 0.2937222 0.05989896 0.045467146 0.34627175 0.27324083 0.06431427
0.152 0.06444906 0.3508689 0.2883681 0.05774719 0.043939076 0.33833826 0.2683821 0.062408485
0.1525 0.06289282 0.3424461 0.2830691 0.05564551 0.042435676 0.3305585 0.26358882 0.060535036
0.153 0.06134902 0.3342066 0.2778259 0.05359223 0.040956594 0.32292977 0.25886014 0.058693416
0.1535 0.05981781 0.3261462 0.2726392 0.05158569 0.039501436 0.3154492 0.25419536 0.05688309
0.154 0.05829937 0.3182609 0.2675096 0.04962436 0.03806985 0.3081143 0.24959359 0.055103578
0.1545 0.05679382 0.3105467 0.2624376 0.04770675 0.036661476 0.3009223 0.24505419 0.053354368
0.155 0.05530129 0.3029996 0.2574237 0.04583145 0.035275944 0.29387063 0.24057627 0.051634967
0.1555 0.05382191 0.2956159 0.2524682 0.04399709 0.033912882 0.2869567 0.23615915 0.049944885
0.156 0.05235576 0.2883918 0.2475713 0.0422024 0.032571964 0.28017792 0.23180202 0.04828363
0.1565 0.05090294 0.2813237 0.2427334 0.04044613 0.031252824 0.27353185 0.2275042 0.046650738
0.157 0.04946353 0.274408 0.2379545 0.0387271 0.029955141 0.26701602 0.2232649 0.04504574
0.1575 0.0480376 0.2676412 0.2332349 0.03704419 0.028678551 0.26062796 0.2190834 0.04346817
0.158 0.04662521 0.2610199 0.2285745 0.0353963 0.027422741 0.25436532 0.214959 0.04191757
0.1585 0.04522641 0.2545408 0.2239733 0.03378241 0.026187353 0.24822563 0.21089086 0.04039347
0.159 0.04384123 0.2482005 0.2194313 0.03220151 0.024972081 0.2422066 0.20687845 0.03889545
0.1595 0.04246971 0.241996 0.2149484 0.03065266 0.023776606 0.23630598 0.20292097 0.037423067
0.16 0.04111188 0.2359241 0.2105245 0.02913493 0.022600591 0.23052144 0.1990177 0.035975866
0.1605 0.03976774 0.2299818 0.2061595 0.02764746 0.021443732 0.22485074 0.19516793 0.034553424
0.161 0.0384373 0.2241661 0.2018531 0.02618939 0.020305708 0.21929175 0.19137102 0.033155322
0.1615 0.03712056 0.2184742 0.197605 0.02475992 0.019186236 0.21384227 0.18762633 0.031781167
0.162 0.03581753 0.2129032 0.1934151 0.02335827 0.01808501 0.20850024 0.18393317 0.030430533
0.1625 0.03452817 0.2074504 0.189283 0.02198368 0.017001726 0.20326346 0.18029086 0.029103003
0.163 0.03325247 0.2021131 0.1852085 0.02063544 0.015936084 0.19812998 0.17669868 0.027798198
0.1635 0.03199042 0.1968887 0.1811911 0.01931285 0.014887802 0.19309774 0.17315608 0.02651573
0.164 0.03074196 0.1917747 0.1772304 0.01801524 0.013856612 0.18816477 0.16966237 0.025255196
0.1645 0.02950708 0.1867684 0.1733262 0.01674197 0.012842208 0.18332905 0.16621688 0.024016216
0.165 0.02828572 0.1818676 0.169478 0.01549243 0.011844322 0.17858875 0.16281901 0.022798426
0.1655 0.02707784 0.1770697 0.1656854 0.014266 0.010862686 0.17394194 0.15946813 0.021601453
0.166 0.02588339 0.1723726 0.1619478 0.01306211 0.009897035 0.1693868 0.15616365 0.020424947
0.1665 0.02470231 0.167774 0.158265 0.01188021 0.008947093 0.16492146 0.15290491 0.019268535
0.167 0.02353454 0.1632715 0.1546363 0.01071976 0.008012611 0.16054416 0.14969136 0.018131875
0.1675 0.02238003 0.1588631 0.1510613 0.009580236 0.0070933327 0.15625319 0.14652236 0.017014623
0.168 0.02123869 0.1545467 0.1475395 0.008461136 0.0061890073 0.15204677 0.14339738 0.015916444
0.1685 0.02011046 0.1503203 0.1440703 0.007361976 0.005299382 0.14792323 0.14031577 0.014836989
0.169 0.01899528 0.1461817 0.1406534 0.006282287 0.004424207 0.14388093 0.13727699 0.013775945
0.1695 0.01789305 0.1421291 0.137288 0.005221613 0.0035632625 0.13991827 0.13428049 0.012732998
0.17 0.0168037 0.1381605 0.1339738 0.004179517 0.0027162954 0.13603354 0.13132568 0.011707805
0.1705 0.01572715 0.1342741 0.1307101 0.003155572 0.0018830821 0.1322253 0.12841201 0.010700069
0.171 0.01466331 0.130468 0.1274963 0.002149367 0.0010633767 0.12849191 0.1255389 0.009709474
0.1715 0.0136121 0.1267405 0.124332 0.001160502 0.00025697425 0.12483195 0.12270583 0.0087357275
0.172 0.01257342 0.1230899 0.1212166 0.0001885917 -0.00053635985 0.12124387 0.11991227 0.007778533
0.1725 0.01154719 0.1195144 0.1181495 -0.0007667397 -0.0013168342 0.117726244 0.1171577 0.0068375915
0.173 0.01053331 0.1160123 0.1151302 -0.001705855 -0.0020846725 0.11427765 0.11444157 0.0059126243
0.1735 0.00953169 0.1125821 0.112158 -0.002629108 -0.002840072 0.11089676 0.1117634 0.005003359
0.174 0.008542227 0.1092223 0.1092324 -0.003536839 -0.0035832524 0.107582115 0.109122664 0.0041095093
0.1745 0.007564826 0.1059311 0.1063528 -0.004429381 -0.004314415 0.104332365 0.106518835 0.0032307878
0.175 0.006599387 0.1027072 0.1035187 -0.005307057 -0.0050337575 0.10114624 0.10395144 0.0023669526
0.1755 0.00564581 0.099549 0.1007294 -0.006170178 -0.0057414807 0.09802245 0.10141997 0.001517728
0.176 0.004703993 0.09645516 0.09798443 -0.00701905 -0.006437771 0.09495974 0.09892397 0.00068286434
0.1765 0.003773833 0.09342423 0.09528318 -0.007853968 -0.0071228296 0.09195683 0.09646292 -0.00013789535
0.177 0.002855226 0.09045484 0.09262508 -0.008675219 -0.0077968314 0.08901257 0.094036385 -0.0009447932
0.1775 0.001948069 0.08754566 0.09000955 -0.009483082 -0.00845997 0.08612574 0.0916439 -0.0017380789
0.178 0.001052255 0.08469538 0.08743602 -0.01027783 -0.009112425 0.083295144 0.08928496 -0.0025179908
0.1785 0.0001676784 0.08190271 0.08490393 -0.01105972 -0.009754382 0.08051967 0.08695911 -0.0032847747
0.179 -0.0007057664 0.07916642 0.08241269 -0.01182903 -0.010385998 0.077798195 0.084665954 -0.0040386394
0.1795 -0.001568187 0.07648527 0.07996176 -0.01258598 -0.011007458 0.075129636 0.082405 -0.0047798306
0.18 -0.00241969 0.07385807 0.07755057 -0.01333084 -0.011618927 0.07251289 0.08017583 -0.005508572
0.1805 -0.003260383 0.07128367 0.07517856 -0.01406383 -0.01222058 0.06994691 0.077978 -0.006225072
0.181 -0.004090374 0.06876091 0.07284517 -0.01478519 -0.012812573 0.06743068 0.07581109 -0.006929554
0.1815 -0.004909772 0.0662887 0.07054985 -0.01549514 -0.013395064 0.0649632 0.07367465 -0.0076222196
0.182 -0.005718683 0.06386594 0.06829206 -0.0161939 -0.013968222 0.06254346 0.07156831 -0.008303285
0.1825 -0.006517217 0.06149157 0.06607126 -0.01688169 -0.014532194 0.060170494 0.06949161 -0.00897295
0.183 -0.007305481 0.05916455 0.0638869 -0.01755871 -0.015087135 0.05784335 0.067444175 -0.009631421
0.1835 -0.008083584 0.05688387 0.06173844 -0.01822517 -0.015633196 0.055561103 0.065425605 -0.010278888
0.184 -0.008851633 0.05464854 0.05962537 -0.01888126 -0.01617052 0.053322844 0.063435495 -0.01091554
0.1845 -0.009609736 0.05245759 0.05754715 -0.01952718 -0.016699255 0.05112768 0.06147346 -0.011541575
0.185 -0.010358 0.05031007 0.05550325 -0.02016312 -0.017219543 0.048974745 0.059539124 -0.012157172
0.1855 -0.01109653 0.04820506 0.05349318 -0.02078926 -0.017731532 0.046863176 0.057632066 -0.012762524
0.186 -0.01182544 0.04614166 0.0515164 -0.02140579 -0.018235348 0.044792153 0.05575195 -0.013357796
0.1865 -0.01254484 0.04411897 0.04957243 -0.02201286 -0.018731136 0.042760797 0.05389837 -0.013943177
0.187 -0.01325482 0.04213614 0.04766075 -0.02261067 -0.019219026 0.040768363 0.052070998 -0.014518835
0.1875 -0.01395549 0.04019232 0.04578087 -0.02319937 -0.019699145 0.038814053 0.05026944 -0.015084937
0.188 -0.01464697 0.03828669 0.04393231 -0.02377913 -0.020171622 0.036897108 0.048493385 -0.015641645
0.1885 -0.01532935 0.03641843 0.04211457 -0.02435011 -0.020636588 0.03501673 0.04674243 -0.016189136
0.189 -0.01600274 0.03458677 0.04032717 -0.02491246 -0.021094164 0.033172227 0.045016266 -0.016727563
0.1895 -0.01666724 0.03279093 0.03856965 -0.02546634 -0.021544471 0.031362854 0.04331453 -0.017257083
0.19 -0.01732296 0.03103016 0.03684154 -0.0260119 -0.021987632 0.029587895 0.041636907 -0.017777849
0.1905 -0.01797 0.02930372 0.03514236 -0.02654927 -0.022423763 0.027846672 0.03998304 -0.018290017
0.191 -0.01860846 0.02761088 0.03347167 -0.02707861 -0.02285298 0.026138507 0.0383526 -0.018793736
0.1915 -0.01923844 0.02595095 0.03182901 -0.02760006 -0.023275396 0.024462722 0.03674528 -0.01928915
0.192 -0.01986004 0.02432324 0.03021394 -0.02811374 -0.023691125 0.022818685 0.035160735 -0.019776404
0.1925 -0.02047337 0.02272708 0.02862601 -0.0286198 -0.024100276 0.021205746 0.033598676 -0.020255642
0.193 -0.02107852 0.0211618 0.0270648 -0.02911836 -0.024502955 0.01962328 0.032058775 -0.020726997
0.1935 -0.02167559 0.01962676 0.02552986 -0.02960956 -0.024899278 0.018070668 0.030540712 -0.021190617
0.194 -0.02226468 0.01812134 0.02402078 -0.03009351 -0.02528934 0.016547322 0.029044203 -0.021646623
0.1945 -0.02284589 0.01664491 0.02253715 -0.03057034 -0.025673248 0.015052654 0.027568944 -0.022095151
0.195 -0.02341931 0.01519689 0.02107854 -0.03104017 -0.0260511 0.013586089 0.02611462 -0.02253633
0.1955 -0.02398504 0.01377667 0.01964455 -0.03150311 -0.026422994 0.012147076 0.024680994 -0.022970285
0.196 -0.02454317 0.01238368 0.01823478 -0.03195929 -0.02678903 0.010735042 0.023267724 -0.023397144
0.1965 -0.0250938 0.01101736 0.01684883 -0.03240881 -0.027149303 0.009349473 0.021874554 -0.023817023
0.197 -0.02563702 0.009677164 0.01548632 -0.03285178 -0.027503908 0.007989839 0.020501196 -0.024230044
0.1975 -0.02617292 0.008362549 0.01414685 -0.03328832 -0.027852938 0.006655611 0.019147366 -0.024636328
0.198 -0.0267016 0.007072988 0.01283005 -0.03371852 -0.028196482 0.005346291 0.017812803 -0.025035989
0.1985 -0.02722314 0.005807969 0.01153555 -0.0341425 -0.028534632 0.0040613785 0.016497232 -0.02542914
0.199 -0.02773764 0.004566987 0.01026298 -0.03456035 -0.02886748 0.0028003678 0.015200369 -0.025815897
0.1995 -0.02824518 0.00334955 0.009011965 -0.03497217 -0.0291951 0.0015628338 0.013921998 -0.026196357
0.2 -0.02874585 0.002155175 0.007782159 -0.03537806 -0.029517585 0.00034828484 0.01266183 -0.026570639
0.2005 -0.02923975 0.0009833931 0.006573206 -0.03577811 -0.029835023 -0.000843741 0.011419594 -0.026938844
0.201 -0.02972695 -0.0001662581 0.005384758 -0.03617243 -0.03014749 -0.0020136833 0.010195076 -0.027301079
0.2015 -0.03020754 -0.001294229 0.004216474 -0.0365611 -0.030455064 -0.0031619743 0.008988015 -0.027657442
0.202 -0.03068161 -0.002400961 0.003068016 -0.03694421 -0.03075783 -0.0042890385 0.0077981576 -0.02800803
0.2025 -0.03114924 -0.003486885 0.001939053 -0.03732186 -0.03105586 -0.0053953007 0.00662528 -0.028352946
0.203 -0.03161051 -0.004552423 0.0008292564 -0.03769412 -0.031349238 -0.006481178 0.0054691285 -0.028692286
0.2035 -0.03206551 -0.005597988 -0.0002616942 -0.03806108 -0.031638034 -0.007547058 0.004329473 -0.029026143
0.204 -0.03251432 -0.006623984 -0.001334116 -0.03842283 -0.031922325 -0.008593343 0.0032060817 -0.029354613
0.2045 -0.03295702 -0.007630807 -0.002388322 -0.03877945 -0.032202184 -0.009620406 0.0020987242 -0.029677784
0.205 -0.03339368 -0.008618843 -0.003424619 -0.03913101 -0.032477684 -0.010628641 0.0010071844 -0.029995747
0.2055 -0.0338244 -0.00958847 -0.004443309 -0.03947761 -0.03274889 -0.011618383 -6.876141e-05 -0.030308586
0.206 -0.03424923 -0.01054006 -0.005444691 -0.03981931 -0.03301587 -0.012590036 -0.0011293367 -0.030616393
0.2065 -0.03466827 -0.01147397 -0.006429057 -0.04015619 -0.0332787 -0.013543926 -0.0021747649 -0.03091925
0.207 -0.03508159 -0.01239056 -0.007396695 -0.04048833 -0.03353744 -0.014480412 -0.0032052398 -0.031217242
0.2075 -0.03548926 -0.01329018 -0.008347891 -0.0408158 -0.033792164 -0.015399836 -0.0042209923 -0.03151045
0.208 -0.03589135 -0.01417316 -0.009282922 -0.04113867 -0.03404293 -0.016302519 -0.0052222237 -0.031798955
0.2085 -0.03628795 -0.01503983 -0.01020206 -0.04145701 -0.0342898 -0.017188791 -0.0062091276 -0.032082833
0.209 -0.03667913 -0.01589053 -0.01110559 -0.0417709 -0.03453284 -0.01805897 -0.0071819127 -0.032362167
0.2095 -0.03706495 -0.01672557 -0.01199376 -0.04208039 -0.034772113 -0.018913373 -0.0081407875 -0.03263703
0.21 -0.03744549 -0.01754526 -0.01286684 -0.04238557 -0.035007674 -0.019752301 -0.009085931 -0.032907497
0.2105 -0.03782082 -0.0183499 -0.01372509 -0.04268648 -0.03523959 -0.020576052 -0.010017544 -0.033173643
0.211 -0.038191 -0.0191398 -0.01456876 -0.0429832 -0.035467908 -0.021384917 -0.010935813 -0.03343553
0.2115 -0.03855611 -0.01991525 -0.0153981 -0.0432758 -0.0356927 -0.022179201 -0.011840932 -0.033693247
0.212 -0.03891622 -0.02067652 -0.01621335 -0.04356433 -0.03591401 -0.022959165 -0.012733087 -0.033946853
0.2125 -0.03927139 -0.02142391 -0.01701476 -0.04384885 -0.0361319 -0.023725092 -0.013612464 -0.034196418
0.213 -0.03962168 -0.02215768 -0.01780256 -0.04412943 -0.036346424 -0.024477258 -0.014479242 -0.03444201
0.2135 -0.03996717 -0.0228781 -0.018577 -0.04440612 -0.036557637 -0.025215924 -0.015333597 -0.034683697
0.214 -0.04030792 -0.02358544 -0.01933828 -0.04467899 -0.03676559 -0.025941342 -0.016175702 -0.034921538
0.2145 -0.04064399 -0.02427995 -0.02008665 -0.04494808 -0.03697033 -0.02665377 -0.01700573 -0.0351556
0.215 -0.04097545 -0.02496188 -0.02082233 -0.04521346 -0.037171915 -0.027353462 -0.01782386 -0.035385948
0.2155 -0.04130235 -0.02563148 -0.02154552 -0.04547518 -0.03737039 -0.028040655 -0.018630251 -0.035612643
0.216 -0.04162476 -0.02628899 -0.02225645 -0.0457333 -0.037565812 -0.028715592 -0.019425068 -0.03583574
0.2165 -0.04194274 -0.02693465 -0.02295533 -0.04598787 -0.037758224 -0.029378504 -0.020208474 -0.036055304
0.217 -0.04225635 -0.02756868 -0.02364237 -0.04623894 -0.037947673 -0.030029621 -0.020980645 -0.036271393
0.2175 -0.04256566 -0.02819131 -0.02431777 -0.04648656 -0.03813421 -0.030669168 -0.021741737 -0.036484063
0.218 -0.04287071 -0.02880277 -0.02498172 -0.04673078 -0.038317874 -0.031297363 -0.022491891 -0.03669337
0.2185 -0.04317156 -0.02940327 -0.02563443 -0.04697166 -0.03849872 -0.03191442 -0.023231268 -0.03689937
0.219 -0.04346828 -0.02999302 -0.0262761 -0.04720925 -0.038676783 -0.032520555 -0.023960028 -0.037102118
0.2195 -0.04376092 -0.03057223 -0.0269069 -0.04744358 -0.038852114 -0.033115968 -0.024678316 -0.037301667
0.22 -0.04404953 -0.03114111 -0.02752703 -0.04767471 -0.039024755 -0.03370087 -0.025386289 -0.037498068
0.2205 -0.04433417 -0.03169984 -0.02813668 -0.04790269 -0.039194748 -0.034275457 -0.026084084 -0.037691377
0.221 -0.0446149 -0.03224864 -0.02873602 -0.04812756 -0.039362133 -0.03483992 -0.026771847 -0.037881643
0.2215 -0.04489177 -0.03278768 -0.02932523 -0.04834936 -0.03952695 -0.035394453 -0.027449723 -0.038068913
0.222 -0.04516482 -0.03331716 -0.02990449 -0.04856815 -0.039689247 -0.035939235 -0.02811785 -0.03825324
0.2225 -0.04543412 -0.03383726 -0.03047397 -0.04878396 -0.039849058 -0.036474463 -0.028776374 -0.03843467
0.223 -0.04569972 -0.03434816 -0.03103384 -0.04899684 -0.04000642 -0.037000302 -0.029425424 -0.038613245
0.2235 -0.04596166 -0.03485004 -0.03158426 -0.04920683 -0.040161375 -0.037516937 -0.030065134 -0.038789023
0.224 -0.04621999 -0.03534306 -0.03212539 -0.04941397 -0.04031396 -0.038024537 -0.030695643 -0.038962044
0.2245 -0.04647477 -0.0358274 -0.03265741 -0.0496183 -0.04046421 -0.038523268 -0.031317066 -0.03913235
0.225 -0.04672604 -0.03630321 -0.03318046 -0.04981987 -0.04061217 -0.039013304 -0.031929553 -0.039299987
0.2255 -0.04697386 -0.03677067 -0.0336947 -0.05001871 -0.040757865 -0.039494798 -0.032533213 -0.039465003
0.226 -0.04721827 -0.03722994 -0.03420028 -0.05021486 -0.040901337 -0.039967913 -0.03312819 -0.039627433
0.2265 -0.04745931 -0.03768115 -0.03469735 -0.05040836 -0.04104262 -0.040432803 -0.0337146 -0.03978733
0.227 -0.04769704 -0.03812448 -0.03518606 -0.05059925 -0.041181743 -0.04088962 -0.03429255 -0.03994472
0.2275 -0.04793149 -0.03856006 -0.03566656 -0.05078756 -0.04131875 -0.04133852 -0.034862176 -0.04009965
0.228 -0.04816272 -0.03898805 -0.03613898 -0.05097334 -0.041453663 -0.041779645 -0.035423607 -0.04025217
0.2285 -0.04839077 -0.03940859 -0.03660347 -0.05115661 -0.041586526 -0.04221314 -0.03597694 -0.040402308
0.229 -0.04861568 -0.03982181 -0.03706016 -0.05133742 -0.04171736 -0.042639136 -0.036522295 -0.040550105
0.2295 -0.04883749 -0.04022785 -0.03750919 -0.0515158 -0.04184621 -0.04305779 -0.0370598 -0.0406956
0.23 -0.04905626 -0.04062685 -0.03795068 -0.05169178 -0.04197309 -0.043469224 -0.03758955 -0.04083883
0.2305 -0.04927201 -0.04101895 -0.03838478 -0.05186539 -0.042098045 -0.04387357 -0.038111664 -0.040979825
0.231 -0.0494848 -0.04140426 -0.0388116 -0.05203668 -0.0422211 -0.04427097 -0.03862625 -0.041118633
0.2315 -0.04969466 -0.04178292 -0.03923128 -0.05220567 -0.04234228 -0.044661537 -0.039133407 -0.04125528
0.232 -0.04990164 -0.04215504 -0.03964394 -0.0523724 -0.042461623 -0.045045406 -0.03963325 -0.041389808
0.2325 -0.05010577 -0.04252076 -0.04004969 -0.05253689 -0.04257915 -0.045422696 -0.04012589 -0.041522242
0.233 -0.05030709 -0.04288019 -0.04044866 -0.05269918 -0.042694893 -0.045793526 -0.040611416 -0.041652624
0.2335 -0.05050565 -0.04323345 -0.04084096 -0.0528593 -0.04280888 -0.046158012 -0.04108993 -0.041780982
0.234 -0.05070147 -0.04358065 -0.04122671 -0.05301728 -0.042921133 -0.046516273 -0.041561536 -0.041907348
0.2345 -0.05089461 -0.0439219 -0.04160603 -0.05317315 -0.043031685 -0.04686842 -0.042026334 -0.042031758
0.235 -0.05108509 -0.04425732 -0.04197902 -0.05332694 -0.043140564 -0.04721457 -0.042484425 -0.04215424
0.2355 -0.05127295 -0.04458701 -0.04234579 -0.05347868 -0.04324779 -0.04755483 -0.0429359 -0.04227483
0.236 -0.05145823 -0.04491107 -0.04270645 -0.0536284 -0.043353394 -0.047889303 -0.043380853 -0.04239355
0.2365 -0.05164097 -0.04522961 -0.04306111 -0.05377612 -0.043457393 -0.048218094 -0.04381938 -0.042510435
0.237 -0.0518212 -0.04554274 -0.04340986 -0.05392187 -0.04355982 -0.048541307 -0.04425157 -0.042625513
0.2375 -0.05199895 -0.04585054 -0.04375282 -0.05406568 -0.043660697 -0.048859045 -0.04467752 -0.042738818
0.238 -0.05217426 -0.04615313 -0.04409007 -0.05420758 -0.043760046 -0.049171403 -0.04509731 -0.042850368
0.2385 -0.05234717 -0.04645059 -0.04442173 -0.0543476 -0.043857895 -0.049478482 -0.045511037 -0.0429602
0.239 -0.0525177 -0.04674301 -0.04474788 -0.05448575 -0.04395426 -0.04978037 -0.045918785 -0.04306834
0.2395 -0.05268589 -0.0470305 -0.04506862 -0.05462208 -0.04404917 -0.05007717 -0.04632064 -0.043174807
0.24 -0.05285177 -0.04731313 -0.04538404 -0.05475659 -0.044142645 -0.050368965 -0.046716686 -0.04327964
0.2405 -0.05301538 -0.047591 -0.04569424 -0.05488931 -0.044234708 -0.05065585 -0.047107004 -0.043382853
0.241 -0.05317675 -0.0478642 -0.0459993 -0.05502028 -0.04432538 -0.050937902 -0.047491673 -0.04348448
0.2415 -0.0533359 -0.0481328 -0.04629931 -0.05514952 -0.044414684 -0.051215224 -0.047870785 -0.043584544
0.242 -0.05349287 -0.04839689 -0.04659436 -0.05527704 -0.044502642 -0.05148789 -0.04824441 -0.043683067
0.2425 -0.05364768 -0.04865656 -0.04688454 -0.05540287 -0.04458927 -0.051755983 -0.04861263 -0.043780077
0.243 -0.05380038 -0.04891188 -0.04716993 -0.05552704 -0.04467459 -0.05201959 -0.04897552 -0.043875597
0.2435 -0.05395098 -0.04916293 -0.0474506 -0.05564957 -0.044758625 -0.052278787 -0.049333166 -0.04396965
0.244 -0.05409952 -0.0494098 -0.04772665 -0.05577048 -0.044841394 -0.05253365 -0.049685627 -0.044062257
0.2445 -0.05424603 -0.04965254 -0.04799814 -0.05588979 -0.044922914 -0.052784264 -0.050032996 -0.044153444
0.245 -0.05439052 -0.04989124 -0.04826517 -0.05600753 -0.045003206 -0.053030696 -0.050375335 -0.044243235
0.2455 -0.05453304 -0.05012597 -0.0485278 -0.05612371 -0.04508229 -0.053273022 -0.05071272 -0.044331647
0.246 -0.05467361 -0.05035681 -0.04878611 -0.05623836 -0.04516018 -0.053511314 -0.051045217 -0.044418707
0.2465 -0.05481226 -0.05058381 -0.04904017 -0.0563515 -0.0452369 -0.053745646 -0.0513729 -0.044504434
0.247 -0.05494901 -0.05080705 -0.04929007 -0.05646315 -0.045312464 -0.053976085 -0.051695835 -0.044588845
0.2475 -0.05508389 -0.0510266 -0.04953586 -0.05657333 -0.045386896 -0.054202706 -0.052014098 -0.044671968
0.248 -0.05521692 -0.05124252 -0.04977761 -0.05668205 -0.0454602 -0.054425564 -0.052327752 -0.044753816
0.2485 -0.05534813 -0.05145488 -0.05001541 -0.05678935 -0.04553241 -0.054644734 -0.052636854 -0.044834416
0.249 -0.05547755 -0.05166373 -0.05024931 -0.05689524 -0.04560353 -0.05486028 -0.052941486 -0.044913784
0.2495 -0.05560521 -0.05186915 -0.05047938 -0.05699973 -0.04567358 -0.055072263 -0.053241704 -0.044991937
0.25 -0.05573111 -0.05207119 -0.05070569 -0.05710285 -0.04574258 -0.055280745 -0.05353757 -0.045068897
0.2505 -0.0558553 -0.05226991 -0.0509283 -0.05720462 -0.045810543 -0.055485792 -0.05382915 -0.045144685
0.251 -0.05597779 -0.05246538 -0.05114728 -0.05730505 -0.045877483 -0.055687457 -0.0541165 -0.045219313
0.2515 -0.05609861 -0.05265764 -0.05136268 -0.05740416 -0.04594342 -0.055885807 -0.054399684 -0.045292806
0.252 -0.05621778 -0.05284675 -0.05157456 -0.05750197 -0.046008367 -0.056080893 -0.054678764 -0.045365177
0.2525 -0.05633533 -0.05303278 -0.051783 -0.0575985 -0.04607234 -0.056272767 -0.0549538 -0.045436442
0.253 -0.05645127 -0.05321577 -0.05198804 -0.05769376 -0.04613535 -0.0564615 -0.055224847 -0.045506626
0.2535 -0.05656563 -0.05339578 -0.05218974 -0.05778778 -0.04619742 -0.056647137 -0.05549196 -0.04557574
0.254 -0.05667843 -0.05357285 -0.05238816 -0.05788056 -0.046258558 -0.05682973 -0.055755205 -0.045643803
0.2545 -0.05678969 -0.05374705 -0.05258336 -0.05797213 -0.046318777 -0.057009332 -0.05601463 -0.04571083
0.255 -0.05689943 -0.05391842 -0.05277539 -0.0580625 -0.046378095 -0.057186 -0.056270294 -0.045776837
0.2555 -0.05700768 -0.05408701 -0.0529643 -0.05815169 -0.046436526 -0.057359785 -0.056522246 -0.04584184
0.256 -0.05711446 -0.05425286 -0.05315015 -0.05823972 -0.046494078 -0.057530727 -0.05677054 -0.045905855
0.2565 -0.05721978 -0.05441604 -0.05333298 -0.05832659 -0.04655077 -0.057698883 -0.05701524 -0.045968898
0.257 -0.05732366 -0.05457657 -0.05351286 -0.05841232 -0.04660661 -0.0578643 -0.057256386 -0.046030983
0.2575 -0.05742614 -0.05473452 -0.05368983 -0.05849694 -0.04666162 -0.05802703 -0.057494033 -0.046092127
0.258 -0.05752722 -0.05488992 -0.05386393 -0.05858045 -0.046715803 -0.058187105 -0.05772823 -0.046152342
0.2585 -0.05762692 -0.05504281 -0.05403522 -0.05866287 -0.046769176 -0.058344584 -0.057959028 -0.04621164
0.259 -0.05772527 -0.05519325 -0.05420375 -0.05874422 -0.04682175 -0.058499504 -0.05818648 -0.046270043
0.2595 -0.05782228 -0.05534127 -0.05436956 -0.0588245 -0.04687354 -0.058651913 -0.058410622 -0.04632756
0.26 -0.05791797 -0.05548691 -0.0545327 -0.05890374 -0.046924554 -0.05880185 -0.058631513 -0.046384208
0.2605 -0.05801236 -0.05563022 -0.0546932 -0.05898195 -0.046974804 -0.05894936 -0.0588492 -0.046439994
0.261 -0.05810547 -0.05577124 -0.05485113 -0.05905913 -0.047024306 -0.05909448 -0.05906372 -0.046494935
0.2615 -0.05819731 -0.05591 -0.05500652 -0.05913532 -0.047073066 -0.059237257 -0.059275128 -0.046549045
0.262 -0.05828791 -0.05604654 -0.0551594 -0.0592105 -0.047121096 -0.05937773 -0.05948347 -0.046602335
0.2625 -0.05837727 -0.05618091 -0.05530984 -0.05928472 -0.04716841 -0.05951593 -0.05968878 -0.04665482
0.263 -0.05846543 -0.05631313 -0.05545786 -0.05935796 -0.04721502 -0.059651908 -0.059891112 -0.046706513
0.2635 -0.05855239 -0.05644325 -0.0556035 -0.05943025 -0.04726093 -0.059785694 -0.0600905 -0.046757422
0.264 -0.05863817 -0.0565713 -0.05574682 -0.0595016 -0.047306158 -0.059917323 -0.06028699 -0.04680756
0.2645 -0.05872278 -0.05669732 -0.05588784 -0.05957203 -0.04735071 -0.060046837 -0.060480632 -0.046856944
0.265 -0.05880625 -0.05682134 -0.0560266 -0.05964154 -0.047394592 -0.06017427 -0.060671456 -0.04690558
0.2655 -0.05888859 -0.05694339 -0.05616314 -0.05971014 -0.047437824 -0.060299657 -0.06085951 -0.04695348
0.266 -0.05896981 -0.05706351 -0.05629751 -0.05977786 -0.04748041 -0.06042303 -0.061044827 -0.04700066
0.2665 -0.05904993 -0.05718173 -0.05642973 -0.05984469 -0.047522362 -0.060544424 -0.061227452 -0.047047127
0.267 -0.05912897 -0.05729809 -0.05655984 -0.05991066 -0.04756369 -0.060663875 -0.061407425 -0.047092892
0.2675 -0.05920693 -0.05741261 -0.05668788 -0.05997577 -0.0476044 -0.06078141 -0.061584778 -0.04713797
0.268 -0.05928385 -0.05752532 -0.05681388 -0.06004004 -0.047644503 -0.060897075 -0.061759554 -0.047182366
0.2685 -0.05935972 -0.05763626 -0.05693787 -0.06010347 -0.047684006 -0.061010886 -0.061931793 -0.04722609
0.269 -0.05943456 -0.05774546 -0.0570599 -0.06016608 -0.047722925 -0.06112288 -0.062101524 -0.047269158
0.2695 -0.05950839 -0.05785294 -0.05717998 -0.06022788 -0.04776126 -0.061233085 -0.06226879 -0.047311578
0.27 -0.05958123 -0.05795874 -0.05729816 -0.06028888 -0.04779903 -0.06134154 -0.062433623 -0.047353357
0.2705 -0.05965308 -0.05806288 -0.05741446 -0.06034909 -0.047836233 -0.061448257 -0.06259606 -0.04739451
0.271 -0.05972396 -0.05816539 -0.05752893 -0.06040852 -0.047872882 -0.061553277 -0.06275613 -0.04743504
0.2715 -0.05979388 -0.05826629 -0.05764157 -0.06046718 -0.047908988 -0.06165663 -0.06291387 -0.04747496
0.272 -0.05986286 -0.05836562 -0.05775244 -0.06052508 -0.047944553 -0.06175834 -0.06306933 -0.047514286
0.2725 -0.05993091 -0.0584634 -0.05786155 -0.06058223 -0.04797959 -0.06185843 -0.06322251 -0.047553014
0.273 -0.05999804 -0.05855965 -0.05796894 -0.06063864 -0.048014108 -0.061956935 -0.063373476 -0.04759116
0.2735 -0.06006426 -0.05865441 -0.05807464 -0.06069432 -0.04804811 -0.062053874 -0.06352224 -0.047628738
0.274 -0.06012959 -0.05874769 -0.05817866 -0.06074929 -0.048081607 -0.06214928 -0.06366884 -0.047665745
0.2745 -0.06019404 -0.05883953 -0.05828105 -0.06080354 -0.048114605 -0.06224317 -0.06381331 -0.0477022
0.275 -0.06025762 -0.05892994 -0.05838183 -0.06085709 -0.048147112 -0.06233558 -0.06395567 -0.047738105
0.2755 -0.06032035 -0.05901894 -0.05848101 -0.06090995 -0.04817914 -0.062426522 -0.06409597 -0.047773473
0.276 -0.06038223 -0.05910657 -0.05857864 -0.06096213 -0.048210688 -0.06251603 -0.06423422 -0.04780831
0.2765 -0.06044327 -0.05919284 -0.05867474 -0.06101363 -0.048241768 -0.06260413 -0.06437045 -0.04784262
0.277 -0.0605035 -0.05927778 -0.05876933 -0.06106447 -0.048272386 -0.062690824 -0.06450471 -0.047876418
0.2775 -0.06056291 -0.05936141 -0.05886243 -0.06111465 -0.048302546 -0.06277616 -0.06463701 -0.04790971
0.278 -0.06062152 -0.05944375 -0.05895407 -0.06116418 -0.048332263 -0.06286015 -0.06476739 -0.0479425
0.2785 -0.06067935 -0.05952482 -0.05904428 -0.06121308 -0.048361536 -0.06294282 -0.06489587 -0.047974803
0.279 -0.0607364 -0.05960464 -0.05913307 -0.06126134 -0.048390374 -0.063024186 -0.065022476 -0.048006617
0.2795 -0.06079268 -0.05968323 -0.05922048 -0.06130898 -0.048418786 -0.06310427 -0.06514724 -0.048037957
0.28 -0.0608482 -0.05976062 -0.05930652 -0.06135601 -0.048446774 -0.06318309 -0.065270185 -0.048068825
0.2805 -0.06090298 -0.05983682 -0.05939122 -0.06140243 -0.04847435 -0.06326068 -0.06539135 -0.048099235
0.281 -0.06095702 -0.05991185 -0.0594746 -0.06144826 -0.04850151 -0.06333705 -0.06551074 -0.048129186
0.2815 -0.06101034 -0.05998573 -0.05955667 -0.06149349 -0.048528273 -0.06341222 -0.065628394 -0.04815869
0.282 -0.06106294 -0.06005848 -0.05963747 -0.06153814 -0.048554637 -0.06348622 -0.06574433 -0.04818775
0.2825 -0.06111483 -0.06013012 -0.05971701 -0.06158222 -0.04858061 -0.06355905 -0.06585859 -0.048216376
0.283 -0.06116603 -0.06020067 -0.05979532 -0.06162573 -0.048606195 -0.06363074 -0.06597118 -0.048244577
0.2835 -0.06121655 -0.06027014 -0.0598724 -0.06166867 -0.048631404 -0.06370131 -0.06608213 -0.048272353
0.284 -0.06126638 -0.06033855 -0.05994829 -0.06171107 -0.048656236 -0.06377078 -0.06619146 -0.048299715
0.2845 -0.06131555 -0.06040592 -0.06002301 -0.06175292 -0.048680704 -0.06383915 -0.0662992 -0.048326667
0.285 -0.06136405 -0.06047226 -0.06009656 -0.06179423 -0.048704807 -0.06390647 -0.06640537 -0.048353214
0.2855 -0.06141191 -0.0605376 -0.06016897 -0.06183502 -0.04872855 -0.06397273 -0.06650999 -0.04837937
0.286 -0.06145913 -0.06060194 -0.06024027 -0.06187527 -0.048751947 -0.06403795 -0.06661309 -0.04840513
0.2865 -0.06150571 -0.06066531 -0.06031046 -0.06191501 -0.048774995 -0.064102165 -0.06671469 -0.048430506
0.287 -0.06155167 -0.06072772 -0.06037957 -0.06195424 -0.048797697 -0.06416537 -0.0668148 -0.048455503
0.2875 -0.06159702 -0.06078918 -0.0604476 -0.06199297 -0.048820067 -0.064227596 -0.06691346 -0.048480127
0.288 -0.06164176 -0.06084972 -0.06051459 -0.06203119 -0.048842106 -0.06428885 -0.06701068 -0.048504386
0.2885 -0.0616859 -0.06090934 -0.06058055 -0.06206893 -0.048863817 -0.06434915 -0.067106485 -0.04852828
0.289 -0.06172945 -0.06096806 -0.06064549 -0.06210618 -0.048885204 -0.06440852 -0.06720089 -0.048551816
0.2895 -0.06177242 -0.06102589 -0.06070943 -0.06214295 -0.048906278 -0.06446696 -0.06729392 -0.048575006
0.29 -0.06181481 -0.06108286 -0.06077239 -0.06217926 -0.04892704 -0.064524494 -0.0673856 -0.048597846
0.2905 -0.06185664 -0.06113896 -0.06083437 -0.06221509 -0.048947494 -0.06458113 -0.06747594 -0.048620347
0.291 -0.06189791 -0.06119422 -0.06089541 -0.06225047 -0.048967645 -0.06463689 -0.06756496 -0.04864251
0.2915 -0.06193863 -0.06124865 -0.06095551 -0.06228539 -0.048987497 -0.0646918 -0.06765268 -0.048664346
0.292 -0.0619788 -0.06130227 -0.06101469 -0.06231986 -0.049007054 -0.06474584 -0.06773913 -0.048685852
0.2925 -0.06201844 -0.06135508 -0.06107296 -0.0623539 -0.04902632 -0.06479905 -0.06782431 -0.048707042
0.293 -0.06205755 -0.0614071 -0.06113034 -0.06238749 -0.049045306 -0.06485143 -0.06790825 -0.048727915
0.2935 -0.06209614 -0.06145834 -0.06118684 -0.06242066 -0.04906401 -0.064903006 -0.06799097 -0.048748475
0.294 -0.06213421 -0.06150882 -0.06124248 -0.0624534 -0.049082436 -0.06495379 -0.06807248 -0.04876873
0.2945 -0.06217177 -0.06155854 -0.06129727 -0.06248572 -0.04910059 -0.065003775 -0.06815281 -0.04878868
0.295 -0.06220884 -0.06160751 -0.06135122 -0.06251763 -0.049118474 -0.06505299 -0.06823196 -0.04880834
0.2955 -0.06224541 -0.06165576 -0.06140435 -0.06254912 -0.049136095 -0.06510146 -0.068309955 -0.0488277
0.296 -0.06228149 -0.06170329 -0.06145667 -0.06258022 -0.049153455 -0.065149166 -0.068386815 -0.048846778
0.2965 -0.0623171 -0.06175011 -0.06150819 -0.06261092 -0.049170557 -0.06519614 -0.06846256 -0.048865568
0.297 -0.06235223 -0.06179623 -0.06155893 -0.06264122 -0.049187407 -0.065242395 -0.06853719 -0.04888408
0.2975 -0.06238689 -0.06184167 -0.0616089 -0.06267114 -0.04920401 -0.06528793 -0.06861074 -0.048902314
0.298 -0.06242109 -0.06188644 -0.06165811 -0.06270067 -0.049220365 -0.06533277 -0.068683214 -0.04892028
0.2985 -0.06245483 -0.06193054 -0.06170657 -0.06272982 -0.04923648 -0.065376915 -0.06875463 -0.04893798
0.299 -0.06248813 -0.06197398 -0.06175429 -0.06275861 -0.049252357 -0.06542039 -0.06882501 -0.048955414
0.2995 -0.06252099 -0.06201679 -0.0618013 -0.06278702 -0.049267996 -0.065463185 -0.06889436 -0.048972588
0.3 -0.0625534 -0.06205895 -0.06184759 -0.06281507 -0.049283408 -0.065505326 -0.06896269 -0.04898951
0.3005 -0.06258539 -0.0621005 -0.06189318 -0.06284276 -0.04929859 -0.06554682 -0.06903003 -0.049006175
0.301 -0.06261695 -0.06214143 -0.06193808 -0.0628701 -0.04931355 -0.06558768 -0.06909639 -0.049022596
0.3015 -0.06264809 -0.06218176 -0.0619823 -0.06289709 -0.049328286 -0.0656279 -0.06916177 -0.049038775
0.302 -0.06267882 -0.06222149 -0.06202585 -0.06292373 -0.049342804 -0.06566751 -0.06922621 -0.049054712
0.3025 -0.06270914 -0.06226064 -0.06206875 -0.06295004 -0.04935711 -0.065706514 -0.06928971 -0.04907041
0.303 -0.06273906 -0.06229921 -0.062111 -0.062976 -0.0493712 -0.06574492 -0.06935228 -0.049085874
0.3035 -0.06276859 -0.06233721 -0.06215262 -0.06300164 -0.04938509 -0.06578274 -0.06941393 -0.049101114
0.304 -0.06279772 -0.06237466 -0.0621936 -0.06302695 -0.04939877 -0.06581998 -0.06947468 -0.049116123
0.3045 -0.06282646 -0.06241155 -0.06223397 -0.06305193 -0.049412247 -0.06585664 -0.069534555 -0.04913091
0.305 -0.06285482 -0.0624479 -0.06227374 -0.0630766 -0.049425527 -0.06589275 -0.06959355 -0.04914548
0.3055 -0.06288281 -0.06248372 -0.0623129 -0.06310095 -0.04943861 -0.0659283 -0.06965168 -0.04915983
0.306 -0.06291043 -0.06251902 -0.06235148 -0.06312499 -0.0494515 -0.06596331 -0.069708966 -0.04917397
0.3065 -0.06293768 -0.0625538 -0.06238948 -0.06314872 -0.049464203 -0.06599779 -0.06976541 -0.0491879
0.307 -0.06296457 -0.06258807 -0.06242691 -0.06317215 -0.049476713 -0.06603174 -0.06982104 -0.04920162
0.3075 -0.0629911 -0.06262184 -0.06246378 -0.06319529 -0.049489044 -0.06606517 -0.06987585 -0.049215138
0.308 -0.06301728 -0.06265511 -0.0625001 -0.06321812 -0.049501188 -0.06609809 -0.06992987 -0.049228456
0.3085 -0.06304312 -0.0626879 -0.06253588 -0.06324067 -0.049513154 -0.066130504 -0.069983095 -0.049241576
0.309 -0.06306861 -0.06272021 -0.06257112 -0.06326293 -0.049524944 -0.06616243 -0.07003554 -0.049254503
0.3095 -0.06309377 -0.06275205 -0.06260583 -0.0632849 -0.049536563 -0.066193864 -0.070087224 -0.049267236
0.31 -0.0631186 -0.06278343 -0.06264003 -0.06330659 -0.049548008 -0.06622482 -0.07013815 -0.049279783
0.3105 -0.06314309 -0.06281435 -0.06267372 -0.06332801 -0.049559284 -0.0662553 -0.070188336 -0.049292143
0.311 -0.06316726 -0.06284482 -0.0627069 -0.06334916 -0.049570393 -0.06628533 -0.070237786 -0.049304318
0.3115 -0.06319112 -0.06287485 -0.06273959 -0.06337003 -0.04958134 -0.06631488 -0.07028651 -0.049316313
0.312 -0.06321466 -0.06290445 -0.0627718 -0.06339064 -0.049592122 -0.066344 -0.07033453 -0.049328133
0.3125 -0.06323788 -0.06293361 -0.06280353 -0.06341099 -0.04960275 -0.06637267 -0.07038185 -0.049339775
0.313 -0.0632608 -0.06296235 -0.06283478 -0.06343107 -0.04961322 -0.06640091 -0.070428476 -0.049351245
0.3135 -0.06328342 -0.06299068 -0.06286557 -0.06345091 -0.049623534 -0.06642871 -0.070474416 -0.049362548
0.314 -0.06330574 -0.06301859 -0.06289591 -0.06347049 -0.049633697 -0.066456094 -0.07051969 -0.049373683
0.3145 -0.06332777 -0.0630461 -0.06292579 -0.06348982 -0.04964371 -0.06648306 -0.0705643 -0.04938465
0.315 -0.0633495 -0.06307322 -0.06295523 -0.0635089 -0.049653575 -0.06650962 -0.070608266 -0.049395457
0.3155 -0.06337095 -0.06309994 -0.06298424 -0.06352774 -0.049663294 -0.06653577 -0.07065158 -0.0494061
0.316 -0.06339212 -0.06312628 -0.06301282 -0.06354634 -0.049672868 -0.06656153 -0.07069427 -0.04941659
0.3165 -0.063413 -0.06315223 -0.06304097 -0.06356471 -0.049682304 -0.0665869 -0.070736334 -0.049426924
0.317 -0.06343361 -0.06317782 -0.06306871 -0.06358284 -0.049691603 -0.06661188 -0.07077778 -0.049437102
0.3175 -0.06345395 -0.06320303 -0.06309604 -0.06360074 -0.04970076 -0.06663648 -0.070818625 -0.049447134
0.318 -0.06347402 -0.06322789 -0.06312297 -0.06361841 -0.049709786 -0.06666071 -0.07085887 -0.049457014
0.3185 -0.06349383 -0.06325238 -0.0631495 -0.06363586 -0.049718674 -0.066684574 -0.07089853 -0.049466748
0.319 -0.06351338 -0.06327652 -0.06317564 -0.06365308 -0.049727436 -0.06670807 -0.07093761 -0.04947634
0.3195 -0.06353267 -0.06330032 -0.06320139 -0.06367009 -0.049736068 -0.06673122 -0.070976116 -0.049485788
0.32 -0.0635517 -0.06332378 -0.06322677 -0.06368688 -0.049744572 -0.06675402 -0.07101406 -0.049495097
0.3205 -0.06357049 -0.0633469 -0.06325177 -0.06370346 -0.04975295 -0.06677647 -0.071051456 -0.04950427
0.321 -0.06358903 -0.06336968 -0.06327641 -0.06371982 -0.049761206 -0.06679858 -0.0710883 -0.049513306
0.3215 -0.06360732 -0.06339215 -0.06330069 -0.06373598 -0.04976934 -0.06682036 -0.071124606 -0.04952221
0.322 -0.06362538 -0.06341429 -0.0633246 -0.06375194 -0.049777355 -0.06684181 -0.07116038 -0.04953098
0.3225 -0.06364319 -0.06343611 -0.06334817 -0.06376769 -0.04978525 -0.06686293 -0.07119564 -0.04953962
0.323 -0.06366078 -0.06345762 -0.0633714 -0.06378324 -0.04979303 -0.066883735 -0.07123038 -0.049548134
0.3235 -0.06367813 -0.06347883 -0.06339428 -0.06379859 -0.049800694 -0.06690423 -0.07126461 -0.04955652
0.324 -0.06369525 -0.06349973 -0.06341683 -0.06381375 -0.04980825 -0.06692441 -0.071298346 -0.049564786
0.3245 -0.06371215 -0.06352034 -0.06343905 -0.06382871 -0.04981569 -0.066944286 -0.07133158 -0.049572926
0.325 -0.06372883 -0.06354065 -0.06346094 -0.06384349 -0.04982302 -0.06696387 -0.071364336 -0.049580947
0.3255 -0.06374529 -0.06356067 -0.06348252 -0.06385808 -0.049830243 -0.06698315 -0.071396604 -0.04958885
0.326 -0.06376153 -0.06358041 -0.06350378 -0.06387248 -0.049837362 -0.06700214 -0.07142841 -0.049596637
0.3265 -0.06377756 -0.06359987 -0.06352473 -0.0638867 -0.049844373 -0.06702084 -0.07145975 -0.049604308
0.327 -0.06379338 -0.06361905 -0.06354538 -0.06390074 -0.049851283 -0.067039266 -0.07149063 -0.049611863
0.3275 -0.06380899 -0.06363796 -0.06356572 -0.0639146 -0.04985809 -0.06705741 -0.07152106 -0.04961931
0.328 -0.0638244 -0.0636566 -0.06358577 -0.06392828 -0.0498648 -0.06707528 -0.07155104 -0.049626645
0.3285 -0.0638396 -0.06367497 -0.06360553 -0.06394179 -0.049871407 -0.06709289 -0.07158059 -0.049633875
0.329 -0.06385461 -0.06369309 -0.063625 -0.06395514 -0.04987792 -0.067110226 -0.0716097 -0.049640995
0.3295 -0.06386942 -0.06371095 -0.06364419 -0.06396831 -0.049884334 -0.0671273 -0.07163839 -0.04964801
0.33 -0.06388403 -0.06372856 -0.0636631 -0.06398131 -0.049890656 -0.067144126 -0.07166666 -0.049654923
0.3305 -0.06389845 -0.06374591 -0.06368174 -0.06399415 -0.04989688 -0.06716069 -0.071694516 -0.049661733
0.331 -0.06391269 -0.06376303 -0.06370011 -0.06400683 -0.04990302 -0.06717701 -0.07172196 -0.049668442
0.3315 -0.06392674 -0.0637799 -0.06371821 -0.06401934 -0.049909066 -0.06719308 -0.07174901 -0.049675055
0.332 -0.0639406 -0.06379653 -0.06373605 -0.0640317 -0.049915023 -0.067208916 -0.07177566 -0.049681567
0.3325 -0.06395429 -0.06381293 -0.06375363 -0.0640439 -0.049920894 -0.06722451 -0.07180192 -0.049687985
0.333 -0.06396779 -0.06382909 -0.06377096 -0.06405594 -0.049926676 -0.067239866 -0.07182781 -0.049694307
0.3335 -0.06398112 -0.06384503 -0.06378803 -0.06406784 -0.049932376 -0.067255 -0.07185331 -0.049700536
0.334 -0.06399427 -0.06386075 -0.06380487 -0.06407958 -0.04993799 -0.0672699 -0.07187843 -0.04970667
0.3345 -0.06400725 -0.06387624 -0.06382145 -0.06409117 -0.04994352 -0.06728458 -0.07190319 -0.049712718
0.335 -0.06402007 -0.06389152 -0.0638378 -0.06410262 -0.04994897 -0.06729904 -0.07192759 -0.049718674
0.3355 -0.06403271 -0.06390658 -0.06385392 -0.06411392 -0.04995434 -0.067313276 -0.071951635 -0.049724545
0.336 -0.06404519 -0.06392143 -0.0638698 -0.06412508 -0.049959633 -0.067327306 -0.07197533 -0.049730327
0.3365 -0.06405751 -0.06393607 -0.06388545 -0.0641361 -0.049964845 -0.06734112 -0.07199867 -0.049736027
0.337 -0.06406966 -0.06395051 -0.06390088 -0.06414697 -0.049969982 -0.06735473 -0.07202167 -0.04974164
0.3375 -0.06408166 -0.06396474 -0.06391609 -0.06415771 -0.049975045 -0.067368135 -0.072044335 -0.04974717
0.338 -0.0640935 -0.06397877 -0.06393108 -0.06416832 -0.04998003 -0.067381345 -0.07206667 -0.04975262
0.3385 -0.06410519 -0.06399261 -0.06394586 -0.06417879 -0.049984947 -0.06739435 -0.07208868 -0.049757987
0.339 -0.06411672 -0.06400626 -0.06396042 -0.06418912 -0.049989786 -0.06740716 -0.07211037 -0.049763277
0.3395 -0.0641281 -0.06401971 -0.06397477 -0.06419933 -0.049994558 -0.06741978 -0.07213174 -0.04976849
0.34 -0.06413934 -0.06403298 -0.06398892 -0.06420941 -0.049999256 -0.06743222 -0.07215279 -0.049773626
0.3405 -0.06415042 -0.06404606 -0.06400287 -0.06421936 -0.050003886 -0.06744446 -0.07217354 -0.049778685
0.341 -0.06416137 -0.06405895 -0.06401661 -0.06422918 -0.05000845 -0.06745652 -0.07219399 -0.04978367
0.3415 -0.06417217 -0.06407167 -0.06403016 -0.06423888 -0.050012946 -0.067468405 -0.072214134 -0.04978858
0.342 -0.06418283 -0.06408421 -0.06404352 -0.06424846 -0.050017375 -0.06748011 -0.07223399 -0.04979342
0.3425 -0.06419335 -0.06409658 -0.06405669 -0.06425791 -0.05002174 -0.067491636 -0.072253555 -0.049798187
0.343 -0.06420373 -0.06410877 -0.06406967 -0.06426725 -0.05002604 -0.067503 -0.07227283 -0.049802884
0.3435 -0.06421398 -0.06412079 -0.06408246 -0.06427647 -0.050030276 -0.06751418 -0.07229182 -0.04980751
0.344 -0.0642241 -0.06413265 -0.06409507 -0.06428557 -0.050034452 -0.06752521 -0.07231054 -0.04981207
0.3445 -0.06423408 -0.06414434 -0.06410751 -0.06429455 -0.050038565 -0.067536056 -0.07232898 -0.049816564
0.345 -0.06424394 -0.06415587 -0.06411976 -0.06430343 -0.050042618 -0.067546755 -0.07234716 -0.04982099
0.3455 -0.06425366 -0.06416724 -0.06413184 -0.06431219 -0.05004661 -0.06755729 -0.07236506 -0.04982535
0.346 -0.06426326 -0.06417845 -0.06414375 -0.06432084 -0.05005055 -0.06756766 -0.0723827 -0.049829647
0.3465 -0.06427273 -0.06418951 -0.06415549 -0.06432938 -0.050054424 -0.06757788 -0.07240009 -0.049833883
0.347 -0.06428208 -0.06420041 -0.06416707 -0.06433781 -0.050058246 -0.06758795 -0.07241723 -0.049838055
0.3475 -0.06429131 -0.06421116 -0.06417848 -0.06434613 -0.05006201 -0.06759787 -0.07243411 -0.049842164
0.348 -0.06430042 -0.06422177 -0.06418972 -0.06435436 -0.05006572 -0.06760764 -0.07245074 -0.049846213
0.3485 -0.06430941 -0.06423222 -0.06420081 -0.06436247 -0.050069373 -0.06761727 -0.07246713 -0.049850203
0.349 -0.06431829 -0.06424253 -0.06421175 -0.06437049 -0.05007297 -0.067626745 -0.072483286 -0.049854133
0.3495 -0.06432705 -0.0642527 -0.06422252 -0.0643784 -0.050076522 -0.06763609 -0.07249921 -0.049858008
0.35 -0.06433569 -0.06426273 -0.06423315 -0.06438621 -0.050080016 -0.06764529 -0.07251489 -0.049861822
0.3505 -0.06434422 -0.06427262 -0.06424362 -0.06439393 -0.05008346 -0.06765435 -0.072530344 -0.049865585
0.351 -0.06435265 -0.06428237 -0.06425395 -0.06440154 -0.050086852 -0.06766328 -0.07254557 -0.049869288
0.3515 -0.06436096 -0.06429199 -0.06426413 -0.06440906 -0.050090197 -0.067672074 -0.07256058 -0.04987294
0.352 -0.06436916 -0.06430148 -0.06427417 -0.06441649 -0.05009349 -0.06768074 -0.07257536 -0.049876533
0.3525 -0.06437726 -0.06431083 -0.06428406 -0.06442382 -0.05009674 -0.06768928 -0.072589934 -0.049880076
0.353 -0.06438526 -0.06432006 -0.06429382 -0.06443106 -0.050099935 -0.06769768 -0.07260429 -0.04988357
0.3535 -0.06439314 -0.06432916 -0.06430344 -0.06443821 -0.050103087 -0.06770597 -0.07261844 -0.04988701
0.354 -0.06440093 -0.06433813 -0.06431292 -0.06444527 -0.050106194 -0.067714125 -0.07263237 -0.0498904
0.3545 -0.06440862 -0.06434698 -0.06432228 -0.06445224 -0.050109252 -0.067722164 -0.07264611 -0.049893737
0.355 -0.0644162 -0.06435571 -0.06433149 -0.06445912 -0.050112266 -0.067730084 -0.07265965 -0.049897026
0.3555 -0.06442369 -0.06436432 -0.06434058 -0.06446591 -0.05011524 -0.067737885 -0.072672985 -0.04990027
0.356 -0.06443108 -0.06437281 -0.06434955 -0.06447262 -0.050118163 -0.06774557 -0.07268613 -0.049903464
0.3565 -0.06443838 -0.06438119 -0.06435838 -0.06447924 -0.050121047 -0.067753136 -0.07269908 -0.04990661
0.357 -0.06444558 -0.06438945 -0.0643671 -0.06448578 -0.05012389 -0.067760594 -0.07271183 -0.04990971
0.3575 -0.06445269 -0.06439759 -0.06437569 -0.06449224 -0.05012669 -0.06776794 -0.07272441 -0.049912766
0.358 -0.0644597 -0.06440563 -0.06438416 -0.06449861 -0.050129447 -0.06777518 -0.0727368 -0.049915776
0.3585 -0.06446663 -0.06441355 -0.06439251 -0.06450491 -0.050132167 -0.06778231 -0.072749004 -0.049918745
0.359 -0.06447346 -0.06442137 -0.06440074 -0.06451113 -0.050134845 -0.06778933 -0.07276104 -0.049921665
0.3595 -0.06448021 -0.06442908 -0.06440886 -0.06451726 -0.050137483 -0.06779625 -0.07277289 -0.049924545
0.36 -0.06448687 -0.06443668 -0.06441687 -0.06452332 -0.050140083 -0.06780307 -0.072784565 -0.049927384
0.3605 -0.06449344 -0.06444418 -0.06442476 -0.06452931 -0.050142646 -0.06780978 -0.07279608 -0.049930178
0.361 -0.06449993 -0.06445158 -0.06443255 -0.06453522 -0.050145168 -0.0678164 -0.07280742 -0.04993293
0.3615 -0.06450633 -0.06445888 -0.06444022 -0.06454105 -0.050147656 -0.06782292 -0.07281859 -0.049935646
0.362 -0.06451265 -0.06446607 -0.06444779 -0.06454681 -0.050150108 -0.06782934 -0.072829604 -0.049938317
0.3625 -0.06451889 -0.06447317 -0.06445525 -0.0645525 -0.05015252 -0.067835666 -0.07284045 -0.049940955
0.363 -0.06452505 -0.06448017 -0.06446261 -0.06455811 -0.050154902 -0.0678419 -0.072851144 -0.049943548
0.3635 -0.06453113 -0.06448708 -0.06446987 -0.06456366 -0.050157245 -0.06784804 -0.07286168 -0.049946107
0.364 -0.06453713 -0.06449389 -0.06447702 -0.06456913 -0.050159555 -0.067854084 -0.072872065 -0.049948625
0.3645 -0.06454305 -0.06450061 -0.06448408 -0.06457454 -0.05016183 -0.067860045 -0.07288229 -0.04995111
0.365 -0.0645489 -0.06450724 -0.06449104 -0.06457988 -0.050164074 -0.067865916 -0.07289237 -0.049953558
0.3655 -0.06455467 -0.06451378 -0.0644979 -0.06458515 -0.050166283 -0.0678717 -0.0729023 -0.049955968
0.366 -0.06456036 -0.06452023 -0.06450467 -0.06459035 -0.050168462 -0.06787739 -0.07291209 -0.04995834
0.3665 -0.06456599 -0.06452659 -0.06451134 -0.06459549 -0.050170608 -0.06788301 -0.07292173 -0.04996068
0.367 -0.06457154 -0.06453286 -0.06451792 -0.06460057 -0.05017272 -0.067888536 -0.07293123 -0.049962986
0.3675 -0.06457702 -0.06453905 -0.06452441 -0.06460558 -0.050174803 -0.06789398 -0.072940595 -0.04996526
0.368 -0.06458242 -0.06454516 -0.0645308 -0.06461053 -0.050176855 -0.06789935 -0.07294983 -0.049967498
0.3685 -0.06458776 -0.06455118 -0.06453711 -0.06461541 -0.050178878 -0.067904636 -0.07295892 -0.049969703
0.369 -0.06459303 -0.06455712 -0.06454334 -0.06462023 -0.05018087 -0.067909844 -0.07296787 -0.049971875
0.3695 -0.06459823 -0.06456298 -0.06454947 -0.064625 -0.050182834 -0.06791498 -0.0729767 -0.049974017
0.37 -0.06460337 -0.06456876 -0.06455553 -0.0646297 -0.050184768 -0.06792003 -0.072985396 -0.049976125
0.3705 -0.06460843 -0.06457447 -0.06456149 -0.06463434 -0.050186675 -0.06792501 -0.07299397 -0.049978204
0.371 -0.06461344 -0.06458009 -0.06456738 -0.06463893 -0.050188553 -0.067929916 -0.07300241 -0.049980253
0.3715 -0.06461837 -0.06458564 -0.06457318 -0.06464345 -0.050190404 -0.06793475 -0.073010735 -0.049982272
0.372 -0.06462325 -0.06459111 -0.06457891 -0.06464792 -0.050192226 -0.06793951 -0.07301894 -0.04998426
0.3725 -0.06462806 -0.06459651 -0.06458455 -0.06465234 -0.05019402 -0.06794421 -0.073027015 -0.04998622
0.373 -0.06463281 -0.06460184 -0.06459012 -0.0646567 -0.050195795 -0.06794883 -0.07303498 -0.04998815
0.3735 -0.0646375 -0.0646071 -0.06459561 -0.064661 -0.050197538 -0.067953385 -0.073042825 -0.04999005
0.374 -0.06464212 -0.06461228 -0.06460103 -0.06466525 -0.050199255 -0.06795787 -0.07305055 -0.049991924
0.3745 -0.06464669 -0.0646174 -0.06460637 -0.06466945 -0.05020095 -0.06796229 -0.07305817 -0.049993772
0.375 -0.0646512 -0.06462244 -0.06461163 -0.06467359 -0.05020262 -0.06796665 -0.073065676 -0.049995594
0.3755 -0.06465565 -0.06462742 -0.06461683 -0.06467768 -0.050204262 -0.06797093 -0.073073074 -0.049997386
0.376 -0.06466005 -0.06463233 -0.06462195 -0.06468172 -0.050205883 -0.06797516 -0.07308036 -0.04999915
0.3765 -0.06466438 -0.06463717 -0.06462701 -0.06468571 -0.050207477 -0.06797933 -0.07308754 -0.05000089
0.377 -0.06466867 -0.06464195 -0.06463199 -0.06468965 -0.050209053 -0.067983426 -0.073094614 -0.050002605
0.3775 -0.06467289 -0.06464667 -0.0646369 -0.06469354 -0.050210603 -0.06798747 -0.07310159 -0.050004296
0.378 -0.06467706 -0.06465132 -0.06464175 -0.06469738 -0.050212126 -0.06799145 -0.073108464 -0.05000596
0.3785 -0.06468118 -0.06465591 -0.06464653 -0.06470117 -0.05021363 -0.06799538 -0.07311523 -0.0500076
0.379 -0.06468525 -0.06466043 -0.06465125 -0.06470491 -0.050215114 -0.067999244 -0.0731219 -0.050009217
0.3795 -0.06468926 -0.0646649 -0.0646559 -0.06470861 -0.050216574 -0.06800305 -0.07312847 -0.050010808
0.38 -0.06469322 -0.0646693 -0.06466049 -0.06471226 -0.050218016 -0.0680068 -0.07313495 -0.05001238
0.3805 -0.06469713 -0.06467365 -0.06466501 -0.06471586 -0.05021943 -0.068010494 -0.07314133 -0.050013926
0.381 -0.06470099 -0.06467794 -0.06466948 -0.06471942 -0.05022083 -0.06801414 -0.07314762 -0.05001545
0.3815 -0.0647048 -0.06468217 -0.06467388 -0.06472294 -0.050222207 -0.06801772 -0.073153816 -0.050016947
0.382 -0.06470857 -0.06468634 -0.06467822 -0.06472641 -0.050223563 -0.06802126 -0.073159926 -0.05001843
0.3825 -0.06471228 -0.06469046 -0.0646825 -0.06472983 -0.0502249 -0.06802474 -0.07316594 -0.050019886
0.383 -0.06471594 -0.06469452 -0.06468673 -0.06473322 -0.05022622 -0.068028174 -0.07317187 -0.05002132
0.3835 -0.06471956 -0.06469853 -0.06469089 -0.06473656 -0.050227515 -0.06803155 -0.07317771 -0.050022736
0.384 -0.06472313 -0.06470249 -0.064695 -0.06473986 -0.050228793 -0.06803488 -0.07318346 -0.05002413
0.3845 -0.06472666 -0.06470639 -0.06469906 -0.06474312 -0.050230056 -0.068038166 -0.07318914 -0.050025504
0.385 -0.06473014 -0.06471024 -0.06470305 -0.06474633 -0.050231297 -0.0680414 -0.07319473 -0.050026856
0.3855 -0.06473358 -0.06471404 -0.064707 -0.06474951 -0.05023252 -0.06804458 -0.07320023 -0.05002819
0.386 -0.06473697 -0.06471778 -0.06471089 -0.06475265 -0.050233725 -0.06804772 -0.07320566 -0.050029505
0.3865 -0.06474032 -0.06472148 -0.06471472 -0.06475574 -0.050234914 -0.06805081 -0.07321101 -0.050030798
0.387 -0.06474362 -0.06472513 -0.06471851 -0.0647588 -0.050236084 -0.06805386 -0.073216274 -0.050032075
0.3875 -0.06474689 -0.06472873 -0.06472224 -0.06476182 -0.050237235 -0.06805686 -0.07322147 -0.05003333
0.388 -0.06475011 -0.06473228 -0.06472593 -0.0647648 -0.05023837 -0.06805982 -0.073226586 -0.05003457
0.3885 -0.06475329 -0.06473578 -0.06472956 -0.06476775 -0.050239492 -0.06806273 -0.07323162 -0.05003579
0.389 -0.06475643 -0.06473924 -0.06473314 -0.06477065 -0.050240595 -0.0680656 -0.07323659 -0.050036993
0.3895 -0.06475953 -0.06474265 -0.06473668 -0.06477352 -0.050241683 -0.06806843 -0.07324149 -0.050038178
0.39 -0.06476258 -0.06474601 -0.06474016 -0.06477636 -0.05024275 -0.06807121 -0.07324631 -0.050039344
0.3905 -0.0647656 -0.06474933 -0.0647436 -0.06477916 -0.05024381 -0.06807396 -0.07325106 -0.050040495
0.391 -0.06476859 -0.06475261 -0.064747 -0.06478192 -0.05024485 -0.06807666 -0.07325574 -0.050041627
0.3915 -0.06477153 -0.06475584 -0.06475034 -0.06478465 -0.050245874 -0.06807932 -0.07326036 -0.050042745
0.392 -0.06477443 -0.06475903 -0.06475364 -0.06478735 -0.050246883 -0.068081945 -0.073264904 -0.050043844
0.3925 -0.0647773 -0.06476218 -0.0647569 -0.06479001 -0.050247878 -0.06808453 -0.07326938 -0.050044928
0.393 -0.06478013 -0.06476528 -0.06476011 -0.06479263 -0.050248858 -0.06808708 -0.07327379 -0.050045997
0.3935 -0.06478293 -0.06476834 -0.06476328 -0.06479523 -0.050249822 -0.06808959 -0.073278144 -0.050047047
0.394 -0.06478569 -0.06477137 -0.06476641 -0.06479779 -0.050250776 -0.06809206 -0.073282436 -0.050048087
0.3945 -0.06478841 -0.06477435 -0.06476949 -0.06480032 -0.05025171 -0.0680945 -0.07328665 -0.050049108
0.395 -0.0647911 -0.06477729 -0.06477254 -0.06480282 -0.050252635 -0.068096906 -0.07329082 -0.050050113
0.3955 -0.06479375 -0.0647802 -0.06477554 -0.06480529 -0.050253548 -0.06809927 -0.073294915 -0.050051108
0.396 -0.06479637 -0.06478306 -0.0647785 -0.06480772 -0.050254446 -0.0681016 -0.07329896 -0.050052084
0.3965 -0.06479896 -0.06478589 -0.06478142 -0.06481013 -0.05025533 -0.068103895 -0.07330294 -0.05005305
0.397 -0.06480152 -0.06478868 -0.0647843 -0.0648125 -0.0502562 -0.06810616 -0.07330686 -0.050053995
0.3975 -0.06480404 -0.06479143 -0.06478714 -0.06481485 -0.050257057 -0.06810839 -0.073310725 -0.05005493
0.398 -0.06480653 -0.06479415 -0.06478995 -0.06481716 -0.050257903 -0.068110585 -0.07331454 -0.050055854
0.3985 -0.06480898 -0.06479683 -0.06479272 -0.06481945 -0.050258737 -0.068112746 -0.07331829 -0.05005676
0.399 -0.06481141 -0.06479947 -0.06479545 -0.06482171 -0.050259557 -0.068114884 -0.07332199 -0.050057657
0.3995 -0.0648138 -0.06480208 -0.06479814 -0.06482394 -0.050260365 -0.06811698 -0.073325634 -0.050058536
0.4 -0.06481617 -0.06480466 -0.06480079 -0.06482614 -0.050261162 -0.06811905 -0.073329225 -0.050059404
0.4005 -0.0648185 -0.0648072 -0.06480342 -0.06482832 -0.05026195 -0.06812109 -0.073332764 -0.05006026
0.401 -0.0648208 -0.06480971 -0.064806 -0.06483046 -0.050262723 -0.0681231 -0.07333625 -0.050061103
0.4015 -0.06482308 -0.06481218 -0.06480855 -0.06483258 -0.050263487 -0.06812508 -0.073339686 -0.050061934
0.402 -0.06482532 -0.06481462 -0.06481107 -0.06483468 -0.050264236 -0.06812703 -0.07334307 -0.050062753
0.4025 -0.06482754 -0.06481703 -0.06481355 -0.06483674 -0.050264977 -0.06812895 -0.073346406 -0.05006356
0.403 -0.06482973 -0.06481941 -0.064816 -0.06483878 -0.050265707 -0.06813084 -0.07334969 -0.050064355
0.4035 -0.06483189 -0.06482175 -0.06481842 -0.0648408 -0.050266426 -0.06813271 -0.07335293 -0.050065137
0.404 -0.06483402 -0.06482407 -0.0648208 -0.06484279 -0.050267134 -0.06813455 -0.07335612 -0.05006591
0.4045 -0.06483613 -0.06482635 -0.06482315 -0.06484476 -0.05026783 -0.06813636 -0.073359266 -0.050066672
0.405 -0.06483821 -0.06482861 -0.06482547 -0.0648467 -0.05026852 -0.068138145 -0.073362365 -0.05006742
0.4055 -0.06484026 -0.06483083 -0.06482776 -0.06484861 -0.050269198 -0.068139896 -0.07336542 -0.05006816
0.406 -0.06484228 -0.06483303 -0.06483002 -0.0648505 -0.050269864 -0.06814163 -0.07336843 -0.050068885
0.4065 -0.06484428 -0.06483519 -0.06483225 -0.06485237 -0.05027052 -0.06814334 -0.073371395 -0.0500696
0.407 -0.06484626 -0.06483733 -0.06483445 -0.06485422 -0.05027117 -0.06814502 -0.073374316 -0.05007031
0.4075 -0.06484821 -0.06483944 -0.06483662 -0.06485604 -0.05027181 -0.068146676 -0.07337719 -0.050071005
0.408 -0.06485013 -0.06484152 -0.06483876 -0.06485784 -0.05027244 -0.06814831 -0.07338002 -0.05007169
0.4085 -0.06485203 -0.06484357 -0.06484087 -0.06485962 -0.050273057 -0.06814992 -0.07338282 -0.050072365
0.409 -0.06485391 -0.0648456 -0.06484295 -0.06486137 -0.050273668 -0.068151504 -0.073385574 -0.05007303
0.4095 -0.06485576 -0.0648476 -0.06484501 -0.0648631 -0.05027427 -0.06815306 -0.073388286 -0.050073687
0.41 -0.06485759 -0.06484958 -0.06484704 -0.06486481 -0.050274864 -0.0681546 -0.07339096 -0.05007433
0.4105 -0.06485939 -0.06485152 -0.06484904 -0.0648665 -0.05027545 -0.068156116 -0.0733936 -0.05007497
0.411 -0.06486117 -0.06485345 -0.06485101 -0.06486817 -0.050276026 -0.06815761 -0.07339619 -0.050075598
0.4115 -0.06486293 -0.06485534 -0.06485296 -0.06486982 -0.050276592 -0.06815908 -0.073398754 -0.050076216
0.412 -0.06486467 -0.06485722 -0.06485488 -0.06487145 -0.05027715 -0.068160534 -0.07340127 -0.050076824
0.4125 -0.06486638 -0.06485906 -0.06485678 -0.06487305 -0.050277703 -0.06816196 -0.07340375 -0.050077423
0.413 -0.06486807 -0.06486089 -0.06485865 -0.06487464 -0.050278246 -0.068163365 -0.073406205 -0.050078016
0.4135 -0.06486975 -0.06486269 -0.0648605 -0.0648762 -0.05027878 -0.06816475 -0.07340861 -0.050078597
0.414 -0.06487139 -0.06486446 -0.06486232 -0.06487775 -0.050279308 -0.06816612 -0.07341099 -0.050079174
0.4145 -0.06487302 -0.06486621 -0.06486412 -0.06487928 -0.050279826 -0.06816746 -0.07341333 -0.050079737
0.415 -0.06487463 -0.06486794 -0.06486589 -0.06488079 -0.05028034 -0.06816879 -0.07341564 -0.050080296
0.4155 -0.06487622 -0.06486965 -0.06486764 -0.06488227 -0.050280843 -0.0681701 -0.07341791 -0.050080843
0.416 -0.06487779 -0.06487133 -0.06486937 -0.06488375 -0.05028134 -0.06817138 -0.07342015 -0.050081387
0.4165 -0.06487933 -0.064873 -0.06487107 -0.0648852 -0.05028183 -0.068172656 -0.07342236 -0.05008192
0.417 -0.06488086 -0.06487464 -0.06487275 -0.06488663 -0.05028231 -0.0681739 -0.07342453 -0.050082445
0.4175 -0.06488237 -0.06487625 -0.06487441 -0.06488805 -0.050282788 -0.06817514 -0.07342668 -0.050082963
0.418 -0.06488386 -0.06487785 -0.06487605 -0.06488945 -0.050283257 -0.06817635 -0.07342879 -0.050083473
0.4185 -0.06488533 -0.06487943 -0.06487766 -0.06489083 -0.05028372 -0.06817754 -0.073430866 -0.050083976
0.419 -0.06488678 -0.06488099 -0.06487926 -0.06489219 -0.050284173 -0.06817872 -0.073432915 -0.05008447
0.4195 -0.06488821 -0.06488252 -0.06488083 -0.06489354 -0.05028462 -0.06817988 -0.073434934 -0.05008496
0.42 -0.06488962 -0.06488404 -0.06488238 -0.06489487 -0.050285064 -0.06818102 -0.07343693 -0.05008544
0.4205 -0.06489102 -0.06488553 -0.06488391 -0.06489618 -0.050285496 -0.068182155 -0.07343889 -0.050085913
0.421 -0.0648924 -0.06488701 -0.06488542 -0.06489747 -0.050285924 -0.068183266 -0.07344082 -0.05008638
0.4215 -0.06489376 -0.06488847 -0.06488691 -0.06489876 -0.05028635 -0.06818436 -0.07344273 -0.05008684
0.422 -0.0648951 -0.0648899 -0.06488838 -0.06490002 -0.050286762 -0.068185434 -0.073444605 -0.050087295
0.4225 -0.06489643 -0.06489132 -0.06488984 -0.06490127 -0.050287176 -0.0681865 -0.07344645 -0.050087743
0.423 -0.06489774 -0.06489272 -0.06489127 -0.0649025 -0.05028758 -0.06818754 -0.07344827 -0.050088182
0.4235 -0.06489903 -0.0648941 -0.06489268 -0.06490372 -0.050287977 -0.06818858 -0.073450066 -0.050088614
0.424 -0.06490031 -0.06489547 -0.06489408 -0.06490492 -0.050288368 -0.06818959 -0.07345184 -0.050089043
0.4245 -0.06490157 -0.06489681 -0.06489545 -0.06490611 -0.050288755 -0.06819059 -0.07345358 -0.050089464
0.425 -0.06490281 -0.06489814 -0.06489681 -0.06490728 -0.050289135 -0.06819157 -0.0734553 -0.050089877
0.4255 -0.06490404 -0.06489945 -0.06489815 -0.06490844 -0.05028951 -0.06819255 -0.07345699 -0.050090287
0.426 -0.06490525 -0.06490075 -0.06489947 -0.06490958 -0.05028988 -0.0681935 -0.07345866 -0.05009069
0.4265 -0.06490645 -0.06490203 -0.06490078 -0.06491071 -0.050290246 -0.06819445 -0.0734603 -0.050091088
0.427 -0.06490763 -0.06490329 -0.06490207 -0.06491182 -0.050290603 -0.06819538 -0.07346192 -0.05009148
0.4275 -0.0649088 -0.06490453 -0.06490334 -0.06491292 -0.050290957 -0.0681963 -0.073463514 -0.050091863
0.428 -0.06490995 -0.06490576 -0.06490459 -0.06491401 -0.050291307 -0.0681972 -0.07346509 -0.050092243
0.4285 -0.06491109 -0.06490697 -0.06490583 -0.06491508 -0.05029165 -0.068198085 -0.073466636 -0.050092615
0.429 -0.06491222 -0.06490817 -0.06490705 -0.06491614 -0.05029199 -0.068198964 -0.07346816 -0.050092984
0.4295 -0.06491332 -0.06490935 -0.06490825 -0.06491719 -0.050292324 -0.06819983 -0.07346967 -0.05009335
0.43 -0.06491442 -0.06491051 -0.06490944 -0.06491822 -0.050292652 -0.06820068 -0.07347115 -0.050093707
0.4305 -0.0649155 -0.06491166 -0.06491062 -0.06491924 -0.050292976 -0.06820151 -0.07347261 -0.05009406
0.431 -0.06491657 -0.0649128 -0.06491177 -0.06492025 -0.050293293 -0.06820234 -0.07347405 -0.050094407
0.4315 -0.06491762 -0.06491392 -0.06491292 -0.06492125 -0.05029361 -0.06820315 -0.073475465 -0.05009475
0.432 -0.06491866 -0.06491502 -0.06491404 -0.06492223 -0.05029392 -0.068203956 -0.073476866 -0.050095085
0.4325 -0.06491969 -0.06491612 -0.06491516 -0.0649232 -0.050294224 -0.068204746 -0.07347824 -0.050095417
0.433 -0.0649207 -0.06491719 -0.06491625 -0.06492416 -0.050294526 -0.06820552 -0.07347959 -0.050095744
0.4335 -0.0649217 -0.06491826 -0.06491734 -0.0649251 -0.05029482 -0.06820629 -0.073480934 -0.05009607
0.434 -0.06492269 -0.06491931 -0.06491841 -0.06492604 -0.050295115 -0.06820704 -0.07348225 -0.050096385
0.4345 -0.06492367 -0.06492034 -0.06491946 -0.06492696 -0.0502954 -0.068207785 -0.07348355 -0.0500967
0.435 -0.06492463 -0.06492136 -0.06492051 -0.06492787 -0.050295684 -0.06820852 -0.07348483 -0.05009701
0.4355 -0.06492558 -0.06492237 -0.06492153 -0.06492877 -0.050295964 -0.068209246 -0.07348609 -0.050097313
0.436 -0.06492652 -0.06492337 -0.06492255 -0.06492966 -0.05029624 -0.06820996 -0.07348733 -0.050097615
0.4365 -0.06492745 -0.06492435 -0.06492355 -0.06493054 -0.05029651 -0.06821066 -0.07348855 -0.05009791
0.437 -0.06492836 -0.06492532 -0.06492454 -0.0649314 -0.050296776 -0.068211354 -0.073489755 -0.0500982
0.4375 -0.06492927 -0.06492628 -0.06492551 -0.06493226 -0.05029704 -0.06821203 -0.07349095 -0.050098486
0.438 -0.06493016 -0.06492722 -0.06492647 -0.06493311 -0.0502973 -0.0682127 -0.07349212 -0.05009877
0.4385 -0.06493104 -0.06492816 -0.06492742 -0.06493394 -0.050297555 -0.068213366 -0.07349327 -0.05009905
0.439 -0.06493191 -0.06492908 -0.06492836 -0.06493476 -0.050297808 -0.068214014 -0.073494405 -0.05009932
0.4395 -0.06493277 -0.06492999 -0.06492929 -0.06493558 -0.050298057 -0.068214655 -0.07349552 -0.050099593
0.44 -0.06493362 -0.06493088 -0.0649302 -0.06493638 -0.0502983 -0.06821529 -0.073496625 -0.050099857
0.4405 -0.06493446 -0.06493177 -0.0649311 -0.06493717 -0.05029854 -0.068215914 -0.07349771 -0.05010012
0.441 -0.06493528 -0.06493264 -0.06493199 -0.06493796 -0.05029878 -0.068216525 -0.073498785 -0.05010038
0.4415 -0.0649361 -0.0649335 -0.06493286 -0.06493873 -0.050299015 -0.06821713 -0.07349984 -0.050100636
0.442 -0.0649369 -0.06493436 -0.06493373 -0.0649395 -0.050299246 -0.068217725 -0.07350089 -0.050100885
0.4425 -0.0649377 -0.0649352 -0.06493459 -0.06494025 -0.050299473 -0.06821831 -0.07350191 -0.05010113
0.443 -0.06493849 -0.06493603 -0.06493543 -0.064941 -0.050299697 -0.068218894 -0.07350292 -0.050101377
0.4435 -0.06493926 -0.06493684 -0.06493626 -0.06494173 -0.050299916 -0.06821947 -0.07350391 -0.050101615
0.444 -0.06494003 -0.06493765 -0.06493708 -0.06494246 -0.050300132 -0.06822003 -0.073504895 -0.050101854
0.4445 -0.06494078 -0.06493845 -0.06493789 -0.06494318 -0.05030035 -0.06822058 -0.07350586 -0.05010209
0.445 -0.06494153 -0.06493924 -0.06493869 -0.06494388 -0.050300557 -0.06822113 -0.07350681 -0.050102316
0.4455 -0.06494227 -0.06494002 -0.06493948 -0.06494458 -0.050300766 -0.068221666 -0.07350775 -0.050102543
0.446 -0.06494299 -0.06494078 -0.06494026 -0.06494527 -0.05030097 -0.068222195 -0.07350867 -0.050102767
0.4465 -0.06494371 -0.06494154 -0.06494103 -0.06494596 -0.05030117 -0.06822272 -0.07350959 -0.050102986
0.447 -0.06494442 -0.06494229 -0.06494179 -0.06494663 -0.050301373 -0.06822323 -0.07351048 -0.050103202
0.4475 -0.06494512 -0.06494302 -0.06494254 -0.0649473 -0.050301567 -0.06822374 -0.07351137 -0.05010342
0.448 -0.06494581 -0.06494375 -0.06494328 -0.06494795 -0.05030176 -0.06822424 -0.07351224 -0.050103627
0.4485 -0.0649465 -0.06494447 -0.06494401 -0.0649486 -0.05030195 -0.06822473 -0.0735131 -0.050103836
0.449 -0.06494717 -0.06494518 -0.06494473 -0.06494924 -0.05030214 -0.06822521 -0.07351395 -0.050104037
0.4495 -0.06494784 -0.06494588 -0.06494544 -0.06494988 -0.050302323 -0.06822569 -0.073514774 -0.050104238
0.45 -0.06494849 -0.06494657 -0.06494614 -0.0649505 -0.050302505 -0.06822616 -0.0735156 -0.05010444
0.4505 -0.06494914 -0.06494726 -0.06494683 -0.06495112 -0.050302684 -0.06822662 -0.073516406 -0.050104633
0.451 -0.06494978 -0.06494793 -0.06494752 -0.06495173 -0.050302863 -0.06822708 -0.0735172 -0.050104827
0.4515 -0.06495041 -0.06494859 -0.06494819 -0.06495233 -0.05030304 -0.06822753 -0.07351799 -0.050105017
0.452 -0.06495104 -0.06494925 -0.06494886 -0.06495292 -0.05030321 -0.06822798 -0.07351877 -0.050105203
0.4525 -0.06495166 -0.0649499 -0.06494951 -0.06495351 -0.050303377 -0.06822841 -0.07351953 -0.050105385
0.453 -0.06495226 -0.06495054 -0.06495016 -0.06495409 -0.050303545 -0.06822884 -0.07352028 -0.050105568
0.4535 -0.06495287 -0.06495117 -0.0649508 -0.06495466 -0.05030371 -0.068229266 -0.07352102 -0.050105747
0.454 -0.06495346 -0.06495179 -0.06495143 -0.06495523 -0.05030387 -0.06822968 -0.07352175 -0.050105922
0.4545 -0.06495404 -0.06495241 -0.06495206 -0.06495578 -0.05030403 -0.06823009 -0.07352247 -0.050106097
0.455 -0.06495462 -0.06495301 -0.06495267 -0.06495633 -0.050304186 -0.0682305 -0.07352318 -0.05010627
0.4555 -0.06495519 -0.06495361 -0.06495328 -0.06495688 -0.050304342 -0.0682309 -0.07352388 -0.050106436
0.456 -0.06495576 -0.0649542 -0.06495388 -0.06495742 -0.050304495 -0.0682313 -0.073524565 -0.050106604
0.4565 -0.06495632 -0.06495479 -0.06495447 -0.06495795 -0.050304644 -0.06823169 -0.07352524 -0.050106764
0.457 -0.06495687 -0.06495537 -0.06495506 -0.06495847 -0.050304793 -0.06823207 -0.07352591 -0.050106928
0.4575 -0.06495741 -0.06495593 -0.06495563 -0.06495899 -0.050304938 -0.06823245 -0.07352657 -0.050107084
0.458 -0.06495794 -0.0649565 -0.0649562 -0.0649595 -0.050305083 -0.06823282 -0.07352722 -0.05010724
0.4585 -0.06495847 -0.06495705 -0.06495676 -0.06496 -0.050305225 -0.06823318 -0.07352786 -0.050107397
0.459 -0.064959 -0.0649576 -0.06495732 -0.0649605 -0.050305363 -0.06823354 -0.07352848 -0.05010755
0.4595 -0.06495951 -0.06495814 -0.06495786 -0.06496099 -0.0503055 -0.0682339 -0.07352911 -0.0501077
0.46 -0.06496002 -0.06495867 -0.0649584 -0.06496148 -0.050305635 -0.06823425 -0.07352972 -0.050107844
0.4605 -0.06496052 -0.0649592 -0.06495894 -0.06496196 -0.05030577 -0.06823459 -0.073530324 -0.050107993
0.461 -0.06496102 -0.06495972 -0.06495946 -0.06496243 -0.050305903 -0.068234935 -0.07353091 -0.050108135
0.4615 -0.06496151 -0.06496023 -0.06495998 -0.0649629 -0.05030603 -0.06823526 -0.0735315 -0.050108276
0.462 -0.064962 -0.06496074 -0.06496049 -0.06496336 -0.05030616 -0.0682356 -0.073532075 -0.050108414
0.4625 -0.06496247 -0.06496124 -0.064961 -0.06496382 -0.050306283 -0.06823592 -0.07353265 -0.050108552
0.463 -0.06496295 -0.06496173 -0.0649615 -0.06496427 -0.05030641 -0.06823624 -0.07353321 -0.050108686
0.4635 -0.06496341 -0.06496222 -0.06496199 -0.06496472 -0.050306533 -0.06823656 -0.07353376 -0.05010882
0.464 -0.06496387 -0.0649627 -0.06496248 -0.06496516 -0.05030665 -0.06823687 -0.0735343 -0.05010895
0.4645 -0.06496433 -0.06496317 -0.06496296 -0.06496559 -0.05030677 -0.06823718 -0.07353484 -0.05010908
0.465 -0.06496477 -0.06496364 -0.06496343 -0.06496602 -0.050306886 -0.068237476 -0.07353537 -0.050109208
0.4655 -0.06496522 -0.0649641 -0.0649639 -0.06496644 -0.050307002 -0.068237774 -0.07353588 -0.050109334
0.466 -0.06496565 -0.06496456 -0.06496436 -0.06496686 -0.050307117 -0.06823807 -0.073536396 -0.050109457
0.4665 -0.06496609 -0.06496501 -0.06496482 -0.06496727 -0.05030723 -0.068238355 -0.0735369 -0.05010958
0.467 -0.06496651 -0.06496546 -0.06496527 -0.06496768 -0.050307337 -0.068238646 -0.073537394 -0.0501097
0.4675 -0.06496693 -0.0649659 -0.06496571 -0.06496808 -0.050307445 -0.06823892 -0.073537886 -0.05010982
0.468 -0.06496735 -0.06496633 -0.06496615 -0.06496848 -0.050307553 -0.0682392 -0.07353837 -0.050109934
0.4685 -0.06496776 -0.06496676 -0.06496658 -0.06496887 -0.050307658 -0.06823947 -0.07353885 -0.05011005
0.469 -0.06496816 -0.06496718 -0.06496701 -0.06496926 -0.050307762 -0.06823974 -0.07353932 -0.05011016
0.4695 -0.06496856 -0.0649676 -0.06496743 -0.06496964 -0.050307866 -0.06824 -0.07353978 -0.050110273
0.47 -0.06496896 -0.06496801 -0.06496785 -0.06497002 -0.050307967 -0.06824026 -0.07354023 -0.05011038
0.4705 -0.06496935 -0.06496842 -0.06496826 -0.06497039 -0.050308067 -0.06824052 -0.07354068 -0.05011049
0.471 -0.06496974 -0.06496882 -0.06496866 -0.06497076 -0.050308164 -0.06824078 -0.07354113 -0.050110597
0.4715 -0.06497012 -0.06496921 -0.06496906 -0.06497113 -0.05030826 -0.06824102 -0.07354156 -0.0501107
0.472 -0.06497049 -0.0649696 -0.06496946 -0.06497149 -0.050308354 -0.06824127 -0.07354199 -0.050110806
0.4725 -0.06497086 -0.06496999 -0.06496985 -0.06497184 -0.050308447 -0.068241514 -0.07354241 -0.050110906
0.473 -0.06497123 -0.06497037 -0.06497023 -0.06497219 -0.05030854 -0.068241745 -0.073542826 -0.050111007
0.4735 -0.06497159 -0.06497075 -0.06497061 -0.06497254 -0.050308634 -0.06824198 -0.073543236 -0.050111108
0.474 -0.06497195 -0.06497112 -0.06497099 -0.06497288 -0.050308723 -0.068242215 -0.073543645 -0.050111204
0.4745 -0.0649723 -0.06497149 -0.06497136 -0.06497322 -0.05030881 -0.068242446 -0.07354404 -0.0501113
0.475 -0.06497265 -0.06497185 -0.06497172 -0.06497355 -0.050308898 -0.06824267 -0.073544435 -0.050111394
0.4755 -0.06497299 -0.0649722 -0.06497209 -0.06497388 -0.050308984 -0.06824289 -0.07354482 -0.05011149
0.476 -0.06497333 -0.06497256 -0.06497244 -0.06497421 -0.05030907 -0.06824311 -0.0735452 -0.05011158
0.4765 -0.06497366 -0.06497291 -0.06497279 -0.06497453 -0.05030915 -0.068243325 -0.073545575 -0.050111674
0.477 -0.06497399 -0.06497325 -0.06497314 -0.06497484 -0.050309233 -0.06824353 -0.07354595 -0.050111763
0.4775 -0.06497432 -0.06497359 -0.06497348 -0.06497516 -0.050309315 -0.06824374 -0.07354631 -0.05011185
0.478 -0.06497464 -0.06497392 -0.06497382 -0.06497547 -0.050309394 -0.06824395 -0.07354667 -0.050111935
0.4785 -0.06497496 -0.06497425 -0.06497415 -0.06497577 -0.05030947 -0.06824415 -0.07354703 -0.05011202
0.479 -0.06497528 -0.06497458 -0.06497448 -0.06497607 -0.05030955 -0.06824435 -0.07354738 -0.050112106
0.4795 -0.06497559 -0.0649749 -0.06497481 -0.06497637 -0.050309625 -0.06824455 -0.07354772 -0.050112188
0.48 -0.06497589 -0.06497522 -0.06497513 -0.06497667 -0.0503097 -0.06824474 -0.073548056 -0.05011227
0.4805 -0.0649762 -0.06497554 -0.06497545 -0.06497696 -0.050309774 -0.068244934 -0.07354839 -0.05011235
0.481 -0.06497649 -0.06497585 -0.06497576 -0.06497724 -0.050309848 -0.06824512 -0.07354872 -0.05011243
0.4815 -0.06497679 -0.06497615 -0.06497607 -0.06497753 -0.05030992 -0.06824531 -0.07354905 -0.05011251
0.482 -0.06497708 -0.06497645 -0.06497637 -0.06497781 -0.05030999 -0.068245485 -0.07354937 -0.050112586
0.4825 -0.06497737 -0.06497675 -0.06497667 -0.06497808 -0.05031006 -0.068245664 -0.07354968 -0.05011266
0.483 -0.06497765 -0.06497705 -0.06497697 -0.06497835 -0.050310127 -0.06824584 -0.07354999 -0.050112735
0.4835 -0.06497793 -0.06497734 -0.06497726 -0.06497862 -0.050310194 -0.06824602 -0.0735503 -0.05011281
0.484 -0.06497821 -0.06497763 -0.06497755 -0.06497889 -0.05031026 -0.06824619 -0.0735506 -0.05011288
0.4845 -0.06497848 -0.06497791 -0.06497784 -0.06497915 -0.05031033 -0.068246365 -0.073550895 -0.050112955
0.485 -0.06497875 -0.06497819 -0.06497812 -0.06497941 -0.050310392 -0.06824653 -0.073551185 -0.050113026
0.4855 -0.06497902 -0.06497847 -0.0649784 -0.06497967 -0.05031046 -0.06824669 -0.073551476 -0.050113093
0.486 -0.06497928 -0.06497874 -0.06497867 -0.06497992 -0.05031052 -0.06824686 -0.07355176 -0.050113164
0.4865 -0.06497954 -0.06497901 -0.06497895 -0.06498017 -0.050310582 -0.06824702 -0.07355204 -0.05011323
0.487 -0.0649798 -0.06497927 -0.06497921 -0.06498042 -0.050310645 -0.06824718 -0.07355232 -0.050113298
0.4875 -0.06498005 -0.06497954 -0.06497948 -0.06498066 -0.050310705 -0.06824733 -0.073552586 -0.05011336
0.488 -0.0649803 -0.06497979 -0.06497974 -0.0649809 -0.050310764 -0.06824748 -0.073552854 -0.05011343
0.4885 -0.06498055 -0.06498005 -0.06498 -0.06498114 -0.05031082 -0.06824763 -0.073553115 -0.05011349
0.489 -0.06498079 -0.0649803 -0.06498025 -0.06498137 -0.05031088 -0.06824778 -0.073553376 -0.050113555
0.4895 -0.06498104 -0.06498055 -0.0649805 -0.06498161 -0.050310936 -0.06824793 -0.07355364 -0.050113615
0.49 -0.06498127 -0.0649808 -0.06498075 -0.06498184 -0.05031099 -0.06824808 -0.07355389 -0.050113678
0.4905 -0.06498151 -0.06498104 -0.06498099 -0.06498206 -0.050311048 -0.06824822 -0.073554136 -0.050113738
0.491 -0.06498174 -0.06498128 -0.06498123 -0.06498228 -0.0503111 -0.06824836 -0.07355438 -0.050113797
0.4915 -0.06498197 -0.06498152 -0.06498147 -0.06498251 -0.050311156 -0.068248495 -0.07355462 -0.050113853
0.492 -0.0649822 -0.06498175 -0.06498171 -0.06498272 -0.050311208 -0.06824863 -0.07355486 -0.050113913
0.4925 -0.06498242 -0.06498198 -0.06498194 -0.06498294 -0.05031126 -0.06824876 -0.0735551 -0.05011397
0.493 -0.06498264 -0.06498221 -0.06498217 -0.06498315 -0.050311312 -0.0682489 -0.07355533 -0.050114024
0.4935 -0.06498286 -0.06498244 -0.0649824 -0.06498336 -0.05031136 -0.06824903 -0.07355555 -0.05011408
0.494 -0.06498307 -0.06498266 -0.06498262 -0.06498357 -0.05031141 -0.06824916 -0.073555775 -0.050114132
0.4945 -0.06498328 -0.06498288 -0.06498284 -0.06498377 -0.05031146 -0.068249285 -0.073556 -0.050114185
0.495 -0.06498349 -0.06498309 -0.06498306 -0.06498397 -0.05031151 -0.068249404 -0.073556215 -0.050114237
0.4955 -0.0649837 -0.06498331 -0.06498327 -0.06498417 -0.050311554 -0.06824953 -0.07355643 -0.05011429
0.496 -0.0649839 -0.06498352 -0.06498349 -0.06498437 -0.050311603 -0.06824965 -0.07355664 -0.05011434
0.4965 -0.06498411 -0.06498373 -0.0649837 -0.06498456 -0.050311647 -0.06824977 -0.07355685 -0.05011439
0.497 -0.06498431 -0.06498393 -0.0649839 -0.06498476 -0.050311696 -0.06824989 -0.07355706 -0.05011444
0.4975 -0.0649845 -0.06498414 -0.06498411 -0.06498495 -0.05031174 -0.06825 -0.07355726 -0.05011449
0.498 -0.0649847 -0.06498434 -0.06498431 -0.06498513 -0.05031178 -0.06825012 -0.07355746 -0.05011454
0.4985 -0.06498489 -0.06498453 -0.06498451 -0.06498532 -0.050311826 -0.06825023 -0.07355765 -0.050114587
0.499 -0.06498508 -0.06498473 -0.0649847 -0.0649855 -0.05031187 -0.068250336 -0.073557846 -0.05011463
0.4995 -0.06498526 -0.06498492 -0.0649849 -0.06498568 -0.05031191 -0.06825045 -0.07355804 -0.050114676
0.5 -0.06498545 -0.06498511 -0.06498509 -0.06498586 -0.050311953 -0.06825055 -0.073558226 -0.050114725
