0.0 -0.065 -0.065 -0.065 -0.065 0.024991572 -0.095258236 0.17482258 -0.014393276
0.0005 -0.065 -0.065 -0.065 -0.065 0.017994836 -0.036608517 0.1540026 0.0012488703
0.001 -0.065 -0.065 -0.065 -0.065 0.0052929595 -0.018849693 0.110415995 -0.013645353
0.0015 -0.065 -0.065 -0.065 -0.065 0.00024997443 0.01933983 0.09789115 -0.00027891528
0.002 -0.065 -0.065 -0.065 -0.065 -0.009572167 0.020127416 0.06504628 -0.016130231
0.0025 -0.065 -0.065 -0.065 -0.065 -0.012405336 0.04353577 0.060202256 -0.004178802
0.003 -0.065 -0.065 -0.065 -0.065 -0.019870456 0.034891903 0.035490096 -0.019952873
0.0035 -0.065 -0.065 -0.065 -0.065 -0.021140307 0.050108463 0.035595447 -0.008747362
0.004 -0.065 -0.065 -0.065 -0.065 -0.027077667 0.037384838 0.015904814 -0.024016168
0.0045 -0.065 -0.065 -0.065 -0.065 -0.02734062 0.048699677 0.018970236 -0.013130745
0.005 -0.065 -0.065 -0.065 -0.065 -0.03231089 0.03456743 0.002306074 -0.027792847
0.0055 -0.065 -0.065 -0.065 -0.065 -0.03189724 0.044215977 0.0072414726 -0.017003119
0.006 -0.065 -0.065 -0.065 -0.065 -0.036222108 0.029820442 -0.007505387 -0.031083437
0.0065 -0.065 -0.065 -0.065 -0.065 -0.035322845 0.0388754 -0.0012899786 -0.020289198
0.007 -0.065 -0.065 -0.065 -0.065 -0.03918811 0.024676546 -0.01473625 -0.033845905
0.0075 -0.065 -0.065 -0.065 -0.065 -0.03792488 0.033631474 -0.0075964183 -0.02301514
0.008 -0.065 -0.065 -0.065 -0.065 -0.04144557 0.019804746 -0.020104632 -0.03610717
0.0085 -0.065 -0.065 -0.065 -0.065 -0.039905235 0.028871626 -0.012285143 -0.025243131
0.009 -0.065 -0.065 -0.065 -0.065 -0.043158486 0.015475392 -0.024083748 -0.03792172
0.0095 -0.065 -0.065 -0.065 -0.065 -0.041408285 0.024728477 -0.015769973 -0.02704456
0.01 -0.065 -0.065 -0.065 -0.065 -0.04444951 0.0117715 -0.02701275 -0.03935251
0.0105 -0.065 -0.065 -0.065 -0.065 -0.04254338 0.021217197 -0.0183516 -0.028489033
0.011 -0.065 -0.065 -0.065 -0.065 -0.045414083 0.008686155 -0.029147044 -0.04046199
0.0115 -0.065 -0.065 -0.065 -0.065 -0.043395773 0.018298522 -0.02025637 -0.029640067
0.012 -0.065 -0.065 -0.065 -0.065 -0.04612784 0.006169945 -0.030683413 -0.0413078
0.0125 -0.065 -0.065 -0.065 -0.065 -0.044032507 0.015908957 -0.02165702 -0.030553378
0.013 -0.065 -0.065 -0.065 -0.065 -0.046650544 0.0041550994 -0.03177376 -0.041940797
0.0135 -0.065 -0.065 -0.065 -0.065 -0.044506192 0.013976514 -0.022685438 -0.03127659
0.014 -0.065 -0.065 -0.065 -0.065 -0.047029227 0.0025684834 -0.032535 -0.042404626
0.0145 -0.065 -0.065 -0.065 -0.065 -0.04485771 0.012429342 -0.023441568 -0.031849526
0.015 -0.065 -0.065 -0.065 -0.065 -0.047300376 0.0013391972 -0.033055946 -0.042735692
0.0155 -0.065 -0.065 -0.065 -0.065 -0.045118533 0.011200368 -0.024000421 -0.03230489
0.016 -0.065 -0.065 -0.065 -0.065 -0.047491983 0.00040204823 -0.033403143 -0.042963862
0.0165 -0.065 -0.065 -0.065 -0.065 -0.04531254 0.010229677 -0.024417505 -0.032669112
0.017 -0.065 -0.065 -0.065 -0.065 -0.047625244 -0.0003001839 -0.033626005 -0.043113165
0.0175 -0.065 -0.065 -0.065 -0.065 -0.045457676 0.009465575 -0.02473335 -0.032963227
0.018 -0.065 -0.065 -0.065 -0.065 -0.04771605 -0.0008163303 -0.033760652 -0.043202657
0.0185 -0.065 -0.065 -0.065 -0.065 -0.045567274 0.008864507 -0.02497749 -0.03320379
0.019 -0.065 -0.065 -0.065 -0.065 -0.047776178 -0.0011870861 -0.03383325 -0.043247275
0.0195 -0.065 -0.065 -0.065 -0.065 -0.045651153 0.00839068 -0.025170907 -0.033403657
0.02 -0.065 -0.065 -0.065 -0.065 -0.047814265 -0.0014455765 -0.033862576 -0.043258555
0.0205 -0.065 -0.065 -0.065 -0.065 -0.045716472 0.008015156 -0.025328562 -0.033572715
0.021 -0.065 -0.065 -0.065 -0.065 -0.047836617 -0.0016184151 -0.03386195 -0.043245338
0.0215 -0.065 -0.065 -0.065 -0.065 -0.045768425 0.007714927 -0.025460944 -0.033718497
0.022 -0.065 -0.065 -0.065 -0.065 -0.047847807 -0.0017265081 -0.03384082 -0.04321431
0.0225 -0.065 -0.065 -0.065 -0.065 -0.04581079 0.0074720234 -0.025575534 -0.033846702
0.023 -0.065 -0.065 -0.065 -0.065 -0.047851138 -0.0017861724 -0.033805773 -0.043170527
0.0235 -0.065 -0.065 -0.065 -0.065 -0.0458462 0.007272452 -0.025677338 -0.033961598
0.024 -0.065 -0.065 -0.065 -0.065 -0.047848947 -0.0018100142 -0.033761427 -0.043117743
0.0245 -0.065 -0.065 -0.065 -0.065 -0.045876637 0.0071055293 -0.025770023 -0.03406639
0.025 -0.065 -0.065 -0.065 -0.065 -0.04784292 -0.0018075258 -0.033711 -0.043058738
0.0255 -0.065 -0.065 -0.065 -0.065 -0.04590343 0.006963134 -0.025856003 -0.034163434
0.026 -0.065 -0.065 -0.065 -0.065 -0.047834255 -0.001785934 -0.0336567 -0.04299557
0.0265 -0.065 -0.065 -0.065 -0.065 -0.045927554 0.006839156 -0.025936976 -0.034254484
0.027 -0.065 -0.065 -0.065 -0.065 -0.047823794 -0.0017506778 -0.033600047 -0.042929742
0.0275 -0.065 -0.065 -0.065 -0.065 -0.045949697 0.0067290515 -0.026014104 -0.03434081
0.028 -0.065 -0.065 -0.065 -0.065 -0.04781214 -0.0017057359 -0.03354208 -0.042862333
0.0285 -0.065 -0.065 -0.065 -0.065 -0.045970358 0.0066294223 -0.026088223 -0.03442336
0.029 -0.065 -0.065 -0.065 -0.065 -0.04779973 -0.0016540736 -0.03348358 -0.042794153
0.0295 -0.065 -0.065 -0.065 -0.065 -0.045989886 0.0065377653 -0.026159897 -0.03450283
0.03 -0.065 -0.065 -0.065 -0.065 -0.04778684 -0.0015978813 -0.03342502 -0.04272576
0.0305 -0.065 -0.065 -0.065 -0.065 -0.046008497 0.0064522475 -0.026229456 -0.034579713
0.031 -0.065 -0.065 -0.065 -0.065 -0.04777369 -0.0015387535 -0.033366695 -0.04265755
0.0315 -0.065 -0.065 -0.065 -0.065 -0.04602641 0.006371498 -0.026297256 -0.03465441
0.032 -0.065 -0.065 -0.065 -0.065 -0.047760427 -0.0014778078 -0.03330888 -0.042589817
0.0325 -0.065 -0.065 -0.065 -0.065 -0.04604371 0.0062945187 -0.026363447 -0.034727167
0.033 -0.065 -0.065 -0.065 -0.065 -0.047747135 -0.0014159083 -0.03325163 -0.042522736
0.0335 -0.065 -0.065 -0.065 -0.065 -0.046060488 0.0062205642 -0.026428148 -0.03479821
0.034 -0.065 -0.065 -0.065 -0.065 -0.047733895 -0.0013535917 -0.033195123 -0.04245646
0.0345 -0.065 -0.065 -0.065 -0.065 -0.04607684 0.006149158 -0.026491508 -0.034867678
0.035 -0.065 -0.065 -0.065 -0.065 -0.04772076 -0.0012913346 -0.033139423 -0.042391084
0.0355 -0.065 -0.065 -0.065 -0.065 -0.046092793 0.006079927 -0.026553586 -0.034935683
0.036 -0.065 -0.065 -0.065 -0.065 -0.04770776 -0.0012294203 -0.033084527 -0.04232667
0.0365 -0.065 -0.065 -0.065 -0.065 -0.046108365 0.0060124993 -0.026614413 -0.035002317
0.037 -0.065 -0.065 -0.065 -0.065 -0.0476949 -0.0011680424 -0.033030435 -0.042263236
0.0375 -0.065 -0.065 -0.065 -0.065 -0.0461236 0.0059467256 -0.026674077 -0.03506765
0.038 -0.065 -0.065 -0.065 -0.065 -0.04768222 -0.00110735 -0.032977268 -0.04220082
0.0385 -0.065 -0.065 -0.065 -0.065 -0.046138532 0.005882472 -0.026732638 -0.03513175
0.039 -0.065 -0.065 -0.065 -0.065 -0.04766973 -0.0010474026 -0.032924965 -0.04213943
0.0395 -0.065 -0.065 -0.065 -0.065 -0.046153165 0.005819604 -0.026790068 -0.03519464
0.04 -0.065 -0.065 -0.065 -0.065 -0.047657415 -0.0009883493 -0.032873496 -0.042079065
0.0405 -0.065 -0.065 -0.065 -0.065 -0.046167493 0.0057579875 -0.026846424 -0.035256367
0.041 -0.065 -0.065 -0.065 -0.065 -0.04764527 -0.000930205 -0.032822832 -0.042019714
0.0415 -0.065 -0.065 -0.065 -0.065 -0.046181545 0.005697578 -0.026901707 -0.035316963
0.042 -0.065 -0.065 -0.065 -0.065 -0.047633335 -0.0008729398 -0.032773063 -0.041961383
0.0425 -0.065 -0.065 -0.065 -0.065 -0.046195313 0.005638331 -0.026955977 -0.035376452
0.043 -0.065 -0.065 -0.065 -0.065 -0.04762157 -0.00081662834 -0.032724038 -0.04190404
0.0435 -0.065 -0.065 -0.065 -0.065 -0.04620883 0.0055802166 -0.027009234 -0.035434872
0.044 -0.065 -0.065 -0.065 -0.065 -0.047610007 -0.0007612407 -0.032675907 -0.04184769
0.0445 -0.065 -0.065 -0.065 -0.065 -0.046222083 0.005523175 -0.027061537 -0.035492234
0.045 -0.065 -0.065 -0.065 -0.065 -0.047598615 -0.000706777 -0.03262852 -0.04179231
0.0455 -0.065 -0.065 -0.065 -0.065 -0.046235085 0.0054671913 -0.027112827 -0.035548568
0.046 -0.065 -0.065 -0.065 -0.065 -0.047587417 -0.0006532222 -0.032582 -0.041737888
0.0465 -0.065 -0.065 -0.065 -0.065 -0.046247832 0.0054122508 -0.027163193 -0.035603885
0.047 -0.065 -0.065 -0.065 -0.065 -0.047576398 -0.0006006062 -0.032536224 -0.04168442
0.0475 -0.065 -0.065 -0.065 -0.065 -0.046260357 0.0053583086 -0.027212635 -0.035658214
0.048 -0.065 -0.065 -0.065 -0.065 -0.047565557 -0.0005488694 -0.032491222 -0.041631874
0.0485 -0.065 -0.065 -0.065 -0.065 -0.046272635 0.005305305 -0.027261183 -0.035711575
0.049 -0.065 -0.065 -0.065 -0.065 -0.047554903 -0.0004980117 -0.032446995 -0.041580245
0.0495 -0.065 -0.065 -0.065 -0.065 -0.04628469 0.0052533 -0.027308866 -0.035763983
0.05 -0.065 -0.065 -0.065 -0.065 -0.04754442 -0.00044804811 -0.032403514 -0.041529514
0.0505 -0.065 -0.065 -0.065 -0.065 -0.046296522 0.005202234 -0.027355626 -0.03581545
0.051 -0.065 -0.065 -0.065 -0.065 -0.04753411 -0.0003989637 -0.032360747 -0.041479666
0.0515 -0.065 -0.065 -0.065 -0.065 -0.04630813 0.005152017 -0.027401552 -0.03586601
0.052 -0.065 -0.065 -0.065 -0.065 -0.04752396 -0.00035071373 -0.032318696 -0.041430686
0.0525 -0.065 -0.065 -0.065 -0.065 -0.046319515 0.005102724 -0.027446613 -0.03591566
0.053 -0.065 -0.065 -0.065 -0.065 -0.04751399 -0.00030329823 -0.03227742 -0.04138256
0.0535 -0.065 -0.065 -0.065 -0.065 -0.046330698 0.0050543547 -0.027490899 -0.035964426
0.054 -0.065 -0.065 -0.065 -0.065 -0.047504164 -0.0002567172 -0.03223674 -0.04133526
0.0545 -0.065 -0.065 -0.065 -0.065 -0.046341665 0.00500679 -0.02753435 -0.036012333
0.055 -0.065 -0.065 -0.065 -0.065 -0.04749451 -0.00021089613 -0.032196775 -0.041288782
0.0555 -0.065 -0.065 -0.065 -0.065 -0.04635243 0.00496009 -0.027577028 -0.03605939
0.056 -0.065 -0.065 -0.065 -0.065 -0.047485016 -0.00016589463 -0.032157525 -0.041243125
0.0565 -0.065 -0.065 -0.065 -0.065 -0.046362996 0.004914269 -0.0276189 -0.03610559
0.057 -0.065 -0.065 -0.065 -0.065 -0.04747569 -0.00012168288 -0.03211896 -0.041198276
0.0575 -0.065 -0.065 -0.065 -0.065 -0.046373375 0.0048692673 -0.027660027 -0.036150973
0.058 -0.065 -0.065 -0.065 -0.065 -0.0474665 -7.82609e-05 -0.032080993 -0.04115419
0.0585 -0.065 -0.065 -0.065 -0.065 -0.046383552 0.004825026 -0.02770038 -0.036195558
0.059 -0.065 -0.065 -0.065 -0.065 -0.04745747 -3.5583973e-05 -0.03204368 -0.041110884
0.0595 -0.065 -0.065 -0.065 -0.065 -0.046393543 0.004781574 -0.027740046 -0.036239352
0.06 -0.065 -0.065 -0.065 -0.065 -0.04744859 6.377697e-06 -0.032007024 -0.041068323
0.0605 -0.065 -0.065 -0.065 -0.065 -0.04640334 0.004738882 -0.027778938 -0.036282357
0.061 -0.065 -0.065 -0.065 -0.065 -0.04743985 4.759431e-05 -0.031970963 -0.041026503
0.0615 -0.065 -0.065 -0.065 -0.065 -0.04641296 0.004696995 -0.027817145 -0.0363246
0.062 -0.065 -0.065 -0.065 -0.065 -0.047431275 8.8095665e-05 -0.031935558 -0.04098542
0.0625 -0.065 -0.065 -0.065 -0.065 -0.046422407 0.004655853 -0.027854666 -0.036366098
0.063 -0.065 -0.065 -0.065 -0.065 -0.047422834 0.00012791157 -0.03190075 -0.040945053
0.0635 -0.065 -0.065 -0.065 -0.065 -0.046431676 0.004615426 -0.027891472 -0.036406856
0.064 -0.065 -0.065 -0.065 -0.065 -0.047414526 0.00016699731 -0.031866476 -0.04090538
0.0645 -0.065 -0.065 -0.065 -0.065 -0.04644078 0.0045756996 -0.027927652 -0.036446895
0.065 -0.065 -0.065 -0.065 -0.065 -0.04740636 0.00020542741 -0.0318328 -0.0408664
0.0655 -0.065 -0.065 -0.065 -0.065 -0.046449706 0.004536703 -0.027963147 -0.036486216
0.066 -0.065 -0.065 -0.065 -0.065 -0.04739833 0.00024318695 -0.03179972 -0.040828113
0.0665 -0.065 -0.065 -0.065 -0.065 -0.046458468 0.0044983923 -0.027998015 -0.036524836
0.067 -0.065 -0.065 -0.065 -0.065 -0.04739043 0.00028029084 -0.031767175 -0.040790487
0.0675 -0.065 -0.065 -0.065 -0.065 -0.04646708 0.0044607967 -0.028032228 -0.036562767
0.068 -0.065 -0.065 -0.065 -0.065 -0.047382668 0.00031670928 -0.031735227 -0.040753525
0.0685 -0.065 -0.065 -0.065 -0.065 -0.046475522 0.004423827 -0.028065845 -0.036600035
0.069 -0.065 -0.065 -0.065 -0.065 -0.04737504 0.00035257638 -0.031703845 -0.040717196
0.0695 -0.065 -0.065 -0.065 -0.065 -0.046483822 0.0043875724 -0.028098896 -0.036636643
0.07 -0.065 -0.065 -0.065 -0.065 -0.04736755 0.00038781762 -0.03167297 -0.040681507
0.0705 -0.065 -0.065 -0.065 -0.065 -0.046491966 0.004351914 -0.028131291 -0.036672596
0.071 -0.065 -0.065 -0.065 -0.065 -0.047360167 0.0004223585 -0.03164263 -0.040646445
0.0715 -0.065 -0.065 -0.065 -0.065 -0.04649996 0.004316911 -0.02816309 -0.036707915
0.072 -0.065 -0.065 -0.065 -0.065 -0.047352925 0.00045633316 -0.03161283 -0.040611997
0.0725 -0.065 -0.065 -0.065 -0.065 -0.046507806 0.004282519 -0.028194353 -0.03674261
0.073 -0.065 -0.065 -0.065 -0.065 -0.047345772 0.00048971176 -0.031583473 -0.040578138
0.0735 -0.065 -0.065 -0.065 -0.065 -0.046515495 0.0042487383 -0.02822502 -0.03677668
0.074 -0.065 -0.065 -0.065 -0.065 -0.04733877 0.0005225092 -0.031554654 -0.04054488
0.0745 -0.065 -0.065 -0.065 -0.065 -0.046523064 0.0042155683 -0.02825518 -0.03681016
0.075 -0.065 -0.065 -0.065 -0.065 -0.047331877 0.00055477023 -0.031526312 -0.04051219
0.0755 -0.065 -0.065 -0.065 -0.065 -0.046530485 0.0041829497 -0.028284743 -0.036843043
0.076 -0.065 -0.065 -0.065 -0.065 -0.047325097 0.0005864501 -0.031498477 -0.04048008
0.0765 -0.065 -0.065 -0.065 -0.065 -0.04653778 0.004150927 -0.0283138 -0.03687534
0.077 -0.065 -0.065 -0.065 -0.065 -0.04731842 0.0006175637 -0.03147109 -0.04044852
0.0775 -0.065 -0.065 -0.065 -0.065 -0.046544924 0.0041194856 -0.028342322 -0.036907066
0.078 -0.065 -0.065 -0.065 -0.065 -0.047311872 0.0006481558 -0.031444177 -0.04041752
0.0785 -0.065 -0.065 -0.065 -0.065 -0.04655195 0.0040885955 -0.028370366 -0.03693823
0.079 -0.065 -0.065 -0.065 -0.065 -0.047305427 0.00067821145 -0.031417742 -0.040387053
0.0795 -0.065 -0.065 -0.065 -0.065 -0.046558835 0.0040582716 -0.028397843 -0.036968842
0.08 -0.065 -0.065 -0.065 -0.065 -0.047299102 0.00070774555 -0.031391785 -0.04035713
0.0805 -0.065 -0.065 -0.065 -0.065 -0.046565607 0.0040284693 -0.028424874 -0.036998916
0.081 -0.065 -0.065 -0.065 -0.065 -0.047292873 0.0007367879 -0.031366244 -0.040327724
0.0815 -0.065 -0.065 -0.065 -0.065 -0.046572275 0.0039992034 -0.028451458 -0.037028465
0.082 -0.065 -0.065 -0.065 -0.065 -0.047286756 0.00076529384 -0.03134115 -0.040298827
0.0825 -0.065 -0.065 -0.065 -0.065 -0.046578795 0.0039704293 -0.028477505 -0.037057485
0.083 -0.065 -0.065 -0.065 -0.065 -0.047280744 0.000793308 -0.031316504 -0.040270444
0.0835 -0.065 -0.065 -0.065 -0.065 -0.046585202 0.0039421916 -0.028503105 -0.037085984
0.084 -0.065 -0.065 -0.065 -0.065 -0.047274835 0.00082081556 -0.031292245 -0.040242556
0.0845 -0.065 -0.065 -0.065 -0.065 -0.046591498 0.0039144456 -0.028528228 -0.037113987
0.085 -0.065 -0.065 -0.065 -0.065 -0.047269017 0.00084786117 -0.031268403 -0.040215146
0.0855 -0.065 -0.065 -0.065 -0.065 -0.046597674 0.0038871616 -0.028552905 -0.03714149
0.086 -0.065 -0.065 -0.065 -0.065 -0.047263294 0.00087441504 -0.031244978 -0.040188227
0.0865 -0.065 -0.065 -0.065 -0.065 -0.04660374 0.003860414 -0.028577134 -0.037168507
0.087 -0.065 -0.065 -0.065 -0.065 -0.04725767 0.0009005368 -0.03122197 -0.040161766
0.0875 -0.065 -0.065 -0.065 -0.065 -0.046609685 0.0038340986 -0.028600916 -0.03719505
0.088 -0.065 -0.065 -0.065 -0.065 -0.04725215 0.0009261668 -0.031199321 -0.040135767
0.0885 -0.065 -0.065 -0.065 -0.065 -0.046615534 0.0038082898 -0.028624281 -0.037221123
0.089 -0.065 -0.065 -0.065 -0.065 -0.04724671 0.00095137954 -0.031177089 -0.04011022
0.0895 -0.065 -0.065 -0.065 -0.065 -0.046621278 0.0037828982 -0.028647259 -0.03724674
0.09 -0.065 -0.065 -0.065 -0.065 -0.047241375 0.00097616017 -0.031155244 -0.040085122
0.0905 -0.065 -0.065 -0.065 -0.065 -0.046626918 0.0037579834 -0.02866982 -0.037271906
0.091 -0.065 -0.065 -0.065 -0.065 -0.04723613 0.0010004938 -0.031133756 -0.040060464
0.0915 -0.065 -0.065 -0.065 -0.065 -0.046632446 0.003733486 -0.028691933 -0.03729662
0.092 -0.065 -0.065 -0.065 -0.065 -0.047230966 0.0010244101 -0.031112656 -0.040036235
0.0925 -0.065 -0.065 -0.065 -0.065 -0.046637878 0.0037094355 -0.028713688 -0.037320897
0.093 -0.065 -0.065 -0.065 -0.065 -0.047225907 0.0010479242 -0.031091914 -0.040012434
0.0935 -0.065 -0.065 -0.065 -0.065 -0.046643227 0.003685832 -0.028735086 -0.037344754
0.094 -0.065 -0.065 -0.065 -0.065 -0.047220923 0.0010710061 -0.031071529 -0.039989047
0.0945 -0.065 -0.065 -0.065 -0.065 -0.046648458 0.003662616 -0.028756008 -0.037368175
0.095 -0.065 -0.065 -0.065 -0.065 -0.04721602 0.0010936558 -0.031051502 -0.03996607
0.0955 -0.065 -0.065 -0.065 -0.065 -0.046653606 0.0036398172 -0.02877663 -0.037391197
0.096 -0.065 -0.065 -0.065 -0.065 -0.0472112 0.0011159778 -0.031031802 -0.03994349
0.0965 -0.065 -0.065 -0.065 -0.065 -0.046658657 0.0036174208 -0.028796837 -0.037413795
0.097 -0.065 -0.065 -0.065 -0.065 -0.047206476 0.0011378527 -0.03101246 -0.03992131
0.0975 -0.065 -0.065 -0.065 -0.065 -0.046663627 0.0035954416 -0.028816745 -0.037436012
0.098 -0.065 -0.065 -0.065 -0.065 -0.04720182 0.00115937 -0.030993477 -0.039899517
0.0985 -0.065 -0.065 -0.065 -0.065 -0.046668492 0.003573835 -0.028836235 -0.037457827
0.099 -0.065 -0.065 -0.065 -0.065 -0.047197253 0.0011805296 -0.03097479 -0.039878104
0.0995 -0.065 -0.065 -0.065 -0.065 -0.046673283 0.0035526156 -0.028855428 -0.037479274
0.1 -0.065 -0.065 -0.065 -0.065 0.12129829 0.9564306 0.5168664 0.16155705
0.1005 -0.05395411 -0.05424113 -0.0503403 -0.04905331 0.10040834 0.8196829 0.4214785 0.14680032
0.101 -0.03890795 -0.03747828 -0.03240716 -0.03278831 0.11180432 0.87184125 0.4632175 0.1451194
0.1015 -0.02814193 -0.01790903 -0.01727841 -0.02045658 0.10378107 0.8540055 0.43729395 0.14762093
0.102 -0.02069542 0.003178119 -0.004227219 -0.009795039 0.10794018 0.86282617 0.45061886 0.14619847
0.1025 -0.0150448 0.0250925 0.007807406 0.0001286696 0.105782814 0.85842067 0.44373903 0.14695051
0.103 -0.01028089 0.0474125 0.01940331 0.009585489 0.1068923 0.8606842 0.44727632 0.14656265
0.1035 -0.005937762 0.06993615 0.03085921 0.0186779 0.10632229 0.85952467 0.44545954 0.14676227
0.104 -0.00178744 0.09256156 0.04231596 0.02745464 0.10661513 0.86012083 0.446393 0.14665976
0.1045 0.002247947 0.1152241 0.05373037 0.03590317 0.1064647 0.8598147 0.4459135 0.1467124
0.105 0.006173272 0.1378681 0.06514498 0.04397101 0.106541984 0.85997206 0.44615984 0.14668538
0.1055 0.01004466 0.1604401 0.07662013 0.05175869 0.10650227 0.85989124 0.4460333 0.14669926
0.106 0.01390944 0.1828917 0.08816177 0.05932093 0.10652268 0.8599327 0.44609833 0.14669213
0.1065 0.01777463 0.2051775 0.09972897 0.06667168 0.106512204 0.8599114 0.44606498 0.14669581
0.107 0.02162822 0.2272565 0.1113051 0.07379875 0.10651758 0.85992247 0.44608212 0.14669393
0.1075 0.02547291 0.2490907 0.1228791 0.08072575 0.1065148 0.85991675 0.44607323 0.14669487
0.108 0.02931324 0.2706478 0.134441 0.08746946 0.10651625 0.8599197 0.44607785 0.14669444
0.1085 0.03314654 0.2919015 0.1459791 0.09403694 0.10651551 0.8599182 0.44607547 0.14669463
0.109 0.03696713 0.3124343 0.1574776 0.1004319 0.10651588 0.8599189 0.44607663 0.14669453
0.1095 0.04076905 0.3318113 0.1689008 0.1066564 0.10651568 0.8599184 0.4460761 0.14669456
0.11 0.04454797 0.3506541 0.1802432 0.112717 0.106515765 0.8599187 0.44607627 0.14669454
0.1105 0.04830111 0.3692651 0.1915119 0.1186187 0.10651571 0.8599186 0.44607612 0.14669456
0.111 0.0520266 0.3877729 0.2027119 0.1243664 0.106515735 0.85991865 0.4460762 0.14669454
0.1115 0.05572328 0.4062089 0.2138441 0.1299648 0.10651573 0.8599186 0.44607615 0.14669454
0.112 0.05939041 0.424555 0.2249059 0.1354189 0.106515735 0.85991865 0.4460762 0.14669454
0.1125 0.06302755 0.4427713 0.2358928 0.1407335 0.10651573 0.8599186 0.44607615 0.14669454
0.113 0.06663443 0.4608112 0.2467994 0.1459072 0.106515735 0.85991865 0.4460762 0.14669454
0.1135 0.07021071 0.4786304 0.2576206 0.1509458 0.10651573 0.8599186 0.44607615 0.14669454
0.114 0.07375616 0.4961907 0.2683517 0.1558612 0.106515735 0.85991865 0.4460762 0.14669454
0.1145 0.07727063 0.5134613 0.2789883 0.1606582 0.10651573 0.8599186 0.44607615 0.14669454
0.115 0.08075414 0.5304188 0.2895263 0.1653407 0.106515735 0.85991865 0.4460762 0.14669454
0.1155 0.08419939 0.5470457 0.2999613 0.1699053 0.10651573 0.8599186 0.44607615 0.14669454
0.116 0.08759454 0.5633286 0.3102875 0.1743514 0.106515735 0.85991865 0.4460762 0.14669454
0.1165 0.090956 0.579261 0.320505 0.1786939 0.10651573 0.8599186 0.44607615 0.14669454
0.117 0.09429381 0.5948416 0.330614 0.1829395 0.106515735 0.85991865 0.4460762 0.14669454
0.1175 0.09760871 0.6100723 0.3406131 0.1870861 0.10651573 0.8599186 0.44607615 0.14669454
0.118 0.1008762 0.6249548 0.3504918 0.1910754 0.106515735 0.85991865 0.4460762 0.14669454
0.1185 0.1040922 0.6394943 0.360248 0.1949488 0.10651573 0.8599186 0.44607615 0.14669454
0.119 0.1072797 0.6536994 0.3698906 0.198749 0.106515735 0.85991865 0.4460762 0.14669454
0.1195 0.1104494 0.6675795 0.3794235 0.2024867 0.10651573 0.8599186 0.44607615 0.14669454
0.12 0.1136016 0.6811439 0.3888463 0.2061625 0.008871473 -0.08669701 0.023698673 0.05507407
0.1205 0.1056945 0.6836455 0.3835005 0.1938438 0.055164333 0.36128145 0.26294094 0.018227512
0.121 0.09376481 0.6798537 0.3747673 0.1811464 0.008998869 0.019523114 0.076454625 0.07305426
0.1215 0.08607036 0.672966 0.3686282 0.1722852 0.018155858 0.19012964 0.14143054 -0.03370962
0.122 0.08165093 0.6642719 0.3644061 0.1650065 0.0047605447 0.072922006 0.09097126 0.076477125
0.1225 0.0789815 0.6544249 0.3610936 0.1584 -0.005175177 0.098086104 0.0673988 -0.06181065
0.123 0.07714956 0.6437882 0.3580944 0.152182 0.0002211295 0.09723103 0.09350991 0.0742746
0.1235 0.07570082 0.632589 0.3551244 0.1462609 -0.02020907 0.04302202 0.021278456 -0.07797131
0.124 0.07442282 0.6209856 0.3520651 0.1405996 -0.003937226 0.10626632 0.091098025 0.069811665
0.1245 0.07321814 0.6090977 0.348875 0.1351772 -0.03007698 0.008751199 -0.007883772 -0.087325394
0.125 0.07204241 0.5970201 0.3455463 0.1299784 -0.007589586 0.107507914 0.08655493 0.064600095
0.1255 0.07087549 0.5848299 0.3420845 0.1249903 -0.036655366 -0.012935944 -0.026512668 -0.09259078
0.126 0.06970829 0.5725902 0.3384999 0.1202012 -0.010744967 0.10497457 0.081225514 0.059344295
0.1265 0.06853682 0.5603535 0.3348044 0.1156003 -0.041103616 -0.026726171 -0.0385011 -0.09533849
0.127 0.06735947 0.5481625 0.3310095 0.1111776 -0.013454877 0.100802794 0.07577595 0.054358214
0.1275 0.06617582 0.5360527 0.3271265 0.1069236 -0.044153072 -0.035449147 -0.046253905 -0.096517004
0.128 0.06498601 0.524053 0.3231655 0.1028294 -0.015783235 0.09610203 0.07052319 0.049761076
0.1285 0.0637905 0.5121868 0.3191361 0.09888679 -0.0462721 -0.0408687 -0.05127646 -0.09671333
0.129 0.06258987 0.500473 0.315047 0.0950879 -0.017793078 0.09142244 0.06560087 0.04557634
0.1295 0.06138479 0.4889266 0.3109065 0.09142542 -0.047764614 -0.04410927 -0.054521665 -0.09629678
0.13 0.06017367 0.4775586 0.3067209 0.08788509 -0.01954073 0.08701342 0.061048612 0.041783117
0.1305 0.05895455 0.4663773 0.3024956 0.08446058 -0.048830085 -0.045900702 -0.05659868 -0.095502526
0.131 0.0577328 0.4553904 0.2982393 0.08115505 -0.021073796 0.082966745 0.056860313 0.038342763
0.1315 0.05651169 0.4446032 0.2939592 0.07796437 -0.049600832 -0.046723984 -0.057900384 -0.09448145
0.132 0.05529204 0.4340193 0.2896607 0.07488132 -0.022431187 0.079294786 0.05301012 0.03521227
0.1325 0.05407319 0.42364 0.285347 0.07189732 -0.050165527 -0.046900146 -0.058682576 -0.09333097
0.133 0.05285543 0.4134662 0.2810237 0.06901175 -0.023644097 0.07597354 0.049465403 0.032350525
0.1335 0.05163928 0.4034984 0.2766957 0.06622027 -0.050584257 -0.04664573 -0.059113458 -0.09211407
0.134 0.05042502 0.3937357 0.2723672 0.06351795 -0.024737254 0.07296482 0.046193287 0.029720914
0.1345 0.04921289 0.3841768 0.2680415 0.06090024 -0.050898068 -0.046107844 -0.05930443 -0.09087136
0.135 0.04800321 0.3748197 0.263722 0.05836294 -0.025730208 0.07022788 0.043163255 0.027291961
0.1355 0.04679634 0.3656619 0.2594118 0.05590223 -0.05113536 -0.045386955 -0.05933012 -0.08962882
0.136 0.04559267 0.3567006 0.2551137 0.05351453 -0.02663844 0.067724496 0.040348217 0.02503715
0.1365 0.04439264 0.3479328 0.2508304 0.05119654 -0.051315963 -0.044551834 -0.059240863 -0.08840282
0.137 0.04319664 0.3393551 0.2465644 0.04894518 -0.027474262 0.065421134 0.03772451 0.022934332
0.1375 0.04200509 0.3309642 0.2423182 0.04675755 -0.051453874 -0.043649584 -0.05907111 -0.08720337
0.138 0.04081836 0.3227567 0.2380938 0.04463093 -0.028247535 0.063289344 0.03527172 0.020965077
0.1385 0.03963683 0.3147288 0.2338933 0.04256277 -0.05155912 -0.04271221 -0.05884452 -0.086036265
0.139 0.03846084 0.3068771 0.2297186 0.04055067 -0.028966263 0.061305463 0.03297223 0.01911404
0.1395 0.03729072 0.2991979 0.2255714 0.03859235 -0.051638924 -0.04176154 -0.058577552 -0.084904544
0.14 0.03612677 0.2916876 0.2214533 0.03668567 -0.029636942 0.05944994 0.030810848 0.017368335
0.1405 0.03496928 0.2843424 0.2173658 0.0348286 -0.051698595 -0.04081206 -0.058281824 -0.08380946
0.141 0.03381853 0.277159 0.2133101 0.03301922 -0.030264966 0.057706818 0.028774425 0.015717164
0.1415 0.03267476 0.2701336 0.2092876 0.03125572 -0.051742077 -0.039873376 -0.05796556 -0.08275107
0.142 0.03153821 0.2632627 0.2052994 0.02953636 -0.030854866 0.056062907 0.02685146 0.014151342
0.1425 0.03040911 0.256543 0.2013464 0.02785951 -0.05177237 -0.038951658 -0.057634786 -0.08172875
0.143 0.02928764 0.2499709 0.1974296 0.02622363 -0.031410426 0.054507256 0.025031999 0.012663022
0.1435 0.02817402 0.2435431 0.1935499 0.02462723 -0.051791735 -0.038050637 -0.057293758 -0.08074139
0.144 0.02706841 0.2372564 0.189708 0.02306891 -0.031934887 0.05303085 0.02330719 0.011245444
0.1445 0.02597098 0.2311074 0.1859046 0.02154733 -0.051801972 -0.03717248 -0.056945726 -0.07978766
0.145 0.02488189 0.225093 0.1821403 0.02006124 -0.032431066 0.051626056 0.021669284 0.009892752
0.1455 0.02380127 0.2192102 0.1784156 0.01860941 -0.051804453 -0.036318235 -0.056592956 -0.07886605
0.146 0.02272926 0.2134558 0.174731 0.01719069 -0.03290139 0.050286412 0.020111367 0.00859981
0.1465 0.02166598 0.2078269 0.171087 0.01580399 -0.051800333 -0.03548819 -0.056237414 -0.077975094
0.147 0.02061153 0.2023206 0.1674839 0.01444825 -0.033347942 0.049006402 0.01862739 0.0073621147
0.1475 0.01956601 0.1969341 0.163922 0.01312248 -0.051790513 -0.03468222 -0.055880353 -0.077113256
0.148 0.01852952 0.1916645 0.1604015 0.01182572 -0.033772632 0.04778135 0.017211825 0.0061756657
0.1485 0.01750213 0.1865093 0.1569227 0.01055705 -0.051775746 -0.033899754 -0.055522934 -0.0762791
0.149 0.01648392 0.1814656 0.1534857 0.009315597 -0.03417711 0.046607032 0.015859738 0.005036901
0.1495 0.01547496 0.1765311 0.1500907 0.008100531 -0.051756673 -0.033140153 -0.05516596 -0.07547121
0.15 0.01447529 0.1717031 0.1467376 0.006911049 -0.034562856 0.045479804 0.0145667195 0.0039426177
0.1505 0.01348498 0.1669791 0.1434266 0.005746384 -0.05173385 -0.032402575 -0.05481018 -0.07468829
0.151 0.01250405 0.1623568 0.1401576 0.004605803 -0.034931183 0.04439655 0.013328806 0.0028899661
0.1515 0.01153255 0.1578339 0.1369307 0.003488599 -0.051707692 -0.03168627 -0.05445595 -0.07392908
0.152 0.01057051 0.1534081 0.1337458 0.0023941 -0.035283282 0.043354273 0.012142375 0.0018763295
0.1525 0.009617944 0.149077 0.1306027 0.001321656 -0.051678605 -0.030990288 -0.054103807 -0.07319239
0.153 0.008674874 0.1448387 0.1275014 0.0002706462 -0.035620242 0.0423505 0.011004135 0.0008993591
0.1535 0.007741309 0.1406908 0.1244417 -0.0007595279 -0.051646948 -0.03031379 -0.053754106 -0.07247716
0.154 0.006817257 0.1366315 0.1214235 -0.00176944 -0.03594303 0.04138285 0.009911075 -4.309276e-05
0.1545 0.005902717 0.1326585 0.1184466 -0.002759643 -0.051613018 -0.029655963 -0.053407177 -0.07178237
0.155 0.004997685 0.1287701 0.1155107 -0.003730667 -0.036252543 0.040449232 0.008860454 -0.0009529819
0.1555 0.004102152 0.1249642 0.1126157 -0.004683023 -0.051577054 -0.029016003 -0.05306311 -0.07110704
0.156 0.003216105 0.121239 0.1097613 -0.005617204 -0.036549583 0.03954771 0.007849842 -0.0018321113
0.1565 0.002339527 0.1175926 0.1069472 -0.006533684 -0.05153933 -0.028393142 -0.0527222 -0.070450306
0.157 0.001472396 0.1140233 0.1041732 -0.007432918 -0.03683488 0.03867656 0.006876871 -0.0026821257
0.1575 0.0006146865 0.1105292 0.1014389 -0.008315348 -0.051500052 -0.027786642 -0.05238466 -0.06981135
0.158 -0.0002336294 0.1071089 0.09874418 -0.009181397 -0.03710916 0.037834167 0.005939409 -0.0035045524
0.1585 -0.001072584 0.1037604 0.09608858 -0.01003148 -0.051459394 -0.027195841 -0.052050516 -0.069189385
0.159 -0.001902213 0.1004823 0.09347181 -0.01086598 -0.037373006 0.037019014 0.005035579 -0.0043007997
0.1595 -0.002722554 0.09727298 0.09089354 -0.01168529 -0.0514175 -0.02662009 -0.05171986 -0.06858367
0.16 -0.00353365 0.09413085 0.08835342 -0.01248977 -0.037626997 0.036229745 0.0041635484 -0.0050721676
0.1605 -0.004335543 0.09105442 0.0858511 -0.01327979 -0.051374555 -0.026058748 -0.05139287 -0.06799354
0.161 -0.005128279 0.08804222 0.0833862 -0.01405568 -0.037871704 0.035465136 0.003321603 -0.0058198613
0.1615 -0.005911909 0.08509282 0.08095838 -0.01481779 -0.0513307 -0.025511265 -0.051069543 -0.06741837
0.162 -0.006686483 0.08220481 0.07856724 -0.01556642 -0.038107574 0.034723908 0.0025082976 -0.0065450096
0.1625 -0.007452055 0.07937683 0.07621241 -0.0163019 -0.051286027 -0.024977095 -0.050749943 -0.06685755
0.163 -0.008208678 0.07660754 0.0738935 -0.01702452 -0.0383351 0.03400506 0.0017221123 -0.007248646
0.1635 -0.008956412 0.07389564 0.07161011 -0.01773458 -0.051240683 -0.024455741 -0.050434127 -0.06631054
0.164 -0.009695313 0.07123986 0.06936187 -0.01843236 -0.038554683 0.033307523 0.00096175075 -0.007931741
0.1645 -0.01042544 0.06863895 0.06714836 -0.01911813 -0.051194742 -0.02394674 -0.050122157 -0.06577682
0.165 -0.01114687 0.06609169 0.06496919 -0.01979217 -0.03876674 0.032630354 0.00022596121 -0.008595215
0.1655 -0.01185964 0.06359691 0.06282395 -0.02045473 -0.05114831 -0.0234496 -0.04981403 -0.065255865
0.166 -0.01256384 0.06115344 0.06071224 -0.02110605 -0.038971618 0.031972677 -0.0004863739 -0.009239901
0.1665 -0.01325952 0.05876016 0.05863365 -0.02174639 -0.05110146 -0.022963956 -0.04950972 -0.064747244
0.167 -0.01394675 0.05641596 0.05658777 -0.02237598 -0.03916967 0.031333655 -0.0011763722 -0.009866606
0.1675 -0.0146256 0.05411976 0.0545742 -0.02299505 -0.051054284 -0.022489354 -0.049209252 -0.0642505
0.168 -0.01529614 0.05187051 0.05259252 -0.02360381 -0.0393612 0.0307125 -0.0018450022 -0.010476075
0.1685 -0.01595844 0.04966718 0.05064234 -0.02420249 -0.05100684 -0.022025436 -0.04891266 -0.06376522
0.169 -0.01661257 0.04750876 0.04872323 -0.02479129 -0.039546534 0.030108497 -0.0024932772 -0.011069013
0.1695 -0.0172586 0.04539429 0.0468348 -0.02537043 -0.050959215 -0.021571852 -0.04861997 -0.06329102
0.17 -0.0178966 0.04332279 0.04497663 -0.02594009 -0.039725967 0.029520959 -0.0031221062 -0.011646073
0.1705 -0.01852665 0.04129333 0.04314832 -0.02650047 -0.05091145 -0.021128207 -0.048331067 -0.06282753
0.171 -0.01914881 0.03930499 0.04134946 -0.02705176 -0.03989973 0.028949156 -0.0037322342 -0.0122078825
0.1715 -0.01976317 0.03735689 0.03957966 -0.02759414 -0.050863594 -0.020694256 -0.048046038 -0.062374394
0.172 -0.02036979 0.03544815 0.03783851 -0.02812779 -0.040068075 0.028392524 -0.004324466 -0.012755018
0.1725 -0.02096876 0.03357792 0.0361256 -0.02865287 -0.050815687 -0.020269707 -0.047764733 -0.061931286
0.173 -0.02156014 0.03174536 0.03444056 -0.02916957 -0.040231235 0.027850524 -0.0048995465 -0.013288032
0.1735 -0.022144 0.02994965 0.03278297 -0.02967804 -0.050767794 -0.01985424 -0.047487244 -0.06149788
0.174 -0.02272044 0.02819002 0.03115246 -0.03017844 -0.040389434 0.02732256 -0.0054581612 -0.013807457
0.1745 -0.02328951 0.02646567 0.02954862 -0.03067094 -0.050719947 -0.019447528 -0.04721357 -0.061073873
0.175 -0.02385129 0.02477585 0.02797108 -0.03115567 -0.04054287 0.026808128 -0.0060010105 -0.014313782
0.1755 -0.02440587 0.02311981 0.02641945 -0.03163279 -0.05067219 -0.019049346 -0.04694356 -0.060658988
0.176 -0.02495331 0.02149684 0.02489335 -0.03210244 -0.040691763 0.026306778 -0.0065286905 -0.014807468
0.1765 -0.02549369 0.01990621 0.0233924 -0.03256477 -0.050624534 -0.018659472 -0.046677306 -0.06025293
0.177 -0.02602708 0.01834725 0.02191623 -0.03301991 -0.040836275 0.025817975 -0.007041797 -0.015288981
0.1775 -0.02655356 0.01681927 0.02046447 -0.03346799 -0.050577037 -0.018277623 -0.046414718 -0.05985546
0.178 -0.02707321 0.01532161 0.01903675 -0.03390914 -0.040976584 0.025341332 -0.007540837 -0.015758725
0.1785 -0.0275861 0.01385363 0.01763271 -0.0343435 -0.050529733 -0.017903596 -0.046155825 -0.05946633
0.179 -0.0280923 0.01241469 0.01625198 -0.03477119 -0.041112877 0.024876416 -0.008026451 -0.016217103
0.1795 -0.02859188 0.01100418 0.01489422 -0.03519232 -0.050482623 -0.017537132 -0.04590051 -0.059085287
0.18 -0.02908493 0.00962149 0.01355907 -0.03560702 -0.04124528 0.024422824 -0.008499041 -0.016664505
0.1805 -0.02957151 0.008266033 0.01224618 -0.03601541 -0.050435744 -0.017178074 -0.04564877 -0.058712106
0.181 -0.0300517 0.006937233 0.01095521 -0.03641759 -0.041373953 0.023980126 -0.0089591 -0.017101277
0.1815 -0.03052557 0.005634525 0.009685814 -0.03681367 -0.05038912 -0.01682622 -0.045400605 -0.05834659
0.182 -0.0309932 0.004357359 0.008437655 -0.03720377 -0.041499026 0.023548082 -0.009407043 -0.017527765
0.1825 -0.03145465 0.003105197 0.007210402 -0.037588 -0.05034277 -0.016481385 -0.045155928 -0.057988513
0.183 -0.03190999 0.001877512 0.006003725 -0.03796644 -0.041620642 0.02312626 -0.009843364 -0.017944306
0.1835 -0.03235931 0.0006737882 0.004817299 -0.03833922 -0.05029671 -0.016143344 -0.044914797 -0.05763768
0.184 -0.03280266 -0.0005064762 0.003650802 -0.03870641 -0.041738935 0.022714376 -0.010268435 -0.018351208
0.1845 -0.03324012 -0.001663773 0.002503918 -0.03906813 -0.050250977 -0.015811965 -0.044677153 -0.05729392
0.185 -0.03367177 -0.002798585 0.001376332 -0.03942446 -0.041854024 0.02231209 -0.010682657 -0.018748768
0.1855 -0.03409766 -0.00391138 0.0002677365 -0.0397755 -0.05020556 -0.0154870525 -0.044442877 -0.056957018
0.186 -0.03451787 -0.005002619 -0.0008221751 -0.04012134 -0.041966006 0.021919101 -0.01108636 -0.01913728
0.1865 -0.03493247 -0.006072752 -0.001893704 -0.04046206 -0.050160468 -0.015168473 -0.04421197 -0.056626808
0.187 -0.03534153 -0.007122217 -0.002947147 -0.04079776 -0.042075 0.021535128 -0.011479959 -0.019517018
0.1875 -0.03574511 -0.008151445 -0.003982798 -0.04112852 -0.050115734 -0.014856026 -0.04398437 -0.056303117
0.188 -0.03614327 -0.009160857 -0.005000946 -0.04145442 -0.04218112 0.021159887 -0.011863753 -0.019888245
0.1885 -0.0365361 -0.01015086 -0.006001877 -0.04177554 -0.050071374 -0.014549583 -0.043760136 -0.055985786
0.189 -0.03692364 -0.01112186 -0.006985872 -0.04209196 -0.04228445 0.02079317 -0.0122380555 -0.0202512
0.1895 -0.03730597 -0.01207425 -0.007953209 -0.04240377 -0.05002737 -0.014249012 -0.04353912 -0.05567466
0.19 -0.03768316 -0.01300842 -0.008904161 -0.04271103 -0.042385086 0.020434678 -0.012603179 -0.020606127
0.1905 -0.03805526 -0.01392473 -0.009838999 -0.04301383 -0.049983762 -0.0139541775 -0.043321356 -0.055369575
0.191 -0.03842234 -0.01482356 -0.01075799 -0.04331223 -0.04248313 0.020084172 -0.012959406 -0.02095326
0.1915 -0.03878447 -0.01570526 -0.01166139 -0.04360631 -0.04994054 -0.013664924 -0.04310678 -0.055070404
0.192 -0.0391417 -0.0165702 -0.01254947 -0.04389613 -0.04257866 0.019741446 -0.01330705 -0.021292822
0.1925 -0.03949409 -0.0174187 -0.01342247 -0.04418178 -0.04989773 -0.013381131 -0.04289539 -0.054777
0.193 -0.03984172 -0.01825112 -0.01428065 -0.0444633 -0.042671755 0.019406259 -0.0136463195 -0.021625014
0.1935 -0.04018464 -0.01906777 -0.01512425 -0.04474079 -0.049855307 -0.013102666 -0.042687073 -0.05448921
0.194 -0.0405229 -0.01986898 -0.01595352 -0.04501428 -0.04276251 0.019078404 -0.013977572 -0.021950053
0.1945 -0.04085658 -0.02065506 -0.0167687 -0.04528386 -0.049813315 -0.012829408 -0.042481855 -0.054206926
0.195 -0.04118572 -0.02142633 -0.01757002 -0.04554958 -0.042850994 0.018757671 -0.014300987 -0.022268133
0.1955 -0.0415104 -0.02218308 -0.01835772 -0.04581151 -0.04977174 -0.012561247 -0.042279705 -0.053930014
0.196 -0.04183065 -0.0229256 -0.01913202 -0.0460697 -0.04293727 0.018443882 -0.014616802 -0.022579439
0.1965 -0.04214655 -0.0236542 -0.01989316 -0.04632421 -0.049730584 -0.012298048 -0.042080536 -0.053658348
0.197 -0.04245815 -0.02436914 -0.02064134 -0.04657511 -0.04302141 0.0181368 -0.014925212 -0.022884147
0.1975 -0.0427655 -0.02507071 -0.0213768 -0.04682244 -0.049689844 -0.012039766 -0.041884318 -0.053391803
0.198 -0.04306866 -0.02575917 -0.02209975 -0.04706627 -0.04310347 0.017836273 -0.015226439 -0.023182435
0.1985 -0.04336768 -0.02643479 -0.02281039 -0.04730666 -0.049649537 -0.01178623 -0.04169102 -0.053130273
0.199 -0.04366263 -0.02709783 -0.02350895 -0.04754364 -0.043183535 0.017542183 -0.015520766 -0.023474468
0.1995 -0.04395354 -0.02774854 -0.02419561 -0.04777728 -0.04960966 -0.011537358 -0.041500643 -0.052873638
0.2 -0.04424048 -0.02838716 -0.02487059 -0.04800763 -0.043261662 0.017254293 -0.015808329 -0.02376041
0.2005 -0.0445235 -0.02901395 -0.02553408 -0.04823474 -0.049570225 -0.0112930685 -0.041313097 -0.05262181
0.201 -0.04480265 -0.02962913 -0.02618628 -0.04845866 -0.043337896 0.016972452 -0.01608935 -0.024040427
0.2015 -0.04507798 -0.03023294 -0.02682738 -0.04867943 -0.049531236 -0.011053219 -0.04112844 -0.052374672
0.202 -0.04534954 -0.0308256 -0.02745757 -0.04889711 -0.04341232 0.016696572 -0.016364053 -0.024314662
0.2025 -0.04561738 -0.03140735 -0.02807704 -0.04911175 -0.049492665 -0.010817766 -0.0409465 -0.052132104
0.203 -0.04588155 -0.03197839 -0.02868597 -0.04932339 -0.043484956 0.016426384 -0.016632497 -0.024583263
0.2035 -0.04614211 -0.03253893 -0.02928454 -0.04953207 -0.04945454 -0.01058659 -0.040767327 -0.051894035
0.204 -0.04639909 -0.0330892 -0.02987292 -0.04973785 -0.043555886 0.01616183 -0.016894966 -0.024846356
0.2045 -0.04665254 -0.03362938 -0.0304513 -0.04994076 -0.049416855 -0.0103596 -0.040590838 -0.051660355
0.205 -0.04690252 -0.03415968 -0.03101984 -0.05014084 -0.04362513 0.015902698 -0.01715158 -0.025104102
0.2055 -0.04714907 -0.03468029 -0.03157872 -0.05033815 -0.049379617 -0.010136709 -0.04041709 -0.051430985
0.206 -0.04739224 -0.03519141 -0.03212809 -0.05053273 -0.043692768 0.015648916 -0.017402515 -0.025356624
0.2065 -0.04763207 -0.03569323 -0.03266812 -0.0507246 -0.049342826 -0.009917825 -0.040245965 -0.051205818
0.207 -0.0478686 -0.03618591 -0.03319898 -0.05091382 -0.043758824 0.015400335 -0.017647922 -0.025604038
0.2075 -0.04810189 -0.03666966 -0.03372081 -0.05110043 -0.049306467 -0.009702876 -0.040077433 -0.050984766
0.208 -0.04833196 -0.03714463 -0.03423379 -0.05128445 -0.043823346 0.0151568055 -0.017887935 -0.02584648
0.2085 -0.04855888 -0.037611 -0.03473805 -0.05146594 -0.04927054 -0.009491831 -0.039911434 -0.050767757
0.209 -0.04878268 -0.03806895 -0.03523374 -0.05164493 -0.04388638 0.014918208 -0.018122688 -0.026084054
0.2095 -0.0490034 -0.03851862 -0.03572102 -0.05182146 -0.04923507 -0.009284541 -0.039748058 -0.05055471
0.21 -0.04922109 -0.0389602 -0.03620004 -0.05199555 -0.04394798 0.014684498 -0.01835236 -0.026316881
0.2105 -0.04943578 -0.03939382 -0.03667092 -0.05216726 -0.04920003 -0.009080976 -0.039587155 -0.050345544
0.211 -0.04964752 -0.03981966 -0.03713382 -0.05233661 -0.044008173 0.014455438 -0.018577054 -0.02654508
0.2115 -0.04985635 -0.04023785 -0.03758888 -0.05250364 -0.049165443 -0.008881077 -0.039428756 -0.05014018
0.212 -0.0500623 -0.04064855 -0.03803621 -0.05266838 -0.044066995 0.014230996 -0.018796906 -0.026768746
0.2125 -0.05026542 -0.04105191 -0.03847597 -0.05283087 -0.04913126 -0.0086847395 -0.03927271 -0.049938522
0.213 -0.05046575 -0.04144805 -0.03890828 -0.05299113 -0.044124484 0.0140110105 -0.019012049 -0.026988007
0.2135 -0.05066331 -0.04183713 -0.03933327 -0.05314921 -0.049097516 -0.008491844 -0.03911911 -0.049740497
0.214 -0.05085816 -0.04221928 -0.03975107 -0.05330513 -0.044180676 0.013795435 -0.019222543 -0.027202936
0.2145 -0.05105033 -0.04259463 -0.04016179 -0.05345893 -0.04906422 -0.008302435 -0.038967922 -0.049546067
0.215 -0.05123985 -0.04296332 -0.04056557 -0.05361063 -0.044235617 0.013584167 -0.019428596 -0.02741365
0.2155 -0.05142676 -0.04332546 -0.04096253 -0.05376026 -0.049031347 -0.0081163645 -0.03881906 -0.04935513
0.216 -0.0516111 -0.04368119 -0.04135277 -0.05390787 -0.044289336 0.0133770555 -0.019630313 -0.027620245
0.2165 -0.0517929 -0.04403063 -0.04173642 -0.05405346 -0.0489989 -0.007933587 -0.038672462 -0.049167622
0.217 -0.0519722 -0.0443739 -0.0421136 -0.05419709 -0.044341855 0.013174027 -0.019827753 -0.027822813
0.2175 -0.05214902 -0.04471112 -0.0424844 -0.05433876 -0.048966885 -0.0077540427 -0.03852816 -0.04898348
0.218 -0.05232342 -0.0450424 -0.04284896 -0.05447852 -0.04439321 0.012975007 -0.020021021 -0.028021427
0.2185 -0.05249541 -0.04536785 -0.04320736 -0.05461638 -0.04893528 -0.0075776875 -0.03838609 -0.04880264
0.219 -0.05266503 -0.04568759 -0.04355972 -0.05475238 -0.044443443 0.0127798915 -0.020210266 -0.028216196
0.2195 -0.05283232 -0.04600172 -0.04390614 -0.05488654 -0.048904113 -0.007404417 -0.03824632 -0.048625045
0.22 -0.05299731 -0.04631036 -0.04424674 -0.05501889 -0.04449258 0.01258862 -0.020395562 -0.028407188
0.2205 -0.05316002 -0.04661359 -0.04458159 -0.05514945 -0.048873365 -0.0072342306 -0.03810866 -0.048450623
0.221 -0.0533205 -0.04691154 -0.04491082 -0.05527825 -0.044540644 0.012401059 -0.020577013 -0.028594501
0.2215 -0.05347876 -0.04720428 -0.0452345 -0.05540532 -0.04884302 -0.0070670247 -0.03797318 -0.04827932
0.222 -0.05363485 -0.04749193 -0.04555275 -0.05553068 -0.044587657 0.012217134 -0.02075471 -0.028778212
0.2225 -0.05378879 -0.04777458 -0.04586565 -0.05565435 -0.04881309 -0.006902769 -0.037839875 -0.04811107
0.223 -0.0539406 -0.04805233 -0.0461733 -0.05577635 -0.044633664 0.0120368 -0.020928726 -0.028958395
0.2235 -0.05409033 -0.04832526 -0.04647578 -0.05589672 -0.04878357 -0.0067414045 -0.037708595 -0.04794581
0.224 -0.054238 -0.04859346 -0.04677319 -0.05601547 -0.044678673 0.011859924 -0.021099165 -0.02913512
0.2245 -0.05438364 -0.04885703 -0.04706562 -0.05613263 -0.048754454 -0.006582901 -0.037579402 -0.0477835
0.225 -0.05452727 -0.04911604 -0.04735314 -0.05624822 -0.044722706 0.011686474 -0.021266103 -0.029308477
0.2255 -0.05466893 -0.04937059 -0.04763585 -0.05636226 -0.04872574 -0.006427169 -0.037452236 -0.047624063
0.226 -0.05480864 -0.04962076 -0.04791383 -0.05647477 -0.044765808 0.011516392 -0.021429643 -0.02947853
0.2265 -0.05494642 -0.04986663 -0.04818716 -0.05658578 -0.048697412 -0.006274149 -0.037327066 -0.047467455
0.227 -0.05508231 -0.05010827 -0.04845592 -0.0566953 -0.044807985 0.011349559 -0.021589845 -0.029645348
0.2275 -0.05521634 -0.05034578 -0.04872018 -0.05680336 -0.048669502 -0.006123781 -0.037203893 -0.047313623
0.228 -0.05534852 -0.05057921 -0.04898004 -0.05690998 -0.04484926 0.011185899 -0.02174677 -0.029808998
0.2285 -0.05547888 -0.05080866 -0.04923556 -0.05701517 -0.048641965 -0.005976081 -0.037082657 -0.04716252
0.229 -0.05560745 -0.05103418 -0.04948682 -0.05711896 -0.044889666 0.011025369 -0.02190052 -0.029969545
0.2295 -0.05573425 -0.05125586 -0.04973389 -0.05722137 -0.048614807 -0.0058309734 -0.03696333 -0.047014084
0.23 -0.05585931 -0.05147377 -0.04997684 -0.05732241 -0.044929214 0.010867909 -0.02205117 -0.030127065
0.2305 -0.05598266 -0.05168797 -0.05021575 -0.05742211 -0.048588037 -0.005688399 -0.036845878 -0.04686827
0.231 -0.05610431 -0.05189853 -0.05045068 -0.05752048 -0.044967942 0.010713458 -0.022198796 -0.030281616
0.2315 -0.05622428 -0.05210553 -0.05068171 -0.05761754 -0.048561655 -0.0055482984 -0.036730304 -0.046725027
0.232 -0.05634261 -0.05230901 -0.05090889 -0.05771332 -0.045005836 0.010561928 -0.022343442 -0.030433254
0.2325 -0.05645932 -0.05250905 -0.05113231 -0.05780782 -0.048535638 -0.0054106563 -0.03661658 -0.04658432
0.233 -0.05657442 -0.05270572 -0.05135202 -0.05790106 -0.04504294 0.010413274 -0.022485152 -0.030582037
0.2335 -0.05668794 -0.05289907 -0.05156808 -0.05799307 -0.048510022 -0.0052754134 -0.0365047 -0.046446096
0.234 -0.05679991 -0.05308916 -0.05178056 -0.05808386 -0.04507929 0.010267496 -0.022624105 -0.030728031
0.2345 -0.05691034 -0.05327605 -0.05198952 -0.05817345 -0.048484758 -0.00514251 -0.03639461 -0.04631031
0.235 -0.05701925 -0.0534598 -0.05219502 -0.05826184 -0.045114882 0.01012443 -0.022760287 -0.0308713
0.2355 -0.05712667 -0.05364047 -0.05239712 -0.05834907 -0.048459873 -0.005011916 -0.03628628 -0.046176914
0.236 -0.05723262 -0.05381811 -0.05259588 -0.05843515 -0.04514973 0.009984061 -0.022893742 -0.031011883
0.2365 -0.05733711 -0.05399277 -0.05279136 -0.05852008 -0.04843533 -0.004883617 -0.036179647 -0.04604586
0.237 -0.05744017 -0.05416452 -0.05298361 -0.05860389 -0.04518386 0.0098463 -0.023024559 -0.031149851
0.2375 -0.05754182 -0.0543334 -0.05317269 -0.0586866 -0.048411153 -0.0047575533 -0.036074713 -0.045917112
0.238 -0.05764208 -0.05449947 -0.05335865 -0.05876821 -0.04521729 0.009711161 -0.023152784 -0.03128525
0.2385 -0.05774096 -0.05466277 -0.05354154 -0.05884875 -0.048387334 -0.004633665 -0.035971507 -0.04579063
0.239 -0.05783849 -0.05482335 -0.05372142 -0.05892822 -0.04525003 0.009578556 -0.02327849 -0.031418115
0.2395 -0.05793468 -0.05498127 -0.05389835 -0.05900665 -0.048363857 -0.0045119524 -0.03586991 -0.045666363
0.24 -0.05802956 -0.05513657 -0.05407236 -0.05908404 -0.045282096 0.009448409 -0.023401693 -0.03154853
0.2405 -0.05812314 -0.05528929 -0.05424352 -0.05916041 -0.048340723 -0.0043923706 -0.035769984 -0.045544285
0.241 -0.05821544 -0.05543949 -0.05441186 -0.05923577 -0.045313507 0.009320706 -0.023522496 -0.03167652
0.2415 -0.05830647 -0.05558721 -0.05457744 -0.05931015 -0.04831793 -0.00427483 -0.035671636 -0.045424335
0.242 -0.05839626 -0.05573249 -0.05474031 -0.05938354 -0.04534428 0.009195417 -0.023640916 -0.031802136
0.2425 -0.05848482 -0.05587538 -0.05490051 -0.05945597 -0.048295498 -0.004159376 -0.035574958 -0.045306507
0.243 -0.05857218 -0.05601591 -0.05505808 -0.05952745 -0.045374423 0.009072438 -0.023757026 -0.031925436
0.2435 -0.05865833 -0.05615414 -0.05521308 -0.05959799 -0.048273385 -0.004045874 -0.03547977 -0.045190733
0.244 -0.05874331 -0.05629009 -0.05536554 -0.0596676 -0.045403957 0.008951753 -0.02387087 -0.03204645
0.2445 -0.05882713 -0.05642382 -0.05551551 -0.0597363 -0.048251607 -0.0039343834 -0.03538616 -0.045076992
0.245 -0.05890981 -0.05655535 -0.05566303 -0.0598041 -0.045432903 0.008833334 -0.02398251 -0.032165237
0.2455 -0.05899135 -0.05668474 -0.05580814 -0.059871 -0.04823014 -0.0038248152 -0.03529398 -0.04496524
0.246 -0.05907179 -0.05681201 -0.05595089 -0.05993703 -0.045461252 0.008717075 -0.024091974 -0.032281835
0.2465 -0.05915112 -0.0569372 -0.05609132 -0.0600022 -0.04820901 -0.0037171394 -0.035203412 -0.044855453
0.247 -0.05922937 -0.05706035 -0.05622945 -0.06006651 -0.04548905 0.008603007 -0.024199322 -0.032396294
0.2475 -0.05930656 -0.0571815 -0.05636534 -0.06012998 -0.04818821 -0.003611356 -0.035114273 -0.044747587
0.248 -0.05938269 -0.05730068 -0.05649902 -0.06019262 -0.045516282 0.008491039 -0.024304613 -0.032508638
0.2485 -0.05945779 -0.05741792 -0.05663053 -0.06025443 -0.048167706 -0.0035074055 -0.035026565 -0.04464161
0.249 -0.05953186 -0.05753327 -0.0567599 -0.06031544 -0.045542948 0.0083810985 -0.02440779 -0.03261893
0.2495 -0.05960492 -0.05764674 -0.05688718 -0.06037565 -0.048147514 -0.003405258 -0.034940287 -0.04453748
0.25 -0.05967699 -0.05775838 -0.05701239 -0.06043508 -0.0455691 0.008273229 -0.024509028 -0.032727186
0.2505 -0.05974807 -0.05786821 -0.05713557 -0.06049373 -0.04812763 -0.0033048838 -0.03485541 -0.04443517
0.251 -0.05981819 -0.05797627 -0.05725676 -0.06055161 -0.04559473 0.008167326 -0.024608329 -0.032833476
0.2515 -0.05988736 -0.05808259 -0.05737599 -0.06060873 -0.04810805 -0.0032062382 -0.034771934 -0.04433465
0.252 -0.05995558 -0.0581872 -0.05749329 -0.06066511 -0.045619845 0.008063421 -0.024705723 -0.032937806
0.2525 -0.06002287 -0.05829012 -0.0576087 -0.06072076 -0.048088774 -0.003109306 -0.03468983 -0.04423589
0.253 -0.06008925 -0.0583914 -0.05772225 -0.06077568 -0.04564447 0.007961392 -0.02480124 -0.033040244
0.2535 -0.06015473 -0.05849104 -0.05783396 -0.06082988 -0.048069797 -0.0030140728 -0.034609064 -0.04413885
0.254 -0.06021931 -0.05858909 -0.05794388 -0.06088338 -0.045668602 0.007861227 -0.024894938 -0.033140816
0.2545 -0.06028302 -0.05868557 -0.05805203 -0.06093618 -0.04805111 -0.0029204637 -0.03452964 -0.044043507
0.255 -0.06034587 -0.05878051 -0.05815843 -0.06098829 -0.04569225 0.007762924 -0.024986789 -0.033239536
0.2555 -0.06040786 -0.05887393 -0.05826313 -0.06103972 -0.04803271 -0.0028284788 -0.03445147 -0.043949824
0.256 -0.060469 -0.05896586 -0.05836614 -0.06109048 -0.04571545 0.007666424 -0.02507697 -0.033336464
0.2565 -0.06052932 -0.05905633 -0.0584675 -0.06114059 -0.04801459 -0.0027381033 -0.03437458 -0.043857783
0.257 -0.06058882 -0.05914536 -0.05856724 -0.06119004 -0.045738183 0.0075716674 -0.025165394 -0.033431634
0.2575 -0.06064751 -0.05923297 -0.05866537 -0.06123885 -0.047996767 -0.0026492774 -0.034299 -0.04376735
0.258 -0.06070541 -0.05931919 -0.05876194 -0.06128702 -0.045760475 0.0074786693 -0.025252149 -0.033525076
0.2585 -0.06076252 -0.05940404 -0.05885696 -0.06133457 -0.0479792 -0.0025620013 -0.034224644 -0.04367849
0.259 -0.06081886 -0.05948755 -0.05895046 -0.0613815 -0.045782328 0.00738734 -0.025337264 -0.033616822
0.2595 -0.06087443 -0.05956973 -0.05904246 -0.06142782 -0.04796192 -0.0024762303 -0.03415151 -0.043591175
0.26 -0.06092925 -0.05965062 -0.059133 -0.06147354 -0.045803756 0.0072976947 -0.02542077 -0.033706907
0.2605 -0.06098333 -0.05973023 -0.05922209 -0.06151866 -0.047944903 -0.0023919344 -0.034079567 -0.04350539
0.261 -0.06103668 -0.05980859 -0.05930977 -0.0615632 -0.045824766 0.0072096884 -0.025502667 -0.033795338
0.2615 -0.0610893 -0.05988571 -0.05939604 -0.06160716 -0.047928162 -0.0023091435 -0.034008846 -0.043421112
0.262 -0.06114122 -0.05996161 -0.05948095 -0.06165056 -0.04584536 0.0071232915 -0.025583044 -0.033882186
0.2625 -0.06119243 -0.06003633 -0.0595645 -0.06169338 -0.047911674 -0.0022277534 -0.033939257 -0.043338288
0.263 -0.06124294 -0.06010987 -0.05964673 -0.06173566 -0.045865566 0.007038474 -0.0256619 -0.033967454
0.2635 -0.06129278 -0.06018225 -0.05972765 -0.06177739 -0.047895446 -0.002147764 -0.03387083 -0.04325691
0.264 -0.06134194 -0.0602535 -0.05980728 -0.06181857 -0.04588537 0.0069551766 -0.025739267 -0.034051184
0.2645 -0.06139044 -0.06032364 -0.05988566 -0.06185922 -0.047879487 -0.0020691752 -0.033803537 -0.043176953
0.265 -0.06143828 -0.06039268 -0.05996279 -0.06189935 -0.045904793 0.006873399 -0.025815174 -0.034133393
0.2655 -0.06148547 -0.06046064 -0.0600387 -0.06193896 -0.04786376 -0.0019919574 -0.033737347 -0.043098386
0.266 -0.06153203 -0.06052754 -0.06011341 -0.06197805 -0.04592383 0.0067930967 -0.02588962 -0.034214117
0.2665 -0.06157796 -0.0605934 -0.06018694 -0.06201664 -0.047848277 -0.0019160956 -0.03367226 -0.043021195
0.267 -0.06162327 -0.06065824 -0.06025931 -0.06205473 -0.045942508 0.0067142695 -0.025962695 -0.034293383
0.2675 -0.06166797 -0.06072206 -0.06033054 -0.06209233 -0.047833055 -0.0018415153 -0.033608243 -0.04294534
0.268 -0.06171207 -0.0607849 -0.06040064 -0.06212944 -0.04596083 0.006636888 -0.02603443 -0.034371223
0.2685 -0.06175557 -0.06084676 -0.06046964 -0.06216607 -0.04781808 -0.0017682314 -0.0335453 -0.042870816
0.269 -0.06179849 -0.06090765 -0.06053756 -0.06220223 -0.0459788 0.006560877 -0.026104793 -0.034447655
0.2695 -0.06184082 -0.06096761 -0.0606044 -0.06223792 -0.047803327 -0.0016962141 -0.0334834 -0.04279759
0.27 -0.06188259 -0.06102664 -0.0606702 -0.06227315 -0.045996413 0.006486267 -0.026173845 -0.034522716
0.2705 -0.06192379 -0.06108476 -0.06073496 -0.06230793 -0.04778883 -0.0016254336 -0.033422574 -0.04272565
0.271 -0.06196444 -0.06114198 -0.0607987 -0.06234225 -0.046013705 0.0064130276 -0.026241645 -0.034596417
0.2715 -0.06200455 -0.06119831 -0.06086145 -0.06237614 -0.047774546 -0.0015559047 -0.0333627 -0.042654954
0.272 -0.06204411 -0.06125378 -0.06092321 -0.06240958 -0.046030656 0.006341055 -0.026308134 -0.0346688
0.2725 -0.06208314 -0.0613084 -0.06098401 -0.0624426 -0.0477605 -0.0014875829 -0.03330387 -0.042585496
0.273 -0.06212165 -0.06136217 -0.06104385 -0.06247519 -0.04604727 0.0062704235 -0.026373371 -0.034739867
0.2735 -0.06215964 -0.06141512 -0.06110276 -0.06250736 -0.047746673 -0.001420483 -0.033245966 -0.04251725
0.274 -0.06219712 -0.06146726 -0.06116075 -0.06253911 -0.046063587 0.0062010437 -0.026437417 -0.034809668
0.2745 -0.06223409 -0.0615186 -0.06121783 -0.06257046 -0.047733076 -0.0013544858 -0.033189043 -0.042450186
0.275 -0.06227057 -0.06156915 -0.06127403 -0.0626014 -0.046079583 0.0061329305 -0.02650027 -0.034878213
0.2755 -0.06230656 -0.06161893 -0.06132935 -0.06263195 -0.047719695 -0.0012896359 -0.033133104 -0.04238429
0.276 -0.06234206 -0.06166795 -0.0613838 -0.0626621 -0.04609528 0.006066054 -0.02656196 -0.03494553
0.2765 -0.06237709 -0.06171622 -0.06143741 -0.06269186 -0.047706522 -0.0012259334 -0.03307809 -0.04231954
0.277 -0.06241165 -0.06176375 -0.06149019 -0.06272124 -0.046110675 0.0060003847 -0.026622519 -0.035011638
0.2775 -0.06244575 -0.06181056 -0.06154215 -0.06275024 -0.047693573 -0.0011633337 -0.033024 -0.042255923
0.278 -0.06247939 -0.06185665 -0.0615933 -0.06277887 -0.046125777 0.0059358776 -0.026681915 -0.03507657
0.2785 -0.06251257 -0.06190205 -0.06164366 -0.06280713 -0.047680818 -0.0011018068 -0.03297077 -0.0421934
0.279 -0.06254532 -0.06194675 -0.06169323 -0.06283502 -0.04614059 0.005872518 -0.026740208 -0.035140324
0.2795 -0.06257762 -0.06199078 -0.06174204 -0.06286256 -0.04766827 -0.0010413826 -0.03291844 -0.04213198
0.28 -0.06260949 -0.06203414 -0.0617901 -0.06288974 -0.046155117 0.0058103055 -0.026797429 -0.03520294
0.2805 -0.06264094 -0.06207684 -0.06183741 -0.06291658 -0.047655925 -0.0009819567 -0.032867 -0.042071633
0.281 -0.06267196 -0.06211889 -0.06188399 -0.06294307 -0.046169385 0.0057492554 -0.026853636 -0.03526443
0.2815 -0.06270257 -0.06216031 -0.06192985 -0.06296922 -0.047643796 -0.00092355907 -0.032816455 -0.042012338
0.282 -0.06273277 -0.06220111 -0.06197501 -0.06299503 -0.046183378 0.005689293 -0.02690877 -0.035324816
0.2825 -0.06276257 -0.06224129 -0.06201947 -0.06302051 -0.047631845 -0.0008662045 -0.032766715 -0.041954063
0.283 -0.06279196 -0.06228086 -0.06206324 -0.06304567 -0.0461971 0.005630374 -0.026962921 -0.035384133
0.2835 -0.06282097 -0.06231983 -0.06210634 -0.0630705 -0.047620095 -0.0008098185 -0.03271781 -0.0418968
0.284 -0.06284958 -0.06235822 -0.06214878 -0.06309501 -0.046210565 0.0055725127 -0.027016029 -0.035442393
0.2845 -0.06287782 -0.06239604 -0.06219056 -0.06311921 -0.047608547 -0.000754416 -0.032669768 -0.04184055
0.285 -0.06290568 -0.06243328 -0.06223171 -0.0631431 -0.04622379 0.0055157244 -0.027068213 -0.035499606
0.2855 -0.06293316 -0.06246996 -0.06227222 -0.06316668 -0.047597177 -0.00069998205 -0.0326225 -0.04178527
0.286 -0.06296028 -0.0625061 -0.06231211 -0.06318996 -0.046236753 0.0054599345 -0.027119413 -0.0355558
0.2865 -0.06298704 -0.06254169 -0.0623514 -0.06321295 -0.04758601 -0.0006464869 -0.03257607 -0.041730966
0.287 -0.06301344 -0.06257675 -0.06239008 -0.06323563 -0.046249494 0.005405143 -0.02716969 -0.035610985
0.2875 -0.06303948 -0.06261129 -0.06242817 -0.06325803 -0.047575004 -0.0005939156 -0.032530412 -0.041677598
0.288 -0.06306519 -0.06264531 -0.06246567 -0.06328014 -0.046261974 0.005351335 -0.027219012 -0.035665184
0.2885 -0.06309054 -0.06267882 -0.06250261 -0.06330196 -0.047564194 -0.00054228306 -0.0324855 -0.041625176
0.289 -0.06311556 -0.06271183 -0.06253898 -0.06332351 -0.04627423 0.0052984953 -0.027267441 -0.035718415
0.2895 -0.06314025 -0.06274436 -0.06257479 -0.06334478 -0.047553547 -0.0004915595 -0.032441363 -0.041573655
0.29 -0.06316461 -0.06277639 -0.06261007 -0.06336578 -0.04628624 0.0052466094 -0.027314946 -0.035770696
0.2905 -0.06318864 -0.06280795 -0.0626448 -0.06338651 -0.04754308 -0.00044170022 -0.03239794 -0.041523024
0.291 -0.06321236 -0.06283904 -0.06267901 -0.06340697 -0.046298034 0.0051956177 -0.027361616 -0.03582205
0.2915 -0.06323575 -0.06286967 -0.06271269 -0.06342717 -0.04753279 -0.0003927052 -0.032355294 -0.041473296
0.292 -0.06325884 -0.06289985 -0.06274587 -0.06344712 -0.046309613 0.0051455796 -0.027407393 -0.035872478
0.2925 -0.06328162 -0.06292957 -0.06277854 -0.0634668 -0.047522657 -0.00034457445 -0.032313332 -0.041424423
0.293 -0.0633041 -0.06295886 -0.06281071 -0.06348624 -0.046320967 0.0050964206 -0.027452365 -0.03592201
0.2935 -0.06332628 -0.06298771 -0.0628424 -0.06350543 -0.047512695 -0.00029724836 -0.032272086 -0.0413764
0.294 -0.06334816 -0.06301614 -0.06287361 -0.06352437 -0.04633212 0.005048156 -0.027496532 -0.035970658
0.2945 -0.06336975 -0.06304415 -0.06290435 -0.06354307 -0.047502905 -0.00025074184 -0.032231525 -0.04132921
0.295 -0.06339106 -0.06307174 -0.06293462 -0.06356153 -0.04634306 0.0050007105 -0.027539864 -0.03601845
0.2955 -0.06341208 -0.06309893 -0.06296443 -0.06357976 -0.047493264 -0.00020505488 -0.03219165 -0.041282844
0.296 -0.06343283 -0.06312571 -0.0629938 -0.06359775 -0.046353795 0.0049541593 -0.027582422 -0.03606539
0.2965 -0.06345329 -0.0631521 -0.06302272 -0.06361552 -0.047483794 -0.00016017258 -0.03215249 -0.041237287
0.297 -0.06347349 -0.06317811 -0.06305121 -0.06363305 -0.046364337 0.004908383 -0.027624205 -0.036111493
0.2975 -0.06349342 -0.06320373 -0.06307927 -0.06365036 -0.047474474 -0.00011605024 -0.032113954 -0.041192528
0.298 -0.06351309 -0.06322897 -0.0631069 -0.06366745 -0.04637467 0.004863456 -0.027665213 -0.036156766
0.2985 -0.06353249 -0.06325385 -0.06313412 -0.06368433 -0.04746531 -7.271767e-05 -0.032076105 -0.041148547
0.299 -0.06355164 -0.06327835 -0.06316093 -0.06370098 -0.04638484 0.0048193634 -0.027705505 -0.036201246
0.2995 -0.06357053 -0.06330251 -0.06318734 -0.06371743 -0.0474563 -3.0100346e-05 -0.032038882 -0.041105334
0.3 -0.06358917 -0.0633263 -0.06321335 -0.06373366 -0.046394795 0.004776031 -0.027745053 -0.036244933
0.3005 -0.06360757 -0.06334975 -0.06323897 -0.06374969 -0.047447458 1.1757016e-05 -0.032002315 -0.041062877
0.301 -0.06362572 -0.06337286 -0.06326421 -0.06376551 -0.046404585 0.004733458 -0.027783856 -0.036287844
0.3015 -0.06364363 -0.06339562 -0.06328907 -0.06378114 -0.04743874 5.2899122e-05 -0.031966373 -0.04102116
0.302 -0.06366131 -0.06341806 -0.06331356 -0.06379656 -0.046414174 0.0046916455 -0.027821973 -0.036329985
0.3025 -0.06367875 -0.06344017 -0.06333769 -0.06381178 -0.047430173 9.328127e-05 -0.031931028 -0.04098018
0.303 -0.06369596 -0.06346196 -0.06336145 -0.06382681 -0.046423607 0.0046506226 -0.027859405 -0.03637138
0.3035 -0.06371295 -0.06348342 -0.06338486 -0.06384165 -0.047421753 0.00013299286 -0.03189628 -0.0409399
0.304 -0.0637297 -0.06350458 -0.06340792 -0.0638563 -0.046432853 0.0046103 -0.02789618 -0.03641204
0.3045 -0.06374624 -0.06352543 -0.06343063 -0.06387077 -0.047413476 0.000172019 -0.031862125 -0.040900324
0.305 -0.06376256 -0.06354598 -0.06345301 -0.06388505 -0.046441942 0.004570678 -0.027932271 -0.036451988
0.3055 -0.06377866 -0.06356623 -0.06347505 -0.06389915 -0.047405317 0.00021034479 -0.031828538 -0.040861446
0.306 -0.06379455 -0.06358618 -0.06349677 -0.06391306 -0.04645084 0.004531771 -0.027967647 -0.03649121
0.3065 -0.06381023 -0.06360585 -0.06351816 -0.0639268 -0.047397308 0.00024798512 -0.031795517 -0.040823244
0.307 -0.06382571 -0.06362523 -0.06353924 -0.06394037 -0.046459585 0.0044935346 -0.028002426 -0.036529742
0.3075 -0.06384098 -0.06364433 -0.06356 -0.06395376 -0.047389425 0.0002849996 -0.031763062 -0.040785696
0.308 -0.06385604 -0.06366315 -0.06358046 -0.06396699 -0.04646816 0.0044560134 -0.02803658 -0.036567595
0.3085 -0.06387091 -0.0636817 -0.06360061 -0.06398004 -0.047381684 0.00032137334 -0.031731173 -0.040748812
0.309 -0.06388559 -0.06369999 -0.06362047 -0.06399293 -0.046476603 0.004419148 -0.028070137 -0.03660478
0.3095 -0.06390007 -0.06371801 -0.06364003 -0.06400565 -0.047374085 0.00035713613 -0.03169985 -0.040712573
0.31 -0.06391436 -0.06373577 -0.0636593 -0.06401821 -0.04648488 0.004382953 -0.028103068 -0.036641307
0.3105 -0.06392846 -0.06375328 -0.06367829 -0.06403062 -0.04736659 0.00039225817 -0.031669036 -0.04067696
0.311 -0.06394237 -0.06377053 -0.06369699 -0.06404286 -0.046492994 0.004347384 -0.028135404 -0.03667718
0.3115 -0.0639561 -0.06378753 -0.06371543 -0.06405495 -0.047359228 0.00042675436 -0.031638756 -0.040641975
0.312 -0.06396965 -0.06380429 -0.06373358 -0.06406688 -0.04650098 0.0043124557 -0.028167143 -0.03671242
0.3125 -0.06398303 -0.06382081 -0.06375148 -0.06407867 -0.047351986 0.0004606694 -0.031609014 -0.040607598
0.313 -0.06399622 -0.0638371 -0.06376911 -0.0640903 -0.04650881 0.0042781234 -0.028198346 -0.03674704
0.3135 -0.06400924 -0.06385314 -0.06378647 -0.06410179 -0.047344863 0.0004940033 -0.031579718 -0.040573813
0.314 -0.0640221 -0.06386896 -0.06380359 -0.06411313 -0.046516493 0.004244417 -0.028228953 -0.03678104
0.3145 -0.06403478 -0.06388456 -0.06382045 -0.06412432 -0.047337875 0.00052672625 -0.03155099 -0.040540624
0.315 -0.06404729 -0.06389992 -0.06383707 -0.06413537 -0.046524033 0.0042113215 -0.028258994 -0.036814433
0.3155 -0.06405964 -0.06391507 -0.06385344 -0.06414629 -0.047330998 0.00055886805 -0.031522706 -0.04050802
0.316 -0.06407183 -0.06393001 -0.06386957 -0.06415706 -0.04653144 0.004178822 -0.028288528 -0.036847245
0.3165 -0.06408386 -0.06394473 -0.06388547 -0.0641677 -0.04732424 0.0005904734 -0.03149493 -0.040475976
0.317 -0.06409573 -0.06395924 -0.06390113 -0.0641782 -0.04653871 0.004146859 -0.028317556 -0.036879476
0.3175 -0.06410745 -0.06397354 -0.06391656 -0.06418857 -0.04731758 0.00062152743 -0.0314676 -0.04044449
0.318 -0.06411901 -0.06398764 -0.06393177 -0.06419881 -0.046545863 0.0041154623 -0.028346017 -0.03691114
0.3185 -0.06413042 -0.06400153 -0.06394676 -0.06420891 -0.047311045 0.0006520748 -0.03144081 -0.040413562
0.319 -0.06414168 -0.06401523 -0.06396152 -0.06421889 -0.046552867 0.0040846765 -0.028373972 -0.03694223
0.3195 -0.06415279 -0.06402874 -0.06397608 -0.06422874 -0.047304615 0.00068205595 -0.031414405 -0.04038317
0.32 -0.06416375 -0.06404205 -0.06399042 -0.06423847 -0.046559744 0.0040543824 -0.02840142 -0.036972776
0.3205 -0.06417458 -0.06405518 -0.06400455 -0.06424807 -0.047298297 0.00071153045 -0.031388476 -0.040353302
0.321 -0.06418526 -0.06406811 -0.06401847 -0.06425756 -0.046566494 0.004024625 -0.02842839 -0.037002783
0.3215 -0.0641958 -0.06408087 -0.0640322 -0.06426692 -0.04729209 0.0007404685 -0.031362996 -0.040323965
0.322 -0.0642062 -0.06409344 -0.06404572 -0.06427616 -0.046573117 0.0039954185 -0.028454825 -0.03703225
0.3225 -0.06421646 -0.06410584 -0.06405905 -0.06428528 -0.047285974 0.0007688999 -0.03133793 -0.040295135
0.323 -0.06422659 -0.06411806 -0.06407218 -0.06429429 -0.04657963 0.003966734 -0.028480843 -0.037061203
0.3235 -0.06423659 -0.0641301 -0.06408512 -0.06430319 -0.04727997 0.0007968545 -0.031313345 -0.040266808
0.324 -0.06424646 -0.06414198 -0.06409788 -0.06431197 -0.04658602 0.0039385557 -0.028506383 -0.037089642
0.3245 -0.0642562 -0.06415369 -0.06411045 -0.06432064 -0.047274068 0.00082431734 -0.031289116 -0.040238973
0.325 -0.06426581 -0.06416523 -0.06412284 -0.0643292 -0.046592295 0.0039108694 -0.028531447 -0.03711758
0.3255 -0.06427529 -0.06417661 -0.06413505 -0.06433766 -0.047268257 0.00085130334 -0.031265303 -0.040211618
0.326 -0.06428465 -0.06418783 -0.06414708 -0.064346 -0.046598464 0.0038836598 -0.028556034 -0.03714503
0.3265 -0.06429389 -0.06419889 -0.06415894 -0.06435424 -0.04726255 0.0008778423 -0.031241968 -0.040184755
0.327 -0.06430301 -0.0642098 -0.06417063 -0.06436238 -0.046604514 0.003856957 -0.028580233 -0.037171986
0.3275 -0.06431201 -0.06422055 -0.06418215 -0.06437041 -0.047256947 0.00090390444 -0.03121899 -0.04015835
0.328 -0.06432089 -0.06423115 -0.0641935 -0.06437834 -0.046610445 0.003830731 -0.028603956 -0.037198465
0.3285 -0.06432965 -0.0642416 -0.06420469 -0.06438617 -0.047251426 0.00092947483 -0.0311964 -0.040132407
0.329 -0.0643383 -0.06425191 -0.06421572 -0.0643939 -0.04661628 0.0038049817 -0.028627291 -0.03722448
0.3295 -0.06434684 -0.06426207 -0.06422659 -0.06440153 -0.047246017 0.0009546429 -0.031174228 -0.04010692
0.33 -0.06435527 -0.06427209 -0.0642373 -0.06440907 -0.046622008 0.0037796497 -0.02865021 -0.03725004
0.3305 -0.06436358 -0.06428196 -0.06424786 -0.06441651 -0.04724069 0.0009793639 -0.031152442 -0.040081885
0.331 -0.06437179 -0.0642917 -0.06425827 -0.06442386 -0.04662765 0.0037547946 -0.02867271 -0.03727514
0.3315 -0.06437989 -0.06430131 -0.06426853 -0.06443111 -0.04723546 0.0010036677 -0.031130984 -0.040057287
0.332 -0.06438788 -0.06431077 -0.06427864 -0.06443827 -0.04663317 0.0037303567 -0.028694823 -0.037299804
0.3325 -0.06439577 -0.06432011 -0.06428861 -0.06444534 -0.04723032 0.0010275245 -0.031109974 -0.040033117
0.333 -0.06440356 -0.06432931 -0.06429843 -0.06445232 -0.046638593 0.003706351 -0.02871652 -0.037324026
0.3335 -0.06441125 -0.06433839 -0.06430812 -0.06445922 -0.047225244 0.001050964 -0.031089231 -0.04000937
0.334 -0.06441883 -0.06434734 -0.06431766 -0.06446602 -0.046643913 0.0036827773 -0.028737828 -0.03734782
0.3345 -0.06442632 -0.06435617 -0.06432707 -0.06447274 -0.047220282 0.0010739863 -0.031068936 -0.03998604
0.335 -0.06443371 -0.06436487 -0.06433634 -0.06447938 -0.046649143 0.0036596358 -0.02875875 -0.037371192
0.3355 -0.064441 -0.06437345 -0.06434548 -0.06448593 -0.047215387 0.0010966212 -0.031048939 -0.039963115
0.336 -0.0644482 -0.06438191 -0.0643545 -0.06449239 -0.046654284 0.0036368668 -0.028779313 -0.037394162
0.3365 -0.0644553 -0.06439025 -0.06436338 -0.06449878 -0.04721059 0.0011188388 -0.031029299 -0.03994059
0.337 -0.06446231 -0.06439848 -0.06437213 -0.06450509 -0.04665932 0.00361453 -0.02879946 -0.03741671
0.3375 -0.06446923 -0.06440659 -0.06438077 -0.06451131 -0.047205865 0.0011406988 -0.031009987 -0.039918456
0.338 -0.06447606 -0.06441459 -0.06438927 -0.06451746 -0.046664268 0.0035925806 -0.028819278 -0.03743887
0.3385 -0.0644828 -0.06442248 -0.06439766 -0.06452353 -0.047201224 0.0011621714 -0.030991003 -0.039896715
0.339 -0.06448946 -0.06443026 -0.06440593 -0.06452952 -0.046669118 0.0035710335 -0.028838739 -0.037460633
0.3395 -0.06449602 -0.06443793 -0.06441408 -0.06453544 -0.04719665 0.0011832416 -0.030972347 -0.039875347
0.34 -0.0645025 -0.06444549 -0.06442212 -0.06454128 -0.046673886 0.003549844 -0.028857872 -0.037482012
0.3405 -0.0645089 -0.06445295 -0.06443004 -0.06454705 -0.047192164 0.0012039691 -0.030954018 -0.03985436
0.341 -0.06451521 -0.06446031 -0.06443785 -0.06455274 -0.046678588 0.003529042 -0.028876677 -0.03750303
0.3415 -0.06452144 -0.06446756 -0.06444554 -0.06455836 -0.047187775 0.0012243539 -0.030936047 -0.039833736
0.342 -0.0645276 -0.06447472 -0.06445313 -0.06456392 -0.046683192 0.0035086125 -0.028895125 -0.037523665
0.3425 -0.06453367 -0.06448177 -0.06446061 -0.0645694 -0.047183447 0.0012443513 -0.030918375 -0.03981347
0.343 -0.06453966 -0.06448873 -0.06446799 -0.06457481 -0.046687715 0.0034885705 -0.028913215 -0.037543938
0.3435 -0.06454557 -0.06449559 -0.06447526 -0.06458016 -0.047179177 0.001263991 -0.03090097 -0.039793555
0.344 -0.06455141 -0.06450236 -0.06448243 -0.06458543 -0.046692155 0.0034688115 -0.028931037 -0.037563857
0.3445 -0.06455717 -0.06450903 -0.0644895 -0.06459064 -0.04717499 0.0012833178 -0.030883864 -0.03977399
0.345 -0.06456286 -0.06451561 -0.06449646 -0.06459579 -0.046696514 0.00344944 -0.0289485 -0.03758343
0.3455 -0.06456847 -0.0645221 -0.06450333 -0.06460087 -0.04717087 0.0013023019 -0.030867085 -0.039754767
0.346 -0.06457401 -0.0645285 -0.06451011 -0.06460588 -0.04670079 0.0034303963 -0.028965697 -0.03760265
0.3465 -0.06457948 -0.06453481 -0.06451678 -0.06461083 -0.04716683 0.0013209581 -0.030850574 -0.039735883
0.347 -0.06458487 -0.06454104 -0.06452337 -0.06461572 -0.046705 0.0034117103 -0.028982535 -0.037621524
0.3475 -0.0645902 -0.06454718 -0.06452986 -0.06462055 -0.047162846 0.0013392717 -0.030834332 -0.039717328
0.348 -0.06459546 -0.06455324 -0.06453626 -0.06462532 -0.04670912 0.0033933371 -0.028999075 -0.03764007
0.3485 -0.06460065 -0.06455921 -0.06454256 -0.06463002 -0.04715894 0.0013572723 -0.030818388 -0.039699096
0.349 -0.06460577 -0.0645651 -0.06454879 -0.06463467 -0.046713173 0.0033752918 -0.029015347 -0.03765829
0.3495 -0.06461083 -0.06457091 -0.06455492 -0.06463926 -0.047155105 0.0013749748 -0.030802771 -0.039681185
0.35 -0.06461582 -0.06457664 -0.06456097 -0.06464379 -0.046717167 0.0033575892 -0.029031351 -0.037676197
0.3505 -0.06462074 -0.06458229 -0.06456693 -0.06464826 -0.047151342 0.0013923496 -0.030787393 -0.039663587
0.351 -0.06462561 -0.06458786 -0.06457281 -0.06465268 -0.046721086 0.0033401847 -0.029047057 -0.037693784
0.3515 -0.0646304 -0.06459336 -0.0645786 -0.06465704 -0.04714763 0.0014094412 -0.030772284 -0.039646294
0.352 -0.06463514 -0.06459878 -0.06458432 -0.06466135 -0.046724916 0.0033230782 -0.029062435 -0.037711058
0.3525 -0.06463982 -0.06460413 -0.06458995 -0.0646656 -0.04714399 0.0014261901 -0.030757383 -0.03962931
0.353 -0.06464443 -0.06460941 -0.06459551 -0.0646698 -0.046728685 0.0033062696 -0.029077575 -0.037728023
0.3535 -0.06464899 -0.06461461 -0.06460099 -0.06467394 -0.047140405 0.0014427006 -0.03074278 -0.039612617
0.354 -0.06465348 -0.06461974 -0.06460639 -0.06467804 -0.046732396 0.0032897592 -0.029092476 -0.037744697
0.3545 -0.06465792 -0.0646248 -0.06461172 -0.06468208 -0.047136888 0.0014588833 -0.030728444 -0.039596222
0.355 -0.0646623 -0.06462979 -0.06461697 -0.06468607 -0.04673604 0.0032735616 -0.029107079 -0.03776107
0.3555 -0.06466663 -0.06463472 -0.06462215 -0.06469001 -0.047133423 0.0014747977 -0.030714318 -0.039580107
0.356 -0.06467089 -0.06463957 -0.06462726 -0.0646939 -0.046739608 0.0032576174 -0.029121444 -0.03777717
0.3565 -0.06467511 -0.06464436 -0.06463229 -0.06469774 -0.047130026 0.001490444 -0.03070049 -0.03956427
0.357 -0.06467927 -0.06464909 -0.06463726 -0.06470153 -0.046743117 0.0032419562 -0.02913554 -0.037792973
0.3575 -0.06468337 -0.06465375 -0.06464216 -0.06470528 -0.04712668 0.001505807 -0.03068684 -0.039548717
0.358 -0.06468742 -0.06465835 -0.06464698 -0.06470898 -0.046746567 0.003226608 -0.029149339 -0.0378085
0.3585 -0.06469142 -0.06466288 -0.06465175 -0.06471263 -0.047123402 0.001520887 -0.030673489 -0.039533436
0.359 -0.06469537 -0.06466735 -0.06465644 -0.06471624 -0.046749942 0.0032114983 -0.029162928 -0.03782375
0.3595 -0.06469927 -0.06467177 -0.06466107 -0.0647198 -0.04712016 0.0015357286 -0.030660287 -0.039518416
0.36 -0.06470311 -0.06467612 -0.06466564 -0.06472331 -0.046753272 0.0031966567 -0.02917631 -0.037838742
0.3605 -0.06470691 -0.06468041 -0.06467014 -0.06472678 -0.04711698 0.0015503168 -0.030647352 -0.039503656
0.361 -0.06471066 -0.06468465 -0.06467458 -0.06473021 -0.04675653 0.0031820685 -0.029189393 -0.03785346
0.3615 -0.06471436 -0.06468882 -0.06467896 -0.06473359 -0.04711386 0.0015646219 -0.030634657 -0.03948916
0.362 -0.06471801 -0.06469294 -0.06468328 -0.06473693 -0.046759725 0.0031677634 -0.029202268 -0.037867915
0.3625 -0.06472161 -0.06469701 -0.06468754 -0.06474023 -0.047110803 0.0015786737 -0.0306222 -0.039474923
0.363 -0.06472517 -0.06470102 -0.06469173 -0.06474349 -0.046762884 0.0031536967 -0.029214904 -0.037882123
0.3635 -0.06472868 -0.06470497 -0.06469588 -0.06474671 -0.047107786 0.001592502 -0.03060989 -0.039460924
0.364 -0.06473215 -0.06470888 -0.06469996 -0.06474988 -0.04676597 0.0031398833 -0.029227361 -0.037896078
0.3645 -0.06473557 -0.06471272 -0.06470399 -0.06475302 -0.04710482 0.0016060919 -0.03059785 -0.039447177
0.365 -0.06473895 -0.06471652 -0.06470796 -0.06475612 -0.046769008 0.0031263232 -0.02923958 -0.03790979
0.3655 -0.06474228 -0.06472027 -0.06471188 -0.06475917 -0.047101915 0.0016194433 -0.03058602 -0.039433673
0.366 -0.06474557 -0.06472396 -0.06471574 -0.06476219 -0.04677199 0.0031129718 -0.02925156 -0.037923254
0.3665 -0.06474882 -0.06472761 -0.06471955 -0.06476518 -0.04709906 0.0016325265 -0.030574396 -0.039420415
0.367 -0.06475203 -0.0647312 -0.06472331 -0.06476812 -0.046774924 0.0030998886 -0.029263332 -0.03793649
0.3675 -0.06475519 -0.06473475 -0.06472701 -0.06477103 -0.047096238 0.001645416 -0.030562922 -0.03940737
0.368 -0.06475832 -0.06473825 -0.06473067 -0.0647739 -0.0467778 0.0030870289 -0.029274896 -0.037949484
0.3685 -0.0647614 -0.0647417 -0.06473427 -0.06477673 -0.04709348 0.001658082 -0.030551717 -0.03939456
0.369 -0.06476445 -0.0647451 -0.06473783 -0.06477953 -0.046780623 0.0030743927 -0.02928625 -0.037962258
0.3695 -0.06476746 -0.06474846 -0.06474133 -0.06478229 -0.04709076 0.0016705096 -0.03054066 -0.039381962
0.37 -0.06477042 -0.06475178 -0.06474479 -0.06478502 -0.046783388 0.003061965 -0.029297397 -0.0379748
0.3705 -0.06477335 -0.06475505 -0.0647482 -0.06478771 -0.0470881 0.0016827136 -0.030529812 -0.039369605
0.371 -0.06477624 -0.06475827 -0.06475156 -0.06479037 -0.046786122 0.0030497909 -0.029308364 -0.037987124
0.3715 -0.0647791 -0.06476145 -0.06475488 -0.064793 -0.047085486 0.001694724 -0.030519202 -0.039357457
0.372 -0.06478191 -0.06476459 -0.06475815 -0.06479559 -0.04678881 0.0030378252 -0.029319152 -0.037999235
0.3725 -0.06478469 -0.06476769 -0.06476138 -0.06479816 -0.047082916 0.0017065108 -0.030508712 -0.03934553
0.373 -0.06478744 -0.06477075 -0.06476456 -0.06480068 -0.046791434 0.0030260384 -0.029329732 -0.038011126
0.3735 -0.06479015 -0.06477376 -0.0647677 -0.06480318 -0.047080375 0.001718089 -0.0304984 -0.0393338
0.374 -0.06479282 -0.06477673 -0.0647708 -0.06480565 -0.046794012 0.0030144453 -0.029340133 -0.03802282
0.3745 -0.06479546 -0.06477967 -0.06477385 -0.06480808 -0.047077887 0.0017294884 -0.030488268 -0.03932227
0.375 -0.06479807 -0.06478256 -0.06477686 -0.06481049 -0.04679656 0.0030030906 -0.029350355 -0.0380343
0.3755 -0.06480064 -0.06478542 -0.06477983 -0.06481286 -0.04707545 0.0017406642 -0.030478343 -0.039310955
0.376 -0.06480318 -0.06478824 -0.06478276 -0.0648152 -0.04679904 0.0029919446 -0.029360369 -0.038045574
0.3765 -0.06480569 -0.06479102 -0.06478566 -0.06481752 -0.04707305 0.0017516762 -0.030468598 -0.039299827
0.377 -0.06480817 -0.06479376 -0.06478851 -0.0648198 -0.046801493 0.0029809773 -0.029370233 -0.038056653
0.3775 -0.06481061 -0.06479646 -0.06479132 -0.06482206 -0.047070697 0.0017624795 -0.030459031 -0.039288912
0.378 -0.06481302 -0.06479913 -0.06479409 -0.06482429 -0.0468039 0.0029702187 -0.02937992 -0.03806754
0.3785 -0.0648154 -0.06480177 -0.06479683 -0.06482649 -0.047068372 0.0017730892 -0.030449584 -0.039278176
0.379 -0.06481775 -0.06480436 -0.06479953 -0.06482866 -0.04680626 0.002959624 -0.029389426 -0.03807823
0.3795 -0.06482008 -0.06480693 -0.06480219 -0.06483081 -0.0470661 0.0017834902 -0.030440345 -0.039267633
0.38 -0.06482237 -0.06480946 -0.06480481 -0.06483292 -0.046808586 0.0029492527 -0.029398784 -0.038088735
0.3805 -0.06482463 -0.06481195 -0.0648074 -0.06483502 -0.047063865 0.0017937273 -0.030431256 -0.039257273
0.381 -0.06482686 -0.06481442 -0.06480996 -0.06483708 -0.046810865 0.0029390156 -0.029407933 -0.038099058
0.3815 -0.06482906 -0.06481684 -0.06481248 -0.06483912 -0.04706166 0.0018037856 -0.030422315 -0.039247088
0.382 -0.06483124 -0.06481924 -0.06481496 -0.06484114 -0.0468131 0.0029289722 -0.029416934 -0.038109194
0.3825 -0.06483339 -0.06482161 -0.06481742 -0.06484312 -0.04705949 0.0018136501 -0.030413494 -0.03923709
0.383 -0.0648355 -0.06482394 -0.06481983 -0.06484509 -0.04681529 0.0029191226 -0.029425755 -0.038119152
0.3835 -0.0648376 -0.06482624 -0.06482222 -0.06484703 -0.047057375 0.0018233806 -0.03040488 -0.03922726
0.384 -0.06483966 -0.06482851 -0.06482457 -0.06484894 -0.04681746 0.0029094666 -0.029434487 -0.03812893
0.3845 -0.0648417 -0.06483075 -0.0648269 -0.06485083 -0.04705529 0.0018329173 -0.030396417 -0.03921761
0.385 -0.06484372 -0.06483297 -0.06482919 -0.0648527 -0.046819575 0.0028999448 -0.02944301 -0.03813855
0.3855 -0.0648457 -0.06483515 -0.06483145 -0.06485454 -0.047053233 0.0018423051 -0.030388042 -0.039208114
0.386 -0.06484766 -0.0648373 -0.06483367 -0.06485636 -0.04682166 0.002890572 -0.029451385 -0.038147993
0.3865 -0.0648496 -0.06483942 -0.06483587 -0.06485816 -0.047051214 0.0018514991 -0.030379847 -0.039198797
0.387 -0.06485151 -0.06484152 -0.06483804 -0.06485993 -0.046823703 0.0028814077 -0.02945964 -0.038157262
0.3875 -0.0648534 -0.06484359 -0.06484018 -0.06486169 -0.047049224 0.0018605292 -0.03037177 -0.039189637
0.388 -0.06485526 -0.06484563 -0.06484229 -0.06486342 -0.046825714 0.0028723925 -0.029467717 -0.03816638
0.3885 -0.0648571 -0.06484764 -0.06484437 -0.06486513 -0.04704728 0.0018694401 -0.030363902 -0.039180636
0.389 -0.06485892 -0.06484963 -0.06484643 -0.06486681 -0.04682769 0.0028635263 -0.029475674 -0.03817534
0.3895 -0.06486071 -0.06485159 -0.06484845 -0.06486848 -0.047045372 0.0018781573 -0.030356124 -0.039171804
0.39 -0.06486248 -0.06485352 -0.06485045 -0.06487013 -0.04682962 0.002854824 -0.029483482 -0.038184132
0.3905 -0.06486423 -0.06485543 -0.06485242 -0.06487175 -0.047043495 0.0018867552 -0.030348495 -0.039163116
0.391 -0.06486595 -0.06485732 -0.06485437 -0.06487335 -0.046831533 0.0028462857 -0.029491171 -0.038192775
0.3915 -0.06486766 -0.06485917 -0.06485629 -0.06487494 -0.047041647 0.0018951893 -0.030340984 -0.039154578
0.392 -0.06486934 -0.06486101 -0.06485818 -0.0648765 -0.046833403 0.0028378665 -0.029498711 -0.03820127
0.3925 -0.064871 -0.06486282 -0.06486005 -0.06487805 -0.04703983 0.0019034743 -0.030333593 -0.039146192
0.393 -0.06487263 -0.0648646 -0.06486189 -0.06487957 -0.046835244 0.0028295964 -0.029506102 -0.038209613
0.3935 -0.06487425 -0.06486636 -0.06486371 -0.06488108 -0.047038034 0.0019116253 -0.030326352 -0.039137952
0.394 -0.06487585 -0.0648681 -0.0648655 -0.06488257 -0.046837047 0.0028214902 -0.029513374 -0.0382178
0.3945 -0.06487742 -0.06486982 -0.06486727 -0.06488403 -0.047036283 0.0019196123 -0.030319229 -0.039129864
0.395 -0.06487898 -0.06487151 -0.06486901 -0.06488548 -0.046838827 0.002813533 -0.029520556 -0.038225856
0.3955 -0.06488051 -0.06487318 -0.06487074 -0.06488692 -0.04703456 0.001927495 -0.030312255 -0.039121915
0.396 -0.06488203 -0.06487483 -0.06487244 -0.06488833 -0.046840563 0.0028057098 -0.02952756 -0.03823377
0.3965 -0.06488353 -0.06487645 -0.06487411 -0.06488973 -0.047032878 0.0019352138 -0.0303054 -0.039114106
0.397 -0.06488501 -0.06487806 -0.06487576 -0.0648911 -0.046842277 0.0027980208 -0.029534444 -0.038241535
0.3975 -0.06488646 -0.06487964 -0.0648774 -0.06489247 -0.047031216 0.0019427836 -0.030298635 -0.039106436
0.398 -0.0648879 -0.06488121 -0.06487901 -0.06489381 -0.046843953 0.0027904809 -0.02954124 -0.038249172
0.3985 -0.06488933 -0.06488275 -0.06488059 -0.06489514 -0.04702957 0.0019502342 -0.03029199 -0.03909889
0.399 -0.06489073 -0.06488427 -0.06488216 -0.06489645 -0.0468456 0.0027830303 -0.029547855 -0.038256668
0.3995 -0.06489212 -0.06488577 -0.06488371 -0.06489774 -0.047027975 0.0019575655 -0.030285493 -0.03909148
0.4 -0.06489348 -0.06488725 -0.06488523 -0.06489902 -0.046847224 0.0027757883 -0.029554412 -0.038264032
0.4005 -0.06489483 -0.06488872 -0.06488673 -0.06490028 -0.04702639 0.001964748 -0.030279085 -0.0390842
0.401 -0.06489617 -0.06489016 -0.06488822 -0.06490153 -0.04684881 0.002768591 -0.02956082 -0.038271274
0.4015 -0.06489748 -0.06489158 -0.06488968 -0.06490276 -0.04702483 0.0019717813 -0.030272767 -0.039077047
0.402 -0.06489878 -0.06489299 -0.06489113 -0.06490398 -0.046850383 0.0027615726 -0.029567137 -0.038278386
0.4025 -0.06490007 -0.06489438 -0.06489255 -0.06490518 -0.04702332 0.00197874 -0.030266598 -0.039070025
0.403 -0.06490133 -0.06489574 -0.06489396 -0.06490636 -0.046851918 0.0027546585 -0.029573336 -0.03828537
0.4035 -0.06490258 -0.06489709 -0.06489535 -0.06490753 -0.04702182 0.0019855648 -0.030260518 -0.03906312
0.404 -0.06490382 -0.06489843 -0.06489672 -0.06490869 -0.046853423 0.0027478635 -0.029579416 -0.038292233
0.4045 -0.06490504 -0.06489974 -0.06489807 -0.06490983 -0.047020346 0.0019922704 -0.030254558 -0.039056335
0.405 -0.06490624 -0.06490104 -0.0648994 -0.06491095 -0.046854913 0.0027411878 -0.029585406 -0.038298987
0.4055 -0.06490743 -0.06490232 -0.06490072 -0.06491207 -0.0470189 0.0019988567 -0.030248687 -0.039049674
0.406 -0.0649086 -0.06490358 -0.06490201 -0.06491317 -0.046856366 0.0027346313 -0.029591277 -0.038305607
0.4065 -0.06490976 -0.06490483 -0.06490329 -0.06491425 -0.047017485 0.0020053238 -0.030242935 -0.039043132
0.407 -0.0649109 -0.06490606 -0.06490456 -0.06491532 -0.046857804 0.0027282238 -0.029597059 -0.03831212
0.4075 -0.06491203 -0.06490728 -0.0649058 -0.06491638 -0.047016084 0.0020116717 -0.030237272 -0.039036695
0.408 -0.06491314 -0.06490848 -0.06490703 -0.06491742 -0.046859205 0.002721861 -0.029602721 -0.03831852
0.4085 -0.06491424 -0.06490966 -0.06490825 -0.06491846 -0.047014713 0.002017945 -0.0302317 -0.03903037
0.409 -0.06491533 -0.06491083 -0.06490945 -0.06491947 -0.04686059 0.0027156472 -0.029608324 -0.038324803
0.4095 -0.0649164 -0.06491198 -0.06491063 -0.06492048 -0.047013372 0.0020240843 -0.030226246 -0.039024163
0.41 -0.06491746 -0.06491312 -0.06491179 -0.06492147 -0.046861947 0.0027095675 -0.029613778 -0.038330972
0.4105 -0.0649185 -0.06491424 -0.06491294 -0.06492245 -0.047012046 0.0020301044 -0.030220851 -0.03901806
0.411 -0.06491954 -0.06491535 -0.06491408 -0.06492342 -0.046863288 0.0027035475 -0.029619142 -0.038337033
0.4115 -0.06492055 -0.06491644 -0.0649152 -0.06492438 -0.047010735 0.0020360202 -0.030215576 -0.039012063
0.412 -0.06492156 -0.06491752 -0.0649163 -0.06492532 -0.046864577 0.0026976466 -0.029624388 -0.038342986
0.4125 -0.06492255 -0.06491858 -0.06491739 -0.06492626 -0.047009453 0.0020418316 -0.03021036 -0.039006177
0.413 -0.06492353 -0.06491963 -0.06491847 -0.06492718 -0.046865866 0.002691865 -0.029629603 -0.03834884
0.4135 -0.0649245 -0.06492067 -0.06491953 -0.06492809 -0.04700821 0.0020475686 -0.030205294 -0.03900039
0.414 -0.06492545 -0.06492169 -0.06492058 -0.06492899 -0.04686714 0.0026861727 -0.029634729 -0.03835459
0.4145 -0.0649264 -0.0649227 -0.06492161 -0.06492987 -0.047006972 0.0020532012 -0.030200288 -0.038994703
0.415 -0.06492733 -0.0649237 -0.06492263 -0.06493075 -0.046868384 0.0026805997 -0.029639736 -0.038360246
0.4155 -0.06492825 -0.06492468 -0.06492364 -0.06493161 -0.047005758 0.0020587295 -0.03019537 -0.038989123
0.416 -0.06492915 -0.06492565 -0.06492463 -0.06493247 -0.046869606 0.0026750863 -0.029644653 -0.0383658
0.4165 -0.06493005 -0.06492661 -0.06492561 -0.06493331 -0.047004566 0.0020641536 -0.030190542 -0.038983632
0.417 -0.06493093 -0.06492756 -0.06492658 -0.06493414 -0.046870805 0.002669692 -0.029649481 -0.038371254
0.4175 -0.06493181 -0.06492849 -0.06492753 -0.06493496 -0.047003403 0.0020694882 -0.030185804 -0.038978245
0.418 -0.06493267 -0.06492941 -0.06492847 -0.06493578 -0.046871983 0.0026644021 -0.02965425 -0.038376603
0.4185 -0.06493352 -0.06493032 -0.0649294 -0.06493658 -0.04700225 0.0020747185 -0.030181155 -0.038972955
0.419 -0.06493436 -0.06493122 -0.06493032 -0.06493737 -0.046873137 0.0026591867 -0.029658899 -0.038381863
0.4195 -0.06493519 -0.0649321 -0.06493122 -0.06493815 -0.04700113 0.0020798594 -0.030176595 -0.038967762
0.42 -0.06493601 -0.06493298 -0.06493212 -0.06493892 -0.04687427 0.0026540756 -0.029663488 -0.038387027
0.4205 -0.06493682 -0.06493384 -0.064933 -0.06493969 -0.047000013 0.002084881 -0.030172095 -0.038962655
0.421 -0.06493762 -0.06493469 -0.06493387 -0.06494044 -0.04687538 0.0026490688 -0.029667959 -0.038392104
0.4215 -0.06493841 -0.06493553 -0.06493473 -0.06494118 -0.046998918 0.0020898283 -0.030167654 -0.038957626
0.422 -0.06493918 -0.06493636 -0.06493557 -0.06494192 -0.046876475 0.0026441365 -0.02967237 -0.03839709
0.4225 -0.06493995 -0.06493718 -0.06493641 -0.06494264 -0.046997845 0.002094701 -0.030163273 -0.038952693
0.423 -0.06494071 -0.06493799 -0.06493723 -0.06494336 -0.046877548 0.0026392788 -0.02967672 -0.03840199
0.4235 -0.06494146 -0.06493878 -0.06493805 -0.06494406 -0.046996787 0.002099499 -0.030159011 -0.038947843
0.424 -0.0649422 -0.06493957 -0.06493885 -0.06494476 -0.046878606 0.0026345253 -0.029680982 -0.038406808
0.4245 -0.06494293 -0.06494035 -0.06493964 -0.06494545 -0.04699576 0.0021042228 -0.03015481 -0.038943082
0.425 -0.06494365 -0.06494111 -0.06494042 -0.06494613 -0.04687965 0.0026298463 -0.029685184 -0.03841154
0.4255 -0.06494436 -0.06494187 -0.06494119 -0.0649468 -0.04699474 0.0021088421 -0.030150697 -0.038938403
0.426 -0.06494506 -0.06494262 -0.06494196 -0.06494747 -0.04688067 0.0026252419 -0.029689297 -0.038416184
0.4265 -0.06494576 -0.06494335 -0.06494271 -0.06494812 -0.046993747 0.002113387 -0.030146673 -0.03893381
0.427 -0.06494644 -0.06494408 -0.06494345 -0.06494877 -0.046881676 0.0026207268 -0.02969335 -0.038420755
0.4275 -0.06494712 -0.0649448 -0.06494418 -0.06494941 -0.046992764 0.0021178424 -0.03014268 -0.038929287
0.428 -0.06494779 -0.06494551 -0.0649449 -0.06495004 -0.046882644 0.0026162863 -0.029697314 -0.03842524
0.4285 -0.06494845 -0.06494621 -0.06494561 -0.06495066 -0.046991788 0.0021222234 -0.030138746 -0.038924847
0.429 -0.0649491 -0.0649469 -0.06494632 -0.06495128 -0.046883628 0.0026119202 -0.029701218 -0.038429655
0.4295 -0.06494974 -0.06494758 -0.06494701 -0.06495189 -0.04699085 0.0021265447 -0.030134931 -0.03892049
0.43 -0.06495037 -0.06494825 -0.0649477 -0.06495249 -0.046884574 0.0026076287 -0.029705092 -0.038433988
0.4305 -0.064951 -0.06494891 -0.06494837 -0.06495308 -0.046989918 0.0021307766 -0.030131146 -0.038916204
0.431 -0.06495162 -0.06494957 -0.06494904 -0.06495367 -0.046885505 0.0026034266 -0.029708847 -0.038438242
0.4315 -0.06495223 -0.06495021 -0.0649497 -0.06495424 -0.046988994 0.002134949 -0.030127421 -0.03891199
0.432 -0.06495283 -0.06495085 -0.06495035 -0.06495481 -0.04688642 0.002599284 -0.029712543 -0.03844242
0.4325 -0.06495343 -0.06495148 -0.06495099 -0.06495538 -0.0469881 0.002139032 -0.030123785 -0.03890786
0.433 -0.06495401 -0.0649521 -0.06495162 -0.06495593 -0.046887323 0.002595231 -0.029716179 -0.03844652
0.4335 -0.06495459 -0.06495272 -0.06495225 -0.06495648 -0.046987206 0.0021430403 -0.030120179 -0.03890379
0.434 -0.06495517 -0.06495332 -0.06495286 -0.06495703 -0.046888202 0.0025912374 -0.029719725 -0.038450554
0.4345 -0.06495573 -0.06495392 -0.06495347 -0.06495756 -0.04698635 0.002147004 -0.030116662 -0.038899805
0.435 -0.06495629 -0.06495451 -0.06495407 -0.06495809 -0.04688908 0.0025873333 -0.029723272 -0.03845452
0.4355 -0.06495684 -0.06495509 -0.06495466 -0.06495861 -0.0469855 0.0021508932 -0.030113235 -0.038895883
0.436 -0.06495739 -0.06495567 -0.06495525 -0.06495913 -0.04688994 0.0025834888 -0.029726729 -0.038458418
0.4365 -0.06495792 -0.06495624 -0.06495582 -0.06495964 -0.046984665 0.002154708 -0.030109867 -0.038892034
0.437 -0.06495845 -0.0649568 -0.06495639 -0.06496014 -0.04689078 0.0025797188 -0.029730126 -0.038462237
0.4375 -0.06495898 -0.06495735 -0.06495696 -0.06496064 -0.046983838 0.0021584332 -0.0301065 -0.038888257
0.438 -0.06495949 -0.0649579 -0.06495751 -0.06496113 -0.046891592 0.0025759637 -0.029733405 -0.038465984
0.4385 -0.06496 -0.06495843 -0.06495806 -0.06496162 -0.046983026 0.002162069 -0.030103222 -0.038884547
0.439 -0.06496051 -0.06495897 -0.0649586 -0.06496209 -0.046892397 0.0025723279 -0.029736653 -0.03846967
0.4395 -0.06496101 -0.06495949 -0.06495913 -0.06496257 -0.04698223 0.0021656752 -0.030099973 -0.038880896
0.44 -0.0649615 -0.06496001 -0.06495966 -0.06496303 -0.046893194 0.0025687367 -0.029739872 -0.038473297
0.4405 -0.06496198 -0.06496052 -0.06496018 -0.06496349 -0.046981446 0.0021692365 -0.030096814 -0.038877305
0.441 -0.06496246 -0.06496102 -0.06496069 -0.06496395 -0.04689397 0.002565235 -0.02974303 -0.03847686
0.4415 -0.06496293 -0.06496152 -0.0649612 -0.0649644 -0.04698068 0.0021727234 -0.030093715 -0.038873777
0.442 -0.0649634 -0.06496201 -0.06496169 -0.06496484 -0.046894737 0.002561763 -0.0297461 -0.03848036
0.4425 -0.06496386 -0.0649625 -0.06496219 -0.06496528 -0.046979927 0.0021761507 -0.030090675 -0.038870312
0.443 -0.06496432 -0.06496298 -0.06496267 -0.06496571 -0.04689549 0.0025583655 -0.02974917 -0.038483795
0.4435 -0.06496477 -0.06496345 -0.06496315 -0.06496614 -0.046979174 0.0021795183 -0.030087665 -0.038866907
0.444 -0.06496521 -0.06496392 -0.06496363 -0.06496656 -0.046896227 0.0025550127 -0.02975212 -0.03848717
0.4445 -0.06496565 -0.06496438 -0.0649641 -0.06496698 -0.04697846 0.0021828264 -0.030084714 -0.038863562
0.445 -0.06496608 -0.06496483 -0.06496456 -0.06496739 -0.04689695 0.0025517344 -0.02975507 -0.038490497
0.4455 -0.06496651 -0.06496528 -0.06496501 -0.0649678 -0.04697773 0.0021860898 -0.030081794 -0.038860265
0.446 -0.06496693 -0.06496573 -0.06496546 -0.0649682 -0.046897672 0.002548501 -0.029757962 -0.038493756
0.4465 -0.06496735 -0.06496616 -0.06496591 -0.0649686 -0.046977036 0.0021892637 -0.030078962 -0.038857043
0.447 -0.06496776 -0.0649666 -0.06496634 -0.06496899 -0.04689838 0.0025453418 -0.029760823 -0.03849696
0.4475 -0.06496816 -0.06496702 -0.06496678 -0.06496937 -0.046976343 0.0021924078 -0.030076161 -0.038853873
0.448 -0.06496857 -0.06496744 -0.0649672 -0.06496976 -0.046899065 0.0025422275 -0.029763594 -0.0385001
0.4485 -0.06496896 -0.06496786 -0.06496762 -0.06497013 -0.046975665 0.0021954775 -0.03007342 -0.038850762
0.449 -0.06496935 -0.06496827 -0.06496804 -0.0649705 -0.046899736 0.0025391877 -0.029766306 -0.038503192
0.4495 -0.06496974 -0.06496867 -0.06496845 -0.06497087 -0.046975 0.0021985173 -0.030070707 -0.0388477
0.45 -0.06497012 -0.06496907 -0.06496885 -0.06497124 -0.046900406 0.0025361776 -0.029769018 -0.03850623
0.4505 -0.06497049 -0.06496947 -0.06496925 -0.06497159 -0.046974346 0.0022014678 -0.030068055 -0.03884469
0.451 -0.06497087 -0.06496986 -0.06496965 -0.06497195 -0.04690107 0.0025332272 -0.02977167 -0.038509224
0.4515 -0.06497123 -0.06497024 -0.06497004 -0.0649723 -0.046973705 0.0022044033 -0.030065462 -0.03884174
0.452 -0.06497159 -0.06497062 -0.06497042 -0.06497264 -0.04690171 0.0025303215 -0.029774264 -0.03851215
0.4525 -0.06497195 -0.06497099 -0.0649708 -0.06497298 -0.046973065 0.0022072792 -0.030062899 -0.038838834
0.453 -0.06497231 -0.06497136 -0.06497117 -0.06497332 -0.046902344 0.0025274605 -0.029776827 -0.03851504
0.4535 -0.06497265 -0.06497173 -0.06497154 -0.06497365 -0.046972454 0.0022101253 -0.030060396 -0.038835984
0.454 -0.064973 -0.06497209 -0.06497191 -0.06497398 -0.04690297 0.002524659 -0.02977933 -0.03851787
0.4545 -0.06497334 -0.06497244 -0.06497227 -0.0649743 -0.046971843 0.0022129118 -0.030057922 -0.038833182
0.455 -0.06497367 -0.06497279 -0.06497262 -0.06497462 -0.046903573 0.0025219023 -0.029781803 -0.038520645
0.4555 -0.064974 -0.06497314 -0.06497297 -0.06497494 -0.04697124 0.002215609 -0.030055478 -0.03883043
0.456 -0.06497433 -0.06497348 -0.06497332 -0.06497525 -0.04690416 0.0025191903 -0.029784188 -0.038523372
0.4565 -0.06497465 -0.06497382 -0.06497366 -0.06497556 -0.04697065 0.0022182614 -0.030053124 -0.03882774
0.457 -0.06497497 -0.06497415 -0.064974 -0.06497587 -0.046904758 0.0025165677 -0.029786572 -0.038526047
0.4575 -0.06497529 -0.06497448 -0.06497433 -0.06497617 -0.046970084 0.002220869 -0.0300508 -0.038825087
0.458 -0.0649756 -0.06497481 -0.06497466 -0.06497646 -0.046905324 0.002513945 -0.029788867 -0.038528677
0.4585 -0.0649759 -0.06497513 -0.06497498 -0.06497676 -0.046969503 0.002223447 -0.030048445 -0.038822476
0.459 -0.06497621 -0.06497544 -0.0649753 -0.06497705 -0.04690589 0.002511397 -0.029791161 -0.038531266
0.4595 -0.06497651 -0.06497576 -0.06497562 -0.06497733 -0.046968944 0.002225995 -0.03004618 -0.03881991
0.46 -0.0649768 -0.06497607 -0.06497593 -0.06497761 -0.04690645 0.0025088787 -0.029793426 -0.03853381
0.4605 -0.06497709 -0.06497637 -0.06497624 -0.06497789 -0.0469684 0.0022284836 -0.030043975 -0.038817395
0.461 -0.06497738 -0.06497667 -0.06497654 -0.06497817 -0.046907008 0.002506435 -0.029795662 -0.038536306
0.4615 -0.06497767 -0.06497697 -0.06497684 -0.06497844 -0.046967864 0.0022309422 -0.030041829 -0.038814925
0.462 -0.06497795 -0.06497726 -0.06497714 -0.06497871 -0.046907544 0.0025039911 -0.029797837 -0.03853877
0.4625 -0.06497822 -0.06497755 -0.06497743 -0.06497897 -0.046967335 0.0022333413 -0.030039683 -0.038812496
0.463 -0.0649785 -0.06497783 -0.06497772 -0.06497924 -0.04690808 0.0025016218 -0.029799983 -0.038541183
0.4635 -0.06497877 -0.06497812 -0.064978 -0.06497949 -0.04696682 0.0022356808 -0.030037567 -0.038810108
0.464 -0.06497903 -0.06497839 -0.06497829 -0.06497975 -0.046908595 0.0024992824 -0.029802069 -0.038543556
0.4645 -0.0649793 -0.06497867 -0.06497856 -0.06498 -0.0469663 0.0022379905 -0.03003551 -0.038807753
0.465 -0.06497956 -0.06497894 -0.06497884 -0.06498025 -0.046909094 0.0024969727 -0.029804125 -0.03854589
0.4655 -0.06497982 -0.06497921 -0.06497911 -0.0649805 -0.0469658 0.0022402853 -0.030033454 -0.038805436
0.466 -0.06498007 -0.06497947 -0.06497937 -0.06498074 -0.046909593 0.0024947077 -0.029806122 -0.03854818
0.4665 -0.06498032 -0.06497973 -0.06497964 -0.06498098 -0.0469653 0.0022425205 -0.030031458 -0.03880317
0.467 -0.06498057 -0.06497999 -0.0649799 -0.06498122 -0.046910092 0.0024924725 -0.029808149 -0.038550436
0.4675 -0.06498081 -0.06498024 -0.06498015 -0.06498145 -0.046964817 0.0022447407 -0.03002946 -0.03880094
0.468 -0.06498105 -0.06498049 -0.06498041 -0.06498168 -0.04691057 0.0024902523 -0.029810086 -0.038552642
0.4685 -0.06498129 -0.06498074 -0.06498066 -0.06498191 -0.046964332 0.0022468865 -0.030027524 -0.038798746
0.469 -0.06498152 -0.06498099 -0.0649809 -0.06498213 -0.046911046 0.0024881214 -0.029811993 -0.038554806
0.4695 -0.06498176 -0.06498123 -0.06498115 -0.06498236 -0.046963863 0.0022490025 -0.030025646 -0.038796604
0.47 -0.06498199 -0.06498147 -0.06498139 -0.06498258 -0.046911508 0.0024860203 -0.02981387 -0.038556945
0.4705 -0.06498221 -0.0649817 -0.06498163 -0.06498279 -0.046963394 0.0022511184 -0.030023739 -0.038794484
0.471 -0.06498244 -0.06498193 -0.06498186 -0.06498301 -0.046911985 0.002483964 -0.029815778 -0.038559046
0.4715 -0.06498266 -0.06498216 -0.06498209 -0.06498322 -0.046962954 0.0022531897 -0.03002195 -0.03879241
0.472 -0.06498287 -0.06498239 -0.06498232 -0.06498343 -0.046912424 0.0024819076 -0.029817566 -0.038561102
0.4725 -0.06498309 -0.06498261 -0.06498254 -0.06498363 -0.046962515 0.0022552013 -0.030020162 -0.03879037
0.473 -0.0649833 -0.06498283 -0.06498277 -0.06498384 -0.046912864 0.0024799109 -0.029819354 -0.03856313
0.4735 -0.06498351 -0.06498305 -0.06498299 -0.06498404 -0.046962082 0.0022571683 -0.030018404 -0.03878837
0.474 -0.06498372 -0.06498327 -0.0649832 -0.06498424 -0.04691331 0.0024779588 -0.029821113 -0.03856511
0.4745 -0.06498392 -0.06498348 -0.06498342 -0.06498443 -0.04696165 0.0022591203 -0.030016646 -0.038786404
0.475 -0.06498412 -0.06498369 -0.06498363 -0.06498463 -0.046913728 0.0024760216 -0.029822841 -0.038567062
0.4755 -0.06498432 -0.06498389 -0.06498384 -0.06498482 -0.046961233 0.0022610426 -0.030014947 -0.038784474
0.476 -0.06498452 -0.0649841 -0.06498404 -0.06498501 -0.04691416 0.0024741143 -0.02982457 -0.03856898
0.4765 -0.06498471 -0.0649843 -0.06498425 -0.06498519 -0.046960816 0.0022629201 -0.030013278 -0.038782578
0.477 -0.06498491 -0.0649845 -0.06498445 -0.06498538 -0.04691457 0.0024722517 -0.029826209 -0.038570862
0.4775 -0.0649851 -0.06498469 -0.06498464 -0.06498556 -0.046960413 0.002264738 -0.030011639 -0.03878072
0.478 -0.06498528 -0.06498489 -0.06498484 -0.06498574 -0.046914972 0.0024704337 -0.029827848 -0.03857271
0.4785 -0.06498547 -0.06498508 -0.06498503 -0.06498592 -0.04696001 0.0022665411 -0.03001 -0.038778882
0.479 -0.06498565 -0.06498527 -0.06498522 -0.06498609 -0.046915375 0.0024686307 -0.029829457 -0.038574528
0.4795 -0.06498583 -0.06498546 -0.06498541 -0.06498627 -0.046959624 0.0022683293 -0.03000845 -0.03877709
0.48 -0.06498601 -0.06498564 -0.0649856 -0.06498644 -0.046915762 0.0024668574 -0.029831037 -0.038576312
0.4805 -0.06498618 -0.06498582 -0.06498578 -0.06498661 -0.046959236 0.0022700727 -0.03000687 -0.038775325
0.481 -0.06498636 -0.064986 -0.06498596 -0.06498677 -0.046916157 0.002465129 -0.029832616 -0.038578067
0.4815 -0.06498653 -0.06498618 -0.06498614 -0.06498694 -0.046958864 0.0022718012 -0.03000535 -0.038773593
0.482 -0.0649867 -0.06498635 -0.06498632 -0.0649871 -0.04691653 0.0024634302 -0.029834136 -0.038579788
0.4825 -0.06498686 -0.06498653 -0.06498649 -0.06498726 -0.04695849 0.002273485 -0.03000386 -0.038771886
0.483 -0.06498703 -0.0649867 -0.06498666 -0.06498742 -0.04691691 0.0024617463 -0.029835656 -0.038581483
0.4835 -0.06498719 -0.06498687 -0.06498683 -0.06498758 -0.046958126 0.002275154 -0.03000237 -0.038770217
0.484 -0.06498735 -0.06498703 -0.064987 -0.06498773 -0.046917267 0.0024601072 -0.029837117 -0.03858314
0.4845 -0.06498751 -0.0649872 -0.06498716 -0.06498788 -0.04695777 0.0022767633 -0.03000091 -0.038768567
0.485 -0.06498767 -0.06498736 -0.06498733 -0.06498803 -0.046917617 0.0024584979 -0.029838547 -0.038584776
0.4855 -0.06498782 -0.06498752 -0.06498749 -0.06498818 -0.04695742 0.0022783428 -0.02999951 -0.03876695
0.486 -0.06498797 -0.06498768 -0.06498765 -0.06498833 -0.046917975 0.0024569184 -0.029839948 -0.038586386
0.4865 -0.06498812 -0.06498783 -0.0649878 -0.06498847 -0.046957076 0.0022799224 -0.029998109 -0.03876536
0.487 -0.06498827 -0.06498799 -0.06498796 -0.06498862 -0.046918318 0.0024553537 -0.029841378 -0.03858796
0.4875 -0.06498842 -0.06498814 -0.06498811 -0.06498876 -0.046956733 0.002281472 -0.029996738 -0.03876379
0.488 -0.06498857 -0.06498829 -0.06498826 -0.0649889 -0.04691866 0.002453804 -0.02984272 -0.03858952
0.4885 -0.06498871 -0.06498844 -0.06498841 -0.06498904 -0.046956405 0.002282977 -0.029995367 -0.038762264
0.489 -0.06498885 -0.06498858 -0.06498856 -0.06498917 -0.04691899 0.002452314 -0.02984406 -0.038591035
0.4895 -0.06498899 -0.06498873 -0.0649887 -0.06498931 -0.04695607 0.0022844672 -0.029994056 -0.038760755
0.49 -0.06498913 -0.06498887 -0.06498885 -0.06498944 -0.046919316 0.0024508387 -0.029845372 -0.03859253
0.4905 -0.06498926 -0.06498901 -0.06498899 -0.06498957 -0.046955742 0.0022859275 -0.029992744 -0.038759265
0.491 -0.0649894 -0.06498915 -0.06498913 -0.0649897 -0.04691963 0.0024493784 -0.029846653 -0.038594
0.4915 -0.06498953 -0.06498928 -0.06498927 -0.06498983 -0.04695542 0.002287358 -0.029991433 -0.03875781
0.492 -0.06498966 -0.06498942 -0.0649894 -0.06498996 -0.04691995 0.0024479479 -0.029847965 -0.038595453
0.4925 -0.06498979 -0.06498955 -0.06498954 -0.06499008 -0.0469551 0.0022887886 -0.029990152 -0.03875637
0.493 -0.06498992 -0.06498969 -0.06498967 -0.06499021 -0.046920262 0.0024465322 -0.029849216 -0.038596872
0.4935 -0.06499005 -0.06498982 -0.0649898 -0.06499033 -0.046954796 0.0022901744 -0.0299889 -0.038754966
0.494 -0.06499017 -0.06498994 -0.06498993 -0.06499045 -0.04692056 0.0024451464 -0.029850438 -0.03859826
0.4945 -0.06499029 -0.06499007 -0.06499006 -0.06499057 -0.04695449 0.0022915602 -0.029987678 -0.03875358
0.495 -0.06499042 -0.0649902 -0.06499018 -0.06499068 -0.046920866 0.0024437904 -0.02985166 -0.038599636
0.4955 -0.06499054 -0.06499032 -0.06499031 -0.0649908 -0.0469542 0.002292931 -0.029986486 -0.03875222
0.496 -0.06499065 -0.06499044 -0.06499043 -0.06499091 -0.046921156 0.0024424642 -0.029852852 -0.038600978
0.4965 -0.06499077 -0.06499056 -0.06499055 -0.06499103 -0.0469539 0.0022942424 -0.029985294 -0.03875089
0.497 -0.06499089 -0.06499068 -0.06499067 -0.06499114 -0.046921447 0.0024411678 -0.029853985 -0.038602293
0.4975 -0.064991 -0.0649908 -0.06499079 -0.06499125 -0.046953626 0.0022955239 -0.029984161 -0.038749594
0.498 -0.06499111 -0.06499092 -0.06499091 -0.06499136 -0.04692173 0.0024398714 -0.029855177 -0.03860359
0.4985 -0.06499123 -0.06499103 -0.06499102 -0.06499146 -0.046953335 0.0022967905 -0.029983029 -0.038748298
0.499 -0.06499134 -0.06499114 -0.06499114 -0.06499157 -0.046922013 0.0024386048 -0.02985631 -0.038604874
0.4995 -0.06499144 -0.06499126 -0.06499125 -0.06499168 -0.04695306 0.002298057 -0.029981896 -0.03874703
0.5 -0.06499155 -0.06499137 -0.06499136 -0.06499178 -0.04692228 0.002437368 -0.029857412 -0.038606126
