0.0 -0.065 -0.065 -0.065 -0.065 -0.064144515 0.0137781 -0.21046785 -0.05719985
0.0005 -0.06499996 -0.064956 -0.06497186 -0.06499956 -0.06281057 0.004700361 -0.19701871 -0.056549247
0.001 -0.06499953 -0.06477334 -0.06486626 -0.06499726 -0.06159787 -0.0031823851 -0.18500449 -0.05593436
0.0015 -0.06499837 -0.06441743 -0.06468762 -0.064993 -0.06048359 -0.009995701 -0.17421205 -0.055342156
0.002 -0.06499638 -0.06387058 -0.06444336 -0.06498676 -0.059450764 -0.015862128 -0.16446632 -0.054764815
0.0025 -0.06499353 -0.06312317 -0.06413771 -0.06497845 -0.05848319 -0.020863777 -0.15562008 -0.054192655
0.003 -0.0649898 -0.06216973 -0.06377247 -0.06496797 -0.057571396 -0.025108768 -0.14755279 -0.053623818
0.0035 -0.06498515 -0.06100727 -0.06334811 -0.06495521 -0.05670597 -0.02866836 -0.1401654 -0.053054173
0.004 -0.06497954 -0.0596344 -0.06286453 -0.06494004 -0.055878773 -0.031605326 -0.13337162 -0.052480213
0.0045 -0.06497292 -0.05805089 -0.06232148 -0.06492237 -0.055082925 -0.033973716 -0.12709787 -0.051899042
0.005 -0.06496524 -0.0562574 -0.06171862 -0.06490211 -0.054312546 -0.035820417 -0.12128102 -0.051308233
0.0055 -0.06495644 -0.05425532 -0.06105572 -0.06487916 -0.05356262 -0.03718631 -0.11586653 -0.050705757
0.006 -0.06494647 -0.05204659 -0.06033257 -0.06485345 -0.05282881 -0.038107187 -0.11080717 -0.05008991
0.0065 -0.06493527 -0.04963361 -0.05954905 -0.06482491 -0.052107394 -0.03861452 -0.106061794 -0.049459256
0.007 -0.06492281 -0.04701914 -0.05870513 -0.06479346 -0.051395126 -0.038736127 -0.10159442 -0.048812576
0.0075 -0.06490902 -0.04420623 -0.05780082 -0.06475904 -0.050689183 -0.038496636 -0.0973735 -0.04814884
0.008 -0.06489385 -0.04119817 -0.05683621 -0.0647216 -0.049987115 -0.037917994 -0.09337124 -0.04746718
0.0085 -0.06487727 -0.03799839 -0.05581142 -0.0646811 -0.04928676 -0.037019804 -0.0895631 -0.046766855
0.009 -0.06485881 -0.03461025 -0.05472588 -0.06463717 -0.048586223 -0.035819583 -0.08592729 -0.046047233
0.0095 -0.06483335 -0.03103485 -0.05357175 -0.06458733 -0.047885682 -0.034353696 -0.08244403 -0.04531078
0.01 -0.06480492 -0.02727673 -0.0523568 -0.0645341 -0.047182683 -0.032614097 -0.079102784 -0.04455474
0.0105 -0.06477715 -0.02334124 -0.05108652 -0.06447845 -0.046475068 -0.030614981 -0.07588208 -0.043778017
0.011 -0.06475029 -0.01923308 -0.04976123 -0.06442028 -0.045761675 -0.02836799 -0.07276805 -0.04298029
0.0115 -0.06472359 -0.01495639 -0.04838005 -0.06435939 -0.045041475 -0.02588368 -0.06974828 -0.04216128
0.012 -0.06469627 -0.01051498 -0.04694227 -0.06429561 -0.04431358 -0.02317164 -0.0668118 -0.04132077
0.0125 -0.06466776 -0.005912499 -0.04544755 -0.0642288 -0.04357719 -0.02024058 -0.063948646 -0.04045859
0.013 -0.06463613 -0.001147902 -0.04389312 -0.06415797 -0.0428316 -0.017098492 -0.061149895 -0.03957459
0.0135 -0.06459741 0.003761784 -0.04227407 -0.06408182 -0.04207618 -0.013752693 -0.05840744 -0.03866866
0.014 -0.06455668 0.008802049 -0.04060041 -0.06400236 -0.041310377 -0.010209853 -0.05571404 -0.037740707
0.0145 -0.06451604 0.01397232 -0.0388756 -0.0639201 -0.04053369 -0.0064761657 -0.05306305 -0.03679067
0.015 -0.06447555 0.01927677 -0.03709946 -0.06383517 -0.0397457 -0.0025572572 -0.050448626 -0.03581851
0.0155 -0.06443463 0.02471991 -0.03527109 -0.06374741 -0.038946006 0.0015416052 -0.04786533 -0.034824207
0.016 -0.06439263 0.03030451 -0.03338975 -0.06365667 -0.038134288 0.005815616 -0.045308366 -0.033807766
0.0165 -0.06434906 0.0360312 -0.03145509 -0.06356285 -0.037310235 0.010260237 -0.042773217 -0.03276918
0.017 -0.06430359 0.04189878 -0.02946161 -0.06346584 -0.03647359 0.014871379 -0.040255964 -0.031708486
0.0175 -0.06425593 0.04790833 -0.0273646 -0.06336526 -0.035624128 0.019645123 -0.037752986 -0.030625716
0.018 -0.06420578 0.05405648 -0.0252258 -0.06326101 -0.034761667 0.024577854 -0.03526099 -0.029520929
0.0185 -0.06415325 0.06033617 -0.02306239 -0.06315346 -0.03388602 0.029666184 -0.03277701 -0.02839418
0.019 -0.06409846 0.06674122 -0.02086736 -0.06304267 -0.032997057 0.034906954 -0.030298382 -0.02724554
0.0195 -0.06404147 0.07326653 -0.01863183 -0.06292861 -0.03209466 0.040297188 -0.027822599 -0.026075091
0.02 -0.06398226 0.07990782 -0.01634986 -0.06281128 -0.031178739 0.0458341 -0.02534756 -0.024882928
0.0205 -0.06391738 0.08666142 -0.01401423 -0.06269042 -0.030249216 0.051515013 -0.022871241 -0.023669142
0.021 -0.06384751 0.09352387 -0.01162792 -0.06256587 -0.029306028 0.057337463 -0.020391852 -0.022433847
0.0215 -0.06377685 0.1004915 -0.009196598 -0.06243803 -0.028349139 0.06329902 -0.017907739 -0.021177147
0.022 -0.06370613 0.1075612 -0.006720288 -0.06230702 -0.027378522 0.069397405 -0.015417486 -0.01989917
0.0225 -0.06363482 0.1147299 -0.004197845 -0.06217283 -0.026394166 0.07563051 -0.012919769 -0.018600043
0.023 -0.06356227 0.1219952 -0.001628507 -0.06203546 -0.025396071 0.081996195 -0.010413408 -0.017279897
0.0235 -0.06348795 0.1293547 0.0009878855 -0.06189489 -0.02438426 0.08849255 -0.007897317 -0.015938867
0.024 -0.06340533 0.1368066 0.00365665 -0.06174621 -0.023358762 0.09511753 -0.0053706467 -0.014577117
0.0245 -0.06331365 0.1443494 0.006375541 -0.06158894 -0.022319611 0.101869404 -0.0028325617 -0.013194792
0.025 -0.06322048 0.1519807 0.009137396 -0.06142852 -0.021266863 0.108746246 -0.0002823025 -0.011792056
0.0255 -0.06312859 0.1596984 0.01194044 -0.06126678 -0.020200584 0.11574637 0.002280727 -0.010369081
0.026 -0.06303794 0.1675002 0.01478466 -0.06110393 -0.019120827 0.1228681 0.004857123 -0.008926023
0.0265 -0.06294761 0.1753842 0.01767023 -0.06093969 -0.018027682 0.13010964 0.007447347 -0.007463079
0.027 -0.0628566 0.1833485 0.02059708 -0.06077373 -0.01692124 0.13746938 0.010051787 -0.0059804283
0.0275 -0.06276414 0.1913912 0.02356491 -0.06060572 -0.015801571 0.14494585 0.012670875 -0.004478235
0.028 -0.06266968 0.1995107 0.02657324 -0.06043544 -0.014668807 0.1525373 0.015304744 -0.0029567257
0.0285 -0.06257289 0.2077053 0.0296215 -0.06026268 -0.013523057 0.16024211 0.017953724 -0.0014161058
0.029 -0.0624736 0.2159733 0.03270907 -0.06008731 -0.0123644285 0.16805881 0.020617932 0.00014343485
0.0295 -0.0623717 0.224313 0.0358353 -0.05990922 -0.0111930445 0.1759859 0.023297518 0.0017216764
0.03 -0.06226298 0.2327235 0.03900152 -0.05968548 -0.010009043 0.18402174 0.025992543 0.003318403
0.0305 -0.06213469 0.2412052 0.04221118 -0.05942367 -0.008812554 0.19216485 0.028703034 0.004933398
0.031 -0.06199992 0.2497553 0.04545725 -0.05917842 -0.007603742 0.20041364 0.031428963 0.006566409
0.0315 -0.06186761 0.2583711 0.04873676 -0.05895037 -0.0063827336 0.20876661 0.03417033 0.008217219
0.032 -0.06173961 0.2670504 0.05204937 -0.05873474 -0.0051496997 0.21722206 0.036927074 0.009885568
0.0325 -0.06161488 0.2757916 0.05539535 -0.05852728 -0.0039047897 0.22577867 0.039699018 0.011571232
0.033 -0.06149175 0.2845932 0.05877487 -0.05832478 -0.0026481897 0.23443481 0.04248607 0.013273943
0.0335 -0.06136875 0.2934539 0.06218334 -0.05812489 -0.0013800561 0.24318887 0.045288026 0.014993463
0.034 -0.06123666 0.3023704 0.06550821 -0.05792337 -0.00010057539 0.25203928 0.048104703 0.016729493
0.0345 -0.06109269 0.3113388 0.06885667 -0.05771811 0.0011900738 0.2609845 0.050935924 0.018481802
0.035 -0.0609466 0.3203594 0.07228597 -0.05751101 0.0024916902 0.27002287 0.05378133 0.02025007
0.0355 -0.06080256 0.3294334 0.07579358 -0.05730269 0.00380411 0.279153 0.056640744 0.022034083
0.036 -0.06066092 0.3385612 0.07936478 -0.05709293 0.00512708 0.28837284 0.059513807 0.02383348
0.0365 -0.06052066 0.3477427 0.08298604 -0.05688136 0.006460458 0.2976811 0.06240031 0.025648031
0.037 -0.06038057 0.3569771 0.08664753 -0.05666763 0.0078040212 0.3070761 0.0652999 0.027477432
0.0375 -0.06023967 0.3662632 0.09034283 -0.05645145 0.009157538 0.3165561 0.06821212 0.029321361
0.038 -0.06009726 0.3755996 0.09406794 -0.05623262 0.010518119 0.3261123 0.071124196 0.031176616
0.0385 -0.0599529 0.3849852 0.09782048 -0.05601102 0.011893414 0.33577865 0.07406384 0.03305235
0.039 -0.05980632 0.3944184 0.1015991 -0.05578654 0.013278626 0.3455282 0.07701695 0.034942474
0.0395 -0.05965735 0.4038981 0.1054029 -0.05555916 0.01467295 0.35535592 0.07998142 0.03684592
0.04 -0.05950594 0.4134229 0.1092316 -0.05532883 0.016076118 0.36525977 0.08295676 0.038762305
0.0405 -0.05935206 0.4229916 0.1130849 -0.05509557 0.017487854 0.37523773 0.08594242 0.040691268
0.041 -0.0591957 0.432603 0.1169627 -0.05485938 0.01890795 0.3852883 0.08893803 0.0426325
0.0415 -0.05903688 0.4422563 0.1208647 -0.0546203 0.020336151 0.3954095 0.091943175 0.044585664
0.042 -0.05887563 0.4519501 0.1247909 -0.05437835 0.021772213 0.40559953 0.09495723 0.046550404
0.0425 -0.05871196 0.4616837 0.1287411 -0.05413357 0.023215905 0.4158566 0.09797984 0.048526388
0.043 -0.0585459 0.4714561 0.1327152 -0.053886 0.02466698 0.426179 0.10101062 0.0505133
0.0435 -0.05837748 0.4812663 0.1367129 -0.05363567 0.026125155 0.43656456 0.10404897 0.052510742
0.044 -0.05820672 0.4911135 0.140734 -0.05338264 0.027590223 0.4470118 0.10709441 0.05451842
0.0445 -0.05803364 0.5009969 0.1447782 -0.05312694 0.029061913 0.45751876 0.11014646 0.056535963
0.045 -0.05785833 0.5109156 0.1488453 -0.05286861 0.030539975 0.46808335 0.11320475 0.058563013
0.0455 -0.05768083 0.5208689 0.152935 -0.0526077 0.03202413 0.4787037 0.116268575 0.06059918
0.046 -0.05750111 0.530856 0.1570469 -0.05234423 0.033514135 0.48937806 0.11933756 0.062644154
0.0465 -0.05731912 0.540876 0.1611808 -0.05207826 0.035009727 0.5001044 0.12241113 0.06469755
0.047 -0.05713472 0.5509283 0.1653361 -0.05180951 0.03651067 0.5108811 0.1254889 0.066759065
0.0475 -0.05694783 0.5610123 0.1695128 -0.05153798 0.038016677 0.521706 0.12857026 0.068828255
0.048 -0.05675856 0.5711272 0.1737104 -0.05126393 0.03952749 0.5325771 0.13165474 0.070904806
0.0485 -0.05656705 0.5812723 0.1779289 -0.05098755 0.041042864 0.54349256 0.13474181 0.072988346
0.049 -0.05637338 0.5914469 0.1821677 -0.05070891 0.042562515 0.55445045 0.13783103 0.07507853
0.0495 -0.05617761 0.6016505 0.1864266 -0.05042805 0.044086196 0.5654489 0.14092177 0.07717495
0.05 -0.05597974 0.6118824 0.1907053 -0.05014498 0.045624495 0.5765011 0.1440719 0.07928823
0.0505 -0.05577984 0.622055 0.1950023 -0.04986056 0.04726377 0.5877016 0.14776033 0.081503674
0.051 -0.05557832 0.6319842 0.1993105 -0.04957747 0.04889021 0.5985971 0.15154463 0.08368799
0.0515 -0.05537548 0.6416062 0.2036233 -0.04929585 0.05048506 0.60907954 0.15537107 0.08581711
0.052 -0.05517136 0.6508889 0.2079366 -0.04901571 0.052045196 0.6191358 0.15922809 0.08788739
0.0525 -0.05496602 0.659815 0.2122476 -0.04873721 0.053570338 0.62876964 0.16311154 0.089898735
0.053 -0.05475948 0.668375 0.2165543 -0.04846056 0.055060618 0.6379876 0.16701859 0.09185171
0.0535 -0.05455182 0.6765639 0.220855 -0.04818598 0.056516357 0.6467972 0.17094702 0.09374711
0.054 -0.05434312 0.6843792 0.2250937 -0.04791381 0.057937965 0.65520585 0.17489487 0.09558573
0.0545 -0.05413538 0.6918008 0.2287842 -0.04765216 0.0593258 0.6632206 0.17886043 0.09736839
0.055 -0.05393 0.6988223 0.2325043 -0.04739544 0.060680345 0.67084926 0.18284231 0.099096015
0.0555 -0.05372433 0.7054622 0.2364609 -0.04713937 0.062002078 0.67809874 0.18683922 0.100769475
0.056 -0.0535168 0.7117384 0.2406151 -0.04688397 0.063291475 0.6849763 0.19085008 0.10238968
0.0565 -0.05330709 0.7176638 0.2448894 -0.04662981 0.064549044 0.6914893 0.19487393 0.103957534
0.057 -0.05309551 0.7232471 0.2492209 -0.04637746 0.065775335 0.69764465 0.19891006 0.105474025
0.0575 -0.05288249 0.7284946 0.2535683 -0.04612735 0.06697093 0.7034495 0.20295784 0.106940106
0.058 -0.05266846 0.7334114 0.2579073 -0.04587987 0.068136334 0.7089104 0.20701686 0.108356655
0.0585 -0.05245374 0.7380025 0.2622249 -0.04563531 0.069272175 0.7140346 0.21108675 0.10972473
0.059 -0.05223858 0.7422729 0.2665151 -0.04539391 0.07037902 0.7188284 0.21516722 0.11104523
0.0595 -0.05202316 0.7462278 0.2707756 -0.04515587 0.071457416 0.7232985 0.21925813 0.11231911
0.06 -0.0518076 0.7498728 0.2750065 -0.04492134 0.07250805 0.7274517 0.22335947 0.1135474
0.0605 -0.05159201 0.7532139 0.2792088 -0.04469044 0.073531434 0.73129416 0.22747117 0.114730984
0.061 -0.05137647 0.7562573 0.2833839 -0.04446329 0.0745282 0.734832 0.23159337 0.11587082
0.0615 -0.05116104 0.7590095 0.2875332 -0.04423997 0.07549898 0.7380719 0.23572621 0.11696787
0.062 -0.05094579 0.7614768 0.2916584 -0.04402054 0.07644431 0.74101955 0.2398698 0.11802307
0.0625 -0.05073011 0.7636656 0.2957596 -0.04380832 0.07736479 0.7436809 0.24402446 0.1190373
0.063 -0.05051382 0.7655819 0.2998376 -0.04360023 0.07826103 0.7460621 0.24819034 0.12001152
0.0635 -0.0502978 0.7672328 0.3038946 -0.0433947 0.0791336 0.7481686 0.25236782 0.1209466
0.064 -0.0500822 0.7686255 0.3079312 -0.04319483 0.079983085 0.75000614 0.25655717 0.12184343
0.0645 -0.0498666 0.7697662 0.311947 -0.04299985 0.080810055 0.7515803 0.26075885 0.12270288
0.065 -0.04965167 0.7706613 0.3159436 -0.04280708 0.081615075 0.7528965 0.26497316 0.12352584
0.0655 -0.04943793 0.7713173 0.3199219 -0.04261719 0.08239868 0.7539601 0.26920027 0.12431313
0.066 -0.04922548 0.7717405 0.3238821 -0.04243068 0.08316141 0.75477606 0.27344072 0.12506554
0.0665 -0.0490142 0.7719371 0.3278242 -0.04224782 0.083903834 0.75535005 0.27769482 0.125784
0.067 -0.04880394 0.771913 0.3317483 -0.04206877 0.08462642 0.7556866 0.28196275 0.12646917
0.0675 -0.0485946 0.7716739 0.3356543 -0.04189363 0.08532974 0.7557908 0.28624523 0.12712194
0.068 -0.04838612 0.7712255 0.3395424 -0.04172248 0.086014256 0.7556676 0.29054213 0.127743
0.0685 -0.04817849 0.7705732 0.3434126 -0.04155535 0.08668052 0.755322 0.2948541 0.12833323
0.069 -0.04797172 0.7697223 0.347265 -0.04139227 0.087328926 0.75475824 0.29918116 0.12889326
0.0695 -0.04776585 0.768678 0.3510996 -0.04123328 0.08796002 0.7539812 0.30352378 0.12942383
0.07 -0.04756092 0.7674453 0.3549165 -0.04107836 0.0885742 0.7529953 0.3078819 0.12992567
0.0705 -0.04735698 0.766029 0.3587157 -0.04092823 0.08917193 0.751805 0.31225586 0.13039944
0.071 -0.04715485 0.764433 0.3624957 -0.04078833 0.08975364 0.7504148 0.31664574 0.13084581
0.0715 -0.0469544 0.7626618 0.3662569 -0.0406524 0.09031977 0.74882895 0.32105166 0.13126548
0.072 -0.04675484 0.7607206 0.3700011 -0.04051858 0.09087065 0.7470514 0.32547367 0.13165902
0.0725 -0.04655599 0.7586141 0.3737287 -0.04038717 0.09140675 0.7450869 0.32991177 0.13202713
0.073 -0.04635795 0.7563468 0.3774398 -0.04025856 0.09192839 0.7429391 0.33436584 0.13237035
0.0735 -0.04616089 0.7539231 0.3811342 -0.04013305 0.092435956 0.7406122 0.3388359 0.1326893
0.074 -0.04596493 0.7513468 0.3848117 -0.04001087 0.092929825 0.73811054 0.3433218 0.13298458
0.0745 -0.0457702 0.7486221 0.3884725 -0.03989216 0.09341025 0.73543733 0.34782308 0.13325664
0.075 -0.04557676 0.7457525 0.3921164 -0.03977704 0.09387761 0.73259693 0.3523398 0.13350613
0.0755 -0.04538469 0.7427419 0.3957436 -0.03966556 0.09433223 0.72959334 0.35687155 0.13373357
0.076 -0.04519403 0.7395937 0.399354 -0.03955779 0.09477432 0.7264301 0.36141777 0.1339394
0.0765 -0.0450048 0.7363115 0.4029479 -0.03945374 0.095204234 0.72311103 0.36597812 0.13412416
0.077 -0.04481705 0.7328987 0.4065253 -0.03935342 0.09562218 0.7196398 0.37055206 0.13428828
0.0775 -0.0446308 0.7293585 0.4100862 -0.03925684 0.09602842 0.7160201 0.37513888 0.13443226
0.078 -0.04444607 0.7256941 0.4136309 -0.03916399 0.09642318 0.71225554 0.37973815 0.1345565
0.0785 -0.04426289 0.7219088 0.4171594 -0.03907484 0.096806675 0.7083498 0.38434893 0.13466148
0.079 -0.04408127 0.7180055 0.4206718 -0.03898939 0.09717913 0.7043064 0.3889705 0.13474755
0.0795 -0.04390124 0.7139872 0.4241682 -0.03890761 0.09754069 0.70012885 0.393602 0.13481517
0.08 -0.04372281 0.7098568 0.4276488 -0.03882947 0.09789157 0.6958206 0.39824253 0.13486466
0.0805 -0.04354601 0.7056171 0.4311138 -0.03875495 0.09823191 0.69138545 0.40289092 0.13489646
0.081 -0.04337084 0.7012709 0.4345631 -0.03868402 0.09856187 0.6868265 0.40754628 0.13491085
0.0815 -0.04319733 0.6968208 0.437997 -0.03861664 0.09888153 0.68214715 0.41220725 0.13490815
0.082 -0.04302549 0.6922694 0.4414155 -0.03855279 0.099191025 0.6773508 0.41687262 0.13488874
0.0825 -0.04285534 0.6876193 0.4448189 -0.03849243 0.09949048 0.67244107 0.4215411 0.13485289
0.083 -0.04268689 0.6828729 0.4482072 -0.03843553 0.09977998 0.6674211 0.42621142 0.13480093
0.0835 -0.04252016 0.6780326 0.4515805 -0.03838207 0.100059554 0.6622941 0.43088198 0.13473305
0.084 -0.04235515 0.6731008 0.454939 -0.038332 0.100329295 0.6570633 0.4355514 0.13464959
0.0845 -0.04219189 0.6680797 0.4582829 -0.03828529 0.10058926 0.6517323 0.44021797 0.1345508
0.085 -0.04203038 0.6629715 0.4616122 -0.03824192 0.10083948 0.646304 0.44488025 0.13443686
0.0855 -0.04187063 0.6577784 0.4649272 -0.03820185 0.10107994 0.6407817 0.44953632 0.13430803
0.086 -0.04171266 0.6525025 0.4682278 -0.03816504 0.10131067 0.6351684 0.45418453 0.1341645
0.0865 -0.04155647 0.6471458 0.4715144 -0.03813147 0.10153167 0.62946767 0.45882303 0.1340065
0.087 -0.04140207 0.6417103 0.4747869 -0.0381011 0.10174295 0.6236823 0.46344995 0.13383417
0.0875 -0.04124948 0.6361979 0.4780456 -0.03807389 0.10194443 0.6178154 0.46806335 0.13364771
0.088 -0.04109869 0.6306106 0.4812906 -0.03804983 0.102136135 0.6118701 0.4726612 0.13344727
0.0885 -0.04094972 0.6249502 0.484522 -0.03802887 0.102318004 0.6058495 0.47724164 0.13323306
0.089 -0.04080257 0.6192184 0.48774 -0.03801099 0.10248998 0.59975654 0.4818027 0.13300516
0.0895 -0.04065725 0.613417 0.4909447 -0.03799615 0.10265197 0.5935937 0.486342 0.13276367
0.09 -0.04051376 0.6075476 0.4941362 -0.03798432 0.10280396 0.58736485 0.49085772 0.13250878
0.0905 -0.04037211 0.6016121 0.4973148 -0.03797547 0.10294585 0.5810723 0.49534756 0.13224062
0.091 -0.0402323 0.5956118 0.5004804 -0.03796958 0.10307756 0.57471913 0.49980938 0.13195924
0.0915 -0.04009433 0.5895485 0.5036333 -0.0379666 0.103198975 0.5683076 0.50424117 0.13166472
0.092 -0.0399582 0.5834237 0.5067736 -0.03796649 0.10331003 0.5618412 0.50864047 0.13135721
0.0925 -0.03982381 0.5772388 0.5099014 -0.03796914 0.10341063 0.5553223 0.5130054 0.13103677
0.093 -0.03969117 0.5709952 0.513017 -0.03797451 0.103500664 0.5487537 0.51733357 0.13070345
0.0935 -0.03956033 0.5646945 0.5161204 -0.03798265 0.10358003 0.542138 0.52162296 0.13035737
0.094 -0.03943435 0.5583202 0.5184204 -0.03799274 0.10364859 0.5354778 0.5258712 0.12999852
0.0945 -0.03931716 0.551842 0.5204403 -0.03800431 0.103706285 0.5287757 0.53007644 0.12962706
0.095 -0.03920241 0.5452818 0.5228571 -0.03801862 0.103752986 0.522034 0.5342365 0.12924297
0.0955 -0.03908668 0.5386659 0.5256651 -0.0380361 0.10378854 0.51525533 0.538349 0.12884632
0.096 -0.03896948 0.5320111 0.5287283 -0.03805677 0.10381289 0.50844216 0.54241216 0.12843718
0.0965 -0.03885149 0.5253257 0.531925 -0.03808054 0.10382591 0.50159657 0.5464239 0.12801558
0.097 -0.03873363 0.5186123 0.5351733 -0.03810726 0.10382749 0.4947209 0.5503823 0.12758155
0.0975 -0.03861665 0.5118702 0.5384248 -0.03813683 0.10381749 0.4878174 0.5542853 0.12713516
0.098 -0.03850107 0.5050977 0.5416539 -0.03816914 0.103795856 0.48088813 0.5581312 0.1266764
0.0985 -0.03838722 0.4982926 0.5448489 -0.03820412 0.10376246 0.47393534 0.5619181 0.12620537
0.099 -0.03827527 0.4914529 0.5480062 -0.03824167 0.10371724 0.46696115 0.5656442 0.12572211
0.0995 -0.03816523 0.4845768 0.5511264 -0.03828159 0.10366009 0.45996717 0.5693079 0.12522665
0.1 -0.03805709 0.4776633 0.5542118 -0.03832381 0.10007958 0.4745117 0.538849 0.1228583
0.1005 -0.02807899 0.470492 0.5451039 -0.03335732 0.0979514 0.46508873 0.5311214 0.12030627
0.101 -0.01599487 0.462968 0.5351533 -0.02826644 0.096056595 0.45601207 0.52463555 0.1179906
0.1015 -0.008035921 0.4553442 0.5269144 -0.02427336 0.09424226 0.4474735 0.5183376 0.11578292
0.102 -0.002838528 0.4477747 0.5197809 -0.020699 0.092483625 0.4393937 0.51212007 0.11365548
0.1025 0.0009666967 0.4403516 0.5132033 -0.01728971 0.09077573 0.4317494 0.50596565 0.11160223
0.103 0.004103828 0.4331289 0.5068544 -0.01397533 0.08911678 0.42452902 0.49987 0.109620795
0.1035 0.006920867 0.426139 0.5005742 -0.01073183 0.087505475 0.4177225 0.49383086 0.10770936
0.104 0.00956926 0.4194027 0.4942949 -0.007554741 0.085940674 0.41132084 0.4878462 0.10586627
0.1045 0.01212796 0.4129343 0.4879953 -0.004431097 0.08442123 0.40531483 0.48191452 0.10408993
0.105 0.01463625 0.4067443 0.4816739 -0.001355043 0.08294608 0.39969534 0.47603416 0.10237874
0.1055 0.01710034 0.4008401 0.4753349 0.001675829 0.08151415 0.39445376 0.47020376 0.10073121
0.106 0.0195185 0.3952262 0.468971 0.004659455 0.08012442 0.38958126 0.464422 0.09914583
0.1065 0.02190766 0.3899051 0.4626026 0.007598297 0.07877591 0.38506937 0.4586873 0.09762116
0.107 0.02427839 0.384879 0.4562487 0.01049523 0.07746759 0.3809094 0.45299888 0.0961557
0.1075 0.02663079 0.3801486 0.4499173 0.01335193 0.07619859 0.37709343 0.44735563 0.094748154
0.108 0.02896208 0.3757139 0.4436135 0.01616969 0.074967965 0.37361294 0.4417566 0.09339708
0.1085 0.03126967 0.3715735 0.4373416 0.01894965 0.073774904 0.37046036 0.4362012 0.09210132
0.109 0.03355184 0.3677254 0.431106 0.02169294 0.0726185 0.3676277 0.43068844 0.0908595
0.1095 0.03580772 0.3638039 0.4249081 0.02439991 0.07149802 0.36510724 0.4252181 0.08967045
0.11 0.03803637 0.3592317 0.4187236 0.02706846 0.070412666 0.36289135 0.41978967 0.08853294
0.1105 0.04023801 0.3548099 0.4125618 0.02970389 0.06936167 0.36097276 0.41440272 0.08744584
0.111 0.04241361 0.3508904 0.4064462 0.03230823 0.06834434 0.35934404 0.40905708 0.086408034
0.1115 0.04456066 0.347585 0.4003941 0.03487898 0.06736 0.35799825 0.40375268 0.08541846
0.112 0.04666712 0.3448896 0.3944127 0.0374101 0.06640799 0.35692838 0.39848948 0.08447607
0.1125 0.04874479 0.3427526 0.3885084 0.03991182 0.06548771 0.35612744 0.3932677 0.08357985
0.113 0.05080421 0.3411069 0.3826852 0.04238834 0.064598575 0.35558882 0.3880874 0.08272886
0.1135 0.0528479 0.3398858 0.3769441 0.04484065 0.06374003 0.35530612 0.3829491 0.08192217
0.114 0.05487324 0.3390308 0.3712831 0.04726832 0.06291148 0.3552727 0.37785292 0.08115886
0.1145 0.05685422 0.3384935 0.3656829 0.04966044 0.062112495 0.3554822 0.37279963 0.08043806
0.115 0.05880221 0.3382347 0.3601579 0.05201545 0.061342537 0.35592866 0.36778963 0.07975896
0.1155 0.06073652 0.3382257 0.3547204 0.05434649 0.06060122 0.35660583 0.36282378 0.07912077
0.116 0.06266305 0.3384459 0.349373 0.05666068 0.05988805 0.35750788 0.35790265 0.0785227
0.1165 0.06458047 0.3388796 0.3441141 0.05895914 0.05920264 0.35862896 0.35302716 0.07796399
0.117 0.0664855 0.3395155 0.3389417 0.06124159 0.05854462 0.35996348 0.34819806 0.07744397
0.1175 0.06837518 0.3403448 0.333854 0.06350759 0.057913616 0.3615058 0.3434165 0.076961935
0.118 0.0702475 0.3413611 0.3288504 0.06575684 0.05730927 0.36325055 0.3386833 0.07651721
0.1185 0.07210134 0.3425594 0.3239305 0.06798924 0.0567313 0.36519232 0.33399975 0.076109186
0.119 0.07393629 0.3439359 0.3190944 0.07020486 0.056179337 0.3673259 0.32936662 0.07573722
0.1195 0.07575225 0.3454875 0.3143421 0.07240384 0.055653155 0.3696463 0.3247854 0.075400755
0.12 0.07754918 0.3472115 0.3096741 0.07458617 0.055152476 0.37214863 0.32025713 0.075099245
0.1205 0.07932717 0.3491054 0.3050904 0.07675201 0.05467701 0.3748278 0.3157829 0.07483211
0.121 0.08108667 0.3511672 0.3005914 0.07890182 0.054226547 0.37767932 0.31136417 0.07459886
0.1215 0.08282822 0.3533948 0.2961773 0.08103605 0.05380085 0.38069856 0.30700207 0.07439898
0.122 0.08455235 0.3557865 0.2918482 0.08315514 0.053399727 0.3838809 0.30269784 0.07423201
0.1225 0.08625951 0.3583402 0.2876042 0.08525948 0.05302295 0.387222 0.29845285 0.074097455
0.123 0.08795013 0.3610539 0.2834451 0.0873495 0.052670345 0.39071772 0.29426825 0.07399492
0.1235 0.0896246 0.3639254 0.279371 0.08942559 0.0523417 0.39436364 0.2901454 0.0739239
0.124 0.09128331 0.3669524 0.2753816 0.09148817 0.05203685 0.39815593 0.28608537 0.073883995
0.1245 0.09292659 0.3701327 0.2714766 0.09353762 0.051755667 0.40209055 0.28208965 0.07387486
0.125 0.0945548 0.3734639 0.2676557 0.09557432 0.05149793 0.4061637 0.2781592 0.07389605
0.1255 0.09616825 0.3769434 0.2639186 0.09759866 0.05126348 0.41037142 0.27429518 0.07394715
0.126 0.09776726 0.3805689 0.2602648 0.099611 0.05105219 0.41471022 0.27049893 0.07402782
0.1265 0.09935214 0.3843376 0.2566939 0.1016117 0.050863944 0.419177 0.26677144 0.07413778
0.127 0.1009232 0.3882471 0.2532053 0.1036011 0.050698563 0.42376798 0.2631138 0.07427661
0.1275 0.1024806 0.3922948 0.2497985 0.1055753 0.050555885 0.4284798 0.25952685 0.07444395
0.128 0.1040247 0.3964781 0.2464729 0.1075313 0.05043578 0.43330932 0.25601175 0.074639484
0.1285 0.1055554 0.4007942 0.2432278 0.1094786 0.050338104 0.43825346 0.25256926 0.07486288
0.129 0.1070733 0.4052408 0.2400626 0.1114187 0.050262697 0.44330922 0.24920022 0.0751138
0.1295 0.1085786 0.409815 0.2369766 0.1132728 0.050209463 0.4484738 0.24590546 0.07539199
0.13 0.1100715 0.4145145 0.2339691 0.1150595 0.050178207 0.45374423 0.2426857 0.07569708
0.1305 0.1115524 0.4193366 0.2310392 0.1168756 0.050168782 0.4591179 0.23954144 0.076028764
0.131 0.1130099 0.424278 0.228185 0.1187069 0.05018106 0.46459204 0.23647347 0.07638675
0.1315 0.1144385 0.429336 0.2254034 0.1205437 0.050214887 0.47016436 0.23348212 0.07677075
0.132 0.1158559 0.4345086 0.2226965 0.1223932 0.05027008 0.4758323 0.23056781 0.077180445
0.1325 0.1172714 0.4397938 0.2200656 0.1242545 0.050346494 0.48159343 0.22773093 0.077615514
0.133 0.1186857 0.4451896 0.2175102 0.1261231 0.050443932 0.4874455 0.22497168 0.07807568
0.1335 0.1200964 0.4506936 0.2150291 0.127986 0.050562233 0.49338627 0.22229034 0.07856062
0.134 0.1215008 0.4563037 0.2126209 0.1298439 0.050701246 0.49941367 0.21968701 0.07907008
0.1345 0.1228972 0.4620175 0.2102844 0.1317005 0.050860748 0.50552565 0.21716166 0.07960372
0.135 0.1242849 0.4678328 0.2080187 0.1335553 0.051040605 0.5117204 0.21471441 0.0801613
0.1355 0.1256631 0.4737472 0.2058227 0.1353304 0.051240563 0.51799583 0.212345 0.08074246
0.136 0.1270318 0.4797579 0.2036953 0.1370116 0.051460482 0.5243502 0.21005344 0.08134696
0.1365 0.1283908 0.4858632 0.2016358 0.1387314 0.0517001 0.53078157 0.20783934 0.08197445
0.137 0.1297405 0.4920616 0.1996432 0.140491 0.05195923 0.53728837 0.20570233 0.082624614
0.1375 0.1310738 0.4983513 0.1977162 0.1421401 0.052237622 0.54386866 0.20364207 0.08329715
0.138 0.13238 0.5047301 0.1958525 0.1437707 0.05253511 0.5505212 0.20165822 0.08399178
0.1385 0.1336758 0.5111962 0.1940523 0.1454621 0.052851453 0.5572444 0.19975016 0.08470823
0.139 0.1349715 0.5177475 0.1923164 0.1472051 0.053186387 0.5640364 0.19791734 0.08544612
0.1395 0.1362683 0.5243822 0.190644 0.1489843 0.05353971 0.57089615 0.19615921 0.086205184
0.14 0.1375636 0.5310984 0.1890342 0.1507743 0.053911164 0.57782197 0.19447505 0.0869851
0.1405 0.1388533 0.5378942 0.1874857 0.1525756 0.054300465 0.58481246 0.19286397 0.08778551
0.141 0.1401317 0.5447678 0.1859975 0.1543884 0.054707438 0.59186655 0.1913254 0.088606164
0.1415 0.1414014 0.5517177 0.1845683 0.1562083 0.055131763 0.5989827 0.18985838 0.08944671
0.142 0.1426646 0.558742 0.1831974 0.1580319 0.05557318 0.6061596 0.18846202 0.0903068
0.1425 0.1439224 0.5658395 0.181884 0.1598562 0.05603145 0.61339617 0.18713546 0.09118615
0.143 0.145175 0.5730084 0.1806272 0.1616793 0.056506313 0.62069094 0.1858778 0.09208444
0.1435 0.1464214 0.5802473 0.1794263 0.1634993 0.05699747 0.62804294 0.18468794 0.09300132
0.144 0.1476576 0.5875546 0.1782804 0.1653147 0.057504624 0.6354507 0.18356484 0.09393643
0.1445 0.1488866 0.594929 0.1771885 0.1671245 0.05802755 0.64291334 0.18250757 0.09488951
0.145 0.1501109 0.6023689 0.17615 0.1689287 0.05856596 0.6504297 0.18151501 0.0958602
0.1455 0.151331 0.6098729 0.1751639 0.1707269 0.05911953 0.6579985 0.18058604 0.09684816
0.146 0.1525471 0.6174396 0.1742294 0.1725189 0.059688017 0.6656187 0.17971951 0.097853065
0.1465 0.1537589 0.6250677 0.1733459 0.1743046 0.0602711 0.67328924 0.17891431 0.09887457
0.147 0.1549661 0.6327558 0.1725124 0.176084 0.060868517 0.6810089 0.17816931 0.099912345
0.1475 0.1561687 0.6405026 0.1717282 0.1778574 0.061479956 0.6887767 0.17748332 0.10096608
0.148 0.1573665 0.6483069 0.1709925 0.1796248 0.06210515 0.69659156 0.1768552 0.1020354
0.1485 0.1585592 0.6561674 0.1703044 0.1813861 0.06274377 0.70445216 0.17628369 0.10312
0.149 0.1597461 0.6640828 0.1696631 0.1831403 0.063395545 0.71235764 0.1757676 0.10421948
0.1495 0.1609098 0.6720501 0.1690655 0.184867 0.06406018 0.7203068 0.17530578 0.10533357
0.15 0.1620476 0.6800686 0.1685094 0.1865712 0.06474961 0.7283301 0.17495462 0.1064751
0.1505 0.1631629 0.6880509 0.1679946 0.1882597 0.065560296 0.7366541 0.17517924 0.10774711
0.151 0.1642785 0.695813 0.1675165 0.1899464 0.066362694 0.7447297 0.17549539 0.108995765
0.1515 0.1654071 0.7032908 0.16707 0.1916358 0.06714578 0.7524528 0.17589477 0.11020434
0.152 0.1665488 0.7104518 0.1666196 0.1933223 0.06790009 0.7597843 0.17634147 0.1113617
0.1525 0.1676972 0.717268 0.1658922 0.1950063 0.06862418 0.7667212 0.17682815 0.11246629
0.153 0.1688277 0.7237236 0.1652132 0.1966652 0.069318 0.77326936 0.17735112 0.11351846
0.1535 0.1699423 0.7298219 0.1646902 0.1983106 0.06998186 0.779437 0.17790762 0.114518985
0.154 0.171058 0.7355681 0.1642987 0.1999573 0.07061608 0.7852321 0.17849517 0.115468696
0.1545 0.1721806 0.7409665 0.1639931 0.2016072 0.07122098 0.79066235 0.17911124 0.11636837
0.155 0.1733069 0.7460181 0.1637356 0.203244 0.07179698 0.7957361 0.17975363 0.1172189
0.1555 0.1744316 0.7507262 0.1635012 0.2048714 0.07234444 0.8004609 0.18042013 0.118021086
0.156 0.175554 0.7550946 0.1632775 0.2064996 0.07286371 0.80484426 0.18110877 0.1187758
0.1565 0.176674 0.7591269 0.163058 0.20813 0.07335523 0.80889404 0.18181756 0.11948386
0.157 0.1777911 0.7628255 0.1628389 0.2097611 0.07381934 0.8126175 0.18254468 0.12014608
0.1575 0.1789044 0.7661964 0.1626186 0.2113911 0.074256435 0.81602144 0.18328837 0.12076326
0.158 0.1800133 0.7692457 0.1623963 0.2130184 0.0746669 0.81911325 0.18404698 0.12133618
0.1585 0.1811172 0.7719792 0.1621722 0.2146417 0.07505113 0.82189965 0.18481895 0.121865645
0.159 0.1822161 0.7744032 0.1619463 0.21626 0.07540955 0.82438767 0.18560287 0.12235251
0.1595 0.1833097 0.7765237 0.1617189 0.2178727 0.0757425 0.8265838 0.18639731 0.122797504
0.16 0.184398 0.7783471 0.1614904 0.219479 0.076050356 0.82849413 0.18720096 0.123201326
0.1605 0.1854792 0.7798799 0.1612607 0.2210752 0.07633355 0.83012533 0.1880126 0.123564824
0.161 0.1865323 0.7811285 0.1610264 0.2226358 0.076592475 0.8314836 0.18883115 0.12388873
0.1615 0.1875668 0.7820991 0.1607877 0.2241793 0.07682748 0.83257467 0.18965545 0.124173746
0.162 0.188602 0.7827984 0.1605485 0.2257214 0.07703899 0.83340484 0.19048452 0.12442063
0.1625 0.189644 0.7832331 0.1603103 0.2272649 0.07722737 0.83397955 0.19131747 0.12463009
0.163 0.1906919 0.78341 0.1600727 0.2288089 0.07739298 0.8343044 0.1921534 0.12480283
0.1635 0.1917417 0.7833325 0.1598343 0.2303374 0.07753624 0.8343854 0.19299147 0.124939576
0.164 0.19264 0.7830059 0.1595917 0.2318414 0.07765749 0.83422726 0.19383085 0.12504096
0.1645 0.193423 0.7824398 0.1593455 0.2333403 0.077757105 0.8338355 0.19467089 0.12510768
0.165 0.1942851 0.7816418 0.1590973 0.2348412 0.077835515 0.83321553 0.19551092 0.12514043
0.1655 0.1952441 0.780619 0.1588481 0.2363445 0.07789303 0.8323723 0.1963503 0.12513986
0.166 0.1962721 0.7793773 0.1585976 0.2378487 0.07792999 0.8313103 0.19718844 0.12510656
0.1665 0.1973389 0.7779225 0.1583452 0.2393523 0.0779468 0.83003473 0.19802481 0.12504122
0.167 0.1984218 0.7762599 0.1580903 0.2408537 0.0779438 0.8285502 0.19885877 0.12494443
0.1675 0.1994967 0.7743947 0.1578161 0.242344 0.07792136 0.82686156 0.19969004 0.12481688
0.168 0.2005396 0.77233 0.1575048 0.2438082 0.07787982 0.82497305 0.20051816 0.12465909
0.1685 0.2015716 0.7700708 0.1571961 0.2452648 0.0778195 0.82288903 0.20134258 0.124471694
0.169 0.202603 0.7676231 0.1569006 0.2467221 0.07774077 0.82061416 0.20216304 0.1242553
0.1695 0.2036344 0.7649927 0.1566154 0.2481807 0.07764399 0.8181526 0.20297915 0.12401047
0.17 0.2046635 0.7621848 0.1563348 0.2496394 0.07752943 0.8155083 0.20379049 0.12373774
0.1705 0.205688 0.7592043 0.1560544 0.2510965 0.077397466 0.8126856 0.20459682 0.12343773
0.171 0.2067064 0.7560557 0.155771 0.2525509 0.077248394 0.8096882 0.20539784 0.12311092
0.1715 0.2077168 0.7527434 0.1554827 0.2540011 0.077082574 0.8065206 0.2061933 0.12275796
0.172 0.2087188 0.7492715 0.1551885 0.2554463 0.07690032 0.80318624 0.20698291 0.12237933
0.1725 0.2097133 0.745644 0.1548878 0.2568864 0.07670191 0.799689 0.20776644 0.121975556
0.173 0.2107012 0.7418648 0.1545802 0.2583216 0.07648769 0.7960326 0.20854366 0.12154718
0.1735 0.2116832 0.7379378 0.1542658 0.2597515 0.07625793 0.7922208 0.20931429 0.12109466
0.174 0.2126597 0.7338668 0.1539444 0.2611757 0.07601297 0.7882572 0.21007824 0.12061858
0.1745 0.2136308 0.7296555 0.153616 0.2625934 0.07575306 0.784145 0.21083516 0.12011935
0.175 0.2145966 0.7253074 0.1532806 0.2640047 0.075478524 0.7798882 0.21158484 0.119597524
0.1755 0.2155573 0.7208261 0.1529381 0.2654102 0.07518965 0.77549 0.21232724 0.11905356
0.176 0.2165134 0.7162149 0.1525887 0.2668098 0.07488671 0.77095366 0.21306211 0.11848794
0.1765 0.2174648 0.7114772 0.1522321 0.2682036 0.074569955 0.7662825 0.21378914 0.11790107
0.177 0.2184118 0.7066163 0.1518685 0.2695916 0.07423973 0.76148003 0.21450835 0.11729352
0.1775 0.2193546 0.7016352 0.1514978 0.270974 0.073896244 0.7565493 0.21521944 0.11666566
0.178 0.2202933 0.6965371 0.15112 0.2723507 0.07353978 0.7514934 0.21592218 0.11601795
0.1785 0.221228 0.691325 0.150735 0.273722 0.07317062 0.74631584 0.21661642 0.11535086
0.179 0.2221588 0.6860017 0.1503429 0.2750877 0.07278898 0.7410194 0.21730196 0.11466481
0.1795 0.2230856 0.6805702 0.1499434 0.2764479 0.072395146 0.7356072 0.21797872 0.11396021
0.18 0.2240085 0.6750331 0.1495367 0.2778028 0.07198936 0.7300822 0.2186464 0.113237455
0.1805 0.2249276 0.6693931 0.1491226 0.2791522 0.07157184 0.7244473 0.2193048 0.112497
0.181 0.2258428 0.6636529 0.1487012 0.2804964 0.0711429 0.71870583 0.21995378 0.11173928
0.1815 0.2267542 0.657815 0.1482724 0.2818353 0.0707027 0.7128604 0.2205931 0.11096464
0.182 0.2276617 0.6518818 0.1478362 0.283169 0.070251495 0.7069138 0.22122246 0.11017348
0.1825 0.2285655 0.6458558 0.1473925 0.2844976 0.069789484 0.70086884 0.22184163 0.109366134
0.183 0.2294632 0.6397386 0.1469412 0.2858164 0.06931691 0.6947285 0.22245044 0.10854308
0.1835 0.2303316 0.6335293 0.1464775 0.2870939 0.06883401 0.68849546 0.22304857 0.107704654
0.184 0.2311806 0.6272316 0.1460015 0.2883536 0.06834096 0.68217236 0.22363585 0.106851205
0.1845 0.2320317 0.6208492 0.1455186 0.2896157 0.06783798 0.67576224 0.22421193 0.10598314
0.185 0.2328919 0.6143854 0.1450309 0.2908833 0.06732531 0.6692674 0.2247766 0.105100766
0.1855 0.23376 0.6078426 0.1445382 0.2921552 0.06680307 0.66269046 0.2253294 0.10420442
0.186 0.2346328 0.6012208 0.14404 0.2934301 0.066271484 0.6560342 0.22587019 0.10329446
0.1865 0.2355074 0.5945218 0.1435355 0.2947065 0.06573078 0.64930135 0.22639847 0.102371275
0.187 0.2363814 0.5877495 0.1430242 0.2959832 0.06518108 0.64249414 0.22691399 0.10143511
0.1875 0.2372532 0.5809066 0.1425058 0.2972592 0.064622596 0.6356153 0.22741652 0.10048634
0.188 0.2381086 0.5739925 0.1419772 0.298505 0.06405546 0.6286671 0.22790533 0.09952524
0.1885 0.2389153 0.5670062 0.1414047 0.299705 0.0634799 0.6216524 0.22838044 0.09855218
0.189 0.2396949 0.55995 0.1407967 0.3008941 0.06289606 0.6145735 0.22884119 0.09756744
0.1895 0.2404887 0.5528274 0.140198 0.3020955 0.06230405 0.6074326 0.22928718 0.09657128
0.19 0.2413052 0.5456421 0.1396151 0.3033109 0.0617041 0.60023254 0.22971809 0.09556408
0.1905 0.2421394 0.5383969 0.1390422 0.3045374 0.06109628 0.5929753 0.23013332 0.094546035
0.191 0.2429831 0.5310937 0.1384725 0.3057714 0.060480773 0.5856634 0.23053241 0.09351744
0.1915 0.2438295 0.5237338 0.137901 0.3070005 0.05985771 0.5782991 0.23091489 0.0924786
0.192 0.2446745 0.5163185 0.1373244 0.3082152 0.05922725 0.570885 0.23128033 0.0914298
0.1925 0.2455165 0.5088487 0.1367408 0.3094283 0.058589444 0.56342304 0.23162797 0.090371236
0.193 0.2463553 0.5013254 0.1361494 0.3106437 0.057944484 0.5559157 0.23195747 0.08930321
0.1935 0.2471791 0.4937496 0.1355491 0.3118551 0.057292454 0.5483652 0.23226812 0.088225946
0.194 0.2479778 0.4861221 0.1349382 0.3130592 0.056633487 0.5407738 0.23255938 0.08713974
0.1945 0.2487727 0.4784438 0.1343186 0.3142641 0.05596766 0.5331436 0.23283061 0.08604477
0.195 0.2495733 0.4707158 0.1336919 0.3154715 0.055295095 0.52547693 0.23308119 0.0849413
0.1955 0.2503802 0.4629394 0.1330587 0.3166811 0.054615885 0.51777595 0.23331046 0.08382955
0.196 0.2511911 0.4551156 0.1324187 0.3178919 0.053930134 0.5100428 0.23351777 0.082709745
0.1965 0.2520034 0.4472456 0.1317718 0.3191028 0.0532379 0.5022795 0.23370236 0.081582084
0.197 0.2528152 0.4393304 0.1311177 0.3203133 0.052539274 0.49448842 0.23386347 0.080446795
0.1975 0.2536255 0.4313713 0.1304567 0.321523 0.051834315 0.4866714 0.23400038 0.079304025
0.198 0.2544334 0.4233692 0.1297886 0.3227315 0.051123112 0.4788307 0.23411238 0.07815404
0.1985 0.2552386 0.4153231 0.1291136 0.3239382 0.050405726 0.4709683 0.23419863 0.076997
0.199 0.2560405 0.407233 0.1284316 0.3251429 0.049682207 0.4630864 0.23425823 0.07583308
0.1995 0.256839 0.3991022 0.1277426 0.3263453 0.048952624 0.4551869 0.23429045 0.07466248
0.2 0.2576342 0.3909327 0.127047 0.3275415 0.04843992 0.45534313 0.23103538 0.07420133
0.2005 0.2572793 0.3827901 0.125507 0.3178849 0.047188357 0.44657692 0.2283426 0.07249628
0.201 0.2551085 0.374779 0.1231356 0.3079967 0.04585947 0.43754303 0.22532627 0.07070322
0.2015 0.2531026 0.3669825 0.1211716 0.3008322 0.044558905 0.42888272 0.22227025 0.06895986
0.202 0.2516375 0.3594683 0.1196047 0.2948459 0.043301076 0.42066562 0.2192235 0.067283824
0.2025 0.250553 0.3522743 0.118256 0.2893895 0.04208722 0.41289014 0.21619463 0.06567617
0.203 0.2496716 0.3454201 0.1170134 0.2842558 0.04091672 0.40554482 0.21318641 0.06413557
0.2035 0.2488845 0.3389156 0.1158235 0.2793759 0.039788753 0.39861757 0.2102007 0.062660545
0.204 0.248135 0.3327653 0.1146639 0.2747208 0.03870243 0.39209592 0.20723912 0.061249454
0.2045 0.2473961 0.3269706 0.1135255 0.2702735 0.03765692 0.38596827 0.20430326 0.05990081
0.205 0.2466555 0.321531 0.1124055 0.2660207 0.036651403 0.38022333 0.20139456 0.058613162
0.2055 0.2459078 0.3164444 0.1113031 0.2619512 0.035685085 0.3748499 0.19851452 0.057385053
0.206 0.245151 0.3117076 0.1102183 0.2580547 0.034757204 0.36983734 0.19566453 0.05621511
0.2065 0.2443848 0.3073164 0.1091517 0.2543216 0.033866987 0.36517516 0.19284585 0.055101972
0.207 0.2436093 0.3032659 0.1081038 0.2507431 0.033013724 0.36085343 0.19005978 0.05404434
0.2075 0.2428252 0.2995507 0.107075 0.2473109 0.0321967 0.35686252 0.18730742 0.05304094
0.208 0.2420331 0.2961649 0.1060659 0.2440171 0.03141523 0.35319304 0.18459004 0.05209058
0.2085 0.2412339 0.2931022 0.105077 0.2408545 0.030668654 0.349836 0.1819087 0.051192056
0.209 0.2404284 0.2903561 0.1041087 0.2378164 0.029956311 0.34678224 0.17926443 0.050344195
0.2095 0.2396174 0.2879201 0.1031613 0.2348964 0.029277608 0.34402388 0.17665827 0.049545947
0.21 0.2388015 0.2857873 0.1022352 0.2320884 0.028631926 0.34155238 0.17409119 0.04879621
0.2105 0.2379817 0.2839511 0.1013306 0.229387 0.028018646 0.33935994 0.17156392 0.04809391
0.211 0.2371585 0.2824044 0.1004479 0.2267867 0.02743724 0.337439 0.16907758 0.047438104
0.2115 0.2363327 0.2811406 0.09958722 0.2242827 0.026887134 0.3357821 0.16663274 0.04682776
0.212 0.235505 0.2801529 0.09874884 0.2218703 0.026367798 0.33438224 0.16423032 0.04626197
0.2125 0.2346758 0.2794345 0.09793291 0.2195452 0.025878683 0.33323252 0.16187084 0.04573979
0.213 0.2338459 0.278979 0.09713959 0.2173033 0.02541931 0.33232635 0.15955514 0.04526035
0.2135 0.2330159 0.2787797 0.096369 0.2151407 0.024989165 0.33165717 0.1572837 0.044822786
0.214 0.2321861 0.2788304 0.09562127 0.2130538 0.02458778 0.33121902 0.15505716 0.044426266
0.2145 0.2313572 0.2791247 0.09489648 0.2110392 0.02421467 0.33100587 0.15287602 0.04406998
0.215 0.2305296 0.2796564 0.09419472 0.2090937 0.023869403 0.331012 0.15074083 0.043753166
0.2155 0.2297039 0.2804197 0.09351602 0.2072141 0.023551516 0.33123186 0.14865196 0.043475036
0.216 0.2288803 0.2814085 0.09286045 0.2053977 0.023260579 0.3316601 0.14660978 0.043234866
0.2165 0.2280594 0.2826172 0.09222801 0.2036418 0.022996165 0.33229148 0.1446147 0.043031935
0.217 0.2272416 0.2840401 0.09161874 0.2019439 0.022757888 0.3331213 0.14266697 0.04286557
0.2175 0.2264272 0.2856718 0.09103261 0.2003014 0.0225453 0.33414447 0.14076689 0.042735066
0.218 0.2256166 0.287507 0.09046963 0.1987122 0.02235803 0.33535647 0.13891461 0.042639773
0.2185 0.22481 0.2895403 0.08992976 0.197174 0.022195682 0.33675283 0.13711041 0.04257906
0.219 0.224008 0.2917668 0.08941296 0.195685 0.022057883 0.33832914 0.13535434 0.042552296
0.2195 0.2232106 0.2941816 0.08891921 0.1942431 0.021944277 0.34008133 0.1336466 0.042558897
0.22 0.2224183 0.2967798 0.08844842 0.1928465 0.02185449 0.34200555 0.13198718 0.042598274
0.2205 0.2216313 0.2995567 0.08800055 0.1914935 0.021788143 0.34409758 0.13037616 0.04266982
0.221 0.2208498 0.3025078 0.08757552 0.1901824 0.021744922 0.3463538 0.12881353 0.042773005
0.2215 0.2200741 0.3056287 0.08717324 0.1889118 0.021724463 0.3487707 0.12729919 0.042907286
0.222 0.2193044 0.3089149 0.08679362 0.1876801 0.021726415 0.35134453 0.1258331 0.043072093
0.2225 0.2185409 0.3123625 0.08643658 0.1864859 0.02175048 0.35407215 0.12441519 0.043266956
0.223 0.2177838 0.3159671 0.08610199 0.1853279 0.021796301 0.35695013 0.123045266 0.04349133
0.2235 0.2170333 0.319725 0.08578976 0.1842049 0.021863587 0.35997546 0.121723235 0.043744747
0.224 0.2162896 0.3236321 0.08549977 0.1831156 0.021951966 0.36314481 0.12044874 0.044026684
0.2245 0.2155528 0.3276848 0.08523189 0.1820589 0.02206117 0.3664554 0.11922169 0.04433668
0.225 0.2148231 0.3318794 0.084986 0.1810337 0.022190869 0.36990428 0.11804178 0.04467428
0.2255 0.2141006 0.3362123 0.08476196 0.1800389 0.022340797 0.37348884 0.11690882 0.045039054
0.226 0.2133855 0.34068 0.08455965 0.1790736 0.022510618 0.37720624 0.115822405 0.045430515
0.2265 0.2126778 0.3452791 0.08437891 0.1781369 0.022700049 0.38105375 0.114782274 0.045848224
0.227 0.2119777 0.3500065 0.0842196 0.1772277 0.022908777 0.38502896 0.11378807 0.046291765
0.2275 0.2112852 0.3548588 0.08408157 0.1763454 0.023136549 0.38912946 0.11283934 0.046760727
0.228 0.2106006 0.359833 0.08396468 0.1754889 0.023383029 0.39335257 0.111935765 0.04725464
0.2285 0.2099237 0.364926 0.08386876 0.1746576 0.023647964 0.3976962 0.11107695 0.04777314
0.229 0.2092548 0.370135 0.08379365 0.1738508 0.023931071 0.4021579 0.11026248 0.048315834
0.2295 0.2085939 0.375457 0.0837392 0.1730675 0.024232067 0.40673566 0.109491825 0.048882294
0.23 0.2079411 0.3808892 0.08370524 0.1723073 0.024550699 0.41142726 0.10876465 0.04947217
0.2305 0.2072963 0.3864289 0.0836916 0.1715694 0.024886675 0.41623047 0.10808045 0.050085057
0.231 0.2066597 0.3920735 0.08369811 0.1708531 0.025239728 0.4211434 0.10743874 0.050720576
0.2315 0.2060313 0.3978205 0.0837246 0.170158 0.02560959 0.4261639 0.10683897 0.05137835
0.232 0.2054111 0.4036672 0.08377091 0.1694833 0.025996 0.43129 0.106280744 0.052058022
0.2325 0.2047992 0.4096113 0.08383685 0.1688286 0.026398703 0.43652 0.105763435 0.05275924
0.233 0.2041956 0.4156503 0.08392224 0.1681933 0.026817441 0.4418518 0.10528663 0.053481627
0.2335 0.2036003 0.4217821 0.08402693 0.1675768 0.027251936 0.44728357 0.104849756 0.054224838
0.234 0.2030133 0.4280043 0.08415071 0.1669787 0.027701959 0.45281363 0.10445225 0.054988522
0.2345 0.2024346 0.4343147 0.08429342 0.1663985 0.028167225 0.45844004 0.10409358 0.05577233
0.235 0.2018642 0.4407111 0.08445487 0.1658358 0.028647527 0.46416125 0.103773266 0.056575958
0.2355 0.2013022 0.4471916 0.08463489 0.16529 0.029142573 0.46997535 0.10349062 0.057399
0.236 0.2007485 0.4537541 0.08483329 0.1647608 0.029652163 0.47588092 0.10324523 0.058241207
0.2365 0.2002031 0.4603966 0.08504988 0.1642478 0.030176021 0.48187613 0.10303646 0.059102196
0.237 0.199666 0.4671172 0.0852845 0.1637505 0.030713908 0.48795924 0.10286385 0.05998164
0.2375 0.1991372 0.473914 0.08553695 0.1632686 0.03126557 0.4941287 0.1027267 0.060879212
0.238 0.1986167 0.4807852 0.08580705 0.1628017 0.031830803 0.5003831 0.102624536 0.061794627
0.2385 0.1981044 0.4877291 0.08609461 0.1623494 0.032409355 0.5067207 0.102556735 0.062727556
0.239 0.1976003 0.4947438 0.08639946 0.1619114 0.033000953 0.5131399 0.10252279 0.06367764
0.2395 0.1971045 0.5018277 0.08672142 0.1614874 0.03360544 0.5196394 0.102522194 0.064644635
0.24 0.1966168 0.5089792 0.08706029 0.161077 0.034222513 0.5262174 0.10255426 0.065628186
0.2405 0.1961372 0.5161967 0.08741591 0.1606799 0.03485197 0.5328725 0.102618456 0.06662798
0.241 0.1956658 0.5234785 0.08778807 0.1602959 0.035493575 0.5396033 0.10271424 0.06764373
0.2415 0.1952024 0.5308233 0.08817661 0.1599246 0.03614711 0.5464082 0.10284108 0.06867513
0.242 0.194747 0.5382294 0.08858134 0.1595658 0.036812343 0.55328584 0.102998376 0.06972191
0.2425 0.1942996 0.5456955 0.08900209 0.1592191 0.037489057 0.5602348 0.10318565 0.070783734
0.243 0.1938601 0.5532202 0.08943866 0.1588843 0.03817702 0.5672534 0.10340232 0.07186031
0.2435 0.1934285 0.560802 0.08989089 0.1585612 0.038876027 0.5743405 0.10364783 0.07295138
0.244 0.1930048 0.5684397 0.09035859 0.1582495 0.03958586 0.58149475 0.10392165 0.074056625
0.2445 0.1925889 0.5761319 0.09084159 0.1579489 0.040306285 0.5887145 0.10422325 0.07517575
0.245 0.1921807 0.5838773 0.09133971 0.1576593 0.041037068 0.59599817 0.10455209 0.076308474
0.2455 0.1917802 0.5916748 0.09185277 0.1573804 0.041778028 0.6033447 0.10490763 0.07745451
0.246 0.1913873 0.5995232 0.0923806 0.1571119 0.042528942 0.61075264 0.10528937 0.078613564
0.2465 0.191002 0.6074212 0.09292302 0.1568537 0.043289587 0.6182205 0.1056968 0.07978538
0.247 0.1906243 0.6153676 0.09347987 0.1566056 0.04405977 0.6257471 0.10612938 0.08096966
0.2475 0.190254 0.6233615 0.09405096 0.1563673 0.04483927 0.63333094 0.106586576 0.08216612
0.248 0.1898911 0.6314017 0.09463614 0.1561386 0.045627885 0.64097077 0.10706794 0.083374515
0.2485 0.1895356 0.639487 0.09523522 0.1559194 0.046425387 0.6486649 0.10757294 0.08459452
0.249 0.1891874 0.6476166 0.09584804 0.1557095 0.047231592 0.6564123 0.10810107 0.085825875
0.2495 0.1888465 0.6557893 0.09647443 0.1555087 0.048046306 0.6642117 0.108651936 0.087068364
0.25 0.1885127 0.6640043 0.09711424 0.1553167 0.04886932 0.6720616 0.109224975 0.088321656
0.2505 0.1881877 0.6721735 0.09776743 0.1551552 0.049803406 0.68021256 0.11031091 0.089696065
0.251 0.1878804 0.6801129 0.09843292 0.1550593 0.050729036 0.68812126 0.11148375 0.09104736
0.2515 0.1875942 0.6877588 0.09910459 0.1550154 0.051625326 0.69565827 0.11268896 0.09234817
0.252 0.1873264 0.695079 0.09977624 0.1550138 0.052488655 0.70280623 0.11391404 0.09359406
0.2525 0.1870746 0.7020563 0.1004437 0.1550501 0.053318545 0.7095687 0.11515409 0.094784796
0.253 0.1868373 0.7086809 0.1011045 0.1551216 0.054115117 0.71595263 0.116405815 0.09592095
0.2535 0.1866134 0.7149474 0.1017567 0.1552267 0.054878682 0.72196615 0.11766648 0.09700334
0.254 0.1864027 0.7208536 0.1023992 0.1553635 0.055609547 0.72761697 0.11893356 0.0980327
0.2545 0.1862046 0.7263992 0.1030308 0.1555305 0.056308046 0.7329129 0.12020463 0.09900986
0.255 0.1860191 0.7315858 0.1036506 0.1557265 0.05697456 0.73786163 0.12147766 0.09993562
0.2555 0.1858461 0.736416 0.104258 0.1559499 0.057609424 0.74247026 0.12275052 0.10081078
0.256 0.1856853 0.7408937 0.1048522 0.1561996 0.058213085 0.74674666 0.12402153 0.101636216
0.2565 0.1855367 0.7450236 0.1054327 0.1564744 0.058785878 0.7506976 0.12528896 0.1024127
0.257 0.1854001 0.748811 0.105999 0.1567731 0.059328273 0.75433034 0.12655133 0.103141084
0.2575 0.1852754 0.7522616 0.1065506 0.1570947 0.059840634 0.7576517 0.12780726 0.10382217
0.258 0.1851625 0.7553818 0.1070871 0.1574381 0.060323402 0.7606684 0.12905538 0.10445677
0.2585 0.1850612 0.7581779 0.1076083 0.1578025 0.060777023 0.76338714 0.13029462 0.105045706
0.259 0.1849715 0.7606569 0.1081137 0.1581869 0.061201915 0.76581436 0.1315239 0.10558981
0.2595 0.1848932 0.7628254 0.1086031 0.1585905 0.06159851 0.76795644 0.13274235 0.10608983
0.26 0.1848261 0.7646906 0.1090763 0.1590124 0.061967254 0.7698193 0.13394907 0.106546596
0.2605 0.1847702 0.7662595 0.109533 0.159452 0.06230861 0.77140945 0.1351434 0.10696091
0.261 0.1847253 0.7675389 0.1099732 0.1599084 0.062622994 0.7727326 0.1363245 0.10733354
0.2615 0.1846912 0.768536 0.1103966 0.160381 0.06291087 0.77379465 0.13749188 0.107665285
0.262 0.1846679 0.7692576 0.1108031 0.1608691 0.06317267 0.7746012 0.13864505 0.1079569
0.2625 0.1846551 0.7697106 0.1111926 0.1613721 0.06340884 0.7751579 0.13978344 0.10820915
0.263 0.1846528 0.7699017 0.111565 0.1618894 0.06361982 0.7754702 0.14090669 0.10842274
0.2635 0.1846608 0.7698376 0.1119203 0.1624205 0.06380604 0.77554333 0.14201444 0.10859847
0.264 0.1846789 0.7695249 0.1122584 0.1629647 0.06396796 0.7753824 0.14310646 0.10873702
0.2645 0.1847071 0.7689698 0.1125792 0.1635217 0.064106 0.77499294 0.14418244 0.108839184
0.265 0.1847451 0.7681788 0.1128828 0.1640909 0.06422055 0.7743793 0.14524207 0.10890557
0.2655 0.1847929 0.7671579 0.113169 0.1646718 0.0643121 0.77354705 0.14628533 0.108936965
0.266 0.1848502 0.765913 0.113438 0.1652641 0.06438105 0.7725005 0.14731205 0.10893403
0.2665 0.184917 0.7644502 0.1136897 0.1658672 0.06442778 0.77124435 0.14832196 0.10889742
0.267 0.1849931 0.762775 0.1139241 0.1664809 0.06445278 0.7697835 0.14931524 0.10882786
0.2675 0.1850784 0.7608931 0.1141413 0.1671046 0.06445639 0.76812226 0.15029165 0.10872595
0.268 0.1851726 0.7588098 0.1143413 0.1677381 0.06443904 0.7662649 0.15125123 0.10859239
0.2685 0.1852758 0.7565306 0.1145241 0.168381 0.06440118 0.7642161 0.15219402 0.10842784
0.269 0.1853877 0.7540604 0.1146899 0.1690329 0.06434317 0.76198 0.15312004 0.1082329
0.2695 0.1855082 0.7514044 0.1148386 0.1696935 0.064265385 0.75956064 0.15402925 0.10800822
0.27 0.1856371 0.7485674 0.1149704 0.1703626 0.064168215 0.7569621 0.15492165 0.10775438
0.2705 0.1857744 0.7455543 0.1150853 0.1710399 0.064052045 0.75418836 0.15579742 0.10747197
0.271 0.1859199 0.7423695 0.1151834 0.1717249 0.06391731 0.75124377 0.15665662 0.107161686
0.2715 0.1860734 0.7390176 0.1152647 0.1724176 0.06376432 0.7481318 0.15749931 0.10682404
0.272 0.1862348 0.7355031 0.1153294 0.1731176 0.06359343 0.74485606 0.1583255 0.10645956
0.2725 0.186404 0.7318301 0.1153776 0.1738247 0.06340507 0.7414208 0.1591354 0.106068954
0.273 0.1865809 0.7280028 0.1154094 0.1745386 0.06319955 0.73782945 0.15992904 0.10565266
0.2735 0.1867653 0.7240252 0.1154248 0.1752591 0.06297724 0.7340857 0.16070655 0.1052113
0.274 0.186957 0.7199013 0.115424 0.1759861 0.06273845 0.7301927 0.161468 0.10474537
0.2745 0.187156 0.7156349 0.1154071 0.1767192 0.06248358 0.7261547 0.1622135 0.10425547
0.275 0.1873622 0.7112296 0.1153742 0.1774583 0.062212944 0.7219745 0.16294327 0.10374208
0.2755 0.1875752 0.7066892 0.1153255 0.1782028 0.06192687 0.71765584 0.16365725 0.103205726
0.276 0.1877948 0.702017 0.1152609 0.1789523 0.06162569 0.71320194 0.16435564 0.10264693
0.2765 0.1880209 0.6972166 0.1151807 0.1797069 0.06130968 0.70861584 0.16503847 0.10206616
0.277 0.1882535 0.6922912 0.1150849 0.1804668 0.060979232 0.70390123 0.16570586 0.10146396
0.2775 0.1884926 0.687244 0.1149735 0.1812319 0.060634643 0.6990612 0.16635793 0.10084082
0.278 0.1887216 0.6820775 0.1148202 0.1819919 0.060276166 0.69409865 0.16699475 0.10019718
0.2785 0.1889458 0.6767936 0.1146399 0.1827482 0.059904158 0.68901694 0.1676164 0.09953356
0.279 0.1891816 0.6713958 0.1144561 0.1835105 0.05951889 0.68381894 0.1682229 0.098850384
0.2795 0.1894327 0.6658879 0.1142711 0.1842814 0.059120655 0.678508 0.16881436 0.09814815
0.28 0.1896975 0.6602733 0.1140813 0.1850607 0.05870974 0.6730867 0.16939083 0.097427264
0.2805 0.1899733 0.6545552 0.1138829 0.1858474 0.05828643 0.66755825 0.16995227 0.096688226
0.281 0.1902578 0.6487363 0.113673 0.1866407 0.05785097 0.6619254 0.17049879 0.09593141
0.2815 0.1905493 0.6428192 0.1134499 0.1874398 0.05740369 0.65619123 0.1710304 0.095157295
0.282 0.1908468 0.6368064 0.1132128 0.1882442 0.056944802 0.6503583 0.17154706 0.09436627
0.2825 0.1911497 0.6307002 0.1129614 0.1890534 0.056474566 0.6444295 0.17204875 0.09355876
0.283 0.1914575 0.624503 0.1126954 0.189867 0.05599326 0.63840777 0.17253548 0.092735186
0.2835 0.19177 0.6182169 0.1124151 0.1906846 0.055501133 0.63229567 0.17300725 0.09189594
0.284 0.1920871 0.6118442 0.1121206 0.191506 0.05499842 0.62609607 0.17346394 0.09104143
0.2845 0.1924088 0.6053869 0.1118122 0.1923311 0.054485366 0.6198116 0.17390552 0.09017205
0.285 0.1927349 0.5988472 0.1114899 0.1931595 0.053962186 0.6134446 0.17433196 0.08928813
0.2855 0.1930655 0.5922271 0.1111542 0.1939912 0.053429134 0.60699826 0.17474306 0.08839013
0.286 0.1934005 0.5855286 0.1108051 0.1948259 0.052886426 0.600475 0.17513874 0.087478384
0.2865 0.1937398 0.5787537 0.1104429 0.1956636 0.052334264 0.593877 0.17551893 0.0865532
0.287 0.1940835 0.5719042 0.1100679 0.1965041 0.051772863 0.5872071 0.17588338 0.08561498
0.2875 0.1944314 0.5649821 0.1096801 0.1973474 0.05120243 0.58046776 0.17623198 0.08466408
0.288 0.1947835 0.5579891 0.1092798 0.1981934 0.050623193 0.57366145 0.1765646 0.08370085
0.2885 0.1951397 0.5509271 0.1088671 0.1990419 0.050035313 0.5667906 0.17688096 0.08272557
0.289 0.1955 0.5437976 0.1084422 0.1998929 0.049439006 0.5598577 0.17718095 0.081738636
0.2895 0.1958642 0.5366025 0.1080054 0.2007463 0.04883443 0.5528651 0.17746413 0.0807403
0.29 0.1962324 0.5293434 0.1075566 0.201602 0.04822178 0.5458152 0.17773044 0.07973096
0.2905 0.1966044 0.5220218 0.1070961 0.20246 0.047601245 0.5387105 0.17797953 0.07871087
0.291 0.1969801 0.5146393 0.106624 0.2033201 0.04697296 0.53155315 0.17821097 0.077680334
0.2915 0.1973596 0.5071974 0.1061405 0.2041824 0.046337135 0.5243456 0.17842466 0.0766397
0.292 0.1977426 0.4996976 0.1056458 0.2050468 0.04569389 0.51708996 0.17862016 0.075589195
0.2925 0.1981292 0.4921413 0.1051399 0.2059132 0.045043394 0.5097888 0.17879707 0.07452914
0.293 0.1985193 0.48453 0.104623 0.2067816 0.044385776 0.502444 0.17895508 0.07345979
0.2935 0.1989126 0.4768649 0.1040953 0.2076518 0.04372123 0.49505824 0.17909384 0.07238148
0.294 0.1993091 0.4691474 0.1035568 0.2085236 0.04304985 0.48763335 0.17921287 0.0712944
0.2945 0.1997087 0.4613789 0.1030077 0.2093972 0.042371772 0.4801716 0.1793117 0.070198834
0.295 0.2001115 0.4535605 0.1024483 0.2102725 0.041687116 0.4726752 0.1793898 0.069095045
0.2955 0.2005174 0.4456934 0.1018785 0.2111495 0.040996015 0.46514636 0.17944679 0.06798327
0.296 0.2009264 0.437779 0.1012985 0.2120282 0.04029858 0.45758712 0.1794821 0.06686376
0.2965 0.2013385 0.4298183 0.1007086 0.2129086 0.039594933 0.44999966 0.17949533 0.06573674
0.297 0.2017536 0.4218124 0.1001087 0.2137906 0.03888516 0.442386 0.17948574 0.06460245
0.2975 0.2021715 0.4137626 0.09949906 0.2146742 0.038169377 0.43474823 0.17945284 0.063461095
0.298 0.2025924 0.4056697 0.0988798 0.2155593 0.037447676 0.42708856 0.17939603 0.062312927
0.2985 0.2030157 0.397535 0.09825099 0.2164456 0.036720127 0.41940874 0.17931473 0.061158102
0.299 0.2034412 0.3893593 0.09761269 0.2173326 0.035986833 0.41171098 0.17920819 0.05999687
0.2995 0.2038689 0.3811437 0.09696505 0.2182207 0.035247877 0.4039973 0.17907584 0.058829416
0.3 0.2042991 0.3728891 0.09630824 0.21911 0.03475763 0.41021866 0.17247611 0.058773044
0.3005 0.1948509 0.3646154 0.09489677 0.2150027 0.033558212 0.40131658 0.17018339 0.057107296
0.301 0.1832649 0.356334 0.09282767 0.2108186 0.032268442 0.39187557 0.16764235 0.0553244
0.3015 0.175796 0.3481012 0.09113727 0.2077799 0.030990764 0.38261056 0.16507488 0.053563755
0.302 0.1710953 0.339967 0.08976349 0.205198 0.029738098 0.37358916 0.16252202 0.05184153
0.3025 0.1677948 0.331959 0.0885499 0.2028143 0.028511606 0.36481327 0.15998963 0.05015889
0.303 0.1651594 0.3240919 0.08740799 0.2005522 0.027310967 0.35627723 0.1574792 0.048515204
0.3035 0.1628446 0.3163737 0.08629723 0.1983877 0.026135668 0.34797424 0.15499133 0.04690956
0.304 0.1606951 0.308809 0.08520047 0.1963113 0.024985202 0.3398978 0.15252662 0.045341063
0.3045 0.1586413 0.3014005 0.08411084 0.1943181 0.023859069 0.33204156 0.15008578 0.04380888
0.305 0.1566512 0.2941494 0.08302584 0.1924044 0.022756748 0.324399 0.1476692 0.042312104
0.3055 0.1547099 0.2870558 0.08194473 0.1905673 0.021677762 0.3169641 0.14527738 0.040849913
0.306 0.15281 0.2801194 0.08086754 0.1888042 0.020621642 0.3097309 0.14291099 0.039421517
0.3065 0.1509476 0.273339 0.07979459 0.1871127 0.019587941 0.30269367 0.1405704 0.038026113
0.307 0.1491207 0.2667131 0.07872626 0.1854903 0.018576205 0.29584676 0.13825613 0.036662962
0.3075 0.147328 0.2602398 0.077663 0.1839348 0.017585978 0.2891847 0.13596854 0.03533126
0.308 0.1455686 0.2539168 0.07660523 0.1824441 0.016616829 0.28270203 0.133708 0.0340303
0.3085 0.1438418 0.2477417 0.07555335 0.1810162 0.015668362 0.2763939 0.131475 0.032759394
0.309 0.1421473 0.241712 0.07450775 0.179649 0.014740147 0.27025494 0.12926978 0.0315178
0.3095 0.1404846 0.2358248 0.07346878 0.1783407 0.013831794 0.2642805 0.12709278 0.030304883
0.31 0.1388534 0.2300774 0.07243678 0.1770894 0.012942903 0.25846577 0.12494415 0.02911995
0.3105 0.1372533 0.2244668 0.07141205 0.1758934 0.012073085 0.25280604 0.12282431 0.027962368
0.311 0.1356841 0.2189901 0.07039488 0.174751 0.01122199 0.2472971 0.1207335 0.026831534
0.3115 0.1341454 0.2136444 0.06938554 0.1736606 0.010389239 0.24193442 0.118671834 0.025726814
0.312 0.1326369 0.2084266 0.06838429 0.1726207 0.00957448 0.23671405 0.116639614 0.024647642
0.3125 0.1311584 0.2033339 0.06739135 0.1716296 0.00877735 0.23163158 0.11463696 0.023593392
0.313 0.1297095 0.1983633 0.06640694 0.1706862 0.007997535 0.22668335 0.11266422 0.022563558
0.3135 0.12829 0.1935119 0.06543127 0.1697888 0.0072346777 0.22186543 0.11072129 0.021557558
0.314 0.1268996 0.188777 0.06446451 0.1689363 0.006488472 0.21717417 0.1088084 0.020574871
0.3145 0.125538 0.1841555 0.06350685 0.1681274 0.005758576 0.21260586 0.10692564 0.019614968
0.315 0.124205 0.1796449 0.06255844 0.1673608 0.0050446987 0.20815714 0.105073065 0.018677343
0.3155 0.1229002 0.1752424 0.06161943 0.1666354 0.0043465197 0.20382465 0.10325065 0.01776151
0.316 0.1216234 0.1709454 0.06068996 0.16595 0.003663741 0.199605 0.10145855 0.01686697
0.3165 0.1203742 0.1667512 0.05977015 0.1653037 0.0029960796 0.19549522 0.099696696 0.015993278
0.317 0.1191524 0.1626574 0.05886013 0.1646953 0.0023432523 0.19149207 0.09796512 0.0151399635
0.3175 0.1179577 0.1586614 0.05795999 0.1641238 0.0017049611 0.1875927 0.09626377 0.014306579
0.318 0.1167899 0.1547609 0.05706983 0.1635883 0.0010809377 0.18379413 0.09459257 0.013492692
0.3185 0.1156485 0.1509534 0.05618974 0.1630878 0.0004709065 0.18009365 0.09295148 0.012697872
0.319 0.1145334 0.1472367 0.0553198 0.1626216 -0.00012537837 0.17648861 0.09134033 0.011921715
0.3195 0.1134443 0.1436086 0.05446008 0.1621886 -0.00070820004 0.17297629 0.08975917 0.011163812
0.32 0.1123808 0.1400668 0.05361064 0.161788 -0.0012777969 0.16955422 0.08820778 0.010423768
0.3205 0.1113427 0.1366092 0.05277153 0.1614192 -0.0018344149 0.16622008 0.086686015 0.009701218
0.321 0.1103297 0.1332338 0.05194282 0.1610812 -0.0023783147 0.16297129 0.08519375 0.00899576
0.3215 0.1093415 0.1299385 0.05112454 0.1607733 -0.0029097274 0.15980574 0.08373082 0.008307051
0.322 0.1083778 0.1267214 0.05031671 0.1604949 -0.0034288876 0.15672109 0.08229706 0.007634718
0.3225 0.1074384 0.1235805 0.04951939 0.1602452 -0.003936015 0.15371527 0.080892265 0.006978426
0.323 0.1065229 0.120514 0.04873258 0.1600235 -0.0044313557 0.15078622 0.07951623 0.0063378327
0.3235 0.1056311 0.1175201 0.04795631 0.1598292 -0.0049151257 0.14793184 0.07816869 0.005712595
0.324 0.1047626 0.114597 0.04719059 0.1596617 -0.0053875446 0.14515024 0.07684949 0.0051023997
0.3245 0.1039173 0.111743 0.04643542 0.1595203 -0.0058488175 0.14243954 0.075558364 0.0045069344
0.325 0.1030948 0.1089564 0.04569081 0.1594045 -0.006299153 0.139798 0.074295044 0.0039258935
0.3255 0.1022949 0.1062356 0.04495676 0.1593136 -0.006738782 0.13722362 0.07305926 0.0033589453
0.326 0.1015172 0.103579 0.04423326 0.1592472 -0.0071678683 0.13471495 0.07185078 0.0028058402
0.3265 0.1007615 0.100985 0.04352031 0.1592046 -0.0075866394 0.1322702 0.07066932 0.0022662655
0.327 0.1000275 0.09845225 0.04281788 0.1591854 -0.007995285 0.1298877 0.06951463 0.0017399378
0.3275 0.09931502 0.09597913 0.04212595 0.1591891 -0.008393995 0.12756602 0.068386346 0.0012265854
0.328 0.09862368 0.09356429 0.04144452 0.1592151 -0.008782946 0.12530354 0.067284316 0.00072595105
0.3285 0.09795325 0.09120632 0.04077354 0.1592629 -0.00916234 0.123098865 0.066208065 0.00023775548
0.329 0.09730346 0.08890388 0.04011299 0.1593322 -0.009532355 0.120950654 0.065157354 -0.00023824349
0.3295 0.09667405 0.08665566 0.03946285 0.1594224 -0.009893164 0.118857354 0.064131886 -0.00070231035
0.33 0.09606475 0.08446037 0.03882307 0.1595331 -0.010244943 0.11681773 0.06313136 -0.0011546761
0.3305 0.0954753 0.08231677 0.03819362 0.159664 -0.010587864 0.11483054 0.062155455 -0.0015955865
0.331 0.09490545 0.08022364 0.03757445 0.1598145 -0.010922089 0.11289446 0.061203778 -0.0020252764
0.3315 0.09435493 0.0781798 0.03696552 0.1599842 -0.011247791 0.11100829 0.06027615 -0.0024439655
0.332 0.09382349 0.0761841 0.0363668 0.1601728 -0.011565134 0.10917087 0.059372127 -0.0028518885
0.3325 0.09331087 0.07423541 0.03577822 0.16038 -0.011874273 0.107381046 0.05849141 -0.0032492615
0.333 0.09281684 0.07233265 0.03519974 0.1606052 -0.012175351 0.105637744 0.057633728 -0.0036362894
0.3335 0.09234113 0.07047475 0.03463131 0.1608482 -0.012468539 0.1039398 0.056798726 -0.0040131845
0.334 0.0918835 0.06866068 0.03407288 0.1611085 -0.01275399 0.10228628 0.055985987 -0.004380163
0.3345 0.09144371 0.06688941 0.03352438 0.161386 -0.01303184 0.10067609 0.055195272 -0.0047374107
0.335 0.09102152 0.06515997 0.03298576 0.1616801 -0.013302237 0.09910825 0.054426253 -0.0050851293
0.3355 0.09061669 0.0634714 0.03245696 0.1619907 -0.013565324 0.09758185 0.053678542 -0.005423516
0.336 0.09022898 0.06182276 0.03193792 0.1623173 -0.013821244 0.096095935 0.052951872 -0.005752746
0.3365 0.08985815 0.06021314 0.03142858 0.1626596 -0.014070138 0.09464958 0.052245855 -0.006073013
0.337 0.08950398 0.05864166 0.03092887 0.1630174 -0.014312126 0.093241915 0.051560253 -0.006384492
0.3375 0.08916623 0.05710744 0.03043873 0.1633904 -0.014547348 0.091872126 0.050894678 -0.0066873543
0.338 0.08884468 0.05560965 0.02995809 0.1637782 -0.014775932 0.09053935 0.0502488 -0.006981775
0.3385 0.0885391 0.05414746 0.02948689 0.1641806 -0.014998011 0.08924277 0.049622327 -0.0072679184
0.339 0.08824928 0.05272007 0.02902505 0.1645973 -0.015213691 0.08798158 0.049014986 -0.007545948
0.3395 0.08797499 0.0513267 0.02857251 0.1650281 -0.0154231265 0.08675499 0.04842642 -0.00781605
0.34 0.08771601 0.04996658 0.0281292 0.1654726 -0.015626412 0.08556242 0.04785621 -0.008078344
0.3405 0.08747213 0.04863898 0.02769505 0.1659307 -0.01582367 0.08440298 0.047304213 -0.008333001
0.341 0.08724313 0.04734317 0.02726998 0.166402 -0.016015008 0.08327605 0.046770066 -0.008580171
0.3415 0.08702882 0.04607844 0.02685392 0.1668863 -0.016200572 0.08218084 0.046253413 -0.008820016
0.342 0.08682897 0.0448441 0.0264468 0.1673834 -0.01638043 0.081116796 0.045754045 -0.009052645
0.3425 0.08664339 0.04363948 0.02604855 0.1678931 -0.016554706 0.08008321 0.045271635 -0.009278223
0.343 0.08647187 0.04246393 0.02565909 0.1684151 -0.016723514 0.079079464 0.044805884 -0.009496883
0.3435 0.08631421 0.0413168 0.02527834 0.1689491 -0.016886964 0.0781049 0.044356465 -0.00970877
0.344 0.08617022 0.04019748 0.02490624 0.1694951 -0.017045148 0.07715896 0.04392308 -0.0099140145
0.3445 0.0860397 0.03910535 0.02454271 0.1700527 -0.01719816 0.07624106 0.04350552 -0.010112725
0.345 0.08592245 0.03803983 0.02418766 0.1706218 -0.017346114 0.07535055 0.043103456 -0.010305058
0.3455 0.08581829 0.03700032 0.02384104 0.1712021 -0.017489098 0.074486986 0.042716652 -0.010491114
0.346 0.08572702 0.03598627 0.02350275 0.1717935 -0.017627213 0.07364966 0.04234481 -0.010671034
0.3465 0.08564847 0.03499713 0.02317272 0.1723957 -0.017760541 0.07283819 0.041987658 -0.01084492
0.347 0.08558244 0.03403235 0.02285088 0.1730086 -0.017889187 0.07205199 0.04164496 -0.011012904
0.3475 0.08552877 0.03309141 0.02253715 0.1736319 -0.018013224 0.07129054 0.04131642 -0.011175092
0.348 0.08548726 0.03217381 0.02223145 0.1742655 -0.01813275 0.07055342 0.041001797 -0.011331588
0.3485 0.08545775 0.03127904 0.02193372 0.1749093 -0.01824785 0.06984 0.040700883 -0.011482518
0.349 0.08544006 0.0304066 0.02164386 0.175563 -0.018358618 0.06914994 0.04041335 -0.011627983
0.3495 0.08543401 0.02955604 0.0213618 0.1762264 -0.01846511 0.06848276 0.04013902 -0.01176808
0.35 0.08543944 0.02872687 0.02108747 0.1768995 -0.018884733 0.0705854 0.036340684 -0.012020431
0.3505 0.08430975 0.02789585 0.019982 0.166745 -0.019441977 0.06853582 0.034077346 -0.012662198
0.351 0.0813784 0.0269826 0.01805131 0.156366 -0.019997329 0.06643064 0.03185764 -0.01330575
0.3515 0.07862563 0.02600579 0.01652784 0.1487141 -0.020540759 0.06434402 0.029700875 -0.013937168
0.352 0.07642694 0.02500033 0.01539736 0.1422448 -0.021071903 0.06227857 0.027607799 -0.014555965
0.3525 0.07462152 0.02398623 0.01447825 0.1363107 -0.021591011 0.06023471 0.025576591 -0.01516233
0.353 0.07303169 0.02297306 0.01365648 0.130705 -0.022098359 0.058212608 0.02360554 -0.015756514
0.3535 0.07154826 0.02196516 0.01287739 0.1253592 -0.022594236 0.056212485 0.021692663 -0.016338773
0.354 0.07011452 0.02096456 0.01211727 0.1202445 -0.023078911 0.054234438 0.019836292 -0.016909335
0.3545 0.06870315 0.01997225 0.01136634 0.1153437 -0.023552649 0.052278645 0.018034667 -0.017468441
0.355 0.06730152 0.01898875 0.01062071 0.1106436 -0.024015717 0.05034525 0.01628603 -0.01801633
0.3555 0.06590405 0.0180144 0.00987887 0.1061329 -0.024468377 0.048434384 0.014588714 -0.018553223
0.356 0.06450848 0.01704938 0.009140304 0.1018009 -0.02491089 0.0465462 0.012941062 -0.019079365
0.3565 0.06311412 0.01609382 0.008404884 0.09763801 -0.025343493 0.0446807 0.011341527 -0.01959496
0.357 0.06172098 0.0151478 0.007672639 0.09363511 -0.025766443 0.042838097 0.009788454 -0.020100236
0.3575 0.06032942 0.01421137 0.006943662 0.08978369 -0.026179977 0.041018367 0.008280382 -0.020595416
0.358 0.05893998 0.01328455 0.00621807 0.0860758 -0.02658432 0.039221577 0.0068158805 -0.021080695
0.3585 0.05755321 0.01236735 0.005495983 0.08250395 -0.026979707 0.03744775 0.0053934455 -0.021556295
0.359 0.05616972 0.01145973 0.004777525 0.07906116 -0.02736637 0.035697 0.0040116757 -0.022022415
0.3595 0.05479008 0.01056169 0.004062812 0.07574084 -0.02774451 0.033969246 0.0026692897 -0.022479255
0.36 0.05341487 0.009673175 0.003351959 0.07253681 -0.028114349 0.03226456 0.0013649017 -0.022927005
0.3605 0.05204462 0.008794143 0.002645072 0.0694433 -0.028476097 0.030582843 9.727478e-05 -0.023365866
0.361 0.05067985 0.007924538 0.001942253 0.06645484 -0.028829962 0.02892412 -0.0011348724 -0.02379603
0.3615 0.04932105 0.007064301 0.0012436 0.06356633 -0.029176135 0.027288316 -0.0023326725 -0.024217665
0.362 0.04796867 0.006213368 0.0005492034 0.06077296 -0.029514793 0.025675377 -0.003497243 -0.02463096
0.3625 0.04662315 0.00537167 -0.0001408518 0.0580702 -0.029846147 0.024085222 -0.004629776 -0.025036093
0.363 0.0452849 0.004539138 -0.0008264848 0.05545381 -0.030170366 0.022517776 -0.005731344 -0.025433242
0.3635 0.0439543 0.003715698 -0.00150762 0.05291977 -0.030487634 0.020972935 -0.0068029463 -0.025822565
0.364 0.04263171 0.002901274 -0.002184188 0.05046431 -0.030798119 0.019450566 -0.007845551 -0.026204236
0.3645 0.04131745 0.00209579 -0.002856122 0.04808389 -0.031101987 0.017950585 -0.008860186 -0.026578408
0.365 0.04001186 0.001299169 -0.003523362 0.04577516 -0.031399406 0.016472822 -0.00984776 -0.026945252
0.3655 0.03871521 0.0005113326 -0.00418585 0.04353495 -0.031690527 0.015017135 -0.010809138 -0.02730491
0.366 0.03742778 -0.0002677985 -0.004843534 0.04136029 -0.031975523 0.013583472 -0.011745334 -0.027657542
0.3665 0.03614983 -0.001038303 -0.005496365 0.03924837 -0.03225452 0.012171527 -0.012657002 -0.028003292
0.367 0.03488159 -0.001800261 -0.0061443 0.03719654 -0.032527678 0.010781234 -0.0135450065 -0.028342303
0.3675 0.03362328 -0.002553752 -0.006787297 0.03520227 -0.03279513 0.009412354 -0.014410123 -0.028674718
0.368 0.03237509 -0.003298855 -0.007425319 0.03326321 -0.033057027 0.008064775 -0.015253127 -0.029000677
0.3685 0.03113722 -0.004035649 -0.008058333 0.03137711 -0.03331349 0.006738214 -0.016074687 -0.029320316
0.369 0.02990983 -0.004764214 -0.008686308 0.02954185 -0.033564657 0.0054325517 -0.01687555 -0.029633766
0.3695 0.02869308 -0.005484629 -0.009309217 0.02775541 -0.03381065 0.0041475426 -0.017656326 -0.029941153
0.37 0.0274871 -0.006196972 -0.009927037 0.02601589 -0.034051586 0.0028830077 -0.018417642 -0.030242598
0.3705 0.02629203 -0.006901321 -0.01053975 0.02432149 -0.0342876 0.0016387012 -0.019160181 -0.030538239
0.371 0.02510798 -0.007597754 -0.01114733 0.02267049 -0.034518793 0.00041443668 -0.019884467 -0.030828182
0.3715 0.02393506 -0.008286348 -0.01174976 0.02106127 -0.03474529 -0.000790054 -0.020591125 -0.03111256
0.372 0.02277335 -0.008967181 -0.01234704 0.01949228 -0.034967195 -0.001974905 -0.021280691 -0.03139147
0.3725 0.02162293 -0.009640328 -0.01293916 0.01796205 -0.035184614 -0.0031404365 -0.021953672 -0.03166504
0.373 0.02048387 -0.01030587 -0.0135261 0.01646921 -0.035397653 -0.0042867903 -0.022610605 -0.031933367
0.3735 0.01935624 -0.01096387 -0.01410786 0.01501241 -0.035606414 -0.0054143015 -0.023251966 -0.032196574
0.374 0.01824008 -0.01161441 -0.01468443 0.0135904 -0.03581099 -0.0065231416 -0.023878202 -0.03245475
0.3745 0.01713543 -0.01225757 -0.01525583 0.01220197 -0.036011476 -0.007613534 -0.024489805 -0.032708004
0.375 0.01604233 -0.01289342 -0.01582204 0.01084599 -0.03620797 -0.008685784 -0.025087178 -0.03295644
0.3755 0.01496079 -0.01352203 -0.01638307 0.009521361 -0.03640056 -0.009740049 -0.025670722 -0.033200152
0.376 0.01389084 -0.01414348 -0.01693892 0.008227041 -0.03658934 -0.0107766185 -0.026240945 -0.033439238
0.3765 0.01283248 -0.01475783 -0.0174896 0.00696204 -0.036774386 -0.011795716 -0.026798144 -0.03367379
0.377 0.01178571 -0.01536517 -0.01803513 0.005725408 -0.03695578 -0.012797574 -0.027342722 -0.033903897
0.3775 0.01075053 -0.01596555 -0.0185755 0.004516242 -0.03713361 -0.013782451 -0.027875021 -0.034129653
0.378 0.009726923 -0.01655905 -0.01911074 0.003333676 -0.03730795 -0.014750609 -0.0283954 -0.034351144
0.3785 0.008714875 -0.01714575 -0.01964085 0.002176881 -0.037478887 -0.015702235 -0.0289042 -0.034568455
0.379 0.007714361 -0.0177257 -0.02016585 0.001045067 -0.03764648 -0.016637588 -0.029401764 -0.034781672
0.3795 0.00672535 -0.01829899 -0.02068575 -6.25245e-05 -0.037810814 -0.017556923 -0.029888362 -0.034990873
0.38 0.00574781 -0.01886567 -0.02120058 -0.00114662 -0.03797195 -0.018460477 -0.03036432 -0.03519614
0.3805 0.0047817 -0.01942582 -0.02171034 -0.002207915 -0.03812996 -0.019348474 -0.030829892 -0.035397552
0.381 0.003826976 -0.01997951 -0.02221506 -0.003247077 -0.038284913 -0.020221153 -0.031285375 -0.03559518
0.3815 0.002883592 -0.02052679 -0.02271476 -0.004264745 -0.038436875 -0.021078734 -0.0317311 -0.03578911
0.382 0.001951493 -0.02106774 -0.02320947 -0.005261534 -0.03858591 -0.021921443 -0.03216727 -0.035979405
0.3825 0.001030625 -0.02160243 -0.0236992 -0.006238033 -0.038732078 -0.022749553 -0.03259413 -0.036166143
0.383 0.0001209274 -0.02213091 -0.02418397 -0.007194809 -0.03887544 -0.023563279 -0.033011913 -0.03634939
0.3835 -0.0007776624 -0.02265325 -0.02466382 -0.008132406 -0.03901606 -0.024362812 -0.03342092 -0.03652922
0.384 -0.001665211 -0.02316953 -0.02513876 -0.009051348 -0.039153993 -0.025148408 -0.033821344 -0.036705695
0.3845 -0.002541787 -0.02367979 -0.02560883 -0.009952138 -0.039289284 -0.025920277 -0.03421335 -0.03687888
0.385 -0.003407463 -0.0241841 -0.02607405 -0.01083526 -0.039422 -0.026678653 -0.034597218 -0.037048843
0.3855 -0.004262312 -0.02468254 -0.02653444 -0.01170118 -0.039552193 -0.02742376 -0.034973085 -0.037215646
0.386 -0.005106413 -0.02517515 -0.02699005 -0.01255036 -0.039679915 -0.02815576 -0.035341278 -0.03737935
0.3865 -0.005939844 -0.025662 -0.02744088 -0.01338321 -0.039805215 -0.028874932 -0.035701856 -0.037540015
0.387 -0.006762687 -0.02614316 -0.02788698 -0.01420016 -0.039928146 -0.02958144 -0.036055073 -0.037697703
0.3875 -0.007575024 -0.02661868 -0.02832838 -0.01500162 -0.04004875 -0.030275559 -0.036401033 -0.037852466
0.388 -0.008376941 -0.02708862 -0.0287651 -0.01578797 -0.04016708 -0.030957399 -0.036740035 -0.038004365
0.3885 -0.009168524 -0.02755304 -0.02919718 -0.01655959 -0.04028318 -0.031627223 -0.037072152 -0.038153455
0.389 -0.009949861 -0.028012 -0.02962464 -0.01731684 -0.0403971 -0.032285236 -0.037397593 -0.038299788
0.3895 -0.01072104 -0.02846556 -0.03004752 -0.01806006 -0.040508874 -0.032931603 -0.037716463 -0.038443416
0.39 -0.01148216 -0.02891379 -0.03046586 -0.01878961 -0.040618557 -0.033566542 -0.038029 -0.0385844
0.3905 -0.0122333 -0.02935672 -0.03087968 -0.0195058 -0.04072619 -0.034190223 -0.03833534 -0.038722783
0.391 -0.01297456 -0.02979443 -0.03128902 -0.02020895 -0.040831797 -0.034802876 -0.038635537 -0.038858615
0.3915 -0.01370603 -0.03022697 -0.03169391 -0.02089937 -0.040935438 -0.035404675 -0.038929775 -0.038991947
0.392 -0.01442781 -0.03065439 -0.03209439 -0.02157736 -0.041037142 -0.03599579 -0.039218232 -0.039122824
0.3925 -0.01513999 -0.03107676 -0.03249048 -0.02224319 -0.041136947 -0.03657645 -0.039500937 -0.03925129
0.393 -0.01584267 -0.03149412 -0.03288223 -0.02289716 -0.041234896 -0.037146784 -0.03977813 -0.0393774
0.3935 -0.01653595 -0.03190653 -0.03326966 -0.02353953 -0.04133102 -0.03770698 -0.040049896 -0.039501194
0.394 -0.01721991 -0.03231405 -0.03365282 -0.02417055 -0.041425362 -0.03825721 -0.040316343 -0.039622717
0.3945 -0.01789467 -0.03271673 -0.03403173 -0.02479049 -0.04151795 -0.03879766 -0.040577605 -0.039742015
0.395 -0.01856031 -0.03311461 -0.03440643 -0.02539958 -0.041608825 -0.0393285 -0.0408338 -0.03985912
0.3955 -0.01921693 -0.03350776 -0.03477696 -0.02599808 -0.04169801 -0.039849907 -0.04108499 -0.039974082
0.396 -0.01986464 -0.03389623 -0.03514336 -0.0265862 -0.041785553 -0.04036197 -0.041331396 -0.040086944
0.3965 -0.02050352 -0.03428007 -0.03550564 -0.02716417 -0.041871473 -0.04086496 -0.041573018 -0.040197738
0.397 -0.02113368 -0.03465932 -0.03586387 -0.02773221 -0.04195581 -0.041358963 -0.041809976 -0.040306505
0.3975 -0.02175522 -0.03503405 -0.03621805 -0.02829053 -0.04203859 -0.04184419 -0.042042404 -0.04041329
0.398 -0.02236823 -0.0354043 -0.03656824 -0.02883934 -0.042119842 -0.042320743 -0.042270362 -0.04051812
0.3985 -0.02297281 -0.03577011 -0.03691447 -0.02937884 -0.042199597 -0.042788804 -0.042493954 -0.04062104
0.399 -0.02356906 -0.03613155 -0.03725678 -0.02990922 -0.04227788 -0.043248504 -0.0427133 -0.04072208
0.3995 -0.02415707 -0.03648866 -0.03759519 -0.03043067 -0.042354725 -0.043700024 -0.042928427 -0.040821277
0.4 -0.02473695 -0.03684148 -0.03792975 -0.03094337 -0.04243016 -0.044143498 -0.043139458 -0.040918663
0.4005 -0.02530714 -0.03719004 -0.03825921 -0.031425 -0.0425015 -0.04458072 -0.043328807 -0.041011896
0.401 -0.02585813 -0.03753406 -0.03857774 -0.03183767 -0.042569302 -0.045003437 -0.043504655 -0.041100964
0.4015 -0.02638657 -0.03787309 -0.0388851 -0.03219488 -0.042633675 -0.045411654 -0.04366763 -0.041185956
0.402 -0.02689485 -0.03820685 -0.03918352 -0.03250638 -0.04269469 -0.045805454 -0.043818206 -0.041266955
0.4025 -0.0273855 -0.03853522 -0.03947452 -0.03277646 -0.042752437 -0.046184972 -0.04395677 -0.041344047
0.403 -0.02786009 -0.03885814 -0.03975886 -0.03300747 -0.042806987 -0.046550296 -0.044083744 -0.0414173
0.4035 -0.0283195 -0.03917558 -0.04003687 -0.03320111 -0.042858414 -0.046901546 -0.04419954 -0.041486796
0.404 -0.02876417 -0.03948753 -0.04030872 -0.03335885 -0.0429068 -0.04723884 -0.044304565 -0.04155261
0.4045 -0.02919435 -0.03979401 -0.04057448 -0.03348204 -0.042952195 -0.047562346 -0.044399038 -0.04161481
0.405 -0.02961019 -0.04009501 -0.04083421 -0.03357196 -0.042994685 -0.047872156 -0.044483438 -0.041673467
0.4055 -0.03001182 -0.04039055 -0.04108793 -0.0336298 -0.043034326 -0.048168436 -0.04455805 -0.041728646
0.406 -0.03039931 -0.04068063 -0.04133569 -0.0336567 -0.043071184 -0.04845132 -0.044623137 -0.041780427
0.4065 -0.03077275 -0.04096527 -0.04157749 -0.03365373 -0.04310532 -0.04872097 -0.04467903 -0.041828867
0.407 -0.03113147 -0.0412432 -0.04181331 -0.03362055 -0.04313679 -0.048977524 -0.044726014 -0.04187403
0.4075 -0.03147542 -0.0415147 -0.04204304 -0.03355844 -0.043165654 -0.049221158 -0.044764295 -0.04191598
0.408 -0.03180559 -0.04178068 -0.04226685 -0.0334694 -0.043191977 -0.049452007 -0.044794217 -0.041954778
0.4085 -0.0321225 -0.04204162 -0.04248486 -0.03335463 -0.043215793 -0.04967024 -0.044815928 -0.04199048
0.409 -0.03242626 -0.0422977 -0.04269714 -0.03321499 -0.043237172 -0.049876004 -0.044829756 -0.04202316
0.4095 -0.03271685 -0.04254896 -0.04290373 -0.03305127 -0.043256152 -0.05006952 -0.04483582 -0.04205285
0.41 -0.03299426 -0.04279538 -0.04310464 -0.03286419 -0.0432728 -0.05025085 -0.044834465 -0.04207963
0.4105 -0.03325849 -0.04303692 -0.0432999 -0.03265444 -0.043287154 -0.050420202 -0.044825807 -0.042103544
0.411 -0.03350958 -0.04327352 -0.04348952 -0.03242269 -0.043299258 -0.050577797 -0.044810012 -0.042124644
0.4115 -0.0337476 -0.04350514 -0.04367354 -0.03216956 -0.043309152 -0.05072376 -0.044787303 -0.04214298
0.412 -0.03397263 -0.04373174 -0.04385199 -0.03189567 -0.0433169 -0.05085823 -0.044757903 -0.042158615
0.4125 -0.03418476 -0.04395331 -0.0440249 -0.03160159 -0.043322533 -0.050981402 -0.04472193 -0.04217159
0.413 -0.03438412 -0.04416984 -0.04419231 -0.03128789 -0.043326087 -0.051093444 -0.044679537 -0.042181954
0.4135 -0.0345708 -0.04438132 -0.04435424 -0.03095511 -0.04332762 -0.051194504 -0.044630945 -0.04218976
0.414 -0.03474491 -0.04458777 -0.04451074 -0.03060376 -0.043327153 -0.051284745 -0.044576257 -0.04219505
0.4145 -0.03490659 -0.0447892 -0.04466184 -0.03023434 -0.04332474 -0.051364332 -0.04451564 -0.04219787
0.415 -0.03505594 -0.04498564 -0.04480759 -0.02984733 -0.043320406 -0.05143345 -0.044449195 -0.04219827
0.4155 -0.03519308 -0.0451771 -0.04494801 -0.02944319 -0.043314196 -0.051492244 -0.044377103 -0.04219629
0.416 -0.03531813 -0.04536363 -0.04508316 -0.02902236 -0.04330615 -0.05154086 -0.044299483 -0.04219197
0.4165 -0.03543121 -0.04554524 -0.04521307 -0.02858527 -0.043296292 -0.05157946 -0.04421647 -0.042185362
0.417 -0.03553245 -0.04572197 -0.04533778 -0.02813233 -0.04328467 -0.05160822 -0.04412818 -0.0421765
0.4175 -0.03562196 -0.04589387 -0.04545733 -0.02766393 -0.043271296 -0.051627293 -0.04403469 -0.04216543
0.418 -0.03569986 -0.04606095 -0.04557175 -0.02718047 -0.043256223 -0.051636815 -0.04393615 -0.042152185
0.4185 -0.03576629 -0.04622326 -0.04568111 -0.0266823 -0.04323948 -0.05163695 -0.043832704 -0.04213681
0.419 -0.03582135 -0.04638083 -0.04578542 -0.02616978 -0.043221094 -0.051627837 -0.043724403 -0.04211934
0.4195 -0.03586517 -0.0465337 -0.04588474 -0.02564326 -0.04320109 -0.051609643 -0.043611363 -0.04209981
0.42 -0.03589787 -0.04668191 -0.04597911 -0.02510307 -0.04317951 -0.0515825 -0.043493703 -0.04207826
0.4205 -0.03591958 -0.04682549 -0.04606856 -0.02454952 -0.04315637 -0.051546574 -0.043371484 -0.04205473
0.421 -0.03593042 -0.04696448 -0.04615314 -0.02398294 -0.043131717 -0.05150196 -0.043244883 -0.04202925
0.4215 -0.0359305 -0.04709892 -0.04623289 -0.02340362 -0.043105554 -0.05144889 -0.043113843 -0.042001855
0.422 -0.03591995 -0.04722884 -0.04630785 -0.02281184 -0.043077927 -0.05138742 -0.04297857 -0.041972578
0.4225 -0.03589889 -0.04735427 -0.04637807 -0.02220789 -0.04304885 -0.05131776 -0.042839065 -0.041941456
0.423 -0.03586745 -0.04747527 -0.04644358 -0.02159205 -0.04301836 -0.05123999 -0.042695478 -0.041908517
0.4235 -0.03582573 -0.04759186 -0.04650442 -0.02096457 -0.042986482 -0.051154263 -0.04254788 -0.041873798
0.424 -0.03577387 -0.04770408 -0.04656065 -0.0203257 -0.04295323 -0.05106069 -0.04239635 -0.041837327
0.4245 -0.03571198 -0.04781196 -0.04661229 -0.01967571 -0.042918637 -0.05095946 -0.042240903 -0.041799128
0.425 -0.03564019 -0.04791555 -0.0466594 -0.01901482 -0.042882726 -0.050850652 -0.04208167 -0.041759245
0.4255 -0.0355586 -0.04801487 -0.04670201 -0.01834326 -0.042845517 -0.05073443 -0.041918695 -0.0417177
0.426 -0.03546734 -0.04810997 -0.04674016 -0.01766127 -0.042807035 -0.0506109 -0.04175204 -0.04167452
0.4265 -0.03536653 -0.04820088 -0.0467739 -0.01696907 -0.042767297 -0.050480217 -0.041581765 -0.04162974
0.427 -0.03525629 -0.04828763 -0.04680327 -0.01626685 -0.04272634 -0.050342426 -0.041408032 -0.04158338
0.4275 -0.03513672 -0.04837027 -0.0468283 -0.01555483 -0.042684168 -0.050197728 -0.041230768 -0.041535474
0.428 -0.03500795 -0.04844882 -0.04684904 -0.0148332 -0.04264082 -0.050046176 -0.04105015 -0.041486047
0.4285 -0.03487008 -0.04852332 -0.04686553 -0.01410217 -0.042596303 -0.049887933 -0.04086618 -0.041435126
0.429 -0.03472324 -0.04859381 -0.04687781 -0.01336192 -0.04255063 -0.049723133 -0.04067886 -0.04138273
0.4295 -0.03456754 -0.04866033 -0.04688592 -0.01261264 -0.042503837 -0.049551845 -0.040488347 -0.041328892
0.43 -0.03440309 -0.0487229 -0.0468899 -0.0118545 -0.042455938 -0.0493742 -0.040294632 -0.04127363
0.4305 -0.03423 -0.04878158 -0.0468898 -0.01108769 -0.042406954 -0.049190283 -0.040097833 -0.04121698
0.431 -0.03404838 -0.04883639 -0.04688564 -0.01031237 -0.0423569 -0.04900022 -0.03989795 -0.04115896
0.4315 -0.03385834 -0.04888736 -0.04687748 -0.009528703 -0.042305794 -0.04880414 -0.03969501 -0.041099586
0.432 -0.03365999 -0.04893454 -0.04686535 -0.008736859 -0.04225366 -0.04860211 -0.03948915 -0.041038893
0.4325 -0.03345345 -0.04897796 -0.04684929 -0.007936992 -0.042200506 -0.04839424 -0.03928037 -0.040976893
0.433 -0.03323881 -0.04901766 -0.04682934 -0.007129254 -0.042146355 -0.048180655 -0.039068714 -0.040913615
0.4335 -0.03301617 -0.04905361 -0.04680554 -0.006313785 -0.042091217 -0.04796146 -0.038854167 -0.04084908
0.434 -0.03278561 -0.04908581 -0.04677792 -0.005490719 -0.042035118 -0.04773672 -0.038636908 -0.040783305
0.4345 -0.03254724 -0.04911429 -0.04674651 -0.004660197 -0.041978076 -0.047506534 -0.038416907 -0.040716317
0.435 -0.03230117 -0.04913912 -0.04671136 -0.003822361 -0.041920096 -0.047271013 -0.03819421 -0.040648133
0.4355 -0.03204751 -0.04916034 -0.04667251 -0.002977347 -0.041861203 -0.047030225 -0.03796889 -0.040578775
0.436 -0.03178637 -0.04917792 -0.04662985 -0.002125176 -0.041801415 -0.04678428 -0.037740976 -0.04050827
0.4365 -0.03151782 -0.04919188 -0.04658337 -0.001266033 -0.04174073 -0.046533316 -0.037510455 -0.040436618
0.437 -0.03124199 -0.04920234 -0.04653329 -0.0004001358 -0.041679174 -0.046277314 -0.03727743 -0.040363856
0.4375 -0.03095893 -0.04920936 -0.04647965 0.0004724209 -0.041616764 -0.046016455 -0.037041932 -0.040289994
0.438 -0.03066799 -0.04921288 -0.04642153 0.001351672 -0.041553512 -0.045750774 -0.03680399 -0.040215056
0.4385 -0.03036949 -0.04921283 -0.04635986 0.002237581 -0.041489426 -0.045480378 -0.03656362 -0.040139057
0.439 -0.03006403 -0.04920928 -0.04629533 0.003129906 -0.041424535 -0.045205325 -0.036320925 -0.040062018
0.4395 -0.02975189 -0.04920235 -0.04622791 0.004028441 -0.041358836 -0.04492572 -0.03607589 -0.039983947
0.44 -0.02943323 -0.04919215 -0.04615741 0.004933036 -0.041292343 -0.044641674 -0.0358285 -0.03990487
0.4405 -0.02910819 -0.04917877 -0.04608373 0.005843567 -0.04122508 -0.044353217 -0.035578877 -0.039824806
0.441 -0.02877688 -0.04916227 -0.04600678 0.006759921 -0.041157052 -0.044060424 -0.035327047 -0.039743762
0.4415 -0.02843939 -0.04914268 -0.04592657 0.007681926 -0.041088276 -0.043763384 -0.035072982 -0.039661758
0.442 -0.0280958 -0.04912002 -0.0458431 0.008609472 -0.04101876 -0.043462187 -0.034816787 -0.039578818
0.4425 -0.02774617 -0.04909436 -0.04575642 0.009542497 -0.040948514 -0.043156907 -0.034558415 -0.039494947
0.443 -0.02739052 -0.04906572 -0.04566654 0.01048093 -0.040877555 -0.042847596 -0.034297943 -0.039410163
0.4435 -0.02702889 -0.04903417 -0.04557353 0.01142471 -0.040805895 -0.042534314 -0.03403543 -0.039324485
0.444 -0.02666383 -0.04900143 -0.04552054 0.01236624 -0.040733546 -0.04221715 -0.03377089 -0.039237924
0.4445 -0.02629827 -0.04896924 -0.04547174 0.01330245 -0.040660508 -0.041896194 -0.033504277 -0.039150495
0.445 -0.02592881 -0.04893586 -0.04540047 0.01424356 -0.0405868 -0.041571476 -0.033235714 -0.039062217
0.4455 -0.02555265 -0.04889976 -0.04530741 0.01519294 -0.04051244 -0.04124307 -0.0329652 -0.038973097
0.446 -0.02516883 -0.04885965 -0.04519892 0.01614922 -0.04043743 -0.04091105 -0.03269276 -0.038883153
0.4465 -0.0247787 -0.04881383 -0.0450815 0.01710471 -0.040361777 -0.04057549 -0.0324184 -0.038792398
0.447 -0.02438294 -0.04876327 -0.04495884 0.01806498 -0.0402855 -0.04023643 -0.032142207 -0.03870085
0.4475 -0.02398192 -0.0487076 -0.04483357 0.01902662 -0.040208608 -0.039893925 -0.031864166 -0.03860851
0.448 -0.02357646 -0.04864781 -0.04470693 0.01999125 -0.040131107 -0.039548077 -0.031584293 -0.038515404
0.4485 -0.02316515 -0.04858516 -0.04457806 0.02096484 -0.040053006 -0.03919889 -0.03130263 -0.038421534
0.449 -0.02274704 -0.04852024 -0.04444661 0.02194841 -0.039974317 -0.03884647 -0.031019196 -0.03832692
0.4495 -0.02232208 -0.04845325 -0.0443127 0.02294119 -0.039895043 -0.03849086 -0.030734017 -0.038231567
0.45 -0.02189066 -0.04838421 -0.04417651 0.02394207 -0.039815202 -0.03813213 -0.030447096 -0.038135495
0.4505 -0.02145326 -0.04831308 -0.04403822 0.0249501 -0.039734796 -0.037770316 -0.03015846 -0.03803871
0.451 -0.02101033 -0.04823979 -0.0438979 0.02596448 -0.03965384 -0.03740546 -0.029868186 -0.037941225
0.4515 -0.02056219 -0.04816427 -0.04375556 0.02698457 -0.039572343 -0.03703764 -0.029576242 -0.03784305
0.452 -0.02010909 -0.04808648 -0.0436112 0.02800988 -0.03949031 -0.036666892 -0.029282674 -0.0377442
0.4525 -0.01965121 -0.04800637 -0.04346478 0.02904002 -0.03940774 -0.036293298 -0.028987497 -0.037644688
0.453 -0.01918868 -0.04792392 -0.04331625 0.03007465 -0.039324664 -0.035916865 -0.028690755 -0.03754452
0.4535 -0.0187216 -0.0478391 -0.04316558 0.03111353 -0.039241068 -0.035537675 -0.02839239 -0.0374437
0.454 -0.01825005 -0.04775192 -0.04301275 0.03215644 -0.039156973 -0.035155773 -0.028092518 -0.03734225
0.4545 -0.01777409 -0.04766237 -0.04285771 0.03320322 -0.03907238 -0.03477122 -0.027791083 -0.037240177
0.455 -0.01729379 -0.04757046 -0.04270047 0.03425371 -0.0389873 -0.034384005 -0.027488187 -0.03713749
0.4555 -0.0168092 -0.04747621 -0.042541 0.03530781 -0.03890174 -0.033994235 -0.027183771 -0.037034195
0.456 -0.01632039 -0.04737963 -0.04237932 0.0363654 -0.038815703 -0.033601962 -0.02687788 -0.036930308
0.4565 -0.01582739 -0.04728073 -0.04221541 0.03742641 -0.038729206 -0.033207186 -0.026570559 -0.036825832
0.457 -0.01533028 -0.04717954 -0.04204929 0.03849074 -0.038642243 -0.032809965 -0.026261777 -0.036720783
0.4575 -0.0148291 -0.04707609 -0.04188097 0.03955832 -0.038554832 -0.03241034 -0.025951624 -0.036615167
0.458 -0.01432394 -0.04697039 -0.04171046 0.04062905 -0.03846698 -0.03200838 -0.025640056 -0.036508992
0.4585 -0.01381485 -0.04686247 -0.0415378 0.04170287 -0.038378682 -0.03160411 -0.025327101 -0.03640227
0.459 -0.01330185 -0.04675236 -0.04136298 0.04277976 -0.038289957 -0.031197568 -0.025012776 -0.036295004
0.4595 -0.012785 -0.04664007 -0.04118602 0.04385969 -0.038200803 -0.030788785 -0.02469711 -0.03618721
0.46 -0.01226435 -0.04652564 -0.04100695 0.04494262 -0.038111232 -0.030377848 -0.024380103 -0.03607889
0.4605 -0.01173996 -0.04640908 -0.04082578 0.0460285 -0.038021248 -0.029964758 -0.024061784 -0.035970055
0.461 -0.01121181 -0.04618487 -0.04064078 0.04711816 -0.03793086 -0.029549515 -0.023742199 -0.035860714
0.4615 -0.01067978 -0.04588201 -0.04044887 0.04821145 -0.03784007 -0.029132219 -0.023421317 -0.03575087
0.462 -0.01014414 -0.04558212 -0.04025243 0.04930708 -0.037748888 -0.028712878 -0.023099184 -0.03564054
0.4625 -0.009605071 -0.04531647 -0.04005393 0.05040499 -0.037657313 -0.028291536 -0.022775799 -0.035529725
0.463 -0.00906264 -0.04509329 -0.03985476 0.05150528 -0.037565354 -0.027868262 -0.022451118 -0.03541843
0.4635 -0.00851687 -0.04490998 -0.03965546 0.05260802 -0.037473023 -0.027443038 -0.022125274 -0.03530667
0.464 -0.007968583 -0.04475883 -0.03945639 0.05370706 -0.03738032 -0.027015908 -0.021798223 -0.03519445
0.4645 -0.007420559 -0.04463113 -0.03925852 0.05479657 -0.037287246 -0.026586944 -0.02146995 -0.035081774
0.465 -0.006871146 -0.04452064 -0.03906063 0.05588799 -0.037193816 -0.026156133 -0.021140516 -0.034968648
0.4655 -0.006317921 -0.04442166 -0.0388614 0.05698574 -0.03710003 -0.025723526 -0.020809919 -0.034855083
0.466 -0.005759931 -0.04432934 -0.03866032 0.05809018 -0.03700589 -0.025289195 -0.02047816 -0.03474109
0.4665 -0.005197227 -0.04423981 -0.0384573 0.05920059 -0.036911406 -0.02485309 -0.020145267 -0.034626663
0.467 -0.004630224 -0.04415004 -0.03825239 0.06031628 -0.03681658 -0.024415324 -0.019811228 -0.03451182
0.4675 -0.00405945 -0.04405675 -0.03804571 0.06143831 -0.03672142 -0.023975888 -0.019476056 -0.03439656
0.468 -0.003484947 -0.04395898 -0.03783729 0.0625643 -0.036625925 -0.023534799 -0.019139826 -0.03428089
0.4685 -0.002906729 -0.04385653 -0.03762708 0.0636931 -0.03653011 -0.023092078 -0.018802509 -0.034164824
0.469 -0.002325189 -0.04374922 -0.03741505 0.06482455 -0.03643397 -0.02264783 -0.018464059 -0.034048356
0.4695 -0.001740731 -0.04363691 -0.03720124 0.06595859 -0.036337513 -0.022202002 -0.018124595 -0.033931505
0.47 -0.001153625 -0.04351956 -0.03698567 0.06709511 -0.03624074 -0.021754669 -0.01778403 -0.033814266
0.4705 -0.0005640013 -0.04339722 -0.03676836 0.06823403 -0.036143668 -0.021305809 -0.017442465 -0.03369665
0.471 2.809409e-05 -0.04327001 -0.03654934 0.06937526 -0.03604629 -0.02085551 -0.017099842 -0.033578664
0.4715 0.0006226633 -0.04313811 -0.03632863 0.07051874 -0.0359486 -0.020403767 -0.016756177 -0.033460308
0.472 0.001219754 -0.0430017 -0.03610625 0.07166441 -0.03585062 -0.019950645 -0.016411483 -0.033341594
0.4725 0.0018194 -0.042861 -0.03588219 0.07281222 -0.035752356 -0.019496093 -0.016065836 -0.033222523
0.473 0.002421589 -0.04271626 -0.0356565 0.07396212 -0.035653796 -0.019040192 -0.01571916 -0.0331031
0.4735 0.003026298 -0.04256775 -0.03542918 0.07511404 -0.035554957 -0.018582957 -0.015371516 -0.032983333
0.474 0.003633494 -0.04241574 -0.03520027 0.07626795 -0.035455838 -0.01812441 -0.015022889 -0.032863226
0.4745 0.004243146 -0.04226046 -0.03496978 0.07742379 -0.03535644 -0.017664583 -0.014673308 -0.032742783
0.475 0.004855224 -0.04210215 -0.03473775 0.07858153 -0.035256773 -0.017203445 -0.014322802 -0.032622013
0.4755 0.005469694 -0.04194102 -0.03450419 0.07974114 -0.03515684 -0.016741106 -0.013971314 -0.032500915
0.476 0.006086527 -0.04177726 -0.03426913 0.08090257 -0.035056636 -0.016277531 -0.013618901 -0.032379497
0.4765 0.006705689 -0.04161104 -0.03403259 0.08206581 -0.034956176 -0.015812786 -0.01326555 -0.032257766
0.477 0.00732715 -0.04144251 -0.03379459 0.08323083 -0.03485545 -0.015346827 -0.01291129 -0.032135718
0.4775 0.007950876 -0.0412718 -0.03355515 0.08439759 -0.03475448 -0.014879728 -0.012556165 -0.03201337
0.478 0.008576835 -0.04109905 -0.03331429 0.08556607 -0.034653254 -0.014411511 -0.012200087 -0.031890713
0.4785 0.009204951 -0.04092434 -0.03307204 0.08672919 -0.03455178 -0.013942169 -0.011843145 -0.031767763
0.479 0.00983504 -0.04074779 -0.03282841 0.08789032 -0.034450065 -0.013471762 -0.0114852935 -0.031644516
0.4795 0.01046708 -0.04056946 -0.03258343 0.0890554 -0.034348104 -0.013000274 -0.011126563 -0.03152098
0.48 0.01110115 -0.04038945 -0.03233712 0.09022461 -0.03424591 -0.012527691 -0.010767028 -0.031397164
0.4805 0.01173731 -0.04020781 -0.03208948 0.0913974 -0.034143474 -0.012054155 -0.010406524 -0.03127306
0.481 0.01237557 -0.0400246 -0.03184054 0.09257324 -0.03404081 -0.011579553 -0.01004526 -0.031148681
0.4815 0.01301594 -0.03983986 -0.03159031 0.09375174 -0.033937916 -0.011103952 -0.009683147 -0.03102403
0.482 0.01365838 -0.0396536 -0.03133881 0.09493259 -0.033834796 -0.0106274355 -0.00932014 -0.030899107
0.4825 0.01430281 -0.03946587 -0.03108607 0.09611553 -0.033731453 -0.01014992 -0.008956343 -0.030773923
0.483 0.01494922 -0.03927671 -0.0308321 0.09730039 -0.03362789 -0.009671496 -0.008591682 -0.030648474
0.4835 0.01559757 -0.03908618 -0.03057692 0.098487 -0.033524107 -0.009192126 -0.008226246 -0.030522764
0.484 0.01624785 -0.03889433 -0.03032052 0.09967527 -0.033420116 -0.008711854 -0.00786002 -0.030396804
0.4845 0.01690001 -0.03870119 -0.03006292 0.1008651 -0.033315904 -0.008230688 -0.0074929595 -0.030270588
0.485 0.01755401 -0.03850679 -0.02980414 0.1020565 -0.033211485 -0.00774871 -0.0071250647 -0.030144127
0.4855 0.0182098 -0.03831116 -0.02954419 0.1032493 -0.033106856 -0.0072658155 -0.006756425 -0.03001742
0.486 0.01886735 -0.03811433 -0.02928309 0.1044435 -0.033002026 -0.006782094 -0.00638701 -0.029890474
0.4865 0.01952664 -0.03791631 -0.02902086 0.1056391 -0.032896996 -0.0062975828 -0.006016791 -0.02976329
0.487 0.02018769 -0.03771712 -0.0287575 0.1068361 -0.032791767 -0.0058122594 -0.0056458414 -0.029635876
0.4875 0.02085053 -0.03751678 -0.02849303 0.1080344 -0.03268633 -0.0053261463 -0.0052740723 -0.029508222
0.488 0.02151509 -0.03731532 -0.02822746 0.1092341 -0.03258071 -0.0048392434 -0.0049016178 -0.029380348
0.4885 0.02218128 -0.03711273 -0.02796082 0.110435 -0.032474887 -0.004351603 -0.004528299 -0.02925224
0.489 0.02284904 -0.03690904 -0.0276931 0.1116372 -0.032368883 -0.0038631875 -0.0041543245 -0.029123913
0.4895 0.02351834 -0.03670425 -0.02742434 0.1128406 -0.032262687 -0.0033740345 -0.0037795901 -0.028995369
0.49 0.02418915 -0.0364984 -0.02715453 0.1140453 -0.032156304 -0.0028841887 -0.0034040958 -0.028866608
0.4905 0.02486145 -0.03629148 -0.0268837 0.1152512 -0.032049738 -0.0023936573 -0.003027901 -0.028737638
0.491 0.02553523 -0.03608351 -0.02661186 0.1164582 -0.03194299 -0.0019024108 -0.0026509464 -0.028608453
0.4915 0.02621048 -0.03587451 -0.02633901 0.1176664 -0.031836063 -0.001410516 -0.0022732764 -0.028479058
0.492 0.02688719 -0.03566449 -0.02606518 0.1188757 -0.031728957 -0.0009179581 -0.0018948764 -0.028349461
0.4925 0.02756534 -0.03545346 -0.02579037 0.1200862 -0.03162168 -0.00042471476 -0.0015158206 -0.028219663
0.493 0.02824491 -0.03524144 -0.02551459 0.1212978 -0.031514224 6.9139525e-05 -0.0011360347 -0.028089665
0.4935 0.02892583 -0.03502844 -0.02523787 0.1225104 -0.031406596 0.000563642 -0.0007555038 -0.027959462
0.494 0.02960779 -0.03481449 -0.02496026 0.1237238 -0.0312988 0.0010586958 -0.00037430227 -0.027829073
0.4945 0.03029078 -0.03459964 -0.02468179 0.1249379 -0.031190835 0.0015544128 7.599592e-06 -0.027698483
0.495 0.03097498 -0.03438389 -0.02440243 0.1261529 -0.031082705 0.0020507034 0.0003901571 -0.02756771
0.4955 0.03166053 -0.03416723 -0.02412218 0.1273689 -0.03097441 0.0025475528 0.00077342987 -0.027436748
0.496 0.03234747 -0.03394968 -0.02384102 0.128586 -0.030865952 0.0030449387 0.0011573881 -0.027305603
0.4965 0.0330358 -0.03373124 -0.02355897 0.1298041 -0.030757338 0.0035429355 0.001542002 -0.027174275
0.497 0.03372549 -0.03351191 -0.02327603 0.1310233 -0.03064856 0.004041439 0.0019272864 -0.027042765
0.4975 0.03441653 -0.03329169 -0.02299221 0.1322435 -0.030539624 0.004540516 0.0023132265 -0.026911076
0.498 0.03510887 -0.0330706 -0.02270753 0.1334648 -0.030430533 0.00504007 0.002699867 -0.02677921
0.4985 0.03580248 -0.03284863 -0.022422 0.1346871 -0.030321285 0.0055401307 0.0030871928 -0.02664717
0.499 0.03649735 -0.0326258 -0.02213564 0.1359104 -0.030211888 0.0060407203 0.0034751147 -0.026514955
0.4995 0.03719343 -0.03240211 -0.02184844 0.1371347 -0.030102335 0.006541742 0.003863737 -0.026382577
0.5 0.03789071 -0.03217757 -0.02156043 0.13836 -0.03042413 0.008605523 0.0006917566 -0.02654751
