0.0 -0.065 -0.065 -0.065 -0.065 -0.011458504 -0.038538847 -0.018296095 -0.014895348
0.0005 -0.065 -0.065 -0.065 -0.065 -0.016478503 -0.05304119 -0.032892555 -0.018383563
0.001 -0.065 -0.065 -0.065 -0.065 -0.020220863 -0.06255605 -0.044626445 -0.023864526
0.0015 -0.065 -0.065 -0.065 -0.065 -0.024093809 -0.0690927 -0.05407205 -0.029532224
0.002 -0.065 -0.065 -0.065 -0.065 -0.028388755 -0.07374151 -0.061716266 -0.034844413
0.0025 -0.065 -0.065 -0.065 -0.065 -0.03302734 -0.07713199 -0.067927584 -0.03967241
0.003 -0.065 -0.065 -0.065 -0.065 -0.0378397 -0.0796473 -0.07297725 -0.044016335
0.0035 -0.065 -0.065 -0.065 -0.065 -0.04266164 -0.081531346 -0.07706664 -0.047910366
0.004 -0.065 -0.065 -0.065 -0.065 -0.047363747 -0.082945436 -0.08034895 -0.051393244
0.0045 -0.065 -0.065 -0.065 -0.065 -0.05185393 -0.08399997 -0.08294452 -0.054500494
0.005 -0.065 -0.065 -0.065 -0.065 -0.056072835 -0.084773004 -0.084951185 -0.05726352
0.0055 -0.065 -0.065 -0.065 -0.065 -0.059986655 -0.08532148 -0.086450554 -0.059710335
0.006 -0.065 -0.065 -0.065 -0.065 -0.063580185 -0.08568809 -0.08751244 -0.06186677
0.0065 -0.065 -0.065 -0.065 -0.065 -0.066851825 -0.085905716 -0.08819745 -0.063756704
0.007 -0.065 -0.065 -0.065 -0.065 -0.06980893 -0.08600028 -0.08855853 -0.065403044
0.0075 -0.065 -0.065 -0.065 -0.065 -0.07246485 -0.0859927 -0.088642485 -0.06682719
0.008 -0.065 -0.065 -0.065 -0.065 -0.07483652 -0.08590009 -0.08849075 -0.06804977
0.0085 -0.065 -0.065 -0.065 -0.065 -0.07694286 -0.085736595 -0.088139795 -0.069089994
0.009 -0.065 -0.065 -0.065 -0.065 -0.07880342 -0.085514136 -0.087621845 -0.06996611
0.0095 -0.065 -0.065 -0.065 -0.065 -0.08043769 -0.08524274 -0.08696536 -0.07069504
0.01 -0.065 -0.065 -0.065 -0.065 -0.081864655 -0.084930934 -0.08619521 -0.071292564
0.0105 -0.065 -0.065 -0.065 -0.065 -0.083102256 -0.08458598 -0.08533325 -0.0717732
0.011 -0.065 -0.065 -0.065 -0.065 -0.08416763 -0.08421415 -0.084398635 -0.07215014
0.0115 -0.065 -0.065 -0.065 -0.065 -0.08507627 -0.08382069 -0.0834079 -0.0724356
0.012 -0.065 -0.065 -0.065 -0.065 -0.08584297 -0.083410226 -0.08237534 -0.07264055
0.0125 -0.065 -0.065 -0.065 -0.065 -0.086480945 -0.08298666 -0.08131351 -0.07277501
0.013 -0.065 -0.065 -0.065 -0.065 -0.087002486 -0.082553335 -0.08023297 -0.07284787
0.0135 -0.065 -0.065 -0.065 -0.065 -0.08741894 -0.08211316 -0.07914298 -0.072867304
0.014 -0.065 -0.065 -0.065 -0.065 -0.08774033 -0.08166862 -0.07805132 -0.07284038
0.0145 -0.065 -0.065 -0.065 -0.065 -0.08797607 -0.08122178 -0.07696449 -0.07277365
0.015 -0.065 -0.065 -0.065 -0.065 -0.08813456 -0.08077449 -0.07588827 -0.072672695
0.0155 -0.065 -0.065 -0.065 -0.065 -0.08822346 -0.08032825 -0.07482725 -0.07254277
0.016 -0.065 -0.065 -0.065 -0.065 -0.08824986 -0.07988439 -0.0737853 -0.072388336
0.0165 -0.065 -0.065 -0.065 -0.065 -0.08822009 -0.07944403 -0.0727657 -0.07221341
0.017 -0.065 -0.065 -0.065 -0.065 -0.08813983 -0.07900811 -0.07177105 -0.072021484
0.0175 -0.065 -0.065 -0.065 -0.065 -0.08801454 -0.07857742 -0.070803426 -0.071815744
0.018 -0.065 -0.065 -0.065 -0.065 -0.0878489 -0.07815256 -0.069864415 -0.07159893
0.0185 -0.065 -0.065 -0.065 -0.065 -0.08764729 -0.077734165 -0.068955384 -0.07137346
0.019 -0.065 -0.065 -0.065 -0.065 -0.08741373 -0.07732261 -0.0680772 -0.07114145
0.0195 -0.065 -0.065 -0.065 -0.065 -0.08715165 -0.076918274 -0.067230456 -0.07090476
0.02 -0.065 -0.065 -0.065 -0.065 -0.0868645 -0.07652141 -0.06641554 -0.07066502
0.0205 -0.065 -0.065 -0.065 -0.065 -0.08655515 -0.0761323 -0.06563269 -0.07042356
0.021 -0.065 -0.065 -0.065 -0.065 -0.08622661 -0.075751096 -0.064881764 -0.07018167
0.0215 -0.065 -0.065 -0.065 -0.065 -0.085881114 -0.0753779 -0.064162694 -0.06994037
0.022 -0.065 -0.065 -0.065 -0.065 -0.08552098 -0.07501281 -0.063475154 -0.06970063
0.0225 -0.065 -0.065 -0.065 -0.065 -0.085148394 -0.074655876 -0.06281876 -0.06946312
0.023 -0.065 -0.065 -0.065 -0.065 -0.08476511 -0.07430706 -0.06219294 -0.06922865
0.0235 -0.065 -0.065 -0.065 -0.065 -0.08437297 -0.0739664 -0.06159713 -0.06899761
0.024 -0.065 -0.065 -0.065 -0.065 -0.08397347 -0.07363385 -0.06103068 -0.06877065
0.0245 -0.065 -0.065 -0.065 -0.065 -0.083568096 -0.07330927 -0.060492985 -0.06854802
0.025 -0.065 -0.065 -0.065 -0.065 -0.083158135 -0.07299266 -0.059983216 -0.06833005
0.0255 -0.065 -0.065 -0.065 -0.065 -0.08274475 -0.072683915 -0.059500597 -0.06811711
0.026 -0.065 -0.065 -0.065 -0.065 -0.082329124 -0.072382964 -0.059044443 -0.067909256
0.0265 -0.065 -0.065 -0.065 -0.065 -0.08191207 -0.07208967 -0.05861389 -0.06770679
0.027 -0.065 -0.065 -0.065 -0.065 -0.0814946 -0.0718039 -0.05820816 -0.067509696
0.0275 -0.065 -0.065 -0.065 -0.065 -0.081077546 -0.07152552 -0.057826363 -0.06731813
0.028 -0.065 -0.065 -0.065 -0.065 -0.080661535 -0.07125444 -0.05746769 -0.067132086
0.0285 -0.065 -0.065 -0.065 -0.065 -0.080247104 -0.07099048 -0.057131402 -0.0669516
0.029 -0.065 -0.065 -0.065 -0.065 -0.079835236 -0.07073351 -0.05681654 -0.06677662
0.0295 -0.065 -0.065 -0.065 -0.065 -0.07942629 -0.070483394 -0.05652242 -0.06660718
0.03 -0.065 -0.065 -0.065 -0.065 -0.07902068 -0.07023999 -0.05624824 -0.066443264
0.0305 -0.065 -0.065 -0.065 -0.065 -0.078618854 -0.07000317 -0.055993192 -0.066284746
0.031 -0.065 -0.065 -0.065 -0.065 -0.07822117 -0.06977276 -0.0557565 -0.06613152
0.0315 -0.065 -0.065 -0.065 -0.065 -0.07782814 -0.06954861 -0.055537395 -0.06598358
0.032 -0.065 -0.065 -0.065 -0.065 -0.077439815 -0.06933062 -0.055335246 -0.065840736
0.0325 -0.065 -0.065 -0.065 -0.065 -0.07705665 -0.069118604 -0.05514919 -0.065702975
0.033 -0.065 -0.065 -0.065 -0.065 -0.07667896 -0.06891242 -0.0549786 -0.06557007
0.0335 -0.065 -0.065 -0.065 -0.065 -0.07630658 -0.06871192 -0.054822795 -0.06544207
0.034 -0.065 -0.065 -0.065 -0.065 -0.07594013 -0.06851697 -0.054681055 -0.06531873
0.0345 -0.065 -0.065 -0.065 -0.065 -0.075579554 -0.06832748 -0.054552786 -0.0652
0.035 -0.065 -0.065 -0.065 -0.065 -0.075224906 -0.06814321 -0.05443736 -0.065085605
0.0355 -0.065 -0.065 -0.065 -0.065 -0.0748764 -0.06796415 -0.054334216 -0.064975604
0.036 -0.065 -0.065 -0.065 -0.065 -0.07453418 -0.06779007 -0.054242633 -0.06486975
0.0365 -0.065 -0.065 -0.065 -0.065 -0.074198216 -0.067620896 -0.054162137 -0.06476794
0.037 -0.065 -0.065 -0.065 -0.065 -0.0738686 -0.06745649 -0.05409225 -0.06467016
0.0375 -0.065 -0.065 -0.065 -0.065 -0.07354531 -0.06729669 -0.05403232 -0.06457615
0.038 -0.065 -0.065 -0.065 -0.065 -0.07322839 -0.06714141 -0.053981863 -0.06448579
0.0385 -0.065 -0.065 -0.065 -0.065 -0.07291794 -0.06699052 -0.053940378 -0.064399004
0.039 -0.065 -0.065 -0.065 -0.065 -0.072613835 -0.06684393 -0.053907417 -0.06431572
0.0395 -0.065 -0.065 -0.065 -0.065 -0.07231602 -0.066701464 -0.05388253 -0.06423578
0.04 -0.065 -0.065 -0.065 -0.065 -0.07202464 -0.06656308 -0.053865246 -0.06415899
0.0405 -0.065 -0.065 -0.065 -0.065 -0.071739554 -0.06642859 -0.053855173 -0.06408535
0.041 -0.065 -0.065 -0.065 -0.065 -0.07146084 -0.06629796 -0.053851955 -0.06401461
0.0415 -0.065 -0.065 -0.065 -0.065 -0.07118821 -0.06617108 -0.053855054 -0.06394677
0.042 -0.065 -0.065 -0.065 -0.065 -0.07092193 -0.06604779 -0.053864203 -0.06388174
0.0425 -0.065 -0.065 -0.065 -0.065 -0.070661545 -0.06592806 -0.053879015 -0.06381942
0.043 -0.065 -0.065 -0.065 -0.065 -0.07040748 -0.065811746 -0.05389913 -0.063759625
0.0435 -0.065 -0.065 -0.065 -0.065 -0.0701592 -0.06569876 -0.053924285 -0.063702285
0.044 -0.065 -0.065 -0.065 -0.065 -0.069916844 -0.06558903 -0.053954028 -0.0636473
0.0445 -0.065 -0.065 -0.065 -0.065 -0.06968033 -0.06548245 -0.05398818 -0.063594624
0.045 -0.065 -0.065 -0.065 -0.065 -0.0694496 -0.065378934 -0.054026388 -0.06354414
0.0455 -0.065 -0.065 -0.065 -0.065 -0.06922454 -0.06527844 -0.05406835 -0.063495785
0.046 -0.065 -0.065 -0.065 -0.065 -0.06900507 -0.065180786 -0.054113947 -0.06344949
0.0465 -0.065 -0.065 -0.065 -0.065 -0.06879097 -0.065086 -0.054162763 -0.06340508
0.047 -0.065 -0.065 -0.065 -0.065 -0.068582356 -0.06499395 -0.05421456 -0.06336258
0.0475 -0.065 -0.065 -0.065 -0.065 -0.068379074 -0.06490458 -0.054269247 -0.0633218
0.048 -0.065 -0.065 -0.065 -0.065 -0.06818092 -0.064817764 -0.054326467 -0.06328282
0.0485 -0.065 -0.065 -0.065 -0.065 -0.06798795 -0.06473349 -0.054386012 -0.063245445
0.049 -0.065 -0.065 -0.065 -0.065 -0.067799896 -0.06465167 -0.054447673 -0.06320968
0.0495 -0.065 -0.065 -0.065 -0.065 -0.06761691 -0.06457221 -0.05451148 -0.063175455
0.05 -0.065 -0.065 -0.065 -0.065 -0.06743875 -0.064495064 -0.054576986 -0.06314266
0.0505 -0.065 -0.065 -0.065 -0.065 -0.06726527 -0.06442018 -0.05464416 -0.063111275
0.051 -0.065 -0.065 -0.065 -0.065 -0.06709638 -0.064347476 -0.054712825 -0.063081235
0.0515 -0.065 -0.065 -0.065 -0.065 -0.06693205 -0.064276874 -0.05478265 -0.063052475
0.052 -0.065 -0.065 -0.065 -0.065 -0.06677225 -0.064208366 -0.0548537 -0.06302495
0.0525 -0.065 -0.065 -0.065 -0.065 -0.066616714 -0.06414185 -0.054925703 -0.06299864
0.053 -0.065 -0.065 -0.065 -0.065 -0.06646544 -0.06407732 -0.05499869 -0.062973395
0.0535 -0.065 -0.065 -0.065 -0.065 -0.06631833 -0.064014666 -0.05507239 -0.0629493
0.054 -0.065 -0.065 -0.065 -0.065 -0.06617534 -0.06395387 -0.055146806 -0.06292619
0.0545 -0.065 -0.065 -0.065 -0.065 -0.066036284 -0.06389485 -0.05522158 -0.062904105
0.055 -0.065 -0.065 -0.065 -0.065 -0.06590113 -0.06383761 -0.05529686 -0.062882915
0.0555 -0.065 -0.065 -0.065 -0.065 -0.0657697 -0.06378202 -0.05537238 -0.06286265
0.056 -0.065 -0.065 -0.065 -0.065 -0.06564197 -0.063728094 -0.055448256 -0.06284334
0.0565 -0.065 -0.065 -0.065 -0.065 -0.0655179 -0.06367574 -0.055524133 -0.0628248
0.057 -0.065 -0.065 -0.065 -0.065 -0.06539732 -0.06362495 -0.05560004 -0.06280713
0.0575 -0.065 -0.065 -0.065 -0.065 -0.06528023 -0.06357565 -0.055675976 -0.062790185
0.058 -0.065 -0.065 -0.065 -0.065 -0.0651665 -0.06352787 -0.055751763 -0.06277394
0.0585 -0.065 -0.065 -0.065 -0.065 -0.065056056 -0.06348149 -0.0558274 -0.0627584
0.059 -0.065 -0.065 -0.065 -0.065 -0.06494874 -0.063436456 -0.05590274 -0.062743545
0.0595 -0.065 -0.065 -0.065 -0.065 -0.06484464 -0.0633928 -0.055977814 -0.06272936
0.06 -0.065 -0.065 -0.065 -0.065 -0.06474343 -0.063350424 -0.05605241 -0.062715754
0.0605 -0.065 -0.065 -0.065 -0.065 -0.06464535 -0.06330933 -0.056126706 -0.062702775
0.061 -0.065 -0.065 -0.065 -0.065 -0.06455001 -0.063269466 -0.056200556 -0.06269042
0.0615 -0.065 -0.065 -0.065 -0.065 -0.064457506 -0.06323082 -0.05627372 -0.062678546
0.062 -0.065 -0.065 -0.065 -0.065 -0.06436777 -0.063193336 -0.05634647 -0.06266722
0.0625 -0.065 -0.065 -0.065 -0.065 -0.06428066 -0.06315698 -0.05641859 -0.06265634
0.063 -0.065 -0.065 -0.065 -0.065 -0.06419614 -0.0631217 -0.056490026 -0.06264603
0.0635 -0.065 -0.065 -0.065 -0.065 -0.06411424 -0.063087516 -0.056560837 -0.06263603
0.064 -0.065 -0.065 -0.065 -0.065 -0.0640347 -0.06305432 -0.05663093 -0.0626266
0.0645 -0.065 -0.065 -0.065 -0.065 -0.06395763 -0.0630222 -0.05670037 -0.06261748
0.065 -0.065 -0.065 -0.065 -0.065 -0.06388277 -0.06299101 -0.056768917 -0.06260882
0.0655 -0.065 -0.065 -0.065 -0.065 -0.06381026 -0.0629608 -0.056836747 -0.06260049
0.066 -0.065 -0.065 -0.065 -0.065 -0.063739926 -0.062931485 -0.056903772 -0.062592596
0.0665 -0.065 -0.065 -0.065 -0.065 -0.06367165 -0.062903084 -0.056969963 -0.062585026
0.067 -0.065 -0.065 -0.065 -0.065 -0.06360549 -0.062875524 -0.05703538 -0.062577814
0.0675 -0.065 -0.065 -0.065 -0.065 -0.06354141 -0.06284883 -0.05709984 -0.06257084
0.068 -0.065 -0.065 -0.065 -0.065 -0.063479215 -0.06282298 -0.05716353 -0.062564254
0.0685 -0.065 -0.065 -0.065 -0.065 -0.063419014 -0.06279788 -0.057226233 -0.06255792
0.069 -0.065 -0.065 -0.065 -0.065 -0.06336051 -0.06277359 -0.057288133 -0.06255193
0.0695 -0.065 -0.065 -0.065 -0.065 -0.06330386 -0.06275004 -0.057349138 -0.06254621
0.07 -0.065 -0.065 -0.065 -0.065 -0.06324917 -0.06272724 -0.05740919 -0.06254062
0.0705 -0.065 -0.065 -0.065 -0.065 -0.06319603 -0.06270512 -0.057468317 -0.062535346
0.071 -0.065 -0.065 -0.065 -0.065 -0.063144475 -0.06268367 -0.05752655 -0.06253035
0.0715 -0.065 -0.065 -0.065 -0.065 -0.063094646 -0.06266295 -0.05758386 -0.06252551
0.072 -0.065 -0.065 -0.065 -0.065 -0.063046366 -0.062642835 -0.057640277 -0.06252098
0.0725 -0.065 -0.065 -0.065 -0.065 -0.06299955 -0.062623374 -0.05769574 -0.06251654
0.073 -0.065 -0.065 -0.065 -0.065 -0.06295425 -0.062604524 -0.057750277 -0.06251232
0.0735 -0.065 -0.065 -0.065 -0.065 -0.06291026 -0.06258624 -0.05780395 -0.062508404
0.074 -0.065 -0.065 -0.065 -0.065 -0.06286776 -0.06256855 -0.05785676 -0.062504604
0.0745 -0.065 -0.065 -0.065 -0.065 -0.062826544 -0.06255141 -0.057908528 -0.06250098
0.075 -0.065 -0.065 -0.065 -0.065 -0.06278673 -0.06253485 -0.05795937 -0.062497485
0.0755 -0.065 -0.065 -0.065 -0.065 -0.062748134 -0.06251878 -0.05800935 -0.062494177
0.076 -0.065 -0.065 -0.065 -0.065 -0.0627107 -0.06250321 -0.058058374 -0.062490974
0.0765 -0.065 -0.065 -0.065 -0.065 -0.06267455 -0.06248814 -0.058106564 -0.062487964
0.077 -0.065 -0.065 -0.065 -0.065 -0.062639505 -0.062473528 -0.05815377 -0.062485073
0.0775 -0.065 -0.065 -0.065 -0.065 -0.06260559 -0.06245941 -0.058200173 -0.06248239
0.078 -0.065 -0.065 -0.065 -0.065 -0.0625729 -0.062445775 -0.05824568 -0.062479783
0.0785 -0.065 -0.065 -0.065 -0.065 -0.06254113 -0.062432528 -0.058290415 -0.062477294
0.079 -0.065 -0.065 -0.065 -0.065 -0.0625104 -0.06241972 -0.058334135 -0.06247491
0.0795 -0.065 -0.065 -0.065 -0.065 -0.062480662 -0.06240736 -0.05837708 -0.062472586
0.08 -0.065 -0.065 -0.065 -0.065 -0.062451843 -0.06239538 -0.05841919 -0.0624705
0.0805 -0.065 -0.065 -0.065 -0.065 -0.062423978 -0.062383763 -0.058460407 -0.062468413
0.081 -0.065 -0.065 -0.065 -0.065 -0.062397096 -0.06237255 -0.05850082 -0.06246646
0.0815 -0.065 -0.065 -0.065 -0.065 -0.06237105 -0.062361665 -0.058540307 -0.062464584
0.082 -0.065 -0.065 -0.065 -0.065 -0.062345836 -0.06235116 -0.05857908 -0.06246287
0.0825 -0.065 -0.065 -0.065 -0.065 -0.06232137 -0.062341012 -0.058617078 -0.062461186
0.083 -0.065 -0.065 -0.065 -0.065 -0.062297825 -0.062331162 -0.05865421 -0.06245962
0.0835 -0.065 -0.065 -0.065 -0.065 -0.062274966 -0.06232167 -0.05869063 -0.062458057
0.084 -0.065 -0.065 -0.065 -0.065 -0.062252972 -0.062312447 -0.058726273 -0.06245664
0.0845 -0.065 -0.065 -0.065 -0.065 -0.062231574 -0.062303618 -0.05876123 -0.06245527
0.085 -0.065 -0.065 -0.065 -0.065 -0.06221092 -0.062295027 -0.058795325 -0.06245399
0.0855 -0.065 -0.065 -0.065 -0.065 -0.062190983 -0.062286705 -0.058828704 -0.062452722
0.086 -0.065 -0.065 -0.065 -0.065 -0.062171612 -0.06227871 -0.058861338 -0.062451545
0.0865 -0.065 -0.065 -0.065 -0.065 -0.062152985 -0.06227094 -0.058893286 -0.062450398
0.087 -0.065 -0.065 -0.065 -0.065 -0.062134955 -0.062263474 -0.058924608 -0.062449355
0.0875 -0.065 -0.065 -0.065 -0.065 -0.06211755 -0.06225618 -0.058955096 -0.062448356
0.088 -0.065 -0.065 -0.065 -0.065 -0.06210077 -0.062249154 -0.058985017 -0.062447447
0.0885 -0.065 -0.065 -0.065 -0.065 -0.06208441 -0.062242404 -0.059014253 -0.062446553
0.089 -0.065 -0.065 -0.065 -0.065 -0.062068675 -0.06223587 -0.059042893 -0.062445793
0.0895 -0.065 -0.065 -0.065 -0.065 -0.062053446 -0.062229566 -0.05907079 -0.06244499
0.09 -0.065 -0.065 -0.065 -0.065 -0.062038843 -0.06222348 -0.059098147 -0.062444214
0.0905 -0.065 -0.065 -0.065 -0.065 -0.062024567 -0.0622176 -0.05912485 -0.06244347
0.091 -0.065 -0.065 -0.065 -0.065 -0.062010888 -0.062211893 -0.059150897 -0.0624428
0.0915 -0.065 -0.065 -0.065 -0.065 -0.061997686 -0.062206417 -0.05917635 -0.062442172
0.092 -0.065 -0.065 -0.065 -0.065 -0.06198484 -0.062201127 -0.059201263 -0.06244156
0.0925 -0.065 -0.065 -0.065 -0.065 -0.061972413 -0.062195987 -0.05922555 -0.06244104
0.093 -0.065 -0.065 -0.065 -0.065 -0.061960552 -0.06219107 -0.059249334 -0.062440474
0.0935 -0.065 -0.065 -0.065 -0.065 -0.06194893 -0.062186286 -0.05927255 -0.062439967
0.094 -0.065 -0.065 -0.065 -0.065 -0.061937783 -0.06218171 -0.05929517 -0.06243958
0.0945 -0.065 -0.065 -0.065 -0.065 -0.061926965 -0.062177263 -0.059317254 -0.062439147
0.095 -0.065 -0.065 -0.065 -0.065 -0.061916623 -0.06217298 -0.05933886 -0.062438745
0.0955 -0.065 -0.065 -0.065 -0.065 -0.06190655 -0.062168866 -0.05935996 -0.062438402
0.096 -0.065 -0.065 -0.065 -0.065 -0.061896894 -0.062164873 -0.059380494 -0.06243797
0.0965 -0.065 -0.065 -0.065 -0.065 -0.061887566 -0.062161 -0.05940058 -0.062437747
0.097 -0.065 -0.065 -0.065 -0.065 -0.061878476 -0.06215728 -0.05942025 -0.062437404
0.0975 -0.065 -0.065 -0.065 -0.065 -0.061869685 -0.062153734 -0.059439354 -0.062437136
0.098 -0.065 -0.065 -0.065 -0.065 -0.06186128 -0.06215027 -0.05945804 -0.062436912
0.0985 -0.065 -0.065 -0.065 -0.065 -0.061853144 -0.062146947 -0.05947625 -0.06243672
0.099 -0.065 -0.065 -0.065 -0.065 -0.061845187 -0.062143728 -0.05949395 -0.062436525
0.0995 -0.065 -0.065 -0.065 -0.065 -0.061837647 -0.062140644 -0.059511296 -0.06243624
0.1 -0.065 -0.065 -0.065 -0.065 -0.06186158 -0.06213057 -0.059535228 -0.062415395
0.1005 -0.06497469 -0.06495544 -0.06494133 -0.06495946 -0.062174473 -0.06203989 -0.059619986 -0.062198747
0.101 -0.06485964 -0.06476785 -0.0647155 -0.06480922 -0.06256932 -0.06178555 -0.059693925 -0.06188548
0.1015 -0.06466514 -0.06439856 -0.06433418 -0.06457237 -0.06293672 -0.0613169 -0.059712134 -0.061516706
0.102 -0.06441544 -0.06382717 -0.0638191 -0.06426518 -0.06322062 -0.06060315 -0.059645943 -0.061106253
0.1025 -0.06412576 -0.06304227 -0.06318321 -0.06389441 -0.06339419 -0.05962629 -0.059476756 -0.060655538
0.103 -0.0638039 -0.06203719 -0.06243248 -0.06346348 -0.06344658 -0.058376625 -0.05919247 -0.06016158
0.1035 -0.0634536 -0.060808 -0.06156916 -0.0629748 -0.06337544 -0.05685006 -0.058784984 -0.0596204
0.104 -0.06307663 -0.05935255 -0.06059386 -0.06243038 -0.06318277 -0.055046543 -0.058249287 -0.059028435
0.1045 -0.06267388 -0.05766999 -0.05950651 -0.06183208 -0.062873274 -0.052968524 -0.05758228 -0.058383036
0.105 -0.0622458 -0.05576045 -0.05830689 -0.06118163 -0.06245256 -0.050620563 -0.056782447 -0.057682786
0.1055 -0.06179266 -0.05362485 -0.05699476 -0.06048066 -0.061926845 -0.04800839 -0.055849127 -0.056926895
0.106 -0.06131365 -0.05126417 -0.05556815 -0.05972999 -0.06130228 -0.045138657 -0.0547828 -0.05611575
0.1065 -0.06080483 -0.04867807 -0.05402093 -0.05892921 -0.060585205 -0.042018726 -0.05358436 -0.055249814
0.107 -0.06027127 -0.04587044 -0.05236163 -0.05808264 -0.059781257 -0.038656235 -0.052255265 -0.054330174
0.1075 -0.05971557 -0.04284554 -0.0505937 -0.05719224 -0.058896277 -0.035058938 -0.050797366 -0.053358246
0.108 -0.05913775 -0.03960719 -0.04871688 -0.05625917 -0.05793572 -0.031234711 -0.049212657 -0.052335445
0.1085 -0.05853721 -0.03615897 -0.04673034 -0.05528446 -0.056904647 -0.027191348 -0.047503524 -0.051263396
0.109 -0.05791341 -0.03250432 -0.04463355 -0.05426915 -0.055807803 -0.022936478 -0.04567232 -0.050143678
0.1095 -0.05726593 -0.02864599 -0.04242638 -0.0532136 -0.054649804 -0.018477537 -0.04372146 -0.048978005
0.11 -0.05659424 -0.02458593 -0.04010893 -0.05211727 -0.05343512 -0.0138217425 -0.041653715 -0.047768045
0.1105 -0.0558987 -0.0203292 -0.03768168 -0.05098293 -0.05216745 -0.008976004 -0.03947141 -0.046515364
0.111 -0.05517964 -0.01588033 -0.03514536 -0.04981229 -0.05085096 -0.0039469963 -0.03717711 -0.045221526
0.1115 -0.05443723 -0.01124301 -0.03250077 -0.04860643 -0.049489234 0.001258933 -0.034773402 -0.043888126
0.112 -0.05367158 -0.006418955 -0.02974871 -0.04736678 -0.048085455 0.006635749 -0.032262586 -0.042516667
0.1125 -0.05288277 -0.001411271 -0.02685395 -0.04609376 -0.046642963 0.012177707 -0.029647045 -0.041108493
0.113 -0.05206933 0.003775239 -0.0238372 -0.04478635 -0.045164887 0.017879315 -0.026928954 -0.039665062
0.1135 -0.05122938 0.009116893 -0.02073869 -0.04344466 -0.043654088 0.023735456 -0.024110578 -0.038187657
0.114 -0.05036693 0.01460369 -0.01756191 -0.04207172 -0.04211319 0.02974122 -0.021193825 -0.036677603
0.1145 -0.04948365 0.02023881 -0.01429865 -0.04066865 -0.04054481 0.035892062 -0.018180601 -0.03513618
0.115 -0.04857963 0.02602892 -0.01094086 -0.03923602 -0.03895146 0.04218357 -0.015072665 -0.033564586
0.1155 -0.0476545 0.03197956 -0.007483639 -0.03777433 -0.0373354 0.04861161 -0.011871777 -0.03196392
0.116 -0.04670798 0.03809374 -0.003924854 -0.03628411 -0.035698775 0.055172406 -0.008579484 -0.030335415
0.1165 -0.04573992 0.04437184 -0.0002642147 -0.03476589 -0.034043673 0.061862268 -0.0051971297 -0.02868006
0.117 -0.04474953 0.05081225 0.003498575 -0.03322006 -0.03237212 0.068677805 -0.0017259935 -0.026998926
0.1175 -0.04373578 0.0574122 0.007363756 -0.03164688 -0.030686023 0.07561579 0.0018327018 -0.025292922
0.118 -0.04270135 0.06416754 0.01132611 -0.03004733 -0.028986992 0.0826732 0.0054778536 -0.02356306
0.1185 -0.04164689 0.0710734 0.01538335 -0.02842216 -0.027276697 0.089847215 0.009208658 -0.021810312
0.119 -0.04057228 0.07812488 0.01953445 -0.0267719 -0.025556924 0.09713508 0.01302407 -0.020035613
0.1195 -0.03947708 0.08531717 0.02377744 -0.02509701 -0.023828985 0.10453435 0.016923524 -0.018239874
0.12 -0.03836033 0.09264531 0.02810325 -0.0233978 -0.022094311 0.11204267 0.020906337 -0.016423661
0.1205 -0.03722347 0.1001043 0.03250868 -0.02167482 -0.020354332 0.11965775 0.02497179 -0.014587987
0.121 -0.03606709 0.1076896 0.03699697 -0.01992855 -0.018610122 0.12737751 0.029119737 -0.012733538
0.1215 -0.03489116 0.1153977 0.04157171 -0.01815942 -0.01686317 0.1352 0.03334964 -0.010860998
0.122 -0.03369558 0.1232252 0.04623499 -0.01636783 -0.01511437 0.14312325 0.037661143 -0.008971203
0.1225 -0.03248031 0.1311695 0.05098739 -0.01455419 -0.0133649735 0.15114556 0.042054065 -0.0070646442
0.123 -0.03124535 0.1392276 0.055778 -0.01271934 -0.011615875 0.15926524 0.046528198 -0.005142156
0.1235 -0.02999352 0.1473856 0.06032367 -0.01087654 -0.009868207 0.16748075 0.051083572 -0.003204111
0.124 -0.02872814 0.1556359 0.06497479 -0.009021419 -0.008122626 0.1757906 0.05572004 -0.001251284
0.1245 -0.02744567 0.1639844 0.06985428 -0.007144316 -0.0063801436 0.18419336 0.060437687 0.00071586296
0.125 -0.02614333 0.1724371 0.07494458 -0.00524125 -0.0046417145 0.19268763 0.0652364 0.0026968233
0.1255 -0.02482216 0.1809984 0.08020044 -0.003318289 -0.0029078154 0.20127206 0.07011635 0.004690986
0.126 -0.02348274 0.1896676 0.08558528 -0.001379309 -0.0011793403 0.20994553 0.07507763 0.006697964
0.1265 -0.02212368 0.1984424 0.09107394 0.0005795105 0.0005431744 0.21870683 0.08012042 0.008717384
0.127 -0.02074544 0.20732 0.09664788 0.002559598 0.0022587748 0.22755475 0.08524484 0.010748681
0.1275 -0.01934848 0.2162975 0.102296 0.004561131 0.0039672824 0.23648821 0.09045101 0.012791481
0.128 -0.0179318 0.2253721 0.1080141 0.006583747 0.0056676837 0.24550615 0.09573913 0.0148455165
0.1285 -0.01649561 0.2345409 0.1137992 0.008626782 0.0073596807 0.25460753 0.10110945 0.01691031
0.129 -0.01504065 0.2438012 0.1196488 0.0106895 0.009042797 0.26379132 0.106561966 0.01898555
0.1295 -0.01356768 0.2531505 0.1255618 0.0127712 0.0107164355 0.2730565 0.11209703 0.021070939
0.13 -0.01207736 0.2625863 0.1315371 0.01487126 0.01238024 0.28240213 0.11771465 0.023166176
0.1305 -0.01057017 0.2721064 0.1375743 0.01698908 0.014033911 0.29182726 0.12341506 0.025270965
0.131 -0.009046493 0.2817087 0.1436729 0.01912414 0.015676854 0.30133086 0.12919839 0.027384933
0.1315 -0.007506612 0.2913912 0.1498326 0.02127602 0.01730871 0.31091195 0.13506459 0.02950802
0.132 -0.005950735 0.301152 0.1560531 0.02344421 0.018929122 0.32056957 0.14101385 0.031639915
0.1325 -0.004379053 0.3109894 0.1623339 0.02562826 0.02053797 0.33030277 0.14704593 0.033780392
0.133 -0.002791736 0.3209017 0.1686746 0.02782775 0.022134779 0.3401106 0.15316106 0.035929244
0.1335 -0.001188937 0.3308871 0.1750748 0.03004235 0.023719309 0.34999192 0.15935907 0.038086247
0.134 0.0004292372 0.3409441 0.1815337 0.03227177 0.025291441 0.35994577 0.16563982 0.040251236
0.1345 0.002060717 0.3510714 0.1880486 0.0345138 0.026850758 0.36997116 0.17200305 0.042424034
0.135 0.003694286 0.3612679 0.1946112 0.03675824 0.028397141 0.3800671 0.17844862 0.04460455
0.1355 0.005337954 0.3710566 0.2012244 0.03901243 0.02993059 0.3902323 0.18497606 0.046792503
0.136 0.006995144 0.3799838 0.2078632 0.04128147 0.031450626 0.4004657 0.19158503 0.048987802
0.1365 0.008668993 0.3888282 0.2145333 0.04356627 0.032957193 0.41076612 0.19827516 0.051190462
0.137 0.01036366 0.3979377 0.2212527 0.04586696 0.03445029 0.42113245 0.20504574 0.053400066
0.1375 0.01207902 0.4074414 0.2280334 0.04818341 0.035929676 0.43156332 0.21189639 0.055616688
0.138 0.01381318 0.4173556 0.2348809 0.05051512 0.037395354 0.44205755 0.21882614 0.057840284
0.1385 0.01556111 0.4276439 0.2417957 0.05285803 0.038847145 0.4526137 0.22583431 0.06007051
0.139 0.01731653 0.4382494 0.2487751 0.05521026 0.040285047 0.46323052 0.23292014 0.062307503
0.1395 0.01908532 0.4491111 0.2558175 0.05757655 0.04170906 0.4739064 0.24008253 0.064551026
0.14 0.02087092 0.4601734 0.2629207 0.05995756 0.04311919 0.48464 0.24732044 0.06680095
0.1405 0.02267342 0.471389 0.2700816 0.06235285 0.044515487 0.49542964 0.25463262 0.069057226
0.141 0.0244917 0.4827193 0.2772973 0.06476179 0.045897838 0.50627375 0.26201802 0.07131991
0.1415 0.02632454 0.4941341 0.2845652 0.06718377 0.0472663 0.5171707 0.2694752 0.073588744
0.142 0.02817096 0.5056104 0.291883 0.0696183 0.048621114 0.5281188 0.27700272 0.07586369
0.1425 0.03003029 0.5171314 0.2992487 0.07206492 0.04996222 0.539116 0.2845991 0.078144774
0.143 0.031902 0.5286851 0.3066608 0.07452325 0.051289793 0.5501607 0.2922625 0.08043176
0.1435 0.03378573 0.5402632 0.3141179 0.07699296 0.052603837 0.56125087 0.2999914 0.08272472
0.144 0.03568135 0.5518605 0.3216187 0.07947376 0.05390471 0.5723845 0.30778384 0.08502354
0.1445 0.03758875 0.5634738 0.3291624 0.08196538 0.055192526 0.5835595 0.31563792 0.08732803
0.145 0.03950687 0.5751016 0.3367478 0.08446449 0.05646735 0.5947737 0.32355165 0.08963828
0.1455 0.0414248 0.5867425 0.3443704 0.08695167 0.05772948 0.606025 0.33152282 0.09195413
0.146 0.04334663 0.5983968 0.3520304 0.08944301 0.05897933 0.61731106 0.33954918 0.094275504
0.1465 0.04527586 0.6100656 0.3597295 0.09193823 0.06021684 0.62862957 0.3476285 0.096602336
0.147 0.04719818 0.6217492 0.3674629 0.09442345 0.06144243 0.639978 0.3557583 0.098934636
0.1475 0.04913064 0.6334494 0.3752337 0.09692224 0.06265652 0.6513539 0.3639361 0.101272225
0.148 0.05108613 0.6451685 0.3830451 0.0994424 0.063859284 0.6627548 0.37215936 0.103615075
0.1485 0.05306632 0.6569084 0.3908972 0.1019836 0.06505114 0.674178 0.38042533 0.10596301
0.149 0.05506814 0.6686706 0.3987887 0.1045435 0.0662325 0.68562096 0.3887313 0.108316064
0.1495 0.05708772 0.680456 0.4067182 0.1071199 0.067403615 0.69708085 0.39707455 0.11067405
0.15 0.0591218 0.6922632 0.4146843 0.1097094 0.06857896 0.70852685 0.40542996 0.113039926
0.1505 0.06110892 0.7040011 0.4225658 0.1121973 0.069879174 0.71970236 0.41359475 0.11543912
0.151 0.06290999 0.7154707 0.4301381 0.1144394 0.07124692 0.730601 0.42155942 0.11785664
0.1515 0.06455795 0.7265966 0.4374303 0.1165222 0.07266623 0.7411966 0.4293035 0.120277405
0.152 0.06611103 0.737341 0.4444906 0.1184886 0.07412088 0.75147927 0.4368213 0.12268557
0.1525 0.06760094 0.7476823 0.4513434 0.1203464 0.07560068 0.7614423 0.44411045 0.12506762
0.153 0.06904234 0.7576092 0.4580009 0.1221067 0.07709807 0.77108014 0.45117044 0.12741202
0.1535 0.07044129 0.7671157 0.4644676 0.123772 0.078606725 0.78038883 0.45800185 0.12970982
0.154 0.07179961 0.7761988 0.4707439 0.1253432 0.08012128 0.78936553 0.46460593 0.13195336
0.1545 0.07311751 0.7848575 0.4768283 0.1268214 0.08163667 0.79800814 0.47098455 0.13413665
0.155 0.07439476 0.7930922 0.4827194 0.1282081 0.0831483 0.8063152 0.4771399 0.13625479
0.1555 0.07563118 0.8009047 0.4884156 0.1295051 0.084652245 0.8142859 0.4830742 0.13830346
0.156 0.07682668 0.808298 0.4939162 0.1307141 0.08614439 0.82192034 0.48879007 0.14027937
0.1565 0.07798129 0.8152757 0.4992203 0.1318374 0.08762145 0.82921886 0.49429002 0.14217962
0.157 0.07909511 0.8218424 0.5043276 0.132877 0.089079976 0.8361822 0.49957684 0.14400195
0.1575 0.08016831 0.8280033 0.509238 0.1338351 0.090516984 0.8428116 0.5046531 0.14574437
0.158 0.08120106 0.8337639 0.5139515 0.1347138 0.09192985 0.8491086 0.5095215 0.14740531
0.1585 0.08219347 0.8391303 0.5184684 0.1355151 0.09331608 0.8550751 0.5141849 0.1489837
0.159 0.0831456 0.8441087 0.5227891 0.1362411 0.094673336 0.86071324 0.5186459 0.15047865
0.1595 0.0840577 0.8487058 0.5269143 0.1368938 0.09599966 0.86602545 0.52290726 0.15188944
0.16 0.08493013 0.8529283 0.5308447 0.137458 0.0972932 0.87101424 0.5269716 0.15321569
0.1605 0.08576309 0.856783 0.5345812 0.1378043 0.09855223 0.8756824 0.5308415 0.15445738
0.161 0.08655668 0.8602769 0.5381247 0.1381055 0.099775374 0.88003266 0.5345195 0.15561423
0.1615 0.08731116 0.863417 0.5414763 0.1383906 0.10096115 0.8840683 0.53800815 0.15668648
0.162 0.08801504 0.8661862 0.5436733 0.1386501 0.10210854 0.8877925 0.54130995 0.15767442
0.1625 0.08866441 0.868563 0.5455398 0.1388739 0.10321611 0.8912082 0.54442716 0.15857863
0.163 0.08927871 0.8705786 0.5476703 0.139056 0.10428333 0.8943188 0.54736215 0.15939957
0.1635 0.08986416 0.8722658 0.5500342 0.1391923 0.10530901 0.89712787 0.55011725 0.16013788
0.164 0.09042022 0.8736472 0.5524854 0.1392801 0.106292725 0.8996387 0.55269456 0.16079424
0.1645 0.09094458 0.8747365 0.5548987 0.1393177 0.107233584 0.90185463 0.5550964 0.16136964
0.165 0.09143509 0.8755415 0.5571913 0.1393042 0.10813123 0.9037794 0.5573245 0.16186488
0.1655 0.09189023 0.8760666 0.5593153 0.1392393 0.10898507 0.90541637 0.55938137 0.1622809
0.166 0.09230912 0.876315 0.5612467 0.1391231 0.109794796 0.9067689 0.5612686 0.16261883
0.1665 0.09269137 0.8762894 0.5629756 0.1389559 0.11056006 0.90784085 0.56298834 0.16287957
0.167 0.09303688 0.8759926 0.5645002 0.1387384 0.1112805 0.90863556 0.56454223 0.16306438
0.1675 0.09334577 0.875428 0.5658231 0.1384712 0.11195594 0.90915656 0.56593233 0.16317429
0.168 0.09361812 0.8745992 0.5669488 0.138155 0.11258632 0.9094074 0.56716025 0.1632104
0.1685 0.09385405 0.8735102 0.5678828 0.1377905 0.11317146 0.9093915 0.56822777 0.16317396
0.169 0.094054 0.8721654 0.5686305 0.1373788 0.11371124 0.9091126 0.56913656 0.16306616
0.1695 0.09421845 0.8705694 0.5691969 0.1369209 0.11420566 0.9085739 0.5698884 0.16288812
0.17 0.09434784 0.8687268 0.5695868 0.1364177 0.11465466 0.9077791 0.5704847 0.1626412
0.1705 0.09444254 0.8666427 0.5698047 0.1358703 0.11505854 0.90673137 0.5709272 0.16232638
0.171 0.09450291 0.8643219 0.5698544 0.1352799 0.11541706 0.90543437 0.5712175 0.16194504
0.1715 0.09452929 0.8617693 0.5697395 0.1346474 0.115730464 0.9038912 0.5713569 0.16149828
0.172 0.09452196 0.8589899 0.5694632 0.1339736 0.115998805 0.9021057 0.5713471 0.16098733
0.1725 0.09448008 0.8559885 0.5690286 0.1332528 0.11622232 0.9000808 0.57118964 0.16041349
0.173 0.09439675 0.8527688 0.568438 0.1321994 0.11640102 0.89782 0.57088584 0.1597779
0.1735 0.0942722 0.8493352 0.5676933 0.1311146 0.11653513 0.89532644 0.57043725 0.15908167
0.174 0.09411625 0.8456933 0.5667979 0.1300861 0.11662489 0.8926035 0.5698454 0.15832593
0.1745 0.09393253 0.8418481 0.5657547 0.1290867 0.11667067 0.8896546 0.5691115 0.15751196
0.175 0.09372081 0.8378042 0.564566 0.1281077 0.11667234 0.8864826 0.56823736 0.15664086
0.1755 0.09348042 0.833566 0.5632342 0.1271357 0.116630375 0.88309085 0.567224 0.15571378
0.176 0.09321088 0.8291379 0.5617611 0.126159 0.11654508 0.8794825 0.5660732 0.15473175
0.1765 0.09291189 0.8245241 0.5601489 0.1251688 0.11641663 0.87566066 0.5647861 0.15369596
0.177 0.09258331 0.8197286 0.5583994 0.1241589 0.11624515 0.8716285 0.5633643 0.15260743
0.1775 0.09222513 0.8147553 0.5565148 0.1231248 0.11603111 0.8673891 0.5618092 0.1514672
0.178 0.0918374 0.809608 0.5544969 0.1220636 0.11577481 0.8629452 0.5601221 0.15027632
0.1785 0.09141997 0.8042905 0.5523476 0.1209733 0.11547655 0.8583002 0.5583045 0.14903595
0.179 0.09097013 0.7988064 0.5500689 0.1198525 0.115136445 0.853457 0.55635786 0.14774695
0.1795 0.0904901 0.7931592 0.5476626 0.1187006 0.11475515 0.84841835 0.5542835 0.14641039
0.18 0.08998181 0.7873525 0.5451307 0.1175172 0.11433262 0.84318745 0.5520831 0.1450272
0.1805 0.08944591 0.7813895 0.542475 0.1163024 0.11386937 0.837767 0.54975784 0.1435984
0.181 0.08888262 0.7752736 0.5396974 0.1150564 0.11336583 0.8321599 0.54730946 0.14212494
0.1815 0.088292 0.7690081 0.5367997 0.1137794 0.112822115 0.82636905 0.5447393 0.1406077
0.182 0.08767413 0.7625961 0.5337836 0.1124719 0.112238586 0.82039714 0.5420487 0.13904776
0.1825 0.08702914 0.7560407 0.5306511 0.1111344 0.111615896 0.81424713 0.5392392 0.13744581
0.183 0.08635719 0.749345 0.5274038 0.1097674 0.11095399 0.8079217 0.5363124 0.13580288
0.1835 0.08565847 0.7425119 0.5240435 0.1083714 0.11025351 0.8014235 0.53326976 0.13411967
0.184 0.08493322 0.7355442 0.5205719 0.106947 0.10951483 0.79475534 0.5301127 0.1323972
0.1845 0.08418168 0.7284449 0.5169908 0.1054947 0.108738124 0.7879197 0.5268428 0.13063626
0.185 0.08340413 0.7212167 0.5133018 0.1040152 0.107923925 0.7809194 0.52346146 0.12883754
0.1855 0.08260082 0.7138622 0.5095065 0.102509 0.10707259 0.7737568 0.5199702 0.12700205
0.186 0.08177204 0.7063842 0.5056068 0.1009766 0.106184304 0.7664346 0.5163706 0.1251305
0.1865 0.08091807 0.6987852 0.5016041 0.09941856 0.10525972 0.75895524 0.51266426 0.12322368
0.187 0.08003918 0.6910678 0.4975001 0.0978354 0.10429913 0.75132143 0.5088526 0.12128228
0.1875 0.07913566 0.6832343 0.4932964 0.09622761 0.10330278 0.7435353 0.504937 0.119307116
0.188 0.07820777 0.6752873 0.4889946 0.09459567 0.10227132 0.7355995 0.5009191 0.1172989
0.1885 0.07725581 0.6672291 0.4845962 0.09294006 0.10120505 0.7275164 0.4968003 0.11525829
0.189 0.07628003 0.6590619 0.4801028 0.09126122 0.10010433 0.71928823 0.49258217 0.11318612
0.1895 0.07528072 0.6507881 0.4755158 0.08955961 0.0989697 0.71091723 0.48826626 0.11108306
0.19 0.07425814 0.6424099 0.4708369 0.08783564 0.09780151 0.7024058 0.48385382 0.10894966
0.1905 0.07321257 0.6339294 0.4660673 0.08608973 0.096599996 0.69375616 0.4793465 0.10678674
0.191 0.07214426 0.6253487 0.4612087 0.08432227 0.09536582 0.6849705 0.47474554 0.10459483
0.1915 0.07105348 0.6166699 0.4562625 0.08253364 0.09409922 0.67605066 0.47005245 0.10237461
0.192 0.06994049 0.6078951 0.45123 0.08072424 0.09280074 0.6669992 0.4652687 0.10012679
0.1925 0.06880555 0.5990261 0.4461128 0.0788944 0.0914709 0.65781784 0.46039551 0.09785184
0.193 0.06764892 0.5900649 0.440912 0.0770445 0.090109885 0.64850867 0.45543417 0.09555046
0.1935 0.06647085 0.5810134 0.4356292 0.07517486 0.088718474 0.6390736 0.45038608 0.093223274
0.194 0.06527159 0.5718734 0.4302657 0.07328583 0.08729696 0.62951463 0.44525245 0.09087084
0.1945 0.06405139 0.5626468 0.4248228 0.07137772 0.08584577 0.6198336 0.44003454 0.088493586
0.195 0.06281051 0.5533353 0.4193017 0.06945086 0.08436543 0.61003214 0.4347335 0.08609223
0.1955 0.06154918 0.5439406 0.4137039 0.06750554 0.08285648 0.6001122 0.4293503 0.08366728
0.196 0.06026765 0.5344645 0.4080305 0.06554206 0.08131915 0.5900753 0.4238862 0.081219256
0.1965 0.05896616 0.5249086 0.4022828 0.06356072 0.07975423 0.5799233 0.4183422 0.07874878
0.197 0.05764495 0.5152745 0.396462 0.06156181 0.07816225 0.56965756 0.41271922 0.07625623
0.1975 0.05630425 0.5055637 0.3905694 0.05954558 0.07654345 0.5592796 0.40701818 0.073742226
0.198 0.05494431 0.4957779 0.3846062 0.05751233 0.07489878 0.54879105 0.4012399 0.07120727
0.1985 0.05356535 0.4859186 0.3785734 0.05546231 0.07322848 0.5381932 0.39538506 0.068651825
0.199 0.0521676 0.4759872 0.3724724 0.05339578 0.07153314 0.5274874 0.38945442 0.06607641
0.1995 0.0507513 0.4659851 0.3663042 0.051313 0.06981361 0.5166749 0.38344848 0.06348151
0.2 0.04931666 0.4559139 0.3600699 0.0492142 0.06807035 0.50575686 0.37736797 0.06086773
0.2005 0.04788922 0.4458194 0.3538294 0.04714019 0.06613523 0.49484605 0.3712082 0.05838691
0.201 0.04653364 0.4358015 0.3476922 0.04516034 0.06413132 0.48399574 0.36501956 0.055990938
0.2015 0.04523983 0.4259002 0.3416477 0.0432518 0.062123116 0.47323954 0.35883188 0.053661194
0.202 0.04398378 0.4161372 0.3356753 0.04139854 0.06014454 0.46259993 0.35266396 0.05139238
0.2025 0.04275047 0.4065251 0.329763 0.03959401 0.058212575 0.45209268 0.3465276 0.049184624
0.203 0.04153231 0.3970719 0.3239059 0.03783501 0.056335803 0.4417294 0.34043074 0.047039937
0.2035 0.04032579 0.3877828 0.3181027 0.03611936 0.05451792 0.43151858 0.33437908 0.044960413
0.204 0.03912933 0.378661 0.3123539 0.03444524 0.05276024 0.42146677 0.32837647 0.0429474
0.2045 0.03794225 0.3697086 0.3066605 0.03281101 0.0510624 0.41157907 0.32242593 0.0410016
0.205 0.03676431 0.3609266 0.3010236 0.03121513 0.049423393 0.40185916 0.31652975 0.039122898
0.2055 0.03559542 0.3523152 0.2954445 0.02965618 0.047841843 0.39230984 0.31068975 0.037310537
0.206 0.03443562 0.343874 0.2899242 0.02813277 0.046315964 0.38293293 0.30490726 0.035563115
0.2065 0.03328494 0.3356019 0.2844637 0.02664362 0.04484349 0.37372962 0.29918337 0.033878934
0.207 0.03214346 0.3274976 0.2790637 0.0251875 0.043422576 0.36470038 0.29351902 0.03225598
0.2075 0.03101125 0.3195593 0.2737251 0.02376325 0.042050894 0.35584518 0.28791472 0.030691985
0.208 0.02988837 0.3117849 0.2684484 0.02236975 0.04072624 0.34716347 0.2823712 0.029184457
0.2085 0.0287749 0.3041721 0.2632341 0.02100596 0.03944629 0.33865425 0.2768887 0.027730908
0.209 0.02767089 0.2967184 0.2580826 0.01967088 0.038209137 0.33031625 0.2714676 0.02632859
0.2095 0.02657641 0.2894213 0.2529942 0.01836355 0.037012096 0.3221478 0.26610816 0.024974976
0.21 0.02549149 0.2822781 0.2479691 0.01708308 0.035853203 0.314147 0.26081032 0.023667444
0.2105 0.02441619 0.2752858 0.2430075 0.0158286 0.034730192 0.30631167 0.25557417 0.02240352
0.211 0.02335054 0.2684418 0.2381095 0.01459929 0.033640977 0.2986395 0.2503997 0.021180447
0.2115 0.02229457 0.2617431 0.2332751 0.01339437 0.03258341 0.29112807 0.24528678 0.019995917
0.212 0.02124832 0.2551869 0.2285042 0.01221309 0.03155547 0.2837746 0.24023537 0.018847521
0.2125 0.02021179 0.2487702 0.2237968 0.01105474 0.030555366 0.27657658 0.23524527 0.017732892
0.213 0.01918502 0.2424902 0.2191527 0.009918651 0.029581128 0.26953107 0.2303163 0.01664989
0.2135 0.018168 0.236344 0.2145717 0.00880416 0.02863103 0.26263526 0.22544827 0.015596274
0.214 0.01716075 0.2303287 0.2100536 0.007710653 0.027703164 0.2558862 0.2206408 0.0145702325
0.2145 0.01616327 0.2244416 0.2055982 0.006637533 0.026795981 0.24928094 0.21589385 0.013569798
0.215 0.01517555 0.2186799 0.2012051 0.005584235 0.025908051 0.24281652 0.2112069 0.012593146
0.2155 0.01419759 0.2130408 0.196874 0.004550213 0.025037764 0.23649009 0.20657976 0.011638533
0.216 0.01322938 0.2075217 0.1926045 0.003534946 0.024183689 0.23029865 0.2020121 0.010704476
0.2165 0.01227089 0.2021199 0.1883962 0.002537935 0.023344634 0.22423922 0.19750352 0.009789426
0.217 0.01132213 0.1968329 0.1842487 0.0015587 0.02251917 0.21830891 0.19305377 0.008892085
0.2175 0.01038305 0.191658 0.1801616 0.0005967801 0.021706222 0.21250492 0.18866254 0.008011054
0.218 0.009453649 0.1865929 0.1761344 -0.0003482658 0.020904718 0.20682439 0.18432938 0.007145103
0.2185 0.008533882 0.181635 0.1721666 -0.001276863 0.020113705 0.2012645 0.18005379 0.0062932037
0.219 0.007623724 0.176782 0.1682577 -0.00218942 0.01933187 0.19582254 0.1758356 0.005454343
0.2195 0.00672314 0.1720315 0.1644072 -0.003086329 0.018558739 0.19049582 0.17167436 0.004627522
0.22 0.005832093 0.1673812 0.1606146 -0.003967969 0.017793177 0.18528168 0.16756971 0.0038118921
0.2205 0.004950545 0.162829 0.1568792 -0.004834704 0.017034708 0.18017752 0.16352119 0.0030067228
0.221 0.004078453 0.1583726 0.1532005 -0.005686886 0.016282497 0.17518088 0.15952851 0.0022111349
0.2215 0.003215774 0.1540098 0.149578 -0.006524852 0.015535709 0.17028923 0.15559117 0.0014246367
0.222 0.00236246 0.1497387 0.1460111 -0.00734893 0.014794108 0.16550009 0.15170868 0.00064652786
0.2225 0.001518464 0.1455571 0.1424992 -0.008159434 0.014056799 0.1608112 0.14788087 -0.00012369826
0.223 0.000683735 0.141463 0.1390416 -0.00895667 0.013323364 0.15622018 0.14410718 -0.0008864738
0.2235 -0.0001417788 0.1374545 0.1356379 -0.00974093 0.012593565 0.15172483 0.14038713 -0.0016423501
0.224 -0.0009581314 0.1335297 0.1322873 -0.0105125 0.011866865 0.14732295 0.13672046 -0.0023916848
0.2245 -0.001765379 0.1296868 0.1289892 -0.01127166 0.011142847 0.14301248 0.1331067 -0.0031347908
0.225 -0.002563577 0.1259238 0.1257431 -0.01201866 0.0104213925 0.13879117 0.12954538 -0.003871996
0.2255 -0.003352786 0.1222391 0.1225483 -0.01275377 0.009702024 0.13465714 0.12603615 -0.0046035536
0.226 -0.004133065 0.1186309 0.1194041 -0.01347724 0.008984503 0.13060832 0.12257857 -0.005329717
0.2265 -0.004904475 0.1150975 0.1163101 -0.01418931 0.00826883 0.1266429 0.11917222 -0.00605068
0.227 -0.005667079 0.1116373 0.1132654 -0.01489022 0.007554588 0.12275895 0.11581663 -0.006766621
0.2275 -0.006420939 0.1082486 0.1102695 -0.01558018 0.0068415375 0.11895459 0.112511314 -0.0074776895
0.228 -0.007166122 0.1049298 0.1073218 -0.01625943 0.006129858 0.115228154 0.1092558 -0.008184049
0.2285 -0.007902691 0.1016795 0.1044216 -0.01692817 0.0054194303 0.111577876 0.106049754 -0.008885715
0.229 -0.008630714 0.09849607 0.1015684 -0.01758661 0.004709837 0.108002 0.10289279 -0.009582851
0.2295 -0.009350257 0.0953781 0.09876136 -0.01823495 0.004001376 0.10449897 0.09978423 -0.010275502
0.23 -0.01006139 0.09232412 0.096 -0.0188734 0.0032938095 0.10106721 0.09672392 -0.010963637
0.2305 -0.01076418 0.08933275 0.09328366 -0.01950214 0.002587256 0.09770518 0.093711175 -0.011647392
0.231 -0.01145869 0.0864026 0.09061173 -0.02012135 0.0018814178 0.094411306 0.090745755 -0.012326796
0.2315 -0.012145 0.08353235 0.08798358 -0.02073122 0.0011767717 0.091184214 0.087826975 -0.013001729
0.232 -0.01282318 0.08072069 0.08539859 -0.02133192 0.00047301973 0.088022344 0.08495448 -0.013672326
0.2325 -0.01349329 0.07796633 0.08285616 -0.02192363 -0.00022971904 0.08492445 0.08212785 -0.014338512
0.233 -0.01415541 0.07526803 0.08035567 -0.0225065 -0.0009313253 0.08188904 0.079346605 -0.015000273
0.2335 -0.01480961 0.07262457 0.07789652 -0.0230807 -0.0016318588 0.07891487 0.076610275 -0.015657578
0.234 -0.01545596 0.07003476 0.07547811 -0.0236464 -0.0023310808 0.07600068 0.07391832 -0.016310427
0.2345 -0.01609453 0.06749743 0.07309984 -0.02420373 -0.0030290512 0.07314514 0.07127047 -0.016958732
0.235 -0.01672539 0.06501145 0.07076112 -0.02475286 -0.0037256507 0.07034712 0.06866614 -0.017602477
0.2355 -0.01734863 0.06257572 0.06846137 -0.02529392 -0.00442076 0.067605324 0.06610481 -0.018241648
0.236 -0.0179643 0.06018913 0.0662 -0.02582706 -0.0051140813 0.064918615 0.06358606 -0.018876169
0.2365 -0.01857248 0.05785064 0.06397643 -0.02635243 -0.005805853 0.062285922 0.06110943 -0.019505937
0.237 -0.01917325 0.0555592 0.0617901 -0.02687015 -0.006495717 0.059706084 0.058674492 -0.020130966
0.2375 -0.01976667 0.05331381 0.05964044 -0.02738036 -0.007183614 0.057178013 0.05628059 -0.020751212
0.238 -0.02035283 0.05111347 0.05752689 -0.02788318 -0.007869425 0.05470068 0.05392749 -0.021366585
0.2385 -0.02093178 0.04895722 0.05544889 -0.02837875 -0.0085530905 0.05227308 0.05161456 -0.021976966
0.239 -0.02150361 0.04684412 0.05340589 -0.02886719 -0.009234372 0.049894147 0.049341448 -0.022582475
0.2395 -0.02206839 0.04477323 0.05139735 -0.02934862 -0.00991309 0.047562942 0.047107525 -0.023182932
0.24 -0.02262618 0.04274366 0.04942274 -0.02982315 -0.010589304 0.045278464 0.044912495 -0.023778278
0.2405 -0.02317706 0.04075452 0.04748151 -0.03029091 -0.011262658 0.04303988 0.04275582 -0.024368484
0.241 -0.02372111 0.03880496 0.04557316 -0.030752 -0.01193321 0.040846143 0.040636964 -0.024953473
0.2415 -0.02425839 0.03689413 0.04369715 -0.03120653 -0.012600663 0.038696446 0.03855551 -0.025533218
0.242 -0.02478897 0.03502121 0.04185297 -0.03165462 -0.013265076 0.0365899 0.03651104 -0.026107688
0.2425 -0.02531293 0.03318539 0.04004012 -0.03209636 -0.013926211 0.034525603 0.03450287 -0.026676793
0.243 -0.02583034 0.03138589 0.0382581 -0.03253187 -0.014583769 0.032502793 0.03253082 -0.027240548
0.2435 -0.02634126 0.02962193 0.03650641 -0.03296124 -0.015237871 0.03052058 0.030594237 -0.027798805
0.244 -0.02684577 0.02789277 0.03478456 -0.03338458 -0.015888216 0.0285782 0.0286927 -0.028351653
0.2445 -0.02734394 0.02619767 0.03309206 -0.03380197 -0.016534926 0.026674882 0.026825704 -0.028898973
0.245 -0.02783583 0.02453591 0.03142846 -0.03421352 -0.017177643 0.024809815 0.024992801 -0.029440764
0.2455 -0.02832152 0.02290679 0.02979326 -0.03461932 -0.017816307 0.022982314 0.023193665 -0.029976953
0.246 -0.02880108 0.02130962 0.02818602 -0.03501945 -0.018450739 0.021191597 0.021427669 -0.030507538
0.2465 -0.02927456 0.01974373 0.02660627 -0.03541401 -0.019081058 0.019436955 0.019694395 -0.031032417
0.247 -0.02974205 0.01820847 0.02505356 -0.03580309 -0.019706966 0.017717682 0.017993309 -0.031551648
0.2475 -0.0302036 0.01670319 0.02352745 -0.03618677 -0.020328285 0.016033135 0.01632417 -0.032065187
0.248 -0.03065929 0.01522727 0.02202749 -0.03656514 -0.020944955 0.01438255 0.014686354 -0.032573033
0.2485 -0.03110918 0.01378009 0.02055326 -0.03693827 -0.021557035 0.012765356 0.013079383 -0.03307507
0.249 -0.03155334 0.01236105 0.01910433 -0.03730625 -0.022164168 0.011180826 0.01150299 -0.03357144
0.2495 -0.03199183 0.01096957 0.01768028 -0.03766916 -0.022766592 0.009628394 0.009956517 -0.034062
0.25 -0.03242472 0.009605069 0.01628068 -0.03802708 -0.02336395 0.00810738 0.008439609 -0.03454678
0.2505 -0.03285208 0.008266991 0.01490515 -0.03838008 -0.023956241 0.006617219 0.0069519063 -0.035025794
0.251 -0.03327396 0.006954785 0.01355326 -0.03872824 -0.024543347 0.005157293 0.0054927547 -0.03549898
0.2515 -0.03369043 0.005667916 0.01222463 -0.03907163 -0.025125207 0.0037270198 0.0040618856 -0.035966415
0.252 -0.03410156 0.004405858 0.01091886 -0.03941033 -0.025701704 0.0023258114 0.0026588817 -0.03642801
0.2525 -0.0345074 0.003168099 0.009635573 -0.03974439 -0.026272895 0.000953109 0.0012832066 -0.03688376
0.253 -0.03490802 0.001954137 0.008374384 -0.04007391 -0.026838662 -0.0003916314 -6.543787e-05 -0.037333656
0.2535 -0.03530349 0.0007634806 0.007134921 -0.04039893 -0.027398886 -0.0017089164 -0.0013875583 -0.03777786
0.254 -0.03569385 -0.0004043497 0.005916815 -0.04071954 -0.027953507 -0.0029993644 -0.0026836018 -0.038216222
0.2545 -0.03607919 -0.001549823 0.004719706 -0.04103579 -0.028502526 -0.0042634225 -0.003953896 -0.038648847
0.255 -0.03645954 -0.0026734 0.003543235 -0.04134775 -0.029045822 -0.005501657 -0.005198918 -0.039075706
0.2555 -0.03683498 -0.003775528 0.002387052 -0.04165548 -0.029583575 -0.006714477 -0.0064190845 -0.039496798
0.256 -0.03720555 -0.004856648 0.001250812 -0.04195905 -0.030115368 -0.007902517 -0.0076148133 -0.039912138
0.2565 -0.03757133 -0.005917189 0.0001341724 -0.04225852 -0.030641438 -0.009066119 -0.0087864315 -0.040321816
0.257 -0.03793237 -0.006957572 -0.0009632002 -0.04255394 -0.031161549 -0.010205871 -0.009934417 -0.04072571
0.2575 -0.03828873 -0.007978207 -0.002041636 -0.04284538 -0.031675998 -0.011322192 -0.011059037 -0.041124005
0.258 -0.03864045 -0.008979498 -0.00310146 -0.0431329 -0.032184426 -0.01241549 -0.012160889 -0.041516636
0.2585 -0.03898761 -0.009961838 -0.00414299 -0.04341655 -0.032686923 -0.013486258 -0.01324018 -0.041903634
0.259 -0.03933025 -0.01092561 -0.005166542 -0.04369639 -0.03318352 -0.014534927 -0.014297328 -0.042285044
0.2595 -0.03966844 -0.0118712 -0.006172425 -0.04397247 -0.033674095 -0.015561952 -0.01533281 -0.04266091
0.26 -0.04000222 -0.01279896 -0.007160943 -0.04424485 -0.03415868 -0.016567737 -0.016346894 -0.04303119
0.2605 -0.04033165 -0.01370927 -0.008132395 -0.04451358 -0.034637276 -0.017552659 -0.017339937 -0.043395955
0.261 -0.04065678 -0.01460246 -0.009087075 -0.04477871 -0.03510988 -0.018517174 -0.018312387 -0.043755252
0.2615 -0.04097767 -0.0154789 -0.01002527 -0.04504031 -0.035576466 -0.019461684 -0.019264631 -0.04410917
0.262 -0.04129437 -0.01633891 -0.01094728 -0.0452984 -0.03603712 -0.020386562 -0.020196937 -0.044457633
0.2625 -0.04160693 -0.01718283 -0.01185336 -0.04555306 -0.036491636 -0.021292195 -0.021109693 -0.044800777
0.263 -0.0419154 -0.01801098 -0.01274381 -0.04580431 -0.03694028 -0.022178963 -0.022003226 -0.0451386
0.2635 -0.04221983 -0.01882368 -0.01361889 -0.04605223 -0.037382934 -0.023047246 -0.022877924 -0.045471165
0.264 -0.04252029 -0.01962123 -0.01447886 -0.04629684 -0.037819568 -0.023897424 -0.023734204 -0.04579844
0.2645 -0.0428168 -0.02040395 -0.01532399 -0.0465382 -0.03825021 -0.02472981 -0.024572216 -0.046120528
0.265 -0.04310943 -0.02117212 -0.01615454 -0.04677636 -0.038675014 -0.025544725 -0.025392376 -0.04643749
0.2655 -0.04339822 -0.02192604 -0.01697076 -0.04701136 -0.039093677 -0.026342623 -0.026195072 -0.046749342
0.266 -0.04368322 -0.02266599 -0.01777291 -0.04724324 -0.03950653 -0.027123787 -0.026980571 -0.047056112
0.2665 -0.04396449 -0.02339224 -0.01856121 -0.04747204 -0.03991354 -0.027888536 -0.027749173 -0.04735789
0.267 -0.04424205 -0.02410509 -0.01933593 -0.04769782 -0.04031459 -0.028637163 -0.028501146 -0.047654677
0.2675 -0.04451598 -0.02480477 -0.02009728 -0.04792061 -0.040709887 -0.029370092 -0.029237024 -0.047946636
0.268 -0.0447863 -0.02549157 -0.02084552 -0.04814046 -0.041099284 -0.030087546 -0.02995696 -0.04823366
0.2685 -0.04505306 -0.02616573 -0.02158085 -0.04835741 -0.04148308 -0.03078986 -0.030661218 -0.04851586
0.269 -0.04531632 -0.02682751 -0.02230352 -0.04857149 -0.04186097 -0.031477317 -0.03135016 -0.04879329
0.2695 -0.04557611 -0.02747715 -0.02301374 -0.04878274 -0.042233173 -0.032150276 -0.032024078 -0.049066115
0.27 -0.04583247 -0.02811488 -0.02371173 -0.04899122 -0.04259986 -0.032808892 -0.032683156 -0.049334127
0.2705 -0.04608547 -0.02874095 -0.02439771 -0.04919694 -0.042960767 -0.033453606 -0.03332781 -0.04959758
0.271 -0.04633512 -0.02935558 -0.02507187 -0.04939996 -0.0433161 -0.034084663 -0.03395825 -0.049856488
0.2715 -0.04658149 -0.02995899 -0.02573444 -0.04960031 -0.04366586 -0.03470225 -0.0345748 -0.05011094
0.272 -0.04682461 -0.03055141 -0.02638561 -0.04979803 -0.044010106 -0.03530675 -0.03517776 -0.050360832
0.2725 -0.04706452 -0.03113306 -0.02702558 -0.04999315 -0.04434893 -0.035898343 -0.03576734 -0.050606433
0.273 -0.04730126 -0.03170414 -0.02765455 -0.05018571 -0.044682268 -0.03647735 -0.036343835 -0.050847594
0.2735 -0.04753488 -0.03226485 -0.02827271 -0.05037574 -0.04501039 -0.037043996 -0.036907487 -0.051084477
0.274 -0.04776542 -0.03281541 -0.02888026 -0.05056329 -0.04533315 -0.037598535 -0.03745859 -0.051317174
0.2745 -0.04799291 -0.03335601 -0.02947737 -0.05074837 -0.045650605 -0.03814119 -0.037997358 -0.051545713
0.275 -0.04821739 -0.03388684 -0.03006422 -0.05093103 -0.045962784 -0.03867226 -0.038523994 -0.051770005
0.2755 -0.04843891 -0.03440809 -0.03064101 -0.05111131 -0.046269838 -0.039191887 -0.03903877 -0.05199032
0.276 -0.0486575 -0.03491995 -0.03120791 -0.05128922 -0.046571765 -0.03970036 -0.039541952 -0.05220652
0.2765 -0.0488732 -0.03542261 -0.03176508 -0.05146481 -0.046868656 -0.040197946 -0.0400339 -0.052418876
0.277 -0.04908605 -0.03591623 -0.0323127 -0.0516381 -0.04716057 -0.040684804 -0.04051461 -0.05262721
0.2775 -0.04929608 -0.03640099 -0.03285094 -0.05180914 -0.047447477 -0.041161194 -0.040984444 -0.052831758
0.278 -0.04950333 -0.03687707 -0.03337997 -0.05197794 -0.047729496 -0.041627303 -0.041443698 -0.05303246
0.2785 -0.04970784 -0.03734463 -0.03389993 -0.05214454 -0.04800651 -0.042083338 -0.041892342 -0.05322944
0.279 -0.04990964 -0.03780384 -0.034411 -0.05230897 -0.048278842 -0.04252953 -0.042330794 -0.05342268
0.2795 -0.05010877 -0.03825485 -0.03491333 -0.05247125 -0.048546467 -0.042966098 -0.04275935 -0.05361231
0.28 -0.05030526 -0.03869783 -0.03540707 -0.05263142 -0.048809413 -0.043393224 -0.043178014 -0.05379832
0.2805 -0.05049915 -0.03913292 -0.03589238 -0.05278951 -0.04906777 -0.043811075 -0.04358708 -0.05398077
0.281 -0.05069047 -0.03956028 -0.03636939 -0.05294554 -0.049321447 -0.04421985 -0.04398673 -0.05415981
0.2815 -0.05087926 -0.03998005 -0.03683826 -0.05309955 -0.049570654 -0.044619776 -0.0443772 -0.05433542
0.282 -0.05106554 -0.04039239 -0.03729913 -0.05325155 -0.04981545 -0.045010984 -0.04475858 -0.05450763
0.2825 -0.05124936 -0.04079743 -0.03775214 -0.05340157 -0.050055865 -0.045393653 -0.04513123 -0.05467649
0.283 -0.05143074 -0.04119531 -0.03819743 -0.05354965 -0.05029187 -0.045768015 -0.045495175 -0.054842073
0.2835 -0.05160971 -0.04158617 -0.03863513 -0.05369581 -0.050523642 -0.04613422 -0.045850717 -0.05500445
0.284 -0.05178631 -0.04197013 -0.03906538 -0.05384007 -0.050751183 -0.046492428 -0.046197943 -0.05516367
0.2845 -0.05196057 -0.04234734 -0.0394883 -0.05398246 -0.05097458 -0.04684283 -0.046537153 -0.05531982
0.285 -0.05213252 -0.04271792 -0.03990403 -0.054123 -0.051193867 -0.047185563 -0.046868436 -0.05547281
0.2855 -0.05230219 -0.04308199 -0.04031269 -0.05426172 -0.05140904 -0.047520787 -0.04719203 -0.055622894
0.286 -0.05246961 -0.04343967 -0.0407144 -0.05439865 -0.051620368 -0.04784868 -0.047507964 -0.05576991
0.2865 -0.05263481 -0.0437911 -0.04110929 -0.0545338 -0.051827643 -0.048169352 -0.047816478 -0.05591399
0.287 -0.05279781 -0.04413638 -0.04149748 -0.05466721 -0.052031104 -0.048483007 -0.04811772 -0.056055207
0.2875 -0.05295865 -0.04447563 -0.04187908 -0.05479889 -0.05223078 -0.048789777 -0.048411988 -0.056193624
0.288 -0.05311736 -0.04480896 -0.04225422 -0.05492886 -0.05242664 -0.04908982 -0.048699282 -0.05632921
0.2885 -0.05327396 -0.04513649 -0.04262299 -0.05505716 -0.052618776 -0.049383238 -0.04897984 -0.056462143
0.289 -0.05342849 -0.04545833 -0.04298552 -0.0551838 -0.052807365 -0.049670197 -0.049253725 -0.056592394
0.2895 -0.05358096 -0.04577457 -0.04334191 -0.0553088 -0.05299223 -0.049950823 -0.04952117 -0.056719977
0.29 -0.05373141 -0.04608532 -0.04369227 -0.05543219 -0.053173605 -0.050225288 -0.04978221 -0.05684497
0.2905 -0.05387986 -0.0463907 -0.04403671 -0.05555398 -0.053351585 -0.050493658 -0.05003714 -0.05696744
0.291 -0.05402635 -0.04669079 -0.04437533 -0.05567421 -0.053526048 -0.05075611 -0.050285928 -0.05708744
0.2915 -0.05417088 -0.04698569 -0.04470823 -0.05579288 -0.053697143 -0.05101277 -0.050528817 -0.05720495
0.292 -0.0543135 -0.0472755 -0.04503551 -0.05591003 -0.05386493 -0.05126375 -0.050765954 -0.057320017
0.2925 -0.05445423 -0.04756033 -0.04535728 -0.05602566 -0.05402944 -0.05150915 -0.05099734 -0.057432715
0.293 -0.05459309 -0.04784024 -0.04567361 -0.0561398 -0.05419082 -0.051749103 -0.05122327 -0.057543073
0.2935 -0.0547301 -0.04811535 -0.04598462 -0.05625248 -0.05434889 -0.051983736 -0.051443778 -0.05765115
0.294 -0.0548653 -0.04838574 -0.0462904 -0.0563637 -0.05450401 -0.05221317 -0.05165895 -0.057756964
0.2945 -0.0549987 -0.04865148 -0.04659102 -0.05647349 -0.054655973 -0.052437507 -0.051868938 -0.05786069
0.295 -0.05513033 -0.04891268 -0.0468866 -0.05658187 -0.054804835 -0.05265685 -0.052073978 -0.057962168
0.2955 -0.05526021 -0.04916942 -0.0471772 -0.05668885 -0.054951016 -0.05287131 -0.05227407 -0.05806153
0.296 -0.05538837 -0.04942176 -0.04746293 -0.05679446 -0.055094127 -0.05308102 -0.052469425 -0.05815882
0.2965 -0.05551483 -0.04966981 -0.04774386 -0.05689871 -0.055234496 -0.053286 -0.05265992 -0.058254126
0.297 -0.05563961 -0.04991363 -0.04802008 -0.05700162 -0.055372003 -0.053486407 -0.052845858 -0.058347363
0.2975 -0.05576273 -0.0501533 -0.04829167 -0.05710321 -0.05550668 -0.053682387 -0.053027354 -0.058438692
0.298 -0.05588422 -0.0503889 -0.04855871 -0.05720349 -0.055638615 -0.053873956 -0.05320444 -0.058528055
0.2985 -0.05600409 -0.0506205 -0.04882129 -0.05730249 -0.055768047 -0.05406122 -0.053377174 -0.058615554
0.299 -0.05612238 -0.05084817 -0.04907947 -0.05740021 -0.055894766 -0.054244347 -0.053545825 -0.058701176
0.2995 -0.05623909 -0.05107199 -0.04933333 -0.05749668 -0.056018922 -0.054423317 -0.053710364 -0.05878498
0.3 -0.05635426 -0.05129203 -0.04958295 -0.05759191 -0.056140635 -0.054598317 -0.05387082 -0.058866907
0.3005 -0.0564679 -0.05150836 -0.04982841 -0.05768592 -0.056259815 -0.054769404 -0.05402746 -0.058947194
0.301 -0.05658002 -0.05172103 -0.05006977 -0.05777873 -0.05637652 -0.054936662 -0.054180227 -0.05902574
0.3015 -0.05669067 -0.05193013 -0.05030711 -0.05787034 -0.056490872 -0.055100143 -0.05432933 -0.059102554
0.302 -0.05679984 -0.0521357 -0.05054049 -0.05796078 -0.05660287 -0.055259913 -0.054474674 -0.05917773
0.3025 -0.05690756 -0.05233783 -0.05076999 -0.05805006 -0.05671257 -0.05541613 -0.054616533 -0.059251342
0.303 -0.05701386 -0.05253656 -0.05099567 -0.0581382 -0.05682004 -0.055568844 -0.054754935 -0.0593233
0.3035 -0.05711874 -0.05273196 -0.0512176 -0.05822521 -0.05692527 -0.05571811 -0.05488997 -0.059393797
0.304 -0.05722224 -0.05292409 -0.05143585 -0.0583111 -0.057028417 -0.055863954 -0.055021666 -0.05946273
0.3045 -0.05732436 -0.05311301 -0.05165046 -0.0583959 -0.057129417 -0.056006588 -0.055150144 -0.059530172
0.305 -0.05742513 -0.05329878 -0.05186152 -0.05847961 -0.05722818 -0.05614598 -0.055275492 -0.05959608
0.3055 -0.05752456 -0.05348144 -0.05206908 -0.05856225 -0.05732498 -0.056282192 -0.05539774 -0.059660587
0.306 -0.05762267 -0.05366107 -0.05227321 -0.05864383 -0.05741969 -0.056415364 -0.05551698 -0.05972374
0.3065 -0.05771948 -0.05383771 -0.05247395 -0.05872436 -0.057512525 -0.056545503 -0.05563321 -0.059785504
0.307 -0.057815 -0.05401141 -0.05267137 -0.05880387 -0.057603452 -0.05667273 -0.055746637 -0.059845883
0.3075 -0.05790926 -0.05418223 -0.05286553 -0.05888236 -0.057692263 -0.056797072 -0.055857323 -0.059905056
0.308 -0.05800227 -0.05435022 -0.05305648 -0.05895985 -0.057779375 -0.05691862 -0.055965208 -0.059962768
0.3085 -0.05809405 -0.05451543 -0.05324428 -0.05903634 -0.05786464 -0.057037383 -0.05607044 -0.060019273
0.309 -0.05818461 -0.05467791 -0.05342898 -0.05911186 -0.057948057 -0.05715347 -0.05617308 -0.06007457
0.3095 -0.05827397 -0.0548377 -0.05361064 -0.05918642 -0.058029775 -0.057266906 -0.056273185 -0.060128633
0.31 -0.05836215 -0.05499486 -0.0537893 -0.05926002 -0.058109704 -0.057377808 -0.056370817 -0.060181547
0.3105 -0.05844916 -0.05514943 -0.05396503 -0.05933268 -0.058187876 -0.057486147 -0.056466036 -0.060233194
0.311 -0.05853501 -0.05530146 -0.05413786 -0.05940442 -0.058264557 -0.057592034 -0.0565589 -0.060283724
0.3115 -0.05861973 -0.05545098 -0.05430786 -0.05947524 -0.0583396 -0.05769553 -0.05664944 -0.06033321
0.312 -0.05870332 -0.05559806 -0.05447506 -0.05954515 -0.058412913 -0.057796672 -0.056737773 -0.060381565
0.3125 -0.05878581 -0.05574272 -0.05463952 -0.05961417 -0.058484737 -0.05789555 -0.056823842 -0.060428817
0.313 -0.05886721 -0.05588501 -0.05480128 -0.05968232 -0.05855504 -0.057992116 -0.056907825 -0.06047507
0.3135 -0.05894752 -0.05602498 -0.0549604 -0.05974959 -0.058623765 -0.0580865 -0.056989692 -0.060520265
0.314 -0.05902678 -0.05616265 -0.0551169 -0.059816 -0.058691088 -0.05817876 -0.057069562 -0.060564477
0.3145 -0.05910498 -0.05629809 -0.05527085 -0.05988157 -0.05875686 -0.05826886 -0.057147495 -0.060607675
0.315 -0.05918215 -0.05643131 -0.05542228 -0.0599463 -0.058821384 -0.058356933 -0.057223342 -0.06064989
0.3155 -0.0592583 -0.05656236 -0.05557123 -0.06001021 -0.058884386 -0.05844301 -0.05729737 -0.060691226
0.316 -0.05933344 -0.05669129 -0.05571776 -0.06007331 -0.058946107 -0.05852714 -0.057369523 -0.06073161
0.3165 -0.05940759 -0.05681812 -0.05586189 -0.06013559 -0.059006546 -0.058609284 -0.057439856 -0.060771096
0.317 -0.05948075 -0.05694289 -0.05600368 -0.06019709 -0.059065584 -0.05868961 -0.05750846 -0.060809705
0.3175 -0.05955295 -0.05706564 -0.05614316 -0.0602578 -0.05912331 -0.058768086 -0.057575367 -0.06084739
0.318 -0.05962419 -0.0571864 -0.05628036 -0.06031774 -0.059179876 -0.058844745 -0.057640634 -0.060884286
0.3185 -0.05969449 -0.05730521 -0.05641534 -0.06037692 -0.05923525 -0.058919698 -0.057704173 -0.060920317
0.319 -0.05976386 -0.0574221 -0.05654812 -0.06043534 -0.05928928 -0.0589929 -0.05776622 -0.060955558
0.3195 -0.05983231 -0.0575371 -0.05667875 -0.06049302 -0.05934224 -0.059064433 -0.05782666 -0.060989965
0.32 -0.05989986 -0.05765026 -0.05680725 -0.06054996 -0.059394035 -0.059134297 -0.05788558 -0.06102367
0.3205 -0.05996651 -0.05776159 -0.05693368 -0.06060618 -0.05944473 -0.059202574 -0.05794295 -0.061056588
0.321 -0.06003229 -0.05787113 -0.05705805 -0.06066169 -0.0594942 -0.059269287 -0.057999037 -0.06108882
0.3215 -0.06009719 -0.05797891 -0.05718041 -0.06071649 -0.05954269 -0.05933447 -0.058053635 -0.06112023
0.322 -0.06016124 -0.05808496 -0.0573008 -0.06077059 -0.059590135 -0.059398144 -0.058106713 -0.061150987
0.3225 -0.06022444 -0.05818931 -0.05741924 -0.060824 -0.059636507 -0.05946038 -0.05815866 -0.061180983
0.323 -0.0602868 -0.05829199 -0.05753576 -0.06087674 -0.059681896 -0.059521183 -0.058209203 -0.06121031
0.3235 -0.06034834 -0.05839303 -0.05765041 -0.0609288 -0.05972627 -0.05958058 -0.058258556 -0.06123895
0.324 -0.06040907 -0.05849246 -0.0577632 -0.0609802 -0.059769604 -0.05963864 -0.058306597 -0.061267007
0.3245 -0.060469 -0.0585903 -0.05787418 -0.06103095 -0.059812043 -0.05969531 -0.058353476 -0.061294395
0.325 -0.06052813 -0.05868658 -0.05798337 -0.06108105 -0.059853498 -0.05975072 -0.058399193 -0.061321113
0.3255 -0.06058649 -0.05878133 -0.05809081 -0.06113052 -0.05989415 -0.05980487 -0.058443688 -0.06134722
0.326 -0.06064407 -0.05887457 -0.05819652 -0.06117936 -0.059933845 -0.05985774 -0.05848717 -0.061372805
0.3265 -0.0607009 -0.05896633 -0.05830053 -0.06122758 -0.059972618 -0.059909433 -0.05852949 -0.06139781
0.327 -0.06075697 -0.05905664 -0.05840287 -0.06127518 -0.060010497 -0.05995989 -0.058570735 -0.061422233
0.3275 -0.06081231 -0.05914551 -0.05850357 -0.06132218 -0.06004754 -0.060009204 -0.05861091 -0.06144612
0.328 -0.06086691 -0.05923298 -0.05860266 -0.06136859 -0.06008381 -0.06005737 -0.0586501 -0.061469425
0.3285 -0.0609208 -0.05931906 -0.05870016 -0.0614144 -0.060119305 -0.060104445 -0.058688305 -0.06149221
0.329 -0.06097397 -0.05940379 -0.0587961 -0.06145964 -0.060154025 -0.060150377 -0.05872553 -0.061514426
0.3295 -0.06102644 -0.05948717 -0.05889051 -0.0615043 -0.06018797 -0.06019532 -0.058761798 -0.061536256
0.33 -0.06107822 -0.05956924 -0.05898341 -0.06154839 -0.06022114 -0.06023918 -0.058797203 -0.061557505
0.3305 -0.06112932 -0.05965002 -0.05907482 -0.06159192 -0.060253534 -0.06028206 -0.058831684 -0.061578203
0.331 -0.06117975 -0.05972953 -0.05916478 -0.0616349 -0.060285244 -0.060323916 -0.05886533 -0.061598588
0.3315 -0.06122951 -0.05980779 -0.05925331 -0.06167734 -0.0603163 -0.060364828 -0.058898084 -0.06161842
0.332 -0.06127861 -0.05988482 -0.05934042 -0.06171924 -0.060346637 -0.060404792 -0.058929972 -0.06163772
0.3325 -0.06132707 -0.05996064 -0.05942615 -0.0617606 -0.06037623 -0.06044387 -0.058961146 -0.061656658
0.333 -0.06137489 -0.06003527 -0.05951052 -0.06180144 -0.06040514 -0.06048201 -0.058991484 -0.061675105
0.3335 -0.06142208 -0.06010874 -0.05959355 -0.06184177 -0.06043351 -0.06051925 -0.059021138 -0.06169318
0.334 -0.06146865 -0.06018106 -0.05967526 -0.06188158 -0.060461197 -0.06055563 -0.059049927 -0.06171075
0.3345 -0.06151461 -0.06025224 -0.05975567 -0.06192089 -0.060488287 -0.06059117 -0.059078 -0.061728004
0.335 -0.06155996 -0.06032232 -0.05983481 -0.0619597 -0.060514603 -0.060625903 -0.05910536 -0.061744872
0.3355 -0.06160471 -0.06039131 -0.05991269 -0.06199801 -0.06054053 -0.06065979 -0.059132062 -0.061761323
0.336 -0.06164888 -0.06045922 -0.05998935 -0.06203584 -0.060565803 -0.06069296 -0.05915805 -0.0617774
0.3365 -0.06169246 -0.06052607 -0.06006479 -0.0620732 -0.06059045 -0.06072531 -0.05918341 -0.061793122
0.337 -0.06173547 -0.06059189 -0.06013904 -0.06211008 -0.06061468 -0.06075692 -0.059208117 -0.061808486
0.3375 -0.06177792 -0.06065668 -0.06021211 -0.06214649 -0.06063837 -0.060787804 -0.059232228 -0.061823476
0.338 -0.0618198 -0.06072047 -0.06028404 -0.06218244 -0.06066144 -0.06081797 -0.059255682 -0.061838064
0.3385 -0.06186114 -0.06078327 -0.06035483 -0.06221793 -0.060684 -0.060847417 -0.05927854 -0.06185234
0.339 -0.06190193 -0.0608451 -0.06042451 -0.06225298 -0.060706142 -0.06087619 -0.059300803 -0.06186633
0.3395 -0.06194219 -0.06090597 -0.06049309 -0.06228758 -0.06072763 -0.060904287 -0.05932244 -0.061879937
0.34 -0.06198191 -0.06096591 -0.06056059 -0.06232174 -0.06074876 -0.060931742 -0.05934366 -0.061893214
0.3405 -0.06202112 -0.06102492 -0.06062703 -0.06235547 -0.060769264 -0.060958564 -0.05936434 -0.06190628
0.341 -0.06205981 -0.06108301 -0.06069243 -0.06238878 -0.0607895 -0.060984753 -0.059384428 -0.061919037
0.3415 -0.06209799 -0.06114022 -0.0607568 -0.06242166 -0.06080908 -0.06101037 -0.059404038 -0.061931465
0.342 -0.06213567 -0.06119654 -0.06082017 -0.06245413 -0.06082836 -0.061035365 -0.05942317 -0.061943565
0.3425 -0.06217286 -0.061252 -0.06088254 -0.06248618 -0.060847167 -0.061059743 -0.059441738 -0.06195541
0.343 -0.06220956 -0.06130661 -0.06094394 -0.06251783 -0.060865555 -0.061083578 -0.059459828 -0.06196702
0.3435 -0.06224577 -0.06136037 -0.06100437 -0.06254908 -0.060883496 -0.06110686 -0.05947756 -0.061978314
0.344 -0.06228151 -0.06141332 -0.06106386 -0.06257993 -0.06090105 -0.061129607 -0.059494786 -0.061989356
0.3445 -0.06231678 -0.06146545 -0.06112243 -0.0626104 -0.060918186 -0.061151817 -0.059511624 -0.062000114
0.345 -0.06235159 -0.06151679 -0.06118008 -0.06264047 -0.060934994 -0.06117352 -0.059527926 -0.06201059
0.3455 -0.06238594 -0.06156734 -0.06123683 -0.06267017 -0.060951386 -0.06119471 -0.05954387 -0.062020887
0.346 -0.06241984 -0.06161712 -0.0612927 -0.06269949 -0.06096736 -0.06121541 -0.059559397 -0.06203096
0.3465 -0.0624533 -0.06166614 -0.06134769 -0.06272844 -0.060983036 -0.06123563 -0.059574567 -0.062040765
0.347 -0.06248632 -0.06171442 -0.06140184 -0.06275703 -0.060998384 -0.06125535 -0.05958938 -0.06205033
0.3475 -0.0625189 -0.06176196 -0.06145514 -0.06278525 -0.061013374 -0.06127464 -0.059603743 -0.06205966
0.348 -0.06255106 -0.06180877 -0.06150761 -0.06281312 -0.06102789 -0.061293453 -0.05961769 -0.06206881
0.3485 -0.0625828 -0.06185488 -0.06155927 -0.06284063 -0.061042134 -0.061311856 -0.05963134 -0.062077735
0.349 -0.06261412 -0.06190028 -0.06161013 -0.0628678 -0.061055962 -0.06132981 -0.05964466 -0.062086497
0.3495 -0.06264503 -0.061945 -0.0616602 -0.06289462 -0.06106964 -0.061347403 -0.059657685 -0.062094975
0.35 -0.06267554 -0.06198904 -0.0617095 -0.06292111 -0.061082933 -0.061364554 -0.059670262 -0.062103305
0.3505 -0.06270564 -0.06203241 -0.06175803 -0.06294726 -0.061095987 -0.06138128 -0.0596826 -0.06211144
0.351 -0.06273535 -0.06207512 -0.06180582 -0.06297308 -0.061108682 -0.06139762 -0.05969467 -0.0621194
0.3515 -0.06276468 -0.06211719 -0.06185287 -0.06299857 -0.06112108 -0.06141357 -0.059706353 -0.062127177
0.352 -0.06279362 -0.06215863 -0.06189919 -0.06302374 -0.06113318 -0.06142918 -0.059717767 -0.062134687
0.3525 -0.06282218 -0.06219944 -0.06194479 -0.06304859 -0.0611451 -0.06144441 -0.059728943 -0.062142048
0.353 -0.06285036 -0.06223963 -0.0619897 -0.06307313 -0.061156664 -0.061459266 -0.0597397 -0.062149305
0.3535 -0.06287818 -0.06227922 -0.06203391 -0.06309736 -0.0611679 -0.061473787 -0.05975028 -0.062156353
0.354 -0.06290563 -0.06231821 -0.06207744 -0.06312128 -0.061178986 -0.06148798 -0.059760563 -0.062163267
0.3545 -0.06293273 -0.06235662 -0.06212031 -0.0631449 -0.061189774 -0.061501816 -0.059770606 -0.062170003
0.355 -0.06295947 -0.06239445 -0.06216251 -0.06316822 -0.061200384 -0.06151534 -0.05978035 -0.06217656
0.3555 -0.06298586 -0.06243172 -0.06220407 -0.06319125 -0.061210636 -0.061528563 -0.05978989 -0.062182967
0.356 -0.0630119 -0.06246842 -0.06224499 -0.06321399 -0.06122071 -0.061541446 -0.059799127 -0.06218921
0.3565 -0.06303761 -0.06250458 -0.06228529 -0.06323644 -0.061230633 -0.061554074 -0.059808217 -0.062195305
0.357 -0.06306298 -0.06254019 -0.06232497 -0.06325861 -0.0612402 -0.06156636 -0.05981707 -0.062201265
0.3575 -0.06308802 -0.06257527 -0.06236404 -0.06328049 -0.061249617 -0.061578386 -0.05982571 -0.062207077
0.358 -0.06311273 -0.06260983 -0.06240251 -0.0633021 -0.061258826 -0.061590105 -0.059834056 -0.06221277
0.3585 -0.06313712 -0.06264387 -0.0624404 -0.06332344 -0.061267737 -0.061601564 -0.05984219 -0.062218357
0.359 -0.06316118 -0.0626774 -0.06247771 -0.06334451 -0.06127653 -0.061612785 -0.05985015 -0.06222378
0.3595 -0.06318494 -0.06271044 -0.06251445 -0.06336531 -0.061284993 -0.061623693 -0.059857868 -0.0622291
0.36 -0.06320838 -0.06274298 -0.06255062 -0.06338585 -0.061293427 -0.061634377 -0.059865408 -0.06223427
0.3605 -0.06323152 -0.06277504 -0.06258625 -0.06340613 -0.061301623 -0.061644778 -0.05987277 -0.062239338
0.361 -0.06325436 -0.06280662 -0.06262134 -0.06342616 -0.06130958 -0.06165497 -0.05987989 -0.06224421
0.3615 -0.0632769 -0.06283773 -0.06265589 -0.06344593 -0.061317388 -0.0616649 -0.059886865 -0.062249083
0.362 -0.06329914 -0.06286839 -0.06268992 -0.06346545 -0.061324988 -0.061674587 -0.05989366 -0.06225379
0.3625 -0.0633211 -0.06289858 -0.06272343 -0.06348473 -0.06133238 -0.061684057 -0.059900306 -0.062258426
0.363 -0.06334277 -0.06292833 -0.06275644 -0.06350376 -0.06133965 -0.06169329 -0.059906773 -0.06226291
0.3635 -0.06336415 -0.06295764 -0.06278894 -0.06352256 -0.061346773 -0.06170234 -0.05991306 -0.062267218
0.364 -0.06338526 -0.06298652 -0.06282095 -0.06354111 -0.061353717 -0.061711147 -0.05991917 -0.062271494
0.3645 -0.06340609 -0.06301497 -0.06285248 -0.06355944 -0.061360512 -0.06171976 -0.05992513 -0.06227565
0.365 -0.06342665 -0.06304299 -0.06288353 -0.06357753 -0.06136701 -0.0617282 -0.059930973 -0.062279765
0.3655 -0.06344694 -0.06307061 -0.06291411 -0.06359539 -0.061373625 -0.061736442 -0.059936695 -0.062283743
0.366 -0.06346697 -0.06309782 -0.06294423 -0.06361303 -0.061380003 -0.061744437 -0.059942268 -0.062287632
0.3665 -0.06348674 -0.06312463 -0.06297389 -0.06363045 -0.061386082 -0.06175229 -0.05994769 -0.062291447
0.367 -0.06350625 -0.06315104 -0.06300311 -0.06364764 -0.061392073 -0.061759926 -0.059952967 -0.062295157
0.3675 -0.0635255 -0.06317707 -0.06303189 -0.06366462 -0.061398003 -0.06176737 -0.059958033 -0.062298793
0.368 -0.0635445 -0.06320271 -0.06306023 -0.06368139 -0.061403755 -0.06177467 -0.05996304 -0.062302325
0.3685 -0.06356326 -0.06322797 -0.06308815 -0.06369794 -0.061409328 -0.061781786 -0.059967898 -0.062305797
0.369 -0.06358177 -0.06325287 -0.06311565 -0.06371429 -0.06141487 -0.061788753 -0.059972607 -0.06230912
0.3695 -0.06360005 -0.0632774 -0.06314273 -0.06373043 -0.061420206 -0.061795525 -0.059977226 -0.062312443
0.37 -0.06361808 -0.06330157 -0.06316941 -0.06374636 -0.06142548 -0.061802156 -0.059981696 -0.062315647
0.3705 -0.06363588 -0.06332539 -0.06319569 -0.0637621 -0.061430488 -0.061808623 -0.059986137 -0.062318776
0.371 -0.06365345 -0.06334886 -0.06322157 -0.06377764 -0.061435584 -0.06181495 -0.0599904 -0.06232189
0.3715 -0.06367079 -0.06337198 -0.06324707 -0.06379298 -0.06144047 -0.061821125 -0.0599946 -0.062324855
0.372 -0.0636879 -0.06339477 -0.06327219 -0.06380813 -0.06144518 -0.061827153 -0.059998624 -0.062327776
0.3725 -0.06370479 -0.06341723 -0.06329693 -0.06382308 -0.06144983 -0.06183303 -0.060002558 -0.062330622
0.373 -0.06372146 -0.06343936 -0.0633213 -0.06383785 -0.06145433 -0.06183879 -0.06000649 -0.06233347
0.3735 -0.06373792 -0.06346116 -0.06334531 -0.06385244 -0.06145889 -0.061844394 -0.060010187 -0.06233618
0.374 -0.06375416 -0.06348265 -0.06336895 -0.06386683 -0.06146309 -0.061849862 -0.060013883 -0.062338863
0.3745 -0.06377019 -0.06350383 -0.06339225 -0.06388105 -0.061467413 -0.061855204 -0.06001734 -0.062341426
0.375 -0.06378601 -0.0635247 -0.0634152 -0.06389509 -0.061471526 -0.061860427 -0.060020886 -0.06234393
0.3755 -0.06380162 -0.06354526 -0.06343781 -0.06390895 -0.06147564 -0.06186554 -0.060024224 -0.062346328
0.376 -0.06381704 -0.06356553 -0.06346008 -0.06392264 -0.061479513 -0.061870515 -0.060027562 -0.0623488
0.3765 -0.06383225 -0.0635855 -0.06348202 -0.06393616 -0.061483447 -0.061875388 -0.06003078 -0.06235114
0.377 -0.06384727 -0.06360519 -0.06350363 -0.0639495 -0.0614872 -0.061880134 -0.06003385 -0.062353436
0.3775 -0.06386209 -0.06362459 -0.06352493 -0.06396268 -0.061490808 -0.061884776 -0.06003698 -0.06235564
0.378 -0.06387671 -0.06364371 -0.0635459 -0.06397569 -0.061494384 -0.061889306 -0.06003993 -0.06235783
0.3785 -0.06389115 -0.06366255 -0.06356657 -0.06398854 -0.0614979 -0.061893716 -0.06004282 -0.062360022
0.379 -0.0639054 -0.06368112 -0.06358693 -0.06400122 -0.061501298 -0.061898053 -0.060045592 -0.06236211
0.3795 -0.06391947 -0.06369942 -0.06360699 -0.06401375 -0.061504666 -0.06190227 -0.060048454 -0.062364165
0.38 -0.06393335 -0.06371746 -0.06362675 -0.06402612 -0.061507884 -0.061906375 -0.060051225 -0.06236613
0.3805 -0.06394706 -0.06373523 -0.06364622 -0.06403833 -0.061511073 -0.061910436 -0.060053848 -0.0623681
0.381 -0.06396058 -0.06375275 -0.06366541 -0.06405039 -0.061514262 -0.061914362 -0.06005638 -0.062369946
0.3815 -0.06397393 -0.06377002 -0.06368431 -0.0640623 -0.061517153 -0.06191823 -0.060058944 -0.062371764
0.382 -0.06398711 -0.06378704 -0.06370293 -0.06407406 -0.061520133 -0.06192196 -0.060061358 -0.062373642
0.3825 -0.06400011 -0.06380382 -0.06372127 -0.06408567 -0.061523024 -0.061925627 -0.060063682 -0.062375356
0.383 -0.06401295 -0.06382036 -0.06373935 -0.06409713 -0.061525915 -0.06192921 -0.060066037 -0.062377084
0.3835 -0.06402562 -0.06383665 -0.06375716 -0.06410845 -0.061528716 -0.061932668 -0.060068242 -0.062378753
0.384 -0.06403813 -0.06385272 -0.06377471 -0.06411963 -0.0615314 -0.061936066 -0.060070448 -0.062380407
0.3845 -0.06405048 -0.06386855 -0.063792 -0.06413066 -0.06153405 -0.061939396 -0.060072534 -0.06238203
0.385 -0.06406266 -0.06388416 -0.06380904 -0.06414156 -0.061536673 -0.06194266 -0.06007468 -0.062383596
0.3855 -0.06407469 -0.06389954 -0.06382582 -0.06415232 -0.061539147 -0.061945803 -0.060076706 -0.062385116
0.386 -0.06408656 -0.0639147 -0.06384236 -0.06416294 -0.06154162 -0.06194891 -0.060078733 -0.062386636
0.3865 -0.06409828 -0.06392965 -0.06385866 -0.06417344 -0.061544064 -0.061951913 -0.06008067 -0.06238808
0.387 -0.06410984 -0.06394438 -0.06387472 -0.0641838 -0.06154627 -0.061954863 -0.060082577 -0.062389527
0.3875 -0.06412126 -0.06395891 -0.06389054 -0.06419403 -0.061548654 -0.06195774 -0.060084365 -0.062390868
0.388 -0.06413253 -0.06397322 -0.06390614 -0.06420413 -0.06155086 -0.061960563 -0.060086124 -0.062392298
0.3885 -0.06414365 -0.06398733 -0.0639215 -0.0642141 -0.061553065 -0.061963312 -0.06008791 -0.062393535
0.389 -0.06415463 -0.06400124 -0.06393664 -0.06422395 -0.06155518 -0.06196595 -0.06008955 -0.0623948
0.3895 -0.06416547 -0.06401495 -0.06395156 -0.06423367 -0.061557297 -0.06196858 -0.06009128 -0.062396083
0.39 -0.06417616 -0.06402847 -0.06396626 -0.06424328 -0.061559264 -0.06197112 -0.0600928 -0.062397365
0.3905 -0.06418672 -0.0640418 -0.06398075 -0.06425276 -0.06156135 -0.061973594 -0.06009444 -0.062398512
0.391 -0.06419714 -0.06405493 -0.06399503 -0.06426212 -0.061563257 -0.061976023 -0.06009599 -0.062399704
0.3915 -0.06420743 -0.06406788 -0.0640091 -0.06427136 -0.061565164 -0.061978415 -0.060097508 -0.06240091
0.392 -0.06421758 -0.06408065 -0.06402296 -0.06428049 -0.061567012 -0.061980717 -0.06009894 -0.06240203
0.3925 -0.06422761 -0.06409323 -0.06403663 -0.06428951 -0.0615688 -0.06198299 -0.06010034 -0.062403116
0.393 -0.0642375 -0.06410564 -0.06405009 -0.06429841 -0.06157059 -0.06198518 -0.06010168 -0.06240416
0.3935 -0.06424726 -0.06411787 -0.06406336 -0.0643072 -0.061572287 -0.061987348 -0.06010305 -0.062405203
0.394 -0.0642569 -0.06412992 -0.06407643 -0.06431587 -0.061573926 -0.06198944 -0.060104363 -0.0624062
0.3945 -0.06426642 -0.06414181 -0.06408932 -0.06432444 -0.061575625 -0.06199149 -0.060105614 -0.0624072
0.395 -0.06427581 -0.06415353 -0.06410202 -0.0643329 -0.061577264 -0.061993524 -0.060106955 -0.062408168
0.3955 -0.06428508 -0.06416508 -0.06411454 -0.06434126 -0.061578814 -0.06199549 -0.060108088 -0.06240909
0.396 -0.06429423 -0.06417647 -0.06412687 -0.06434951 -0.061580364 -0.0619974 -0.06010928 -0.062410045
0.3965 -0.06430326 -0.0641877 -0.06413903 -0.06435766 -0.061581794 -0.061999254 -0.060110472 -0.062411044
0.397 -0.06431218 -0.06419877 -0.06415101 -0.0643657 -0.061583314 -0.062001124 -0.060111605 -0.06241185
0.3975 -0.06432098 -0.06420969 -0.06416282 -0.06437364 -0.061584745 -0.062002882 -0.060112678 -0.062412728
0.398 -0.06432967 -0.06422045 -0.06417446 -0.06438149 -0.061586145 -0.062004633 -0.06011375 -0.062413532
0.3985 -0.06433824 -0.06423106 -0.06418593 -0.06438923 -0.061587516 -0.062006354 -0.060114793 -0.062414322
0.399 -0.06434671 -0.06424152 -0.06419723 -0.06439688 -0.061588887 -0.062007993 -0.060115807 -0.062415082
0.3995 -0.06435506 -0.06425183 -0.06420837 -0.06440443 -0.06159011 -0.06200961 -0.06011676 -0.062415857
0.4 -0.06436331 -0.064262 -0.06421936 -0.06441189 -0.0615913 -0.06201119 -0.060117774 -0.062416617
0.4005 -0.06437145 -0.06427202 -0.06423018 -0.06441925 -0.061592583 -0.06201274 -0.060118698 -0.062417362
0.401 -0.06437949 -0.06428191 -0.06424085 -0.06442652 -0.061593864 -0.06201423 -0.060119532 -0.062418107
0.4015 -0.06438742 -0.06429166 -0.06425136 -0.0644337 -0.061595026 -0.06201569 -0.060120426 -0.062418807
0.402 -0.06439525 -0.06430126 -0.06426173 -0.06444079 -0.06159616 -0.062017158 -0.06012132 -0.062419508
0.4025 -0.06440298 -0.06431074 -0.06427194 -0.06444779 -0.06159732 -0.062018536 -0.060122244 -0.06242018
0.403 -0.06441061 -0.06432008 -0.06428201 -0.0644547 -0.061598364 -0.0620199 -0.06012302 -0.062420834
0.4035 -0.06441814 -0.06432929 -0.06429193 -0.06446153 -0.061599467 -0.062021233 -0.060123794 -0.062421445
0.404 -0.06442558 -0.06433838 -0.06430172 -0.06446827 -0.0616006 -0.062022544 -0.06012463 -0.062422086
0.4045 -0.06443291 -0.06434733 -0.06431136 -0.06447493 -0.061601553 -0.062023804 -0.060125433 -0.062422726
0.405 -0.06444016 -0.06435616 -0.06432086 -0.0644815 -0.061602507 -0.06202504 -0.060126178 -0.062423382
0.4055 -0.06444731 -0.06436487 -0.06433023 -0.06448799 -0.06160352 -0.062026262 -0.060126893 -0.062423993
0.406 -0.06445437 -0.06437346 -0.06433947 -0.06449439 -0.061604384 -0.06202741 -0.06012761 -0.06242456
0.4065 -0.06446134 -0.06438192 -0.06434857 -0.06450072 -0.061605427 -0.06202858 -0.060128264 -0.062425125
0.407 -0.06446821 -0.06439027 -0.06435754 -0.06450697 -0.06160635 -0.062029704 -0.06012892 -0.062425632
0.4075 -0.064475 -0.0643985 -0.06436639 -0.06451314 -0.061607186 -0.062030785 -0.060129546 -0.0624262
0.408 -0.06448171 -0.06440662 -0.06437511 -0.06451923 -0.06160802 -0.062031843 -0.06013017 -0.06242669
0.4085 -0.06448832 -0.06441463 -0.0643837 -0.06452525 -0.061608855 -0.06203287 -0.060130797 -0.062427152
0.409 -0.06449485 -0.06442252 -0.06439217 -0.06453119 -0.06160972 -0.06203393 -0.060131364 -0.06242766
0.4095 -0.0645013 -0.0644303 -0.06440052 -0.06453705 -0.061610494 -0.06203492 -0.06013199 -0.062428135
0.41 -0.06450766 -0.06443798 -0.06440876 -0.06454285 -0.06161124 -0.062035896 -0.060132526 -0.062428553
0.4105 -0.06451394 -0.06444555 -0.06441687 -0.06454856 -0.061612044 -0.062036872 -0.06013315 -0.062429044
0.411 -0.06452015 -0.06445301 -0.06442488 -0.06455421 -0.0616127 -0.06203781 -0.06013369 -0.06242952
0.4115 -0.06452627 -0.06446037 -0.06443276 -0.06455979 -0.061613504 -0.062038712 -0.060134225 -0.06242994
0.412 -0.06453231 -0.06446763 -0.06444054 -0.0645653 -0.06161413 -0.062039614 -0.06013479 -0.0624304
0.4125 -0.06453828 -0.06447479 -0.0644482 -0.06457073 -0.061614905 -0.06204047 -0.060135238 -0.062430788
0.413 -0.06454416 -0.06448185 -0.06445576 -0.0645761 -0.0616155 -0.062041312 -0.060135745 -0.06243122
0.4135 -0.06454998 -0.06448881 -0.06446321 -0.06458141 -0.061616275 -0.06204216 -0.06013625 -0.062431592
0.414 -0.06455571 -0.06449568 -0.06447056 -0.06458664 -0.06161684 -0.062042966 -0.060136758 -0.06243195
0.4145 -0.06456138 -0.06450245 -0.0644778 -0.06459181 -0.061617468 -0.062043756 -0.060137205 -0.062432382
0.415 -0.06456697 -0.06450912 -0.06448494 -0.06459692 -0.061618093 -0.062044553 -0.06013765 -0.062432695
0.4155 -0.06457249 -0.06451571 -0.06449197 -0.06460196 -0.06161863 -0.06204527 -0.06013807 -0.062433083
0.416 -0.06457794 -0.0645222 -0.06449891 -0.06460694 -0.061619256 -0.062046 -0.060138516 -0.062433425
0.4165 -0.06458332 -0.0645286 -0.06450575 -0.06461185 -0.06161985 -0.062046677 -0.060138904 -0.062433768
0.417 -0.06458863 -0.06453492 -0.0645125 -0.06461671 -0.061620448 -0.062047377 -0.06013932 -0.062434126
0.4175 -0.06459387 -0.06454115 -0.06451914 -0.0646215 -0.061620925 -0.062048048 -0.06013968 -0.062434483
0.418 -0.06459904 -0.06454729 -0.0645257 -0.06462623 -0.06162146 -0.062048733 -0.060140096 -0.062434796
0.4185 -0.06460415 -0.06455335 -0.06453216 -0.06463091 -0.061622057 -0.062049374 -0.060140483 -0.062435124
0.419 -0.06460919 -0.06455933 -0.06453853 -0.06463552 -0.061622474 -0.062050022 -0.06014093 -0.062435452
0.4195 -0.06461417 -0.06456522 -0.06454482 -0.06464008 -0.06162307 -0.062050626 -0.06014123 -0.062435735
0.42 -0.06461908 -0.06457103 -0.06455101 -0.06464458 -0.061623577 -0.06205125 -0.060141586 -0.062435944
0.4205 -0.06462393 -0.06457676 -0.06455712 -0.06464902 -0.061623994 -0.06205181 -0.060141884 -0.062436167
0.421 -0.06462872 -0.06458242 -0.06456314 -0.06465341 -0.06162447 -0.06205239 -0.06014218 -0.062436495
0.4215 -0.06463345 -0.06458799 -0.06456908 -0.06465774 -0.061624948 -0.062052943 -0.06014251 -0.062436763
0.422 -0.06463812 -0.06459349 -0.06457493 -0.06466202 -0.061625306 -0.06205351 -0.060142867 -0.062437046
0.4225 -0.06464272 -0.06459892 -0.0645807 -0.06466625 -0.061625663 -0.062054068 -0.060143135 -0.06243733
0.423 -0.06464727 -0.06460427 -0.06458639 -0.06467042 -0.06162623 -0.06205456 -0.060143374 -0.062437568
0.4235 -0.06465176 -0.06460954 -0.06459201 -0.06467454 -0.061626617 -0.062055103 -0.060143672 -0.06243782
0.424 -0.06465619 -0.06461475 -0.06459754 -0.06467861 -0.061627004 -0.062055573 -0.06014394 -0.062438045
0.4245 -0.06466056 -0.06461988 -0.06460299 -0.06468262 -0.061627362 -0.062056057 -0.060144268 -0.062438253
0.425 -0.06466488 -0.06462494 -0.06460837 -0.06468659 -0.06162778 -0.06205654 -0.060144506 -0.062438536
0.4255 -0.06466915 -0.06462994 -0.06461368 -0.06469051 -0.061628137 -0.06205704 -0.060144745 -0.06243873
0.426 -0.06467336 -0.06463486 -0.06461891 -0.06469438 -0.061628465 -0.062057495 -0.060145043 -0.062438954
0.4265 -0.06467751 -0.06463972 -0.06462407 -0.06469819 -0.061628792 -0.062057935 -0.06014525 -0.062439147
0.427 -0.06468161 -0.06464451 -0.06462915 -0.06470197 -0.06162915 -0.06205836 -0.06014555 -0.06243934
0.4275 -0.06468566 -0.06464924 -0.06463417 -0.06470569 -0.061629478 -0.062058777 -0.060145788 -0.06243952
0.428 -0.06468966 -0.0646539 -0.06463911 -0.06470937 -0.061629806 -0.062059224 -0.060146026 -0.062439684
0.4285 -0.0646936 -0.0646585 -0.06464399 -0.064713 -0.061630163 -0.06205962 -0.060146265 -0.062439937
0.429 -0.0646975 -0.06466303 -0.06464879 -0.06471659 -0.06163049 -0.06206003 -0.060146533 -0.062440176
0.4295 -0.06470134 -0.06466751 -0.06465354 -0.06472013 -0.06163076 -0.0620604 -0.06014671 -0.06244037
0.43 -0.06470514 -0.06467192 -0.06465821 -0.06472363 -0.061631057 -0.06206076 -0.06014698 -0.062440548
0.4305 -0.06470889 -0.06467627 -0.06466282 -0.06472708 -0.061631326 -0.062061153 -0.06014725 -0.062440697
0.431 -0.06471259 -0.06468057 -0.06466737 -0.06473049 -0.061631653 -0.062061504 -0.060147367 -0.062440906
0.4315 -0.06471624 -0.0646848 -0.06467185 -0.06473386 -0.06163207 -0.06206186 -0.060147576 -0.062441025
0.432 -0.06471985 -0.06468898 -0.06467627 -0.06473718 -0.06163228 -0.062062196 -0.060147904 -0.062441234
0.4325 -0.06472341 -0.0646931 -0.06468063 -0.06474046 -0.061632548 -0.062062554 -0.060148083 -0.062441412
0.433 -0.06472692 -0.06469717 -0.06468493 -0.06474371 -0.061632756 -0.062062837 -0.060148202 -0.06244153
0.4335 -0.06473039 -0.06470118 -0.06468917 -0.06474691 -0.061633024 -0.062063165 -0.06014844 -0.06244168
0.434 -0.06473381 -0.06470513 -0.06469335 -0.06475007 -0.061633263 -0.06206347 -0.06014856 -0.062441844
0.4345 -0.06473719 -0.06470904 -0.06469747 -0.06475319 -0.06163353 -0.062063754 -0.060148798 -0.06244201
0.435 -0.06474053 -0.06471289 -0.06470154 -0.06475627 -0.06163374 -0.062064067 -0.060148887 -0.062442068
0.4355 -0.06474383 -0.06471668 -0.06470555 -0.06475932 -0.06163392 -0.062064335 -0.060149066 -0.062442217
0.436 -0.06474708 -0.06472043 -0.06470951 -0.06476232 -0.061634157 -0.062064588 -0.060149245 -0.06244235
0.4365 -0.06475029 -0.06472412 -0.06471341 -0.06476529 -0.061634425 -0.062064886 -0.060149394 -0.06244247
0.437 -0.06475346 -0.06472777 -0.06471725 -0.06476822 -0.061634663 -0.06206516 -0.060149543 -0.06244259
0.4375 -0.06475659 -0.06473136 -0.06472105 -0.06477112 -0.061634902 -0.06206543 -0.060149662 -0.06244277
0.438 -0.06475968 -0.06473491 -0.06472479 -0.06477398 -0.06163505 -0.06206567 -0.06014978 -0.062442873
0.4385 -0.06476273 -0.06473841 -0.06472848 -0.0647768 -0.06163523 -0.062065907 -0.06014996 -0.06244302
0.439 -0.06476574 -0.06474186 -0.06473211 -0.06477959 -0.06163544 -0.06206616 -0.06015014 -0.06244317
0.4395 -0.06476871 -0.06474527 -0.0647357 -0.06478234 -0.061635677 -0.06206639 -0.060150288 -0.062443275
0.44 -0.06477165 -0.06474863 -0.06473924 -0.06478506 -0.061635826 -0.062066607 -0.060150288 -0.06244335
0.4405 -0.06477455 -0.06475194 -0.06474273 -0.06478774 -0.061636034 -0.06206684 -0.060150437 -0.06244344
0.441 -0.06477741 -0.06475521 -0.06474617 -0.06479039 -0.061636213 -0.06206706 -0.060150586 -0.06244353
0.4415 -0.06478023 -0.06475844 -0.06474957 -0.06479301 -0.061636392 -0.062067278 -0.060150705 -0.062443662
0.442 -0.06478302 -0.06476162 -0.06475292 -0.06479559 -0.0616366 -0.062067486 -0.060150765 -0.062443767
0.4425 -0.06478577 -0.06476476 -0.06475622 -0.06479815 -0.06163669 -0.062067717 -0.060150884 -0.06244387
0.443 -0.06478849 -0.06476785 -0.06475948 -0.06480067 -0.06163681 -0.06206792 -0.060151003 -0.06244393
0.4435 -0.06479117 -0.06477091 -0.06476269 -0.06480316 -0.06163696 -0.06206809 -0.060151152 -0.062444065
0.444 -0.06479382 -0.06477392 -0.06476586 -0.06480561 -0.061637137 -0.062068313 -0.0601513 -0.06244414
0.4445 -0.06479643 -0.0647769 -0.06476898 -0.06480804 -0.061637256 -0.062068515 -0.06015136 -0.062444244
0.445 -0.06479901 -0.06477983 -0.06477207 -0.06481044 -0.061637346 -0.06206868 -0.06015151 -0.062444363
0.4455 -0.06480156 -0.06478273 -0.06477511 -0.0648128 -0.061637554 -0.062068865 -0.06015157 -0.062444422
0.446 -0.06480408 -0.06478558 -0.06477811 -0.06481514 -0.061637703 -0.062069044 -0.06015166 -0.062444437
0.4465 -0.06480656 -0.0647884 -0.06478106 -0.06481745 -0.061637882 -0.0620692 -0.06015178 -0.062444557
0.447 -0.06480901 -0.06479118 -0.06478398 -0.06481973 -0.06163797 -0.06206937 -0.060151838 -0.062444616
0.4475 -0.06481143 -0.06479392 -0.06478686 -0.06482198 -0.06163809 -0.06206955 -0.060151927 -0.062444676
0.448 -0.06481382 -0.06479662 -0.0647897 -0.0648242 -0.06163824 -0.06206969 -0.060151957 -0.06244472
0.4485 -0.06481618 -0.06479929 -0.06479249 -0.06482639 -0.06163839 -0.06206984 -0.060152076 -0.062444795
0.449 -0.06481851 -0.06480193 -0.06479526 -0.06482856 -0.06163845 -0.062069952 -0.060152076 -0.06244487
0.4495 -0.06482081 -0.06480452 -0.06479798 -0.0648307 -0.061638508 -0.062070116 -0.060152225 -0.062445004
0.45 -0.06482308 -0.06480709 -0.06480066 -0.06483281 -0.061638627 -0.062070273 -0.060152344 -0.062445078
0.4505 -0.06482532 -0.06480962 -0.06480331 -0.0648349 -0.061638776 -0.062070392 -0.060152434 -0.062445167
0.451 -0.06482753 -0.06481211 -0.06480593 -0.06483696 -0.061638925 -0.062070534 -0.060152523 -0.062445287
0.4515 -0.06482972 -0.06481457 -0.06480851 -0.06483899 -0.061639044 -0.062070675 -0.060152613 -0.062445287
0.452 -0.06483187 -0.064817 -0.06481105 -0.064841 -0.061639044 -0.062070794 -0.060152583 -0.0624453
0.4525 -0.064834 -0.0648194 -0.06481356 -0.06484299 -0.061639134 -0.06207089 -0.060152642 -0.06244536
0.453 -0.0648361 -0.06482176 -0.06481603 -0.06484495 -0.061639313 -0.062070966 -0.06015273 -0.062445436
0.4535 -0.06483818 -0.06482409 -0.06481847 -0.06484688 -0.06163946 -0.062071107 -0.06015276 -0.062445525
0.454 -0.06484023 -0.0648264 -0.06482088 -0.06484879 -0.06163949 -0.062071234 -0.06015282 -0.0624456
0.4545 -0.06484225 -0.06482867 -0.06482325 -0.06485068 -0.06163958 -0.062071376 -0.06015288 -0.06244566
0.455 -0.06484425 -0.06483091 -0.0648256 -0.06485254 -0.06163973 -0.062071443 -0.06015297 -0.06244572
0.4555 -0.06484622 -0.06483312 -0.06482791 -0.06485438 -0.06163979 -0.06207156 -0.060153 -0.06244575
0.456 -0.06484817 -0.0648353 -0.06483019 -0.0648562 -0.06163991 -0.06207169 -0.06015309 -0.06244578
0.4565 -0.06485009 -0.06483745 -0.06483243 -0.06485799 -0.06163997 -0.062071793 -0.06015312 -0.062445868
0.457 -0.06485198 -0.06483958 -0.06483465 -0.06485976 -0.061640117 -0.062071912 -0.06015318 -0.062445868
0.4575 -0.06485386 -0.06484167 -0.06483684 -0.06486151 -0.061640058 -0.062072024 -0.06015327 -0.062445957
0.458 -0.06485571 -0.06484374 -0.064839 -0.06486324 -0.061640207 -0.06207209 -0.060153298 -0.062446047
0.4585 -0.06485753 -0.06484578 -0.06484113 -0.06486495 -0.061640326 -0.062072195 -0.060153417 -0.06244606
0.459 -0.06485933 -0.06484779 -0.06484323 -0.06486663 -0.061640326 -0.062072285 -0.060153447 -0.06244609
0.4595 -0.06486111 -0.06484978 -0.0648453 -0.0648683 -0.061640415 -0.062072404 -0.060153477 -0.06244606
0.46 -0.06486287 -0.06485174 -0.06484734 -0.06486994 -0.061640505 -0.062072486 -0.060153507 -0.062446166
0.4605 -0.0648646 -0.06485367 -0.06484936 -0.06487156 -0.061640594 -0.06207259 -0.060153596 -0.062446225
0.461 -0.06486632 -0.06485558 -0.06485135 -0.06487316 -0.061640713 -0.062072642 -0.060153626 -0.06244621
0.4615 -0.06486801 -0.06485746 -0.06485331 -0.06487474 -0.061640743 -0.062072717 -0.060153656 -0.0624463
0.462 -0.06486968 -0.06485932 -0.06485525 -0.06487631 -0.061640892 -0.062072784 -0.060153686 -0.062446315
0.4625 -0.06487132 -0.06486115 -0.06485716 -0.06487785 -0.06164098 -0.06207288 -0.060153775 -0.062446374
0.463 -0.06487295 -0.06486296 -0.06485904 -0.06487937 -0.06164098 -0.062072963 -0.060153775 -0.06244642
0.4635 -0.06487456 -0.06486474 -0.0648609 -0.06488088 -0.06164113 -0.062073 -0.060153835 -0.062446404
0.464 -0.06487614 -0.0648665 -0.06486273 -0.06488236 -0.06164116 -0.062073074 -0.060153864 -0.062446494
0.4645 -0.06487771 -0.06486824 -0.06486454 -0.06488383 -0.06164125 -0.062073126 -0.060153894 -0.06244654
0.465 -0.06487925 -0.06486996 -0.06486633 -0.06488528 -0.06164131 -0.06207321 -0.060153894 -0.06244654
0.4655 -0.06488078 -0.06487165 -0.06486809 -0.06488671 -0.06164128 -0.06207326 -0.060153924 -0.062446613
0.466 -0.06488229 -0.06487332 -0.06486982 -0.06488812 -0.06164134 -0.062073275 -0.060153984 -0.062446643
0.4665 -0.06488377 -0.06487496 -0.06487154 -0.06488952 -0.06164137 -0.062073343 -0.060153954 -0.062446672
0.467 -0.06488524 -0.06487659 -0.06487323 -0.0648909 -0.06164137 -0.062073417 -0.060153954 -0.062446643
0.4675 -0.06488669 -0.06487819 -0.06487489 -0.06489226 -0.06164149 -0.062073506 -0.060154013 -0.062446583
0.468 -0.06488813 -0.06487978 -0.06487654 -0.0648936 -0.061641548 -0.06207356 -0.060154043 -0.062446672
0.4685 -0.06488954 -0.06488134 -0.06487816 -0.06489493 -0.061641607 -0.062073648 -0.060154103 -0.062446687
0.469 -0.06489093 -0.06488288 -0.06487976 -0.06489624 -0.061641697 -0.062073745 -0.060154162 -0.062446732
0.4695 -0.06489231 -0.0648844 -0.06488134 -0.06489753 -0.061641727 -0.062073812 -0.060154222 -0.062446777
0.47 -0.06489367 -0.0648859 -0.0648829 -0.06489881 -0.061641667 -0.06207387 -0.06015428 -0.062446836
0.4705 -0.06489501 -0.06488738 -0.06488444 -0.06490007 -0.061641667 -0.062073916 -0.06015428 -0.06244682
0.471 -0.06489634 -0.06488884 -0.06488596 -0.06490131 -0.061641697 -0.062073976 -0.06015428 -0.062446836
0.4715 -0.06489765 -0.06489029 -0.06488745 -0.06490254 -0.061641816 -0.06207402 -0.06015431 -0.062446836
0.472 -0.06489894 -0.06489171 -0.06488893 -0.06490376 -0.061641846 -0.062074073 -0.06015437 -0.062446836
0.4725 -0.06490022 -0.06489311 -0.06489039 -0.06490496 -0.061641846 -0.062074125 -0.06015443 -0.06244694
0.473 -0.06490148 -0.0648945 -0.06489182 -0.06490614 -0.061641905 -0.062074207 -0.06015443 -0.062446926
0.4735 -0.06490272 -0.06489587 -0.06489324 -0.06490731 -0.061641935 -0.062074244 -0.0601544 -0.06244694
0.474 -0.06490395 -0.06489722 -0.06489464 -0.06490847 -0.061641935 -0.062074296 -0.06015437 -0.06244697
0.4745 -0.06490516 -0.06489855 -0.06489602 -0.06490961 -0.061641935 -0.062074304 -0.06015434 -0.062446985
0.475 -0.06490636 -0.06489986 -0.06489738 -0.06491074 -0.061641965 -0.06207431 -0.06015434 -0.062447015
0.4755 -0.06490754 -0.06490116 -0.06489873 -0.06491185 -0.061641995 -0.062074326 -0.06015431 -0.06244703
0.476 -0.06490871 -0.06490244 -0.06490005 -0.06491295 -0.061642054 -0.06207434 -0.06015431 -0.062447045
0.4765 -0.06490986 -0.0649037 -0.06490136 -0.06491403 -0.061642084 -0.062074356 -0.06015431 -0.062447075
0.477 -0.064911 -0.06490495 -0.06490265 -0.0649151 -0.061642114 -0.062074408 -0.06015437 -0.062447105
0.4775 -0.06491212 -0.06490618 -0.06490393 -0.06491616 -0.061642144 -0.06207443 -0.06015437 -0.06244709
0.478 -0.06491323 -0.06490739 -0.06490518 -0.06491721 -0.061642114 -0.062074468 -0.06015443 -0.062447134
0.4785 -0.06491432 -0.06490859 -0.06490642 -0.06491824 -0.061642203 -0.06207452 -0.06015455 -0.062447194
0.479 -0.0649154 -0.06490977 -0.06490765 -0.06491926 -0.061642174 -0.062074557 -0.06015461 -0.06244721
0.4795 -0.06491647 -0.06491094 -0.06490885 -0.06492026 -0.061642174 -0.062074594 -0.06015464 -0.06244727
0.48 -0.06491753 -0.06491209 -0.06491005 -0.06492126 -0.061642203 -0.06207461 -0.06015467 -0.062447313
0.4805 -0.06491857 -0.06491323 -0.06491122 -0.06492224 -0.061642203 -0.062074624 -0.0601547 -0.062447343
0.481 -0.06491959 -0.06491435 -0.06491238 -0.06492321 -0.061642233 -0.062074646 -0.06015473 -0.062447358
0.4815 -0.06492061 -0.06491546 -0.06491352 -0.06492417 -0.061642352 -0.062074684 -0.06015476 -0.062447358
0.482 -0.06492161 -0.06491655 -0.06491465 -0.06492511 -0.061642382 -0.06207473 -0.06015479 -0.062447373
0.4825 -0.0649226 -0.06491763 -0.06491577 -0.06492604 -0.061642442 -0.062074773 -0.06015476 -0.062447328
0.483 -0.06492357 -0.06491869 -0.06491687 -0.06492697 -0.06164253 -0.062074818 -0.06015476 -0.062447313
0.4835 -0.06492454 -0.06491974 -0.06491795 -0.06492788 -0.06164247 -0.062074848 -0.060154818 -0.062447343
0.484 -0.06492549 -0.06492078 -0.06491902 -0.06492877 -0.06164247 -0.062074892 -0.06015479 -0.062447373
0.4845 -0.06492643 -0.0649218 -0.06492008 -0.06492966 -0.06164256 -0.062074915 -0.060154818 -0.062447358
0.485 -0.06492735 -0.06492281 -0.06492112 -0.06493054 -0.06164256 -0.062074915 -0.06015473 -0.062447343
0.4855 -0.06492827 -0.0649238 -0.06492215 -0.0649314 -0.06164259 -0.06207495 -0.0601547 -0.062447343
0.486 -0.06492917 -0.06492479 -0.06492316 -0.06493226 -0.06164259 -0.06207495 -0.0601547 -0.062447313
0.4865 -0.06493007 -0.06492576 -0.06492416 -0.0649331 -0.06164259 -0.06207498 -0.06015473 -0.062447313
0.487 -0.06493095 -0.06492671 -0.06492515 -0.06493394 -0.06164271 -0.06207501 -0.06015479 -0.062447343
0.4875 -0.06493182 -0.06492766 -0.06492612 -0.06493476 -0.06164262 -0.062075056 -0.060154818 -0.062447403
0.488 -0.06493268 -0.06492859 -0.06492708 -0.06493557 -0.06164262 -0.062075086 -0.060154878 -0.062447403
0.4885 -0.06493353 -0.06492951 -0.06492803 -0.06493637 -0.06164262 -0.062075123 -0.060154937 -0.062447432
0.489 -0.06493436 -0.06493042 -0.06492897 -0.06493717 -0.06164265 -0.062075146 -0.060154997 -0.062447462
0.4895 -0.06493519 -0.06493131 -0.06492989 -0.06493795 -0.06164265 -0.06207516 -0.060154997 -0.062447492
0.49 -0.06493601 -0.0649322 -0.0649308 -0.06493872 -0.06164274 -0.062075205 -0.060154997 -0.062447432
0.4905 -0.06493681 -0.06493307 -0.0649317 -0.06493948 -0.06164274 -0.062075227 -0.060154997 -0.062447462
0.491 -0.06493761 -0.06493393 -0.06493259 -0.06494024 -0.06164274 -0.062075242 -0.060155027 -0.062447477
0.4915 -0.06493839 -0.06493478 -0.06493347 -0.06494098 -0.06164274 -0.06207525 -0.060155027 -0.062447492
0.492 -0.06493917 -0.06493562 -0.06493433 -0.06494172 -0.06164274 -0.062075257 -0.060155056 -0.062447507
0.4925 -0.06493994 -0.06493645 -0.06493519 -0.06494244 -0.06164283 -0.062075272 -0.060155027 -0.062447507
0.493 -0.06494069 -0.06493727 -0.06493603 -0.06494316 -0.06164283 -0.062075257 -0.060155027 -0.06244755
0.4935 -0.06494144 -0.06493808 -0.06493686 -0.06494387 -0.06164283 -0.062075272 -0.060155027 -0.06244755
0.494 -0.06494218 -0.06493887 -0.06493768 -0.06494457 -0.06164283 -0.062075287 -0.060155027 -0.062447567
0.4945 -0.06494291 -0.06493966 -0.06493849 -0.06494526 -0.06164283 -0.062075302 -0.060155027 -0.062447567
0.495 -0.06494362 -0.06494043 -0.06493928 -0.06494594 -0.06164289 -0.062075317 -0.060155027 -0.062447567
0.4955 -0.06494433 -0.0649412 -0.06494007 -0.06494661 -0.06164289 -0.06207533 -0.060155027 -0.06244758
0.496 -0.06494503 -0.06494196 -0.06494085 -0.06494728 -0.06164295 -0.06207534 -0.060154967 -0.06244758
0.4965 -0.06494573 -0.0649427 -0.06494162 -0.06494793 -0.06164295 -0.062075384 -0.060154967 -0.06244761
0.497 -0.06494641 -0.06494344 -0.06494237 -0.06494858 -0.06164295 -0.062075406 -0.060154997 -0.062447626
0.4975 -0.06494708 -0.06494416 -0.06494312 -0.06494922 -0.06164295 -0.06207543 -0.060154997 -0.06244761
0.498 -0.06494775 -0.06494488 -0.06494386 -0.06494986 -0.06164301 -0.062075436 -0.060154997 -0.06244761
0.4985 -0.06494841 -0.06494559 -0.06494458 -0.06495048 -0.06164301 -0.06207546 -0.060154997 -0.06244761
0.499 -0.06494906 -0.06494629 -0.0649453 -0.0649511 -0.06164301 -0.062075466 -0.060154937 -0.062447596
0.4995 -0.0649497 -0.06494698 -0.06494601 -0.06495171 -0.06164301 -0.06207549 -0.060154937 -0.06244758
0.5 -0.06495033 -0.06494766 -0.06494671 -0.06495231 -0.061643068 -0.062075496 -0.060154937 -0.06244758
