0.0 -0.065 -0.065 -0.065 -0.065 -0.065 -0.065 0.026069857 -0.032989636 -0.06664251 -0.022564922 0.104609385 0.19474448
0.01 -0.065 -0.065 -0.065 -0.065 -0.065 -0.065 -0.068375774 -0.051647365 -0.098486766 -0.07684602 -0.11797002 -0.2307944
0.02 -0.065 -0.065 -0.065 -0.065 -0.065 -0.065 -0.08676236 -0.09094244 -0.083416626 -0.09054938 -0.1643517 -0.2934895
0.03 -0.065 -0.065 -0.065 -0.065 -0.065 -0.065 -0.05286189 -0.08114396 -0.051685117 -0.05238229 0.007795632 -0.20086056
0.04 -0.065 -0.065 -0.065 -0.065 -0.065 -0.065 -0.035522275 -0.08226314 -0.039351247 -0.027091485 0.008263618 -0.13499758
0.05 -0.065 -0.065 -0.065 -0.065 -0.065 -0.065 -0.0027281567 -0.06799598 -0.03039959 -0.011619173 -0.043548495 -0.087147355
0.06 -0.065 -0.065 -0.065 -0.065 -0.065 -0.065 0.0020515397 -0.06681655 -0.029921435 -0.013687929 -0.0597865 -0.09111044
0.07 -0.065 -0.065 -0.065 -0.065 -0.065 -0.065 -0.0027122125 -0.06968148 -0.031303875 -0.01571008 -0.06834245 -0.105273455
0.08 -0.065 -0.065 -0.065 -0.065 -0.065 -0.065 -0.0040259585 -0.07056184 -0.031757496 -0.015350848 -0.075819194 -0.11272454
0.09 -0.065 -0.065 -0.065 -0.065 -0.065 -0.065 -0.005254321 -0.070891395 -0.03184563 -0.015712647 -0.08107546 -0.11995521
0.1 -0.065 -0.065 -0.065 -0.065 -0.065 -0.065 0.26261568 -0.29355335 -0.16466933 -0.4213605 0.36889234 0.209955
0.11 -0.05489952 -0.06091866 -0.05785422 -0.06270359 2.695634 0.1573673 -0.09165145 -0.049289197 -0.07198448 -0.3753247 2.894123 0.30291703
0.12 0.007587762 -0.05301072 -0.05788813 -0.05741667 4.408919 0.8649915 0.028258197 -0.115225315 -0.13242313 -0.08438324 4.5381722 0.9525621
0.13 0.1343769 -0.03785445 -0.05287227 -0.04485029 5.178218 1.814208 0.35545403 -0.0887323 -0.072072946 0.14663348 5.298344 1.8929935
0.14 0.3133065 -0.01780647 -0.04159901 -0.02466271 5.665219 2.869028 0.59505445 -0.041901164 -0.020503715 0.19780356 5.6292753 2.975596
0.15 0.534619 0.007458462 -0.02441533 0.002804676 5.907588 3.942165 0.90937865 -0.035634935 0.014097713 0.17550564 6.0345826 4.2948446
0.16 0.7558041 0.03604066 -0.002379674 0.03469248 6.130353 4.625813 1.1220686 0.02435948 0.054894395 0.16470852 6.2578015 4.8845277
0.17 0.8906442 0.06387261 0.02164001 0.06372579 6.290766 4.530126 1.1768605 0.040377185 0.08023629 0.16172618 6.1892896 4.767616
0.18 0.9146329 0.08571313 0.04254966 0.0842648 6.402105 4.009995 1.1760774 0.048572198 0.10276797 0.14659685 5.8780236 4.3258657
0.19 0.8456529 0.09763304 0.05627903 0.09345154 6.453095 3.294613 1.1353537 0.051464602 0.106624596 0.08354261 5.4199853 3.7642097
0.2 0.7084892 0.09954257 0.06136842 0.09147067 6.459766 2.456331 0.67237645 0.02910243 0.023896001 0.09402753 5.493513 3.4859285
0.21 0.5302175 0.09060295 0.05783286 0.07942388 3.644426 1.689963 0.82356066 0.34563577 0.17163455 0.28233644 3.3929265 2.6170385
0.22 0.3702295 0.07054104 0.04733361 0.06138874 1.917877 1.146878 0.4988741 0.009941086 -0.03958349 0.13572866 2.0871556 1.2641442
0.23 0.2495972 0.04720432 0.03304717 0.0416641 1.056396 0.764631 0.2542182 -0.016643688 -0.009395137 0.020049147 0.89782584 0.7398436
0.24 0.1622767 0.02536142 0.0177287 0.02277929 0.6098399 0.5035189 0.13428012 -0.014944956 -0.003933765 0.01113921 0.5012071 0.5174017
0.25 0.09959565 0.006651514 0.003117368 0.005950316 0.3634154 0.327368 0.12123681 -0.006038502 -0.0032263696 0.005698491 0.30783024 0.4312955
0.26 0.05461115 -0.008711546 -0.009903888 -0.008397904 0.2183841 0.2083375 0.09073839 -0.027136877 -0.012816936 0.0024832413 0.21734092 0.30307245
0.27 0.02226163 -0.02104234 -0.02101602 -0.02027627 0.1281222 0.1272272 0.066931106 -0.037061587 -0.016657457 -0.000889387 0.1454921 0.19838321
0.28 -0.001070117 -0.03080612 -0.03022511 -0.02991047 0.06943126 0.07136874 0.04711754 -0.04686518 -0.020991974 -0.004072994 0.08567062 0.11537351
0.29 -0.01795782 -0.03847051 -0.0377017 -0.03761087 0.0300115 0.03249239 0.034255482 -0.05249141 -0.023736827 -0.006912954 0.039639205 0.05483274
0.3 -0.03023082 -0.04445211 -0.04368272 -0.04370067 0.002908029 0.005172629 0.023136951 -0.05782555 -0.02622176 -0.009547014 0.0074808 0.006812349
0.31 -0.03918935 -0.04910198 -0.04841623 -0.04847971 -0.016046 -0.01419054 0.014842488 -0.061616793 -0.027916022 -0.011404581 -0.01713857 -0.029181167
0.32 -0.04575859 -0.05270692 -0.05213318 -0.05220919 -0.0294684 -0.02801733 0.0086956695 -0.06449412 -0.029177047 -0.012708165 -0.036059618 -0.056340665
0.33 -0.05059816 -0.05549679 -0.05503531 -0.05510798 -0.03906527 -0.03795559 0.004078932 -0.066611245 -0.030085571 -0.013723856 -0.05066088 -0.07706812
0.34 -0.05417985 -0.05765348 -0.05729197 -0.05735478 -0.04597941 -0.04514028 0.0004910007 -0.06829204 -0.030797116 -0.014498794 -0.06197071 -0.093099356
0.35 -0.05684234 -0.05931966 -0.05904167 -0.05909292 -0.05099206 -0.05036109 -0.00223919 -0.069560274 -0.031325944 -0.015079347 -0.07081112 -0.10546693
0.36 -0.05882988 -0.06060656 -0.06039564 -0.06043594 -0.0546455 -0.05417234 -0.004365079 -0.07055391 -0.031735487 -0.015529616 -0.07772821 -0.11511907
0.37 -0.06031946 -0.06160053 -0.06144207 -0.06147294 -0.05732058 -0.05696619 -0.0060214624 -0.071326986 -0.032051355 -0.015878143 -0.083176255 -0.122671306
0.38 -0.06143995 -0.06236842 -0.06225021 -0.06227343 -0.05928732 -0.05902198 -0.0073181316 -0.07193427 -0.032297917 -0.016148632 -0.08747482 -0.12860504
0.39 -0.06228566 -0.06296184 -0.06287412 -0.06289133 -0.06073857 -0.06053991 -0.008337282 -0.072411016 -0.032490395 -0.016361028 -0.090874255 -0.13328287
0.4 -0.06292596 -0.06342065 -0.06335579 -0.06336841 -0.06181301 -0.06166424 -0.009142183 -0.07278831 -0.03264209 -0.016527975 -0.093568414 -0.1369816
0.41 -0.06341211 -0.06377555 -0.06372772 -0.06373689 -0.06261091 -0.06249946 -0.009777926 -0.07308622 -0.03276152 -0.016659364 -0.09570676 -0.13990968
0.42 -0.06378217 -0.06405023 -0.06401501 -0.06402162 -0.06320509 -0.06312158 -0.010281824 -0.07332261 -0.032855965 -0.01676336 -0.09740552 -0.14223334
0.43 -0.06406451 -0.06426293 -0.06423702 -0.06424176 -0.06364873 -0.06358613 -0.010681801 -0.073510304 -0.03293082 -0.016845806 -0.09875697 -0.14407906
0.44 -0.06428038 -0.06442774 -0.06440867 -0.06441205 -0.06398075 -0.06393382 -0.010999523 -0.073659405 -0.032990195 -0.016911091 -0.09983292 -0.14554703
0.45 -0.06444573 -0.0645555 -0.06454147 -0.06454387 -0.0642298 -0.06419461 -0.011252247 -0.07377802 -0.033037372 -0.01696304 -0.10068983 -0.14671496
0.46 -0.06457261 -0.06465459 -0.06464426 -0.06464596 -0.06441701 -0.06439061 -0.0114534125 -0.07387243 -0.03307485 -0.017004257 -0.10137287 -0.1476452
0.47 -0.06467011 -0.06473149 -0.06472388 -0.06472507 -0.06455801 -0.0645382 -0.0116136 -0.07394759 -0.033104725 -0.01703716 -0.10191733 -0.14838672
0.48 -0.06474513 -0.0647912 -0.06478558 -0.06478641 -0.0646644 -0.06464953 -0.0117413625 -0.074007586 -0.033128537 -0.01706334 -0.10235152 -0.14897782
0.49 -0.06480293 -0.06483758 -0.06483342 -0.064834 -0.06474482 -0.06473366 -0.011843257 -0.07405548 -0.03314749 -0.017084202 -0.10269818 -0.14944932
0.5 -0.06484751 -0.06487361 -0.06487053 -0.06487094 -0.0648057 -0.06479732 -0.011924468 -0.074093595 -0.033162624 -0.01710083 -0.10297471 -0.14982542
