0.0 -0.065 -0.065 -0.065 -0.065 -0.029011924 -0.033445995 -0.053017933 -0.038190283
0.0005 -0.06497798 -0.05428989 -0.05192283 -0.06486425 -0.034487918 -0.01691296 -0.04683707 -0.040941957
0.001 -0.06488158 -0.03778811 -0.03703755 -0.06464734 -0.036940172 0.007853001 -0.0373701 -0.045590844
0.0015 -0.06475591 -0.01864253 -0.02407513 -0.0644337 -0.038194515 0.034314744 -0.026962427 -0.049626604
0.002 -0.06462464 0.001932679 -0.01244413 -0.06421317 -0.039025437 0.060121514 -0.016548205 -0.052442078
0.0025 -0.06448889 0.02328854 -0.001463937 -0.06397945 -0.039753757 0.08456995 -0.0063649565 -0.05409548
0.003 -0.06434606 0.04502311 0.009223079 -0.06373021 -0.040502243 0.10759958 0.0036209524 -0.054832038
0.0035 -0.0641911 0.06694057 0.01980536 -0.06346146 -0.041306477 0.12938088 0.013521947 -0.054910827
0.004 -0.06403058 0.08893947 0.03037235 -0.06317899 -0.04216551 0.1501441 0.023451753 -0.05454957
0.0045 -0.06386835 0.1109543 0.04096151 -0.06288685 -0.04306507 0.17010987 0.033498526 -0.053914245
0.005 -0.06370336 0.132932 0.05155869 -0.06258598 -0.043988295 0.18946475 0.04371997 -0.053124305
0.0055 -0.06352269 0.1548211 0.062085 -0.06227237 -0.044919573 0.20835605 0.05414652 -0.05226234
0.006 -0.06332942 0.1765724 0.07262493 -0.06194881 -0.045846198 0.22689459 0.06478724 -0.05138283
0.0065 -0.06312862 0.1981417 0.08319241 -0.06161817 -0.046758354 0.24516031 0.07563526 -0.050520357
0.007 -0.06292446 0.2194892 0.09377132 -0.06125375 -0.047648497 0.2632086 0.08667319 -0.04969531
0.0075 -0.06270384 0.2405815 0.1043542 -0.06083091 -0.048511136 0.28107527 0.097876884 -0.048918243
0.008 -0.06247521 0.2613875 0.114925 -0.06041996 -0.049342196 0.29878163 0.1092182 -0.048193317
0.0085 -0.06224753 0.281881 0.1254704 -0.06002551 -0.050138704 0.31633827 0.12066748 -0.04752047
0.009 -0.06202216 0.3020411 0.1359802 -0.05964294 -0.05089851 0.3337475 0.13219464 -0.04689711
0.0095 -0.06179747 0.3218519 0.1464452 -0.05926787 -0.051620215 0.3510064 0.14377052 -0.04631899
0.01 -0.06157133 0.3413016 0.1568571 -0.05889707 -0.05230276 0.36810797 0.15536726 -0.04578134
0.0105 -0.06134203 0.360382 0.1672083 -0.05852822 -0.0529456 0.38504303 0.16695869 -0.045279127
0.011 -0.06110843 0.3790877 0.1774918 -0.05815975 -0.053548567 0.4018007 0.1785205 -0.04480737
0.0115 -0.06086986 0.3974161 0.1877014 -0.05779059 -0.0541117 0.4183696 0.19003066 -0.044361454
0.012 -0.06062603 0.4153665 0.1978317 -0.05742004 -0.054635394 0.43473792 0.20146918 -0.04393732
0.0125 -0.06037687 0.4329399 0.2078779 -0.05704767 -0.055120233 0.45089453 0.21281815 -0.043531474
0.013 -0.06012246 0.450139 0.2178358 -0.05667325 -0.055566944 0.46682867 0.22406152 -0.043140795
0.0135 -0.05986294 0.4669672 0.2277019 -0.0562967 -0.055976536 0.48253042 0.23518544 -0.042762827
0.014 -0.0595985 0.4834292 0.2374729 -0.05591801 -0.056350105 0.49799073 0.2461777 -0.042395767
0.0145 -0.05932921 0.4995301 0.2471458 -0.0555371 -0.05668885 0.51320153 0.2570281 -0.042037945
0.015 -0.05905524 0.5152757 0.2567185 -0.05515396 -0.056994185 0.52815604 0.26772773 -0.041688498
0.0155 -0.05877689 0.5306723 0.2661892 -0.05476894 -0.057267506 0.5428482 0.27826947 -0.041346636
0.016 -0.05849446 0.5457263 0.2755561 -0.05438237 -0.057510283 0.5572733 0.28864732 -0.04101203
0.0165 -0.05820824 0.5604446 0.284818 -0.05399446 -0.057724062 0.5714275 0.2988568 -0.04068465
0.017 -0.05791843 0.5748338 0.2939734 -0.05360544 -0.057910416 0.58530796 0.3088944 -0.040364396
0.0175 -0.05762522 0.5889009 0.3030215 -0.05321548 -0.058070887 0.5989126 0.3187575 -0.04005162
0.018 -0.05732877 0.6026529 0.3119612 -0.05282477 -0.058207083 0.61224055 0.32844454 -0.039746534
0.0185 -0.05702923 0.6160967 0.3207633 -0.05243349 -0.05832046 0.6252914 0.3379548 -0.03944963
0.019 -0.05672835 0.6292165 0.3287357 -0.05204831 -0.058412682 0.63806564 0.34728783 -0.039161276
0.0195 -0.05642844 0.6420027 0.3365716 -0.05166613 -0.058485057 0.6505644 0.35644418 -0.03888188
0.02 -0.05612694 0.6544813 0.344616 -0.05128223 -0.058539107 0.6627893 0.36542484 -0.038611796
0.0205 -0.0558219 0.6666776 0.3528377 -0.05089642 -0.058576148 0.67474234 0.37423107 -0.038351472
0.021 -0.05551282 0.6786094 0.3611373 -0.05050918 -0.05859752 0.68642664 0.38286442 -0.038101073
0.0215 -0.0552 0.6902881 0.3694298 -0.05012101 -0.058604434 0.697845 0.39132705 -0.03786103
0.022 -0.05488397 0.7017206 0.3776582 -0.04973238 -0.058598116 0.70900095 0.39962095 -0.037631374
0.0225 -0.05456525 0.712912 0.3857884 -0.04934364 -0.058579586 0.71989816 0.40774864 -0.037412193
0.023 -0.05424439 0.7238657 0.393802 -0.04895512 -0.058549993 0.73054063 0.41571245 -0.037203666
0.0235 -0.05392174 0.7345851 0.4016905 -0.04856709 -0.05851021 0.7409326 0.42351523 -0.037005674
0.024 -0.05359749 0.7450736 0.4094508 -0.04817977 -0.058461238 0.7510784 0.43115962 -0.036818203
0.0245 -0.05327176 0.7553345 0.4170836 -0.04779335 -0.058403853 0.7609826 0.43864825 -0.036641072
0.025 -0.0529447 0.7653717 0.4245907 -0.04740799 -0.058338854 0.7706498 0.44598418 -0.036474135
0.0255 -0.05261623 0.7751889 0.4319747 -0.04702497 -0.058267057 0.7800847 0.45317006 -0.03631709
0.026 -0.05228559 0.7847894 0.4392369 -0.04664608 -0.058189005 0.78929216 0.4602089 -0.036169644
0.0265 -0.0519535 0.7941775 0.4463814 -0.04626738 -0.05810536 0.7982767 0.4671033 -0.036031615
0.027 -0.05162085 0.8033582 0.4534118 -0.04588916 -0.05801671 0.80704355 0.4738562 -0.035902467
0.0275 -0.05128801 0.8123364 0.4603308 -0.04551194 -0.05792362 0.8155972 0.48047078 -0.035782155
0.028 -0.05095502 0.8211166 0.4671406 -0.04513604 -0.057826523 0.8239424 0.4869492 -0.035670128
0.0285 -0.05062183 0.8297034 0.473843 -0.04476176 -0.057725824 0.8320844 0.4932946 -0.03556588
0.029 -0.05028896 0.8381005 0.4804384 -0.04439517 -0.057622034 0.8400273 0.4995095 -0.035469245
0.0295 -0.04995669 0.8463115 0.4869279 -0.04403174 -0.05751546 0.8477763 0.5055969 -0.0353796
0.03 -0.04962408 0.8543414 0.493315 -0.04366834 -0.057406392 0.8553357 0.51155907 -0.035296794
0.0305 -0.04929085 0.8621949 0.499602 -0.04330511 -0.05729522 0.8627101 0.51739866 -0.035220247
0.031 -0.048957 0.8698764 0.5057901 -0.04294316 -0.05718219 0.86990416 0.52311844 -0.03514969
0.0315 -0.04862209 0.8773894 0.5118786 -0.042587 -0.05706759 0.87692213 0.52872074 -0.0350846
0.032 -0.04828655 0.8847373 0.5178693 -0.04223133 -0.05695156 0.8837682 0.5342081 -0.03502473
0.0325 -0.04795113 0.8919246 0.5237649 -0.04187567 -0.0568344 0.890447 0.53958297 -0.034969624
0.033 -0.04761627 0.8989551 0.5295668 -0.04152075 -0.056716315 0.89696276 0.54484767 -0.03491902
0.0335 -0.0472821 0.9058328 0.5352761 -0.04116708 -0.056597434 0.90331906 0.5500046 -0.03487253
0.034 -0.04694859 0.9125613 0.5408938 -0.04081499 -0.05647793 0.90952027 0.555056 -0.03482985
0.0345 -0.0466157 0.919144 0.5464209 -0.04046469 -0.05635797 0.91557026 0.56000423 -0.034790706
0.035 -0.04628343 0.9255844 0.5518583 -0.04011638 -0.056237686 0.9214729 0.5648513 -0.03475469
0.0355 -0.04595179 0.9318857 0.5572072 -0.03977017 -0.056117207 0.92723185 0.5695995 -0.0347217
0.036 -0.04562081 0.9380509 0.5624687 -0.03942618 -0.055996593 0.9328507 0.5742512 -0.034691315
0.0365 -0.04529055 0.9440833 0.5676439 -0.03908448 -0.055875983 0.93833315 0.578808 -0.034663405
0.037 -0.04496106 0.9499858 0.5727338 -0.03874515 -0.055755503 0.9436827 0.58327234 -0.03463761
0.0375 -0.04463241 0.9557614 0.5777397 -0.03840823 -0.055635184 0.94890255 0.58764607 -0.03461392
0.038 -0.04430464 0.9614128 0.5826627 -0.03807377 -0.05551511 0.9539964 0.59193116 -0.034591984
0.0385 -0.0439778 0.966943 0.5875038 -0.03774174 -0.05539539 0.9589671 0.59612954 -0.0345716
0.039 -0.04365183 0.9723546 0.5922642 -0.03741208 -0.055276077 0.96381795 0.60024315 -0.0345526
0.0395 -0.04332682 0.9776503 0.5969451 -0.03708486 -0.05515718 0.9685521 0.6042739 -0.034534927
0.04 -0.04300291 0.9828328 0.6015475 -0.03676015 -0.055038825 0.9731727 0.60822356 -0.034518372
0.0405 -0.04268018 0.9879046 0.6060725 -0.03643797 -0.05492102 0.97768235 0.6120937 -0.034502786
0.041 -0.04235863 0.9928682 0.6105212 -0.03611821 -0.054803777 0.98208404 0.61588633 -0.03448799
0.0415 -0.04204107 0.9977097 0.6140929 -0.03580016 -0.05468726 0.9863802 0.61960316 -0.034473967
0.042 -0.0417336 1.00239 0.617106 -0.03548333 -0.054571416 0.99057436 0.6232456 -0.03446063
0.0425 -0.04142892 1.006931 0.620504 -0.03516908 -0.054456223 0.99466836 0.6268154 -0.03444771
0.043 -0.04112243 1.011366 0.6243204 -0.03485793 -0.054341856 0.9986651 0.6303143 -0.034435313
0.0435 -0.04081332 1.015717 0.6283992 -0.03454994 -0.05422823 1.0025669 0.6337438 -0.034423303
0.044 -0.04050239 1.019996 0.6325932 -0.03424501 -0.05411537 1.0063764 0.6371053 -0.03441159
0.0445 -0.04019075 1.024206 0.6368015 -0.03394303 -0.054003444 1.010096 0.6404005 -0.034400072
0.045 -0.03987933 1.028349 0.6409639 -0.03364558 -0.05389226 1.0137277 0.64363074 -0.034388747
0.0455 -0.03956913 1.03242 0.6450456 -0.03335919 -0.053782042 1.017274 0.6467976 -0.034377616
0.046 -0.03926087 1.036419 0.6490337 -0.03307457 -0.053672615 1.020737 0.64990205 -0.034366485
0.0465 -0.03895447 1.040345 0.652926 -0.03278987 -0.053564172 1.0241188 0.6529461 -0.03435534
0.047 -0.03864992 1.044197 0.6567241 -0.03250561 -0.053456645 1.0274215 0.65593064 -0.034344252
0.0475 -0.03834723 1.047973 0.6604313 -0.03222233 -0.053350035 1.030647 0.65885705 -0.03433318
0.048 -0.03804639 1.051675 0.6640522 -0.03194046 -0.053244364 1.0337976 0.66172665 -0.034322064
0.0485 -0.0377474 1.055301 0.6675912 -0.03166027 -0.053139765 1.0368745 0.66454077 -0.034310903
0.049 -0.03745024 1.058853 0.6710527 -0.031382 -0.053036008 1.0398804 0.6673004 -0.034299564
0.0495 -0.03715493 1.062331 0.674441 -0.03110579 -0.052933317 1.0428165 0.6700072 -0.034288105
0.05 -0.03686148 1.065737 0.6777594 -0.03083176 -0.04745462 1.0609326 0.6885565 -0.030596595
0.0505 -0.03657971 1.058692 0.6808224 -0.03068375 -0.045528617 1.0516742 0.6955875 -0.035332736
0.051 -0.03632468 1.046476 0.6834328 -0.03059942 -0.043814745 1.0424134 0.7009683 -0.03844635
0.0515 -0.036077 1.032021 0.6857409 -0.03051154 -0.04216906 1.0303744 0.70441884 -0.040744092
0.052 -0.03583261 1.016382 0.6878381 -0.03043068 -0.040727284 1.0166595 0.70686156 -0.042216178
0.0525 -0.03559181 1.000075 0.6897762 -0.03036085 -0.03947379 1.0019915 0.7087176 -0.04307991
0.053 -0.03535535 0.9833818 0.6915849 -0.03030299 -0.0383836 0.98679864 0.71020854 -0.043487024
0.0535 -0.03512376 0.9664811 0.6932823 -0.03025693 -0.037426423 0.971347 0.7114538 -0.043559846
0.054 -0.03489732 0.949498 0.6948806 -0.03022208 -0.036575872 0.9558035 0.7125209 -0.04339258
0.0545 -0.03467617 0.9325269 0.6963886 -0.03019771 -0.03581101 0.9402735 0.71344966 -0.043055814
0.055 -0.03446033 0.9156416 0.6978134 -0.03018309 -0.03511622 0.9248245 0.71426547 -0.042602252
0.0555 -0.0342498 0.898901 0.6991611 -0.03017752 -0.03448003 0.9094999 0.7149847 -0.042070325
0.056 -0.03404454 0.8823523 0.7004368 -0.03018033 -0.033894025 0.89432776 0.7156193 -0.041488808
0.0565 -0.03384451 0.8660331 0.701645 -0.0301909 -0.033352107 0.8793268 0.716178 -0.040878337
0.057 -0.03364964 0.849973 0.7027898 -0.03020864 -0.03284975 0.8645093 0.71666753 -0.040254083
0.0575 -0.03345989 0.8341952 0.7038749 -0.030233 -0.032383576 0.84988356 0.717094 -0.03962728
0.058 -0.03327519 0.8187175 0.7049036 -0.0302635 -0.031950805 0.8354559 0.7174623 -0.039005842
0.0585 -0.03309547 0.8035528 0.7058789 -0.03029966 -0.03154932 0.8212304 0.71777666 -0.038395848
0.059 -0.03292068 0.7887107 0.7068036 -0.03034105 -0.031177144 0.80721104 0.7180414 -0.037801396
0.0595 -0.03275074 0.7741972 0.7076801 -0.03038726 -0.030832622 0.7934004 0.71826017 -0.03722551
0.06 -0.0325856 0.7600159 0.7085109 -0.03043791 -0.030514248 0.7798009 0.71843606 -0.036670532
0.0605 -0.03242518 0.7461683 0.7092981 -0.03049265 -0.030220564 0.7664145 0.7185725 -0.036137726
0.061 -0.03226942 0.7326538 0.7100437 -0.03055116 -0.02995019 0.753243 0.7186721 -0.03562827
0.0615 -0.03211825 0.7194708 0.7107495 -0.03061313 -0.029701807 0.74028796 0.71873766 -0.035142865
0.062 -0.0319716 0.7066161 0.7114174 -0.03067828 -0.029474169 0.7275505 0.7187718 -0.034681763
0.0625 -0.03182939 0.6940858 0.712049 -0.03074634 -0.029266011 0.7150316 0.7187767 -0.034245234
0.063 -0.03169157 0.6818751 0.7126459 -0.03081706 -0.029076084 0.7027322 0.71875453 -0.03383335
0.0635 -0.03155805 0.6699787 0.7132094 -0.03089022 -0.028903343 0.69065267 0.7187072 -0.033445816
0.064 -0.03142877 0.6583909 0.713741 -0.0309656 -0.028746638 0.6787933 0.71863675 -0.03308254
0.0645 -0.03130365 0.6471053 0.7142421 -0.03104299 -0.028604858 0.6671541 0.71854496 -0.032743182
0.065 -0.03118263 0.6361157 0.7147137 -0.03112221 -0.028476983 0.6557349 0.71843326 -0.032427426
0.0655 -0.03106563 0.6254154 0.7151573 -0.03120309 -0.028362095 0.64453506 0.7183032 -0.032134827
0.066 -0.03095258 0.6149976 0.7155738 -0.03128545 -0.02825921 0.63355416 0.71815634 -0.031864863
0.0665 -0.03084342 0.6048557 0.7159644 -0.03136915 -0.028167494 0.62279105 0.71799386 -0.031617057
0.067 -0.03073806 0.5949828 0.7163301 -0.03145405 -0.028086076 0.61224484 0.7178171 -0.031390738
0.0675 -0.03063644 0.5853722 0.7166719 -0.03154 -0.02801416 0.60191417 0.7176273 -0.031185564
0.068 -0.03053849 0.576017 0.7169907 -0.03162689 -0.027951006 0.5917976 0.7174254 -0.031000655
0.0685 -0.03044413 0.5669108 0.7172875 -0.0317146 -0.027895914 0.5818933 0.71721244 -0.030835662
0.069 -0.0303533 0.5580467 0.7175631 -0.03180301 -0.027848195 0.5721997 0.7169895 -0.030689616
0.0695 -0.03026593 0.5494186 0.7178184 -0.03189203 -0.027807277 0.56271476 0.7167574 -0.030562092
0.07 -0.03018195 0.5410199 0.7180541 -0.03198157 -0.027772518 0.5534363 0.7165169 -0.030452307
0.0705 -0.03010128 0.5328444 0.7182712 -0.03207152 -0.027743397 0.54436225 0.71626896 -0.03035966
0.071 -0.03002387 0.5248861 0.7184702 -0.03216182 -0.027719429 0.5354901 0.7160142 -0.030283432
0.0715 -0.02994964 0.5171391 0.718652 -0.03225237 -0.027700122 0.52681756 0.7157534 -0.030222919
0.072 -0.02987853 0.5095975 0.7188172 -0.03234312 -0.027685039 0.51834214 0.7154872 -0.030177426
0.0725 -0.02981047 0.5022556 0.7189665 -0.03243398 -0.027673772 0.5100611 0.71521604 -0.030146252
0.073 -0.02974539 0.495108 0.7191005 -0.0325249 -0.027665984 0.50197184 0.7149406 -0.030128773
0.0735 -0.02968322 0.4881492 0.7192199 -0.03261582 -0.027661258 0.49407154 0.7146615 -0.030124355
0.074 -0.02962392 0.4813741 0.7193253 -0.03270668 -0.027659345 0.48635745 0.7143792 -0.030132186
0.0745 -0.0295674 0.4747775 0.7194172 -0.03279743 -0.027659923 0.47882676 0.71409404 -0.030151766
0.075 -0.02951361 0.4683546 0.7194962 -0.03288803 -0.027662745 0.47147632 0.71380657 -0.030182403
0.0755 -0.02946249 0.4621004 0.7195628 -0.03297843 -0.027667569 0.4643034 0.7135172 -0.030223507
0.076 -0.02941397 0.4560103 0.7196176 -0.03306858 -0.027674176 0.4573049 0.71322614 -0.030274514
0.0765 -0.02936799 0.4500798 0.719661 -0.03315845 -0.027682332 0.45047787 0.7129339 -0.030334655
0.077 -0.02932449 0.4443044 0.7196936 -0.03324801 -0.027691903 0.44381928 0.71264076 -0.030403595
0.0775 -0.02928342 0.4386799 0.7197158 -0.03333721 -0.027702738 0.4373261 0.7123472 -0.03048065
0.078 -0.02924471 0.4332021 0.719728 -0.03342604 -0.027714672 0.43099517 0.7120532 -0.030565355
0.0785 -0.02920831 0.4278669 0.7197308 -0.03351445 -0.027727608 0.42482355 0.71175903 -0.030657072
0.079 -0.02917416 0.4226705 0.7197244 -0.03360243 -0.027741369 0.41880813 0.7114652 -0.030755509
0.0795 -0.02914221 0.4176089 0.7197093 -0.03368994 -0.027755924 0.41294584 0.7111718 -0.03086007
0.08 -0.02911239 0.4126785 0.719686 -0.03377698 -0.027771182 0.40723366 0.71087897 -0.030970354
0.0805 -0.02908466 0.4078757 0.7196547 -0.03386351 -0.027787028 0.4016685 0.71058697 -0.031085897
0.081 -0.02905897 0.403197 0.7196158 -0.03394951 -0.027803447 0.3962474 0.7102961 -0.031206291
0.0815 -0.02903525 0.398639 0.7195698 -0.03403498 -0.027820352 0.39096728 0.71000636 -0.031331096
0.082 -0.02901346 0.3941983 0.7195169 -0.03411989 -0.027837714 0.3858252 0.7097179 -0.03146002
0.0825 -0.02899355 0.3898719 0.7194574 -0.03420422 -0.027855497 0.3808182 0.7094309 -0.031592708
0.083 -0.02897547 0.3856566 0.7193917 -0.03428797 -0.02787363 0.37594324 0.70914555 -0.031728785
0.0835 -0.02895916 0.3815494 0.71932 -0.03437113 -0.027892128 0.37119752 0.708862 -0.031867933
0.084 -0.02894459 0.3775472 0.7192428 -0.03445367 -0.027910948 0.36657816 0.7085802 -0.032009844
0.0845 -0.02893169 0.3736474 0.7191601 -0.0345356 -0.02793013 0.3620822 0.7083005 -0.03215419
0.085 -0.02892044 0.3698471 0.7190724 -0.0346169 -0.027949583 0.3577069 0.7080226 -0.032300796
0.0855 -0.02891077 0.3661437 0.7189799 -0.03469756 -0.027969368 0.35344946 0.707747 -0.03244931
0.086 -0.02890265 0.3625344 0.7188828 -0.03477758 -0.027989447 0.34930712 0.70747364 -0.03259952
0.0865 -0.02889603 0.3590169 0.7187813 -0.03485696 -0.028009813 0.3452772 0.70720243 -0.032751236
0.087 -0.02889087 0.3555886 0.7186758 -0.03493568 -0.02803048 0.34135705 0.7069337 -0.03290415
0.0875 -0.02888713 0.3522471 0.7185664 -0.03501374 -0.028051443 0.33754387 0.7066673 -0.033058185
0.088 -0.02888475 0.3489901 0.7184534 -0.03509114 -0.0280727 0.33383533 0.7064034 -0.033213053
0.0885 -0.02888372 0.3458154 0.7183369 -0.03516787 -0.028094254 0.33022872 0.70614207 -0.03336851
0.089 -0.02888397 0.3427207 0.7182172 -0.03524394 -0.02811612 0.32672155 0.7058833 -0.033524532
0.0895 -0.02888548 0.3397039 0.7180944 -0.03531933 -0.028138315 0.3233114 0.70562714 -0.033680934
0.09 -0.02888821 0.336763 0.7179688 -0.03539405 -0.02816082 0.31999576 0.70537364 -0.03383753
0.0905 -0.02889211 0.3338959 0.7178405 -0.0354681 -0.028183647 0.31677237 0.70512277 -0.033994142
0.091 -0.02889715 0.3311007 0.7177098 -0.03554147 -0.028206814 0.31363878 0.7048746 -0.034150664
0.0915 -0.0289033 0.3283755 0.7175766 -0.03561418 -0.028230349 0.31059286 0.7046292 -0.034306984
0.092 -0.02891052 0.3257183 0.7174414 -0.0356862 -0.028254163 0.3076322 0.7043866 -0.034463044
0.0925 -0.02891878 0.3231275 0.7173041 -0.03575756 -0.028278358 0.3047547 0.7041467 -0.03461862
0.093 -0.02892803 0.3206013 0.7171649 -0.03582824 -0.028302906 0.3019582 0.7039096 -0.03477372
0.0935 -0.02893826 0.3181379 0.717024 -0.03589825 -0.028327802 0.29924053 0.7036754 -0.034928147
0.094 -0.02894941 0.3157357 0.7168816 -0.03596759 -0.02835306 0.29659972 0.70344394 -0.035081785
0.0945 -0.02896148 0.3133932 0.7167376 -0.03603627 -0.028378673 0.29403365 0.7032153 -0.03523474
0.095 -0.02897441 0.3111087 0.7165924 -0.03610428 -0.028404618 0.29154038 0.7029895 -0.03538679
0.0955 -0.02898819 0.3088807 0.7164459 -0.03617163 -0.02843095 0.28911796 0.7027665 -0.035537932
0.096 -0.02900278 0.3067077 0.7162984 -0.03623832 -0.028457645 0.28676453 0.70254636 -0.035688024
0.0965 -0.02901815 0.3045884 0.7161499 -0.03630436 -0.028484648 0.28447825 0.70232904 -0.035837118
0.097 -0.02903428 0.3025213 0.7160005 -0.03636974 -0.028512063 0.28225723 0.7021145 -0.03598505
0.0975 -0.02905114 0.300505 0.7158503 -0.03643447 -0.028539818 0.28009972 0.7019029 -0.03613187
0.098 -0.02906869 0.2985383 0.7156995 -0.03649855 -0.028567899 0.2780041 0.7016941 -0.036277417
0.0985 -0.02908692 0.2966198 0.7155481 -0.036562 -0.028596342 0.2759686 0.701488 -0.036421698
0.099 -0.0291058 0.2947483 0.7153963 -0.0366248 -0.0286251 0.27399155 0.7012847 -0.036564734
0.0995 -0.0291253 0.2929226 0.7152441 -0.03668697 -0.028654186 0.2720714 0.7010842 -0.03670643
0.1 -0.0291454 0.2911415 0.7150915 -0.03674851 0.015198085 0.26203918 0.7072945 -0.05897161
0.1005 -0.01814186 0.2894513 0.7165223 -0.02099915 0.010118067 0.26393962 0.72561747 -0.023984905
0.101 -0.003209059 0.2880119 0.7194292 -0.005014069 0.007009659 0.2630182 0.7348939 0.0052227527
0.1015 0.007416058 0.2867784 0.7215439 0.007054545 0.007942751 0.26422906 0.7408896 0.025952447
0.102 0.0146963 0.2856789 0.7229258 0.01745891 0.010781489 0.26586622 0.7439186 0.041617926
0.1025 0.0201734 0.2846726 0.7239335 0.02710217 0.014677409 0.26734748 0.74494857 0.053821076
0.103 0.02474878 0.2837388 0.7247607 0.03625291 0.019127682 0.2684358 0.7446577 0.063751906
0.1035 0.02889582 0.2828664 0.7255256 0.0450159 0.023859031 0.26908022 0.74355775 0.07219945
0.104 0.03284715 0.28205 0.7262831 0.05344764 0.028719537 0.2693147 0.74201334 0.079686835
0.1045 0.03671287 0.281287 0.7270515 0.06157829 0.033624172 0.26920736 0.74027723 0.08655605
0.105 0.04052074 0.280574 0.7278285 0.06939238 0.038525376 0.2688356 0.7385208 0.093027025
0.1055 0.04428543 0.2799075 0.7286085 0.07691048 0.04339621 0.26827294 0.7368564 0.09923777
0.106 0.04802388 0.2791492 0.7293948 0.08417748 0.048221562 0.26758423 0.73535496 0.105271965
0.1065 0.05174238 0.2776523 0.7301688 0.09121 0.052992675 0.26682347 0.73405784 0.11117776
0.107 0.05543993 0.2759971 0.7309258 0.09802157 0.05770419 0.26603365 0.73298556 0.11698061
0.1075 0.05911359 0.274511 0.7316797 0.1046216 0.06235243 0.26524806 0.7321445 0.122691706
0.108 0.06276012 0.2733126 0.7324407 0.1110172 0.066934735 0.26449168 0.7315314 0.12831375
0.1085 0.06637686 0.2724172 0.7332137 0.1172156 0.07144876 0.2637827 0.7311368 0.13384488
0.109 0.06996197 0.2717937 0.7339996 0.1232235 0.07589236 0.26313362 0.7309471 0.13928077
0.1095 0.07351416 0.2713951 0.7347975 0.1290396 0.08026345 0.26255265 0.7309468 0.14461611
0.11 0.07703254 0.2711725 0.7356054 0.1346779 0.084560156 0.26204473 0.7311191 0.14984575
0.1105 0.08051667 0.271082 0.7364212 0.1401495 0.088780746 0.26161245 0.7314472 0.15496527
0.111 0.08396635 0.2710873 0.7372427 0.1454612 0.0929236 0.26125622 0.7319145 0.15997055
0.1115 0.08738162 0.2711594 0.7380683 0.150619 0.09698743 0.26097542 0.73250526 0.16485876
0.112 0.09076252 0.2712763 0.7388965 0.1556286 0.10097106 0.26076853 0.7332047 0.16962767
0.1125 0.09410875 0.2714212 0.7397258 0.1604954 0.10487376 0.2606331 0.7339991 0.174276
0.113 0.0974202 0.2715827 0.7405554 0.165225 0.10869491 0.26056677 0.734876 0.1788031
0.1135 0.100697 0.2717528 0.7413846 0.1698228 0.11243427 0.26056647 0.7358238 0.1832091
0.114 0.1039391 0.2719265 0.7422126 0.1741953 0.11609173 0.26062924 0.73683244 0.18749458
0.1145 0.1071463 0.2721007 0.7430392 0.1783268 0.11966753 0.26075205 0.73789245 0.19166075
0.115 0.1103184 0.2722739 0.7438637 0.1823933 0.12316206 0.26093206 0.7389959 0.1957091
0.1155 0.1134557 0.2724454 0.744686 0.1864036 0.12657595 0.2611663 0.74013543 0.19964144
0.116 0.1165582 0.2726154 0.745506 0.1903487 0.12990995 0.26145184 0.7413041 0.20346
0.1165 0.1196259 0.2727844 0.7463233 0.1942214 0.13316506 0.26178616 0.7424966 0.20716724
0.117 0.122659 0.2729532 0.7471378 0.197992 0.13634232 0.26216662 0.74370784 0.2107656
0.1175 0.1256436 0.2731227 0.7479485 0.2014586 0.13944295 0.26259062 0.7449333 0.2142576
0.118 0.1285786 0.2732936 0.748754 0.2048649 0.14246827 0.26305598 0.7461692 0.21764621
0.1185 0.1314814 0.2734667 0.7495561 0.2082579 0.14541966 0.26356032 0.747412 0.22093427
0.119 0.1343581 0.273643 0.7503555 0.2116112 0.14829847 0.26410156 0.748659 0.22412455
0.1195 0.1372078 0.2738229 0.7511523 0.214922 0.15110627 0.26467755 0.7499075 0.22721991
0.12 0.1400286 0.2740073 0.7519463 0.2181611 0.15384467 0.26528654 0.75115514 0.2302233
0.1205 0.1428184 0.2741957 0.752737 0.2211111 0.15651506 0.26592636 0.7523999 0.2331377
0.121 0.1455757 0.2743889 0.7535242 0.2240274 0.15911917 0.2665956 0.75364083 0.23596573
0.1215 0.1482991 0.2745882 0.7543075 0.2269485 0.16165851 0.26729223 0.75487566 0.23871014
0.122 0.1509887 0.2747945 0.755087 0.2298671 0.16413462 0.26801488 0.75610363 0.24137402
0.1225 0.1536449 0.2750082 0.7558625 0.2327693 0.16654928 0.2687619 0.7573235 0.24395981
0.123 0.1562635 0.2752295 0.756634 0.2356414 0.16890386 0.26953173 0.7585345 0.24647012
0.1235 0.1588446 0.2754585 0.7574012 0.2384738 0.17120004 0.27032295 0.7597358 0.2489075
0.124 0.1613877 0.275695 0.758164 0.2412606 0.17343932 0.27113438 0.76092666 0.25127465
0.1245 0.1638838 0.2759361 0.7586723 0.2439763 0.17562322 0.2719644 0.76210684 0.25357378
0.125 0.1662998 0.2761286 0.7578526 0.2465858 0.17775327 0.2728119 0.76327556 0.25580716
0.1255 0.1686707 0.2762637 0.7572735 0.2491335 0.17983082 0.27367565 0.7644326 0.25797737
0.126 0.171025 0.276378 0.7573367 0.2516159 0.18185747 0.27455437 0.7655778 0.26008636
0.1265 0.173369 0.2765042 0.7579048 0.2540511 0.18383446 0.27544695 0.7667107 0.26213628
0.127 0.1756831 0.2766583 0.7587735 0.2564194 0.18576333 0.27635244 0.7678312 0.26412922
0.1275 0.1779636 0.2768472 0.7597865 0.2587344 0.18764532 0.2772697 0.76893914 0.26606715
0.128 0.1802276 0.2770715 0.7608507 0.2610193 0.18948163 0.27819765 0.77003443 0.2679519
0.1285 0.1824804 0.2773281 0.7619134 0.2632778 0.19127375 0.27913538 0.7711171 0.2697854
0.129 0.1847191 0.2776123 0.7629471 0.265507 0.19302276 0.28008196 0.77218693 0.27156934
0.1295 0.1869385 0.2779192 0.7639399 0.2677035 0.19472994 0.28103653 0.77324426 0.2733054
0.13 0.1891341 0.2782439 0.7648887 0.2698647 0.19639644 0.2819982 0.77428854 0.27499536
0.1305 0.1913029 0.2785827 0.7657955 0.2719887 0.1980234 0.2829661 0.77532023 0.27664068
0.131 0.1934429 0.278932 0.766664 0.2740742 0.19961187 0.2839394 0.7763391 0.27824277
0.1315 0.1955522 0.2792894 0.7674968 0.2761203 0.20116298 0.28491762 0.77734554 0.27980316
0.132 0.1976008 0.2796502 0.7682493 0.2781189 0.20267779 0.28589964 0.7783394 0.2813233
0.1325 0.1995781 0.2800096 0.7689163 0.2800513 0.20415726 0.28688478 0.7793207 0.28280464
0.133 0.2015151 0.2803616 0.7695603 0.2819035 0.20560241 0.28787267 0.7802896 0.2842482
0.1335 0.2034395 0.2807067 0.7702247 0.2836975 0.2070141 0.28886247 0.7812464 0.2856552
0.134 0.2053589 0.281052 0.7709124 0.2854671 0.20839334 0.28985366 0.7821909 0.2870271
0.1345 0.2072718 0.2814014 0.7716149 0.2872206 0.209741 0.2908456 0.78312343 0.2883649
0.135 0.2091717 0.2817565 0.7723228 0.2889559 0.21105787 0.29183757 0.7840439 0.2896695
0.1355 0.2110507 0.2821175 0.7730283 0.2906655 0.21234488 0.29282933 0.78495246 0.29094237
0.136 0.2128818 0.2824837 0.7737205 0.2923127 0.21360284 0.29382014 0.78584945 0.29218417
0.1365 0.2146729 0.2828537 0.7743985 0.2939215 0.21483245 0.2948096 0.7867347 0.29339612
0.137 0.2164447 0.2832268 0.7750676 0.2955127 0.21603459 0.29579726 0.7876086 0.2945789
0.1375 0.2180956 0.2836023 0.7757304 0.2970897 0.2172099 0.29678267 0.7884711 0.29573363
0.138 0.2195477 0.2839799 0.7763861 0.2986498 0.21835911 0.29776525 0.78932226 0.29686096
0.1385 0.2210539 0.284359 0.7770345 0.3001899 0.21948293 0.29874486 0.79016227 0.29796195
0.139 0.222654 0.2847393 0.7776762 0.3017084 0.22058204 0.2997209 0.79099137 0.29903737
0.1395 0.2243201 0.2851206 0.7783114 0.3032046 0.22165702 0.30069324 0.7918098 0.30008766
0.14 0.2260166 0.2855025 0.7789404 0.3046774 0.22270864 0.30166134 0.7926173 0.3011139
0.1405 0.2277159 0.2858849 0.7795631 0.3061255 0.22373739 0.30262506 0.79341424 0.3021169
0.141 0.2294003 0.2862677 0.7801795 0.3075483 0.22474387 0.3035838 0.79420066 0.30309707
0.1415 0.23106 0.2866507 0.7807896 0.3089466 0.22572869 0.30453765 0.79497683 0.30405512
0.142 0.2326906 0.2870337 0.7813936 0.3103207 0.22669242 0.305486 0.79574275 0.30499172
0.1425 0.2342902 0.2874167 0.7819915 0.3116711 0.22763553 0.30642882 0.79649854 0.3059075
0.143 0.235859 0.2877993 0.7825835 0.3129978 0.2285586 0.30736583 0.7972443 0.30680308
0.1435 0.2373976 0.2881814 0.7831696 0.3143011 0.22946212 0.30829668 0.79798037 0.3076789
0.144 0.2389071 0.2885628 0.78375 0.3155814 0.23034665 0.30922136 0.7987066 0.30853567
0.1445 0.240389 0.2889435 0.7843246 0.316839 0.23121248 0.3101395 0.79942316 0.30937383
0.145 0.2418444 0.2893235 0.7848936 0.3180745 0.23206027 0.31105098 0.8001303 0.31019396
0.1455 0.2432735 0.2896991 0.7851983 0.3192863 0.23289037 0.31195563 0.8008281 0.31099635
0.146 0.2446349 0.2900131 0.784127 0.3204232 0.23370326 0.3128534 0.80151653 0.3117818
0.1465 0.2459067 0.2902527 0.7832913 0.3214707 0.2344993 0.313744 0.8021959 0.31255063
0.147 0.2471468 0.2904612 0.7831148 0.3224929 0.23527896 0.31462735 0.8028664 0.31330308
0.1475 0.248395 0.2906741 0.783464 0.3235186 0.23604253 0.31550312 0.8035277 0.31403983
0.148 0.2496514 0.2909003 0.7834314 0.3245492 0.23679057 0.31637168 0.8041804 0.31476116
0.1485 0.250871 0.2910839 0.7825275 0.3255602 0.23752332 0.31723255 0.80482435 0.31546763
0.149 0.2520548 0.2912353 0.7821723 0.3265195 0.2382412 0.31808567 0.80545974 0.3161595
0.1495 0.2532348 0.2913943 0.7824832 0.3274567 0.23894456 0.318931 0.8060868 0.31683713
0.15 0.2544276 0.2915875 0.7832456 0.3284007 0.23412567 0.27823853 0.8035048 0.30511704
0.1505 0.2544884 0.2918029 0.7834084 0.3185543 0.24079582 0.2873414 0.8011591 0.28436777
0.151 0.252741 0.2919611 0.782811 0.3085559 0.24592 0.29435351 0.7992824 0.27360427
0.1515 0.2511442 0.2920739 0.782578 0.3013138 0.2487461 0.2993488 0.79883903 0.26601666
0.152 0.2500936 0.2921694 0.7826976 0.295271 0.25020805 0.30284548 0.7991648 0.26041538
0.1525 0.2494304 0.2922617 0.7829784 0.2897766 0.25082538 0.3051937 0.79984254 0.25616544
0.153 0.2489728 0.2923546 0.7832975 0.284622 0.25091043 0.30669078 0.80064857 0.25281844
0.1535 0.2486077 0.2924477 0.7835976 0.2797366 0.2506499 0.30756375 0.8014554 0.2500748
0.154 0.2482751 0.2925387 0.7838571 0.2750898 0.25015846 0.30798188 0.8021942 0.2477347
0.1545 0.2479458 0.2926255 0.7840714 0.2706629 0.24950892 0.30806988 0.8028316 0.24566534
0.155 0.2476063 0.2927061 0.7842426 0.2664414 0.2487491 0.3079184 0.80335486 0.24377877
0.1555 0.2472508 0.2927791 0.7843754 0.2624125 0.2479113 0.3075944 0.80376387 0.24201721
0.156 0.246877 0.2928436 0.7844752 0.2585648 0.2470181 0.30714583 0.8040642 0.24034289
0.1565 0.2464847 0.292899 0.7845468 0.2548877 0.24608594 0.30660832 0.80426484 0.23873135
0.157 0.2460745 0.2929452 0.7845946 0.2513714 0.2451269 0.30600816 0.804376 0.23716694
0.1575 0.2456472 0.292982 0.7846224 0.2480062 0.2441501 0.30536452 0.8044077 0.2356399
0.158 0.2452036 0.2930098 0.7846331 0.2447686 0.24316242 0.30469143 0.8043693 0.23414424
0.1585 0.2447441 0.2930286 0.7846291 0.2416574 0.24216941 0.30399975 0.8042691 0.23267648
0.159 0.2442701 0.2930389 0.7846126 0.2386748 0.2411753 0.30329746 0.8041152 0.23123491
0.1595 0.2437834 0.2930411 0.7845853 0.235816 0.24018347 0.30259052 0.8039141 0.22981822
0.16 0.2432853 0.2930356 0.7845486 0.233075 0.23919654 0.30188322 0.8036718 0.22842625
0.1605 0.2427769 0.2930229 0.7845037 0.2304454 0.23821658 0.30117917 0.8033936 0.22705898
0.161 0.2422591 0.2930034 0.7844515 0.2279214 0.23724529 0.30048096 0.8030841 0.22571623
0.1615 0.2417328 0.2929776 0.7843927 0.2254973 0.23628396 0.2997903 0.80274725 0.22439829
0.162 0.2411987 0.2929459 0.7843281 0.2231679 0.23533359 0.29910868 0.80238664 0.22310501
0.1625 0.2406576 0.2929087 0.7842581 0.2209281 0.23439503 0.29843718 0.8020057 0.22183648
0.163 0.2401101 0.2928663 0.7841832 0.2187734 0.23346877 0.2977764 0.8016067 0.22059262
0.1635 0.239557 0.292819 0.7841038 0.2166994 0.2325553 0.29712722 0.8011926 0.21937326
0.164 0.2389989 0.2927672 0.7840203 0.2147019 0.23165499 0.29648957 0.80076534 0.21817815
0.1645 0.2384364 0.2927112 0.7839329 0.2127771 0.23076804 0.29586393 0.800327 0.21700713
0.165 0.23787 0.2926512 0.7838419 0.2109212 0.22989455 0.2952503 0.79987955 0.21585962
0.1655 0.2373002 0.292586 0.7837476 0.209131 0.22903456 0.2946487 0.7994242 0.21473539
0.166 0.2367276 0.2925138 0.78365 0.2074031 0.22818817 0.29405907 0.79896283 0.21363387
0.1665 0.2361527 0.2924371 0.7835493 0.2057345 0.22735526 0.2934813 0.79849654 0.21255457
0.167 0.2355757 0.2923574 0.7834459 0.2041224 0.22653583 0.29291525 0.79802644 0.21149713
0.1675 0.234997 0.2922755 0.7833398 0.2025639 0.22572966 0.29236087 0.79755366 0.21046111
0.168 0.2344168 0.2921918 0.7832313 0.2010561 0.2249368 0.291818 0.7970791 0.2094458
0.1685 0.2338356 0.2921064 0.7831205 0.1995971 0.224157 0.29128632 0.79660374 0.2084508
0.169 0.2332542 0.2920194 0.7830077 0.1981849 0.22339019 0.29076546 0.79612815 0.20747557
0.1695 0.2326729 0.2919307 0.7828929 0.1968174 0.22263607 0.2902556 0.7956531 0.2065197
0.17 0.2320924 0.2918404 0.7827764 0.1954928 0.22189456 0.28975615 0.7951794 0.20558259
0.1705 0.2315127 0.2917485 0.7826582 0.1942092 0.22116551 0.28926706 0.7947074 0.20466384
0.171 0.2309343 0.2916551 0.7825385 0.1929648 0.22044867 0.28878814 0.7942377 0.2037629
0.1715 0.2303574 0.2915601 0.7824173 0.1917581 0.21974385 0.2883191 0.7937706 0.2028794
0.172 0.2297823 0.2914636 0.7822948 0.1905874 0.21905099 0.28785986 0.79330665 0.2020129
0.1725 0.2292091 0.2913657 0.7821711 0.1894513 0.21836975 0.28741 0.79284614 0.20116302
0.173 0.2286381 0.2912664 0.7820462 0.1883484 0.21769997 0.28696936 0.7923894 0.20032915
0.1735 0.2280696 0.2911658 0.7819203 0.1872772 0.21704152 0.2865379 0.79193676 0.19951114
0.174 0.2275037 0.2910639 0.7817934 0.1862366 0.21639417 0.28611517 0.79148823 0.19870843
0.1745 0.2269406 0.2909608 0.7816657 0.1852254 0.21575779 0.28570122 0.7910443 0.19792084
0.175 0.2263806 0.2908567 0.7815371 0.1842424 0.21513218 0.28529575 0.79060507 0.19714782
0.1755 0.2258237 0.2907515 0.7814078 0.1832866 0.21451709 0.28489855 0.7901706 0.19638918
0.176 0.2252702 0.2906453 0.7812779 0.1823568 0.2139124 0.28450933 0.7897409 0.1956445
0.1765 0.2247202 0.2905382 0.7811474 0.1814522 0.21331796 0.28412822 0.7893166 0.1949136
0.177 0.2241738 0.2904303 0.7810164 0.1805718 0.21273361 0.28375477 0.7888973 0.19419603
0.1775 0.2236312 0.2903216 0.780885 0.1797147 0.2121591 0.283389 0.7884833 0.19349161
0.178 0.2230925 0.2902122 0.7807532 0.1788801 0.21159431 0.28303066 0.78807455 0.19279997
0.1785 0.2225578 0.2901021 0.7806211 0.1780671 0.2110391 0.2826796 0.7876711 0.19212091
0.179 0.2220273 0.2899914 0.7804888 0.1772751 0.21049334 0.28233573 0.7872733 0.19145417
0.1795 0.221501 0.2898802 0.7803562 0.1765032 0.2099568 0.28199866 0.78688043 0.19079937
0.18 0.220979 0.2897685 0.7802235 0.1757509 0.20942931 0.28166863 0.78649336 0.19015646
0.1805 0.2204614 0.2896564 0.7800908 0.1750173 0.20891078 0.28134522 0.7861116 0.18952504
0.181 0.2199482 0.2895438 0.779958 0.1743019 0.20840111 0.28102842 0.78573513 0.188905
0.1815 0.2194397 0.289431 0.7798253 0.1736041 0.2079 0.28071797 0.78536415 0.18829611
0.182 0.2189357 0.2893178 0.7796926 0.1729233 0.20740741 0.28041402 0.7849988 0.18769807
0.1825 0.2184365 0.2892044 0.77956 0.172259 0.2069232 0.28011602 0.7846384 0.1871107
0.183 0.2179419 0.2890908 0.7794276 0.1716105 0.20644729 0.2798241 0.78428364 0.18653384
0.1835 0.2174522 0.2889771 0.7792953 0.1709774 0.2059794 0.27953818 0.78393394 0.1859673
0.184 0.2169672 0.2888632 0.7791633 0.1703593 0.20551948 0.279258 0.78358954 0.18541083
0.1845 0.2164871 0.2887493 0.7790316 0.1697556 0.20506743 0.27898362 0.78325033 0.18486431
0.185 0.2160119 0.2886353 0.7789001 0.1691659 0.20462301 0.27871472 0.7829163 0.18432738
0.1855 0.2155416 0.2885214 0.7787691 0.1685897 0.20418623 0.27845132 0.7825874 0.18380007
0.186 0.2150763 0.2884074 0.7786383 0.1680268 0.2037569 0.2781933 0.78226364 0.18328215
0.1865 0.2146159 0.2882935 0.778508 0.1674765 0.20333487 0.27794048 0.78194475 0.18277344
0.187 0.2141605 0.2881798 0.7783781 0.1669387 0.20292006 0.2776927 0.7816308 0.1822737
0.1875 0.21371 0.2880661 0.7782487 0.1664128 0.20251232 0.27745014 0.7813217 0.18178284
0.188 0.2132646 0.2879527 0.7781198 0.1658987 0.2021116 0.27721244 0.7810176 0.18130064
0.1885 0.2128241 0.2878394 0.7779914 0.1653958 0.2017177 0.27697957 0.78071815 0.18082714
0.189 0.2123887 0.2877263 0.7778635 0.164904 0.20133057 0.27675143 0.78042334 0.1803619
0.1895 0.2119582 0.2876135 0.7777362 0.1644228 0.20095012 0.27652788 0.7801333 0.17990495
0.19 0.2115327 0.2875009 0.7776095 0.163952 0.20057617 0.27630895 0.77984786 0.1794561
0.1905 0.2111122 0.2873887 0.7774833 0.1634914 0.20020859 0.27609444 0.77956676 0.17901516
0.191 0.2106967 0.2872768 0.7773578 0.1630405 0.19984737 0.27588436 0.7792903 0.17858209
0.1915 0.2102861 0.2871652 0.777233 0.1625992 0.19949238 0.27567843 0.77901804 0.1781568
0.192 0.2098805 0.287054 0.7771088 0.1621671 0.19914347 0.27547675 0.7787503 0.17773888
0.1925 0.2094797 0.2869431 0.7769853 0.1617441 0.19880056 0.2752792 0.77848667 0.17732844
0.193 0.2090839 0.2868327 0.7768625 0.1613299 0.19846354 0.27508557 0.7782273 0.17692527
0.1935 0.208693 0.2867227 0.7767404 0.1609243 0.19813237 0.27489597 0.777972 0.17652926
0.194 0.2083069 0.2866132 0.776619 0.160527 0.19780686 0.27471018 0.7777208 0.1761402
0.1945 0.2079256 0.2865041 0.7764984 0.1601378 0.19748704 0.2745282 0.7774736 0.1757581
0.195 0.2075492 0.2863955 0.7763785 0.1597565 0.19717272 0.27434993 0.7772303 0.17538278
0.1955 0.2071775 0.2862874 0.7762593 0.1593829 0.19686389 0.2741753 0.77699107 0.17501408
0.196 0.2068106 0.2861798 0.776141 0.1590169 0.19656028 0.27400413 0.7767556 0.17465194
0.1965 0.2064484 0.2860727 0.7760234 0.1586581 0.19626202 0.27383652 0.77652377 0.17429617
0.197 0.2060909 0.2859662 0.7759066 0.1583065 0.1959689 0.27367225 0.7762958 0.17394672
0.1975 0.205738 0.2858602 0.7757907 0.1579618 0.19568084 0.2735113 0.7760713 0.1736036
0.198 0.2053898 0.2857548 0.7756755 0.157624 0.19539782 0.2733537 0.7758506 0.17326638
0.1985 0.2050461 0.2856499 0.7755612 0.1572927 0.19511968 0.27319914 0.77563334 0.17293528
0.199 0.204707 0.2855457 0.7754477 0.1569679 0.19484638 0.27304786 0.77541965 0.17260994
0.1995 0.2043723 0.285442 0.775335 0.1566494 0.19457781 0.27289957 0.7752093 0.17229046
0.2 0.2040422 0.285339 0.7752231 0.1563371 0.21465741 0.28565812 0.76287514 0.1696725
0.2005 0.2037059 0.2849056 0.7622267 0.1560198 0.21069057 0.28653258 0.7596179 0.16557631
0.201 0.2033298 0.283785 0.74782 0.1556907 0.20874028 0.28662884 0.7523319 0.16289419
0.2015 0.2029338 0.282193 0.7355764 0.155364 0.20598091 0.284208 0.742734 0.16179502
0.202 0.2025351 0.2802872 0.7248123 0.1550398 0.20307064 0.28065598 0.73238933 0.16132027
0.2025 0.2021393 0.2781625 0.7148112 0.1547175 0.20025644 0.2765621 0.7218203 0.16119584
0.203 0.2017465 0.2758735 0.7051518 0.1543969 0.19767965 0.2722933 0.7113262 0.16120361
0.2035 0.2013559 0.2734536 0.6956291 0.1540778 0.19539799 0.26804835 0.7010491 0.16121753
0.204 0.2009664 0.270925 0.6861547 0.1537601 0.1934214 0.26392484 0.69104505 0.161167
0.2045 0.2005774 0.2683043 0.676696 0.1534438 0.1917326 0.25996098 0.6813224 0.1610169
0.205 0.2001885 0.2656048 0.6672454 0.1531288 0.19030175 0.25616205 0.6718657 0.16075449
0.2055 0.1997996 0.2628378 0.6578055 0.1528151 0.18909393 0.25251654 0.66264874 0.16038035
0.206 0.1994106 0.2600133 0.6483826 0.1525026 0.18807465 0.24900532 0.65364224 0.15990266
0.2065 0.1990217 0.2571399 0.6389842 0.1521915 0.18721199 0.24560717 0.64481825 0.15933289
0.207 0.1986327 0.2542254 0.629618 0.1518816 0.18647766 0.24230206 0.63615113 0.15868452
0.2075 0.1982438 0.2512769 0.6202911 0.1515729 0.18584764 0.2390722 0.6276192 0.15797094
0.208 0.1978551 0.2483007 0.61101 0.1512655 0.18530189 0.23590243 0.6192043 0.15720487
0.2085 0.1974666 0.2453023 0.601781 0.1509594 0.18482369 0.23278034 0.6108912 0.15639828
0.209 0.1970784 0.2422869 0.5926097 0.1506545 0.18439959 0.22969663 0.6026683 0.15556175
0.2095 0.1966906 0.239259 0.583501 0.1503509 0.1840188 0.22664398 0.59452605 0.15470454
0.21 0.1963032 0.2362229 0.5744595 0.1500485 0.18367262 0.22361705 0.58645713 0.15383492
0.2105 0.1959163 0.2331823 0.5654896 0.1497474 0.18335427 0.22061211 0.5784559 0.15296003
0.211 0.19553 0.2301407 0.5565949 0.1494476 0.18305832 0.21762687 0.57051843 0.152086
0.2115 0.1951443 0.227101 0.5477788 0.1491491 0.18278061 0.21465987 0.5626416 0.15121792
0.212 0.1947593 0.2240661 0.5390445 0.1488518 0.18251777 0.2117106 0.55482334 0.15036051
0.2125 0.1943751 0.2210386 0.5303947 0.1485559 0.18226743 0.208779 0.5470623 0.14951707
0.213 0.1939917 0.2180208 0.5218319 0.1482612 0.1820276 0.20586565 0.5393576 0.1486912
0.2135 0.1936092 0.2150148 0.5133582 0.1479679 0.18179685 0.20297125 0.53170896 0.14788532
0.214 0.1932277 0.2120224 0.5049757 0.1476759 0.18157399 0.20009679 0.52411616 0.14710169
0.2145 0.1928472 0.2090455 0.496686 0.1473853 0.18135831 0.19724351 0.51657957 0.14634213
0.215 0.1924677 0.2060855 0.4884907 0.147096 0.1811491 0.19441244 0.5090994 0.14560817
0.2155 0.1920893 0.203144 0.4803911 0.1468081 0.18094593 0.19160494 0.50167626 0.14490096
0.216 0.1917122 0.2002222 0.4723882 0.1465216 0.18074848 0.18882212 0.49431062 0.14422144
0.2165 0.1913362 0.1973214 0.4644831 0.1462364 0.18055652 0.18606529 0.48700327 0.14357036
0.217 0.1909616 0.1944425 0.4566765 0.1459527 0.18036985 0.18333545 0.4797547 0.14294821
0.2175 0.1905883 0.1915866 0.4489691 0.1456704 0.18018824 0.1806337 0.47256577 0.14235535
0.218 0.1902163 0.1887545 0.4413613 0.1453895 0.1800117 0.17796096 0.46543717 0.14179206
0.2185 0.1898459 0.185947 0.4338536 0.1451101 0.17984015 0.17531818 0.4583695 0.1412584
0.219 0.1894768 0.1831648 0.4264462 0.1448321 0.1796734 0.1727061 0.45136338 0.14075424
0.2195 0.1891094 0.1804087 0.4191393 0.1445557 0.17951143 0.17012548 0.44441965 0.14027953
0.22 0.1887434 0.177679 0.4119328 0.1442807 0.1793541 0.16757694 0.43753865 0.13983397
0.2205 0.1883791 0.1749764 0.4048268 0.1440072 0.17920135 0.16506097 0.4307211 0.13941719
0.221 0.1880165 0.1723013 0.3978211 0.1437352 0.17905313 0.16257799 0.42396766 0.13902885
0.2215 0.1876555 0.169654 0.3909155 0.1434648 0.17890929 0.16012844 0.41727868 0.13866839
0.222 0.1872963 0.167035 0.3841096 0.1431959 0.1787697 0.15771264 0.41065463 0.13833538
0.2225 0.1869389 0.1644445 0.3774031 0.1429286 0.17863426 0.15533075 0.40409598 0.13802913
0.223 0.1865833 0.1618828 0.3707956 0.1426628 0.17850278 0.15298289 0.39760324 0.13774896
0.2235 0.1862295 0.1593501 0.3642866 0.1423986 0.17837518 0.15066922 0.3911767 0.13749418
0.224 0.1858776 0.1568466 0.3578755 0.142136 0.17825119 0.14838982 0.3848167 0.13726416
0.2245 0.1855276 0.1543723 0.3515617 0.141875 0.17813078 0.14614454 0.37852362 0.13705797
0.225 0.1851795 0.1519275 0.3453445 0.1416156 0.17801371 0.14393339 0.37229767 0.13687496
0.2255 0.1848334 0.1495121 0.3392233 0.1413578 0.17789981 0.14175609 0.36613917 0.13671426
0.226 0.1844894 0.1471264 0.3331972 0.1411016 0.1777888 0.1396127 0.36004815 0.13657506
0.2265 0.1841473 0.1447701 0.3272657 0.1408471 0.17768058 0.13750285 0.35402513 0.13645636
0.227 0.1838073 0.1424435 0.3214277 0.1405942 0.17757493 0.13542643 0.34807009 0.13635743
0.2275 0.1834694 0.1401464 0.3156826 0.140343 0.17747164 0.13338307 0.34218314 0.13627738
0.228 0.1831336 0.1378788 0.3100293 0.1400935 0.17737046 0.13137248 0.33636445 0.13621531
0.2285 0.1827999 0.1356407 0.3044671 0.1398456 0.17727128 0.12939438 0.33061424 0.13617025
0.229 0.1824683 0.1334319 0.298995 0.1395994 0.17717373 0.12744832 0.32493237 0.13614137
0.2295 0.1821389 0.1312523 0.2936121 0.1393549 0.17707771 0.12553397 0.31931895 0.13612777
0.23 0.1818117 0.1291019 0.2883174 0.139112 0.17698297 0.12365099 0.31377405 0.13612859
0.2305 0.1814868 0.1269805 0.2831099 0.1388709 0.1768893 0.12179894 0.30829754 0.13614297
0.231 0.181164 0.1248879 0.2779887 0.1386315 0.17679656 0.11997735 0.30288962 0.13616994
0.2315 0.1808435 0.1228241 0.2729527 0.1383937 0.17670442 0.11818578 0.29755023 0.13620868
0.232 0.1805252 0.1207888 0.2680009 0.1381577 0.17661268 0.11642384 0.29227906 0.13625836
0.2325 0.1802092 0.1187818 0.2631324 0.1379234 0.1765212 0.11469104 0.2870762 0.13631822
0.233 0.1798955 0.116803 0.2583461 0.1376908 0.17642981 0.11298693 0.28194162 0.1363874
0.2335 0.179584 0.1148521 0.2536409 0.1374599 0.17633823 0.111311026 0.27687502 0.13646498
0.234 0.1792749 0.112929 0.2490158 0.1372308 0.1762463 0.10966279 0.27187636 0.13655032
0.2345 0.1789681 0.1110334 0.2444698 0.1370034 0.17615381 0.10804189 0.26694545 0.13664259
0.235 0.1786636 0.1091651 0.2400018 0.1367777 0.17606059 0.106447704 0.26208216 0.13674107
0.2355 0.1783615 0.1073238 0.2356108 0.1365537 0.17596647 0.10487982 0.25728622 0.13684502
0.236 0.1780616 0.1055094 0.2312957 0.1363315 0.1758713 0.10333777 0.25255746 0.13695376
0.2365 0.1777642 0.1037216 0.2270554 0.136111 0.17577493 0.10182115 0.24789575 0.13706663
0.237 0.1774691 0.1019601 0.222889 0.1358922 0.17567718 0.10032936 0.24330065 0.13718289
0.2375 0.1771763 0.1002247 0.2187953 0.1356752 0.17557785 0.098861955 0.238772 0.13730204
0.238 0.1768859 0.09851505 0.2147734 0.1354599 0.17547685 0.09741854 0.2343095 0.13742332
0.2385 0.1765979 0.09683099 0.2108221 0.1352463 0.17537406 0.09599856 0.22991282 0.13754632
0.239 0.1763122 0.09517221 0.2069405 0.1350344 0.17526934 0.09460162 0.2255818 0.13767026
0.2395 0.1760289 0.09353845 0.2031275 0.1348243 0.1751625 0.093227245 0.22131583 0.13779481
0.24 0.175748 0.09192944 0.1993821 0.1346159 0.17505354 0.091874965 0.21711487 0.13791937
0.2405 0.1754694 0.0903449 0.1957032 0.1344092 0.17494226 0.09054444 0.21297833 0.13804337
0.241 0.1751933 0.08878456 0.1920899 0.1342043 0.17482862 0.08923515 0.208906 0.13816647
0.2415 0.1749195 0.08724813 0.1885412 0.134001 0.17471242 0.08794659 0.20489731 0.13828814
0.242 0.174648 0.08573534 0.1850559 0.1337995 0.1745937 0.08667853 0.20095196 0.13840804
0.2425 0.174379 0.08424591 0.1816333 0.1335997 0.17447236 0.085430436 0.19706959 0.1385257
0.243 0.1741122 0.08277957 0.1782722 0.1334015 0.1743483 0.08420194 0.19324961 0.13864076
0.2435 0.1738479 0.08133602 0.1749716 0.1332051 0.1742214 0.082992636 0.18949169 0.1387529
0.244 0.1735859 0.07991498 0.1717307 0.1330104 0.1740917 0.08180215 0.18579549 0.13886169
0.2445 0.1733263 0.07851618 0.1685485 0.1328174 0.1739591 0.08063013 0.18216026 0.13896704
0.245 0.173069 0.07713934 0.1654239 0.132626 0.17382357 0.07947611 0.17858559 0.13906851
0.2455 0.1728141 0.07578416 0.1623562 0.1324364 0.1736851 0.07833982 0.17507118 0.13916577
0.246 0.1725615 0.07445038 0.1593442 0.1322484 0.17354354 0.077220924 0.17161632 0.13925868
0.2465 0.1723112 0.07313772 0.1563872 0.1320621 0.17339906 0.07611898 0.16822055 0.13934696
0.247 0.1720633 0.07184588 0.1534842 0.1318775 0.17325151 0.07503369 0.16488335 0.13943051
0.2475 0.1718177 0.07057461 0.1506343 0.1316945 0.17310087 0.07396478 0.1616042 0.13950899
0.248 0.1715744 0.06932361 0.1478367 0.1315131 0.1729472 0.072911896 0.15838248 0.13958229
0.2485 0.1713334 0.06809262 0.1450904 0.1313334 0.17279044 0.07187467 0.1552178 0.1396502
0.249 0.1710947 0.06688135 0.1423946 0.1311554 0.17263056 0.07085278 0.15210927 0.13971281
0.2495 0.1708582 0.06568955 0.1397483 0.130979 0.17246772 0.069846086 0.1490567 0.13976967
0.25 0.1706241 0.06451693 0.1371509 0.1308042 0.1723018 0.06885416 0.14605924 0.13982083
0.2505 0.1703922 0.06336323 0.1346014 0.130631 0.17213288 0.06787678 0.14311635 0.13986634
0.251 0.1701626 0.06222818 0.132099 0.1304594 0.17196096 0.06691363 0.14022747 0.13990586
0.2515 0.1699352 0.06111152 0.1296429 0.1302895 0.17178607 0.06596451 0.13739192 0.13993956
0.252 0.1697101 0.06001298 0.1272324 0.1301211 0.17160828 0.06502909 0.1346092 0.13996723
0.2525 0.1694871 0.0589323 0.1248665 0.1299543 0.17142756 0.06410717 0.13187855 0.13998888
0.253 0.1692664 0.05786922 0.1225445 0.1297891 0.17124398 0.063198395 0.12919945 0.14000455
0.2535 0.169048 0.05682349 0.1202657 0.1296255 0.17105767 0.062302686 0.12657121 0.14001417
0.254 0.1688316 0.05579485 0.1180293 0.1294634 0.17086856 0.061419733 0.12399321 0.14001778
0.2545 0.1686175 0.05478305 0.1158346 0.1293029 0.17067674 0.060549326 0.12146487 0.1400153
0.255 0.1684056 0.05378784 0.1136808 0.1291439 0.1704823 0.059691258 0.11898533 0.14000687
0.2555 0.1681958 0.05280897 0.1115671 0.1289865 0.17028525 0.058845244 0.11655413 0.13999255
0.256 0.1679881 0.0518462 0.1094929 0.1288306 0.17008564 0.05801121 0.11417063 0.13997218
0.2565 0.1677826 0.05089928 0.1074575 0.1286762 0.16988365 0.057188787 0.11183413 0.13994594
0.257 0.1675792 0.04996798 0.1054602 0.1285233 0.16967925 0.05637788 0.10954391 0.13991395
0.2575 0.1673779 0.04905205 0.1035002 0.1283719 0.16947249 0.05557839 0.10729944 0.13987608
0.258 0.1671786 0.04815127 0.101577 0.128222 0.16926348 0.054789923 0.10509985 0.13983263
0.2585 0.1669815 0.04726539 0.09968983 0.1280735 0.1690523 0.054012455 0.102944665 0.1397835
0.259 0.1667864 0.0463942 0.09783805 0.1279266 0.16883898 0.0532457 0.1008332 0.13972887
0.2595 0.1665934 0.04553746 0.09602103 0.1277811 0.16862367 0.052489646 0.09876474 0.1396688
0.26 0.1664024 0.04469495 0.09423814 0.127637 0.16840638 0.051743962 0.09673863 0.13960338
0.2605 0.1662134 0.04386645 0.09248875 0.1274944 0.1681872 0.051008634 0.09475427 0.1395327
0.261 0.1660264 0.04305174 0.09077226 0.1273532 0.16796628 0.050283395 0.09281088 0.13945696
0.2615 0.1658415 0.0422506 0.08908806 0.1272135 0.16774362 0.049568154 0.09090794 0.13937607
0.262 0.1656585 0.04146282 0.08743557 0.1270751 0.16751932 0.048862763 0.08904465 0.13929033
0.2625 0.1654774 0.04068819 0.08581419 0.1269382 0.16729346 0.048167042 0.08722045 0.13919978
0.263 0.1652983 0.0399265 0.08422336 0.1268026 0.16706614 0.04748083 0.08543473 0.13910449
0.2635 0.1651212 0.03917754 0.08266252 0.1266685 0.16683744 0.046804003 0.08368673 0.13900465
0.264 0.164946 0.03844112 0.08113111 0.1265357 0.16660741 0.046136476 0.08197587 0.13890035
0.2645 0.1647726 0.03771703 0.07962858 0.1264042 0.16637617 0.045478128 0.080301486 0.13879174
0.265 0.1646012 0.03700507 0.07815441 0.1262741 0.1661438 0.044828735 0.07866291 0.13867895
0.2655 0.1644316 0.03630505 0.07670806 0.1261454 0.16591038 0.044188283 0.077059604 0.1385621
0.266 0.1642639 0.03561678 0.07528902 0.126018 0.165676 0.043556638 0.075490914 0.13844122
0.2665 0.1640981 0.03494006 0.07389679 0.1258918 0.16544074 0.04293362 0.073956095 0.1383166
0.267 0.163934 0.03427472 0.07253085 0.1257671 0.16520464 0.04231914 0.07245463 0.13818832
0.2675 0.1637718 0.03362056 0.07119073 0.1256436 0.16496783 0.041713066 0.07098591 0.1380564
0.268 0.1636114 0.0329774 0.06987594 0.1255214 0.16473036 0.041115336 0.06954929 0.1379211
0.2685 0.1634528 0.03234507 0.068586 0.1254004 0.16449234 0.0405258 0.06814414 0.13778248
0.269 0.1632959 0.03172339 0.06732046 0.1252808 0.1642538 0.039944343 0.06676999 0.13764071
0.2695 0.1631408 0.03111218 0.06607884 0.1251624 0.16401492 0.039370902 0.06542611 0.13749592
0.27 0.1629874 0.03051127 0.06486071 0.1250452 0.16377567 0.038805358 0.06411191 0.13734822
0.2705 0.1628358 0.02992049 0.06366562 0.1249293 0.16353618 0.038247593 0.06282693 0.13719766
0.271 0.1626858 0.02933968 0.06249315 0.1248146 0.1632965 0.037697546 0.06157054 0.13704453
0.2715 0.1625376 0.02876868 0.06134285 0.1247011 0.16305669 0.037155055 0.06034214 0.13688882
0.272 0.162391 0.02820731 0.06021432 0.1245889 0.16281685 0.036620118 0.05914119 0.13673078
0.2725 0.1622461 0.02765542 0.05910715 0.1244778 0.16257712 0.036092497 0.05796714 0.13657036
0.273 0.1621028 0.02711285 0.05802092 0.1243679 0.16233744 0.035572283 0.056819454 0.13640775
0.2735 0.1619612 0.02657945 0.05695525 0.1242592 0.16209796 0.03505925 0.055697657 0.13624318
0.274 0.1618212 0.02605507 0.05590975 0.1241517 0.16185875 0.034553356 0.054601118 0.13607666
0.2745 0.1616827 0.02553955 0.05488404 0.1240453 0.16161978 0.03405457 0.053529307 0.13590832
0.275 0.1615459 0.02503275 0.05387773 0.1239401 0.16138124 0.033562727 0.052481785 0.13573833
0.2755 0.1614107 0.02453452 0.05289046 0.123836 0.16114318 0.033077724 0.05145801 0.13556667
0.276 0.161277 0.02404472 0.05192188 0.123733 0.16090557 0.032599576 0.0504575 0.13539363
0.2765 0.1611448 0.02356321 0.05097162 0.1236311 0.16066849 0.032128103 0.049479716 0.1352192
0.277 0.1610142 0.02308984 0.05003934 0.1235303 0.1604321 0.031663246 0.048524186 0.13504346
0.2775 0.1608851 0.02262449 0.04912469 0.1234307 0.16019636 0.031205006 0.047590487 0.1348666
0.278 0.1607574 0.02216702 0.04822735 0.1233321 0.15996139 0.030753143 0.04667812 0.13468863
0.2785 0.1606313 0.02171729 0.04734698 0.1232346 0.15972714 0.030307703 0.0457865 0.13450976
0.279 0.1605066 0.02127517 0.04648325 0.1231382 0.1594938 0.02986861 0.0449154 0.13433005
0.2795 0.1603834 0.02084054 0.04563585 0.1230428 0.15926129 0.029435731 0.04406427 0.13414952
0.28 0.1602616 0.02041327 0.04480448 0.1229485 0.15902977 0.029009022 0.043232583 0.13396834
0.2805 0.1601413 0.01999323 0.04398882 0.1228552 0.15879922 0.028588332 0.042419985 0.13378659
0.281 0.1600224 0.01958031 0.04318857 0.1227629 0.15856974 0.028173767 0.041626126 0.13360433
0.2815 0.1599048 0.01917437 0.04240344 0.1226716 0.15834129 0.027765058 0.040850446 0.13342166
0.282 0.1597887 0.01877532 0.04163314 0.1225814 0.15811399 0.027362265 0.040092662 0.1332387
0.2825 0.1596739 0.01838301 0.04087739 0.1224921 0.15788785 0.026965253 0.039352275 0.1330555
0.283 0.1595604 0.01799736 0.04013591 0.1224039 0.15766294 0.026573993 0.03862892 0.13287212
0.2835 0.1594483 0.01761823 0.03940842 0.1223166 0.15743925 0.026188336 0.03792221 0.13268861
0.284 0.1593376 0.01724552 0.03869467 0.1222303 0.15721685 0.025808252 0.037231863 0.13250512
0.2845 0.1592281 0.01687912 0.03799438 0.1221449 0.15699573 0.025433727 0.036557347 0.13232169
0.285 0.1591199 0.01651892 0.0373073 0.1220605 0.156776 0.025064595 0.03589838 0.13213837
0.2855 0.1590131 0.01616482 0.03663317 0.1219771 0.15655765 0.024700858 0.035254665 0.13195524
0.286 0.1589075 0.01581671 0.03597176 0.1218945 0.1563407 0.02434241 0.034625746 0.1317724
0.2865 0.1588031 0.01547449 0.0353228 0.1218129 0.15612519 0.023989297 0.034011364 0.13158983
0.287 0.1587 0.01513806 0.03468607 0.1217322 0.15591119 0.02364128 0.033411093 0.13140768
0.2875 0.1585982 0.01480732 0.03406134 0.1216524 0.15569866 0.02329833 0.032824643 0.13122594
0.288 0.1584975 0.01448218 0.03344836 0.1215736 0.15548757 0.022960477 0.032251686 0.13104478
0.2885 0.1583981 0.01416254 0.03284692 0.1214956 0.15527813 0.022627644 0.031692013 0.13086408
0.289 0.1582999 0.01384829 0.0322568 0.1214184 0.15507028 0.022299714 0.031145185 0.13068399
0.2895 0.1582028 0.01353936 0.03167777 0.1213422 0.15486394 0.021976568 0.030610971 0.13050453
0.29 0.1581069 0.01323566 0.03110963 0.1212668 0.15465921 0.021658294 0.030088909 0.13032582
0.2905 0.1580122 0.01293708 0.03055217 0.1211922 0.15445614 0.021344714 0.029578954 0.13014783
0.291 0.1579186 0.01264355 0.03000518 0.1211185 0.15425473 0.021035768 0.029080674 0.12997065
0.2915 0.1578261 0.01235497 0.02946846 0.1210457 0.154055 0.020731486 0.028593846 0.12979427
0.292 0.1577347 0.01207127 0.02894181 0.1209737 0.15385693 0.020431735 0.028118245 0.1296188
0.2925 0.1576445 0.01179235 0.02842505 0.1209024 0.15366052 0.020136468 0.02765344 0.12944424
0.293 0.1575553 0.01151814 0.02791798 0.120832 0.15346584 0.019845627 0.027199335 0.12927064
0.2935 0.1574673 0.01124856 0.02742041 0.1207624 0.15327284 0.019559227 0.026755616 0.12909798
0.294 0.1573803 0.01098352 0.02693216 0.1206936 0.15308163 0.019277059 0.026322044 0.12892634
0.2945 0.1572943 0.01072295 0.02645306 0.1206256 0.15289214 0.018999182 0.025898397 0.12875576
0.295 0.1572094 0.01046678 0.02598293 0.1205583 0.15270439 0.018725522 0.02548436 0.12858632
0.2955 0.1571255 0.01021492 0.0255216 0.1204919 0.15251838 0.018455945 0.025079824 0.12841788
0.296 0.1570427 0.009967298 0.0250689 0.1204261 0.15233411 0.018190451 0.024684444 0.1282506
0.2965 0.1569609 0.009723849 0.02462466 0.1203612 0.15215164 0.01792904 0.02429808 0.12808457
0.297 0.15688 0.009484498 0.02418872 0.120297 0.15197095 0.017671578 0.023920469 0.12791963
0.2975 0.1568002 0.009249174 0.02376092 0.1202335 0.15179208 0.01741808 0.023551382 0.12775597
0.298 0.1567213 0.009017808 0.02334111 0.1201707 0.15161495 0.01716838 0.023190707 0.12759347
0.2985 0.1566434 0.008790332 0.02292913 0.1201087 0.15143958 0.016922556 0.022838168 0.12743229
0.299 0.1565664 0.008566679 0.02252483 0.1200474 0.15126598 0.016680516 0.022493608 0.12727237
0.2995 0.1564904 0.008346783 0.02212807 0.1199868 0.1510942 0.016442157 0.02215682 0.12711367
0.3 0.1564154 0.008130581 0.02173871 0.1199269 0.13154119 0.02108974 0.013488635 0.12993893
0.3005 0.1464603 0.007893473 0.02061037 0.1148693 0.13118172 0.009547971 0.012455948 0.11922602
0.301 0.1343655 0.007554192 0.01883641 0.1097325 0.12794505 0.0012095198 0.013950199 0.11030194
0.3015 0.1263857 0.007136185 0.0174498 0.1057387 0.12340279 -0.0050571337 0.015388712 0.103319824
0.302 0.1211722 0.006672992 0.01638627 0.1021993 0.11849207 -0.009510495 0.016773142 0.09766485
0.3025 0.117357 0.006182854 0.01548789 0.09885553 0.11365053 -0.012569115 0.018014103 0.09294355
0.303 0.1142049 0.005674998 0.01466507 0.09563084 0.10906166 -0.01460252 0.019056082 0.088887826
0.3035 0.1113716 0.005154387 0.01387638 0.09250108 0.104783475 -0.015901558 0.019880041 0.0853114
0.304 0.1087019 0.004624014 0.01310391 0.08945678 0.10081445 -0.016684853 0.020488441 0.08208248
0.3045 0.1061259 0.004085905 0.01234016 0.08649284 0.09712699 -0.017112926 0.020895064 0.079107404
0.305 0.1036119 0.003541577 0.01158201 0.08360567 0.09368503 -0.017301753 0.02111926 0.07632002
0.3055 0.1011449 0.002992234 0.01082822 0.0807923 0.090451926 -0.01733417 0.02118235 0.073673606
0.306 0.09871756 0.002438868 0.01007833 0.07805002 0.08739449 -0.017268732 0.021105722 0.071135774
0.3065 0.096326 0.001882319 0.009332214 0.07537634 0.084484324 -0.017146498 0.02090986 0.0686838
0.307 0.09396813 0.001323301 0.008589867 0.07276891 0.08169784 -0.016995698 0.020613633 0.06630203
0.3075 0.09164267 0.0007624323 0.007851357 0.07022545 0.079016045 -0.016835593 0.020234063 0.06397961
0.308 0.08934877 0.0002002472 0.007116769 0.06774381 0.076423705 -0.016678907 0.019786179 0.061709065
0.3085 0.08708583 -0.0003627873 0.006386196 0.06532192 0.07390885 -0.016533934 0.019283116 0.05948505
0.309 0.08485337 -0.0009262619 0.005659729 0.06295778 0.071462065 -0.01640565 0.018736117 0.057303917
0.3095 0.082651 -0.001489816 0.00493746 0.0606495 0.06907596 -0.016297027 0.018154636 0.055162866
0.31 0.08047837 -0.002053129 0.004219474 0.05839524 0.06674479 -0.01620946 0.01754672 0.053059865
0.3105 0.07833515 -0.002615917 0.003505852 0.05619325 0.06446394 -0.016143441 0.016918816 0.05099335
0.311 0.07622104 -0.003177925 0.00279667 0.05404185 0.062229905 -0.016098738 0.016276404 0.048962038
0.3115 0.07413574 -0.003738923 0.002092001 0.05193944 0.060039777 -0.016074754 0.015623733 0.046964955
0.312 0.07207896 -0.004298705 0.001391912 0.04988446 0.05789117 -0.016070694 0.014964245 0.045001205
0.3125 0.07005042 -0.004857082 0.0006964664 0.04787543 0.055782188 -0.016085632 0.014300697 0.043069948
0.313 0.06804984 -0.005413884 5.722258e-06 0.04591094 0.053711254 -0.016118601 0.01363527 0.04117057
0.3135 0.06607692 -0.005968952 -0.0006802653 0.04398963 0.051676903 -0.016168587 0.0129694715 0.039302442
0.314 0.0641314 -0.006522143 -0.001361445 0.04211018 0.049677994 -0.016234666 0.012304619 0.037464943
0.3145 0.06221299 -0.007073323 -0.002037771 0.04027136 0.047713462 -0.016315937 0.011641525 0.0356575
0.315 0.06032141 -0.00762237 -0.002709198 0.03847195 0.045782313 -0.016411535 0.010980986 0.03387962
0.3155 0.05845637 -0.008169169 -0.003375687 0.0367108 0.043883715 -0.016520608 0.010323375 0.03213073
0.316 0.05661761 -0.008713614 -0.004037201 0.03498682 0.042016834 -0.01664244 0.0096691325 0.03041048
0.3165 0.05480483 -0.009255607 -0.004693707 0.03329893 0.040180918 -0.016776394 0.009018276 0.028718326
0.317 0.05301775 -0.009795054 -0.005345174 0.03164612 0.03837527 -0.016921725 0.008371018 0.027053777
0.3175 0.05125609 -0.01033187 -0.005991574 0.03002739 0.036599237 -0.01707783 0.0077273995 0.025416423
0.318 0.04951957 -0.01086597 -0.006632883 0.02844183 0.034852184 -0.017244194 0.0070873313 0.02380583
0.3185 0.0478079 -0.01139729 -0.007269079 0.0268885 0.03313348 -0.017420262 0.0064508505 0.022221569
0.319 0.0461208 -0.01192575 -0.007900143 0.02536654 0.0314426 -0.017605536 0.0058178604 0.02066322
0.3195 0.04445799 -0.01245128 -0.008526058 0.02387512 0.029778961 -0.017799586 0.0051881745 0.01913039
0.32 0.04281918 -0.01297383 -0.00914681 0.02241342 0.028142072 -0.018001925 0.004561767 0.017622676
0.3205 0.04120409 -0.01349333 -0.009762387 0.02098066 0.026531395 -0.018212147 0.003938481 0.016139694
0.321 0.03961244 -0.01400973 -0.01037278 0.01957609 0.024946485 -0.018429916 0.0033182502 0.014681011
0.3215 0.03804395 -0.01452299 -0.01097798 0.01819898 0.023386844 -0.01865483 0.002700895 0.013246354
0.322 0.03649833 -0.01503304 -0.01157798 0.01684864 0.021852009 -0.018886548 0.0020863414 0.011835281
0.3225 0.03497531 -0.01553985 -0.01217278 0.0155244 0.020341597 -0.019124776 0.0014744103 0.0104474425
0.323 0.0334746 -0.01604338 -0.01276238 0.01422559 0.01885514 -0.01936917 0.00086499006 0.009082567
0.3235 0.03199594 -0.01654359 -0.01334678 0.0129516 0.017392311 -0.019619454 0.0002579987 0.007740196
0.324 0.03053904 -0.01704043 -0.01392598 0.01170181 0.015952688 -0.01987534 -0.00034660846 0.0064200684
0.3245 0.02910362 -0.01753389 -0.01449998 0.01047564 0.014535826 -0.020136576 -0.0009490065 0.005121831
0.325 0.02768941 -0.01802392 -0.01506879 0.009272514 0.013141416 -0.02040294 -0.0015492439 0.0038451552
0.3255 0.02629615 -0.0185105 -0.01563242 0.008091887 0.011769149 -0.02067412 -0.0021474026 0.00258971
0.326 0.02492355 -0.01899361 -0.01619088 0.006933225 0.010418639 -0.0209499 -0.002743587 0.0013552271
0.3265 0.02357135 -0.01947321 -0.01674417 0.005796013 0.009089544 -0.021230094 -0.0033378676 0.00014137849
0.327 0.02223927 -0.01994929 -0.01729231 0.004679752 0.007781554 -0.021514451 -0.0039302595 -0.0010521039
0.3275 0.02092706 -0.02042183 -0.01783532 0.003583959 0.0064943247 -0.021802822 -0.0045208707 -0.0022255518
0.328 0.01963445 -0.02089082 -0.01837319 0.002508163 0.0052276216 -0.022094969 -0.005109705 -0.003379248
0.3285 0.01836117 -0.02135622 -0.01890596 0.001451911 0.003981117 -0.022390682 -0.0056968704 -0.00451345
0.329 0.01710697 -0.02181803 -0.01943364 0.0004147611 0.0027544685 -0.022689845 -0.0062823445 -0.0056284443
0.3295 0.01587159 -0.02227625 -0.01995624 -0.0006037137 0.0015474483 -0.02299226 -0.006866168 -0.006724518
0.33 0.01465476 -0.02273085 -0.02047378 -0.001603929 0.00035975873 -0.02329772 -0.007448368 -0.0078019314
0.3305 0.01345624 -0.02318183 -0.02098629 -0.002586289 -0.00080886483 -0.023606114 -0.008028999 -0.0088609755
0.331 0.01227577 -0.02362918 -0.02149379 -0.003551183 -0.0019586906 -0.02391727 -0.0086079575 -0.009901892
0.3315 0.0111131 -0.02407289 -0.02199629 -0.004498994 -0.0030899718 -0.02423101 -0.009185396 -0.010924917
0.332 0.00996799 -0.02451296 -0.02249382 -0.005430091 -0.0042029954 -0.024547257 -0.009761229 -0.011930276
0.3325 0.008840186 -0.0249494 -0.0229864 -0.006344832 -0.005297981 -0.024865806 -0.010335475 -0.012918286
0.333 0.007729447 -0.02538218 -0.02347406 -0.007243568 -0.0063751936 -0.025186516 -0.010908097 -0.013889169
0.3335 0.006635534 -0.02581132 -0.02395683 -0.008126638 -0.0074348524 -0.025509253 -0.011479139 -0.014843151
0.334 0.005558206 -0.02623682 -0.02443472 -0.008994373 -0.008477185 -0.02583393 -0.012048546 -0.01578051
0.3345 0.004497228 -0.02665867 -0.02490776 -0.009847094 -0.009502485 -0.026160385 -0.012616299 -0.016701432
0.335 0.003452366 -0.02707688 -0.02537599 -0.01068512 -0.010510907 -0.026488464 -0.013182312 -0.01760619
0.3355 0.00242339 -0.02749146 -0.02583943 -0.01150874 -0.011502739 -0.026818149 -0.013746675 -0.018495021
0.336 0.001410069 -0.0279024 -0.0262981 -0.01231827 -0.012478158 -0.02714922 -0.014309272 -0.019368108
0.3365 0.0004121779 -0.02830972 -0.02675204 -0.01311398 -0.013437435 -0.027481612 -0.014870055 -0.020225735
0.337 -0.0005705071 -0.02871342 -0.02720128 -0.01389617 -0.014380738 -0.027815124 -0.0154290125 -0.021068044
0.3375 -0.001538207 -0.0291135 -0.02764584 -0.0146651 -0.015308302 -0.028149765 -0.015986092 -0.02189533
0.338 -0.002491142 -0.02950999 -0.02808576 -0.01542105 -0.016220298 -0.028485332 -0.016541243 -0.02270781
0.3385 -0.003429527 -0.02990288 -0.02852107 -0.01616427 -0.017117005 -0.02882176 -0.017094411 -0.023505645
0.339 -0.004353576 -0.03029218 -0.02895179 -0.01689502 -0.017998599 -0.029158939 -0.017645512 -0.024289057
0.3395 -0.005263501 -0.03067792 -0.02937796 -0.01761355 -0.018865284 -0.029496744 -0.018194485 -0.025058333
0.34 -0.00615951 -0.03106009 -0.02979962 -0.01832009 -0.019717243 -0.029835083 -0.018741313 -0.02581359
0.3405 -0.007041809 -0.03143872 -0.03021679 -0.01901488 -0.020554692 -0.030173853 -0.019285932 -0.026555082
0.341 -0.007910602 -0.03181381 -0.0306295 -0.01969816 -0.021377832 -0.030512989 -0.019828282 -0.027283035
0.3415 -0.008766091 -0.03218538 -0.0310378 -0.02037015 -0.022186853 -0.030852325 -0.02036824 -0.027997613
0.342 -0.009608473 -0.03255345 -0.03144171 -0.02103106 -0.022981927 -0.031191826 -0.020905837 -0.028699046
0.3425 -0.01043795 -0.03291802 -0.03184126 -0.02168111 -0.023763277 -0.031531353 -0.021440895 -0.029387482
0.343 -0.0112547 -0.03327911 -0.03223649 -0.02232051 -0.024531081 -0.031870782 -0.021973407 -0.030063143
0.3435 -0.01205893 -0.03363674 -0.03262743 -0.02294947 -0.025285497 -0.03221008 -0.022503277 -0.030726276
0.344 -0.01285083 -0.03399093 -0.03301412 -0.02356817 -0.026026752 -0.032549184 -0.023030475 -0.03137703
0.3445 -0.01363057 -0.03434169 -0.03339659 -0.02417682 -0.026755046 -0.03288792 -0.023554854 -0.032015555
0.345 -0.01439835 -0.03468904 -0.03377487 -0.02477561 -0.027470492 -0.033226203 -0.024076395 -0.03264212
0.3455 -0.01515434 -0.035033 -0.034149 -0.02536471 -0.028173285 -0.033563986 -0.024595037 -0.033256866
0.346 -0.01589873 -0.03537358 -0.03451901 -0.02594432 -0.028863665 -0.033901185 -0.025110712 -0.033859983
0.3465 -0.01663169 -0.03571081 -0.03488494 -0.02651461 -0.029541755 -0.03423769 -0.025623307 -0.034451663
0.347 -0.01735339 -0.0360447 -0.03524682 -0.02707575 -0.03020773 -0.034573406 -0.026132729 -0.035032086
0.3475 -0.01806401 -0.03637527 -0.03560469 -0.02762792 -0.030861778 -0.034908257 -0.026638959 -0.035601415
0.348 -0.01876371 -0.03670255 -0.03595858 -0.02817127 -0.031504087 -0.03524218 -0.027141884 -0.036159866
0.3485 -0.01945267 -0.03702654 -0.03630852 -0.02870596 -0.032134794 -0.035575077 -0.027641488 -0.036707558
0.349 -0.02013104 -0.03734728 -0.03665455 -0.02923217 -0.03275406 -0.03590688 -0.028137675 -0.03724478
0.3495 -0.020799 -0.03766479 -0.03699671 -0.02975004 -0.033362128 -0.036237523 -0.028630385 -0.037771534
0.35 -0.02145669 -0.03797907 -0.03733502 -0.03025972 -0.033959053 -0.036566846 -0.029119516 -0.03828814
0.3505 -0.02210428 -0.03829016 -0.03766953 -0.03076136 -0.034545083 -0.03689491 -0.02960502 -0.038794696
0.351 -0.02274193 -0.03859807 -0.03800026 -0.03125511 -0.03512033 -0.037221506 -0.03008684 -0.039291352
0.3515 -0.02336978 -0.03890284 -0.03832726 -0.0317411 -0.035685003 -0.037546642 -0.030564902 -0.039778315
0.352 -0.02398799 -0.03920447 -0.03865055 -0.03221948 -0.03623923 -0.037870243 -0.03103916 -0.040255733
0.3525 -0.02459671 -0.03950299 -0.03897017 -0.03269038 -0.03678318 -0.03819221 -0.031509496 -0.040723763
0.353 -0.02519608 -0.03979842 -0.03928616 -0.03315394 -0.037316985 -0.038512476 -0.03197597 -0.041182555
0.3535 -0.02578626 -0.04009078 -0.03959855 -0.03361028 -0.037840817 -0.03883101 -0.0324384 -0.0416323
0.354 -0.02636737 -0.04038011 -0.03990737 -0.03405953 -0.038354844 -0.039147716 -0.032896776 -0.042073123
0.3545 -0.02693956 -0.04066641 -0.04021266 -0.03450182 -0.038859196 -0.039462533 -0.03335107 -0.042505197
0.355 -0.02750298 -0.04094971 -0.04051444 -0.03493727 -0.039354034 -0.0397754 -0.033801198 -0.04292867
0.3555 -0.02805776 -0.04123004 -0.04081277 -0.03536599 -0.039839476 -0.040086262 -0.034247197 -0.04334367
0.356 -0.02860402 -0.04150741 -0.04110766 -0.03578811 -0.040315725 -0.040395062 -0.034688868 -0.043750353
0.3565 -0.02914191 -0.04178185 -0.04139915 -0.03620374 -0.040782887 -0.040701747 -0.035126273 -0.04414886
0.357 -0.02967156 -0.04205338 -0.04168727 -0.03661299 -0.041241124 -0.041006263 -0.035559364 -0.04453937
0.3575 -0.03019308 -0.04232203 -0.04197207 -0.03701597 -0.041690573 -0.041308545 -0.035988025 -0.044922005
0.358 -0.03070662 -0.04258782 -0.04225356 -0.03741279 -0.042131387 -0.041608565 -0.03641232 -0.045296893
0.3585 -0.0312123 -0.04285076 -0.04253179 -0.03780356 -0.04256369 -0.041906267 -0.036832184 -0.045664176
0.359 -0.03171022 -0.0431109 -0.04280679 -0.03818837 -0.042987622 -0.04220159 -0.037247498 -0.04602401
0.3595 -0.03220053 -0.04336823 -0.04307858 -0.03856734 -0.04340332 -0.042494457 -0.03765832 -0.046376478
0.36 -0.03268334 -0.0436228 -0.04334721 -0.03894055 -0.04381093 -0.042784907 -0.03806465 -0.046721786
0.3605 -0.03315876 -0.04387462 -0.04361269 -0.03930811 -0.04421054 -0.043072797 -0.038466394 -0.047059998
0.361 -0.03362691 -0.04412371 -0.04387508 -0.03967011 -0.044602364 -0.0433582 -0.038863532 -0.047391307
0.3615 -0.0340879 -0.04437011 -0.04413439 -0.04002664 -0.044986494 -0.04364102 -0.039256074 -0.047715783
0.362 -0.03454186 -0.04461383 -0.04439066 -0.0403778 -0.045363 -0.043921158 -0.03964395 -0.048033588
0.3625 -0.03498887 -0.04485489 -0.04464392 -0.04072368 -0.04573209 -0.044198684 -0.040027227 -0.048344806
0.363 -0.03542907 -0.04509332 -0.04489421 -0.04106436 -0.046093874 -0.044473536 -0.040405802 -0.048649594
0.3635 -0.03586254 -0.04532914 -0.04514154 -0.04139994 -0.046448454 -0.044745646 -0.04077974 -0.048948087
0.364 -0.0362894 -0.04556237 -0.04538596 -0.04173049 -0.046795983 -0.04501506 -0.041148994 -0.04924035
0.3645 -0.03670975 -0.04579304 -0.04562749 -0.0420561 -0.04713655 -0.04528168 -0.041513592 -0.049526557
0.365 -0.0371237 -0.04602117 -0.04586617 -0.04237685 -0.04747028 -0.045545496 -0.04187347 -0.04980678
0.3655 -0.03753134 -0.04624679 -0.04610202 -0.04269282 -0.04779732 -0.045806516 -0.042228635 -0.05008115
0.366 -0.03793277 -0.04646991 -0.04633508 -0.0430041 -0.048117787 -0.04606469 -0.042579114 -0.050349742
0.3665 -0.03832809 -0.04669055 -0.04656537 -0.04331075 -0.048431735 -0.046320014 -0.042924948 -0.050612744
0.367 -0.0387174 -0.04690875 -0.04679293 -0.04361285 -0.048739348 -0.04657244 -0.043266058 -0.0508702
0.3675 -0.03910079 -0.04712452 -0.04701778 -0.04391048 -0.049040698 -0.04682201 -0.04360252 -0.05112222
0.368 -0.03947834 -0.04733789 -0.04723995 -0.0442037 -0.049335927 -0.047068678 -0.043934252 -0.05136895
0.3685 -0.03985017 -0.04754887 -0.04745947 -0.0444926 -0.049625136 -0.047312427 -0.044261377 -0.051610455
0.369 -0.04021635 -0.0477575 -0.04767638 -0.04477724 -0.049908422 -0.047553226 -0.044583812 -0.051846836
0.3695 -0.04057697 -0.04796378 -0.04789069 -0.04505768 -0.0501859 -0.047791123 -0.04490163 -0.0520782
0.37 -0.04093212 -0.04816775 -0.04810244 -0.04533401 -0.050457653 -0.048026036 -0.045214854 -0.052304644
0.3705 -0.04128188 -0.04836943 -0.04831165 -0.04560628 -0.050723813 -0.048258036 -0.045523465 -0.052526273
0.371 -0.04162635 -0.04856884 -0.04851836 -0.04587455 -0.050984483 -0.04848712 -0.0458275 -0.05274318
0.3715 -0.0419656 -0.04876599 -0.04872258 -0.0461389 -0.051239755 -0.048713163 -0.04612697 -0.05295543
0.372 -0.04229971 -0.04896092 -0.04892436 -0.04639939 -0.05148972 -0.0489363 -0.04642187 -0.053163156
0.3725 -0.04262877 -0.04915364 -0.0491237 -0.04665607 -0.05173448 -0.0491565 -0.046712294 -0.053366456
0.373 -0.04295286 -0.04934418 -0.04932065 -0.046909 -0.051974162 -0.049373746 -0.046998248 -0.053565364
0.3735 -0.04327205 -0.04953255 -0.04951523 -0.04715826 -0.0522088 -0.04958804 -0.047279738 -0.053760003
0.374 -0.04358641 -0.04971878 -0.04970746 -0.04740388 -0.052438546 -0.04979937 -0.047556784 -0.053950466
0.3745 -0.04389604 -0.04990289 -0.04989738 -0.04764594 -0.052663453 -0.05000779 -0.047829438 -0.054136813
0.375 -0.04420099 -0.0500849 -0.050085 -0.04788449 -0.05288366 -0.05021327 -0.04809773 -0.05431913
0.3755 -0.04450134 -0.05026483 -0.05027035 -0.04811958 -0.053099204 -0.05041585 -0.048361696 -0.054497506
0.376 -0.04479717 -0.0504427 -0.05045346 -0.04835127 -0.0533102 -0.050615493 -0.048621364 -0.05467201
0.3765 -0.04508855 -0.05061853 -0.05063435 -0.04857961 -0.053516734 -0.050812252 -0.04887677 -0.054842733
0.377 -0.04537553 -0.05079234 -0.05081305 -0.04880466 -0.05371888 -0.05100611 -0.04912795 -0.055009738
0.3775 -0.04565821 -0.05096416 -0.05098959 -0.04902646 -0.05391675 -0.05119712 -0.049374927 -0.055173125
0.378 -0.04593663 -0.051134 -0.05116398 -0.04924506 -0.054110404 -0.051385257 -0.049617775 -0.05533294
0.3785 -0.04621087 -0.05130189 -0.05133625 -0.04946052 -0.054299917 -0.05157054 -0.049856506 -0.055489257
0.379 -0.046481 -0.05146784 -0.05150643 -0.04967288 -0.05448537 -0.051752977 -0.050091185 -0.055642188
0.3795 -0.04674707 -0.05163187 -0.05167454 -0.0498822 -0.054666884 -0.051932618 -0.050321765 -0.055791743
0.38 -0.04700915 -0.051794 -0.0518406 -0.05008851 -0.05484448 -0.05210947 -0.050548412 -0.05593804
0.3805 -0.04726731 -0.05195426 -0.05200464 -0.05029187 -0.055018257 -0.052283525 -0.050771087 -0.056081124
0.381 -0.0475216 -0.05211266 -0.05216669 -0.05049232 -0.055188317 -0.05245488 -0.05098988 -0.056221068
0.3815 -0.04777208 -0.05226922 -0.05232675 -0.05068991 -0.055354692 -0.05262347 -0.051204823 -0.056357935
0.382 -0.04801882 -0.05242396 -0.05248486 -0.05088467 -0.05551749 -0.052789353 -0.051415898 -0.056491785
0.3825 -0.04826187 -0.0525769 -0.05264104 -0.05107666 -0.055676747 -0.052952528 -0.051623225 -0.056622677
0.383 -0.04850128 -0.05272805 -0.0527953 -0.05126591 -0.055832587 -0.05311306 -0.051826812 -0.056750692
0.3835 -0.04873713 -0.05287745 -0.05294769 -0.05145247 -0.055985007 -0.053270943 -0.052026726 -0.05687589
0.384 -0.04896946 -0.0530251 -0.0530982 -0.05163638 -0.05613413 -0.053426184 -0.052223004 -0.05699829
0.3845 -0.04919832 -0.05317102 -0.05324688 -0.05181768 -0.056280028 -0.05357886 -0.052415695 -0.057118017
0.385 -0.04942377 -0.05331524 -0.05339373 -0.0519964 -0.056422707 -0.053728953 -0.05260483 -0.057235066
0.3855 -0.04964587 -0.05345777 -0.05353878 -0.0521726 -0.056562304 -0.0538765 -0.05279047 -0.057349533
0.386 -0.04986466 -0.05359862 -0.05368205 -0.05234629 -0.05669882 -0.054021526 -0.052972674 -0.057461437
0.3865 -0.0500802 -0.05373782 -0.05382356 -0.05251754 -0.056832362 -0.054164067 -0.053151455 -0.057570864
0.387 -0.05029254 -0.05387539 -0.05396333 -0.05268636 -0.056962978 -0.05430411 -0.05332688 -0.057677835
0.3875 -0.05050172 -0.05401134 -0.05410139 -0.0528528 -0.057090715 -0.054441758 -0.05349898 -0.057782445
0.388 -0.0507078 -0.05414568 -0.05423774 -0.05301689 -0.057215635 -0.05457695 -0.053667836 -0.057884693
0.3885 -0.05091082 -0.05427845 -0.05437242 -0.05317867 -0.057337813 -0.054709762 -0.053833425 -0.05798468
0.389 -0.05111084 -0.05440964 -0.05450544 -0.05333817 -0.05745728 -0.05484025 -0.053995907 -0.058082446
0.3895 -0.05130789 -0.05453929 -0.05463683 -0.05349543 -0.057574134 -0.054968387 -0.0541552 -0.058177996
0.39 -0.05150203 -0.05466741 -0.05476659 -0.05365047 -0.057688404 -0.055094235 -0.054311447 -0.058271393
0.3905 -0.05169329 -0.054794 -0.05489475 -0.05380335 -0.057800137 -0.055217776 -0.054464623 -0.05836272
0.391 -0.05188173 -0.0549191 -0.05502133 -0.05395408 -0.057909384 -0.05533913 -0.054614857 -0.05845201
0.3915 -0.05206738 -0.05504272 -0.05514635 -0.05410269 -0.058016222 -0.055458225 -0.05476211 -0.05853928
0.392 -0.0522503 -0.05516487 -0.05526983 -0.05424923 -0.058120683 -0.055575177 -0.05490649 -0.058624595
0.3925 -0.05243051 -0.05528557 -0.05539178 -0.05439371 -0.058222808 -0.05568994 -0.05504805 -0.058707982
0.393 -0.05260807 -0.05540483 -0.05551222 -0.05453618 -0.05832266 -0.055802554 -0.055186767 -0.05878949
0.3935 -0.05278302 -0.05552268 -0.05563118 -0.05467665 -0.0584203 -0.0559131 -0.05532272 -0.058869146
0.394 -0.05295539 -0.05563912 -0.05574866 -0.05481517 -0.05851573 -0.05602155 -0.055456 -0.058947034
0.3945 -0.05312522 -0.05575418 -0.05586468 -0.05495176 -0.058609057 -0.056127995 -0.055586528 -0.059023153
0.395 -0.05329256 -0.05586786 -0.05597928 -0.05508644 -0.058700275 -0.056232385 -0.0557145 -0.059097532
0.3955 -0.05345744 -0.05598018 -0.05609245 -0.05521925 -0.05878947 -0.056334812 -0.055839855 -0.059170246
0.396 -0.0536199 -0.05609117 -0.05620422 -0.05535021 -0.058876645 -0.05643533 -0.055962704 -0.05924136
0.3965 -0.05377998 -0.05620083 -0.0563146 -0.05547935 -0.058961887 -0.056533888 -0.05608307 -0.059310783
0.397 -0.05393771 -0.05630917 -0.05642361 -0.0556067 -0.059045214 -0.056630556 -0.056200948 -0.059378676
0.3975 -0.05409313 -0.05641622 -0.05653127 -0.05573228 -0.059126627 -0.056725357 -0.056316413 -0.05944502
0.398 -0.05424627 -0.05652199 -0.0566376 -0.05585612 -0.05920625 -0.056818295 -0.05642952 -0.05950985
0.3985 -0.05439717 -0.05662649 -0.0567426 -0.05597825 -0.059284057 -0.05690946 -0.056540318 -0.059573222
0.399 -0.05454587 -0.05672973 -0.0568463 -0.05609868 -0.059360128 -0.056998804 -0.056648787 -0.05963514
0.3995 -0.05469239 -0.05683174 -0.05694871 -0.05621745 -0.059434455 -0.057086416 -0.056755047 -0.05969566
0.4 -0.05483678 -0.05693251 -0.05704985 -0.05633458 -0.059507105 -0.057172317 -0.056859106 -0.059754808
0.4005 -0.05497906 -0.05703208 -0.05714973 -0.05645009 -0.05957814 -0.057256483 -0.056960985 -0.059812583
0.401 -0.05511926 -0.05713045 -0.05724837 -0.05656401 -0.059647564 -0.057339013 -0.05706074 -0.05986905
0.4015 -0.05525742 -0.05722764 -0.05734578 -0.05667635 -0.0597154 -0.057419885 -0.057158425 -0.05992425
0.402 -0.05539357 -0.05732365 -0.05744198 -0.05678715 -0.059781693 -0.057499155 -0.057254083 -0.059978172
0.4025 -0.05552774 -0.05741851 -0.05753698 -0.05689642 -0.059846494 -0.05757682 -0.057347655 -0.060030878
0.403 -0.05565996 -0.05751222 -0.05763079 -0.05700419 -0.059909813 -0.05765292 -0.057439305 -0.060082365
0.4035 -0.05579026 -0.0576048 -0.05772344 -0.05711047 -0.0599717 -0.057727486 -0.057529014 -0.06013269
0.404 -0.05591867 -0.05769626 -0.05781493 -0.0572153 -0.060032193 -0.05780056 -0.057616815 -0.06018185
0.4045 -0.05604521 -0.05778662 -0.05790528 -0.05731869 -0.06009129 -0.05787217 -0.057702765 -0.06022989
0.405 -0.05616992 -0.05787588 -0.05799451 -0.05742065 -0.060149036 -0.05794227 -0.05778687 -0.06027683
0.4055 -0.05629282 -0.05796406 -0.05808262 -0.05752122 -0.060205482 -0.05801099 -0.05786919 -0.060322717
0.406 -0.05641394 -0.05805118 -0.05816963 -0.05762041 -0.060260646 -0.05807827 -0.05794975 -0.060367502
0.4065 -0.0565333 -0.05813724 -0.05825556 -0.05771825 -0.06031451 -0.058144145 -0.05802858 -0.060411282
0.407 -0.05665095 -0.05822226 -0.05834041 -0.05781474 -0.06036719 -0.058208708 -0.05810573 -0.06045407
0.4075 -0.05676689 -0.05830624 -0.0584242 -0.05790992 -0.060418665 -0.058271907 -0.058181245 -0.060495857
0.408 -0.05688116 -0.05838921 -0.05850695 -0.05800379 -0.060468964 -0.05833383 -0.05825507 -0.060536694
0.4085 -0.05699377 -0.05847117 -0.05858866 -0.05809638 -0.060518112 -0.058394477 -0.058327332 -0.060576603
0.409 -0.05710477 -0.05855213 -0.05866935 -0.05818771 -0.060566105 -0.0584538 -0.058398075 -0.06061557
0.4095 -0.05721416 -0.05863211 -0.05874903 -0.0582778 -0.060613 -0.05851191 -0.058467247 -0.060653664
0.41 -0.05732198 -0.05871111 -0.05882772 -0.05836665 -0.060658846 -0.058568835 -0.0585349 -0.060690876
0.4105 -0.05742825 -0.05878916 -0.05890542 -0.05845429 -0.060703613 -0.058624536 -0.058601134 -0.060727216
0.411 -0.05753299 -0.05886625 -0.05898214 -0.05854075 -0.060747378 -0.05867908 -0.0586659 -0.060762726
0.4115 -0.05763622 -0.0589424 -0.05905791 -0.05862602 -0.060790125 -0.05873247 -0.058729254 -0.060797427
0.412 -0.05773797 -0.05901763 -0.05913273 -0.05871014 -0.060831897 -0.058784746 -0.05879122 -0.060831312
0.4125 -0.05783826 -0.05909194 -0.05920661 -0.05879311 -0.060872708 -0.05883591 -0.058851834 -0.06086442
0.413 -0.05793711 -0.05916534 -0.05927957 -0.05887495 -0.06091258 -0.058885977 -0.058911122 -0.060896773
0.4135 -0.05803455 -0.05923785 -0.05935161 -0.05895569 -0.060951527 -0.05893501 -0.058969118 -0.06092838
0.414 -0.05813059 -0.05930947 -0.05942276 -0.05903533 -0.06098958 -0.058982972 -0.059025817 -0.06095925
0.4145 -0.05822525 -0.05938021 -0.059493 -0.05911389 -0.061026752 -0.059029907 -0.059081275 -0.06098941
0.415 -0.05831856 -0.05945009 -0.05956237 -0.05919138 -0.061063092 -0.05907585 -0.05913551 -0.061018884
0.4155 -0.05841053 -0.05951912 -0.05963087 -0.05926783 -0.061098583 -0.05912081 -0.059188545 -0.061047632
0.416 -0.0585012 -0.0595873 -0.05969851 -0.05934324 -0.061133247 -0.059164815 -0.059240412 -0.06107575
0.4165 -0.05859056 -0.05965465 -0.0597653 -0.05941763 -0.061167102 -0.059207857 -0.05929114 -0.06110322
0.417 -0.05867865 -0.05972117 -0.05983126 -0.05949102 -0.061200205 -0.059249982 -0.059340738 -0.06113004
0.4175 -0.05876549 -0.05978687 -0.05989638 -0.05956341 -0.061232515 -0.059291188 -0.059389237 -0.061156273
0.418 -0.05885109 -0.05985178 -0.05996069 -0.05963483 -0.06126409 -0.05933152 -0.059436686 -0.06118186
0.4185 -0.05893546 -0.05991588 -0.06002419 -0.05970528 -0.06129494 -0.059370987 -0.05948305 -0.06120689
0.419 -0.05901864 -0.0599792 -0.0600869 -0.05977478 -0.061325092 -0.059409603 -0.05952836 -0.061231308
0.4195 -0.05910064 -0.06004174 -0.06014881 -0.05984335 -0.061354518 -0.05944734 -0.05957268 -0.061255164
0.42 -0.05918147 -0.06010352 -0.06020995 -0.05991099 -0.06138328 -0.05948429 -0.059616 -0.061278492
0.4205 -0.05926115 -0.06016453 -0.06027032 -0.05997772 -0.061411355 -0.059520416 -0.059658386 -0.06130124
0.421 -0.0593397 -0.0602248 -0.06032994 -0.06004356 -0.061438795 -0.059555754 -0.059699796 -0.0613235
0.4215 -0.05941713 -0.06028432 -0.0603888 -0.0601085 -0.061465606 -0.05959034 -0.059740305 -0.061345216
0.422 -0.05949347 -0.06034312 -0.06044693 -0.06017258 -0.061491802 -0.059624165 -0.05977985 -0.06136645
0.4225 -0.05956873 -0.06040119 -0.06050432 -0.06023579 -0.061517376 -0.059657246 -0.059818532 -0.061387174
0.423 -0.05964292 -0.06045854 -0.06056099 -0.06029816 -0.061542355 -0.059689578 -0.059856378 -0.061407417
0.4235 -0.05971606 -0.06051519 -0.06061695 -0.06035968 -0.061566755 -0.059721224 -0.05989337 -0.061427206
0.424 -0.05978816 -0.06057114 -0.06067221 -0.06042038 -0.0615906 -0.059752148 -0.059929486 -0.06144652
0.4245 -0.05985925 -0.06062641 -0.06072677 -0.06048027 -0.061613888 -0.059782423 -0.059964813 -0.06146537
0.425 -0.05992933 -0.06068099 -0.06078065 -0.06053936 -0.061636627 -0.059812 -0.05999933 -0.061483808
0.4255 -0.05999843 -0.06073489 -0.06083384 -0.06059765 -0.061658848 -0.059840947 -0.060033116 -0.061501805
0.426 -0.06006655 -0.06078814 -0.06088637 -0.06065516 -0.061680548 -0.059869256 -0.060066104 -0.061519396
0.4265 -0.0601337 -0.06084073 -0.06093824 -0.06071191 -0.061701734 -0.05989694 -0.060098354 -0.06153655
0.427 -0.06019992 -0.06089266 -0.06098945 -0.06076789 -0.061722457 -0.059923984 -0.060129866 -0.06155333
0.4275 -0.0602652 -0.06094396 -0.06104002 -0.06082312 -0.061742656 -0.059950426 -0.060160693 -0.0615697
0.428 -0.06032956 -0.06099462 -0.06108996 -0.06087762 -0.061762415 -0.059976306 -0.060190797 -0.0615857
0.4285 -0.06039302 -0.06104466 -0.06113926 -0.06093139 -0.061781697 -0.060001597 -0.060220234 -0.061601337
0.429 -0.06045558 -0.06109408 -0.06118795 -0.06098444 -0.061800566 -0.060026348 -0.060248986 -0.06161659
0.4295 -0.06051727 -0.06114289 -0.06123602 -0.06103678 -0.061818965 -0.060050532 -0.060277082 -0.06163152
0.43 -0.06057809 -0.06119109 -0.06128348 -0.06108843 -0.061836947 -0.060074158 -0.060304552 -0.061646078
0.4305 -0.06063805 -0.0612387 -0.06133035 -0.06113939 -0.061854504 -0.060097277 -0.060331367 -0.0616603
0.431 -0.06069718 -0.06128572 -0.06137663 -0.06118966 -0.061871666 -0.060119867 -0.060357593 -0.061674178
0.4315 -0.06075548 -0.06133216 -0.06142232 -0.06123927 -0.061888423 -0.060141966 -0.060383227 -0.061687753
0.432 -0.06081296 -0.06137802 -0.06146744 -0.06128822 -0.061904777 -0.060163587 -0.060408287 -0.061701015
0.4325 -0.06086964 -0.06142332 -0.06151199 -0.06133651 -0.061920762 -0.060184687 -0.060432773 -0.06171395
0.433 -0.06092552 -0.06146805 -0.06155598 -0.06138417 -0.06193636 -0.060205318 -0.060456716 -0.061726585
0.4335 -0.06098062 -0.06151223 -0.06159942 -0.06143119 -0.061951593 -0.060225494 -0.060480066 -0.06173893
0.434 -0.06103496 -0.06155586 -0.06164231 -0.06147758 -0.061966486 -0.060245253 -0.060502946 -0.061750997
0.4345 -0.06108853 -0.06159895 -0.06168465 -0.06152336 -0.06198103 -0.06026452 -0.06052525 -0.06176278
0.435 -0.06114136 -0.06164151 -0.06172647 -0.06156853 -0.061995227 -0.060283344 -0.060547046 -0.061774254
0.4355 -0.06119345 -0.06168354 -0.06176775 -0.0616131 -0.0620091 -0.06030178 -0.060568362 -0.06178552
0.436 -0.06124481 -0.06172505 -0.06180852 -0.06165708 -0.062022652 -0.06031978 -0.060589172 -0.06179648
0.4365 -0.06129546 -0.06176604 -0.06184877 -0.06170047 -0.062035877 -0.06033738 -0.060609505 -0.061807197
0.437 -0.0613454 -0.06180653 -0.06188851 -0.06174329 -0.06204882 -0.06035459 -0.060629383 -0.06181766
0.4375 -0.06139465 -0.06184651 -0.06192776 -0.06178555 -0.062061444 -0.0603714 -0.060648777 -0.06182789
0.438 -0.06144322 -0.06188599 -0.06196651 -0.06182724 -0.062073782 -0.060387854 -0.06066777 -0.06183786
0.4385 -0.0614911 -0.06192499 -0.06200477 -0.06186838 -0.062085807 -0.060403906 -0.06068629 -0.061847623
0.439 -0.06153833 -0.0619635 -0.06204254 -0.06190898 -0.062097583 -0.060419597 -0.06070445 -0.06185712
0.4395 -0.0615849 -0.06200153 -0.06207984 -0.06194904 -0.062109046 -0.060434937 -0.060722128 -0.06186644
0.44 -0.06163082 -0.06203909 -0.06211667 -0.06198857 -0.062120277 -0.060449947 -0.06073944 -0.061875507
0.4405 -0.0616761 -0.06207618 -0.06215304 -0.06202757 -0.062131226 -0.060464583 -0.06075632 -0.06188438
0.441 -0.06172076 -0.06211281 -0.06218895 -0.06206606 -0.06214191 -0.060478903 -0.060772814 -0.061893046
0.4415 -0.0617648 -0.06214899 -0.0622244 -0.06210405 -0.06215237 -0.060492884 -0.060788944 -0.061901495
0.442 -0.06180823 -0.06218471 -0.06225941 -0.06214153 -0.062162586 -0.060506552 -0.0608047 -0.061909743
0.4425 -0.06185106 -0.06221999 -0.06229397 -0.06217852 -0.06217254 -0.060519926 -0.06082011 -0.06191782
0.443 -0.06189329 -0.06225483 -0.0623281 -0.06221502 -0.062182274 -0.06053299 -0.060835138 -0.06192571
0.4435 -0.06193495 -0.06228924 -0.0623618 -0.06225103 -0.062191788 -0.060545728 -0.060849804 -0.0619334
0.444 -0.06197602 -0.06232322 -0.06239507 -0.06228658 -0.062201045 -0.06055819 -0.06086415 -0.061940916
0.4445 -0.06201653 -0.06235677 -0.06242792 -0.06232165 -0.062210113 -0.06057036 -0.060878202 -0.061948255
0.445 -0.06205649 -0.06238991 -0.06246036 -0.06235626 -0.062218968 -0.06058228 -0.060891885 -0.06195541
0.4455 -0.06209589 -0.06242264 -0.06249239 -0.06239042 -0.06222762 -0.060593903 -0.060905278 -0.061962426
0.446 -0.06213474 -0.06245496 -0.06252401 -0.06242412 -0.062236078 -0.06060528 -0.060918342 -0.061969258
0.4465 -0.06217307 -0.06248687 -0.06255524 -0.06245739 -0.06224432 -0.06061639 -0.060931116 -0.06197594
0.447 -0.06221086 -0.06251839 -0.06258607 -0.06249021 -0.06225238 -0.060627263 -0.060943574 -0.061982468
0.4475 -0.06224813 -0.06254951 -0.06261651 -0.06252261 -0.06226024 -0.06063784 -0.06095576 -0.061988827
0.448 -0.0622849 -0.06258025 -0.06264657 -0.06255458 -0.062267926 -0.060648218 -0.060967654 -0.06199505
0.4485 -0.06232115 -0.0626106 -0.06267625 -0.06258612 -0.062275432 -0.06065833 -0.060979307 -0.062001117
0.449 -0.06235691 -0.06264057 -0.06270555 -0.06261726 -0.062282756 -0.060668238 -0.060990646 -0.062007055
0.4495 -0.06239218 -0.06267017 -0.06273448 -0.06264798 -0.06228991 -0.060677897 -0.061001718 -0.06201286
0.45 -0.06242696 -0.0626994 -0.06276305 -0.0626783 -0.06229691 -0.06068735 -0.06101259 -0.062018514
0.4505 -0.06246127 -0.06272827 -0.06279126 -0.06270823 -0.062303722 -0.06069656 -0.061023172 -0.06202404
0.451 -0.0624951 -0.06275677 -0.06281911 -0.06273776 -0.06231039 -0.06070558 -0.061033495 -0.06202943
0.4515 -0.06252847 -0.06278492 -0.06284661 -0.0627669 -0.062316895 -0.060714398 -0.061043613 -0.062034708
0.452 -0.06256139 -0.06281272 -0.06287376 -0.06279566 -0.062323246 -0.060722996 -0.061053477 -0.062039837
0.4525 -0.06259385 -0.06284017 -0.06290057 -0.06282405 -0.062329467 -0.06073141 -0.061063122 -0.062044866
0.453 -0.06262587 -0.06286728 -0.06292704 -0.06285206 -0.062335525 -0.06073963 -0.061072525 -0.062049773
0.4535 -0.06265746 -0.06289405 -0.06295318 -0.06287971 -0.062341455 -0.060747653 -0.06108175 -0.062054552
0.454 -0.06268861 -0.06292048 -0.06297899 -0.06290699 -0.062347237 -0.06075553 -0.06109073 -0.06205925
0.4545 -0.06271933 -0.06294658 -0.06300447 -0.06293392 -0.062352877 -0.060763173 -0.0610995 -0.06206382
0.455 -0.06274964 -0.06297236 -0.06302963 -0.06296049 -0.062358383 -0.060770653 -0.061108083 -0.0620683
0.4555 -0.06277953 -0.06299782 -0.06305447 -0.06298672 -0.062363777 -0.060777947 -0.06111645 -0.062072635
0.456 -0.06280901 -0.06302295 -0.063079 -0.06301261 -0.062369037 -0.060785085 -0.061124597 -0.06207689
0.4565 -0.06283809 -0.06304778 -0.06310321 -0.06303815 -0.06237417 -0.060792066 -0.061132576 -0.062081046
0.457 -0.06286678 -0.06307229 -0.06312713 -0.06306336 -0.062379193 -0.06079887 -0.061140396 -0.062085122
0.4575 -0.06289508 -0.0630965 -0.06315073 -0.06308825 -0.06238408 -0.060805544 -0.061148025 -0.062089086
0.458 -0.06292298 -0.0631204 -0.06317405 -0.06311281 -0.062388886 -0.060812082 -0.061155476 -0.062092956
0.4585 -0.06295051 -0.063144 -0.06319706 -0.06313704 -0.062393554 -0.060818445 -0.061162755 -0.06209674
0.459 -0.06297767 -0.06316731 -0.06321979 -0.06316096 -0.06239811 -0.060824633 -0.061169837 -0.062100425
0.4595 -0.06300446 -0.06319033 -0.06324223 -0.06318457 -0.06240257 -0.06083071 -0.06117679 -0.062104035
0.46 -0.06303088 -0.06321306 -0.06326439 -0.06320787 -0.0624069 -0.0608366 -0.06118357 -0.06210756
0.4605 -0.06305694 -0.0632355 -0.06328626 -0.06323087 -0.062411148 -0.060842402 -0.06119021 -0.062110983
0.461 -0.06308265 -0.06325766 -0.06330786 -0.06325357 -0.062415287 -0.06084805 -0.06119667 -0.062114336
0.4615 -0.06310801 -0.06327955 -0.06332919 -0.06327597 -0.062419374 -0.060853604 -0.061202977 -0.06211762
0.462 -0.06313303 -0.06330116 -0.06335025 -0.06329808 -0.06242332 -0.060858987 -0.061209146 -0.062120818
0.4625 -0.06315771 -0.0633225 -0.06337104 -0.0633199 -0.062427185 -0.060864262 -0.06121517 -0.062123954
0.463 -0.06318205 -0.06334358 -0.06339157 -0.06334144 -0.06243096 -0.060869426 -0.06122105 -0.062127013
0.4635 -0.06320606 -0.06336439 -0.06341184 -0.0633627 -0.062434632 -0.060874425 -0.061226785 -0.062130004
0.464 -0.06322975 -0.06338494 -0.06343185 -0.06338368 -0.06243824 -0.060879357 -0.061232414 -0.0621329
0.4645 -0.06325312 -0.06340523 -0.06345161 -0.06340439 -0.062441748 -0.06088416 -0.061237894 -0.06213575
0.465 -0.06327617 -0.06342527 -0.06347112 -0.06342483 -0.06244519 -0.060888857 -0.061243236 -0.062138513
0.4655 -0.06329891 -0.06344505 -0.06349039 -0.063445 -0.062448543 -0.06089344 -0.06124848 -0.062141247
0.466 -0.06332134 -0.06346459 -0.06350941 -0.06346491 -0.062451806 -0.06089789 -0.06125356 -0.062143885
0.4665 -0.06334347 -0.06348388 -0.06352819 -0.06348457 -0.06245501 -0.060902275 -0.061258547 -0.062146485
0.467 -0.0633653 -0.06350293 -0.06354673 -0.06350396 -0.06245813 -0.060906537 -0.061263427 -0.06214901
0.4675 -0.06338684 -0.06352175 -0.06356504 -0.06352311 -0.06246116 -0.060910713 -0.061268177 -0.0621515
0.468 -0.06340808 -0.06354032 -0.06358312 -0.06354201 -0.06246415 -0.060914777 -0.061272833 -0.0621539
0.4685 -0.06342904 -0.06355867 -0.06360097 -0.06356066 -0.06246706 -0.060918763 -0.061277412 -0.06215624
0.469 -0.06344972 -0.06357678 -0.0636186 -0.06357907 -0.0624699 -0.060922652 -0.061281815 -0.062158536
0.4695 -0.06347012 -0.06359467 -0.063636 -0.06359724 -0.062472675 -0.060926456 -0.061286155 -0.06216078
0.47 -0.06349024 -0.06361233 -0.06365318 -0.06361518 -0.062475394 -0.060930166 -0.061290354 -0.062162973
0.4705 -0.06351009 -0.06362977 -0.06367015 -0.06363288 -0.062478032 -0.060933795 -0.061294496 -0.062165134
0.471 -0.06352968 -0.06364699 -0.0636869 -0.06365035 -0.062480617 -0.06093733 -0.061298534 -0.062167212
0.4715 -0.063549 -0.063664 -0.06370344 -0.0636676 -0.062483132 -0.06094078 -0.06130246 -0.062169276
0.472 -0.06356806 -0.06368079 -0.06371977 -0.06368462 -0.062485587 -0.060944162 -0.061306328 -0.062171258
0.4725 -0.06358687 -0.06369737 -0.06373589 -0.06370143 -0.062487982 -0.060947426 -0.061310068 -0.062173218
0.473 -0.06360542 -0.06371375 -0.06375181 -0.06371801 -0.062490348 -0.060950667 -0.06131375 -0.062175103
0.4735 -0.06362373 -0.06372992 -0.06376753 -0.06373438 -0.06249264 -0.06095379 -0.061317325 -0.062176943
0.474 -0.06364178 -0.06374588 -0.06378306 -0.06375054 -0.062494885 -0.060956888 -0.061320826 -0.062178757
0.4745 -0.0636596 -0.06376165 -0.06379838 -0.06376649 -0.062497072 -0.06095989 -0.06132426 -0.06218053
0.475 -0.06367718 -0.06377721 -0.06381351 -0.06378224 -0.06249919 -0.06096283 -0.061327606 -0.062182266
0.4755 -0.06369452 -0.06379258 -0.06382845 -0.06379778 -0.062501274 -0.060965687 -0.06133086 -0.06218395
0.476 -0.06371163 -0.06380776 -0.0638432 -0.06381311 -0.06250333 -0.060968485 -0.06133403 -0.062185585
0.4765 -0.06372851 -0.06382275 -0.06385777 -0.06382826 -0.06250532 -0.0609712 -0.061337132 -0.06218719
0.477 -0.06374516 -0.06383755 -0.06387215 -0.0638432 -0.06250725 -0.060973868 -0.061340176 -0.062188763
0.4775 -0.0637616 -0.06385216 -0.06388635 -0.06385795 -0.062509164 -0.060976498 -0.06134314 -0.06219031
0.478 -0.06377781 -0.06386659 -0.06390037 -0.06387252 -0.062511005 -0.060979042 -0.061346054 -0.062191814
0.4785 -0.0637938 -0.06388084 -0.06391422 -0.06388689 -0.062512815 -0.060981512 -0.061348874 -0.062193282
0.479 -0.06380958 -0.06389491 -0.06392789 -0.06390108 -0.06251459 -0.06098394 -0.06135163 -0.06219471
0.4795 -0.06382515 -0.06390881 -0.06394138 -0.06391508 -0.06251632 -0.06098631 -0.06135433 -0.0621961
0.48 -0.06384051 -0.06392253 -0.06395471 -0.06392891 -0.06251801 -0.060988627 -0.06135696 -0.062197484
0.4805 -0.06385567 -0.06393607 -0.06396787 -0.06394255 -0.06251964 -0.06099089 -0.061359532 -0.062198818
0.481 -0.06387063 -0.06394945 -0.06398086 -0.06395602 -0.06252125 -0.06099309 -0.06136205 -0.062200114
0.4815 -0.06388538 -0.06396266 -0.06399368 -0.06396932 -0.06252281 -0.06099523 -0.061364498 -0.062201396
0.482 -0.06389994 -0.0639757 -0.06400635 -0.06398245 -0.06252433 -0.060997345 -0.061366916 -0.062202632
0.4825 -0.0639143 -0.06398858 -0.06401886 -0.0639954 -0.06252585 -0.06099943 -0.06136924 -0.062203832
0.483 -0.06392848 -0.0640013 -0.0640312 -0.06400819 -0.0625273 -0.06100143 -0.061371554 -0.06220502
0.4835 -0.06394246 -0.06401385 -0.0640434 -0.06402081 -0.062528744 -0.061003406 -0.06137378 -0.06220617
0.484 -0.06395626 -0.06402625 -0.06405543 -0.06403328 -0.062530145 -0.0610053 -0.061375953 -0.06220729
0.4845 -0.06396987 -0.06403849 -0.06406732 -0.06404558 -0.06253147 -0.06100718 -0.06137812 -0.062208403
0.485 -0.06398331 -0.06405058 -0.06407906 -0.06405772 -0.06253282 -0.06100899 -0.061380193 -0.06220946
0.4855 -0.06399656 -0.06406252 -0.06409064 -0.06406971 -0.06253411 -0.0610108 -0.061382238 -0.06221051
0.486 -0.06400964 -0.06407431 -0.06410209 -0.06408154 -0.06253538 -0.06101253 -0.061384197 -0.062211536
0.4865 -0.06402254 -0.06408595 -0.06411338 -0.06409322 -0.06253661 -0.061014235 -0.06138618 -0.062212553
0.487 -0.06403528 -0.06409744 -0.06412454 -0.06410475 -0.06253782 -0.06101591 -0.06138806 -0.062213525
0.4875 -0.06404784 -0.06410879 -0.06413555 -0.06411613 -0.062539004 -0.061017536 -0.061389916 -0.06221447
0.488 -0.06406024 -0.06411999 -0.06414643 -0.06412737 -0.06254015 -0.0610191 -0.061391696 -0.06221541
0.4885 -0.06407247 -0.06413106 -0.06415716 -0.06413846 -0.062541276 -0.061020646 -0.061393462 -0.06221631
0.489 -0.06408454 -0.06414199 -0.06416777 -0.06414941 -0.06254238 -0.061022148 -0.06139518 -0.062217206
0.4895 -0.06409645 -0.06415277 -0.06417823 -0.06416021 -0.062543444 -0.061023634 -0.06139683 -0.062218077
0.49 -0.0641082 -0.06416343 -0.06418857 -0.06417088 -0.06254449 -0.06102509 -0.061398495 -0.06221893
0.4905 -0.0641198 -0.06417394 -0.06419878 -0.06418142 -0.06254553 -0.061026487 -0.06140008 -0.062219746
0.491 -0.06413124 -0.06418433 -0.06420885 -0.06419181 -0.06254654 -0.0610279 -0.06140162 -0.062220566
0.4915 -0.06414253 -0.06419459 -0.0642188 -0.06420208 -0.06254751 -0.061029233 -0.06140318 -0.062221363
0.492 -0.06415367 -0.06420471 -0.06422863 -0.06421221 -0.06254846 -0.061030537 -0.06140469 -0.062222134
0.4925 -0.06416467 -0.06421471 -0.06423833 -0.06422221 -0.0625494 -0.061031826 -0.061406117 -0.062222883
0.493 -0.06417552 -0.06422459 -0.06424791 -0.06423208 -0.0625503 -0.061033078 -0.061407585 -0.062223606
0.4935 -0.06418622 -0.06423434 -0.06425736 -0.06424183 -0.06255116 -0.0610343 -0.061408974 -0.062224343
0.494 -0.06419679 -0.06424396 -0.0642667 -0.06425145 -0.062552035 -0.061035465 -0.061410323 -0.062225033
0.4945 -0.06420721 -0.06425347 -0.06427592 -0.06426095 -0.062552884 -0.061036643 -0.061411656 -0.062225707
0.495 -0.0642175 -0.06426286 -0.06428503 -0.06427032 -0.062553704 -0.061037764 -0.06141295 -0.062226392
0.4955 -0.06422765 -0.06427212 -0.06429401 -0.06427958 -0.06255451 -0.061038874 -0.06141422 -0.062227026
0.496 -0.06423766 -0.06428128 -0.06430289 -0.06428872 -0.06255531 -0.061039984 -0.061415482 -0.062227674
0.4965 -0.06424755 -0.06429031 -0.06431165 -0.06429774 -0.06255607 -0.06104102 -0.061416678 -0.062228266
0.497 -0.0642573 -0.06429924 -0.06432031 -0.06430664 -0.06255683 -0.06104207 -0.061417855 -0.06222888
0.4975 -0.06426693 -0.06430805 -0.06432885 -0.06431543 -0.06255757 -0.06104309 -0.061418988 -0.062229484
0.498 -0.06427642 -0.06431675 -0.06433729 -0.06432411 -0.062558286 -0.061044082 -0.06142013 -0.062230065
0.4985 -0.0642858 -0.06432534 -0.06434562 -0.06433268 -0.06255897 -0.061045043 -0.061421223 -0.06223063
0.499 -0.06429505 -0.06433382 -0.06435384 -0.06434114 -0.06255966 -0.061045982 -0.061422296 -0.062231187
0.4995 -0.06430417 -0.06434219 -0.06436196 -0.06434949 -0.062560335 -0.061046902 -0.06142334 -0.062231727
0.5 -0.06431318 -0.06435046 -0.06436998 -0.06435773 -0.06256098 -0.061047815 -0.061424356 -0.06223225
