0.0 -0.065 -0.065 -0.065 -0.065 -0.06533853 -0.07216852 -0.07124896 -0.05353572
0.0005 -0.06499996 -0.064956 -0.06497186 -0.06499956 -0.06673868 -0.068640485 -0.06521176 -0.059185185
0.001 -0.06499953 -0.06477334 -0.06486626 -0.06499726 -0.066679694 -0.06626136 -0.062882304 -0.061714575
0.0015 -0.06499837 -0.06441743 -0.06468762 -0.064993 -0.066265486 -0.06476332 -0.061997317 -0.06318293
0.002 -0.06499638 -0.06387058 -0.06444336 -0.06498676 -0.06578676 -0.06367108 -0.06172143 -0.06420004
0.0025 -0.06499353 -0.06312317 -0.06413771 -0.06497845 -0.06532879 -0.06268903 -0.06169578 -0.064990096
0.003 -0.0649898 -0.06216973 -0.06377247 -0.06496797 -0.06491836 -0.061642572 -0.061744623 -0.06564685
0.0035 -0.06498515 -0.06100727 -0.06334811 -0.06495521 -0.06455826 -0.06045576 -0.061786976 -0.06621367
0.004 -0.06497954 -0.0596344 -0.06286453 -0.06494004 -0.0642442 -0.059091747 -0.061781317 -0.066712976
0.0045 -0.06497292 -0.05805089 -0.06232148 -0.06492237 -0.06396988 -0.057533592 -0.06170596 -0.06715751
0.005 -0.06496524 -0.0562574 -0.06171862 -0.06490211 -0.06372892 -0.05577438 -0.061549563 -0.06755522
0.0055 -0.06495644 -0.05425532 -0.06105572 -0.06487916 -0.06351565 -0.053812236 -0.061306324 -0.067911744
0.006 -0.06494647 -0.05204659 -0.06033257 -0.06485345 -0.06332529 -0.051647816 -0.060973607 -0.068231374
0.0065 -0.06493527 -0.04963361 -0.05954905 -0.06482491 -0.06315397 -0.04928306 -0.060550548 -0.06851772
0.007 -0.06492281 -0.04701914 -0.05870513 -0.06479346 -0.06299855 -0.046720535 -0.06003741 -0.068773866
0.0075 -0.06490902 -0.04420623 -0.05780082 -0.06475904 -0.06285654 -0.04396315 -0.059435096 -0.06900253
0.008 -0.06489385 -0.04119817 -0.05683621 -0.0647216 -0.06272598 -0.04101397 -0.058744982 -0.0692062
0.0085 -0.06487727 -0.03799839 -0.05581142 -0.0646811 -0.06260533 -0.037876144 -0.057968684 -0.06938706
0.009 -0.06485881 -0.03461025 -0.05472588 -0.06463717 -0.06249334 -0.03455285 -0.057107996 -0.069547124
0.0095 -0.06483335 -0.03103485 -0.05357175 -0.06458733 -0.06239036 -0.03104379 -0.056163337 -0.06968655
0.01 -0.06480492 -0.02727673 -0.0523568 -0.0645341 -0.062293623 -0.027368296 -0.055143036 -0.06980817
0.0105 -0.06477715 -0.02334124 -0.05108652 -0.06447845 -0.062202994 -0.023523815 -0.054046225 -0.06991415
0.011 -0.06475029 -0.01923308 -0.04976123 -0.06442028 -0.062118113 -0.019510359 -0.05287354 -0.07000591
0.0115 -0.06472359 -0.01495639 -0.04838005 -0.06435939 -0.062038578 -0.015329339 -0.051626366 -0.07008453
0.012 -0.06469627 -0.01051498 -0.04694227 -0.06429561 -0.061964035 -0.01098289 -0.050306316 -0.070150875
0.0125 -0.06466776 -0.005912499 -0.04544755 -0.0642288 -0.06189416 -0.006473534 -0.048915155 -0.07020572
0.013 -0.06463613 -0.001147902 -0.04389312 -0.06415797 -0.06182868 -0.0018040091 -0.047454577 -0.07024975
0.0135 -0.06459741 0.003761784 -0.04227407 -0.06408182 -0.061767366 0.0030228347 -0.045926265 -0.07028359
0.014 -0.06455668 0.008802049 -0.04060041 -0.06400236 -0.061710007 0.008004069 -0.04433186 -0.07030779
0.0145 -0.06451604 0.01397232 -0.0388756 -0.0639201 -0.06165644 0.013136782 -0.04267286 -0.07032284
0.015 -0.06447555 0.01927677 -0.03709946 -0.06383517 -0.061606478 0.018418059 -0.040950768 -0.07032919
0.0155 -0.06443463 0.02471991 -0.03527109 -0.06374741 -0.06155996 0.02384498 -0.03916698 -0.07032721
0.016 -0.06439263 0.03030451 -0.03338975 -0.06365667 -0.06151674 0.029414631 -0.037322808 -0.07031725
0.0165 -0.06434906 0.0360312 -0.03145509 -0.06356285 -0.061476655 0.035124168 -0.03541954 -0.07029959
0.017 -0.06430359 0.04189878 -0.02946161 -0.06346584 -0.061439548 0.040970728 -0.033458397 -0.07027449
0.0175 -0.06425593 0.04790833 -0.0273646 -0.06336526 -0.06140526 0.046951517 -0.031440496 -0.07024215
0.018 -0.06420578 0.05405648 -0.0252258 -0.06326101 -0.06137364 0.053063765 -0.029366978 -0.07020275
0.0185 -0.06415325 0.06033617 -0.02306239 -0.06315346 -0.06134451 0.059304684 -0.02723886 -0.07015646
0.019 -0.06409846 0.06674122 -0.02086736 -0.06304267 -0.061317723 0.06567161 -0.025057174 -0.07010339
0.0195 -0.06404147 0.07326653 -0.01863183 -0.06292861 -0.061293103 0.07216182 -0.02282285 -0.070043646
0.02 -0.06398226 0.07990782 -0.01634986 -0.06281128 -0.061270487 0.07877268 -0.020536847 -0.06997731
0.0205 -0.06391738 0.08666142 -0.01401423 -0.06269042 -0.061249696 0.0855016 -0.01820001 -0.06990446
0.021 -0.06384751 0.09352387 -0.01162792 -0.06256587 -0.061230563 0.09234597 -0.01581321 -0.06982516
0.0215 -0.06377685 0.1004915 -0.009196598 -0.06243803 -0.06121291 0.099303275 -0.013377205 -0.069739416
0.022 -0.06370613 0.1075612 -0.006720288 -0.06230702 -0.061196554 0.10637097 -0.010892823 -0.06964729
0.0225 -0.06363482 0.1147299 -0.004197845 -0.06217283 -0.06118133 0.113546625 -0.008360811 -0.06954879
0.023 -0.06356227 0.1219952 -0.001628507 -0.06203546 -0.06116704 0.120827734 -0.0057818517 -0.06944395
0.0235 -0.06348795 0.1293547 0.0009878855 -0.06189489 -0.06115352 0.1282119 -0.0031566843 -0.06933275
0.024 -0.06340533 0.1368066 0.00365665 -0.06174621 -0.06114057 0.13569675 -0.00048596412 -0.069215216
0.0245 -0.06331365 0.1443494 0.006375541 -0.06158894 -0.061128017 0.14327995 0.0022296682 -0.06909133
0.025 -0.06322048 0.1519807 0.009137396 -0.06142852 -0.06111568 0.15095912 0.0049895495 -0.068961106
0.0255 -0.06312859 0.1596984 0.01194044 -0.06126678 -0.061103366 0.15873204 0.0077930763 -0.06882453
0.026 -0.06303794 0.1675002 0.01478466 -0.06110393 -0.061090894 0.16659643 0.01063966 -0.0686816
0.0265 -0.06294761 0.1753842 0.01767023 -0.06093969 -0.06107808 0.17455004 0.013528727 -0.0685323
0.027 -0.0628566 0.1833485 0.02059708 -0.06077373 -0.061064743 0.18259068 0.016459696 -0.06837663
0.0275 -0.06276414 0.1913912 0.02356491 -0.06060572 -0.061050687 0.19071616 0.019431993 -0.068214566
0.028 -0.06266968 0.1995107 0.02657324 -0.06043544 -0.061035737 0.19892429 0.022445075 -0.068046115
0.0285 -0.06257289 0.2077053 0.0296215 -0.06026268 -0.0610197 0.20721306 0.025498435 -0.06787126
0.029 -0.0624736 0.2159733 0.03270907 -0.06008731 -0.061002407 0.2155803 0.028591521 -0.06768997
0.0295 -0.0623717 0.224313 0.0358353 -0.05990922 -0.06098366 0.22402395 0.031723805 -0.06750227
0.03 -0.06226298 0.2327235 0.03900152 -0.05968548 -0.060963277 0.23254193 0.03489483 -0.06730814
0.0305 -0.06213469 0.2412052 0.04221118 -0.05942367 -0.060941085 0.2411323 0.03810405 -0.06710757
0.031 -0.06199992 0.2497553 0.04545725 -0.05917842 -0.060916886 0.24979301 0.041350953 -0.06690054
0.0315 -0.06186761 0.2583711 0.04873676 -0.05895037 -0.060890507 0.2585221 0.044635095 -0.06668706
0.032 -0.06173961 0.2670504 0.05204937 -0.05873474 -0.060861774 0.2673176 0.047955938 -0.06646715
0.0325 -0.06161488 0.2757916 0.05539535 -0.05852728 -0.060830504 0.2761776 0.051313005 -0.06624075
0.033 -0.06149175 0.2845932 0.05877487 -0.05832478 -0.060796514 0.2851001 0.054705866 -0.06600791
0.0335 -0.06136875 0.2934539 0.06218334 -0.05812489 -0.06075962 0.29408336 0.058133937 -0.065768585
0.034 -0.06123666 0.3023704 0.06550821 -0.05792337 -0.060719658 0.30312538 0.061596848 -0.0655228
0.0345 -0.06109269 0.3113388 0.06885667 -0.05771811 -0.060676433 0.31222433 0.06509406 -0.06527056
0.035 -0.0609466 0.3203594 0.07228597 -0.05751101 -0.060629796 0.3213784 0.06862513 -0.06501186
0.0355 -0.06080256 0.3294334 0.07579358 -0.05730269 -0.060579553 0.33058584 0.07218958 -0.06474669
0.036 -0.06066092 0.3385612 0.07936478 -0.05709293 -0.060525555 0.33984476 0.075786926 -0.064475074
0.0365 -0.06052066 0.3477427 0.08298604 -0.05688136 -0.0604676 0.3491534 0.0794167 -0.06419699
0.037 -0.06038057 0.3569771 0.08664753 -0.05666763 -0.060405534 0.35851002 0.08307842 -0.063912466
0.0375 -0.06023967 0.3662632 0.09034283 -0.05645145 -0.06033918 0.3679129 0.086771615 -0.06362147
0.038 -0.06009726 0.3755996 0.09406794 -0.05623262 -0.060268223 0.37734747 0.09049279 -0.06332704
0.0385 -0.0599529 0.3849852 0.09782048 -0.05601102 -0.060192518 0.38684547 0.09425143 -0.063024916
0.039 -0.05980632 0.3944184 0.1015991 -0.05578654 -0.06011178 0.39639336 0.09804232 -0.06271516
0.0395 -0.05965735 0.4038981 0.1054029 -0.05555916 -0.06002595 0.40598452 0.1018633 -0.062398102
0.04 -0.05950594 0.4134229 0.1092316 -0.05532883 -0.05993497 0.4156149 0.105713435 -0.062074088
0.0405 -0.05935206 0.4229916 0.1130849 -0.05509557 -0.05983875 0.425282 0.10959209 -0.061743334
0.041 -0.0591957 0.432603 0.1169627 -0.05485938 -0.05973721 0.4349835 0.113498814 -0.061406035
0.0415 -0.05903688 0.4422563 0.1208647 -0.0546203 -0.059630185 0.44471765 0.11743314 -0.061062276
0.042 -0.05887563 0.4519501 0.1247909 -0.05437835 -0.059517525 0.45448267 0.12139463 -0.06071214
0.0425 -0.05871196 0.4616837 0.1287411 -0.05413357 -0.059399065 0.4642769 0.12538278 -0.060355656
0.043 -0.0585459 0.4714561 0.1327152 -0.053886 -0.05927465 0.47409868 0.12939712 -0.059992842
0.0435 -0.05837748 0.4812663 0.1367129 -0.05363567 -0.059144117 0.48394644 0.13343719 -0.05962372
0.044 -0.05820672 0.4911135 0.140734 -0.05338264 -0.059007306 0.4938187 0.13750243 -0.0592483
0.0445 -0.05803364 0.5009969 0.1447782 -0.05312694 -0.05886405 0.5037138 0.14159235 -0.05886657
0.045 -0.05785833 0.5109156 0.1488453 -0.05286861 -0.058714204 0.5136303 0.14570647 -0.058478557
0.0455 -0.05768083 0.5208689 0.152935 -0.0526077 -0.05855762 0.5235666 0.14984429 -0.05808425
0.046 -0.05750111 0.530856 0.1570469 -0.05234423 -0.058394156 0.53352123 0.15400523 -0.05768364
0.0465 -0.05731912 0.540876 0.1611808 -0.05207826 -0.05822366 0.5434928 0.15818885 -0.05727674
0.047 -0.05713472 0.5509283 0.1653361 -0.05180951 -0.058046013 0.5534798 0.16239458 -0.056863558
0.0475 -0.05694783 0.5610123 0.1695128 -0.05153798 -0.057861064 0.56348073 0.16662192 -0.05644409
0.048 -0.05675856 0.5711272 0.1737104 -0.05126393 -0.057668705 0.5734942 0.17087036 -0.056018338
0.0485 -0.05656705 0.5812723 0.1779289 -0.05098755 -0.057468772 0.5835188 0.17513937 -0.055586282
0.049 -0.05637338 0.5914469 0.1821677 -0.05070891 -0.057261176 0.5935531 0.17942846 -0.05514797
0.0495 -0.05617761 0.6016505 0.1864266 -0.05042805 -0.057045773 0.60359573 0.18373707 -0.054703366
0.05 -0.05597974 0.6118824 0.1907053 -0.05014498 -0.056821644 0.6136732 0.18807569 -0.05424449
0.0505 -0.05577984 0.622055 0.1950023 -0.04986056 -0.05658369 0.62399244 0.19252875 -0.053703174
0.051 -0.05557832 0.6319842 0.1993105 -0.04957747 -0.05634766 0.634147 0.19697684 -0.053122662
0.0515 -0.05537548 0.6416062 0.2036233 -0.04929585 -0.056121394 0.6439899 0.2013945 -0.05253019
0.052 -0.05517136 0.6508889 0.2079366 -0.04901571 -0.05590774 0.65346694 0.20578244 -0.051942278
0.0525 -0.05496602 0.659815 0.2122476 -0.04873721 -0.0557065 0.6625583 0.21014681 -0.051368386
0.053 -0.05475948 0.668375 0.2165543 -0.04846056 -0.05551593 0.67125803 0.21449345 -0.050813563
0.0535 -0.05455182 0.6765639 0.220855 -0.04818598 -0.055333614 0.6795667 0.21882683 -0.050280236
0.054 -0.05434312 0.6843792 0.2250937 -0.04791381 -0.05515703 0.68748736 0.2231499 -0.049769267
0.0545 -0.05413538 0.6918008 0.2287842 -0.04765216 -0.054983817 0.695025 0.22746429 -0.049280576
0.055 -0.05393 0.6988223 0.2325043 -0.04739544 -0.05481187 0.70218545 0.23177135 -0.048813622
0.0555 -0.05372433 0.7054622 0.2364609 -0.04713937 -0.054639455 0.70897484 0.23607132 -0.04836756
0.056 -0.0535168 0.7117384 0.2406151 -0.04688397 -0.054465134 0.71539974 0.24036431 -0.047941424
0.0565 -0.05330709 0.7176638 0.2448894 -0.04662981 -0.054287802 0.72146696 0.24465024 -0.04753424
0.057 -0.05309551 0.7232471 0.2492209 -0.04637746 -0.054106597 0.72718316 0.2489287 -0.04714504
0.0575 -0.05288249 0.7284946 0.2535683 -0.04612735 -0.05392088 0.7325552 0.25319928 -0.04677286
0.058 -0.05266846 0.7334114 0.2579073 -0.04587987 -0.05373022 0.7375898 0.2574615 -0.046416797
0.0585 -0.05245374 0.7380025 0.2622249 -0.04563531 -0.05353437 0.7422937 0.2617147 -0.046076085
0.059 -0.05223858 0.7422729 0.2665151 -0.04539391 -0.053333152 0.7466735 0.26595855 -0.045749918
0.0595 -0.05202316 0.7462278 0.2707756 -0.04515587 -0.053126536 0.7507358 0.27019244 -0.045437586
0.06 -0.0518076 0.7498728 0.2750065 -0.04492134 -0.052914545 0.75448716 0.27441585 -0.045138452
0.0605 -0.05159201 0.7532139 0.2792088 -0.04469044 -0.05269728 0.75793386 0.27862835 -0.044851888
0.061 -0.05137647 0.7562573 0.2833839 -0.04446329 -0.05247488 0.7610821 0.28282946 -0.044577315
0.0615 -0.05116104 0.7590095 0.2875332 -0.04423997 -0.052247543 0.76393825 0.28701884 -0.044314258
0.062 -0.05094579 0.7614768 0.2916584 -0.04402054 -0.05201547 0.7665084 0.29119608 -0.04406223
0.0625 -0.05073011 0.7636656 0.2957596 -0.04380832 -0.05177886 0.76879835 0.29536068 -0.043820743
0.063 -0.05051382 0.7655819 0.2998376 -0.04360023 -0.051538005 0.7708142 0.29951257 -0.043589428
0.0635 -0.0502978 0.7672328 0.3038946 -0.0433947 -0.051293112 0.7725616 0.30365127 -0.04336787
0.064 -0.0500822 0.7686255 0.3079312 -0.04319483 -0.05104444 0.7740464 0.3077765 -0.043155685
0.0645 -0.0498666 0.7697662 0.311947 -0.04299985 -0.05079221 0.7752743 0.31188807 -0.042952538
0.065 -0.04965167 0.7706613 0.3159436 -0.04280708 -0.05053672 0.7762505 0.31598562 -0.042758092
0.0655 -0.04943793 0.7713173 0.3199219 -0.04261719 -0.05027814 0.7769807 0.32006896 -0.042572044
0.066 -0.04922548 0.7717405 0.3238821 -0.04243068 -0.050016746 0.77747023 0.32413787 -0.04239408
0.0665 -0.0490142 0.7719371 0.3278242 -0.04224782 -0.049752742 0.7777243 0.32819217 -0.042223927
0.067 -0.04880394 0.771913 0.3317483 -0.04206877 -0.049486373 0.7777482 0.33223152 -0.042061295
0.0675 -0.0485946 0.7716739 0.3356543 -0.04189363 -0.049217816 0.77754694 0.33625594 -0.04190593
0.068 -0.04838612 0.7712255 0.3395424 -0.04172248 -0.048947316 0.7771256 0.3402651 -0.041757572
0.0685 -0.04817849 0.7705732 0.3434126 -0.04155535 -0.048675038 0.77648914 0.34425873 -0.041615993
0.069 -0.04797172 0.7697223 0.347265 -0.04139227 -0.048401177 0.77564245 0.34823686 -0.04148093
0.0695 -0.04776585 0.768678 0.3510996 -0.04123328 -0.0481259 0.7745904 0.35219914 -0.041352153
0.07 -0.04756092 0.7674453 0.3549165 -0.04107836 -0.047849394 0.77333766 0.35614553 -0.04122946
0.0705 -0.04735698 0.766029 0.3587157 -0.04092823 -0.047571838 0.771889 0.36007574 -0.041112587
0.071 -0.04715485 0.764433 0.3624957 -0.04078833 -0.047293346 0.7702489 0.3639896 -0.04100137
0.0715 -0.0469544 0.7626618 0.3662569 -0.0406524 -0.047014102 0.76842207 0.3678869 -0.040895537
0.072 -0.04675484 0.7607206 0.3700011 -0.04051858 -0.046734244 0.76641285 0.37176758 -0.040794894
0.0725 -0.04655599 0.7586141 0.3737287 -0.04038717 -0.046453893 0.7642259 0.37563148 -0.04069924
0.073 -0.04635795 0.7563468 0.3774398 -0.04025856 -0.046173204 0.76186544 0.37947834 -0.04060837
0.0735 -0.04616089 0.7539231 0.3811342 -0.04013305 -0.04589229 0.7593357 0.38330787 -0.0405221
0.074 -0.04596493 0.7513468 0.3848117 -0.04001087 -0.045611273 0.7566411 0.38712013 -0.040440198
0.0745 -0.0457702 0.7486221 0.3884725 -0.03989216 -0.04533028 0.7537858 0.39091486 -0.040362462
0.075 -0.04557676 0.7457525 0.3921164 -0.03977704 -0.045049407 0.75077385 0.39469182 -0.04028875
0.0755 -0.04538469 0.7427419 0.3957436 -0.03966556 -0.04476877 0.74760944 0.39845088 -0.040218815
0.076 -0.04519403 0.7395937 0.399354 -0.03955779 -0.044488456 0.7442966 0.40219182 -0.040152486
0.0765 -0.0450048 0.7363115 0.4029479 -0.03945374 -0.044208594 0.7408393 0.40591455 -0.040089563
0.077 -0.04481705 0.7328987 0.4065253 -0.03935342 -0.043929245 0.7372415 0.4096188 -0.04002987
0.0775 -0.0446308 0.7293585 0.4100862 -0.03925684 -0.043650523 0.733507 0.4133044 -0.0399732
0.078 -0.04444607 0.7256941 0.4136309 -0.03916399 -0.043372504 0.72963965 0.4169712 -0.039919395
0.0785 -0.04426289 0.7219088 0.4171594 -0.03907484 -0.043095287 0.7256434 0.420619 -0.039868247
0.079 -0.04408127 0.7180055 0.4206718 -0.03898939 -0.042818956 0.72152174 0.42424774 -0.039819606
0.0795 -0.04390124 0.7139872 0.4241682 -0.03890761 -0.04254357 0.7172784 0.4278571 -0.03977326
0.08 -0.04372281 0.7098568 0.4276488 -0.03882947 -0.042269234 0.7129171 0.43144697 -0.03972904
0.0805 -0.04354601 0.7056171 0.4311138 -0.03875495 -0.041996002 0.7084414 0.43501717 -0.03968677
0.081 -0.04337084 0.7012709 0.4345631 -0.03868402 -0.04172396 0.70385474 0.4385674 -0.039646275
0.0815 -0.04319733 0.6968208 0.437997 -0.03861664 -0.041453164 0.69916064 0.44209766 -0.039607387
0.082 -0.04302549 0.6922694 0.4414155 -0.03855279 -0.041183718 0.69436276 0.44560778 -0.03956994
0.0825 -0.04285534 0.6876193 0.4448189 -0.03849243 -0.040915668 0.6894641 0.4490974 -0.03953375
0.083 -0.04268689 0.6828729 0.4482072 -0.03843553 -0.04064907 0.6844683 0.4525665 -0.039498672
0.0835 -0.04252016 0.6780326 0.4515805 -0.03838207 -0.04038398 0.6793784 0.45601493 -0.039464526
0.084 -0.04235515 0.6731008 0.454939 -0.038332 -0.04012049 0.67419785 0.45944256 -0.03943115
0.0845 -0.04219189 0.6680797 0.4582829 -0.03828529 -0.039858654 0.6689297 0.46284914 -0.039398406
0.085 -0.04203038 0.6629715 0.4616122 -0.03824192 -0.039598525 0.66357726 0.46623456 -0.039366145
0.0855 -0.04187063 0.6577784 0.4649272 -0.03820185 -0.039340183 0.6581434 0.4695986 -0.039334167
0.086 -0.04171266 0.6525025 0.4682278 -0.03816504 -0.03908363 0.6526313 0.47294122 -0.03930237
0.0865 -0.04155647 0.6471458 0.4715144 -0.03813147 -0.03882897 0.6470439 0.4762622 -0.03927057
0.087 -0.04140207 0.6417103 0.4747869 -0.0381011 -0.038576253 0.6413842 0.47956157 -0.039238643
0.0875 -0.04124948 0.6361979 0.4780456 -0.03807389 -0.03832552 0.63565516 0.48283887 -0.03920645
0.088 -0.04109869 0.6306106 0.4812906 -0.03804983 -0.038076833 0.6298593 0.48609424 -0.039173853
0.0885 -0.04094972 0.6249502 0.484522 -0.03802887 -0.03783023 0.6239998 0.48932755 -0.039140698
0.089 -0.04080257 0.6192184 0.48774 -0.03801099 -0.03758578 0.6180792 0.4925385 -0.039106894
0.0895 -0.04065725 0.613417 0.4909447 -0.03799615 -0.037343502 0.61210024 0.49572712 -0.039072268
0.09 -0.04051376 0.6075476 0.4941362 -0.03798432 -0.03710349 0.6060657 0.49889338 -0.039036736
0.0905 -0.04037211 0.6016121 0.4973148 -0.03797547 -0.036865737 0.59997797 0.502037 -0.039000146
0.091 -0.0402323 0.5956118 0.5004804 -0.03796958 -0.03663034 0.59383976 0.5051579 -0.03896239
0.0915 -0.04009433 0.5895485 0.5036333 -0.0379666 -0.036397316 0.5876536 0.5082561 -0.03892338
0.092 -0.0399582 0.5834237 0.5067736 -0.03796649 -0.03616672 0.5814218 0.51133144 -0.038882967
0.0925 -0.03982381 0.5772388 0.5099014 -0.03796914 -0.0359386 0.57514685 0.5143839 -0.038841072
0.093 -0.03969117 0.5709952 0.513017 -0.03797451 -0.035712972 0.5688311 0.51741326 -0.038797606
0.0935 -0.03956033 0.5646945 0.5161204 -0.03798265 -0.03548993 0.56247693 0.5204197 -0.038752444
0.094 -0.03943435 0.5583202 0.5184204 -0.03799274 -0.035269465 0.55608654 0.5234029 -0.03870551
0.0945 -0.03931716 0.551842 0.5204403 -0.03800431 -0.035051662 0.5496622 0.526363 -0.038656734
0.095 -0.03920241 0.5452818 0.5228571 -0.03801862 -0.034836538 0.5432059 0.52929986 -0.03860598
0.0955 -0.03908668 0.5386659 0.5256651 -0.0380361 -0.03462411 0.53672004 0.53221345 -0.0385532
0.096 -0.03896948 0.5320111 0.5287283 -0.03805677 -0.03441447 0.5302065 0.5351037 -0.03849835
0.0965 -0.03885149 0.5253257 0.531925 -0.03808054 -0.03420762 0.52366745 0.5379706 -0.038441304
0.097 -0.03873363 0.5186123 0.5351733 -0.03810726 -0.034003615 0.5171047 0.5408141 -0.038382024
0.0975 -0.03861665 0.5118702 0.5384248 -0.03813683 -0.0338025 0.5105203 0.5436343 -0.038320452
0.098 -0.03850107 0.5050977 0.5416539 -0.03816914 -0.033604298 0.50391614 0.54643106 -0.038256496
0.0985 -0.03838722 0.4982926 0.5448489 -0.03820412 -0.03340904 0.49729407 0.5492044 -0.038190134
0.099 -0.03827527 0.4914529 0.5480062 -0.03824167 -0.03321677 0.49065578 0.5519544 -0.03812129
0.0995 -0.03816523 0.4845768 0.5511264 -0.03828159 -0.03302754 0.48400307 0.55468094 -0.038049966
0.1 -0.03805709 0.4776633 0.5542118 -0.03832381 -0.027162103 0.47512555 0.5500777 -0.034349326
0.1005 -0.02807899 0.470492 0.5451039 -0.03335732 -0.021695435 0.4667114 0.5451031 -0.030847365
0.101 -0.01599487 0.462968 0.5351533 -0.02826644 -0.016612358 0.45857942 0.53979254 -0.02751232
0.1015 -0.008035921 0.4553442 0.5269144 -0.02427336 -0.011875372 0.45065022 0.5341868 -0.024301402
0.102 -0.002838528 0.4477747 0.5197809 -0.020699 -0.007442195 0.4428978 0.5283282 -0.021176679
0.1025 0.0009666967 0.4403516 0.5132033 -0.01728971 -0.0032726116 0.4353236 0.5222585 -0.018109124
0.103 0.004103828 0.4331289 0.5068544 -0.01397533 0.00066866353 0.4279412 0.5160166 -0.0150783695
0.1035 0.006920867 0.426139 0.5005742 -0.01073183 0.004411947 0.42076957 0.50963736 -0.012070989
0.104 0.00956926 0.4194027 0.4942949 -0.007554741 0.007982682 0.4138279 0.5031515 -0.009078747
0.1045 0.01212796 0.4129343 0.4879953 -0.004431097 0.011402186 0.40713418 0.49658597 -0.006097194
0.105 0.01463625 0.4067443 0.4816739 -0.001355043 0.0146882795 0.40070397 0.48996395 -0.0031242482
0.1055 0.01710034 0.4008401 0.4753349 0.001675829 0.017855857 0.3945499 0.48330545 -0.00015978888
0.106 0.0195185 0.3952262 0.468971 0.004659455 0.02091739 0.3886823 0.47662777 0.0027954243
0.1065 0.02190766 0.3899051 0.4626026 0.007598297 0.023883369 0.38310897 0.4699459 0.0057398863
0.107 0.02427839 0.384879 0.4562487 0.01049523 0.026762638 0.37783527 0.46327275 0.008671675
0.1075 0.02663079 0.3801486 0.4499173 0.01335193 0.02956273 0.37286496 0.4566195 0.01158889
0.108 0.02896208 0.3757139 0.4436135 0.01616969 0.032289978 0.36820012 0.44999582 0.014489453
0.1085 0.03126967 0.3715735 0.4373416 0.01894965 0.034949888 0.3638414 0.44341028 0.017371502
0.109 0.03355184 0.3677254 0.431106 0.02169294 0.037547145 0.35978848 0.43687034 0.020233266
0.1095 0.03580772 0.3638039 0.4249081 0.02439991 0.040085796 0.35603994 0.43038243 0.0230732
0.11 0.03803637 0.3592317 0.4187236 0.02706846 0.042569403 0.35259372 0.4239521 0.025889896
0.1105 0.04023801 0.3548099 0.4125618 0.02970389 0.045001063 0.34944695 0.41758436 0.028682258
0.111 0.04241361 0.3508904 0.4064462 0.03230823 0.047383476 0.34659648 0.41128355 0.031449284
0.1115 0.04456066 0.347585 0.4003941 0.03487898 0.04971907 0.3440386 0.40505344 0.03419022
0.112 0.04666712 0.3448896 0.3944127 0.0374101 0.052010003 0.34176928 0.3988973 0.03690445
0.1125 0.04874479 0.3427526 0.3885084 0.03991182 0.05425823 0.33978415 0.39281797 0.039591584
0.113 0.05080421 0.3411069 0.3826852 0.04238834 0.056465406 0.33807868 0.386818 0.042251345
0.1135 0.0528479 0.3398858 0.3769441 0.04484065 0.058633234 0.33664817 0.3808993 0.044883627
0.114 0.05487324 0.3390308 0.3712831 0.04726832 0.060763102 0.3354879 0.37506396 0.04748835
0.1145 0.05685422 0.3384935 0.3656829 0.04966044 0.06285635 0.33459288 0.36931336 0.050065618
0.115 0.05880221 0.3382347 0.3601579 0.05201545 0.06491421 0.3339581 0.36364877 0.052615654
0.1155 0.06073652 0.3382257 0.3547204 0.05434649 0.06693788 0.3335786 0.35807133 0.055138674
0.116 0.06266305 0.3384459 0.349373 0.05666068 0.068928406 0.33344918 0.35258183 0.05763505
0.1165 0.06458047 0.3388796 0.3441141 0.05895914 0.07088679 0.33356488 0.34718102 0.060105164
0.117 0.0664855 0.3395155 0.3389417 0.06124159 0.072814 0.33392066 0.34186938 0.06254941
0.1175 0.06837518 0.3403448 0.333854 0.06350759 0.074710965 0.3345114 0.33664736 0.06496832
0.118 0.0702475 0.3413611 0.3288504 0.06575684 0.07657851 0.3353322 0.33151516 0.06736243
0.1185 0.07210134 0.3425594 0.3239305 0.06798924 0.078417465 0.33637798 0.3264729 0.069732204
0.119 0.07393629 0.3439359 0.3190944 0.07020486 0.08022864 0.33764392 0.3215207 0.07207824
0.1195 0.07575225 0.3454875 0.3143421 0.07240384 0.08201282 0.33912504 0.3166583 0.074401155
0.12 0.07754918 0.3472115 0.3096741 0.07458617 0.08377066 0.34081656 0.31188583 0.07670146
0.1205 0.07932717 0.3491054 0.3050904 0.07675201 0.08550288 0.3427137 0.30720288 0.07897973
0.121 0.08108667 0.3511672 0.3005914 0.07890182 0.08721018 0.34481186 0.30260915 0.08123663
0.1215 0.08282822 0.3533948 0.2961773 0.08103605 0.08889325 0.34710628 0.29810447 0.083472714
0.122 0.08455235 0.3557865 0.2918482 0.08315514 0.09055264 0.34959245 0.29368827 0.08568855
0.1225 0.08625951 0.3583402 0.2876042 0.08525948 0.092189044 0.35226595 0.28936023 0.087884754
0.123 0.08795013 0.3610539 0.2834451 0.0873495 0.09380303 0.3551222 0.28511974 0.09006187
0.1235 0.0896246 0.3639254 0.279371 0.08942559 0.09539516 0.35815704 0.28096643 0.09222047
0.124 0.09128331 0.3669524 0.2753816 0.09148817 0.09696607 0.36136603 0.2768997 0.09436111
0.1245 0.09292659 0.3701327 0.2714766 0.09353762 0.09851624 0.36474496 0.27291888 0.0964843
0.125 0.0945548 0.3734639 0.2676557 0.09557432 0.10004628 0.3682899 0.2690235 0.09859061
0.1255 0.09616825 0.3769434 0.2639186 0.09759866 0.10155663 0.37199664 0.26521298 0.100680545
0.126 0.09776726 0.3805689 0.2602648 0.099611 0.10304794 0.37586117 0.2614865 0.10275458
0.1265 0.09935214 0.3843376 0.2566939 0.1016117 0.10452053 0.37987965 0.25784355 0.10481322
0.127 0.1009232 0.3882471 0.2532053 0.1036011 0.10597503 0.38404816 0.2542835 0.10685693
0.1275 0.1024806 0.3922948 0.2497985 0.1055753 0.10741183 0.388363 0.25080553 0.10888614
0.128 0.1040247 0.3964781 0.2464729 0.1075313 0.10883151 0.39282048 0.2474091 0.110901296
0.1285 0.1055554 0.4007942 0.2432278 0.1094786 0.11023438 0.39741683 0.24409351 0.112902835
0.129 0.1070733 0.4052408 0.2400626 0.1114187 0.11162101 0.4021486 0.24085802 0.11489116
0.1295 0.1085786 0.409815 0.2369766 0.1132728 0.112991795 0.40701228 0.23770192 0.11686668
0.13 0.1100715 0.4145145 0.2339691 0.1150595 0.114347085 0.41200435 0.2346246 0.11882971
0.1305 0.1115524 0.4193366 0.2310392 0.1168756 0.115687415 0.41712153 0.23162529 0.12078072
0.131 0.1130099 0.424278 0.228185 0.1187069 0.11701314 0.42236048 0.22870335 0.12271997
0.1315 0.1144385 0.429336 0.2254034 0.1205437 0.11832467 0.42771792 0.22585806 0.12464784
0.132 0.1158559 0.4345086 0.2226965 0.1223932 0.11962238 0.4331907 0.22308874 0.12656464
0.1325 0.1172714 0.4397938 0.2200656 0.1242545 0.120906666 0.43877566 0.22039467 0.12847064
0.133 0.1186857 0.4451896 0.2175102 0.1261231 0.12217787 0.44446963 0.21777517 0.13036615
0.1335 0.1200964 0.4506936 0.2150291 0.127986 0.123436406 0.45026982 0.21522957 0.13225152
0.134 0.1215008 0.4563037 0.2126209 0.1298439 0.124682605 0.456173 0.21275723 0.13412693
0.1345 0.1228972 0.4620175 0.2102844 0.1317005 0.1259168 0.46217638 0.21035737 0.13599266
0.135 0.1242849 0.4678328 0.2080187 0.1335553 0.12713934 0.46827722 0.20802939 0.13784897
0.1355 0.1256631 0.4737472 0.2058227 0.1353304 0.12835057 0.4744724 0.20577264 0.13969609
0.136 0.1270318 0.4797579 0.2036953 0.1370116 0.1295508 0.48075944 0.2035864 0.14153422
0.1365 0.1283908 0.4858632 0.2016358 0.1387314 0.13074043 0.48713553 0.20147005 0.14336362
0.137 0.1297405 0.4920616 0.1996432 0.140491 0.13191964 0.49359787 0.1994229 0.14518447
0.1375 0.1310738 0.4983513 0.1977162 0.1421401 0.13308878 0.50014406 0.19744432 0.1469969
0.138 0.13238 0.5047301 0.1958525 0.1437707 0.13424818 0.5067714 0.1955337 0.14880115
0.1385 0.1336758 0.5111962 0.1940523 0.1454621 0.13539807 0.5134774 0.1936903 0.15059738
0.139 0.1349715 0.5177475 0.1923164 0.1472051 0.13653882 0.5202595 0.19191363 0.15238582
0.1395 0.1362683 0.5243822 0.190644 0.1489843 0.13767062 0.5271152 0.19020295 0.15416643
0.14 0.1375636 0.5310984 0.1890342 0.1507743 0.13879383 0.53404224 0.18855765 0.15593958
0.1405 0.1388533 0.5378942 0.1874857 0.1525756 0.13990861 0.5410383 0.18697718 0.15770523
0.141 0.1401317 0.5447678 0.1859975 0.1543884 0.1410153 0.5481007 0.18546087 0.15946367
0.1415 0.1414014 0.5517177 0.1845683 0.1562083 0.14211416 0.5552275 0.18400809 0.16121492
0.142 0.1426646 0.558742 0.1831974 0.1580319 0.14320537 0.56241626 0.18261838 0.1629591
0.1425 0.1439224 0.5658395 0.181884 0.1598562 0.14428918 0.5696648 0.18129098 0.16469634
0.143 0.145175 0.5730084 0.1806272 0.1616793 0.14536588 0.5769709 0.18002528 0.16642673
0.1435 0.1464214 0.5802473 0.1794263 0.1634993 0.14643568 0.58433247 0.17882085 0.1681504
0.144 0.1476576 0.5875546 0.1782804 0.1653147 0.14749877 0.5917473 0.17767698 0.1698674
0.1445 0.1488866 0.594929 0.1771885 0.1671245 0.14855537 0.5992134 0.17659315 0.17157783
0.145 0.1501109 0.6023689 0.17615 0.1689287 0.14960574 0.6067286 0.17556882 0.17328177
0.1455 0.151331 0.6098729 0.1751639 0.1707269 0.15065005 0.614291 0.17460328 0.17497928
0.146 0.1525471 0.6174396 0.1742294 0.1725189 0.15168855 0.62189853 0.17369613 0.17667045
0.1465 0.1537589 0.6250677 0.1733459 0.1743046 0.15272135 0.6295492 0.1728467 0.17835534
0.147 0.1549661 0.6327558 0.1725124 0.176084 0.15374872 0.6372411 0.17205447 0.18003401
0.1475 0.1561687 0.6405026 0.1717282 0.1778574 0.15477087 0.6449724 0.17131889 0.18170652
0.148 0.1573665 0.6483069 0.1709925 0.1796248 0.15578789 0.6527411 0.1706394 0.18337293
0.1485 0.1585592 0.6561674 0.1703044 0.1813861 0.15680003 0.6605454 0.1700154 0.1850332
0.149 0.1597461 0.6640828 0.1696631 0.1831403 0.1578074 0.6683835 0.16944641 0.18668747
0.1495 0.1609098 0.6720501 0.1690655 0.184867 0.15881024 0.67625356 0.16893193 0.18833578
0.15 0.1620476 0.6800686 0.1685094 0.1865712 0.15981466 0.68415904 0.16848034 0.18998434
0.1505 0.1631629 0.6880509 0.1679946 0.1882597 0.16087247 0.69212145 0.16816413 0.1916874
0.151 0.1642785 0.695813 0.1675165 0.1899464 0.16196698 0.69991344 0.16789833 0.1934183
0.1515 0.1654071 0.7032908 0.16707 0.1916358 0.16309027 0.70744175 0.16765979 0.1951697
0.152 0.1665488 0.7104518 0.1666196 0.1933223 0.1642327 0.7146481 0.16743335 0.19692893
0.1525 0.1676972 0.717268 0.1658922 0.1950063 0.16538711 0.72150606 0.1672135 0.19868706
0.153 0.1688277 0.7237236 0.1652132 0.1966652 0.16654834 0.72800434 0.16699794 0.20043816
0.1535 0.1699423 0.7298219 0.1646902 0.1983106 0.16771302 0.7341404 0.16678596 0.20217854
0.154 0.171058 0.7355681 0.1642987 0.1999573 0.1688787 0.7399155 0.16657686 0.20390604
0.1545 0.1721806 0.7409665 0.1639931 0.2016072 0.17004386 0.74533355 0.16636997 0.20561962
0.155 0.1733069 0.7460181 0.1637356 0.203244 0.17120759 0.7503997 0.16616458 0.20731889
0.1555 0.1744316 0.7507262 0.1635012 0.2048714 0.17236924 0.75511956 0.16595978 0.20900388
0.156 0.175554 0.7550946 0.1632775 0.2064996 0.17352843 0.75949925 0.16575482 0.21067505
0.1565 0.176674 0.7591269 0.163058 0.20813 0.17468499 0.76354516 0.16554886 0.21233268
0.157 0.1777911 0.7628255 0.1628389 0.2097611 0.1758388 0.76726365 0.16534102 0.21397749
0.1575 0.1789044 0.7661964 0.1626186 0.2113911 0.17698981 0.770661 0.16513065 0.21561004
0.158 0.1800133 0.7692457 0.1623963 0.2130184 0.17813812 0.7737436 0.16491717 0.2172309
0.1585 0.1811172 0.7719792 0.1621722 0.2146417 0.17928368 0.77651775 0.1646998 0.21884058
0.159 0.1822161 0.7744032 0.1619463 0.21626 0.18042651 0.7789895 0.16447812 0.22043978
0.1595 0.1833097 0.7765237 0.1617189 0.2178727 0.1815667 0.7811649 0.16425166 0.22202887
0.16 0.184398 0.7783471 0.1614904 0.219479 0.18270425 0.78305 0.16402003 0.22360848
0.1605 0.1854792 0.7798799 0.1612607 0.2210752 0.18383925 0.78465056 0.1637829 0.22517882
0.161 0.1865323 0.7811285 0.1610264 0.2226358 0.18497168 0.78597254 0.16353989 0.22674043
0.1615 0.1875668 0.7820991 0.1607877 0.2241793 0.18610154 0.7870214 0.16329092 0.2282937
0.162 0.188602 0.7827984 0.1605485 0.2257214 0.1872289 0.78780276 0.16303566 0.22983886
0.1625 0.189644 0.7832331 0.1603103 0.2272649 0.18835373 0.7883222 0.16277397 0.23137628
0.163 0.1906919 0.78341 0.1600727 0.2288089 0.18947597 0.78858507 0.16250584 0.23290612
0.1635 0.1917417 0.7833325 0.1598343 0.2303374 0.19059561 0.78859675 0.16223106 0.23442869
0.164 0.19264 0.7830059 0.1595917 0.2318414 0.19171266 0.7883622 0.16194957 0.23594429
0.1645 0.193423 0.7824398 0.1593455 0.2333403 0.19282706 0.78788674 0.16166142 0.23745288
0.165 0.1942851 0.7816418 0.1590973 0.2348412 0.19393875 0.78717536 0.16136646 0.23895471
0.1655 0.1952441 0.780619 0.1588481 0.2363445 0.19504769 0.78623325 0.16106474 0.24044995
0.166 0.1962721 0.7793773 0.1585976 0.2378487 0.1961538 0.78506494 0.16075635 0.2419387
0.1665 0.1973389 0.7779225 0.1583452 0.2393523 0.19725706 0.78367555 0.16044119 0.24342112
0.167 0.1984218 0.7762599 0.1580903 0.2408537 0.1983573 0.7820696 0.16011941 0.24489717
0.1675 0.1994967 0.7743947 0.1578161 0.242344 0.19945447 0.780252 0.159791 0.246367
0.168 0.2005396 0.77233 0.1575048 0.2438082 0.20054851 0.7782272 0.15945607 0.24783061
0.1685 0.2015716 0.7700708 0.1571961 0.2452648 0.20163928 0.7759997 0.15911463 0.24928813
0.169 0.202603 0.7676231 0.1569006 0.2467221 0.20272677 0.7735742 0.15876675 0.25073949
0.1695 0.2036344 0.7649927 0.1566154 0.2481807 0.20381074 0.770955 0.15841264 0.25218484
0.17 0.2046635 0.7621848 0.1563348 0.2496394 0.20489119 0.7681465 0.15805224 0.25362408
0.1705 0.205688 0.7592043 0.1560544 0.2510965 0.20596795 0.765153 0.1576857 0.25505725
0.171 0.2067064 0.7560557 0.155771 0.2525509 0.20704095 0.7619786 0.15731314 0.25648436
0.1715 0.2077168 0.7527434 0.1554827 0.2540011 0.20810999 0.7586279 0.15693468 0.25790536
0.172 0.2087188 0.7492715 0.1551885 0.2554463 0.20917504 0.75510466 0.1565504 0.2593203
0.1725 0.2097133 0.745644 0.1548878 0.2568864 0.21023594 0.75141305 0.15616041 0.2607291
0.173 0.2107012 0.7418648 0.1545802 0.2583216 0.21129249 0.7475573 0.15576491 0.26213178
0.1735 0.2116832 0.7379378 0.1542658 0.2597515 0.21234466 0.74354106 0.15536389 0.26352823
0.174 0.2126597 0.7338668 0.1539444 0.2611757 0.21339224 0.73936856 0.1549575 0.26491854
0.1745 0.2136308 0.7296555 0.153616 0.2625934 0.21443515 0.73504347 0.15454605 0.26630247
0.175 0.2145966 0.7253074 0.1532806 0.2640047 0.21547322 0.73056984 0.15412945 0.2676801
0.1755 0.2155573 0.7208261 0.1529381 0.2654102 0.21650629 0.72595143 0.15370792 0.26905143
0.176 0.2165134 0.7162149 0.1525887 0.2668098 0.21753429 0.72119176 0.1532816 0.27041635
0.1765 0.2174648 0.7114772 0.1522321 0.2682036 0.21855702 0.71629477 0.15285066 0.27177477
0.177 0.2184118 0.7066163 0.1518685 0.2695916 0.21957432 0.711264 0.15241516 0.27312666
0.1775 0.2193546 0.7016352 0.1514978 0.270974 0.22058605 0.706103 0.15197533 0.27447194
0.178 0.2202933 0.6965371 0.15112 0.2723507 0.22159211 0.70081544 0.15153131 0.27581057
0.1785 0.221228 0.691325 0.150735 0.273722 0.22259234 0.6954049 0.15108317 0.2771425
0.179 0.2221588 0.6860017 0.1503429 0.2750877 0.22358657 0.68987465 0.15063113 0.2784676
0.1795 0.2230856 0.6805702 0.1499434 0.2764479 0.22457467 0.6842282 0.15017536 0.27978587
0.18 0.2240085 0.6750331 0.1495367 0.2778028 0.22555651 0.67846894 0.14971596 0.2810972
0.1805 0.2249276 0.6693931 0.1491226 0.2791522 0.22653191 0.67260027 0.14925316 0.28240156
0.181 0.2258428 0.6636529 0.1487012 0.2804964 0.22750072 0.6666254 0.14878705 0.2836989
0.1815 0.2267542 0.657815 0.1482724 0.2818353 0.22846283 0.6605475 0.14831784 0.28498903
0.182 0.2276617 0.6518818 0.1478362 0.283169 0.22941811 0.65436995 0.14784569 0.286272
0.1825 0.2285655 0.6458558 0.1473925 0.2844976 0.23036633 0.64809585 0.14737079 0.28754768
0.183 0.2294632 0.6397386 0.1469412 0.2858164 0.23130743 0.6417283 0.14689326 0.28881598
0.1835 0.2303316 0.6335293 0.1464775 0.2870939 0.2322412 0.63527024 0.14641333 0.2900768
0.184 0.2311806 0.6272316 0.1460015 0.2883536 0.23316757 0.62872493 0.14593112 0.2913302
0.1845 0.2320317 0.6208492 0.1455186 0.2896157 0.23408638 0.6220952 0.14544687 0.29257596
0.185 0.2328919 0.6143854 0.1450309 0.2908833 0.23499744 0.615384 0.14496073 0.29381403
0.1855 0.23376 0.6078426 0.1445382 0.2921552 0.23590066 0.6085942 0.14447287 0.29504448
0.186 0.2346328 0.6012208 0.14404 0.2934301 0.23679592 0.6017288 0.14398354 0.2962671
0.1865 0.2355074 0.5945218 0.1435355 0.2947065 0.23768304 0.59479046 0.14349282 0.2974818
0.187 0.2363814 0.5877495 0.1430242 0.2959832 0.23856194 0.58778197 0.14300096 0.29868856
0.1875 0.2372532 0.5809066 0.1425058 0.2972592 0.23943244 0.58070606 0.14250818 0.29988736
0.188 0.2381086 0.5739925 0.1419772 0.298505 0.24029444 0.5735654 0.14201462 0.30107793
0.1885 0.2389153 0.5670062 0.1414047 0.299705 0.24114783 0.5663626 0.1415205 0.30226043
0.189 0.2396949 0.55995 0.1407967 0.3008941 0.24199252 0.5591003 0.14102596 0.30343464
0.1895 0.2404887 0.5528274 0.140198 0.3020955 0.2428283 0.55178094 0.1405313 0.3046006
0.19 0.2413052 0.5456421 0.1396151 0.3033109 0.24365507 0.544407 0.14003664 0.30575812
0.1905 0.2421394 0.5383969 0.1390422 0.3045374 0.24447279 0.536981 0.13954219 0.30690718
0.191 0.2429831 0.5310937 0.1384725 0.3057714 0.24528135 0.5295054 0.13904816 0.30804774
0.1915 0.2438295 0.5237338 0.137901 0.3070005 0.24608056 0.5219823 0.13855472 0.30917975
0.192 0.2446745 0.5163185 0.1373244 0.3082152 0.24687032 0.5144144 0.13806212 0.31030306
0.1925 0.2455165 0.5088487 0.1367408 0.3094283 0.24765058 0.50680363 0.13757053 0.31141764
0.193 0.2463553 0.5013254 0.1361494 0.3106437 0.24842124 0.49915236 0.1370801 0.31252342
0.1935 0.2471791 0.4937496 0.1355491 0.3118551 0.24918221 0.4914627 0.13659117 0.3136204
0.194 0.2479778 0.4861221 0.1349382 0.3130592 0.24993329 0.4837368 0.13610378 0.3147084
0.1945 0.2487727 0.4784438 0.1343186 0.3142641 0.25067452 0.47597682 0.13561821 0.31578746
0.195 0.2495733 0.4707158 0.1336919 0.3154715 0.25140584 0.46818465 0.1351347 0.31685743
0.1955 0.2503802 0.4629394 0.1330587 0.3166811 0.25212702 0.46036243 0.13465336 0.31791836
0.196 0.2511911 0.4551156 0.1324187 0.3178919 0.25283805 0.45251203 0.13417444 0.31897017
0.1965 0.2520034 0.4472456 0.1317718 0.3191028 0.25353885 0.4446354 0.1336981 0.32001266
0.197 0.2528152 0.4393304 0.1311177 0.3203133 0.25422937 0.43673438 0.1332246 0.32104594
0.1975 0.2536255 0.4313713 0.1304567 0.321523 0.25490955 0.42881072 0.13275409 0.32206985
0.198 0.2544334 0.4233692 0.1297886 0.3227315 0.25557923 0.42086637 0.13228679 0.3230844
0.1985 0.2552386 0.4153231 0.1291136 0.3239382 0.25623846 0.4129029 0.13182285 0.3240895
0.199 0.2560405 0.407233 0.1284316 0.3251429 0.2568871 0.40492213 0.13136256 0.3250851
0.1995 0.256839 0.3991022 0.1277426 0.3263453 0.25752515 0.3969255 0.13090596 0.32607117
0.2 0.2576342 0.3909327 0.127047 0.3275415 0.25722814 0.38813543 0.12938187 0.31800413
0.2005 0.2572793 0.3827901 0.125507 0.3178849 0.2569102 0.37969345 0.12778911 0.31049633
0.201 0.2551085 0.374779 0.1231356 0.3079967 0.25656253 0.3716138 0.12616315 0.30349013
0.2015 0.2531026 0.3669825 0.1211716 0.3008322 0.2561796 0.36390376 0.12452913 0.2969378
0.202 0.2516375 0.3594683 0.1196047 0.2948459 0.25575823 0.35656548 0.122904696 0.29079878
0.2025 0.250553 0.3522743 0.118256 0.2893895 0.25529677 0.3495978 0.12130224 0.28503793
0.203 0.2496716 0.3454201 0.1170134 0.2842558 0.25479463 0.34299707 0.119730316 0.279624
0.2035 0.2488845 0.3389156 0.1158235 0.2793759 0.25425228 0.3367579 0.118194796 0.27452922
0.204 0.248135 0.3327653 0.1146639 0.2747208 0.25367063 0.33087415 0.116699465 0.26972857
0.2045 0.2473961 0.3269706 0.1135255 0.2702735 0.25305122 0.32533908 0.1152466 0.26519936
0.205 0.2466555 0.321531 0.1124055 0.2660207 0.25239587 0.3201458 0.11383738 0.26092085
0.2055 0.2459078 0.3164444 0.1113031 0.2619512 0.25170654 0.3152873 0.1124723 0.25687438
0.206 0.245151 0.3117076 0.1102183 0.2580547 0.25098556 0.31075668 0.111151196 0.2530425
0.2065 0.2443848 0.3073164 0.1091517 0.2543216 0.25023514 0.30654722 0.10987348 0.24940957
0.207 0.2436093 0.3032659 0.1081038 0.2507431 0.24945761 0.3026523 0.10863843 0.24596106
0.2075 0.2428252 0.2995507 0.107075 0.2473109 0.24865533 0.2990657 0.107444994 0.24268372
0.208 0.2420331 0.2961649 0.1060659 0.2440171 0.24783061 0.2957812 0.10629206 0.23956536
0.2085 0.2412339 0.2931022 0.105077 0.2408545 0.24698563 0.29279286 0.10517845 0.23659475
0.209 0.2404284 0.2903561 0.1041087 0.2378164 0.24612255 0.29009497 0.10410301 0.23376165
0.2095 0.2396174 0.2879201 0.1031613 0.2348964 0.24524342 0.28768194 0.103064485 0.23105665
0.21 0.2388015 0.2857873 0.1022352 0.2320884 0.24435018 0.2855484 0.102061756 0.22847109
0.2105 0.2379817 0.2839511 0.1013306 0.229387 0.2434447 0.28368914 0.10109366 0.22599699
0.211 0.2371585 0.2824044 0.1004479 0.2267867 0.24252866 0.28209895 0.10015907 0.22362708
0.2115 0.2363327 0.2811406 0.09958722 0.2242827 0.24160372 0.28077292 0.09925697 0.22135465
0.212 0.235505 0.2801529 0.09874884 0.2218703 0.24067138 0.27970606 0.098386355 0.21917345
0.2125 0.2346758 0.2794345 0.09793291 0.2195452 0.23973303 0.27889377 0.09754629 0.21707796
0.213 0.2338459 0.278979 0.09713959 0.2173033 0.23879002 0.27833116 0.09673583 0.21506289
0.2135 0.2330159 0.2787797 0.096369 0.2151407 0.2378435 0.27801365 0.09595416 0.21312341
0.214 0.2321861 0.2788304 0.09562127 0.2130538 0.23689465 0.2779367 0.09520049 0.21125516
0.2145 0.2313572 0.2791247 0.09489648 0.2110392 0.23594444 0.27809584 0.094474085 0.20945407
0.215 0.2305296 0.2796564 0.09419472 0.2090937 0.23499386 0.27848673 0.09377418 0.20771646
0.2155 0.2297039 0.2804197 0.09351602 0.2072141 0.2340437 0.27910483 0.09310012 0.20603886
0.216 0.2288803 0.2814085 0.09286045 0.2053977 0.23309486 0.27994585 0.09245131 0.20441802
0.2165 0.2280594 0.2826172 0.09222801 0.2036418 0.23214798 0.28100562 0.09182715 0.20285118
0.217 0.2272416 0.2840401 0.09161874 0.2019439 0.23120372 0.2822799 0.09122711 0.20133553
0.2175 0.2264272 0.2856718 0.09103261 0.2003014 0.23026277 0.28376448 0.090650655 0.19986857
0.218 0.2256166 0.287507 0.09046963 0.1987122 0.2293256 0.2854553 0.09009724 0.19844799
0.2185 0.22481 0.2895403 0.08992976 0.197174 0.22839276 0.28734815 0.08956645 0.19707172
0.219 0.224008 0.2917668 0.08941296 0.195685 0.22746466 0.28943902 0.08905784 0.1957377
0.2195 0.2232106 0.2941816 0.08891921 0.1942431 0.22654165 0.2917241 0.08857105 0.19444415
0.22 0.2224183 0.2967798 0.08844842 0.1928465 0.22562428 0.29419917 0.08810563 0.19318934
0.2205 0.2216313 0.2995567 0.08800055 0.1914935 0.22471271 0.2968604 0.087661214 0.19197167
0.221 0.2208498 0.3025078 0.08757552 0.1901824 0.22380735 0.29970402 0.08723753 0.19078968
0.2215 0.2200741 0.3056287 0.08717324 0.1889118 0.22290845 0.3027261 0.0868342 0.18964198
0.222 0.2193044 0.3089149 0.08679362 0.1876801 0.22201623 0.3059228 0.08645097 0.1885273
0.2225 0.2185409 0.3123625 0.08643658 0.1864859 0.22113095 0.30929047 0.08608755 0.18744442
0.223 0.2177838 0.3159671 0.08610199 0.1853279 0.2202528 0.31282532 0.08574367 0.1863922
0.2235 0.2170333 0.319725 0.08578976 0.1842049 0.21938191 0.31652373 0.08541908 0.1853696
0.224 0.2162896 0.3236321 0.08549977 0.1831156 0.21851848 0.32038206 0.08511355 0.1843756
0.2245 0.2155528 0.3276848 0.08523189 0.1820589 0.21766268 0.3243966 0.08482688 0.18340927
0.225 0.2148231 0.3318794 0.084986 0.1810337 0.21681456 0.32856393 0.08455887 0.18246977
0.2255 0.2141006 0.3362123 0.08476196 0.1800389 0.21597432 0.3328805 0.08430935 0.18155617
0.226 0.2133855 0.34068 0.08455965 0.1790736 0.21514197 0.3373428 0.084078126 0.18066774
0.2265 0.2126778 0.3452791 0.08437891 0.1781369 0.21431763 0.3419475 0.083865054 0.17980371
0.227 0.2119777 0.3500065 0.0842196 0.1772277 0.21350138 0.34669107 0.08367 0.1789634
0.2275 0.2112852 0.3548588 0.08408157 0.1763454 0.21269329 0.35157025 0.08349285 0.17814611
0.228 0.2106006 0.359833 0.08396468 0.1754889 0.2118934 0.3565817 0.083333425 0.17735116
0.2285 0.2099237 0.364926 0.08386876 0.1746576 0.21110173 0.3617221 0.08319167 0.17657799
0.229 0.2092548 0.370135 0.08379365 0.1738508 0.21031837 0.36698842 0.08306747 0.17582594
0.2295 0.2085939 0.375457 0.0837392 0.1730675 0.20954333 0.37237728 0.08296073 0.17509447
0.23 0.2079411 0.3808892 0.08370524 0.1723073 0.20877661 0.37788552 0.082871385 0.17438312
0.2305 0.2072963 0.3864289 0.0836916 0.1715694 0.20801823 0.3835101 0.08279934 0.17369126
0.231 0.2066597 0.3920735 0.08369811 0.1708531 0.2072682 0.389248 0.082744546 0.17301841
0.2315 0.2060313 0.3978205 0.0837246 0.170158 0.20652656 0.39509612 0.082706936 0.17236412
0.232 0.2054111 0.4036672 0.08377091 0.1694833 0.20579334 0.40105146 0.08268649 0.17172796
0.2325 0.2047992 0.4096113 0.08383685 0.1688286 0.20506848 0.4071111 0.08268315 0.17110933
0.233 0.2041956 0.4156503 0.08392224 0.1681933 0.20435195 0.41327214 0.08269688 0.17050795
0.2335 0.2036003 0.4217821 0.08402693 0.1675768 0.20364384 0.41953164 0.0827276 0.16992332
0.234 0.2030133 0.4280043 0.08415071 0.1669787 0.20294409 0.42588687 0.08277541 0.16935508
0.2345 0.2024346 0.4343147 0.08429342 0.1663985 0.20225267 0.4323349 0.08284014 0.16880277
0.235 0.2018642 0.4407111 0.08445487 0.1658358 0.2015696 0.4388731 0.08292187 0.1682661
0.2355 0.2013022 0.4471916 0.08463489 0.16529 0.20089482 0.4454986 0.083020546 0.16774464
0.236 0.2007485 0.4537541 0.08483329 0.1647608 0.20022838 0.45220888 0.08313618 0.167238
0.2365 0.2002031 0.4603966 0.08504988 0.1642478 0.19957016 0.45900106 0.08326877 0.16674586
0.237 0.199666 0.4671172 0.0852845 0.1637505 0.19892024 0.46587276 0.08341829 0.16626789
0.2375 0.1991372 0.473914 0.08553695 0.1632686 0.19827856 0.47282124 0.08358476 0.1658037
0.238 0.1986167 0.4807852 0.08580705 0.1628017 0.19764508 0.4798441 0.0837682 0.16535304
0.2385 0.1981044 0.4877291 0.08609461 0.1623494 0.19701977 0.48693866 0.08396857 0.16491555
0.239 0.1976003 0.4947438 0.08639946 0.1619114 0.19640265 0.49410254 0.084185876 0.16449091
0.2395 0.1971045 0.5018277 0.08672142 0.1614874 0.19579367 0.50133324 0.08442015 0.16407886
0.24 0.1966168 0.5089792 0.08706029 0.161077 0.19519277 0.50862837 0.08467137 0.16367912
0.2405 0.1961372 0.5161967 0.08741591 0.1606799 0.19459997 0.5159855 0.08493958 0.16329132
0.241 0.1956658 0.5234785 0.08778807 0.1602959 0.19401522 0.5234024 0.085224725 0.16291521
0.2415 0.1952024 0.5308233 0.08817661 0.1599246 0.19343852 0.5308766 0.08552686 0.16255052
0.242 0.194747 0.5382294 0.08858134 0.1595658 0.19286981 0.5384059 0.085846014 0.16219701
0.2425 0.1942996 0.5456955 0.08900209 0.1592191 0.19230907 0.5459881 0.086182125 0.1618544
0.243 0.1938601 0.5532202 0.08943866 0.1588843 0.1917563 0.5536209 0.08653521 0.16152243
0.2435 0.1934285 0.560802 0.08989089 0.1585612 0.19121148 0.56130207 0.08690534 0.16120084
0.244 0.1930048 0.5684397 0.09035859 0.1582495 0.1906745 0.5690295 0.08729244 0.16088937
0.2445 0.1925889 0.5761319 0.09084159 0.1579489 0.19014534 0.57680106 0.08769653 0.16058782
0.245 0.1921807 0.5838773 0.09133971 0.1576593 0.1896241 0.58461475 0.08811764 0.1602959
0.2455 0.1917802 0.5916748 0.09185277 0.1573804 0.18911065 0.59246826 0.088555716 0.16001345
0.246 0.1913873 0.5995232 0.0923806 0.1571119 0.18860495 0.60035974 0.0890108 0.15974022
0.2465 0.191002 0.6074212 0.09292302 0.1568537 0.18810709 0.60828704 0.08948284 0.15947592
0.247 0.1906243 0.6153676 0.09347987 0.1566056 0.1876169 0.61624825 0.08997188 0.15922044
0.2475 0.190254 0.6233615 0.09405096 0.1563673 0.18713443 0.62424135 0.09047786 0.15897354
0.248 0.1898911 0.6314017 0.09463614 0.1561386 0.18665962 0.63226444 0.0910008 0.15873493
0.2485 0.1895356 0.639487 0.09523522 0.1559194 0.1861925 0.64031565 0.09154066 0.15850453
0.249 0.1891874 0.6476166 0.09584804 0.1557095 0.185733 0.64839303 0.092097454 0.1582821
0.2495 0.1888465 0.6557893 0.09647443 0.1555087 0.18528113 0.65649474 0.092671104 0.15806745
0.25 0.1885127 0.6640043 0.09711424 0.1553167 0.18483683 0.6646191 0.09326161 0.15786037
0.2505 0.1881877 0.6721735 0.09776743 0.1551552 0.1844706 0.6728539 0.09399212 0.15775841
0.251 0.1878804 0.6801129 0.09843292 0.1550593 0.18416555 0.68091685 0.09476564 0.1577351
0.2515 0.1875942 0.6877588 0.09910459 0.1550154 0.1839083 0.68868434 0.09554496 0.15777087
0.252 0.1873264 0.695079 0.09977624 0.1550138 0.18368898 0.6961037 0.0963167 0.15785174
0.2525 0.1870746 0.7020563 0.1004437 0.1550501 0.18350033 0.7031531 0.09707635 0.15796797
0.253 0.1868373 0.7086809 0.1011045 0.1551216 0.18333738 0.7098257 0.097822435 0.15811306
0.2535 0.1866134 0.7149474 0.1017567 0.1552267 0.18319659 0.7161218 0.098554395 0.15828258
0.254 0.1864027 0.7208536 0.1023992 0.1553635 0.18307544 0.72204465 0.09927178 0.15847364
0.2545 0.1862046 0.7263992 0.1030308 0.1555305 0.18297236 0.72759974 0.099973954 0.15868433
0.255 0.1860191 0.7315858 0.1036506 0.1557265 0.18288597 0.73279303 0.10066033 0.15891328
0.2555 0.1858461 0.736416 0.104258 0.1559499 0.1828155 0.7376313 0.10133014 0.1591596
0.256 0.1856853 0.7408937 0.1048522 0.1561996 0.18276024 0.7421213 0.101982675 0.15942271
0.2565 0.1855367 0.7450236 0.1054327 0.1564744 0.18271966 0.7462698 0.1026173 0.1597021
0.257 0.1854001 0.748811 0.105999 0.1567731 0.1826934 0.750084 0.103233315 0.15999752
0.2575 0.1852754 0.7522616 0.1065506 0.1570947 0.1826811 0.7535704 0.103830226 0.16030854
0.258 0.1851625 0.7553818 0.1070871 0.1574381 0.18268251 0.7567359 0.10440753 0.16063505
0.2585 0.1850612 0.7581779 0.1076083 0.1578025 0.18269739 0.75958717 0.104964845 0.16097675
0.259 0.1849715 0.7606569 0.1081137 0.1581869 0.1827255 0.76213074 0.10550176 0.16133347
0.2595 0.1848932 0.7628254 0.1086031 0.1585905 0.18276656 0.76437306 0.10601813 0.16170494
0.26 0.1848261 0.7646906 0.1090763 0.1590124 0.18282044 0.76632017 0.1065137 0.16209099
0.2605 0.1847702 0.7662595 0.109533 0.159452 0.1828869 0.7679784 0.10698833 0.16249129
0.261 0.1847253 0.7675389 0.1099732 0.1599084 0.18296577 0.769354 0.10744194 0.16290566
0.2615 0.1846912 0.768536 0.1103966 0.160381 0.1830568 0.7704525 0.10787446 0.1633339
0.262 0.1846679 0.7692576 0.1108031 0.1608691 0.18315984 0.77127993 0.108285956 0.16377564
0.2625 0.1846551 0.7697106 0.1111926 0.1613721 0.1832746 0.77184206 0.10867647 0.1642307
0.263 0.1846528 0.7699017 0.111565 0.1618894 0.18340093 0.77214426 0.10904599 0.16469881
0.2635 0.1846608 0.7698376 0.1119203 0.1624205 0.1835386 0.77219224 0.10939477 0.16517971
0.264 0.1846789 0.7695249 0.1122584 0.1629647 0.1836874 0.77199125 0.1097228 0.16567309
0.2645 0.1847071 0.7689698 0.1125792 0.1635217 0.18384705 0.7715466 0.110030286 0.16617875
0.265 0.1847451 0.7681788 0.1128828 0.1640909 0.18401748 0.7708635 0.11031746 0.16669632
0.2655 0.1847929 0.7671579 0.113169 0.1646718 0.1841983 0.7699471 0.110584475 0.16722561
0.266 0.1848502 0.765913 0.113438 0.1652641 0.18438935 0.7688023 0.11083146 0.16776632
0.2665 0.184917 0.7644502 0.1136897 0.1658672 0.18459035 0.7674342 0.11105872 0.16831814
0.267 0.1849931 0.762775 0.1139241 0.1664809 0.18480116 0.76584756 0.11126647 0.16888082
0.2675 0.1850784 0.7608931 0.1141413 0.1671046 0.18502145 0.7640472 0.11145494 0.16945408
0.268 0.1851726 0.7588098 0.1143413 0.1677381 0.185251 0.7620378 0.11162437 0.17003767
0.2685 0.1852758 0.7565306 0.1145241 0.168381 0.18548957 0.7598239 0.11177502 0.17063127
0.269 0.1853877 0.7540604 0.1146899 0.1690329 0.18573695 0.7574104 0.11190715 0.17123465
0.2695 0.1855082 0.7514044 0.1148386 0.1696935 0.18599285 0.7548014 0.11202098 0.17184755
0.27 0.1856371 0.7485674 0.1149704 0.1703626 0.18625703 0.75200146 0.11211685 0.17246969
0.2705 0.1857744 0.7455543 0.1150853 0.1710399 0.18652923 0.7490151 0.11219496 0.17310077
0.271 0.1859199 0.7423695 0.1151834 0.1717249 0.18680917 0.7458464 0.11225561 0.1737406
0.2715 0.1860734 0.7390176 0.1152647 0.1724176 0.18709667 0.74249965 0.11229906 0.17438884
0.272 0.1862348 0.7355031 0.1153294 0.1731176 0.18739145 0.73897916 0.11232559 0.1750453
0.2725 0.186404 0.7318301 0.1153776 0.1738247 0.18769313 0.7352889 0.11233545 0.17570968
0.273 0.1865809 0.7280028 0.1154094 0.1745386 0.18800162 0.73143303 0.112328924 0.17638175
0.2735 0.1867653 0.7240252 0.1154248 0.1752591 0.18831658 0.72741544 0.112306334 0.1770613
0.274 0.186957 0.7199013 0.115424 0.1759861 0.18863775 0.7232404 0.11226789 0.177748
0.2745 0.187156 0.7156349 0.1154071 0.1767192 0.18896486 0.71891147 0.11221392 0.17844166
0.275 0.1873622 0.7112296 0.1153742 0.1774583 0.18929766 0.7144326 0.11214466 0.17914201
0.2755 0.1875752 0.7066892 0.1153255 0.1782028 0.18963589 0.70980775 0.112060405 0.17984883
0.276 0.1877948 0.702017 0.1152609 0.1789523 0.18997929 0.70504045 0.11196143 0.18056189
0.2765 0.1880209 0.6972166 0.1151807 0.1797069 0.19032754 0.70013463 0.11184799 0.18128094
0.277 0.1882535 0.6922912 0.1150849 0.1804668 0.19068046 0.69509375 0.11172036 0.18200576
0.2775 0.1884926 0.687244 0.1149735 0.1812319 0.19103773 0.6899215 0.1115788 0.18273608
0.278 0.1887216 0.6820775 0.1148202 0.1819919 0.1913991 0.68462133 0.11142359 0.18347172
0.2785 0.1889458 0.6767936 0.1146399 0.1827482 0.19176431 0.6791971 0.1112551 0.18421242
0.279 0.1891816 0.6713958 0.1144561 0.1835105 0.19213311 0.6736518 0.11107343 0.184958
0.2795 0.1894327 0.6658879 0.1142711 0.1842814 0.19250521 0.66798925 0.11087901 0.18570818
0.28 0.1896975 0.6602733 0.1140813 0.1850607 0.19288036 0.6622126 0.110672034 0.1864628
0.2805 0.1899733 0.6545552 0.1138829 0.1858474 0.1932583 0.65632534 0.11045275 0.18722157
0.281 0.1902578 0.6487363 0.113673 0.1866407 0.19363873 0.65033054 0.11022151 0.18798433
0.2815 0.1905493 0.6428192 0.1134499 0.1874398 0.19402145 0.6442317 0.109978534 0.18875086
0.282 0.1908468 0.6368064 0.1132128 0.1882442 0.1944062 0.6380317 0.10972411 0.18952091
0.2825 0.1911497 0.6307002 0.1129614 0.1890534 0.19479267 0.631734 0.109458454 0.19029427
0.283 0.1914575 0.624503 0.1126954 0.189867 0.19518067 0.62534165 0.10918193 0.19107081
0.2835 0.19177 0.6182169 0.1124151 0.1906846 0.19556986 0.61885756 0.10889471 0.19185023
0.284 0.1920871 0.6118442 0.1121206 0.191506 0.19596006 0.6122848 0.10859715 0.19263238
0.2845 0.1924088 0.6053869 0.1118122 0.1923311 0.196351 0.6056264 0.10828946 0.193417
0.285 0.1927349 0.5988472 0.1114899 0.1931595 0.19674246 0.5988853 0.1079719 0.19420396
0.2855 0.1930655 0.5922271 0.1111542 0.1939912 0.19713418 0.59206426 0.107644744 0.19499297
0.286 0.1934005 0.5855286 0.1108051 0.1948259 0.19752584 0.5851663 0.107308336 0.19578397
0.2865 0.1937398 0.5787537 0.1104429 0.1956636 0.1979173 0.578194 0.10696284 0.19657661
0.287 0.1940835 0.5719042 0.1100679 0.1965041 0.19830827 0.5711502 0.10660858 0.19737081
0.2875 0.1944314 0.5649821 0.1096801 0.1973474 0.19869854 0.5640377 0.10624579 0.19816628
0.288 0.1947835 0.5579891 0.1092798 0.1981934 0.19908784 0.55685914 0.105874784 0.1989629
0.2885 0.1951397 0.5509271 0.1088671 0.1990419 0.19947602 0.54961693 0.10549576 0.1997604
0.289 0.1955 0.5437976 0.1084422 0.1998929 0.19986273 0.5423138 0.10510903 0.20055872
0.2895 0.1958642 0.5366025 0.1080054 0.2007463 0.2002479 0.5349523 0.10471479 0.20135754
0.29 0.1962324 0.5293434 0.1075566 0.201602 0.20063119 0.5275349 0.10431335 0.20215683
0.2905 0.1966044 0.5220218 0.1070961 0.20246 0.20101239 0.520064 0.103905 0.20295621
0.291 0.1969801 0.5146393 0.106624 0.2033201 0.20139132 0.512542 0.10348993 0.2037557
0.2915 0.1973596 0.5071974 0.1061405 0.2041824 0.20176779 0.5049712 0.10306842 0.20455492
0.292 0.1977426 0.4996976 0.1056458 0.2050468 0.20214154 0.4973539 0.102640726 0.20535387
0.2925 0.1981292 0.4921413 0.1051399 0.2059132 0.20251243 0.48969245 0.10220713 0.20615228
0.293 0.1985193 0.48453 0.104623 0.2067816 0.20288022 0.48198903 0.10176783 0.20695
0.2935 0.1989126 0.4768649 0.1040953 0.2076518 0.20324476 0.4742458 0.101323135 0.20774694
0.294 0.1993091 0.4691474 0.1035568 0.2085236 0.20360582 0.46646482 0.100873224 0.20854269
0.2945 0.1997087 0.4613789 0.1030077 0.2093972 0.20396318 0.45864815 0.10041837 0.20933743
0.295 0.2001115 0.4535605 0.1024483 0.2102725 0.20431675 0.45079792 0.09995883 0.21013065
0.2955 0.2005174 0.4456934 0.1018785 0.2111495 0.20466627 0.44291615 0.09949484 0.21092245
0.296 0.2009264 0.437779 0.1012985 0.2120282 0.20501159 0.4350046 0.09902664 0.21171254
0.2965 0.2013385 0.4298183 0.1007086 0.2129086 0.20535256 0.42706537 0.09855447 0.21250078
0.297 0.2017536 0.4218124 0.1001087 0.2137906 0.205689 0.41910017 0.09807854 0.213287
0.2975 0.2021715 0.4137626 0.09949906 0.2146742 0.20602073 0.41111082 0.09759908 0.21407114
0.298 0.2025924 0.4056697 0.0988798 0.2155593 0.20634766 0.4030993 0.09711633 0.21485293
0.2985 0.2030157 0.397535 0.09825099 0.2164456 0.20666955 0.3950671 0.096630536 0.2156323
0.299 0.2034412 0.3893593 0.09761269 0.2173326 0.20698635 0.38701594 0.09614191 0.21640907
0.2995 0.2038689 0.3811437 0.09696505 0.2182207 0.20729785 0.37894756 0.09565062 0.2171831
0.3 0.2042991 0.3728891 0.09630824 0.21911 0.20091443 0.3748651 0.09653685 0.2142546
0.3005 0.1948509 0.3646154 0.09489677 0.2150027 0.19560625 0.368599 0.09636109 0.2118482
0.301 0.1832649 0.356334 0.09282767 0.2108186 0.19090284 0.36113036 0.09564211 0.20962726
0.3015 0.175796 0.3481012 0.09113727 0.2077799 0.18661751 0.3530841 0.09463615 0.20750062
0.302 0.1710953 0.339967 0.08976349 0.205198 0.1826587 0.34482247 0.09347824 0.20544215
0.3025 0.1677948 0.331959 0.0885499 0.2028143 0.17897151 0.33654583 0.09224216 0.20344357
0.303 0.1651594 0.3240919 0.08740799 0.2005522 0.17551765 0.32836133 0.09096903 0.20150088
0.3035 0.1628446 0.3163737 0.08629723 0.1983877 0.1722676 0.32032365 0.08968226 0.19961129
0.304 0.1606951 0.308809 0.08520047 0.1963113 0.16919734 0.31245857 0.088395126 0.1977726
0.3045 0.1586413 0.3014005 0.08411084 0.1943181 0.16628668 0.30477667 0.08711525 0.19598283
0.305 0.1566512 0.2941494 0.08302584 0.1924044 0.16351844 0.2972802 0.08584694 0.19424021
0.3055 0.1547099 0.2870558 0.08194473 0.1905673 0.16087797 0.28996718 0.08459259 0.1925435
0.306 0.15281 0.2801194 0.08086754 0.1888042 0.15835248 0.2828337 0.0833535 0.19089155
0.3065 0.1509476 0.273339 0.07979459 0.1871127 0.15593095 0.2758748 0.082130246 0.18928353
0.307 0.1491207 0.2667131 0.07872626 0.1854903 0.15360399 0.2690857 0.08092306 0.1877189
0.3075 0.147328 0.2602398 0.077663 0.1839348 0.1513633 0.2624613 0.079731785 0.18619722
0.308 0.1455686 0.2539168 0.07660523 0.1824441 0.14920178 0.25599676 0.07855632 0.18471827
0.3085 0.1438418 0.2477417 0.07555335 0.1810162 0.14711319 0.2496876 0.077396356 0.1832818
0.309 0.1421473 0.241712 0.07450775 0.179649 0.14509226 0.24352951 0.07625156 0.18188773
0.3095 0.1404846 0.2358248 0.07346878 0.1783407 0.1431343 0.23751839 0.07512163 0.18053609
0.31 0.1388534 0.2300774 0.07243678 0.1770894 0.14123525 0.23165043 0.07400625 0.17922679
0.3105 0.1372533 0.2244668 0.07141205 0.1758934 0.13939165 0.22592194 0.0729051 0.17795984
0.311 0.1356841 0.2189901 0.07039488 0.174751 0.13760038 0.22032945 0.07181796 0.17673518
0.3115 0.1341454 0.2136444 0.06938554 0.1736606 0.13585873 0.2148696 0.07074449 0.17555276
0.312 0.1326369 0.2084266 0.06838429 0.1726207 0.13416445 0.20953913 0.06968457 0.17441249
0.3125 0.1311584 0.2033339 0.06739135 0.1716296 0.13251545 0.20433505 0.06863793 0.17331426
0.313 0.1297095 0.1983633 0.06640694 0.1706862 0.13090986 0.19925435 0.06760446 0.17225789
0.3135 0.12829 0.1935119 0.06543127 0.1697888 0.12934616 0.19429408 0.066584 0.17124318
0.314 0.1268996 0.188777 0.06446451 0.1689363 0.12782286 0.18945144 0.06557638 0.17026989
0.3145 0.125538 0.1841555 0.06350685 0.1681274 0.12633869 0.18472369 0.06458158 0.16933776
0.315 0.124205 0.1796449 0.06255844 0.1673608 0.12489256 0.1801082 0.06359946 0.16844645
0.3155 0.1229002 0.1752424 0.06161943 0.1666354 0.123483345 0.17560235 0.062629946 0.16759554
0.316 0.1216234 0.1709454 0.06068996 0.16595 0.1221102 0.1712036 0.061673023 0.16678469
0.3165 0.1203742 0.1667512 0.05977015 0.1653037 0.12077217 0.1669095 0.060728602 0.16601345
0.317 0.1191524 0.1626574 0.05886013 0.1646953 0.119468525 0.1627176 0.05979667 0.16528134
0.3175 0.1179577 0.1586614 0.05795999 0.1641238 0.1181985 0.15862563 0.058877178 0.16458786
0.318 0.1167899 0.1547609 0.05706983 0.1635883 0.11696142 0.15463115 0.057970084 0.16393249
0.3185 0.1156485 0.1509534 0.05618974 0.1630878 0.115756586 0.15073204 0.05707536 0.16331472
0.319 0.1145334 0.1472367 0.0553198 0.1626216 0.11458342 0.14692603 0.056192957 0.16273393
0.3195 0.1134443 0.1436086 0.05446008 0.1621886 0.11344133 0.14321098 0.055322863 0.16218959
0.32 0.1123808 0.1400668 0.05361064 0.161788 0.11232972 0.13958484 0.05446502 0.16168109
0.3205 0.1113427 0.1366092 0.05277153 0.1614192 0.111248136 0.13604558 0.053619392 0.16120781
0.321 0.1103297 0.1332338 0.05194282 0.1610812 0.11019592 0.13259116 0.052785985 0.16076912
0.3215 0.1093415 0.1299385 0.05112454 0.1607733 0.10917269 0.12921955 0.051964708 0.16036443
0.322 0.1083778 0.1267214 0.05031671 0.1604949 0.108177856 0.12592897 0.051155515 0.1599931
0.3225 0.1074384 0.1235805 0.04951939 0.1602452 0.107210994 0.1227175 0.050358392 0.1596545
0.323 0.1065229 0.120514 0.04873258 0.1600235 0.10627158 0.11958332 0.04957328 0.15934797
0.3235 0.1056311 0.1175201 0.04795631 0.1598292 0.10535921 0.11652468 0.04880009 0.15907285
0.324 0.1047626 0.114597 0.04719059 0.1596617 0.10447337 0.11353983 0.04803879 0.1588286
0.3245 0.1039173 0.111743 0.04643542 0.1595203 0.103613615 0.110627025 0.047289304 0.1586145
0.325 0.1030948 0.1089564 0.04569081 0.1594045 0.10277952 0.10778467 0.046551578 0.15842998
0.3255 0.1022949 0.1062356 0.04495676 0.1593136 0.10197066 0.10501115 0.045825534 0.15827435
0.326 0.1015172 0.103579 0.04423326 0.1592472 0.10118656 0.102304816 0.045111097 0.1581471
0.3265 0.1007615 0.100985 0.04352031 0.1592046 0.10042682 0.09966421 0.04440821 0.1580475
0.327 0.1000275 0.09845225 0.04281788 0.1591854 0.09969103 0.097087815 0.04371678 0.15797502
0.3275 0.09931502 0.09597913 0.04212595 0.1591891 0.0989788 0.094574094 0.043036737 0.15792903
0.328 0.09862368 0.09356429 0.04144452 0.1592151 0.09828971 0.092121705 0.042368002 0.15790898
0.3285 0.09795325 0.09120632 0.04077354 0.1592629 0.09762333 0.089729235 0.04171049 0.15791425
0.329 0.09730346 0.08890388 0.04011299 0.1593322 0.09697929 0.087395236 0.041064136 0.1579443
0.3295 0.09667405 0.08665566 0.03946285 0.1594224 0.09635721 0.08511847 0.040428795 0.15799858
0.33 0.09606475 0.08446037 0.03882307 0.1595331 0.09575668 0.08289757 0.039804466 0.15807647
0.3305 0.0954753 0.08231677 0.03819362 0.159664 0.09517737 0.08073135 0.039191015 0.15817757
0.331 0.09490545 0.08022364 0.03757445 0.1598145 0.09461886 0.07861847 0.038588353 0.1583012
0.3315 0.09435493 0.0781798 0.03696552 0.1599842 0.09408085 0.07655774 0.03799639 0.15844697
0.332 0.09382349 0.0761841 0.0363668 0.1601728 0.09356293 0.074548036 0.03741505 0.15861431
0.3325 0.09331087 0.07423541 0.03577822 0.16038 0.093064785 0.072588146 0.036844276 0.15880273
0.333 0.09281684 0.07233265 0.03519974 0.1606052 0.092585996 0.07067695 0.036283918 0.15901175
0.3335 0.09234113 0.07047475 0.03463131 0.1608482 0.09212631 0.06881337 0.035733916 0.1592409
0.334 0.0918835 0.06866068 0.03407288 0.1611085 0.091685355 0.06699632 0.03519421 0.15948974
0.3345 0.09144371 0.06688941 0.03352438 0.161386 0.09126282 0.06522472 0.03466467 0.1597578
0.335 0.09102152 0.06515997 0.03298576 0.1616801 0.090858355 0.06349759 0.03414523 0.16004461
0.3355 0.09061669 0.0634714 0.03245696 0.1619907 0.09047167 0.061813936 0.03363578 0.16034979
0.336 0.09022898 0.06182276 0.03193792 0.1623173 0.09010248 0.060172737 0.03313627 0.1606729
0.3365 0.08985815 0.06021314 0.03142858 0.1626596 0.089750424 0.058573037 0.03264658 0.16101353
0.337 0.08950398 0.05864166 0.03092887 0.1630174 0.08941524 0.05701396 0.032166637 0.16137128
0.3375 0.08916623 0.05710744 0.03043873 0.1633904 0.08909662 0.05549456 0.03169637 0.16174579
0.338 0.08884468 0.05560965 0.02995809 0.1637782 0.08879432 0.054013953 0.031235687 0.16213664
0.3385 0.0885391 0.05414746 0.02948689 0.1641806 0.08850804 0.052571297 0.03078451 0.16254354
0.339 0.08824928 0.05272007 0.02902505 0.1645973 0.08823745 0.0511657 0.03034272 0.16296598
0.3395 0.08797499 0.0513267 0.02857251 0.1650281 0.08798234 0.049796358 0.029910274 0.16340375
0.34 0.08771601 0.04996658 0.0281292 0.1654726 0.08774246 0.04846248 0.029487066 0.16385646
0.3405 0.08747213 0.04863898 0.02769505 0.1659307 0.0875175 0.04716324 0.029073022 0.16432382
0.341 0.08724313 0.04734317 0.02726998 0.166402 0.087307274 0.04589793 0.028668068 0.16480544
0.3415 0.08702882 0.04607844 0.02685392 0.1668863 0.08711146 0.044665754 0.028272115 0.16530102
0.342 0.08682897 0.0448441 0.0264468 0.1673834 0.08692989 0.043465987 0.027885072 0.1658103
0.3425 0.08664339 0.04363948 0.02604855 0.1678931 0.086762264 0.042297885 0.027506903 0.16633296
0.343 0.08647187 0.04246393 0.02565909 0.1684151 0.08660835 0.041160807 0.027137488 0.16686867
0.3435 0.08631421 0.0413168 0.02527834 0.1689491 0.08646795 0.040054016 0.026776768 0.16741723
0.344 0.08617022 0.04019748 0.02490624 0.1694951 0.08634086 0.03897684 0.026424654 0.16797827
0.3445 0.0860397 0.03910535 0.02454271 0.1700527 0.086226806 0.037928686 0.026081078 0.1685516
0.345 0.08592245 0.03803983 0.02418766 0.1706218 0.08612561 0.036908843 0.025745973 0.1691369
0.3455 0.08581829 0.03700032 0.02384104 0.1712021 0.08603704 0.035916768 0.025419243 0.16973396
0.346 0.08572702 0.03598627 0.02350275 0.1717935 0.08596091 0.034951784 0.025100812 0.17034252
0.3465 0.08564847 0.03499713 0.02317272 0.1723957 0.08589701 0.034013376 0.024790645 0.1709623
0.347 0.08558244 0.03403235 0.02285088 0.1730086 0.08584513 0.03310088 0.024488613 0.17159316
0.3475 0.08552877 0.03309141 0.02253715 0.1736319 0.0858051 0.032213762 0.024194673 0.17223479
0.348 0.08548726 0.03217381 0.02223145 0.1742655 0.0857767 0.031351484 0.023908742 0.17288701
0.3485 0.08545775 0.03127904 0.02193372 0.1749093 0.085759774 0.030513495 0.023630768 0.17354956
0.349 0.08544006 0.0304066 0.02164386 0.175563 0.0857541 0.029699244 0.02336067 0.17422228
0.3495 0.08543401 0.02955604 0.0213618 0.1762264 0.085759535 0.028908238 0.023098364 0.17490493
0.35 0.08543944 0.02872687 0.02108747 0.1768995 0.08449431 0.027485706 0.023290679 0.16676515
0.3505 0.08430975 0.02789585 0.019982 0.166745 0.08325319 0.026210591 0.023127355 0.159178
0.351 0.0813784 0.0269826 0.01805131 0.156366 0.08202307 0.025057435 0.022693641 0.15206896
0.3515 0.07862563 0.02600579 0.01652784 0.1487141 0.08079429 0.024003103 0.022054411 0.14537941
0.352 0.07642694 0.02500033 0.01539736 0.1422448 0.0795598 0.023027204 0.021259673 0.13906252
0.3525 0.07462152 0.02398623 0.01447825 0.1363107 0.07831472 0.022112317 0.020348363 0.1330803
0.353 0.07303169 0.02297306 0.01365648 0.130705 0.07705577 0.021243848 0.019350998 0.12740123
0.3535 0.07154826 0.02196516 0.01287739 0.1253592 0.075781 0.020409897 0.018291645 0.12199907
0.354 0.07011452 0.02096456 0.01211727 0.1202445 0.07448949 0.019600868 0.017189257 0.11685155
0.3545 0.06870315 0.01997225 0.01136634 0.1153437 0.073180944 0.018809162 0.016058914 0.111939535
0.355 0.06730152 0.01898875 0.01062071 0.1106436 0.07185574 0.01802896 0.014912464 0.107246324
0.3555 0.06590405 0.0180144 0.00987887 0.1061329 0.070514634 0.017255701 0.013759233 0.10275732
0.356 0.06450848 0.01704938 0.009140304 0.1018009 0.06915863 0.016486116 0.012606546 0.09845944
0.3565 0.06311412 0.01609382 0.008404884 0.09763801 0.06778899 0.0157177 0.011460125 0.094340935
0.357 0.06172098 0.0151478 0.007672639 0.09363511 0.06640707 0.014948823 0.010324411 0.09039122
0.3575 0.06032942 0.01421137 0.006943662 0.08978369 0.06501426 0.014178269 0.009202756 0.08660054
0.358 0.05893998 0.01328455 0.00621807 0.0860758 0.06361206 0.013405494 0.008097671 0.082960054
0.3585 0.05755321 0.01236735 0.005495983 0.08250395 0.06220195 0.012630023 0.0070110112 0.07946141
0.359 0.05616972 0.01145973 0.004777525 0.07906116 0.06078537 0.011851929 0.0059440657 0.076097
0.3595 0.05479008 0.01056169 0.004062812 0.07574084 0.059363727 0.01107125 0.0048976466 0.07285966
0.36 0.05341487 0.009673175 0.003351959 0.07253681 0.057938408 0.010288283 0.0038722977 0.069742724
0.3605 0.05204462 0.008794143 0.002645072 0.0694433 0.056510735 0.009503365 0.0028682128 0.06673995
0.361 0.05067985 0.007924538 0.001942253 0.06645484 0.055081975 0.008716963 0.0018853843 0.06384541
0.3615 0.04932105 0.007064301 0.0012436 0.06356633 0.05365331 0.0079295635 0.0009236038 0.061053615
0.362 0.04796867 0.006213368 0.0005492034 0.06077296 0.05222589 0.007141672 -1.745671e-05 0.05835939
0.3625 0.04662315 0.00537167 -0.0001408518 0.0580702 0.05080082 0.006353803 -0.0009381771 0.055757772
0.363 0.0452849 0.004539138 -0.0008264848 0.05545381 0.04937909 0.005566485 -0.0018390939 0.05324423
0.3635 0.0439543 0.003715698 -0.00150762 0.05291977 0.04796168 0.00478027 -0.0027207658 0.050814386
0.364 0.04263171 0.002901274 -0.002184188 0.05046431 0.046549458 0.0039955676 -0.0035837665 0.048464116
0.3645 0.04131745 0.00209579 -0.002856122 0.04808389 0.045143265 0.0032129362 -0.004428722 0.046189595
0.365 0.04001186 0.001299169 -0.003523362 0.04577516 0.043743905 0.0024328232 -0.005256273 0.043987136
0.3655 0.03871521 0.0005113326 -0.00418585 0.04353495 0.042352114 0.0016556531 -0.006067045 0.041853335
0.366 0.03742778 -0.0002677985 -0.004843534 0.04136029 0.04096852 0.00088184327 -0.006861642 0.03978495
0.3665 0.03614983 -0.001038303 -0.005496365 0.03924837 0.039593797 0.00011175871 -0.007640712 0.037778888
0.367 0.03488159 -0.001800261 -0.0061443 0.03719654 0.038228516 -0.0006542057 -0.008404836 0.035832297
0.3675 0.03362328 -0.002553752 -0.006787297 0.03520227 0.03687318 -0.0014157593 -0.009154595 0.033942427
0.368 0.03237509 -0.003298855 -0.007425319 0.03326321 0.03552829 -0.002172552 -0.009890579 0.032106724
0.3685 0.03113722 -0.004035649 -0.008058333 0.03137711 0.034194347 -0.0029243156 -0.010613285 0.030322794
0.369 0.02990983 -0.004764214 -0.008686308 0.02954185 0.032871675 -0.0036708117 -0.011323251 0.028588276
0.3695 0.02869308 -0.005484629 -0.009309217 0.02775541 0.0315607 -0.0044117942 -0.012020983 0.026901085
0.37 0.0274871 -0.006196972 -0.009927037 0.02601589 0.030261729 -0.0051470473 -0.012706928 0.025259126
0.3705 0.02629203 -0.006901321 -0.01053975 0.02432149 0.028975066 -0.0058763623 -0.013381533 0.02366054
0.371 0.02510798 -0.007597754 -0.01114733 0.02267049 0.027701009 -0.006599605 -0.014045231 0.022103425
0.3715 0.02393506 -0.008286348 -0.01174976 0.02106127 0.026439745 -0.0073165596 -0.014698379 0.020586133
0.372 0.02277335 -0.008967181 -0.01234704 0.01949228 0.02519152 -0.008027136 -0.015341386 0.019107018
0.3725 0.02162293 -0.009640328 -0.01293916 0.01796205 0.023956511 -0.0087311715 -0.015974589 0.01766454
0.373 0.02048387 -0.01030587 -0.0135261 0.01646921 0.022734847 -0.009428613 -0.016598321 0.016257264
0.3735 0.01935624 -0.01096387 -0.01410786 0.01501241 0.021526683 -0.010119356 -0.017212875 0.014883805
0.374 0.01824008 -0.01161441 -0.01468443 0.0135904 0.020332146 -0.01080329 -0.017818563 0.013542883
0.3745 0.01713543 -0.01225757 -0.01525583 0.01220197 0.019151289 -0.011480346 -0.018415645 0.012233239
0.375 0.01604233 -0.01289342 -0.01582204 0.01084599 0.017984223 -0.012150496 -0.019004352 0.010953762
0.3755 0.01496079 -0.01352203 -0.01638307 0.009521361 0.016830947 -0.012813687 -0.019584969 0.009703308
0.376 0.01389084 -0.01414348 -0.01693892 0.008227041 0.015691537 -0.013469912 -0.020157672 0.008480854
0.3765 0.01283248 -0.01475783 -0.0174896 0.00696204 0.014566001 -0.014119096 -0.020722687 0.0072854087
0.377 0.01178571 -0.01536517 -0.01803513 0.005725408 0.013454337 -0.014761254 -0.021280207 0.0061160102
0.3775 0.01075053 -0.01596555 -0.0185755 0.004516242 0.012356523 -0.0153963715 -0.021830402 0.004971795
0.378 0.009726923 -0.01655905 -0.01911074 0.003333676 0.011272546 -0.01602447 -0.022373475 0.0038519017
0.3785 0.008714875 -0.01714575 -0.01964085 0.002176881 0.010202367 -0.016645513 -0.022909544 0.002755519
0.379 0.007714361 -0.0177257 -0.02016585 0.001045067 0.009145949 -0.017259538 -0.023438774 0.0016819015
0.3795 0.00672535 -0.01829899 -0.02068575 -6.25245e-05 0.0081032105 -0.017866552 -0.023961306 0.00063029304
0.38 0.00574781 -0.01886567 -0.02120058 -0.00114662 0.0070741214 -0.018466562 -0.024477266 -0.0003999807
0.3805 0.0047817 -0.01942582 -0.02171034 -0.002207915 0.00605857 -0.01905965 -0.024986781 -0.0014095716
0.381 0.003826976 -0.01997951 -0.02221506 -0.003247077 0.0050564893 -0.019645788 -0.025489971 -0.0023991317
0.3815 0.002883592 -0.02052679 -0.02271476 -0.004264745 0.0040677935 -0.020225048 -0.02598694 -0.0033692569
0.382 0.001951493 -0.02106774 -0.02320947 -0.005261534 0.0030923635 -0.020797439 -0.026477776 -0.004320521
0.3825 0.001030625 -0.02160243 -0.0236992 -0.006238033 0.002130121 -0.02136302 -0.026962608 -0.0052534547
0.383 0.0001209274 -0.02213091 -0.02418397 -0.007194809 0.0011809468 -0.021921843 -0.027441494 -0.006168619
0.3835 -0.0007776624 -0.02265325 -0.02466382 -0.008132406 0.0002447255 -0.022473946 -0.027914543 -0.007066477
0.384 -0.001665211 -0.02316953 -0.02513876 -0.009051348 -0.0006786622 -0.023019373 -0.028381817 -0.007947532
0.3845 -0.002541787 -0.02367979 -0.02560883 -0.009952138 -0.0015893169 -0.023558155 -0.028843425 -0.008812217
0.385 -0.003407463 -0.0241841 -0.02607405 -0.01083526 -0.0024873912 -0.024090387 -0.029299408 -0.009661
0.3855 -0.004262312 -0.02468254 -0.02653444 -0.01170118 -0.0033730008 -0.024616107 -0.029749874 -0.010494277
0.386 -0.005106413 -0.02517515 -0.02699005 -0.01255036 -0.0042462796 -0.025135368 -0.030194879 -0.011312474
0.3865 -0.005939844 -0.025662 -0.02744088 -0.01338321 -0.0051073693 -0.025648214 -0.03063447 -0.012115974
0.387 -0.006762687 -0.02614316 -0.02788698 -0.01420016 -0.0059563816 -0.026154704 -0.031068727 -0.012905154
0.3875 -0.007575024 -0.02661868 -0.02832838 -0.01500162 -0.006793473 -0.026654936 -0.031497717 -0.0136803575
0.388 -0.008376941 -0.02708862 -0.0287651 -0.01578797 -0.007618785 -0.027148917 -0.03192149 -0.014441945
0.3885 -0.009168524 -0.02755304 -0.02919718 -0.01655959 -0.008432448 -0.027636752 -0.03234011 -0.01519024
0.389 -0.009949861 -0.028012 -0.02962464 -0.01731684 -0.009234589 -0.028118469 -0.032753624 -0.015925564
0.3895 -0.01072104 -0.02846556 -0.03004752 -0.01806006 -0.010025363 -0.028594136 -0.033162095 -0.016648212
0.39 -0.01148216 -0.02891379 -0.03046586 -0.01878961 -0.010804918 -0.02906382 -0.03356558 -0.017358508
0.3905 -0.0122333 -0.02935672 -0.03087968 -0.0195058 -0.011573389 -0.02952759 -0.033964127 -0.01805671
0.391 -0.01297456 -0.02979443 -0.03128902 -0.02020895 -0.012330908 -0.02998548 -0.034357782 -0.018743116
0.3915 -0.01370603 -0.03022697 -0.03169391 -0.02089937 -0.013077632 -0.030437574 -0.034746606 -0.019417979
0.392 -0.01442781 -0.03065439 -0.03209439 -0.02157736 -0.013813689 -0.030883946 -0.035130642 -0.020081572
0.3925 -0.01513999 -0.03107676 -0.03249048 -0.02224319 -0.014539234 -0.031324632 -0.03550995 -0.020734124
0.393 -0.01584267 -0.03149412 -0.03288223 -0.02289716 -0.0152543895 -0.03175971 -0.03588456 -0.021375893
0.3935 -0.01653595 -0.03190653 -0.03326966 -0.02353953 -0.015959311 -0.03218922 -0.03625454 -0.022007106
0.394 -0.01721991 -0.03231405 -0.03365282 -0.02417055 -0.016654134 -0.032613248 -0.036619917 -0.02262799
0.3945 -0.01789467 -0.03271673 -0.03403173 -0.02479049 -0.017338987 -0.033031873 -0.036980744 -0.023238754
0.395 -0.01856031 -0.03311461 -0.03440643 -0.02539958 -0.018014025 -0.033445098 -0.03733708 -0.023839625
0.3955 -0.01921693 -0.03350776 -0.03477696 -0.02599808 -0.018679358 -0.03385301 -0.03768895 -0.024430793
0.396 -0.01986464 -0.03389623 -0.03514336 -0.0265862 -0.019335147 -0.0342557 -0.038036413 -0.025012475
0.3965 -0.02050352 -0.03428007 -0.03550564 -0.02716417 -0.019981507 -0.034653172 -0.03837952 -0.025584847
0.397 -0.02113368 -0.03465932 -0.03586387 -0.02773221 -0.02061858 -0.035045512 -0.038718298 -0.0261481
0.3975 -0.02175522 -0.03503405 -0.03621805 -0.02829053 -0.021246493 -0.035432816 -0.039052807 -0.026702428
0.398 -0.02236823 -0.0354043 -0.03656824 -0.02883934 -0.021865383 -0.035815075 -0.039383084 -0.027247991
0.3985 -0.02297281 -0.03577011 -0.03691447 -0.02937884 -0.022475373 -0.036192395 -0.039709173 -0.027784977
0.399 -0.02356906 -0.03613155 -0.03725678 -0.02990922 -0.023076586 -0.036564827 -0.04003112 -0.028313546
0.3995 -0.02415707 -0.03648866 -0.03759519 -0.03043067 -0.023669157 -0.03693241 -0.040348962 -0.02883385
0.4 -0.02473695 -0.03684148 -0.03792975 -0.03094337 -0.024253197 -0.037295207 -0.04066275 -0.029346056
0.4005 -0.02530714 -0.03719004 -0.03825921 -0.031425 -0.02482513 -0.037656255 -0.040972784 -0.029801728
0.401 -0.02585813 -0.03753406 -0.03857774 -0.03183767 -0.025384996 -0.03801535 -0.041277103 -0.030205337
0.4015 -0.02638657 -0.03787309 -0.0388851 -0.03219488 -0.025932617 -0.038372435 -0.041574597 -0.030560533
0.402 -0.02689485 -0.03820685 -0.03918352 -0.03250638 -0.0264677 -0.03872738 -0.04186461 -0.03087039
0.4025 -0.0273855 -0.03853522 -0.03947452 -0.03277646 -0.026989935 -0.03908009 -0.042146802 -0.031137524
0.403 -0.02786009 -0.03885814 -0.03975886 -0.03300747 -0.027499015 -0.039430454 -0.042421065 -0.031364277
0.4035 -0.0283195 -0.03917558 -0.04003687 -0.03320111 -0.027994618 -0.039778233 -0.042687386 -0.03155268
0.404 -0.02876417 -0.03948753 -0.04030872 -0.03335885 -0.028476508 -0.040123217 -0.042945854 -0.031704627
0.4045 -0.02919435 -0.03979401 -0.04057448 -0.03348204 -0.028944453 -0.040465258 -0.043196607 -0.031821787
0.405 -0.02961019 -0.04009501 -0.04083421 -0.03357196 -0.029398268 -0.040804088 -0.043439813 -0.03190577
0.4055 -0.03001182 -0.04039055 -0.04108793 -0.0336298 -0.029837823 -0.04113952 -0.043675646 -0.031957977
0.406 -0.03039931 -0.04068063 -0.04133569 -0.0336567 -0.030262988 -0.041471325 -0.04390431 -0.03197975
0.4065 -0.03077275 -0.04096527 -0.04157749 -0.03365373 -0.03067369 -0.041799337 -0.04412599 -0.03197234
0.407 -0.03113147 -0.0412432 -0.04181331 -0.03362055 -0.03106989 -0.042123348 -0.04434087 -0.031936903
0.4075 -0.03147542 -0.0415147 -0.04204304 -0.03355844 -0.03145154 -0.042443216 -0.04454914 -0.03187452
0.408 -0.03180559 -0.04178068 -0.04226685 -0.0334694 -0.031818666 -0.042758755 -0.044750966 -0.0317862
0.4085 -0.0321225 -0.04204162 -0.04248486 -0.03335463 -0.03217127 -0.043069847 -0.04494652 -0.031672917
0.409 -0.03242626 -0.0422977 -0.04269714 -0.03321499 -0.032509398 -0.043376364 -0.04513595 -0.031535536
0.4095 -0.03271685 -0.04254896 -0.04290373 -0.03305127 -0.0328331 -0.04367818 -0.045319393 -0.031374905
0.41 -0.03299426 -0.04279538 -0.04310464 -0.03286419 -0.033142433 -0.043975174 -0.04549699 -0.03119183
0.4105 -0.03325849 -0.04303692 -0.0432999 -0.03265444 -0.03343749 -0.04426729 -0.045668863 -0.030987035
0.411 -0.03350958 -0.04327352 -0.04348952 -0.03242269 -0.033718355 -0.04455439 -0.045835134 -0.030761238
0.4115 -0.0337476 -0.04350514 -0.04367354 -0.03216956 -0.033985127 -0.044836454 -0.04599589 -0.030515114
0.412 -0.03397263 -0.04373174 -0.04385199 -0.03189567 -0.034237925 -0.045113377 -0.046151243 -0.030249285
0.4125 -0.03418476 -0.04395331 -0.0440249 -0.03160159 -0.03447685 -0.045385115 -0.046301275 -0.029964333
0.413 -0.03438412 -0.04416984 -0.04419231 -0.03128789 -0.03470204 -0.045651644 -0.046446078 -0.029660854
0.4135 -0.0345708 -0.04438132 -0.04435424 -0.03095511 -0.034913607 -0.045912884 -0.046585727 -0.029339362
0.414 -0.03474491 -0.04458777 -0.04451074 -0.03060376 -0.035111688 -0.046168804 -0.046720296 -0.029000375
0.4145 -0.03490659 -0.0447892 -0.04466184 -0.03023434 -0.035296418 -0.04641939 -0.04684984 -0.02864438
0.415 -0.03505594 -0.04498564 -0.04480759 -0.02984733 -0.035467945 -0.046664603 -0.046974424 -0.028271848
0.4155 -0.03519308 -0.0451771 -0.04494801 -0.02944319 -0.035626404 -0.04690446 -0.047094103 -0.027883207
0.416 -0.03531813 -0.04536363 -0.04508316 -0.02902236 -0.035771932 -0.047138885 -0.047208935 -0.027478887
0.4165 -0.03543121 -0.04554524 -0.04521307 -0.02858527 -0.0359047 -0.047367908 -0.04731896 -0.027059281
0.417 -0.03553245 -0.04572197 -0.04533778 -0.02813233 -0.03602484 -0.047591507 -0.047424234 -0.02662479
0.4175 -0.03562196 -0.04589387 -0.04545733 -0.02766393 -0.0361325 -0.04780969 -0.0475248 -0.026175762
0.418 -0.03569986 -0.04606095 -0.04557175 -0.02718047 -0.036227833 -0.048022456 -0.04762069 -0.025712566
0.4185 -0.03576629 -0.04622326 -0.04568111 -0.0266823 -0.036310993 -0.048229806 -0.047711954 -0.025235536
0.419 -0.03582135 -0.04638083 -0.04578542 -0.02616978 -0.03638213 -0.04843174 -0.047798622 -0.024744973
0.4195 -0.03586517 -0.0465337 -0.04588474 -0.02564326 -0.0364414 -0.048628286 -0.04788073 -0.024241218
0.42 -0.03589787 -0.04668191 -0.04597911 -0.02510307 -0.036488958 -0.048819408 -0.047958307 -0.023724569
0.4205 -0.03591958 -0.04682549 -0.04606856 -0.02454952 -0.03652495 -0.049005188 -0.04803139 -0.023195295
0.421 -0.03593042 -0.04696448 -0.04615314 -0.02398294 -0.036549523 -0.049185604 -0.048100002 -0.022653688
0.4215 -0.0359305 -0.04709892 -0.04623289 -0.02340362 -0.036562834 -0.049360648 -0.048164196 -0.022100007
0.422 -0.03591995 -0.04722884 -0.04630785 -0.02281184 -0.036565036 -0.049530387 -0.048223972 -0.021534517
0.4225 -0.03589889 -0.04735427 -0.04637807 -0.02220789 -0.03655627 -0.049694814 -0.048279386 -0.020957459
0.423 -0.03586745 -0.04747527 -0.04644358 -0.02159205 -0.036536686 -0.04985396 -0.048330456 -0.020369073
0.4235 -0.03582573 -0.04759186 -0.04650442 -0.02096457 -0.036506444 -0.050007857 -0.0483772 -0.019769603
0.424 -0.03577387 -0.04770408 -0.04656065 -0.0203257 -0.03646567 -0.050156504 -0.04841967 -0.019159252
0.4245 -0.03571198 -0.04781196 -0.04661229 -0.01967571 -0.036414526 -0.050299942 -0.048457872 -0.01853826
0.425 -0.03564019 -0.04791555 -0.0466594 -0.01901482 -0.036353145 -0.050438218 -0.048491843 -0.017906824
0.4255 -0.0355586 -0.04801487 -0.04670201 -0.01834326 -0.03628167 -0.050571337 -0.0485216 -0.017265158
0.426 -0.03546734 -0.04810997 -0.04674016 -0.01766127 -0.036200255 -0.050699353 -0.048547186 -0.01661344
0.4265 -0.03536653 -0.04820088 -0.0467739 -0.01696907 -0.036109023 -0.05082225 -0.04856862 -0.015951885
0.427 -0.03525629 -0.04828763 -0.04680327 -0.01626685 -0.036008112 -0.05094008 -0.04858592 -0.015280658
0.4275 -0.03513672 -0.04837027 -0.0468283 -0.01555483 -0.035897676 -0.051052883 -0.04859913 -0.014599966
0.428 -0.03500795 -0.04844882 -0.04684904 -0.0148332 -0.03577783 -0.05116073 -0.048608273 -0.013909949
0.4285 -0.03487008 -0.04852332 -0.04686553 -0.01410217 -0.03564871 -0.05126358 -0.048613373 -0.013210796
0.429 -0.03472324 -0.04859381 -0.04687781 -0.01336192 -0.035510458 -0.051361494 -0.04861445 -0.01250268
0.4295 -0.03456754 -0.04866033 -0.04688592 -0.01261264 -0.035363194 -0.05145452 -0.048611548 -0.0117857475
0.43 -0.03440309 -0.0487229 -0.0468899 -0.0118545 -0.035207048 -0.05154267 -0.04860469 -0.011060167
0.4305 -0.03423 -0.04878158 -0.0468898 -0.01108769 -0.035042156 -0.051625997 -0.048593886 -0.010326082
0.431 -0.03404838 -0.04883639 -0.04688564 -0.01031237 -0.034868628 -0.051704533 -0.048579197 -0.00958365
0.4315 -0.03385834 -0.04888736 -0.04687748 -0.009528703 -0.034686595 -0.0517783 -0.04856062 -0.008833006
0.432 -0.03365999 -0.04893454 -0.04686535 -0.008736859 -0.034496177 -0.051847346 -0.048538197 -0.008074293
0.4325 -0.03345345 -0.04897796 -0.04684929 -0.007936992 -0.034297496 -0.05191172 -0.048511956 -0.00730766
0.433 -0.03323881 -0.04901766 -0.04682934 -0.007129254 -0.034090668 -0.0519714 -0.048481923 -0.0065332204
0.4335 -0.03301617 -0.04905361 -0.04680554 -0.006313785 -0.0338758 -0.052026495 -0.04844813 -0.0057511143
0.434 -0.03278561 -0.04908581 -0.04677792 -0.005490719 -0.033653025 -0.05207701 -0.0484106 -0.0049614906
0.4345 -0.03254724 -0.04911429 -0.04674651 -0.004660197 -0.03342244 -0.052122973 -0.04836937 -0.004164446
0.435 -0.03230117 -0.04913912 -0.04671136 -0.003822361 -0.03318417 -0.052164443 -0.04832447 -0.0033601113
0.4355 -0.03204751 -0.04916034 -0.04667251 -0.002977347 -0.032938316 -0.052201435 -0.048275918 -0.0025486127
0.436 -0.03178637 -0.04917792 -0.04662985 -0.002125176 -0.03268498 -0.05223397 -0.04822374 -0.0017300583
0.4365 -0.03151782 -0.04919188 -0.04658337 -0.001266033 -0.0324243 -0.052262157 -0.048167977 -0.0009045638
0.437 -0.03124199 -0.04920234 -0.04653329 -0.0004001358 -0.03215634 -0.052285947 -0.048108652 -7.224083e-05
0.4375 -0.03095893 -0.04920936 -0.04647965 0.0004724209 -0.031881224 -0.052305423 -0.048045807 0.0007668026
0.438 -0.03066799 -0.04921288 -0.04642153 0.001351672 -0.031599052 -0.052320614 -0.04797945 0.0016124584
0.4385 -0.03036949 -0.04921283 -0.04635986 0.002237581 -0.031309925 -0.052331574 -0.047909632 0.0024646372
0.439 -0.03006403 -0.04920928 -0.04629533 0.003129906 -0.031013941 -0.052338295 -0.047836356 0.0033232085
0.4395 -0.02975189 -0.04920235 -0.04622791 0.004028441 -0.030711202 -0.052340865 -0.04775967 0.0041880943
0.44 -0.02943323 -0.04919215 -0.04615741 0.004933036 -0.030401796 -0.05233927 -0.047679603 0.0050591864
0.4405 -0.02910819 -0.04917877 -0.04608373 0.005843567 -0.030085824 -0.05233358 -0.047596186 0.0059363917
0.441 -0.02877688 -0.04916227 -0.04600678 0.006759921 -0.029763374 -0.052323833 -0.047509436 0.0068196245
0.4415 -0.02843939 -0.04914268 -0.04592657 0.007681926 -0.029434543 -0.052310057 -0.047419384 0.0077087916
0.442 -0.0280958 -0.04912002 -0.0458431 0.008609472 -0.02909942 -0.05229228 -0.047326073 0.008603789
0.4425 -0.02774617 -0.04909436 -0.04575642 0.009542497 -0.028758086 -0.05227057 -0.04722952 0.009504549
0.443 -0.02739052 -0.04906572 -0.04566654 0.01048093 -0.028410645 -0.052244924 -0.047129758 0.010410976
0.4435 -0.02702889 -0.04903417 -0.04557353 0.01142471 -0.02805717 -0.052215412 -0.047026813 0.011322971
0.444 -0.02666383 -0.04900143 -0.04552054 0.01236624 -0.027697742 -0.052182026 -0.046920717 0.012240481
0.4445 -0.02629827 -0.04896924 -0.04547174 0.01330245 -0.027332459 -0.052144825 -0.0468115 0.013163395
0.445 -0.02592881 -0.04893586 -0.04540047 0.01424356 -0.026961392 -0.052103862 -0.04669919 0.014091641
0.4455 -0.02555265 -0.04889976 -0.04530741 0.01519294 -0.02658463 -0.05205919 -0.04658381 0.015025165
0.446 -0.02516883 -0.04885965 -0.04519892 0.01614922 -0.02620225 -0.052010782 -0.046465382 0.015963852
0.4465 -0.0247787 -0.04881383 -0.0450815 0.01710471 -0.025814336 -0.051958717 -0.04634396 0.016907658
0.447 -0.02438294 -0.04876327 -0.04495884 0.01806498 -0.025420949 -0.051903017 -0.04621956 0.01785649
0.4475 -0.02398192 -0.0487076 -0.04483357 0.01902662 -0.025022194 -0.051843695 -0.0460922 0.01881029
0.448 -0.02357646 -0.04864781 -0.04470693 0.01999125 -0.024618115 -0.05178082 -0.04596191 0.019768964
0.4485 -0.02316515 -0.04858516 -0.04457806 0.02096484 -0.024208803 -0.051714435 -0.04582873 0.020732474
0.449 -0.02274704 -0.04852024 -0.04444661 0.02194841 -0.023794323 -0.05164451 -0.045692675 0.021700721
0.4495 -0.02232208 -0.04845325 -0.0443127 0.02294119 -0.023374751 -0.051571153 -0.04555378 0.022673663
0.45 -0.02189066 -0.04838421 -0.04417651 0.02394207 -0.022950169 -0.051494375 -0.045412075 0.023651212
0.4505 -0.02145326 -0.04831308 -0.04403822 0.0249501 -0.022520635 -0.051414184 -0.04526759 0.02463333
0.451 -0.02101033 -0.04823979 -0.0438979 0.02596448 -0.022086214 -0.05133065 -0.045120336 0.02561991
0.4515 -0.02056219 -0.04816427 -0.04375556 0.02698457 -0.021646988 -0.051243775 -0.04497034 0.026610922
0.452 -0.02010909 -0.04808648 -0.0436112 0.02800988 -0.021203008 -0.0511536 -0.04481764 0.027606305
0.4525 -0.01965121 -0.04800637 -0.04346478 0.02904002 -0.020754348 -0.05106017 -0.044662274 0.028605986
0.453 -0.01918868 -0.04792392 -0.04331625 0.03007465 -0.020301066 -0.0509635 -0.044504255 0.029609907
0.4535 -0.0187216 -0.0478391 -0.04316558 0.03111353 -0.019843236 -0.05086364 -0.04434362 0.030618016
0.454 -0.01825005 -0.04775192 -0.04301275 0.03215644 -0.019380916 -0.050760612 -0.044180363 0.03163025
0.4545 -0.01777409 -0.04766237 -0.04285771 0.03320322 -0.018914167 -0.050654456 -0.044014536 0.032646555
0.455 -0.01729379 -0.04757046 -0.04270047 0.03425371 -0.018443055 -0.050545186 -0.04384616 0.033666853
0.4555 -0.0168092 -0.04747621 -0.042541 0.03530781 -0.01796763 -0.05043287 -0.043675255 0.03469112
0.456 -0.01632039 -0.04737963 -0.04237932 0.0363654 -0.017487966 -0.05031749 -0.043501854 0.035719264
0.4565 -0.01582739 -0.04728073 -0.04221541 0.03742641 -0.017004106 -0.05019909 -0.04332598 0.036751296
0.457 -0.01533028 -0.04717954 -0.04204929 0.03849074 -0.016516116 -0.050077744 -0.04314767 0.03778712
0.4575 -0.0148291 -0.04707609 -0.04188097 0.03955832 -0.016024046 -0.049953423 -0.04296694 0.038826678
0.458 -0.01432394 -0.04697039 -0.04171046 0.04062905 -0.01552796 -0.04982619 -0.042783797 0.039869938
0.4585 -0.01381485 -0.04686247 -0.0415378 0.04170287 -0.015027899 -0.049696095 -0.042598285 0.040916856
0.459 -0.01330185 -0.04675236 -0.04136298 0.04277976 -0.0145239495 -0.049563117 -0.042410433 0.041967336
0.4595 -0.012785 -0.04664007 -0.04118602 0.04385969 -0.0140161365 -0.049427286 -0.042220242 0.043021377
0.46 -0.01226435 -0.04652564 -0.04100695 0.04494262 -0.0135045275 -0.04928869 -0.04202775 0.044078913
0.4605 -0.01173996 -0.04640908 -0.04082578 0.0460285 -0.012989145 -0.049147315 -0.041832983 0.045139913
0.461 -0.01121181 -0.04618487 -0.04064078 0.04711816 -0.01247007 -0.0490032 -0.04163596 0.046204325
0.4615 -0.01067978 -0.04588201 -0.04044887 0.04821145 -0.011947352 -0.04885637 -0.041436702 0.047272082
0.462 -0.01014414 -0.04558212 -0.04025243 0.04930708 -0.011421025 -0.04870686 -0.041235253 0.048343185
0.4625 -0.009605071 -0.04531647 -0.04005393 0.05040499 -0.010891154 -0.04855469 -0.041031614 0.04941752
0.463 -0.00906264 -0.04509329 -0.03985476 0.05150528 -0.010357786 -0.048399873 -0.040825795 0.050495114
0.4635 -0.00851687 -0.04490998 -0.03965546 0.05260802 -0.009820949 -0.048242465 -0.040617846 0.051575888
0.464 -0.007968583 -0.04475883 -0.03945639 0.05370706 -0.009280708 -0.04808247 -0.040407784 0.0526598
0.4645 -0.007420559 -0.04463113 -0.03925852 0.05479657 -0.008737113 -0.047919936 -0.04019563 0.053746816
0.465 -0.006871146 -0.04452064 -0.03906063 0.05588799 -0.008190181 -0.04775487 -0.039981388 0.054836895
0.4655 -0.006317921 -0.04442166 -0.0388614 0.05698574 -0.007640008 -0.047587298 -0.039765082 0.05592997
0.466 -0.005759931 -0.04432934 -0.03866032 0.05809018 -0.007086601 -0.047417276 -0.039546747 0.057026055
0.4665 -0.005197227 -0.04423981 -0.0384573 0.05920059 -0.006529998 -0.04724478 -0.03932642 0.058125075
0.467 -0.004630224 -0.04415004 -0.03825239 0.06031628 -0.0059702806 -0.0470699 -0.039104085 0.05922698
0.4675 -0.00405945 -0.04405675 -0.03804571 0.06143831 -0.0054074377 -0.0468926 -0.038879775 0.060331758
0.468 -0.003484947 -0.04395898 -0.03783729 0.0625643 -0.004841555 -0.046712935 -0.03865353 0.06143937
0.4685 -0.002906729 -0.04385653 -0.03762708 0.0636931 -0.0042726584 -0.046530925 -0.03842535 0.06254977
0.469 -0.002325189 -0.04374922 -0.03741505 0.06482455 -0.0037007965 -0.046346612 -0.038195275 0.06366292
0.4695 -0.001740731 -0.04363691 -0.03720124 0.06595859 -0.0031259954 -0.046160005 -0.037963323 0.064778775
0.47 -0.001153625 -0.04351956 -0.03698567 0.06709511 -0.002548311 -0.045971118 -0.037729472 0.065897316
0.4705 -0.0005640013 -0.04339722 -0.03676836 0.06823403 -0.001967769 -0.04577998 -0.037493795 0.06701851
0.471 2.809409e-05 -0.04327001 -0.03654934 0.06937526 -0.0013844036 -0.04558664 -0.037256278 0.068142295
0.4715 0.0006226633 -0.04313811 -0.03632863 0.07051874 -0.0007982813 -0.04539109 -0.037016947 0.06926867
0.472 0.001219754 -0.0430017 -0.03610625 0.07166441 -0.00020940974 -0.04519335 -0.036775824 0.070397586
0.4725 0.0018194 -0.042861 -0.03588219 0.07281222 0.00038215145 -0.044993483 -0.03653293 0.071528986
0.473 0.002421589 -0.04271626 -0.0356565 0.07396212 0.00097637996 -0.044791467 -0.036288284 0.07266289
0.4735 0.003026298 -0.04256775 -0.03542918 0.07511404 0.0015732236 -0.04458736 -0.036041923 0.07379924
0.474 0.003633494 -0.04241574 -0.03520027 0.07626795 0.00217266 -0.04438117 -0.035793833 0.07493797
0.4745 0.004243146 -0.04226046 -0.03496978 0.07742379 0.0027746633 -0.04417292 -0.035544045 0.076079085
0.475 0.004855224 -0.04210215 -0.03473775 0.07858153 0.003379181 -0.043962613 -0.035292573 0.07722257
0.4755 0.005469694 -0.04194102 -0.03450419 0.07974114 0.003986191 -0.043750316 -0.035039455 0.078368366
0.476 0.006086527 -0.04177726 -0.03426913 0.08090257 0.004595652 -0.043535978 -0.03478467 0.07951644
0.4765 0.006705689 -0.04161104 -0.03403259 0.08206581 0.0052075237 -0.043319702 -0.03452827 0.08066678
0.477 0.00732715 -0.04144251 -0.03379459 0.08323083 0.0058217794 -0.04310146 -0.03427025 0.081819355
0.4775 0.007950876 -0.0412718 -0.03355515 0.08439759 0.006438393 -0.04288128 -0.034010634 0.082974106
0.478 0.008576835 -0.04109905 -0.03331429 0.08556607 0.007057328 -0.042659193 -0.033749454 0.08413103
0.4785 0.009204951 -0.04092434 -0.03307204 0.08672919 0.0076785423 -0.04243522 -0.033486716 0.08529009
0.479 0.00983504 -0.04074779 -0.03282841 0.08789032 0.008302022 -0.042209357 -0.03322243 0.08645126
0.4795 0.01046708 -0.04056946 -0.03258343 0.0890554 0.008927707 -0.041981675 -0.032956615 0.08761454
0.48 0.01110115 -0.04038945 -0.03233712 0.09022461 0.009555612 -0.041752137 -0.03268929 0.08877984
0.4805 0.01173731 -0.04020781 -0.03208948 0.0913974 0.01018567 -0.04152079 -0.03242046 0.089947194
0.481 0.01237557 -0.0400246 -0.03184054 0.09257324 0.010817859 -0.04128763 -0.032150164 0.09111653
0.4815 0.01301594 -0.03983986 -0.03159031 0.09375174 0.0114521645 -0.041052744 -0.031878404 0.09228784
0.482 0.01365838 -0.0396536 -0.03133881 0.09493259 0.012088541 -0.04081606 -0.031605188 0.09346111
0.4825 0.01430281 -0.03946587 -0.03108607 0.09611553 0.012726959 -0.040577672 -0.031330533 0.094636306
0.483 0.01494922 -0.03927671 -0.0308321 0.09730039 0.013367388 -0.04033757 -0.031054486 0.09581338
0.4835 0.01559757 -0.03908618 -0.03057692 0.098487 0.014009837 -0.040095754 -0.030776992 0.09699234
0.484 0.01624785 -0.03889433 -0.03032052 0.09967527 0.014654223 -0.03985224 -0.030498158 0.09817313
0.4845 0.01690001 -0.03870119 -0.03006292 0.1008651 0.015300561 -0.039607085 -0.030217923 0.09935576
0.485 0.01755401 -0.03850679 -0.02980414 0.1020565 0.015948791 -0.039360285 -0.029936329 0.10054016
0.4855 0.0182098 -0.03831116 -0.02954419 0.1032493 0.016598914 -0.039111868 -0.029653415 0.10172637
0.486 0.01886735 -0.03811433 -0.02928309 0.1044435 0.017250884 -0.03886185 -0.029369153 0.1029143
0.4865 0.01952664 -0.03791631 -0.02902086 0.1056391 0.017904688 -0.03861022 -0.029083587 0.10410398
0.487 0.02018769 -0.03771712 -0.0287575 0.1068361 0.018560294 -0.038357027 -0.028796699 0.105295345
0.4875 0.02085053 -0.03751678 -0.02849303 0.1080344 0.019217681 -0.038102277 -0.028508533 0.10648838
0.488 0.02151509 -0.03731532 -0.02822746 0.1092341 0.019876797 -0.037845984 -0.028219089 0.10768308
0.4885 0.02218128 -0.03711273 -0.02796082 0.110435 0.020537663 -0.03758818 -0.0279284 0.1088794
0.489 0.02284904 -0.03690904 -0.0276931 0.1116372 0.021200221 -0.037328877 -0.027636461 0.11007734
0.4895 0.02351834 -0.03670425 -0.02742434 0.1128406 0.021864455 -0.037068076 -0.02734328 0.111276865
0.49 0.02418915 -0.0364984 -0.02715453 0.1140453 0.02253035 -0.0368058 -0.027048856 0.11247794
0.4905 0.02486145 -0.03629148 -0.0268837 0.1152512 0.023197863 -0.036542065 -0.026753247 0.11368056
0.491 0.02553523 -0.03608351 -0.02661186 0.1164582 0.023866992 -0.036276884 -0.026456423 0.114884734
0.4915 0.02621048 -0.03587451 -0.02633901 0.1176664 0.024537701 -0.036010303 -0.02615843 0.11609037
0.492 0.02688719 -0.03566449 -0.02606518 0.1188757 0.025209952 -0.03574229 -0.02585926 0.1172975
0.4925 0.02756534 -0.03545346 -0.02579037 0.1200862 0.02588376 -0.035472922 -0.025558919 0.11850609
0.493 0.02824491 -0.03524144 -0.02551459 0.1212978 0.026559088 -0.035202123 -0.025257438 0.11971612
0.4935 0.02892583 -0.03502844 -0.02523787 0.1225104 0.027235914 -0.034929954 -0.024954833 0.12092759
0.494 0.02960779 -0.03481449 -0.02496026 0.1237238 0.0279142 -0.034656517 -0.02465111 0.12214042
0.4945 0.03029078 -0.03459964 -0.02468179 0.1249379 0.028593939 -0.034381688 -0.02434627 0.12335466
0.495 0.03097498 -0.03438389 -0.02440243 0.1261529 0.029275093 -0.034105547 -0.024040326 0.124570236
0.4955 0.03166053 -0.03416723 -0.02412218 0.1273689 0.02995767 -0.033828072 -0.023733303 0.12578717
0.496 0.03234747 -0.03394968 -0.02384102 0.128586 0.030641627 -0.03354937 -0.023425192 0.12700543
0.4965 0.0330358 -0.03373124 -0.02355897 0.1298041 0.03132696 -0.03326936 -0.023116015 0.12822494
0.497 0.03372549 -0.03351191 -0.02327603 0.1310233 0.032013614 -0.03298808 -0.022805795 0.1294458
0.4975 0.03441653 -0.03329169 -0.02299221 0.1322435 0.032701615 -0.032705568 -0.022494525 0.13066788
0.498 0.03510887 -0.0330706 -0.02270753 0.1334648 0.0333909 -0.03242182 -0.022182234 0.13189119
0.4985 0.03580248 -0.03284863 -0.022422 0.1346871 0.034081493 -0.032136865 -0.021868907 0.13311575
0.499 0.03649735 -0.0326258 -0.02213564 0.1359104 0.03477333 -0.03185068 -0.021554574 0.13434152
0.4995 0.03719343 -0.03240211 -0.02184844 0.1371347 0.03546642 -0.031563304 -0.021239236 0.13556845
0.5 0.03789071 -0.03217757 -0.02156043 0.13836 0.035078365 -0.031894438 -0.020039298 0.12761505
