2.838855385780334473e-01 1.572260260581970215e-01
1.570547372102737427e-01 1.823194473981857300e-01
1.697802692651748657e-01 7.937883585691452026e-02
6.967826187610626221e-02 9.555535018444061279e-02
7.988811284303665161e-02 6.765395402908325195e-02
5.822201445698738098e-02 4.802684113383293152e-02
4.241710901260375977e-02 3.668555989861488342e-02
3.363820537924766541e-02 3.756468743085861206e-02
3.635375201702117920e-02 3.603712096810340881e-02
3.484617173671722412e-02 3.433543816208839417e-02
3.024502657353878021e-02 3.277408704161643982e-02
2.635683119297027588e-02 3.239974752068519592e-02
2.559961937367916107e-02 3.252612799406051636e-02
2.691436931490898132e-02 2.710914053022861481e-02
2.294624224305152893e-02 1.966795325279235840e-02
1.596823520958423615e-02 1.834380440413951874e-02
1.462463755160570145e-02 2.026941813528537750e-02
1.629610359668731689e-02 1.812161318957805634e-02
1.509334146976470947e-02 1.329990196973085403e-02
1.163583435118198395e-02 1.019761525094509125e-02
9.283818304538726807e-03 1.023676153272390366e-02
8.974324911832809448e-03 1.154940947890281677e-02
9.338689967989921570e-03 1.152202021330595016e-02
8.757431991398334503e-03 1.002523675560951233e-02
7.431072182953357697e-03 8.249364793300628662e-03
6.234788335859775543e-03 6.964133586734533310e-03
5.497658159583806992e-03 6.517324596643447876e-03
5.297945346683263779e-03 6.407899316400289536e-03
5.282166879624128342e-03 6.027333904057741165e-03
4.927289206534624100e-03 5.528038367629051208e-03
4.384647123515605927e-03 5.267833825200796127e-03
4.108864348381757736e-03 5.095609929412603378e-03
4.020866937935352325e-03 4.855711478739976883e-03
3.876015078276395798e-03 4.537663422524929047e-03
3.558597294613718987e-03 4.140069242566823959e-03
3.122966969385743141e-03 3.787430468946695328e-03
2.817561384290456772e-03 3.587339771911501884e-03
2.729341620579361916e-03 3.446184098720550537e-03
2.639474812895059586e-03 3.178727580234408379e-03
2.315851161256432533e-03 2.996530383825302124e-03
2.025496214628219604e-03 3.030476393178105354e-03
1.977020874619483948e-03 3.023362020030617714e-03
1.958615612238645554e-03 2.742361743003129959e-03
1.758662285283207893e-03 2.421830780804157257e-03
1.613259082660079002e-03 2.229653298854827881e-03
1.631882274523377419e-03 2.107713371515274048e-03
1.635586493648588657e-03 1.983743859454989433e-03
1.498289755545556545e-03 1.919915201142430305e-03
1.357026048935949802e-03 1.913960091769695282e-03
1.324054552242159843e-03 1.849228865467011929e-03
1.302799559198319912e-03 1.679009525105357170e-03
1.192248775623738766e-03 1.551268505863845348e-03
1.110785990022122860e-03 1.506024156697094440e-03
1.102491631172597408e-03 1.437112339772284031e-03
1.060590380802750587e-03 1.353747677057981491e-03
9.718192741274833679e-04 1.322022522799670696e-03
9.207940893247723579e-04 1.294341287575662136e-03
8.997045224532485008e-04 1.241562655195593834e-03
8.661264437250792980e-04 1.164943911135196686e-03
8.066596346907317638e-04 1.098859822377562523e-03
7.650170009583234787e-04 1.065563876181840897e-03
7.460466586053371429e-04 1.032052095979452133e-03
7.113145547918975353e-04 9.825667366385459900e-04
6.637392216362059116e-04 9.585024090483784676e-04
6.388522451743483543e-04 9.462468442507088184e-04
6.181650678627192974e-04 9.200006024911999702e-04
5.822015809826552868e-04 8.985745953395962715e-04
5.595816182903945446e-04 8.789579151198267937e-04
5.495951045304536819e-04 8.592479862272739410e-04
5.309757543727755547e-04 8.414570474997162819e-04
5.104005686007440090e-04 8.233307162299752235e-04
4.956247285008430481e-04 8.048877934925258160e-04
4.787188081536442041e-04 7.715296815149486065e-04
4.552962782327085733e-04 7.346018683165311813e-04
4.382662591524422169e-04 7.101756636984646320e-04
4.284824826754629612e-04 6.875269464217126369e-04
4.128053842578083277e-04 6.692948518320918083e-04
3.980330075137317181e-04 6.569682154804468155e-04
3.882389573846012354e-04 6.388450856320559978e-04
3.754823119379580021e-04 6.166795501485466957e-04
3.636226756498217583e-04 6.023039459250867367e-04
3.537933516781777143e-04 5.918337265029549599e-04
3.425417235121130943e-04 5.806040717288851738e-04
3.324043354950845242e-04 5.718561005778610706e-04
3.234090399928390980e-04 5.575341638177633286e-04
3.138926986139267683e-04 5.377373308874666691e-04
3.051518287975341082e-04 5.232060793787240982e-04
2.975079696625471115e-04 5.108320619910955429e-04
2.894282806664705276e-04 5.007305298931896687e-04
2.817435015458613634e-04 4.955957992933690548e-04
2.749595150817185640e-04 4.872377903666347265e-04
2.677124866750091314e-04 4.767223144881427288e-04
2.615536213852465153e-04 4.658022953663021326e-04
2.555155951995402575e-04 4.504622484091669321e-04
2.483989228494465351e-04 4.398894379846751690e-04
2.425391430733725429e-04 4.325069603510200977e-04
2.367944689467549324e-04 4.238727851770818233e-04
2.307636605110019445e-04 4.178083909209817648e-04
2.253566635772585869e-04 4.095168842468410730e-04
2.199702139478176832e-04 4.005828523077070713e-04
2.149223873857408762e-04 3.938607987947762012e-04
2.101815771311521530e-04 3.855031682178378105e-04
2.055223740171641111e-04 3.789942711591720581e-04
2.011059550568461418e-04 3.722523688338696957e-04
1.968303258763626218e-04 3.642699739430099726e-04
1.925832621054723859e-04 3.582409117370843887e-04
1.885194797068834305e-04 3.509742964524775743e-04
1.845286024035885930e-04 3.452018136158585548e-04
1.808388915378600359e-04 3.391788050066679716e-04
1.773160474840551615e-04 3.316650108899921179e-04
1.737203565426170826e-04 3.252473834436386824e-04
1.705534523352980614e-04 3.177608305122703314e-04
1.673879596637561917e-04 3.123525821138173342e-04
1.642864808673039079e-04 3.070116508752107620e-04
1.614796929061412811e-04 3.020403091795742512e-04
1.586006401339545846e-04 2.971719077322632074e-04
1.559094816911965609e-04 2.917880483437329531e-04
1.534223993076011539e-04 2.871765173040330410e-04
1.509037538198754191e-04 2.822197857312858105e-04
1.485555985709652305e-04 2.789251157082617283e-04
1.462904911022633314e-04 2.748673432506620884e-04
1.439845218556001782e-04 2.718884206842631102e-04
1.418505125911906362e-04 2.672470873221755028e-04
1.397692394675686955e-04 2.637194993440061808e-04
1.377256849082186818e-04 2.592390228528529406e-04
1.357716100756078959e-04 2.568723575677722692e-04
1.338661677436903119e-04 2.526810567360371351e-04
1.320098090218380094e-04 2.509384939912706614e-04
1.302515593124553561e-04 2.461021940689533949e-04
1.286222977796569467e-04 2.462012926116585732e-04
1.271981163881719112e-04 2.405247360002249479e-04
1.262951991520822048e-04 2.453873457852751017e-04
1.264971506316214800e-04 2.388454013271257281e-04
1.295143156312406063e-04 2.618632861413061619e-04
1.398093882016837597e-04 2.699770266190171242e-04
1.696275430731475353e-04 3.860779106616973877e-04
2.484101569280028343e-04 5.276789306662976742e-04
4.433062276802957058e-04 1.010021544061601162e-03
8.085370063781738281e-04 1.274941605515778065e-03
1.210564398206770420e-03 1.412350451573729515e-03
1.140921260230243206e-03 5.324733210727572441e-04
4.434682487044483423e-04 2.647289948072284460e-04
1.365372299915179610e-04 7.590092136524617672e-04
5.384756950661540031e-04 7.253488874994218349e-04
6.425746832974255085e-04 3.925048804376274347e-04
2.232010738225653768e-04 3.571682318579405546e-04
1.899013441288843751e-04 5.510707269422709942e-04
4.729085485450923443e-04 5.179421277716755867e-04
3.101590846199542284e-04 2.711201668716967106e-04
1.195388758787885308e-04 4.087986890226602554e-04
3.193527518305927515e-04 4.924197564832866192e-04
2.993542584590613842e-04 2.398047072347253561e-04
1.130696036852896214e-04 3.261685196775943041e-04
2.312347933184355497e-04 4.456783644855022430e-04
2.654507989063858986e-04 2.344159001950174570e-04
1.152755212388001382e-04 2.745512465480715036e-04
1.772498799255117774e-04 4.019093175884336233e-04
2.278995525557547808e-04 2.276827144669368863e-04
1.165763023891486228e-04 2.418916847091168165e-04
1.423451321898028255e-04 3.549182729329913855e-04
1.959920627996325493e-04 2.190248342230916023e-04
1.175703728222288191e-04 2.168421196984127164e-04
1.175920478999614716e-04 3.134181315544992685e-04
1.677852706052362919e-04 2.168210630770772696e-04
1.182178384624421597e-04 2.060522820102050900e-04
1.009717452689073980e-04 2.794690662994980812e-04
1.426569360774010420e-04 2.098735130857676268e-04
1.186427980428561568e-04 1.935090986080467701e-04
9.153111022897064686e-05 2.406199637334793806e-04
1.201204504468478262e-04 2.019684034166857600e-04
1.177081358036957681e-04 1.912237348733469844e-04
8.898322994355112314e-05 2.103039005305618048e-04
1.006206875899806619e-04 1.938629575306549668e-04
1.121862442232668400e-04 1.951119338627904654e-04
9.166017844108864665e-05 1.865643425844609737e-04
8.720675396034494042e-05 1.825534418458119035e-04
1.015689122141338885e-04 1.951207814272493124e-04
9.503246837994083762e-05 1.688452466623857617e-04
8.184895705198869109e-05 1.682799338595941663e-04
8.842496026773005724e-05 1.895892928587272763e-04
9.375252557219937444e-05 1.638615649426355958e-04
8.358170452993363142e-05 1.611620682524517179e-04
7.904323138063773513e-05 1.751552044879645109e-04
8.568535122321918607e-05 1.599024108145385981e-04
8.542659634258598089e-05 1.612790219951421022e-04
7.764669862808659673e-05 1.591881591593846679e-04
7.662874122615903616e-05 1.541139645269140601e-04
8.097407408058643341e-05 1.632801868254318833e-04
7.957284833537414670e-05 1.497664488852024078e-04
7.417361484840512276e-05 1.488696725573390722e-04
7.362940959865227342e-05 1.580558164278045297e-04
7.634178473381325603e-05 1.464023662265390158e-04
7.538712816312909126e-05 1.482471998315304518e-04
7.162788824643939734e-05 1.457753533031791449e-04
7.051332795526832342e-05 1.421804627170786262e-04
7.210078911157324910e-05 1.489182177465409040e-04
7.208531314972788095e-05 1.393689308315515518e-04
6.963208579691126943e-05 1.394798164255917072e-04
6.787305756006389856e-05 1.416570594301447272e-04
6.828294863225892186e-05 1.364927302347496152e-04
6.887113704578951001e-05 1.404703507432714105e-04
6.783567368984222412e-05 1.340217277174815536e-04
6.604136433452367783e-05 1.333255786448717117e-04
6.522653711726889014e-05 1.353726693196222186e-04
6.548751844093203545e-05 1.305830664932727814e-04
6.554951687576249242e-05 1.335061679128557444e-04
6.467338243965059519e-05 1.285653561353683472e-04
6.342288543237373233e-05 1.280856959056109190e-04
6.268398283282294869e-05 1.288293569814413786e-04
6.258994835661724210e-05 1.251341018360108137e-04
6.256610504351556301e-05 1.276329858228564262e-04
6.210160790942609310e-05 1.231433852808550000e-04
6.125448271632194519e-05 1.234932715306058526e-04
6.043678877176716924e-05 1.223014405695721507e-04
5.995463652652688324e-05 1.203963329317048192e-04
5.975303793093189597e-05 1.220249323523603380e-04
5.956759559921920300e-05 1.184553111670538783e-04
5.918994429521262646e-05 1.198514728457666934e-04
5.861250247107818723e-05 1.169051029137335718e-04
5.797623452963307500e-05 1.168534145108424127e-04
5.743031942984089255e-05 1.160185347544029355e-04
5.703385249944403768e-05 1.144597918028011918e-04
5.674738349625840783e-05 1.153701014118269086e-04
5.648648220812901855e-05 1.128617004724219441e-04
5.618029899778775871e-05 1.140590975410304964e-04
5.580097058555111289e-05 1.113007456297054887e-04
5.536388925975188613e-05 1.120194574468769133e-04
5.490387411555275321e-05 1.100051886169239879e-04
5.445432179840281606e-05 1.099839792004786432e-04
5.403620889410376549e-05 1.088807839551009238e-04
5.365619290387257934e-05 1.081653754226863384e-04
5.331054489943198860e-05 1.079760113498196006e-04
5.299053736962378025e-05 1.066443364834412932e-04
5.268849054118618369e-05 1.069596182787790895e-04
5.239916936261579394e-05 1.051216240739449859e-04
5.212128235143609345e-05 1.059975693351589143e-04
5.185764894122257829e-05 1.038174232235178351e-04
5.161556691746227443e-05 1.052222651196643710e-04
5.140911525813862681e-05 1.025349629344418645e-04
5.126083851791918278e-05 1.048669073497876525e-04
5.121161302668042481e-05 1.015371526591479778e-04
5.133118975209072232e-05 1.056190012604929507e-04
5.175498154130764306e-05 1.013845176203176379e-04
5.272427733871154487e-05 1.095755942515097558e-04
5.473354758578352630e-05 1.051043363986536860e-04
5.870204768143594265e-05 1.242967991856858134e-04
6.661100633209571242e-05 1.249392807949334383e-04
8.217911818064749241e-05 1.788735680747777224e-04
1.138221487053669989e-04 2.134234819095581770e-04
1.763407344697043300e-04 3.894381807185709476e-04
3.034833061974495649e-04 5.640196613967418671e-04
5.345003446564078331e-04 1.088664401322603226e-03
9.410079801455140114e-04 1.407760079018771648e-03
1.386917778290808201e-03 1.912430161610245705e-03
1.671402715146541595e-03 1.137543586082756519e-03
1.116207567974925041e-03 4.419366887304931879e-04
3.004344180226325989e-04 2.270319091621786356e-04
1.158063969342038035e-04 6.254409090615808964e-04
6.020991713739931583e-04 8.932195487432181835e-04
6.916151614859700203e-04 2.219937741756439209e-04
1.751618838170543313e-04 2.060145779978483915e-04
1.557437499286606908e-04 7.083300151862204075e-04
4.885725211352109909e-04 3.111671248916536570e-04
2.860704553313553333e-04 1.591168256709352136e-04
6.803884753026068211e-05 4.576136707328259945e-04
2.832753816619515419e-04 3.064704360440373421e-04
2.748352417256683111e-04 1.701088622212409973e-04
6.924025365151464939e-05 3.015256661456078291e-04
1.675592502579092979e-04 2.774032182060182095e-04
2.307087124790996313e-04 1.923146919580176473e-04
8.064390567597001791e-05 2.307445538463070989e-04
1.083939423551782966e-04 2.359931531827896833e-04
1.863029028754681349e-04 2.010318276006728411e-04
8.794306631898507476e-05 1.828474923968315125e-04
7.671454659430310130e-05 1.971762685570865870e-04
1.484466774854809046e-04 1.988694566534832120e-04
9.232643787981942296e-05 1.488253328716382384e-04
5.920381590840406716e-05 1.691807992756366730e-04
1.161695836344733834e-04 1.972214813577011228e-04
9.323780250269919634e-05 1.335437991656363010e-04
5.228067311691120267e-05 1.483188098063692451e-04
9.038321150001138449e-05 1.894156739581376314e-04
9.043478348758071661e-05 1.228893379447981715e-04
5.138049164088442922e-05 1.283413730561733246e-04
7.000550976954400539e-05 1.763593463692814112e-04
8.400626393267884851e-05 1.163205815828405321e-04
5.420200614025816321e-05 1.158117229351773858e-04
5.569618588197045028e-05 1.613619097042828798e-04
7.443754293490201235e-05 1.146073918789625168e-04
5.800059443572536111e-05 1.105886622099205852e-04
4.763758988701738417e-05 1.401387999067083001e-04
6.258819485083222389e-05 1.127015784732066095e-04
5.987989788991399109e-05 1.100797526305541396e-04
4.588706360664218664e-05 1.199007747345604002e-04
5.160460568731650710e-05 1.091847079806029797e-04
5.779910861747339368e-05 1.135797501774504781e-04
4.811813414562493563e-05 1.063344680005684495e-04
4.455895395949482918e-05 1.026584213832393289e-04
5.172919918550178409e-05 1.150066818809136748e-04
5.022978803026489913e-05 9.795953519642353058e-05
4.308573988964781165e-05 9.649134881328791380e-05
4.495247776503674686e-05 1.106775816879235208e-04
4.880566484644077718e-05 9.500914893578737974e-05
4.488206468522548676e-05 9.577342279953882098e-05
4.140271266805939376e-05 1.031320280162617564e-04
4.413611532072536647e-05 9.413975203642621636e-05
4.533916217042133212e-05 9.821229468798264861e-05
4.190572872175835073e-05 9.414837404619902372e-05
4.045422610943205655e-05 9.074273111764341593e-05
4.254874147591181099e-05 9.837897960096597672e-05
4.272325168130919337e-05 8.917709055822342634e-05
4.021727363578975201e-05 8.904436981538310647e-05
3.945850403397344053e-05 9.435202082386240363e-05
4.082929808646440506e-05 8.749781409278512001e-05
4.082240047864615917e-05 9.022228186950087547e-05
3.911415842594578862e-05 8.790994615992531180e-05
3.844839011435396969e-05 8.523065480403602123e-05
3.925527926185168326e-05 8.995473763206973672e-05
3.939938324037939310e-05 8.416062337346374989e-05
3.829274282907135785e-05 8.444322884315624833e-05
3.755000579985789955e-05 8.600740693509578705e-05
3.788600588450208306e-05 8.215087291318923235e-05
3.816548996837809682e-05 8.508597966283559799e-05
3.758742604986764491e-05 8.176159462891519070e-05
3.684145849547348917e-05 8.097091631498187780e-05
3.674705658340826631e-05 8.329698175657540560e-05
3.699810258694924414e-05 7.970807200763374567e-05
3.685450064949691296e-05 8.148299821186810732e-05
3.630309947766363621e-05 7.984900730662047863e-05
3.591146742110140622e-05 7.878714677644893527e-05
3.592003122321330011e-05 8.074306970229372382e-05
3.598560215323232114e-05 7.781144813634455204e-05
3.576396193238906562e-05 7.890897541074082255e-05
3.536211079335771501e-05 7.776269922032952309e-05
3.509692760417237878e-05 7.676875975448638201e-05
3.505480708554387093e-05 7.820052996976301074e-05
3.503811240079812706e-05 7.597813964821398258e-05
3.486325294943526387e-05 7.702186121605336666e-05
3.457346974755637348e-05 7.594776252517476678e-05
3.433536403463222086e-05 7.535787153756245971e-05
3.422721783863380551e-05 7.615891081513836980e-05
3.417307380004785955e-05 7.448076212313026190e-05
3.405901952646672726e-05 7.541846571257337928e-05
3.385939271538518369e-05 7.419020403176546097e-05
3.364118310855701566e-05 7.411442493321374059e-05
3.347781603224575520e-05 7.424964860547333956e-05
3.337668749736621976e-05 7.312975503737106919e-05
3.328823368065059185e-05 7.387391087831929326e-05
3.316429865662939847e-05 7.254687079694122076e-05
3.299947275081649423e-05 7.287985499715432525e-05
3.282515172031708062e-05 7.230028131743893027e-05
3.267468127887696028e-05 7.188916060840710998e-05
3.255659976275637746e-05 7.217281381599605083e-05
3.245445986976847053e-05 7.120005466276779771e-05
3.234486212022602558e-05 7.169564196374267340e-05
3.221623410354368389e-05 7.071993604768067598e-05
3.207312693120911717e-05 7.090187136782333255e-05
3.192939402651973069e-05 7.039259799057617784e-05
3.179677150910720229e-05 7.007510430412366986e-05
3.167827162542380393e-05 7.011725392658263445e-05
3.156917955493554473e-05 6.943467451492324471e-05
3.146155358990654349e-05 6.972529081394895911e-05
3.134922371827997267e-05 6.890673103043809533e-05
3.123051283182576299e-05 6.914194818818941712e-05
3.110727993771433830e-05 6.848519115010276437e-05
3.098360684816725552e-05 6.850040517747402191e-05
3.086263677687384188e-05 6.812603533035144210e-05
3.074647975154221058e-05 6.787606980651617050e-05
3.063477561227045953e-05 6.777910311939194798e-05
3.052699321415275335e-05 6.732091424055397511e-05
3.042131174879614264e-05 6.740297976648434997e-05
3.031646701856516302e-05 6.681112427031621337e-05
3.021130760316736996e-05 6.697717617498710752e-05
3.010574982909020036e-05 6.635137833654880524e-05
2.999995558639056981e-05 6.653696618741378188e-05
2.989401764352805912e-05 6.591922283405438066e-05
2.978839984280057251e-05 6.608927651541307569e-05
2.968340049847029150e-05 6.550770922331139445e-05
2.957928154501132667e-05 6.565947842318564653e-05
2.947643770312424749e-05 6.508389196824282408e-05
2.937466706498526037e-05 6.523027695948258042e-05
2.927448440459556878e-05 6.464862963184714317e-05
2.917596430052071810e-05 6.484779441962018609e-05
2.907951056840829551e-05 6.421173748094588518e-05
2.898576531151775271e-05 6.451818626374006271e-05
2.889586539822630584e-05 6.375288648996502161e-05
2.881174805224873126e-05 6.426828622352331877e-05
2.873653102142270654e-05 6.326110451482236385e-05
2.867637704184744507e-05 6.417917029466480017e-05
2.864209272956941277e-05 6.276189378695562482e-05
2.865311762434430420e-05 6.448197382269427180e-05
2.874701385735534132e-05 6.239912909222766757e-05
2.899337232520338148e-05 6.583833601325750351e-05
2.953272996819578111e-05 6.288554141065105796e-05
3.063100666622631252e-05 7.052591536194086075e-05
3.285409911768510938e-05 6.754967762390151620e-05
3.728377123479731381e-05 8.727592648938298225e-05
4.636712037608958781e-05 9.149902325589209795e-05
6.469026266131550074e-05 1.525100960861891508e-04
1.034210581565275788e-04 2.028342132689431310e-04
1.814800052670761943e-04 4.217452951706945896e-04
3.489984082989394665e-04 6.750629981979727745e-04
6.598955369554460049e-04 1.421169843524694443e-03
1.272487454116344452e-03 2.008012495934963226e-03
1.995295984670519829e-03 3.057200228795409203e-03
2.762594725936651230e-03 2.034384058788418770e-03
2.016599290072917938e-03 8.560218848288059235e-04
6.757823866792023182e-04 2.023756096605211496e-04
9.462812886340543628e-05 8.998065022751688957e-04
8.877342334017157555e-04 1.425289083272218704e-03
1.150469295680522919e-03 2.549254859331995249e-04
2.163559693144634366e-04 3.185730020049959421e-04
2.974117815028876066e-04 1.165502239018678665e-03
8.308991091325879097e-04 2.938190300483256578e-04
2.707533421926200390e-04 2.228188386652618647e-04
1.694516395218670368e-04 8.635327103547751904e-04
5.749273695982992649e-04 2.455957583151757717e-04
2.028307353612035513e-04 2.027151203947141767e-04
1.423108042217791080e-04 6.362476269714534283e-04
4.184517893008887768e-04 2.011532924370840192e-04
1.330398081336170435e-04 2.110345230903476477e-04
1.434565783711150289e-04 5.103003932163119316e-04
3.127244708593934774e-04 1.704780734144151211e-04
8.621170854894444346e-05 2.073959622066468000e-04
1.475459139328449965e-04 4.062223597429692745e-04
2.325973764527589083e-04 1.434788136975839734e-04
5.951589992037042975e-05 1.923495583469048142e-04
1.453232835046947002e-04 3.192537114955484867e-04
1.728196366457268596e-04 1.355030253762379289e-04
4.920076389680616558e-05 1.840156037360429764e-04
1.350549719063565135e-04 2.620682353153824806e-04
1.277011324418708682e-04 1.376183936372399330e-04
4.640666884370148182e-05 1.681927387835457921e-04
1.212342540384270251e-04 2.122712612617760897e-04
9.526271605864167213e-05 1.351214741589501500e-04
4.625415022019296885e-05 1.510468864580616355e-04
1.050487408065237105e-04 1.804526691557839513e-04
7.412857667077332735e-05 1.347636862192302942e-04
4.596161306835711002e-05 1.380449830321595073e-04
8.970906492322683334e-05 1.564026169944554567e-04
6.029447104083374143e-05 1.279639982385560870e-04
4.438800897332839668e-05 1.242159632965922356e-04
7.621077384101226926e-05 1.370702229905873537e-04
5.193429387873038650e-05 1.187242087326012552e-04
4.189430183032527566e-05 1.141956527135334909e-04
6.529303209390491247e-05 1.261100405827164650e-04
4.670808266382664442e-05 1.126271890825591981e-04
3.905298217432573438e-05 1.069839927367866039e-04
5.631534804706461728e-05 1.188242677017115057e-04
4.332150274422019720e-05 1.046377728926017880e-04
3.628924241638742387e-05 9.793634671950712800e-05
4.936154437018558383e-05 1.113321850425563753e-04
4.112662281841039658e-05 9.682161908131092787e-05
3.400947025511413813e-05 9.263714309781789780e-05
4.365637869341298938e-05 1.085060430341400206e-04
3.943395495298318565e-05 9.322683035861700773e-05
3.235688927816227078e-05 8.989242633106186986e-05
3.902299431501887739e-05 1.046164979925379157e-04
3.797363024204969406e-05 8.826092380331829190e-05
3.143634603475220501e-05 8.579900168115273118e-05
3.517156073939986527e-05 1.002387871267274022e-04
3.642379670054651797e-05 8.468362648272886872e-05
3.102548726019449532e-05 8.337520557688549161e-05
3.216671029804274440e-05 9.634135494707152247e-05
3.461366941337473691e-05 8.203895413316786289e-05
3.098924207733944058e-05 8.166108455043286085e-05
3.011088483617641032e-05 9.120484173763543367e-05
3.257354910601861775e-05 7.938143971841782331e-05
3.093345367233268917e-05 8.048681047512218356e-05
2.896127443818841130e-05 8.597851410740986466e-05
3.051215935556683689e-05 7.765176269458606839e-05
3.055160777876153588e-05 8.055685611907392740e-05
2.854633567039854825e-05 8.140832505887374282e-05
2.880565807572565973e-05 7.580296369269490242e-05
2.968353510368615389e-05 8.009934390429407358e-05
2.848407348210457712e-05 7.706227916060015559e-05
2.771692561509553343e-05 7.397613080684095621e-05
2.848225449270103127e-05 7.910149724921211600e-05
2.831139499903656542e-05 7.419520989060401917e-05
2.728076287894509733e-05 7.323218596866354346e-05
2.734645750024355948e-05 7.732859376119449735e-05
2.774398853944148868e-05 7.201840344350785017e-05
2.714985384955070913e-05 7.260525308083742857e-05
2.662586121005006135e-05 7.441247726092115045e-05
2.689139000722207129e-05 7.045146048767492175e-05
2.689079883566591889e-05 7.255601667566224933e-05
2.633845360833220184e-05 7.187308801803737879e-05
2.614737968542613089e-05 6.963804480619728565e-05
2.633165786392055452e-05 7.221386476885527372e-05
2.615325138322077692e-05 6.962999032111838460e-05
2.575098733359482139e-05 6.888171628816053271e-05
2.569273965491447598e-05 7.067115802783519030e-05
2.576505721663124859e-05 6.780378316761925817e-05
2.555006904003676027e-05 6.852965452708303928e-05
2.527306423871777952e-05 6.886301707709208131e-05
2.524015508242882788e-05 6.690346344839781523e-05
2.524133378756232560e-05 6.836940883658826351e-05
2.504768417566083372e-05 6.708922592224553227e-05
2.484370270394720137e-05 6.627287802984938025e-05
2.480225884937681258e-05 6.746000144630670547e-05
2.476931331329979002e-05 6.558695895364508033e-05
2.460975883877836168e-05 6.591567216673865914e-05
2.444616438879165798e-05 6.607588875340297818e-05
2.438800220261327922e-05 6.469262007158249617e-05
2.434127418382558972e-05 6.559514440596103668e-05
2.421373210381716490e-05 6.460130680352449417e-05
2.407367719570174813e-05 6.409448542399331927e-05
2.400044468231499195e-05 6.469246727647259831e-05
2.394767034274991602e-05 6.337299419101327658e-05
2.384639628871809691e-05 6.369693437591195107e-05
2.372394737903960049e-05 6.344192661345005035e-05
2.363938983762636781e-05 6.262804527068510652e-05
2.358087112952489406e-05 6.320344255072996020e-05
2.349941860302351415e-05 6.227473932085558772e-05
2.339402817597147077e-05 6.217772897798568010e-05
2.330314964638091624e-05 6.224846583791077137e-05
2.323720582353416830e-05 6.140207551652565598e-05
2.316793506906833500e-05 6.177416071295738220e-05
2.307935938006266952e-05 6.120575562817975879e-05
2.298911203979514539e-05 6.092123294365592301e-05
2.291533928655553609e-05 6.108759407652541995e-05
2.284978290845174342e-05 6.034039688529446721e-05
2.277552084706258029e-05 6.051289892639033496e-05
2.269263131893239915e-05 6.013098754920065403e-05
2.261449662910308689e-05 5.977616092422977090e-05
2.254654100397601724e-05 5.992412843625061214e-05
2.248015698569361120e-05 5.931924533797428012e-05
2.240749017801135778e-05 5.939666152698919177e-05
2.233175109722651541e-05 5.911249172640964389e-05
2.226028664154000580e-05 5.876832437934353948e-05
2.219475936726666987e-05 5.885051723453216255e-05
2.212947401858400553e-05 5.834070543642155826e-05
2.206076351285446435e-05 5.835880801896564662e-05
2.199064329033717513e-05 5.810072616441175342e-05
2.192324973293580115e-05 5.781651634606532753e-05
2.185940502386074513e-05 5.784209861303679645e-05
2.179628972953651100e-05 5.741369750467129052e-05
2.173156281060073525e-05 5.740769120166078210e-05
2.166582089557778090e-05 5.713484642910771072e-05
2.160142685170285404e-05 5.690819307346828282e-05
2.153938658011611551e-05 5.686526856152340770e-05
2.147844315913971514e-05 5.650657112710177898e-05
2.141725963156204671e-05 5.649573722621425986e-05
2.135521935997530818e-05 5.621385571430437267e-05
2.129368112946394831e-05 5.605826299870386720e-05
2.123338344972580671e-05 5.594767208094708622e-05
2.117438270943239331e-05 5.565760511672124267e-05
2.111585308739449829e-05 5.562588921748101711e-05
2.105716885125730187e-05 5.533899093279615045e-05
2.099848643410950899e-05 5.524230073206126690e-05
2.094024057441856712e-05 5.506572051672264934e-05
2.088281871692743152e-05 5.485276778927072883e-05
2.082632818201091141e-05 5.477491140482015908e-05
2.077020508295390755e-05 5.451076503959484398e-05
2.071421658911276609e-05 5.444350608740933239e-05
2.065834087261464447e-05 5.422232061391696334e-05
2.060287806671112776e-05 5.409129516920074821e-05
2.054790274996776134e-05 5.395459083956666291e-05
2.049360955425072461e-05 5.375264299800619483e-05
2.043977474386338145e-05 5.366933328332379460e-05
2.038625279965344816e-05 5.344247983884997666e-05
2.033296186709776521e-05 5.335504101822152734e-05
2.027993105002678931e-05 5.316193710314109921e-05
2.022730041062459350e-05 5.303329089656472206e-05
2.017498627537861466e-05 5.289578257361426950e-05
2.012319782807026058e-05 5.272129055811092257e-05
2.007181501539889723e-05 5.262266495265066624e-05
2.002070323214866221e-05 5.242671613814309239e-05
1.996987339225597680e-05 5.233503907220438123e-05
1.991947101487312466e-05 5.215155397308990359e-05
1.986914321605581790e-05 5.204173066886141896e-05
1.981921195692848414e-05 5.189048897591419518e-05
1.976960993488319218e-05 5.175296610104851425e-05
1.972033714991994202e-05 5.163453897694125772e-05
1.967151547432877123e-05 5.147316187503747642e-05
1.962295391422230750e-05 5.137305197422392666e-05
1.957460335688665509e-05 5.120400601299479604e-05
1.952650745806749910e-05 5.110724669066257775e-05
1.947874807228799909e-05 5.094573862152174115e-05
1.943129973369650543e-05 5.084054282633587718e-05
1.938408604473806918e-05 5.069623148301616311e-05
1.933709609147626907e-05 5.057745147496461868e-05
1.929042446136008948e-05 5.045049329055473208e-05
1.924403295561205596e-05 5.031818727729842067e-05
1.919788701343350112e-05 5.020562821300700307e-05
1.915203756652772427e-05 5.006506034987978637e-05
1.910643914015963674e-05 4.996287316316738725e-05
1.906107718241401017e-05 4.981829988537356257e-05
1.901600808196235448e-05 4.972208262188360095e-05
1.897112451842986047e-05 4.957638884661719203e-05
1.892645923362579197e-05 4.948244895786046982e-05
1.888213591882959008e-05 4.933907621307298541e-05
1.883793993329163641e-05 4.924592940369620919e-05
1.879410410765558481e-05 4.910486313747242093e-05
1.875036832643672824e-05 4.901266584056429565e-05
1.870685809990391135e-05 4.887417162535712123e-05
1.866369348135776818e-05 4.878283652942627668e-05
1.862065801105927676e-05 4.864528091275133193e-05
1.857788629422429949e-05 4.855736915487796068e-05
1.853531830420251936e-05 4.841843110625632107e-05
1.849303407652769238e-05 4.833574712392874062e-05
1.845083897933363914e-05 4.819292735191993415e-05
1.840895492932759225e-05 4.812017505173571408e-05
1.836722913139965385e-05 4.796763096237555146e-05
1.832580710470210761e-05 4.791064202436245978e-05
1.828456515795551240e-05 4.774042827193625271e-05
1.824359787860885262e-05 4.770986561197787523e-05
1.820286161091644317e-05 4.750909283757209778e-05
1.816246913222130388e-05 4.752259701490402222e-05
1.812254595279227942e-05 4.726801489596255124e-05
1.808326851460151374e-05 4.735834954772144556e-05
1.804499333957210183e-05 4.700714634964242578e-05
1.800818063202314079e-05 4.723801976069808006e-05
1.797417644411325455e-05 4.671166243497282267e-05
1.794482523109763861e-05 4.720961442217230797e-05
1.792470902728382498e-05 4.636401354218833148e-05
1.792144030332565308e-05 4.739689393318258226e-05
1.795123898773454130e-05 4.597846782417036593e-05
1.804526800697203726e-05 4.816189175471663475e-05
1.826864718168508261e-05 4.580051245284266770e-05
1.875033740361686796e-05 5.072898420621640980e-05
1.976955354621168226e-05 4.730010186904110014e-05
2.188228245358914137e-05 5.980151399853639305e-05
2.636080353113356978e-05 5.802866508020088077e-05
3.567999010556377470e-05 9.543869964545592666e-05
5.596615301328711212e-05 1.151211181422695518e-04
9.819139086175709963e-05 2.487622841726988554e-04
1.930191065184772015e-04 3.920521121472120285e-04
3.822983999270945787e-04 9.166675736196339130e-04
8.098703110590577126e-04 1.509368186816573143e-03
1.498327590525150299e-03 3.086523851379752159e-03
2.824766095727682114e-03 3.429745789617300034e-03
3.378984052687883377e-03 3.668482648208737373e-03
3.320276038721203804e-03 9.948861552402377129e-04
9.429141064174473286e-04 2.316814789082854986e-04
1.509855355834588408e-04 1.643338939175009727e-03
1.366647076793015003e-03 1.221103128045797348e-03
1.248512533493340015e-03 3.597003815229982138e-04
1.926314289448782802e-04 6.770428153686225414e-04
4.262510628905147314e-04 7.960437797009944916e-04
8.613317040726542473e-04 5.018410738557577133e-04
2.454246859997510910e-04 5.119606503285467625e-04
2.519064000807702541e-04 5.774823948740959167e-04
6.050800438970327377e-04 3.726427967194467783e-04
1.722713059280067682e-04 4.290135693736374378e-04
2.232841943623498082e-04 4.212202620692551136e-04
4.265266470611095428e-04 2.513184153940528631e-04
1.028557744575664401e-04 4.024040827061980963e-04
2.112239162670448422e-04 3.186930262017995119e-04
2.891189360525459051e-04 2.024606801569461823e-04
7.224760338431224227e-05 3.767402376979589462e-04
1.954789477167651057e-04 2.316357276868075132e-04
1.789770176401361823e-04 1.580429379828274250e-04
6.621910142712295055e-05 3.210587019566446543e-04
1.715702237561345100e-04 1.658952533034607768e-04
1.099660512409172952e-04 1.479685306549072266e-04
7.154595368774607778e-05 2.804998366627842188e-04
1.384612696710973978e-04 1.427327952114865184e-04
7.500093488488346338e-05 1.464976376155391335e-04
7.780049782013520598e-05 2.355945034651085734e-04
1.060043214238248765e-04 1.331079984083771706e-04
5.898382369196042418e-05 1.406873489031568170e-04
7.567280408693477511e-05 2.000134700210765004e-04
8.205679478123784065e-05 1.349433878203853965e-04
5.178343417355790734e-05 1.343797921435907483e-04
6.850085628684610128e-05 1.749275979818776250e-04
6.435767136281356215e-05 1.308661740040406585e-04
4.756029375130310655e-05 1.212251227116212249e-04
5.912209599046036601e-05 1.511428999947384000e-04
5.294199945637956262e-05 1.241586433025076985e-04
4.406463267514482141e-05 1.123703550547361374e-04
5.011806570109911263e-05 1.398847234668210149e-04
4.602174158208072186e-05 1.231780624948441982e-04
4.053739394294098020e-05 1.091858721338212490e-04
4.302415618440136313e-05 1.301326847169548273e-04
4.096030170330777764e-05 1.158450613729655743e-04
3.697846477734856308e-05 1.005226731649599969e-04
3.743085471796803176e-05 1.201385748572647572e-04
3.750808900804258883e-05 1.093543614842928946e-04
3.382548675290308893e-05 9.865346510196104646e-05
3.326190926600247622e-05 1.157901351689361036e-04
3.468403883744031191e-05 1.044751406880095601e-04
3.119495158898644149e-05 9.473571117268875241e-05
3.024962461495306343e-05 1.087693817680701613e-04
3.220455982955172658e-05 9.680356015451252460e-05
2.898501770687289536e-05 9.010713984025642276e-05
2.799733192659914494e-05 1.023546792566776276e-04
3.016031041624955833e-05 9.160832269117236137e-05
2.729213520069606602e-05 8.797951886663213372e-05
2.623607906571123749e-05 9.807597234612330794e-05
2.828491778927855194e-05 8.797143527772277594e-05
2.603038956294767559e-05 8.536958921467885375e-05
2.489696453267242759e-05 9.224768291460350156e-05
2.667930129973683506e-05 8.303610957227647305e-05
2.506694545445498079e-05 8.243825141107663512e-05
2.387710992479696870e-05 8.782331133261322975e-05
2.521797432564198971e-05 8.058088133111596107e-05
2.423505793558433652e-05 8.147872722474858165e-05
2.308878538315184414e-05 8.415214688284322619e-05
2.393786780885420740e-05 7.776244456181302667e-05
2.346912697248626500e-05 7.940322393551468849e-05
2.249841600132640451e-05 8.047434675972908735e-05
2.290065276611130685e-05 7.598269439768046141e-05
2.271320227009709924e-05 7.851833652239292860e-05
2.202338328061159700e-05 7.775120320729911327e-05
2.208112346124835312e-05 7.456163439201191068e-05
2.197923822677694261e-05 7.698174886172637343e-05
2.157550079573411494e-05 7.515557081205770373e-05
2.147085615433752537e-05 7.354335684794932604e-05
2.131558176188264042e-05 7.561403617728501558e-05
2.110364584950730205e-05 7.323826866922900081e-05
2.100476376654114574e-05 7.272449147421866655e-05
2.076747841783799231e-05 7.395714783342555165e-05
2.061399027297738940e-05 7.170675962697714567e-05
2.059059443126898259e-05 7.200471009127795696e-05
2.034669523709453642e-05 7.212760101538151503e-05
2.015216705331113189e-05 7.037971226964145899e-05
2.017271617660298944e-05 7.116688357200473547e-05
1.999993583012837917e-05 7.047982217045500875e-05
1.975994746317155659e-05 6.966606451896950603e-05
1.975224768102634698e-05 7.047797407722100616e-05
1.967128264368511736e-05 6.908552313689142466e-05
1.944750511029269546e-05 6.880238652229309082e-05
1.936892840603832155e-05 6.905241752974689007e-05
1.932933628268074244e-05 6.766744627384468913e-05
1.917177723953500390e-05 6.814000516897067428e-05
1.905277713376563042e-05 6.788454629713669419e-05
1.899414019135292619e-05 6.690138980047777295e-05
1.889170926006045192e-05 6.750851753167808056e-05
1.878540933830663562e-05 6.654299068031832576e-05
1.870042797236237675e-05 6.610812124563381076e-05
1.860824522736947984e-05 6.657381891272962093e-05
1.852804780355654657e-05 6.538850720971822739e-05
1.844806320150382817e-05 6.555448635481297970e-05
1.834764952945988625e-05 6.557755114044994116e-05
1.827044252422638237e-05 6.455411494243890047e-05
1.821003570512402803e-05 6.507445505121722817e-05
1.811904076021164656e-05 6.457787822000682354e-05
1.803008308343123645e-05 6.393783405655995011e-05
1.797237200662493706e-05 6.438911077566444874e-05
1.790346323105040938e-05 6.354525248752906919e-05
1.781689388735685498e-05 6.337503145914524794e-05
1.774831252987496555e-05 6.356050289468839765e-05
1.768809488567057997e-05 6.279048830037936568e-05
1.761645580700132996e-05 6.293311889749020338e-05
1.754633922246284783e-05 6.270287121878936887e-05
1.748269824020098895e-05 6.217470945557579398e-05
1.741786218190100044e-05 6.231979205040261149e-05
1.735497062327340245e-05 6.189267878653481603e-05
1.729385076032485813e-05 6.170961569296196103e-05
1.722922752378508449e-05 6.163779471535235643e-05
1.716791302897036076e-05 6.122283230070024729e-05
1.711245749902445823e-05 6.117273005656898022e-05
1.705329123069532216e-05 6.086214125389233232e-05
1.699152380751911551e-05 6.065369962016120553e-05
1.693575177341699600e-05 6.054975528968498111e-05
1.688221163931302726e-05 6.018711064825765789e-05
1.682540096226148307e-05 6.013334495946764946e-05
1.676927786320447922e-05 5.983725350233726203e-05
1.671625068411231041e-05 5.961303395451977849e-05
1.666338357608765364e-05 5.956266613793559372e-05
1.661063288338482380e-05 5.917731323279440403e-05
1.655901360209099948e-05 5.913820496061816812e-05
1.650736703595612198e-05 5.893622801522724330e-05
1.645635893510188907e-05 5.862775287823751569e-05
1.640727168705780059e-05 5.864417107659392059e-05
1.635836269997525960e-05 5.831067028339020908e-05
1.630868973734322935e-05 5.816162956762127578e-05
1.626023004064336419e-05 5.805858017993159592e-05
1.621337651158683002e-05 5.772765143774449825e-05
1.616646113689057529e-05 5.767694528913125396e-05
1.611943844181951135e-05 5.745268572354689240e-05
1.607341073395218700e-05 5.725996015826240182e-05
1.602801057742908597e-05 5.717432213714346290e-05
1.598298331373371184e-05 5.691833939636126161e-05
1.593862361914943904e-05 5.680503818439319730e-05
1.589463863638229668e-05 5.662079274770803750e-05
1.585084282851312310e-05 5.644035991281270981e-05
1.580759271746501327e-05 5.630646410281769931e-05
1.576508657308295369e-05 5.610808875644579530e-05
1.572296969243325293e-05 5.598854113486595452e-05
1.568091465742327273e-05 5.578881973633542657e-05
1.563937803439330310e-05 5.565548053709790111e-05
1.559847623866517097e-05 5.550961941480636597e-05
1.555780363560188562e-05 5.531309216166846454e-05
1.551753302919678390e-05 5.521848288481123745e-05
1.547774445498362184e-05 5.501176929101347923e-05
1.543818871141411364e-05 5.488111492013558745e-05
1.539891127322334796e-05 5.474800855154171586e-05
1.536011041025631130e-05 5.455424980027601123e-05
1.532174974272493273e-05 5.446183422463946044e-05
1.528364373371005058e-05 5.427497671917080879e-05
1.524581784906331450e-05 5.414040060713887215e-05
1.520829664514167234e-05 5.401229282142594457e-05
1.517122473160270602e-05 5.383833922678604722e-05
1.513441839051665738e-05 5.372617306420579553e-05
1.509781304775970057e-05 5.356431938707828522e-05
1.506159333075629547e-05 5.343156954040750861e-05
1.502567465649917722e-05 5.329005216481164098e-05
1.499003155913669616e-05 5.315003363648429513e-05
1.495469496148871258e-05 5.302167119225487113e-05
1.491964030719827861e-05 5.287427848088555038e-05
1.488477755628991872e-05 5.275820876704528928e-05
1.485029952164040878e-05 5.260502803139388561e-05
1.481602703279349953e-05 5.248540401225909591e-05
1.478200101701077074e-05 5.234952550381422043e-05
1.474816053814720362e-05 5.220970342634245753e-05
1.471471023251069710e-05 5.209806840866804123e-05
1.468146911065559834e-05 5.194893310545012355e-05
1.464838533138390630e-05 5.183621397009119391e-05
1.461558895243797451e-05 5.170419899513944983e-05
1.458307087887078524e-05 5.157466512173414230e-05
1.455076289857970551e-05 5.145965405972674489e-05
1.451861044188262895e-05 5.132452861289493740e-05
1.448682724003447220e-05 5.121047070133499801e-05
1.445510133635252714e-05 5.108127515995875001e-05
1.442368102289037779e-05 5.096486347611062229e-05
1.439241350453812629e-05 5.084071744931861758e-05
1.436136062693549320e-05 5.072351632406935096e-05
1.433052784705068916e-05 5.060490366304293275e-05
1.429994335921946913e-05 5.048267848906107247e-05
1.426948256266769022e-05 5.037360097048804164e-05
1.423925004928605631e-05 5.024672645959071815e-05
1.420920125383418053e-05 5.014111957279965281e-05
1.417929433955578133e-05 5.002051329938694835e-05
1.414963298884686083e-05 4.990729576093144715e-05
1.412011079082731158e-05 4.979730147169902921e-05
1.409083233738783747e-05 4.967943459632806480e-05
1.406165392836555839e-05 4.957367855240590870e-05
1.403274654876440763e-05 4.945834007230587304e-05
1.400392648065462708e-05 4.935214383294805884e-05
1.397534833813551813e-05 4.923961751046590507e-05
1.394685568811837584e-05 4.913398151984438300e-05
1.391859859722899273e-05 4.902334330836310983e-05
1.389047520206077024e-05 4.891808566753752530e-05
1.386253825330641121e-05 4.881054701399989426e-05
1.383465314575005323e-05 4.870378688792698085e-05
1.380704361508833244e-05 4.860145418206229806e-05
1.377951230097096413e-05 4.849261677009053528e-05
1.375216834276216105e-05 4.839335088036023080e-05
1.372495717077981681e-05 4.828589590033516288e-05
1.369783694826764986e-05 4.818613524548709393e-05
1.367097684124018997e-05 4.808183803106658161e-05
1.364419767924118787e-05 4.798200097866356373e-05
1.361755312245804816e-05 4.787993020727299154e-05
1.359107682219473645e-05 4.778137736138887703e-05
1.356470784230623394e-05 4.768063809024170041e-05
1.353851803287398070e-05 4.758270733873359859e-05
1.351238643110264093e-05 4.748380160890519619e-05
1.348645037069218233e-05 4.738545976579189301e-05
1.346061071672011167e-05 4.728954081656411290e-05
1.343491294392151758e-05 4.719135540653951466e-05
1.340934522886527702e-05 4.709720087703317404e-05
1.338387119176331908e-05 4.700035424320958555e-05
1.335855358775006607e-05 4.690677815233357251e-05
1.333332602371228859e-05 4.681057180278003216e-05
1.330824488832149655e-05 4.671938586398027837e-05
1.328327380178961903e-05 4.662268838728778064e-05
1.325845641986234114e-05 4.653373252949677408e-05
1.323366996075492352e-05 4.643733700504526496e-05
1.320908813795540482e-05 4.635028017219156027e-05
1.318462273047771305e-05 4.625481597031466663e-05
1.316017278440995142e-05 4.616820660885423422e-05
1.313592110818717629e-05 4.607447408488951623e-05
1.311170944973127916e-05 4.598821396939456463e-05
1.308771334151970223e-05 4.589520904119126499e-05
1.306373906118096784e-05 4.581094253808259964e-05
1.303984299738658592e-05 4.571791941998526454e-05
1.301612337556434795e-05 4.563497714116238058e-05
1.299246650887653232e-05 4.554318002192303538e-05
1.296893151447875425e-05 4.546112540992908180e-05
1.294546927965711802e-05 4.536872802418656647e-05
1.292216165893478319e-05 4.529023499344475567e-05
1.289886313315946609e-05 4.519585490925237536e-05
1.287574377784039825e-05 4.512182204052805901e-05
1.285266807826701552e-05 4.502354568103328347e-05
1.282978610106511042e-05 4.495597750064916909e-05
1.280691958527313545e-05 4.485216049943119287e-05
1.278415038541425020e-05 4.479374547372572124e-05
1.276151488127652556e-05 4.467934923013672233e-05
1.273897032660897821e-05 4.463767254492267966e-05
1.271654218726325780e-05 4.450280539458617568e-05
1.269418680749367923e-05 4.449132757144980133e-05
1.267204970645252615e-05 4.431725028553046286e-05
1.265013725060271099e-05 4.436171366251073778e-05
1.262852856598328799e-05 4.411457121022976935e-05
1.260747649212135002e-05 4.426377199706621468e-05
1.258738484466448426e-05 4.387819717521779239e-05
1.256909854419063777e-05 4.423070640768855810e-05
1.255420920642791316e-05 4.357943544164299965e-05
1.254592916666297242e-05 4.434388029039837420e-05
1.255085498996777460e-05 4.317973798606544733e-05
1.258214615518227220e-05 4.481881114770658314e-05
1.266766776097938418e-05 4.269294367986731231e-05
1.286393126065377146e-05 4.632084164768457413e-05
1.329359474766533822e-05 4.257726322975941002e-05
1.420692296960623935e-05 5.123220034874975681e-05
1.617210364202037454e-05 4.582090696203522384e-05
2.032724114542361349e-05 6.927100912434980273e-05
2.943528306786902249e-05 6.857264088466763496e-05
4.869756958214566112e-05 1.439753832528367639e-04
9.222269727615639567e-05 1.921234361361712217e-04
1.821763580664992332e-04 4.769177758134901524e-04
3.917539143003523350e-04 7.769549265503883362e-04
7.786508067511022091e-04 1.851391396485269070e-03
1.660409616306424141e-03 2.644747961312532425e-03
2.632241696119308472e-03 4.618459846824407578e-03
4.203083924949169159e-03 3.032079199329018593e-03
2.965951571241021156e-03 1.391737372614443302e-03
1.141183311119675636e-03 2.448088780511170626e-04
1.225348241860046983e-04 1.241926453076303005e-03
1.262746518477797508e-03 2.284960122779011726e-03
1.871873391792178154e-03 3.915686102118343115e-04
3.984679933637380600e-04 5.329815321601927280e-04
5.188435898162424564e-04 1.720294007100164890e-03
1.235277741216123104e-03 3.659776994027197361e-04
3.170268610119819641e-04 5.614880938082933426e-04
4.981904057785868645e-04 1.252549700438976288e-03
8.637325954623520374e-04 2.346560795558616519e-04
1.377043954562395811e-04 5.992659716866910458e-04
5.846963031217455864e-04 8.451022440567612648e-04
5.726866074837744236e-04 2.520795678719878197e-04
1.186216686619445682e-04 6.081442697905004025e-04
5.952258943580091000e-04 5.150460638105869293e-04
3.051862877327948809e-04 3.495058335829526186e-04
1.816233125282451510e-04 4.963547689840197563e-04
4.747288767248392105e-04 2.713201683945953846e-04
1.269967615371569991e-04 4.148065054323524237e-04
2.470334584359079599e-04 3.174904268234968185e-04
2.848293515853583813e-04 1.582732511451467872e-04
6.872883386677131057e-05 4.070301947649568319e-04
2.604387409519404173e-04 1.751363597577437758e-04
1.164693239843472838e-04 1.968340511666610837e-04
1.191657502204179764e-04 3.181365609634667635e-04
1.935492036864161491e-04 1.352471736026927829e-04
5.436930950963869691e-05 2.370028232689946890e-04
1.628270256333053112e-04 2.056516241282224655e-04
1.030113344313576818e-04 1.583122648298740387e-04
6.973017298150807619e-05 2.061400737147778273e-04
1.411891716998070478e-04 1.322999014519155025e-04
4.965860716765746474e-05 1.819956814870238304e-04
9.340565156890079379e-05 1.518891076557338238e-04
8.649253140902146697e-05 1.130885066231712699e-04
4.216697925585322082e-05 1.821379119064658880e-04
9.253263124264776707e-05 1.152621844084933400e-04
4.528065255726687610e-05 1.227181055583059788e-04
5.819653597427532077e-05 1.535290648462250829e-04
6.728109292453154922e-05 1.095148763852193952e-04
3.566532541299238801e-05 1.215145675814710557e-04
6.285852578002959490e-05 1.205069274874404073e-04
4.472471118788234890e-05 1.145536807598546147e-04
3.918250513379462063e-05 1.151689939433708787e-04
5.423215407063253224e-05 1.040068891597911716e-04
3.243291939725168049e-05 1.203459105454385281e-04
4.276946856407448649e-05 1.043806769303046167e-04
4.127800639253109694e-05 9.476445848122239113e-05
2.942434002761729062e-05 1.132792313001118600e-04
4.190015533822588623e-05 9.045811020769178867e-05
3.097590888501144946e-05 9.154355211649090052e-05
3.164329973515123129e-05 1.026741010718978941e-04
3.603406730690039694e-05 8.672911644680425525e-05
2.657799086591694504e-05 9.040296572493389249e-05
3.242924503865651786e-05 9.157270687865093350e-05
3.017882954736705869e-05 8.302895730594173074e-05
2.566946568549610674e-05 8.464850543532520533e-05
3.100255344179458916e-05 8.190696098608896136e-05
2.577531631686724722e-05 8.171667286660522223e-05
2.602854510769248009e-05 8.052800694713369012e-05
2.822203714458737522e-05 7.699858542764559388e-05
2.343077903788071126e-05 8.079291728790849447e-05
2.602795757411513478e-05 7.679341797484084964e-05
2.506425698811654001e-05 7.429574179695919156e-05
2.278544707223773003e-05 7.789894880261272192e-05
2.490165388735476881e-05 7.329676009248942137e-05
2.290257179993204772e-05 7.202376582426950336e-05
2.241251058876514435e-05 7.505876419600099325e-05
2.350603426748421043e-05 7.181662658695131540e-05
2.158551069442182779e-05 7.182503759395331144e-05
2.197212779719848186e-05 7.351014937739819288e-05
2.218377812823746353e-05 7.084695971570909023e-05
2.075201700790785253e-05 7.073093001963570714e-05
2.145580765500199050e-05 7.088622078299522400e-05
2.101948848576284945e-05 6.922202737769111991e-05
2.021698492171708494e-05 6.933344411663711071e-05
2.076999226119369268e-05 6.915711128385737538e-05
2.013915036513935775e-05 6.819514237577095628e-05
1.974055339815095067e-05 6.807228783145546913e-05
2.009922718571033329e-05 6.749534804839640856e-05
1.942897142725996673e-05 6.717286305502057076e-05
1.931339102156925946e-05 6.705443956889212132e-05
1.946592419699300081e-05 6.637266778852790594e-05
1.886065365397371352e-05 6.636520993197336793e-05
1.892178624984808266e-05 6.588271935470402241e-05
1.886337304313201457e-05 6.520922033814713359e-05
1.842809251684229821e-05 6.538681191159412265e-05
1.849816362664569169e-05 6.497527647297829390e-05
1.834972317737992853e-05 6.462237070081755519e-05
1.804493149393238127e-05 6.474082329077646136e-05
1.808685192372649908e-05 6.423214654205366969e-05
1.791300746845081449e-05 6.397120887413620949e-05
