0.0 -0.065 -0.065 -0.065 -0.065 -0.07653305 -0.06289474 -0.05869546 -0.014795655
0.0005 -0.06384289 -0.06464472 -0.0512747 -0.05417261 -0.07812719 -0.05097029 -0.03936989 -0.012785938
0.001 -0.06083567 -0.0634941 -0.03530862 -0.04314938 -0.07753682 -0.044115074 -0.022527684 -0.0070731286
0.0015 -0.05798817 -0.06178684 -0.02191495 -0.03488906 -0.07536852 -0.039895747 -0.008551754 -0.0027890466
0.002 -0.05569197 -0.05971861 -0.01039331 -0.02783877 -0.07273635 -0.0366893 0.0038688704 0.0006217137
0.0025 -0.05378855 -0.05740445 0.0001619536 -0.02134624 -0.07002401 -0.03383798 0.015546076 0.0037245825
0.003 -0.05209747 -0.05490901 0.01025717 -0.01520563 -0.067328565 -0.0311061 0.02683355 0.006726006
0.0035 -0.05050822 -0.05227283 0.02015502 -0.009353891 -0.064670876 -0.028409682 0.03788005 0.009684639
0.004 -0.04896596 -0.04952375 0.02987979 -0.003756989 -0.06205324 -0.025718726 0.048750706 0.0126128215
0.0045 -0.04744636 -0.04668778 0.03946865 0.001593564 -0.059474185 -0.023022894 0.05947485 0.015510695
0.005 -0.04593479 -0.04377646 0.04910654 0.006727971 -0.05693201 -0.020319112 0.07006594 0.018376276
0.0055 -0.04441896 -0.04079662 0.05872574 0.01165952 -0.054425463 -0.017607048 0.080529965 0.021207886
0.006 -0.04289562 -0.03775665 0.06836325 0.01639343 -0.051953726 -0.014887437 0.09086948 0.024004517
0.0065 -0.04137008 -0.03466148 0.078053 0.02093581 -0.04951621 -0.012161404 0.10108543 0.026765643
0.007 -0.03984237 -0.03151744 0.08778361 0.0253099 -0.047112495 -0.0094302 0.111178 0.02949102
0.0075 -0.03830924 -0.02833039 0.09753183 0.02953283 -0.044742256 -0.0066951066 0.12114713 0.03218063
0.008 -0.03677109 -0.02510429 0.1072715 0.03359857 -0.042405196 -0.0039574057 0.13099256 0.03483455
0.0085 -0.03523044 -0.0218454 0.1169801 0.03751904 -0.040101 -0.001218304 0.14071423 0.03745292
0.009 -0.03368761 -0.01855902 0.1266414 0.04129899 -0.0378294 0.0015210137 0.150312 0.040035866
0.0095 -0.0321449 -0.01525106 0.1362418 0.04494591 -0.035590105 0.0042593926 0.15978587 0.04258366
0.01 -0.03060095 -0.01192807 0.1457736 0.04847887 -0.033382818 0.0069957078 0.16913578 0.045096412
0.0105 -0.02905453 -0.008595306 0.1552306 0.05190627 -0.031207196 0.009728976 0.17836222 0.047574446
0.011 -0.02750604 -0.005257163 0.1646076 0.05523212 -0.029062957 0.012458153 0.18746528 0.050017975
0.0115 -0.02595678 -0.001917421 0.1739002 0.05845951 -0.02694977 0.015182294 0.1964454 0.052427247
0.012 -0.02440821 0.001420596 0.1831048 0.06159149 -0.024867292 0.017900467 0.20530295 0.054802544
0.0125 -0.02286157 0.004755246 0.1922188 0.06463137 -0.022815205 0.020611808 0.21403852 0.057144158
0.013 -0.02131762 0.008084332 0.20124 0.06758452 -0.020793162 0.023315474 0.22265267 0.059452347
0.0135 -0.01977706 0.0114049 0.2101665 0.07045393 -0.018800803 0.026010685 0.23114613 0.06172745
0.014 -0.01824083 0.01471324 0.2189969 0.07323961 -0.016837783 0.028696671 0.23951966 0.063969724
0.0145 -0.01670998 0.01800667 0.2277299 0.07594476 -0.014903739 0.03137274 0.2477741 0.066179544
0.015 -0.01518529 0.02128318 0.236364 0.07857306 -0.0129983425 0.03403817 0.25591028 0.0683572
0.0155 -0.01366735 0.02454125 0.2448985 0.081128 -0.011121191 0.036692366 0.26392916 0.07050304
0.016 -0.01215667 0.02777958 0.2533328 0.08361253 -0.009271957 0.039334632 0.27183148 0.07261736
0.0165 -0.01065374 0.03099702 0.2616662 0.08602946 -0.007450253 0.04196445 0.27961856 0.074700534
0.017 -0.009158928 0.03413917 0.2698976 0.0883816 -0.0056557134 0.044581264 0.28729135 0.07675294
0.0175 -0.007672503 0.03717343 0.2780235 0.0906713 -0.0038879812 0.04718454 0.29485095 0.078774884
0.018 -0.006194783 0.04016432 0.2860441 0.0929009 -0.0021466836 0.049773768 0.30229837 0.080766685
0.0185 -0.004726017 0.04314385 0.2939611 0.0950729 -0.00043144822 0.052348495 0.30963498 0.0827288
0.019 -0.003266568 0.04612641 0.3017755 0.09718949 0.0012580976 0.054908335 0.31686193 0.08466152
0.0195 -0.001816708 0.04911603 0.3094882 0.09925284 0.0029222816 0.057452798 0.3239802 0.086565204
0.02 -0.0003765127 0.05211105 0.3170995 0.1012652 0.004561521 0.05998154 0.3309913 0.088440225
0.0205 0.00104533 0.0551073 0.3246006 0.1031202 0.0061761215 0.06249419 0.3378963 0.090286985
0.021 0.002436428 0.05809865 0.3319856 0.1048824 0.0077665225 0.06499043 0.34469664 0.092105806
0.0215 0.003813975 0.06107888 0.3392714 0.1066248 0.009333007 0.067469895 0.35139337 0.093897045
0.022 0.005187946 0.06404301 0.3464637 0.1083608 0.010875978 0.06993237 0.35798806 0.095661126
0.0225 0.006560223 0.06698692 0.353562 0.1100872 0.012395784 0.07237753 0.36448184 0.09739836
0.023 0.007929287 0.06990715 0.3605643 0.1117979 0.013892762 0.07480511 0.3708761 0.09910915
0.0235 0.009291356 0.07280079 0.3674582 0.1134877 0.0153672695 0.0772149 0.3771721 0.100793846
0.024 0.01063473 0.07566228 0.3741552 0.1151518 0.016819648 0.07960668 0.38337114 0.10245282
0.0245 0.01196699 0.0784858 0.3806732 0.1167883 0.018250264 0.08198023 0.38947463 0.10408642
0.025 0.01329316 0.08126929 0.3870657 0.1183963 0.01965943 0.08433539 0.3954839 0.10569502
0.0255 0.01461299 0.08401316 0.3933695 0.1199748 0.021047488 0.08667201 0.40140018 0.10727897
0.026 0.01592489 0.08671899 0.3996037 0.1215234 0.022414766 0.08898991 0.40722486 0.10883865
0.0265 0.01722732 0.08938876 0.405776 0.1230419 0.023761608 0.091289 0.41295937 0.11037441
0.027 0.01851917 0.09202435 0.4118871 0.1245304 0.02508834 0.093569115 0.4186048 0.11188659
0.0275 0.01979969 0.09462735 0.4179343 0.1259893 0.026395261 0.09583014 0.42416254 0.11337554
0.028 0.02106843 0.09719902 0.4239138 0.1274189 0.027682707 0.09807202 0.42963398 0.11484159
0.0285 0.02232513 0.09974025 0.4298212 0.1288198 0.02895096 0.10029462 0.43502015 0.116285115
0.029 0.02356972 0.1022517 0.435653 0.1301926 0.030200347 0.102497935 0.4403227 0.11770648
0.0295 0.02480218 0.1047337 0.441406 0.1315381 0.031431206 0.10468185 0.44554263 0.119105965
0.03 0.02602245 0.1071866 0.4470778 0.1328568 0.032643795 0.10684636 0.45068145 0.12048395
0.0305 0.02723036 0.1096102 0.4526661 0.1341483 0.03383842 0.10899143 0.45574027 0.121840745
0.031 0.02842572 0.1120042 0.4581691 0.1354136 0.035015367 0.111117005 0.46072018 0.12317667
0.0315 0.02960874 0.1143688 0.463587 0.1366546 0.036174953 0.113223076 0.46562272 0.12449209
0.032 0.03077962 0.1167043 0.4689199 0.1378719 0.037317403 0.115309656 0.47044885 0.1257873
0.0325 0.03193841 0.119011 0.4741679 0.1390663 0.038443044 0.117376685 0.47519988 0.1270626
0.033 0.03308514 0.1212888 0.4793315 0.1402383 0.039552152 0.11942425 0.479877 0.12831835
0.0335 0.03421983 0.1235378 0.4844109 0.1413883 0.040644974 0.12145233 0.4844815 0.12955481
0.034 0.0353425 0.1257581 0.4894068 0.1425171 0.041721776 0.12346096 0.48901433 0.13077234
0.0345 0.03645317 0.1279496 0.4943199 0.1436251 0.042782813 0.12545016 0.4934768 0.13197118
0.035 0.03755188 0.1301126 0.4991511 0.1447128 0.043828398 0.12742002 0.4978702 0.13315171
0.0355 0.03863864 0.1322469 0.5039014 0.1457805 0.044858754 0.12937051 0.5021952 0.13431415
0.036 0.03970893 0.1343523 0.5085694 0.1468069 0.04587406 0.1313017 0.5064533 0.1354588
0.0365 0.04075928 0.1364284 0.5131541 0.147798 0.046874657 0.1332137 0.51064545 0.13658598
0.037 0.0417962 0.1384756 0.5176604 0.1487744 0.04786074 0.13510649 0.5147728 0.13769598
0.0375 0.04282424 0.1404944 0.5220917 0.1497414 0.048832536 0.13698019 0.5188361 0.13878903
0.038 0.04384272 0.1424849 0.5264485 0.1506917 0.049790323 0.1388349 0.5228368 0.13986544
0.0385 0.04484435 0.1444461 0.5307265 0.1516019 0.050734296 0.14067063 0.5267757 0.14092548
0.039 0.04583134 0.1463785 0.5349287 0.1524946 0.051664695 0.14248747 0.53065383 0.14196938
0.0395 0.04680929 0.1482833 0.5390602 0.1533822 0.052581698 0.14428559 0.53447247 0.14299744
0.04 0.04778047 0.1501614 0.5431231 0.1542658 0.053485572 0.146065 0.53823215 0.14400993
0.0405 0.04874468 0.1520133 0.5471182 0.1551438 0.054376543 0.1478258 0.54193425 0.14500707
0.041 0.04970088 0.1538396 0.5510459 0.1560142 0.055254757 0.14956817 0.5455795 0.14598915
0.0415 0.05064797 0.1556405 0.5549067 0.1568756 0.056120485 0.15129212 0.5491689 0.14695638
0.042 0.051585 0.1574163 0.558701 0.1577266 0.056973845 0.15299776 0.5527032 0.147909
0.0425 0.05251126 0.1591672 0.5624297 0.1585664 0.057815135 0.15468526 0.5561837 0.14884728
0.043 0.05342655 0.1608935 0.5660935 0.1593944 0.058644503 0.15635467 0.55961096 0.14977144
0.0435 0.05432579 0.1623358 0.5696813 0.1602095 0.05946213 0.1580061 0.56298596 0.1506817
0.044 0.05519685 0.1633893 0.5731649 0.1610094 0.060268223 0.15963972 0.56630963 0.15157834
0.0445 0.05605779 0.1643876 0.5764725 0.161797 0.061062977 0.16125564 0.5695828 0.15246153
0.045 0.05689981 0.1654318 0.5786603 0.1625731 0.06184654 0.16285393 0.57280624 0.1533315
0.0455 0.05772723 0.1665525 0.5808867 0.1633371 0.06261909 0.16443476 0.5759808 0.15418847
0.046 0.05855444 0.1677781 0.5835651 0.1640895 0.06338088 0.16599825 0.5791074 0.15503268
0.0465 0.05938343 0.1691145 0.5866114 0.1648307 0.06413196 0.16754448 0.58218676 0.1558643
0.047 0.06021147 0.1705497 0.5898667 0.1655609 0.06487261 0.16907367 0.58521974 0.15668356
0.0475 0.06103517 0.1720632 0.5932043 0.1662801 0.06560294 0.17058589 0.5882069 0.1574907
0.048 0.0618518 0.1736319 0.5965428 0.1669882 0.0663231 0.17208123 0.59114915 0.15828583
0.0485 0.06265954 0.1752343 0.5998353 0.1676853 0.067033276 0.17355987 0.5940471 0.15906921
0.049 0.0634574 0.1768519 0.603058 0.1683718 0.067733616 0.17502195 0.59690166 0.159841
0.0495 0.06424495 0.1784696 0.6062009 0.1690479 0.06842427 0.17646757 0.5997134 0.16060144
0.05 0.06502204 0.1800761 0.6092619 0.1697137 0.06910545 0.17789692 0.6024832 0.16135065
0.0505 0.0657887 0.1816627 0.6122426 0.1703694 0.06977719 0.17931008 0.60521173 0.16208887
0.051 0.06654503 0.1832236 0.615147 0.1710151 0.07043977 0.18070722 0.60789955 0.16281626
0.0515 0.06729121 0.1847549 0.6179792 0.171651 0.07109319 0.18208846 0.61054736 0.16353299
0.052 0.06802742 0.1862543 0.6207437 0.1722773 0.07173769 0.18345395 0.61315584 0.16423924
0.0525 0.06875384 0.1877206 0.6234445 0.1728941 0.07237342 0.18480384 0.61572564 0.1649352
0.053 0.06947065 0.1891535 0.6260854 0.1735015 0.073000416 0.18613821 0.61825734 0.16562098
0.0535 0.07017803 0.1905533 0.6286696 0.1740615 0.073618904 0.18745726 0.62075174 0.16629682
0.054 0.07087601 0.1919206 0.6311999 0.1744364 0.074229 0.18876112 0.6232092 0.16696282
0.0545 0.07156454 0.1932566 0.6336786 0.1748416 0.074830785 0.19004989 0.62563044 0.16761917
0.055 0.07224205 0.1945622 0.6361078 0.1751322 0.07542446 0.19132376 0.6280162 0.16826606
0.0555 0.07290594 0.1958388 0.6384889 0.1754253 0.07601011 0.19258288 0.6303669 0.16890356
0.056 0.0735605 0.1970874 0.6408238 0.1758065 0.07658781 0.1938273 0.6326831 0.16953187
0.0565 0.07420844 0.1983093 0.6431145 0.1762569 0.077157736 0.19505721 0.63496524 0.17015114
0.057 0.07485026 0.1995058 0.6453622 0.1767546 0.077720016 0.19627279 0.63721424 0.17076153
0.0575 0.07548553 0.2006779 0.6475681 0.1772831 0.07827476 0.19747412 0.63943034 0.17136315
0.058 0.07611373 0.2018268 0.6497331 0.1778305 0.07882205 0.19866139 0.64161426 0.17195618
0.0585 0.07673441 0.2029534 0.6518583 0.1783882 0.07936199 0.1998347 0.6437663 0.1725407
0.059 0.07734732 0.2040586 0.6539445 0.1789498 0.079894766 0.2009942 0.64588714 0.17311691
0.0595 0.07795233 0.2051432 0.6559924 0.1795108 0.08042042 0.20214003 0.64797723 0.1736849
0.06 0.07854942 0.2062081 0.658003 0.1800681 0.08093907 0.20327228 0.65003717 0.17424484
0.0605 0.07913863 0.2072539 0.6599768 0.1806193 0.08145085 0.20439118 0.65206724 0.17479682
0.061 0.07972 0.2082812 0.6619147 0.1811625 0.081955776 0.20549682 0.65406805 0.17534098
0.0615 0.08029363 0.2092907 0.6638174 0.181697 0.082454056 0.20658934 0.65604025 0.17587748
0.062 0.08085965 0.2102829 0.6656855 0.1822224 0.08294575 0.2076689 0.65798396 0.1764064
0.0625 0.08141819 0.2112582 0.6675197 0.1827381 0.08343093 0.20873553 0.6598998 0.17692783
0.063 0.08196556 0.2122161 0.6693188 0.1832255 0.08390972 0.20978948 0.6617879 0.17744195
0.0635 0.08249513 0.2131555 0.6710795 0.1836785 0.08438218 0.21083081 0.6636492 0.17794888
0.064 0.08301431 0.2140781 0.6728067 0.1841234 0.08484842 0.2118597 0.6654839 0.17844866
0.0645 0.08352936 0.2149852 0.6745044 0.1845639 0.08530858 0.21287629 0.6672926 0.17894149
0.065 0.08404019 0.2158484 0.6749988 0.1849873 0.085762665 0.21388066 0.6690753 0.17942743
0.0655 0.08454272 0.2166345 0.6753175 0.185408 0.08621085 0.21487299 0.67083275 0.17990659
0.066 0.085038 0.2173737 0.676161 0.1858294 0.08665311 0.21585336 0.6725651 0.18037908
0.0665 0.08552841 0.2180977 0.6774811 0.1862502 0.08708964 0.21682194 0.6742732 0.18084502
0.067 0.08601439 0.2188253 0.6790967 0.1866681 0.08752048 0.21777886 0.675957 0.1813045
0.0675 0.0864912 0.2195634 0.6808539 0.1870772 0.08794567 0.21872425 0.67761695 0.1817576
0.068 0.08696122 0.2203138 0.6826525 0.1874821 0.08836536 0.2196582 0.6792535 0.18220447
0.0685 0.0874282 0.2210751 0.6844359 0.187884 0.0887796 0.22058082 0.6808669 0.18264514
0.069 0.08789277 0.2218438 0.6861745 0.1882826 0.08918847 0.22149232 0.68245786 0.18307976
0.0695 0.08835415 0.2226161 0.6878553 0.1886771 0.089591995 0.22239274 0.6840262 0.1835084
0.07 0.08881133 0.2233882 0.6894751 0.1890669 0.08999038 0.22328228 0.68557286 0.1839312
0.0705 0.08926352 0.2241568 0.6910353 0.1894517 0.09038359 0.22416097 0.6870977 0.18434818
0.071 0.08971008 0.2249193 0.6925398 0.189828 0.090771705 0.22502899 0.68860114 0.18475944
0.0715 0.09014727 0.2256725 0.6939908 0.1901737 0.09115483 0.2258865 0.6900837 0.1851651
0.072 0.0905736 0.2264153 0.6953931 0.1905052 0.09153299 0.2267335 0.6915454 0.18556523
0.0725 0.09099142 0.2271474 0.6967538 0.1908332 0.091906294 0.22757018 0.6929868 0.18595989
0.073 0.09139958 0.2278683 0.6980773 0.1911571 0.09227483 0.22839665 0.6944082 0.18634921
0.0735 0.09180313 0.2285777 0.6993673 0.1914834 0.09263863 0.22921306 0.6958099 0.18673325
0.074 0.09220502 0.2292755 0.7006265 0.1918122 0.092997804 0.23001954 0.6971922 0.18711212
0.0745 0.09260537 0.2299617 0.7018571 0.1921421 0.09335235 0.23081613 0.69855535 0.18748584
0.075 0.09300229 0.2306363 0.7030605 0.1924716 0.093702376 0.23160297 0.6998998 0.18785453
0.0755 0.09339339 0.2312993 0.7042382 0.1927995 0.094047904 0.23238015 0.7012254 0.18821824
0.076 0.09377969 0.2319509 0.7053913 0.1931248 0.09438905 0.23314783 0.7025329 0.18857704
0.0765 0.09415954 0.2325907 0.7065204 0.1934369 0.09472588 0.23390612 0.70382243 0.18893105
0.077 0.09452469 0.233218 0.7076232 0.1937188 0.09505838 0.23465508 0.7050941 0.1892803
0.0775 0.09488037 0.2338338 0.7087024 0.193994 0.09538667 0.23539487 0.7063484 0.18962488
0.078 0.0952336 0.2344388 0.7097617 0.194273 0.095710784 0.23612553 0.70758545 0.18996483
0.0785 0.09558691 0.2350337 0.7108025 0.1945566 0.09603079 0.23684725 0.7088057 0.19030029
0.079 0.09593999 0.2356189 0.7118252 0.1948434 0.096346736 0.23756003 0.7100092 0.19063121
0.0795 0.09629167 0.2361948 0.7128298 0.1951315 0.09665868 0.23826411 0.7111962 0.19095777
0.08 0.09664077 0.2367614 0.7138164 0.1954196 0.096966684 0.23895949 0.7123671 0.19128
0.0805 0.0969864 0.2373191 0.7147851 0.1957066 0.0972708 0.23964632 0.713522 0.19159794
0.081 0.09732798 0.2378678 0.7157362 0.1959916 0.097571105 0.24032474 0.7146614 0.19191167
0.0815 0.09766519 0.2384078 0.7166699 0.196274 0.09786762 0.24099475 0.7157853 0.19222128
0.082 0.09799786 0.2389392 0.7175865 0.1965536 0.098160386 0.24165651 0.71689373 0.19252679
0.0825 0.09832594 0.2394621 0.7184864 0.1968298 0.09844945 0.24231005 0.7179873 0.19282825
0.083 0.09864945 0.2399767 0.7193699 0.1971027 0.098734915 0.2429556 0.719066 0.19312575
0.0835 0.09896843 0.240483 0.7202373 0.1973719 0.099016756 0.24359316 0.72013015 0.19341931
0.084 0.09928292 0.2409813 0.7210891 0.1976373 0.099295065 0.24422282 0.7211799 0.19370905
0.0845 0.09958706 0.2414703 0.7219235 0.197876 0.09956992 0.24484468 0.7222156 0.193995
0.085 0.09987716 0.2419503 0.7227392 0.1980929 0.09984131 0.2454589 0.7232374 0.1942772
0.0855 0.1001614 0.2424223 0.7235396 0.1983093 0.10010928 0.2460655 0.72424525 0.19455566
0.086 0.1004453 0.2428867 0.724327 0.1985311 0.10037395 0.24666458 0.7252397 0.19483057
0.0865 0.10073 0.2433441 0.7251019 0.1987562 0.100635275 0.24725628 0.7262207 0.1951018
0.087 0.1010146 0.2437947 0.7258643 0.1989785 0.10089336 0.24784067 0.72718877 0.19536957
0.0875 0.1012945 0.2442386 0.726614 0.1992032 0.1011482 0.2484178 0.72814375 0.19563381
0.088 0.1015698 0.2446759 0.7273506 0.1994302 0.10139988 0.2489878 0.72908604 0.19589466
0.0885 0.1018427 0.2451061 0.7280743 0.1996582 0.101648405 0.2495507 0.7300156 0.19615209
0.089 0.1021135 0.2455284 0.728785 0.1998861 0.10189389 0.2501067 0.73093295 0.1964062
0.0895 0.102382 0.2459439 0.729483 0.2001132 0.102136284 0.2506557 0.731838 0.19665703
0.09 0.1026478 0.2463532 0.7301684 0.2003386 0.10237566 0.251198 0.732731 0.19690461
0.0905 0.1029106 0.2467567 0.7308416 0.2005621 0.10261211 0.25173354 0.73361224 0.19714904
0.091 0.1031703 0.2471544 0.7315028 0.2007833 0.102845564 0.2522624 0.73448163 0.19739026
0.0915 0.1034266 0.2475464 0.7321521 0.2010019 0.103076205 0.2527848 0.7353397 0.19762842
0.092 0.1036797 0.2479324 0.7327899 0.2011034 0.10330394 0.2533007 0.7361864 0.19786349
0.0925 0.1039291 0.2483111 0.7334162 0.2010708 0.10352883 0.25381014 0.7370216 0.19809555
0.093 0.1041747 0.2486835 0.7340312 0.2011023 0.10375096 0.25431326 0.7378461 0.19832462
0.0935 0.1044169 0.2490504 0.7346352 0.2011977 0.103970334 0.25481018 0.7386595 0.19855076
0.094 0.1046556 0.2494121 0.7352284 0.2013393 0.10418698 0.25530088 0.7394621 0.19877397
0.0945 0.1048912 0.2497687 0.7358112 0.2015125 0.10440101 0.25578552 0.7402543 0.19899437
0.095 0.1051237 0.2501202 0.7363837 0.201707 0.10461235 0.25626415 0.7410361 0.19921196
0.0955 0.105353 0.2504665 0.736946 0.2019151 0.104821146 0.25673687 0.74180776 0.19942679
0.096 0.1055793 0.2508075 0.7374984 0.2021315 0.10502732 0.2572037 0.74256897 0.19963883
0.0965 0.1058026 0.2511419 0.7380391 0.2023522 0.10523094 0.25766468 0.7433202 0.1998482
0.097 0.1060229 0.25147 0.7385687 0.2025743 0.10543206 0.25812 0.7440617 0.20005491
0.0975 0.1062402 0.2517929 0.7390885 0.202796 0.105630755 0.25856963 0.7447935 0.200259
0.098 0.1064546 0.252111 0.7395993 0.2030158 0.10582699 0.2590137 0.7455158 0.2004605
0.0985 0.1066662 0.2524246 0.7401014 0.2032328 0.10602078 0.25945225 0.7462284 0.20065945
0.099 0.1068749 0.2527338 0.7405952 0.2034462 0.10621224 0.25988537 0.74693197 0.20085588
0.0995 0.1070808 0.2530387 0.7410807 0.2036556 0.106401324 0.26031306 0.74762636 0.20104986
0.1 0.107284 0.2533392 0.741558 0.2038608 0.13297436 0.26087308 0.72842634 0.11659987
0.1005 0.106358 0.2636599 0.7284943 0.1933711 0.12689582 0.29359964 0.7226625 0.124842994
0.101 0.1036705 0.2782875 0.713581 0.1827758 0.12675102 0.3138293 0.7209265 0.1231498
0.1015 0.1011935 0.294527 0.7014762 0.174954 0.1251776 0.33352453 0.71256644 0.12109936
0.102 0.09929584 0.3115173 0.691389 0.1683588 0.12340556 0.35221854 0.7037782 0.11910536
0.1025 0.09781023 0.3288616 0.6823686 0.1623411 0.12145907 0.37030375 0.6947669 0.11724989
0.103 0.09655379 0.3463432 0.6738509 0.1566924 0.11943583 0.38787627 0.68571216 0.11551275
0.1035 0.09541395 0.3638233 0.665559 0.151342 0.11738081 0.4049824 0.676662 0.113862574
0.104 0.09433203 0.381203 0.65737 0.1462592 0.11532003 0.42164606 0.6676469 0.11227584
0.1045 0.09327961 0.3984076 0.6492341 0.1414248 0.113268316 0.4378817 0.65868604 0.11073616
0.105 0.09224356 0.4153789 0.6411339 0.1368239 0.111234754 0.4536991 0.649793 0.10923244
0.1055 0.09121805 0.4320716 0.6330659 0.1324431 0.10922496 0.46910518 0.640977 0.107757114
0.106 0.09020077 0.4484504 0.6250319 0.1282704 0.10724291 0.484106 0.6322456 0.10630499
0.1065 0.089191 0.4644883 0.6170359 0.1242944 0.10529114 0.49870694 0.62360376 0.10487255
0.107 0.08818881 0.4801652 0.6090826 0.1205046 0.103371665 0.5129135 0.6150558 0.10345739
0.1075 0.08719461 0.4954667 0.6011765 0.1168912 0.10148576 0.52673113 0.6066048 0.10205792
0.108 0.08620897 0.5103829 0.5933224 0.1134449 0.09963448 0.5401656 0.59825325 0.1006731
0.1085 0.08523253 0.524908 0.5855242 0.110157 0.09781855 0.553223 0.59000343 0.09930249
0.109 0.08426588 0.5390391 0.5777861 0.1070195 0.09603852 0.56590974 0.5818569 0.0979457
0.1095 0.08330961 0.5527763 0.5701115 0.1040246 0.09429471 0.5782326 0.5738148 0.096602805
0.11 0.08236437 0.5661215 0.5625039 0.1011653 0.0925874 0.5901986 0.5658784 0.095273905
0.1105 0.08143078 0.5790783 0.5549663 0.0984347 0.09091669 0.60181475 0.5580483 0.09395931
0.111 0.0805094 0.5916519 0.5475013 0.09582657 0.08928266 0.61308885 0.5503253 0.09265936
0.1115 0.07960075 0.6038486 0.5401117 0.09333493 0.08768536 0.6240285 0.5427095 0.091374435
0.112 0.07870531 0.6156752 0.5327996 0.0909542 0.08612464 0.63464147 0.5352015 0.090105005
0.1125 0.07782354 0.6271396 0.525567 0.08867911 0.08460046 0.6449357 0.5278013 0.08885154
0.113 0.07695585 0.63825 0.5184159 0.08650472 0.08311264 0.6549192 0.5205088 0.08761451
0.1135 0.07610263 0.6490149 0.5113479 0.08442635 0.081661 0.66459996 0.5133238 0.08639439
0.114 0.07526423 0.6594432 0.5043643 0.08243963 0.08024536 0.67398596 0.5062462 0.0851916
0.1145 0.074441 0.6695438 0.4974665 0.0805404 0.07886547 0.68308514 0.49927557 0.08400663
0.115 0.07363324 0.6793257 0.4906556 0.07872477 0.07752107 0.6919056 0.49241155 0.0828399
0.1155 0.07284123 0.688798 0.4839324 0.07698906 0.07621196 0.7004551 0.48565376 0.081691794
0.116 0.07206522 0.6979697 0.4772978 0.07532979 0.07493776 0.7087417 0.4790014 0.08056275
0.1165 0.07130547 0.7068497 0.4707524 0.07374369 0.07369825 0.7167729 0.47245383 0.079453036
0.117 0.07056218 0.7154469 0.4642968 0.07222765 0.07249309 0.7245564 0.4660107 0.0783631
0.1175 0.06983555 0.7237697 0.4579313 0.07077876 0.07132201 0.7320995 0.45967102 0.077293165
0.118 0.06912576 0.7318269 0.4516563 0.06939424 0.07018465 0.7394095 0.45343387 0.07624356
0.1185 0.06843297 0.7396265 0.4454719 0.06807147 0.069080666 0.74649364 0.4472986 0.07521446
0.119 0.06775731 0.7471769 0.4393781 0.06680797 0.068009734 0.7533589 0.4412642 0.07420618
0.1195 0.06709891 0.7544858 0.4333751 0.0656014 0.066971526 0.7600122 0.4353298 0.073218904
0.12 0.06645788 0.761561 0.4274626 0.06444954 0.06596564 0.7664601 0.42949438 0.0722528
0.1205 0.06583431 0.7684099 0.4216406 0.06335026 0.06499182 0.7727092 0.42375702 0.07130803
0.121 0.06522827 0.77504 0.4159088 0.06230159 0.06404959 0.7787655 0.4181165 0.07038472
0.1215 0.06463984 0.7814582 0.4102668 0.06130161 0.06313869 0.7846356 0.4125721 0.069483005
0.122 0.06406905 0.7876714 0.4047143 0.06034852 0.06225875 0.7903252 0.4071225 0.06860293
0.1225 0.06351596 0.7936863 0.3992508 0.05944061 0.061409354 0.7958402 0.40176675 0.06774463
0.123 0.06298058 0.7995094 0.3938759 0.05857626 0.060590163 0.8011862 0.39650363 0.066908136
0.1235 0.06246293 0.8051468 0.3885891 0.05775391 0.059800833 0.80636865 0.3913321 0.06609345
0.124 0.061963 0.8106047 0.3833896 0.0569721 0.059040993 0.8113929 0.38625103 0.065300584
0.1245 0.06148081 0.8158888 0.3782769 0.05622941 0.058310226 0.8162641 0.38125908 0.064529575
0.125 0.06101631 0.821005 0.3732504 0.05552452 0.05760829 0.8209871 0.37635544 0.0637804
0.1255 0.0605695 0.8259586 0.3683093 0.05485616 0.056934685 0.8255668 0.37153876 0.063053034
0.126 0.06014033 0.8307551 0.3634528 0.0542231 0.05628912 0.83000785 0.36680782 0.062347427
0.1265 0.05972876 0.8353994 0.3586802 0.05362419 0.055671275 0.83431476 0.3621616 0.061663486
0.127 0.05933474 0.8398967 0.3539908 0.05305833 0.055080682 0.8384918 0.35759887 0.06100122
0.1275 0.05895821 0.8442517 0.3493837 0.05252446 0.054517075 0.84254324 0.3531185 0.060360454
0.128 0.05859911 0.8484691 0.344858 0.05202157 0.053980067 0.84647316 0.3487193 0.059741147
0.1285 0.05825735 0.8525533 0.3404128 0.05154869 0.053469285 0.8502856 0.34440002 0.059143186
0.129 0.05793286 0.8565088 0.3360474 0.05110491 0.0529844 0.8539842 0.34015965 0.05856648
0.1295 0.05762556 0.8603397 0.3317608 0.05068934 0.052525043 0.85757244 0.33599684 0.05801087
0.13 0.05733536 0.8640501 0.327552 0.05030114 0.0520909 0.8610543 0.33191067 0.057476223
0.1305 0.05706215 0.867644 0.3234203 0.04993949 0.05168158 0.8644331 0.3278998 0.056962453
0.131 0.05680584 0.8711252 0.3193645 0.04960363 0.05129683 0.86771196 0.32396328 0.056469344
0.1315 0.05656632 0.8744972 0.3153838 0.0492928 0.050936177 0.87089413 0.32009974 0.055996783
0.132 0.05634348 0.8777638 0.3114773 0.0490063 0.05059938 0.8739828 0.31630832 0.055544645
0.1325 0.05613721 0.8809283 0.3076439 0.04874343 0.0502861 0.8769809 0.31258768 0.055112712
0.133 0.05594739 0.8839941 0.3038828 0.04850354 0.04999596 0.8798912 0.30893674 0.05470085
0.1335 0.05577389 0.8869644 0.3001929 0.04828601 0.049728677 0.8827167 0.30535465 0.05430883
0.134 0.0556166 0.8898423 0.2965733 0.04809021 0.04948391 0.88545996 0.30183998 0.053936563
0.1345 0.05547538 0.8926307 0.2930229 0.04791557 0.049261317 0.88812345 0.29839182 0.053583786
0.135 0.0553501 0.8953326 0.2895409 0.04776151 0.049060613 0.89070976 0.2950091 0.053250372
0.1355 0.05524063 0.8979508 0.2861262 0.04762751 0.0488815 0.89322144 0.29169077 0.052936077
0.136 0.05514682 0.900488 0.282778 0.04751303 0.04872361 0.8956607 0.28843576 0.05264075
0.1365 0.05506854 0.9029468 0.2794951 0.04741758 0.048586637 0.8980298 0.28524303 0.05236417
0.137 0.05500566 0.90533 0.2762767 0.04734068 0.04847032 0.9003307 0.28211153 0.052106164
0.1375 0.05495803 0.9076399 0.2731217 0.04728185 0.04837437 0.90256613 0.27904028 0.051866516
0.138 0.05492552 0.909879 0.2700293 0.04724066 0.04829842 0.90473765 0.27602836 0.05164504
0.1385 0.05490797 0.9120495 0.2669985 0.04721666 0.048242226 0.9068472 0.27307463 0.05144155
0.139 0.05490525 0.9141538 0.2640283 0.04720944 0.048205465 0.9088968 0.27017826 0.0512558
0.1395 0.05491721 0.9161939 0.2611178 0.0472186 0.048187897 0.91088825 0.2673382 0.05108758
0.14 0.0549437 0.9181721 0.2582661 0.04724375 0.048189178 0.9128234 0.26455346 0.05093673
0.1405 0.05498458 0.9200902 0.2554721 0.0472845 0.04820907 0.91470355 0.2618234 0.05080305
0.141 0.05503969 0.9219504 0.2527351 0.0473405 0.048247278 0.91653097 0.25914663 0.050686255
0.1415 0.05510889 0.9237544 0.250054 0.04741139 0.04830353 0.91830677 0.25652254 0.05058623
0.142 0.05519202 0.9255041 0.2474281 0.04749683 0.04837753 0.9200328 0.25395012 0.05050271
0.1425 0.05528893 0.9272013 0.2448563 0.04759649 0.04846905 0.92171043 0.2514286 0.050435513
0.143 0.05539947 0.9288477 0.2423378 0.04771005 0.0485778 0.9233411 0.24895692 0.050384447
0.1435 0.0555235 0.9304449 0.2398717 0.0478372 0.04870352 0.9249262 0.24653435 0.05034928
0.144 0.05566085 0.9319947 0.2374571 0.04797764 0.04884599 0.9264671 0.24416009 0.050329797
0.1445 0.05581139 0.9334984 0.2350932 0.04813108 0.049004912 0.9279651 0.24183327 0.05032585
0.145 0.05597495 0.9349577 0.2327791 0.04829724 0.04918006 0.92942137 0.239553 0.050337166
0.1455 0.05615138 0.936374 0.230514 0.04847584 0.04937114 0.93083733 0.23731846 0.050363608
0.146 0.05634054 0.9377487 0.2282971 0.04866661 0.04957795 0.93221396 0.23512894 0.05040493
0.1465 0.05654228 0.9390832 0.2261274 0.0488693 0.049800247 0.93355244 0.23298365 0.05046092
0.147 0.05675643 0.9403788 0.2240043 0.04908367 0.050037786 0.9348541 0.23088166 0.050531387
0.1475 0.05698287 0.9416367 0.2219268 0.04930945 0.050290287 0.9361196 0.22882241 0.05061616
0.148 0.05722143 0.9428583 0.2198942 0.04954643 0.0505576 0.9373502 0.22680503 0.05071502
0.1485 0.05747197 0.9440447 0.2179058 0.04979436 0.05083944 0.93854696 0.22482881 0.050827757
0.149 0.05773433 0.945197 0.2159607 0.05005303 0.051135525 0.9397109 0.22289294 0.05095423
0.1495 0.05800839 0.9463165 0.2140581 0.05032222 0.051445812 0.9408428 0.22099692 0.05109418
0.15 0.05829398 0.9474042 0.2121974 0.05060171 0.051769912 0.9419436 0.21913987 0.051247448
0.1505 0.05859096 0.9484611 0.2103778 0.05089131 0.052107647 0.9430141 0.21732104 0.05141382
0.151 0.05889919 0.9494883 0.2085985 0.0511908 0.052442044 0.9440574 0.21554166 0.051598154
0.1515 0.05921852 0.9504867 0.2068588 0.05150001 0.05280687 0.9450676 0.21379727 0.0517845
0.152 0.05954882 0.9514573 0.2051581 0.05181873 0.05318281 0.9460533 0.212089 0.0519868
0.1525 0.05988994 0.9524011 0.2034955 0.05214679 0.05357167 0.94701153 0.21041673 0.052201666
0.153 0.06024173 0.953319 0.2018705 0.052484 0.053973153 0.9479435 0.20877942 0.05242887
0.1535 0.06060407 0.9542117 0.2002823 0.05283018 0.05438699 0.94884986 0.20717639 0.052668244
0.154 0.06097681 0.9550802 0.1987303 0.05318518 0.054813012 0.9497313 0.20560709 0.052919514
0.1545 0.06135982 0.9559252 0.1972138 0.05354881 0.055251047 0.9505884 0.20407093 0.053182535
0.155 0.06175295 0.9567476 0.1957322 0.05392092 0.055700883 0.95142215 0.20256734 0.05345702
0.1555 0.06215608 0.9575481 0.1942848 0.05430135 0.056162387 0.952233 0.20109564 0.053742945
0.156 0.06256907 0.9583274 0.192871 0.05468995 0.05663535 0.95302194 0.19965544 0.054039955
0.1565 0.06299178 0.9590863 0.1914901 0.05508655 0.057119533 0.95378894 0.19824603 0.054347992
0.157 0.0634241 0.9598254 0.1901416 0.05549103 0.05761482 0.9545352 0.19686681 0.054666817
0.1575 0.06386587 0.9605455 0.1888249 0.05590323 0.058120996 0.9552608 0.19551724 0.05499629
0.158 0.06431699 0.9612471 0.1875394 0.05632301 0.058637902 0.95596665 0.194197 0.05533623
0.1585 0.06477731 0.9619309 0.1862844 0.05675024 0.05916539 0.9566532 0.19290537 0.055686504
0.159 0.06524672 0.9625975 0.1850595 0.05718478 0.059703246 0.9573211 0.19164193 0.05604688
0.1595 0.06572508 0.9632476 0.183864 0.0576265 0.060251296 0.95797056 0.19040594 0.056417264
0.16 0.06621227 0.9638815 0.1826975 0.05807527 0.060809404 0.95860213 0.18919715 0.05679746
0.1605 0.06670816 0.9645 0.1815593 0.05853096 0.06137736 0.9592164 0.18801498 0.05718731
0.161 0.06721263 0.9651036 0.1804489 0.05899346 0.061955035 0.9598139 0.18685883 0.057586677
0.1615 0.06772557 0.9656927 0.1793659 0.05946265 0.06254229 0.9603948 0.18572843 0.057995394
0.162 0.06824686 0.9662678 0.1783096 0.0599384 0.06313892 0.9609596 0.18462318 0.058413304
0.1625 0.06877639 0.9668296 0.1772797 0.06042061 0.06374477 0.96150917 0.18354264 0.058840267
0.163 0.06931404 0.9673783 0.1762755 0.06090917 0.064359665 0.96204334 0.18248627 0.059276067
0.1635 0.06985969 0.9679145 0.1752966 0.06140396 0.06498355 0.96256274 0.18145376 0.059720702
0.164 0.07041323 0.9684386 0.1743426 0.06190488 0.065616146 0.9630678 0.18044469 0.06017387
0.1645 0.07097456 0.968951 0.1734129 0.06241182 0.0662574 0.96355885 0.17945844 0.060635567
0.165 0.07154352 0.9694514 0.1725071 0.06285692 0.06690714 0.96403617 0.17849478 0.06110558
0.1655 0.07211982 0.9699397 0.1716246 0.06330497 0.06756519 0.9645 0.1775532 0.061583705
0.166 0.07270316 0.9704169 0.1707649 0.06378089 0.06823142 0.964951 0.1766333 0.062069863
0.1665 0.07329358 0.9708838 0.1699277 0.06428077 0.068905696 0.96538943 0.1757347 0.062563956
0.167 0.07389115 0.9713412 0.1691126 0.06479956 0.069587916 0.9658155 0.17485699 0.063065805
0.1675 0.0744959 0.9717894 0.1683192 0.06533334 0.070277885 0.96622974 0.17399979 0.06357524
0.168 0.07510776 0.9722289 0.1675471 0.0658792 0.07097551 0.96663207 0.17316279 0.06409226
0.1685 0.07572665 0.97266 0.1667959 0.066435 0.071680605 0.9670232 0.17234537 0.064616546
0.169 0.07635248 0.973083 0.1660652 0.06699916 0.072393104 0.9674029 0.17154747 0.06514814
0.1695 0.07698504 0.9734983 0.1653546 0.06757048 0.0731128 0.96777195 0.17076844 0.06568679
0.17 0.07762229 0.973906 0.1646637 0.06814803 0.073839664 0.9681303 0.17000818 0.06623243
0.1705 0.07826513 0.9743064 0.1639921 0.06873112 0.0745735 0.9684786 0.16926622 0.066784985
0.171 0.07891474 0.9746997 0.1633395 0.06931928 0.075314224 0.9688167 0.1685422 0.0673442
0.1715 0.07957138 0.9750863 0.1627054 0.06991213 0.076061636 0.9691451 0.16783583 0.067910045
0.172 0.08023494 0.9754662 0.1620896 0.07050941 0.076815754 0.969464 0.16714674 0.068482414
0.1725 0.08090522 0.9758399 0.1614917 0.07111089 0.077576295 0.9697736 0.1664747 0.06906108
0.173 0.08158204 0.9762073 0.1609113 0.07171643 0.07834324 0.970074 0.16581929 0.069646105
0.1735 0.08226523 0.9765688 0.1603481 0.07232591 0.07911645 0.97036546 0.16518012 0.07023717
0.174 0.08295458 0.9769246 0.1598017 0.07293924 0.079895824 0.97064847 0.16455707 0.07083429
0.1745 0.08364991 0.9772749 0.1592719 0.07355633 0.080681235 0.970923 0.16394976 0.071437344
0.175 0.08435104 0.97762 0.1587583 0.07417711 0.081472605 0.9711892 0.1633578 0.07204623
0.1755 0.08505786 0.9779599 0.1582606 0.07480151 0.0822698 0.9714475 0.16278106 0.07266073
0.176 0.08577023 0.978295 0.1577784 0.07542949 0.08307268 0.9716981 0.1622192 0.07328087
0.1765 0.08648807 0.9786253 0.1573116 0.076061 0.083881184 0.9719407 0.16167188 0.07390648
0.177 0.08721123 0.9789511 0.1568597 0.07668811 0.084695175 0.97217613 0.16113886 0.07453743
0.1775 0.08793941 0.9792726 0.1564226 0.07731432 0.08551453 0.97240406 0.16061983 0.07517366
0.178 0.08867236 0.9795897 0.1559998 0.0779399 0.08633922 0.9726251 0.16011456 0.07581505
0.1785 0.08940979 0.9799028 0.155591 0.07856772 0.08716911 0.9728392 0.15962279 0.076461494
0.179 0.09015194 0.9802118 0.1551961 0.07920118 0.0880041 0.9730465 0.15914434 0.07711293
0.1795 0.09089911 0.9805169 0.1548147 0.07984075 0.088844046 0.9732471 0.15867886 0.07776922
0.18 0.09165139 0.9808185 0.1544466 0.08048615 0.08968894 0.9734414 0.15822604 0.07843024
0.1805 0.09240873 0.9811166 0.1540916 0.08113701 0.090538576 0.9736294 0.15778583 0.07909593
0.181 0.09317103 0.9814114 0.1537495 0.08179299 0.091392994 0.9738112 0.15735778 0.07976617
0.1815 0.09393819 0.9817031 0.1534199 0.08245377 0.09225197 0.9739869 0.1569418 0.08044092
0.182 0.09471011 0.9819918 0.1531026 0.08311908 0.09311545 0.97415704 0.15653765 0.08112005
0.1825 0.09548671 0.9822777 0.1527975 0.08378869 0.09398341 0.9743212 0.15614492 0.08180342
0.183 0.09626788 0.9825609 0.1525042 0.08446238 0.094855726 0.97447985 0.15576375 0.08249107
0.1835 0.09705356 0.9828415 0.1522225 0.08513994 0.09573227 0.9746329 0.1553936 0.083182774
0.184 0.09784366 0.9831196 0.1519522 0.08582123 0.09661296 0.97478074 0.15503424 0.083878465
0.1845 0.09863811 0.9833954 0.151693 0.08650606 0.097497776 0.97492343 0.15468565 0.08457812
0.185 0.09943683 0.9836688 0.1514449 0.08719432 0.098386556 0.975061 0.15434766 0.085281655
0.1855 0.1002398 0.9839402 0.1512074 0.08788587 0.099279284 0.97519344 0.15401992 0.085988946
0.186 0.1010468 0.9842094 0.1509805 0.08858061 0.10017583 0.9753211 0.15370226 0.0866999
0.1865 0.101858 0.9844767 0.1507639 0.08927842 0.10107614 0.97544414 0.15339446 0.087414466
0.187 0.1026731 0.9847421 0.1505575 0.08997905 0.10198015 0.9755625 0.15309638 0.08813257
0.1875 0.1034919 0.9850057 0.150361 0.09067163 0.10288772 0.97567624 0.1528078 0.08885406
0.188 0.1043134 0.9852672 0.1501741 0.09136213 0.10379882 0.9757857 0.15252858 0.08957896
0.1885 0.1051374 0.9855268 0.1499967 0.0920577 0.10471335 0.9758908 0.15225849 0.090307094
0.189 0.1059644 0.9857847 0.1498285 0.09275917 0.10563128 0.97599155 0.15199748 0.09103848
0.1895 0.106795 0.986041 0.1496696 0.09346614 0.10655245 0.9760882 0.15174511 0.09177295
0.19 0.1076298 0.9862959 0.1495196 0.09417803 0.10747689 0.976181 0.15150145 0.0925105
0.1905 0.1084687 0.9865496 0.1493786 0.09489425 0.10840443 0.97626966 0.15126625 0.093250975
0.191 0.1093118 0.9868021 0.1492462 0.09561435 0.109335095 0.9763544 0.15103921 0.09399444
0.1915 0.110159 0.9870535 0.1491224 0.09633791 0.11026871 0.9764355 0.15082043 0.09474065
0.192 0.1110102 0.9873039 0.1490068 0.09706465 0.11120528 0.97651285 0.15060955 0.095489606
0.1925 0.1118616 0.9875534 0.1488993 0.09772448 0.11214472 0.9765865 0.1504066 0.096241355
0.193 0.1127001 0.9878019 0.1487982 0.09832948 0.11308694 0.9766566 0.15021122 0.09699561
0.1935 0.1135376 0.9880493 0.1487039 0.09896878 0.11403191 0.9767236 0.15002334 0.097752474
0.194 0.1143844 0.9882957 0.1486177 0.09964349 0.114979535 0.9767869 0.14984289 0.09851183
0.1945 0.1152424 0.9885413 0.1485399 0.1003458 0.11592975 0.9768469 0.14966956 0.09927358
0.195 0.1161101 0.9887861 0.1484702 0.1010688 0.11688253 0.9769035 0.14950341 0.100037694
0.1955 0.1169851 0.9890302 0.1484083 0.1018071 0.11783776 0.97695714 0.14934406 0.10080406
0.196 0.1178655 0.9892738 0.1483538 0.1025569 0.118795395 0.9770078 0.14919165 0.101572685
0.1965 0.11875 0.9895168 0.1483065 0.1033151 0.11975536 0.9770554 0.1490458 0.102343425
0.197 0.1196377 0.9897594 0.1482661 0.1040797 0.12071766 0.97709996 0.1489065 0.103116326
0.1975 0.1205281 0.9900016 0.1482324 0.1048489 0.12168217 0.9771413 0.14877361 0.103891246
0.198 0.1214209 0.9902433 0.1482052 0.1056214 0.122648835 0.9771802 0.14864701 0.10466809
0.1985 0.1223107 0.9904839 0.1481842 0.1063925 0.12361762 0.9772162 0.14852652 0.1054469
0.199 0.1231845 0.9907221 0.1481669 0.1071547 0.12458843 0.97724944 0.14841208 0.10622753
0.1995 0.1240568 0.9909592 0.1481547 0.1079173 0.12556127 0.97727996 0.1483036 0.10700998
0.2 0.1249384 0.991196 0.1481492 0.1086844 0.08182952 0.98282045 0.14130759 0.13094972
0.2005 0.1159277 0.9810303 0.1472151 0.1043272 0.08798869 0.97142 0.15103412 0.121638715
0.201 0.1047081 0.965658 0.1452412 0.09980895 0.08827099 0.9540158 0.14797494 0.11593676
0.2015 0.09755017 0.9480329 0.1434069 0.09641817 0.08775693 0.9355851 0.1456134 0.11099028
0.202 0.09312341 0.9292431 0.1417385 0.09345878 0.08658968 0.9163179 0.14324874 0.10663338
0.2025 0.09007026 0.9098189 0.1401291 0.0906698 0.085187346 0.89687914 0.1409648 0.10258867
0.203 0.0876609 0.890051 0.1385178 0.0879744 0.0836834 0.87745804 0.13871148 0.098762035
0.2035 0.08555333 0.8701214 0.1368801 0.0853492 0.08214277 0.85816926 0.13648155 0.09510009
0.204 0.08359354 0.8501565 0.1352091 0.08278573 0.08059284 0.8390746 0.13427207 0.09157518
0.2045 0.0817125 0.8302513 0.133505 0.08028001 0.07904585 0.82021457 0.13208294 0.08817164
0.205 0.0798788 0.8104797 0.1317706 0.07782958 0.07750714 0.80161744 0.12991464 0.0848799
0.2055 0.07807779 0.7909004 0.1300097 0.07543252 0.07597886 0.7833039 0.12776774 0.0816938
0.206 0.07630242 0.7715604 0.1282259 0.07308719 0.07446176 0.7652887 0.12564266 0.0786089
0.2065 0.07454912 0.7524966 0.1264228 0.07079206 0.07295601 0.7475834 0.123539366 0.07562156
0.207 0.072816 0.7337383 0.1246034 0.06854572 0.07146135 0.73019606 0.12145803 0.07272899
0.2075 0.07110204 0.7153082 0.1227708 0.06634676 0.06997754 0.7131322 0.11939847 0.06992834
0.208 0.0694066 0.6972231 0.1209274 0.06419387 0.0685042 0.69639534 0.11736069 0.06721712
0.2085 0.06772929 0.6794958 0.1190755 0.06208574 0.067040995 0.6799869 0.11534453 0.0645928
0.209 0.06606985 0.6621347 0.1172173 0.06002112 0.06558767 0.6639076 0.11334998 0.062052824
0.2095 0.0644281 0.6451455 0.1153545 0.05799881 0.064143986 0.6481563 0.111376844 0.059594803
0.21 0.06280387 0.6285309 0.1134889 0.05601762 0.06270976 0.63273066 0.10942512 0.05721625
0.2105 0.06119704 0.6122917 0.1116219 0.05407643 0.061284885 0.61762816 0.107494764 0.054914653
0.211 0.05960751 0.5964268 0.109755 0.05217413 0.059869304 0.60284513 0.10558564 0.052687585
0.2115 0.05803516 0.5809336 0.1078894 0.05030967 0.058462977 0.5883773 0.103697814 0.050532527
0.212 0.05647992 0.5658083 0.1060262 0.04848201 0.05706598 0.57421994 0.10183113 0.04844705
0.2125 0.05494167 0.5510465 0.1041665 0.04669017 0.055678427 0.56036806 0.09998547 0.046428606
0.213 0.05342033 0.5366425 0.1023113 0.04493319 0.05430065 0.5468163 0.098160826 0.044474788
0.2135 0.05191581 0.5225904 0.1004613 0.04321015 0.0529328 0.53355885 0.096357085 0.04258307
0.214 0.050428 0.5088837 0.09861752 0.04152017 0.051575437 0.52058977 0.09457407 0.040750876
0.2145 0.04895682 0.4955156 0.09678057 0.03986237 0.050228983 0.507903 0.09281153 0.038975775
0.215 0.04750215 0.482479 0.09495115 0.03823594 0.048893988 0.4954921 0.091069244 0.037255026
0.2155 0.04606391 0.4697666 0.09312992 0.03664008 0.047571138 0.48335075 0.0893468 0.03558618
0.216 0.04464199 0.4573711 0.09131744 0.03507402 0.046261117 0.47147232 0.08764397 0.03396663
0.2165 0.04323629 0.4452852 0.08951427 0.033537 0.044964537 0.4598505 0.08596016 0.032393813
0.217 0.0418467 0.4335013 0.08772089 0.03202832 0.04368207 0.44847834 0.08429501 0.030865224
0.2175 0.0404731 0.4220122 0.08593778 0.03054728 0.042414337 0.43734956 0.08264797 0.029378468
0.218 0.0391154 0.4108104 0.08416536 0.0290932 0.041161805 0.4264577 0.081018604 0.027931193
0.2185 0.03777348 0.3998888 0.08240402 0.02766545 0.039924845 0.4157965 0.07940633 0.026521178
0.219 0.03644721 0.3892403 0.08065413 0.0262634 0.038703747 0.4053599 0.07781062 0.025146382
0.2195 0.0351365 0.3788577 0.07891603 0.02488643 0.037498668 0.39514205 0.076231085 0.02380483
0.22 0.03384122 0.3687342 0.07719004 0.02353398 0.036309555 0.38513738 0.07466715 0.02249481
0.2205 0.03256125 0.3588632 0.07547644 0.02220546 0.035136327 0.37534055 0.073118426 0.021214614
0.221 0.03129646 0.3492378 0.0737755 0.02090034 0.033978716 0.36574656 0.071584515 0.019962775
0.2215 0.03004675 0.3398517 0.07208747 0.01961808 0.03283643 0.3563507 0.07006513 0.018738026
0.222 0.02881198 0.3306986 0.07041256 0.01835818 0.03170909 0.3471484 0.06855988 0.017539063
0.2225 0.02759202 0.3217723 0.06875099 0.01712012 0.030596174 0.33813548 0.067068465 0.016364852
0.223 0.02638677 0.3130669 0.06710295 0.01590343 0.029497214 0.32930788 0.06559075 0.015214393
0.2235 0.02519607 0.3045763 0.0654686 0.01470765 0.028411657 0.320662 0.064126454 0.014086844
0.224 0.02401982 0.296295 0.06384811 0.01353232 0.027338974 0.3121941 0.062675364 0.012981312
0.2245 0.02285788 0.2882174 0.06224161 0.01237699 0.026278645 0.303901 0.061237387 0.0118970815
0.225 0.02171012 0.2803381 0.06064923 0.01124125 0.02523014 0.29577935 0.059812315 0.010833481
0.2255 0.0205764 0.2726519 0.05907109 0.01012467 0.024192989 0.28782612 0.058400117 0.009789826
0.226 0.01945661 0.2651536 0.05750728 0.009026859 0.023166724 0.2800384 0.0570006 0.008765543
0.2265 0.01835061 0.2578382 0.05595789 0.00794742 0.022150904 0.2724133 0.055613734 0.007760057
0.227 0.01725827 0.250701 0.05442299 0.006885972 0.021145135 0.264948 0.054239325 0.006772803
0.2275 0.01617945 0.2437371 0.05290266 0.005842148 0.020149104 0.25763983 0.052877374 0.005803274
0.228 0.01511403 0.2369422 0.05139695 0.004815585 0.019162461 0.25048614 0.05152779 0.0048509557
0.2285 0.01406187 0.2303116 0.04990589 0.003805934 0.018184945 0.24348435 0.05019047 0.0039153267
0.229 0.01302284 0.2238411 0.04842954 0.002812855 0.017216332 0.2366319 0.048865408 0.0029959623
0.2295 0.01199681 0.2175266 0.04696791 0.001836016 0.016256392 0.22992623 0.04755245 0.0020923484
0.23 0.01098365 0.2113638 0.04552102 0.0008750929 0.015304916 0.22336489 0.04625158 0.0012041125
0.2305 0.009983215 0.2053489 0.04408888 -7.02282e-05 0.014361836 0.21694532 0.044962734 0.00033072568
0.231 0.008995384 0.199478 0.04267149 -0.001000254 0.013426945 0.21066517 0.043685764 -0.00052814
0.2315 0.008020022 0.1937474 0.04126885 -0.001915283 0.012500159 0.2045219 0.042420626 -0.0013729986
0.232 0.007056999 0.1881533 0.03988094 -0.002815608 0.011581391 0.19851312 0.04116731 -0.0022042003
0.2325 0.006106182 0.1826923 0.03850774 -0.003701511 0.0106705725 0.19263643 0.039925717 -0.0030221324
0.233 0.005167442 0.177361 0.03714924 -0.00457327 0.009767652 0.18688947 0.038695745 -0.0038271602
0.2335 0.004240647 0.1721559 0.03580539 -0.005431155 0.008872539 0.1812698 0.037477314 -0.004619701
0.234 0.003325667 0.1670739 0.03447616 -0.00627543 0.007985257 0.17577505 0.03627041 -0.0054000523
0.2345 0.002422373 0.1621117 0.0331615 -0.007106352 0.0071057156 0.1704029 0.03507494 -0.0061686095
0.235 0.001530635 0.1572663 0.03186138 -0.007924172 0.0062339306 0.16515103 0.0338908 -0.0069256406
0.2355 0.0006503262 0.1525348 0.03057573 -0.008729135 0.005369857 0.16001707 0.032717876 -0.007671511
0.236 -0.0002186823 0.1479141 0.0293045 -0.009521481 0.00451348 0.15499881 0.03155622 -0.008406496
0.2365 -0.001076517 0.1434015 0.02804763 -0.01030144 0.0036647841 0.15009394 0.030405685 -0.009130871
0.237 -0.001923306 0.1389943 0.02680505 -0.01106925 0.0028237402 0.14530015 0.029266186 -0.009844964
0.2375 -0.002759174 0.1346896 0.0255767 -0.01182513 0.0019903854 0.14061527 0.02813764 -0.010549044
0.238 -0.003584245 0.1304851 0.02436249 -0.01256929 0.001164645 0.13603708 0.027020022 -0.011243289
0.2385 -0.004398646 0.126378 0.02316235 -0.01330195 0.0003465563 0.1315634 0.025913224 -0.01192808
0.239 -0.005202498 0.122366 0.02197621 -0.01402332 -0.00046394765 0.12719208 0.024817184 -0.012603512
0.2395 -0.005995926 0.1184467 0.02080397 -0.0147336 -0.0012668371 0.122920945 0.023731835 -0.013269892
0.24 -0.00677905 0.1146177 0.01964556 -0.015433 -0.0020621195 0.11874795 0.022657119 -0.013927443
0.2405 -0.007551992 0.1108768 0.01850088 -0.01612169 -0.0028498694 0.11467098 0.021592923 -0.014576292
0.241 -0.008314872 0.1072218 0.01736985 -0.01679989 -0.003630042 0.110688 0.020539217 -0.015216699
0.2415 -0.009067809 0.1036504 0.01625237 -0.01746776 -0.004402682 0.106796995 0.019495934 -0.015848873
0.242 -0.009810923 0.1001608 0.01514834 -0.0181255 -0.005167812 0.10299598 0.018462934 -0.016472919
0.2425 -0.01054433 0.09675068 0.01405767 -0.01877329 -0.005925469 0.09928298 0.017440222 -0.017089045
0.243 -0.01126815 0.09341823 0.01298026 -0.01941129 -0.006675616 0.09565611 0.016427703 -0.01769746
0.2435 -0.01198249 0.09016149 0.011916 -0.02003968 -0.0074183494 0.092113435 0.015425287 -0.018298244
0.244 -0.01268747 0.08697859 0.0108648 -0.02065862 -0.00815364 0.08865309 0.014432922 -0.018891593
0.2445 -0.01338321 0.08386769 0.009826551 -0.02126828 -0.008881539 0.085273266 0.01345057 -0.019477626
0.245 -0.01406981 0.08082703 0.008801143 -0.02186883 -0.00960207 0.08197212 0.0124781355 -0.020056484
0.2455 -0.01474739 0.07785488 0.007788472 -0.02246041 -0.010315277 0.07874788 0.011515528 -0.020628301
0.246 -0.01541606 0.07494956 0.006788429 -0.02304317 -0.011021137 0.075598866 0.010562755 -0.021193227
0.2465 -0.01607593 0.07210943 0.005800905 -0.02361728 -0.0117197335 0.072523326 0.009619668 -0.021751327
0.247 -0.0167271 0.0693329 0.004825791 -0.02418288 -0.012411073 0.06951958 0.0086862445 -0.022302745
0.2475 -0.01736969 0.06661842 0.003862974 -0.02474011 -0.013095193 0.06658599 0.0077624246 -0.022847591
0.248 -0.0180038 0.06396447 0.002912344 -0.02528911 -0.01377213 0.06372094 0.006848134 -0.02338594
0.2485 -0.01862954 0.06136959 0.001973788 -0.02583002 -0.0144419 0.06092286 0.0059433132 -0.023917949
0.249 -0.01924701 0.05883234 0.001047193 -0.02636298 -0.015104547 0.058190197 0.005047895 -0.024443692
0.2495 -0.01985632 0.05635132 0.000132445 -0.02688812 -0.015760109 0.055521414 0.00416179 -0.024963243
0.25 -0.02045757 0.05392518 -0.0007705693 -0.02740558 -0.01640863 0.05291502 0.003284976 -0.025476677
0.2505 -0.02105085 0.05155259 -0.001661964 -0.02791547 -0.017050125 0.05036956 0.0024173781 -0.025984129
0.251 -0.02163628 0.04923227 -0.002541855 -0.02841792 -0.017684609 0.0478836 0.0015589297 -0.026485665
0.2515 -0.02221394 0.04696295 -0.003410355 -0.02891306 -0.018312208 0.04545574 0.0007095486 -0.026981322
0.252 -0.02278394 0.04474342 -0.004267581 -0.02940101 -0.018932857 0.04308462 -0.00013077259 -0.027471205
0.2525 -0.02334638 0.04257248 -0.005113646 -0.02988188 -0.01954665 0.040768884 -0.0009621531 -0.027955426
0.253 -0.02390135 0.04044897 -0.005948666 -0.0303558 -0.02015362 0.038507223 -0.0017846078 -0.028433992
0.2535 -0.02444894 0.03837175 -0.006772755 -0.03082287 -0.020753786 0.03629835 -0.002598241 -0.028907007
0.254 -0.02498926 0.03633974 -0.00758603 -0.0312832 -0.021347195 0.034141004 -0.0034030676 -0.029374568
0.2545 -0.02552239 0.03435185 -0.008388603 -0.03173691 -0.021933898 0.03203395 -0.004199207 -0.02983666
0.255 -0.02604843 0.03240704 -0.00918059 -0.03218409 -0.022513926 0.029975995 -0.0049866587 -0.030293426
0.2555 -0.02656747 0.03050428 -0.009962106 -0.03262487 -0.023087353 0.027965978 -0.005765535 -0.030744856
0.256 -0.02707959 0.02864259 -0.01073326 -0.03305933 -0.023654148 0.02600269 -0.0065358654 -0.031191079
0.2565 -0.02758489 0.02682099 -0.01149418 -0.03348759 -0.02421442 0.024085075 -0.0072977543 -0.03163211
0.257 -0.02808346 0.02503855 -0.01224496 -0.03390973 -0.024768177 0.022211999 -0.008051172 -0.032068
0.2575 -0.02857538 0.02329433 -0.01298572 -0.03432586 -0.025315471 0.02038239 -0.008796267 -0.032498814
0.258 -0.02906074 0.02158745 -0.01371658 -0.03473608 -0.025856335 0.018595204 -0.009533055 -0.032924637
0.2585 -0.02953962 0.01991703 -0.01443764 -0.03514046 -0.026390824 0.016849399 -0.01026161 -0.03334549
0.259 -0.03001211 0.01828222 -0.01514903 -0.03553912 -0.026918985 0.0151439905 -0.010981992 -0.033761412
0.2595 -0.0304783 0.01668219 -0.01585084 -0.03593214 -0.027440839 0.013478011 -0.011694267 -0.03417249
0.26 -0.03093826 0.01511612 -0.01654319 -0.0363196 -0.027956456 0.011850484 -0.012398496 -0.034578748
0.2605 -0.03139207 0.01358324 -0.01722618 -0.03670159 -0.028465882 0.010260493 -0.013094723 -0.034980245
0.261 -0.03183982 0.01208277 -0.01789994 -0.03707821 -0.028969131 0.008707121 -0.013783012 -0.03537701
0.2615 -0.03228159 0.01061396 -0.01856456 -0.03744952 -0.029466275 0.007189475 -0.014463443 -0.035769112
0.262 -0.03271744 0.009176071 -0.01922016 -0.03781562 -0.029957369 0.0057066977 -0.015136059 -0.036156572
0.2625 -0.03314747 0.007768403 -0.01986684 -0.03817659 -0.030442432 0.0042579398 -0.015800934 -0.03653945
0.263 -0.03357175 0.006390255 -0.02050471 -0.0385325 -0.030921523 0.0028423667 -0.016458113 -0.03691779
0.2635 -0.03399035 0.00504095 -0.02113387 -0.03888344 -0.031394675 0.0014591664 -0.017107654 -0.037291653
0.264 -0.03440335 0.003719825 -0.02175443 -0.03922947 -0.031861953 0.00010755658 -0.01774963 -0.03766107
0.2645 -0.03481082 0.002426236 -0.02236649 -0.03957068 -0.032323413 -0.0012132078 -0.018384099 -0.038026035
0.265 -0.03521284 0.001159554 -0.02297016 -0.03990714 -0.032779064 -0.0025038943 -0.019011121 -0.03838668
0.2655 -0.03560947 -8.083419e-05 -0.02356554 -0.04023892 -0.033229 -0.0037652403 -0.019630767 -0.038742974
0.266 -0.0360008 -0.001295527 -0.02415273 -0.04056609 -0.03367322 -0.004997954 -0.02024306 -0.039094992
0.2665 -0.03638688 -0.002485109 -0.02473183 -0.04088872 -0.03411182 -0.00620272 -0.020848118 -0.03944277
0.267 -0.03676779 -0.003650148 -0.02530295 -0.04120689 -0.034544818 -0.007380232 -0.021445945 -0.039786346
0.2675 -0.03714359 -0.0047912 -0.02586618 -0.04152065 -0.03497228 -0.008531138 -0.02203665 -0.040125735
0.268 -0.03751437 -0.005908806 -0.02642162 -0.04183008 -0.035394244 -0.009656094 -0.022620253 -0.04046099
0.2685 -0.03788017 -0.007003496 -0.02696937 -0.04213524 -0.035810754 -0.010755718 -0.023196846 -0.040792197
0.269 -0.03824107 -0.008075784 -0.02750952 -0.04243619 -0.036221866 -0.011830643 -0.023766462 -0.041119352
0.2695 -0.03859713 -0.009126174 -0.02804217 -0.042733 -0.03662763 -0.012881443 -0.024329193 -0.04144247
0.27 -0.03894842 -0.01015516 -0.02856743 -0.04302573 -0.037028126 -0.0139087215 -0.02488508 -0.041761614
0.2705 -0.039295 -0.01116321 -0.02908537 -0.04331444 -0.037423324 -0.01491303 -0.025434155 -0.04207685
0.271 -0.03963693 -0.0121508 -0.0295961 -0.04359919 -0.037813354 -0.015894935 -0.025976527 -0.042388164
0.2715 -0.03997428 -0.01311839 -0.0300997 -0.04388003 -0.038198225 -0.016854968 -0.02651225 -0.042695627
0.272 -0.04030711 -0.01406642 -0.03059628 -0.04415704 -0.038577996 -0.017793685 -0.02704136 -0.042999268
0.2725 -0.04063547 -0.01499532 -0.03108591 -0.04443026 -0.038952716 -0.018711556 -0.02756394 -0.043299116
0.273 -0.04095943 -0.01590552 -0.0315687 -0.04469974 -0.039322425 -0.019609116 -0.028080024 -0.043595217
0.2735 -0.04127904 -0.01679742 -0.03204472 -0.04496556 -0.03968719 -0.020486843 -0.028589685 -0.043887623
0.274 -0.04159437 -0.01767145 -0.03251407 -0.04522775 -0.040047053 -0.021345202 -0.029092997 -0.044176318
0.2745 -0.04190547 -0.01852798 -0.03297683 -0.04548637 -0.040402062 -0.022184681 -0.029589988 -0.044461392
0.275 -0.04221239 -0.01936741 -0.03343309 -0.04574147 -0.04075226 -0.023005709 -0.030080758 -0.044742875
0.2755 -0.0425152 -0.0201901 -0.03388294 -0.04599311 -0.041097723 -0.02380874 -0.030565336 -0.04502072
0.276 -0.04281395 -0.02099643 -0.03432646 -0.04624134 -0.041438464 -0.024594206 -0.03104379 -0.045295097
0.2765 -0.04310869 -0.02178675 -0.03476373 -0.0464862 -0.041774556 -0.025362514 -0.03151618 -0.04556594
0.277 -0.04339948 -0.02256142 -0.03519484 -0.04672774 -0.04210605 -0.026114088 -0.031982552 -0.045833312
0.2775 -0.04368637 -0.02332077 -0.03561987 -0.04696602 -0.04243299 -0.02684931 -0.032442994 -0.046097226
0.278 -0.04396941 -0.02406513 -0.0360389 -0.04720108 -0.042755403 -0.027568579 -0.03289755 -0.046357803
0.2785 -0.04424865 -0.02479484 -0.03645201 -0.04743296 -0.04307337 -0.028272271 -0.033346254 -0.046614975
0.279 -0.04452415 -0.0255102 -0.03685927 -0.04766172 -0.043386932 -0.02896075 -0.03378921 -0.04686883
0.2795 -0.04479595 -0.02621154 -0.03726078 -0.04788739 -0.04369614 -0.029634394 -0.034226447 -0.047119357
0.28 -0.04506411 -0.02689914 -0.0376566 -0.04811003 -0.04400102 -0.030293543 -0.034658022 -0.04736668
0.2805 -0.04532867 -0.02757331 -0.03804681 -0.04832967 -0.04430165 -0.030938528 -0.03508401 -0.047610693
0.281 -0.04558969 -0.02823434 -0.03843148 -0.04854635 -0.04459805 -0.031569693 -0.03550445 -0.047851585
0.2815 -0.0458472 -0.0288825 -0.0388107 -0.04876013 -0.044890296 -0.03218735 -0.035919394 -0.04808929
0.282 -0.04610127 -0.02951808 -0.03918453 -0.04897104 -0.045178417 -0.032791846 -0.036328927 -0.048323832
0.2825 -0.04635192 -0.03014133 -0.03955305 -0.04917912 -0.045462463 -0.03338346 -0.03673309 -0.048555307
0.283 -0.04659922 -0.03075253 -0.03991634 -0.04938442 -0.04574249 -0.033962507 -0.03713193 -0.048783712
0.2835 -0.0468432 -0.03135193 -0.04027445 -0.04958696 -0.046018537 -0.03452928 -0.037525516 -0.049009077
0.284 -0.04708391 -0.03193978 -0.04062747 -0.0497868 -0.046290662 -0.035084054 -0.03791392 -0.049231447
0.2845 -0.04732139 -0.03251633 -0.04097546 -0.04998397 -0.046558894 -0.03562712 -0.03829716 -0.049450837
0.285 -0.04755569 -0.03308181 -0.04131849 -0.05017851 -0.046823286 -0.03615875 -0.038675327 -0.049667306
0.2855 -0.04778685 -0.03363646 -0.04165663 -0.05037045 -0.04708388 -0.0366792 -0.039048437 -0.049880877
0.286 -0.04801491 -0.03418051 -0.04198995 -0.05055983 -0.047340754 -0.03718874 -0.039416585 -0.050091542
0.2865 -0.04823992 -0.03471418 -0.04231851 -0.05074669 -0.04759389 -0.0376876 -0.039779805 -0.05029939
0.287 -0.04846191 -0.03523768 -0.04264238 -0.05093106 -0.04784341 -0.038176063 -0.04013815 -0.05050441
0.2875 -0.04868093 -0.03575124 -0.04296163 -0.05111298 -0.048089284 -0.038654335 -0.040491678 -0.050706677
0.288 -0.04889701 -0.03625505 -0.04327631 -0.05129248 -0.048331603 -0.03912267 -0.040840447 -0.05090618
0.2885 -0.0491102 -0.03674932 -0.04358649 -0.0514696 -0.04857041 -0.039581276 -0.041184507 -0.05110296
0.289 -0.04932054 -0.03723426 -0.04389224 -0.05164437 -0.04880573 -0.0400304 -0.04152392 -0.05129704
0.2895 -0.04952805 -0.03771005 -0.04419361 -0.05181682 -0.04903762 -0.040470235 -0.041858725 -0.051488496
0.29 -0.04973279 -0.03817688 -0.04449066 -0.05198698 -0.04926611 -0.040901005 -0.042188972 -0.0516773
0.2905 -0.04993479 -0.03863495 -0.04478346 -0.05215489 -0.04949127 -0.041322913 -0.042514727 -0.0518635
0.291 -0.05013408 -0.03908442 -0.04507207 -0.05232058 -0.049713105 -0.041736156 -0.042836033 -0.052047126
0.2915 -0.05033071 -0.03952549 -0.04535654 -0.05248408 -0.049931686 -0.042140946 -0.043152943 -0.05222825
0.292 -0.0505247 -0.03995831 -0.04563694 -0.05264541 -0.050147038 -0.042537443 -0.043465503 -0.05240684
0.2925 -0.0507161 -0.04038307 -0.04591331 -0.05280462 -0.05035921 -0.042925872 -0.043773767 -0.052582957
0.293 -0.05090493 -0.04079992 -0.04618572 -0.05296172 -0.050568268 -0.043306388 -0.044077788 -0.052756615
0.2935 -0.05109124 -0.04120903 -0.04645422 -0.05311675 -0.05077421 -0.043679178 -0.04437762 -0.052927874
0.294 -0.05127506 -0.04161055 -0.04671886 -0.05326974 -0.0509771 -0.04404442 -0.04467331 -0.05309669
0.2945 -0.05145642 -0.04200465 -0.04697971 -0.05342071 -0.051176965 -0.044402253 -0.044964895 -0.053263195
0.295 -0.05163535 -0.04239146 -0.0472368 -0.05356969 -0.051373854 -0.044752892 -0.045252442 -0.053427316
0.2955 -0.05181189 -0.04277115 -0.04749021 -0.05371671 -0.05156781 -0.045096464 -0.04553598 -0.053589158
0.296 -0.05198607 -0.04314385 -0.04773997 -0.0538618 -0.051758863 -0.04543313 -0.04581558 -0.05374869
0.2965 -0.05215792 -0.04350971 -0.04798615 -0.05400498 -0.051947042 -0.04576304 -0.046091262 -0.053906
0.297 -0.05232747 -0.04386886 -0.04822878 -0.05414628 -0.05213243 -0.046086345 -0.046363108 -0.054061078
0.2975 -0.05249476 -0.04422144 -0.04846793 -0.05428572 -0.052315023 -0.04640318 -0.04663114 -0.05421392
0.298 -0.05265981 -0.04456758 -0.04870363 -0.05442334 -0.05249486 -0.046713732 -0.0468954 -0.05436462
0.2985 -0.05282266 -0.04490741 -0.04893595 -0.05455915 -0.052671973 -0.047018107 -0.04715595 -0.054513194
0.299 -0.05298333 -0.04524106 -0.04916492 -0.05469317 -0.052846443 -0.04731641 -0.047412846 -0.054659568
0.2995 -0.05314186 -0.04556864 -0.0493906 -0.05482545 -0.05301826 -0.04760884 -0.047666095 -0.054803915
0.3 -0.05329826 -0.04589029 -0.04961303 -0.05495599 -0.053187486 -0.04789546 -0.04791578 -0.054946177
0.3005 -0.05345258 -0.04620612 -0.04983225 -0.05508482 -0.05335416 -0.04817646 -0.04816191 -0.055086397
0.301 -0.05360484 -0.04651624 -0.05004832 -0.05521197 -0.05351828 -0.048451915 -0.04840456 -0.055224597
0.3015 -0.05375507 -0.04682078 -0.05026128 -0.05533745 -0.053679924 -0.04872195 -0.048643768 -0.0553608
0.302 -0.05390329 -0.04711983 -0.05047118 -0.05546129 -0.053839102 -0.048986685 -0.04887957 -0.05549506
0.3025 -0.05404953 -0.04741351 -0.05067804 -0.05558352 -0.05399584 -0.04924625 -0.049112007 -0.05562736
0.303 -0.05419382 -0.04770192 -0.05088193 -0.05570415 -0.054150216 -0.04950075 -0.049341127 -0.05575774
0.3035 -0.05433619 -0.04798517 -0.05108289 -0.05582321 -0.054302208 -0.049750283 -0.049566977 -0.05588623
0.304 -0.05447666 -0.04826336 -0.05128094 -0.05594071 -0.054451887 -0.049994968 -0.049789593 -0.05601284
0.3045 -0.05461525 -0.04853658 -0.05147614 -0.05605668 -0.05459927 -0.05023489 -0.050009012 -0.0561376
0.305 -0.054752 -0.04880495 -0.05166853 -0.05617114 -0.054744408 -0.05047018 -0.05022528 -0.05626055
0.3055 -0.05488692 -0.04906854 -0.05185815 -0.05628411 -0.05488729 -0.050700925 -0.050438438 -0.056381732
0.306 -0.05502005 -0.04932745 -0.05204503 -0.05639561 -0.05502801 -0.050927196 -0.050648533 -0.05650109
0.3065 -0.0551514 -0.04958178 -0.05222922 -0.05650566 -0.055166524 -0.051149137 -0.050855577 -0.056618758
0.307 -0.055281 -0.04983162 -0.05241076 -0.05661427 -0.055302944 -0.051366787 -0.05105965 -0.056734644
0.3075 -0.05540887 -0.05007704 -0.05258968 -0.05672148 -0.055437237 -0.05158026 -0.051260762 -0.05684883
0.308 -0.05553504 -0.05031814 -0.05276601 -0.05682729 -0.055569474 -0.051789645 -0.051458962 -0.056961335
0.3085 -0.05565953 -0.050555 -0.05293981 -0.05693172 -0.055699646 -0.051995028 -0.05165428 -0.0570722
0.309 -0.05578236 -0.05078771 -0.0531111 -0.0570348 -0.05582781 -0.052196506 -0.051846772 -0.057181425
0.3095 -0.05590355 -0.05101633 -0.05327993 -0.05713654 -0.055953983 -0.05239413 -0.052036453 -0.057289027
0.31 -0.05602314 -0.05124095 -0.05344631 -0.05723696 -0.056078203 -0.052588023 -0.052223377 -0.05739502
0.3105 -0.05614113 -0.05146165 -0.0536103 -0.05733608 -0.056200504 -0.052778207 -0.05240757 -0.057499446
0.311 -0.05625755 -0.05167851 -0.05377193 -0.05743391 -0.056320906 -0.052964814 -0.05258907 -0.05760231
0.3115 -0.05637242 -0.05189158 -0.05393122 -0.05753047 -0.056439422 -0.053147852 -0.052767918 -0.057703666
0.312 -0.05648576 -0.05210096 -0.05408822 -0.05762579 -0.05655611 -0.053327452 -0.05294416 -0.057803467
0.3125 -0.0565976 -0.0523067 -0.05424296 -0.05771987 -0.05667096 -0.053503674 -0.0531178 -0.05790183
0.313 -0.05670794 -0.05250888 -0.05439546 -0.05781273 -0.056784026 -0.053676575 -0.0532889 -0.057998694
0.3135 -0.05681682 -0.05270756 -0.05454577 -0.05790439 -0.05689534 -0.05384624 -0.053457476 -0.05809409
0.314 -0.05692426 -0.05290282 -0.05469391 -0.05799486 -0.05700491 -0.05401272 -0.053623587 -0.058188073
0.3145 -0.05703026 -0.05309471 -0.05483992 -0.05808416 -0.057112772 -0.05417609 -0.053787235 -0.058280654
0.315 -0.05713486 -0.0532833 -0.05498382 -0.05817231 -0.05721892 -0.05433641 -0.053948477 -0.05837182
0.3155 -0.05723807 -0.05346864 -0.05512564 -0.05825932 -0.05732342 -0.05449373 -0.05410734 -0.05846163
0.316 -0.0573399 -0.05365082 -0.05526543 -0.0583452 -0.057426278 -0.05464813 -0.05426385 -0.058550082
0.3165 -0.05744039 -0.05382987 -0.0554032 -0.05842998 -0.057527527 -0.054799657 -0.05441804 -0.05863721
0.317 -0.05753953 -0.05400586 -0.05553898 -0.05851366 -0.05762717 -0.054948356 -0.05456996 -0.058722995
0.3175 -0.05763737 -0.05417885 -0.05567281 -0.05859626 -0.057725266 -0.05509432 -0.054719612 -0.0588075
0.318 -0.0577339 -0.05434889 -0.05580471 -0.0586778 -0.057821807 -0.055237584 -0.054867037 -0.058890723
0.3185 -0.05782915 -0.05451604 -0.05593471 -0.05875828 -0.057916827 -0.055378206 -0.055012286 -0.05897268
0.319 -0.05792314 -0.05468036 -0.05606284 -0.05883773 -0.05801036 -0.055516213 -0.055155367 -0.059053384
0.3195 -0.05801588 -0.05484188 -0.05618912 -0.05891615 -0.058102418 -0.05565169 -0.055296324 -0.05913285
0.32 -0.05810739 -0.05500068 -0.05631359 -0.05899356 -0.05819301 -0.055784684 -0.05543517 -0.059211142
0.3205 -0.05819769 -0.05515678 -0.05643626 -0.05906997 -0.05828218 -0.05591524 -0.055571947 -0.059288226
0.321 -0.05828679 -0.05531026 -0.05655717 -0.0591454 -0.05836995 -0.056043398 -0.055706676 -0.059364118
0.3215 -0.0583747 -0.05546115 -0.05667633 -0.05921986 -0.058456313 -0.0561692 -0.055839393 -0.059438877
0.322 -0.05846146 -0.0556095 -0.05679378 -0.05929336 -0.058541313 -0.056292724 -0.055970125 -0.05951246
0.3225 -0.05854706 -0.05575536 -0.05690955 -0.05936591 -0.058624987 -0.056413986 -0.056098893 -0.059584923
0.323 -0.05863153 -0.05589878 -0.05702364 -0.05943753 -0.05870731 -0.056533042 -0.056225732 -0.059656307
0.3235 -0.05871488 -0.05603979 -0.0571361 -0.05950823 -0.05878835 -0.05664993 -0.056350663 -0.059726574
0.324 -0.05879712 -0.05617845 -0.05724693 -0.05957802 -0.058868077 -0.056764696 -0.056473725 -0.05979576
0.3245 -0.05887828 -0.05631479 -0.05735618 -0.05964692 -0.058946565 -0.05687737 -0.056594934 -0.059863873
0.325 -0.05895836 -0.05644886 -0.05746385 -0.05971493 -0.059023794 -0.056988005 -0.05671431 -0.059930958
0.3255 -0.05903738 -0.0565807 -0.05756997 -0.05978206 -0.059099786 -0.05709666 -0.0568319 -0.059996985
0.326 -0.05911535 -0.05671035 -0.05767457 -0.05984833 -0.059174575 -0.057203326 -0.056947716 -0.060062014
0.3265 -0.05919229 -0.05683785 -0.05777767 -0.05991375 -0.059248194 -0.057308093 -0.05706177 -0.060126007
0.327 -0.05926822 -0.05696324 -0.05787928 -0.05997834 -0.05932062 -0.05741096 -0.05717411 -0.06018906
0.3275 -0.05934314 -0.05708655 -0.05797943 -0.06004209 -0.059391886 -0.057511993 -0.05728475 -0.06025111
0.328 -0.05941707 -0.05720783 -0.05807815 -0.06010502 -0.05946203 -0.0576112 -0.057393715 -0.060312204
0.3285 -0.05949002 -0.05732711 -0.05817545 -0.06016715 -0.059531044 -0.057708632 -0.057501025 -0.060372345
0.329 -0.059562 -0.05744442 -0.05827135 -0.06022848 -0.059598967 -0.057804316 -0.05760672 -0.060431533
0.3295 -0.05963304 -0.05755981 -0.05836587 -0.06028903 -0.05966579 -0.05789828 -0.057710804 -0.060489856
0.33 -0.05970313 -0.0576733 -0.05845904 -0.06034879 -0.05973157 -0.05799057 -0.057813313 -0.060547225
0.3305 -0.0597723 -0.05778493 -0.05855087 -0.0604078 -0.05979627 -0.058081213 -0.057914253 -0.060603738
0.331 -0.05984056 -0.05789473 -0.05864138 -0.06046604 -0.059859958 -0.058170248 -0.05801367 -0.060659327
0.3315 -0.05990791 -0.05800274 -0.0587306 -0.06052354 -0.059922613 -0.05825768 -0.05811157 -0.060714073
0.332 -0.05997438 -0.05810899 -0.05881854 -0.06058031 -0.059984274 -0.05834358 -0.05820798 -0.06076797
0.3325 -0.06003996 -0.0582135 -0.05890521 -0.06063635 -0.06004494 -0.058427952 -0.05830292 -0.06082101
0.333 -0.06010468 -0.05831632 -0.05899064 -0.06069167 -0.06010462 -0.05851083 -0.058396406 -0.06087327
0.3335 -0.06016855 -0.05841746 -0.05907485 -0.06074628 -0.060163364 -0.05859223 -0.058488477 -0.06092467
0.334 -0.06023157 -0.05851696 -0.05915785 -0.06080019 -0.06022117 -0.058672197 -0.058579132 -0.06097527
0.3345 -0.06029376 -0.05861485 -0.05923966 -0.06085341 -0.060278032 -0.05875075 -0.058668412 -0.06102506
0.335 -0.06035513 -0.05871116 -0.05932031 -0.06090596 -0.06033398 -0.058827918 -0.058756307 -0.061074115
0.3355 -0.06041569 -0.05880591 -0.05939979 -0.06095783 -0.060389042 -0.058903713 -0.05884288 -0.061122365
0.336 -0.06047545 -0.05889913 -0.05947814 -0.06100904 -0.0604432 -0.058978207 -0.058928117 -0.06116987
0.3365 -0.06053443 -0.05899084 -0.05955537 -0.06105959 -0.060496498 -0.05905136 -0.05901204 -0.06121663
0.337 -0.06059262 -0.05908109 -0.05963149 -0.0611095 -0.06054893 -0.059123237 -0.059094682 -0.06126266
0.3375 -0.06065005 -0.05916988 -0.05970652 -0.06115877 -0.06060053 -0.059193835 -0.059176065 -0.06130796
0.338 -0.06070672 -0.05925724 -0.05978049 -0.06120741 -0.060651302 -0.059263233 -0.05925619 -0.061352544
0.3385 -0.06076265 -0.05934321 -0.05985339 -0.06125543 -0.06070126 -0.059331376 -0.059335083 -0.06139642
0.339 -0.06081783 -0.0594278 -0.05992525 -0.06130283 -0.060750388 -0.059398368 -0.059412763 -0.061439626
0.3395 -0.0608723 -0.05951104 -0.05999609 -0.06134963 -0.060798753 -0.059464153 -0.05948925 -0.06148214
0.34 -0.06092604 -0.05959295 -0.06006591 -0.06139584 -0.060846318 -0.059528813 -0.059564568 -0.06152396
0.3405 -0.06097907 -0.05967355 -0.06013473 -0.06144145 -0.060893122 -0.05959232 -0.059638713 -0.06156516
0.341 -0.06103141 -0.05975287 -0.06020258 -0.06148648 -0.060939163 -0.059654742 -0.05971171 -0.0616057
0.3415 -0.06108306 -0.05983093 -0.06026945 -0.06153094 -0.060984485 -0.05971607 -0.059783597 -0.061645567
0.342 -0.06113403 -0.05990775 -0.06033537 -0.06157483 -0.06102907 -0.05977633 -0.059854366 -0.061684817
0.3425 -0.06118433 -0.05998335 -0.06040035 -0.06161816 -0.06107291 -0.059835553 -0.05992405 -0.06172345
0.343 -0.06123396 -0.06005776 -0.06046441 -0.06166094 -0.06111605 -0.059893753 -0.05999265 -0.06176149
0.3435 -0.06128295 -0.06013098 -0.06052755 -0.06170317 -0.061158504 -0.05995093 -0.06006019 -0.061798893
0.344 -0.06133129 -0.06020305 -0.06058979 -0.06174486 -0.06120025 -0.060007114 -0.06012669 -0.061835736
0.3445 -0.06137899 -0.06027399 -0.06065114 -0.06178603 -0.06124134 -0.06006234 -0.060192157 -0.06187199
0.345 -0.06142606 -0.0603438 -0.06071162 -0.06182667 -0.061281767 -0.060116615 -0.060256604 -0.06190764
0.3455 -0.06147252 -0.06041252 -0.06077124 -0.06186679 -0.061321534 -0.060169924 -0.06032007 -0.061942734
0.346 -0.06151837 -0.06048016 -0.06083001 -0.0619064 -0.061360653 -0.060222335 -0.06038255 -0.061977275
0.3465 -0.06156361 -0.06054674 -0.06088794 -0.0619455 -0.06139914 -0.060273837 -0.06044405 -0.06201128
0.347 -0.06160826 -0.06061227 -0.06094505 -0.06198411 -0.061437003 -0.060324457 -0.060504597 -0.062044732
0.3475 -0.06165232 -0.06067678 -0.06100134 -0.06202222 -0.06147426 -0.060374193 -0.060564216 -0.062077634
0.348 -0.06169581 -0.06074027 -0.06105684 -0.06205985 -0.061510894 -0.060423095 -0.060622893 -0.06211005
0.3485 -0.06173872 -0.06080278 -0.06111155 -0.06209701 -0.061546966 -0.060471136 -0.060680676 -0.062141903
0.349 -0.06178107 -0.06086431 -0.06116548 -0.06213368 -0.06158242 -0.060518354 -0.060737543 -0.062173285
0.3495 -0.06182286 -0.06092488 -0.06121864 -0.0621699 -0.061617315 -0.06056478 -0.060793534 -0.06220416
0.35 -0.06186411 -0.06098451 -0.06127105 -0.06220565 -0.061651647 -0.060610387 -0.060848653 -0.062234513
0.3505 -0.06190481 -0.06104322 -0.06132271 -0.06224094 -0.061685402 -0.06065524 -0.060902923 -0.06226442
0.351 -0.06194498 -0.06110101 -0.06137364 -0.06227579 -0.06171863 -0.060699306 -0.060956337 -0.062293828
0.3515 -0.06198462 -0.0611579 -0.06142385 -0.0623102 -0.0617513 -0.060742628 -0.06100892 -0.06232278
0.352 -0.06202375 -0.06121392 -0.06147334 -0.06234416 -0.06178346 -0.060785197 -0.061060686 -0.06235125
0.3525 -0.06206236 -0.06126907 -0.06152214 -0.0623777 -0.061815083 -0.06082705 -0.061111644 -0.062379286
0.353 -0.06210046 -0.06132336 -0.06157024 -0.06241081 -0.06184619 -0.06086818 -0.0611618 -0.06240686
0.3535 -0.06213806 -0.06137682 -0.06161766 -0.0624435 -0.061876804 -0.060908616 -0.061211184 -0.06243398
0.354 -0.06217517 -0.06142946 -0.06166441 -0.06247577 -0.06190692 -0.06094835 -0.06125979 -0.062460676
0.3545 -0.0622118 -0.06148128 -0.0617105 -0.06250763 -0.061936535 -0.06098744 -0.06130764 -0.062486954
0.355 -0.06224794 -0.06153231 -0.06175593 -0.06253909 -0.061965663 -0.06102584 -0.061354745 -0.06251281
0.3555 -0.06228361 -0.06158255 -0.06180072 -0.06257015 -0.061994337 -0.061063588 -0.06140111 -0.06253823
0.356 -0.06231882 -0.06163202 -0.06184488 -0.06260081 -0.062022537 -0.0611007 -0.061446752 -0.062563255
0.3565 -0.06235356 -0.06168074 -0.06188841 -0.06263109 -0.062050268 -0.061137177 -0.061491676 -0.06258788
0.357 -0.06238785 -0.06172871 -0.06193133 -0.06266098 -0.06207755 -0.06117303 -0.061535902 -0.062612124
0.3575 -0.06242169 -0.06177594 -0.06197364 -0.06269049 -0.062104385 -0.06120829 -0.061579436 -0.06263596
0.358 -0.06245508 -0.06182246 -0.06201535 -0.06271962 -0.062130794 -0.06124293 -0.061622284 -0.062659405
0.3585 -0.06248804 -0.06186826 -0.06205648 -0.06274839 -0.062156774 -0.06127701 -0.06166446 -0.06268249
0.359 -0.06252057 -0.06191337 -0.06209702 -0.06277679 -0.06218231 -0.061310515 -0.061705973 -0.06270521
0.3595 -0.06255267 -0.06195778 -0.06213699 -0.06280483 -0.062207453 -0.061343435 -0.061746843 -0.06272753
0.36 -0.06258435 -0.06200153 -0.0621764 -0.06283252 -0.06223218 -0.061375797 -0.06178706 -0.06274953
0.3605 -0.06261562 -0.06204461 -0.06221525 -0.06285985 -0.062256496 -0.06140763 -0.061826654 -0.062771164
0.361 -0.06264648 -0.06208703 -0.06225355 -0.06288684 -0.062280428 -0.061438907 -0.061865628 -0.06279243
0.3615 -0.06267693 -0.06212882 -0.06229132 -0.06291348 -0.06230395 -0.061469667 -0.061903983 -0.06281339
0.362 -0.06270699 -0.06216997 -0.06232855 -0.06293979 -0.06232711 -0.061499916 -0.061941747 -0.06283395
0.3625 -0.06273665 -0.0622105 -0.06236525 -0.06296576 -0.062349867 -0.061529644 -0.061978903 -0.06285424
0.363 -0.06276593 -0.06225041 -0.06240144 -0.06299141 -0.06237227 -0.06155886 -0.06201549 -0.062874176
0.3635 -0.06279482 -0.06228972 -0.06243712 -0.06301672 -0.062394317 -0.061587617 -0.062051482 -0.06289379
0.364 -0.06282334 -0.06232844 -0.0624723 -0.06304172 -0.06241599 -0.061615866 -0.062086925 -0.06291307
0.3645 -0.06285148 -0.06236658 -0.06250699 -0.0630664 -0.062437307 -0.061643653 -0.062121805 -0.062932074
0.365 -0.06287926 -0.06240415 -0.06254118 -0.06309077 -0.062458277 -0.06167097 -0.062156133 -0.062950775
0.3655 -0.06290667 -0.06244114 -0.0625749 -0.06311483 -0.06247892 -0.061697815 -0.06218993 -0.06296913
0.366 -0.06293372 -0.06247759 -0.06260814 -0.06313859 -0.062499207 -0.06172422 -0.06222319 -0.062987216
0.3665 -0.06296043 -0.06251349 -0.06264091 -0.06316204 -0.06251916 -0.061750185 -0.062255915 -0.06300501
0.367 -0.06298678 -0.06254884 -0.06267323 -0.0631852 -0.0625388 -0.061775696 -0.062288143 -0.06302252
0.3675 -0.06301279 -0.06258367 -0.06270509 -0.06320806 -0.06255811 -0.061800793 -0.062319845 -0.06303974
0.368 -0.06303846 -0.06261798 -0.0627365 -0.06323063 -0.06257711 -0.061825465 -0.062351055 -0.06305667
0.3685 -0.0630638 -0.06265178 -0.06276747 -0.06325292 -0.06259579 -0.061849732 -0.062381774 -0.063073345
0.369 -0.0630888 -0.06268507 -0.06279801 -0.06327493 -0.06261417 -0.06187358 -0.06241201 -0.063089736
0.3695 -0.06311348 -0.06271787 -0.06282812 -0.06329665 -0.06263227 -0.06189704 -0.062441763 -0.06310586
0.37 -0.06313784 -0.06275018 -0.06285781 -0.0633181 -0.062650055 -0.061920114 -0.062471047 -0.06312173
0.3705 -0.06316188 -0.062782 -0.06288708 -0.06333928 -0.06266754 -0.06194278 -0.062499873 -0.063137345
0.371 -0.0631856 -0.06281336 -0.06291594 -0.0633602 -0.062684745 -0.06196509 -0.06252824 -0.06315269
0.3715 -0.06320902 -0.06284425 -0.0629444 -0.06338084 -0.06270167 -0.061987024 -0.06255616 -0.06316782
0.372 -0.06323213 -0.06287468 -0.06297246 -0.06340123 -0.06271832 -0.062008586 -0.06258364 -0.063182674
0.3725 -0.06325494 -0.06290465 -0.06300013 -0.06342136 -0.0627347 -0.062029794 -0.062610686 -0.0631973
0.373 -0.06327745 -0.06293419 -0.06302741 -0.06344123 -0.06275081 -0.062050633 -0.0626373 -0.06321169
0.3735 -0.06329967 -0.06296329 -0.06305431 -0.06346085 -0.06276666 -0.062071133 -0.0626635 -0.06322583
0.374 -0.0633216 -0.06299196 -0.06308084 -0.06348023 -0.062782235 -0.062091284 -0.062689275 -0.06323976
0.3745 -0.06334325 -0.0630202 -0.06310699 -0.06349936 -0.062797576 -0.062111113 -0.06271465 -0.06325347
0.375 -0.06336461 -0.06304803 -0.06313278 -0.06351824 -0.062812656 -0.0621306 -0.062739626 -0.06326692
0.3755 -0.0633857 -0.06307545 -0.0631582 -0.06353689 -0.06282748 -0.062149774 -0.0627642 -0.063280195
0.376 -0.06340651 -0.06310246 -0.06318328 -0.0635553 -0.06284207 -0.062168624 -0.06278838 -0.063293226
0.3765 -0.06342705 -0.06312908 -0.063208 -0.06357348 -0.06285643 -0.06218716 -0.06281219 -0.06330603
0.377 -0.06344732 -0.0631553 -0.06323238 -0.06359143 -0.06287055 -0.062205385 -0.06283561 -0.06331865
0.3775 -0.06346733 -0.06318115 -0.06325642 -0.06360916 -0.06288443 -0.062223315 -0.06285866 -0.06333108
0.378 -0.06348707 -0.06320661 -0.06328012 -0.06362665 -0.06289808 -0.062240947 -0.06288135 -0.063343294
0.3785 -0.06350657 -0.0632317 -0.0633035 -0.06364393 -0.06291152 -0.06225829 -0.06290368 -0.06335529
0.379 -0.0635258 -0.06325642 -0.06332655 -0.06366099 -0.062924735 -0.062275324 -0.06292567 -0.06336712
0.3795 -0.06354479 -0.06328078 -0.06334927 -0.06367783 -0.06293774 -0.0622921 -0.06294729 -0.063378744
0.38 -0.06356353 -0.06330478 -0.06337169 -0.06369447 -0.06295051 -0.062308583 -0.062968574 -0.06339017
0.3805 -0.06358203 -0.06332843 -0.06339379 -0.06371089 -0.06296308 -0.062324803 -0.06298952 -0.06340142
0.381 -0.06360029 -0.06335174 -0.06341558 -0.0637271 -0.06297545 -0.062340748 -0.063010134 -0.06341248
0.3815 -0.06361831 -0.06337471 -0.06343707 -0.06374311 -0.06298761 -0.06235643 -0.06303041 -0.06342339
0.382 -0.06363609 -0.06339734 -0.06345826 -0.06375891 -0.06299958 -0.062371854 -0.063050374 -0.0634341
0.3825 -0.06365365 -0.06341965 -0.06347916 -0.06377452 -0.06301135 -0.062387 -0.06307003 -0.06344459
0.383 -0.06367097 -0.06344163 -0.06349976 -0.06378993 -0.06302293 -0.062401924 -0.063089356 -0.06345499
0.3835 -0.06368807 -0.06346329 -0.06352008 -0.06380514 -0.06303431 -0.06241659 -0.063108385 -0.063465156
0.384 -0.06370495 -0.06348463 -0.06354012 -0.06382017 -0.06304552 -0.062431008 -0.063127115 -0.0634752
0.3845 -0.06372161 -0.06350567 -0.06355989 -0.063835 -0.06305653 -0.062445197 -0.06314553 -0.06348508
0.385 -0.06373806 -0.0635264 -0.06357937 -0.06384964 -0.06306735 -0.06245916 -0.063163675 -0.06349478
0.3855 -0.06375429 -0.06354683 -0.06359859 -0.06386411 -0.063078016 -0.062472884 -0.06318152 -0.06350433
0.386 -0.06377031 -0.06356697 -0.06361754 -0.06387838 -0.0630885 -0.06248638 -0.06319907 -0.0635137
0.3865 -0.06378612 -0.06358681 -0.06363623 -0.06389248 -0.06309882 -0.062499646 -0.063216366 -0.06352293
0.387 -0.06380173 -0.06360637 -0.06365466 -0.0639064 -0.06310895 -0.0625127 -0.06323337 -0.06353201
0.3875 -0.06381713 -0.06362565 -0.06367283 -0.06392015 -0.06311891 -0.06252554 -0.06325011 -0.06354095
0.388 -0.06383233 -0.06364464 -0.06369076 -0.06393372 -0.06312872 -0.06253816 -0.063266575 -0.06354976
0.3885 -0.06384734 -0.06366337 -0.06370843 -0.06394712 -0.06313838 -0.06255058 -0.06328278 -0.06355839
0.389 -0.06386215 -0.06368182 -0.06372586 -0.06396035 -0.06314786 -0.06256279 -0.06329873 -0.06356691
0.3895 -0.06387678 -0.06370001 -0.06374306 -0.06397341 -0.063157216 -0.0625748 -0.06331443 -0.063575245
0.39 -0.06389121 -0.06371794 -0.06376001 -0.06398631 -0.06316638 -0.06258662 -0.063329875 -0.06358351
0.3905 -0.06390545 -0.06373561 -0.06377673 -0.06399904 -0.06317541 -0.06259824 -0.063345075 -0.06359159
0.391 -0.06391951 -0.06375303 -0.06379322 -0.06401162 -0.063184306 -0.06260966 -0.063360035 -0.06359955
0.3915 -0.06393339 -0.06377019 -0.06380948 -0.06402404 -0.063193046 -0.06262088 -0.06337475 -0.06360737
0.392 -0.06394708 -0.06378711 -0.06382551 -0.0640363 -0.06320163 -0.06263195 -0.06338923 -0.0636151
0.3925 -0.0639606 -0.06380379 -0.06384133 -0.0640484 -0.063210085 -0.062642805 -0.06340349 -0.063622676
0.393 -0.06397395 -0.06382023 -0.06385693 -0.06406035 -0.063218415 -0.0626535 -0.06341752 -0.06363012
0.3935 -0.06398712 -0.06383644 -0.06387231 -0.06407216 -0.06322658 -0.062664 -0.063431315 -0.06363746
0.394 -0.06400012 -0.06385241 -0.06388748 -0.06408381 -0.06323462 -0.062674336 -0.0634449 -0.06364466
0.3945 -0.06401296 -0.06386816 -0.06390244 -0.06409532 -0.06324253 -0.06268452 -0.063458264 -0.06365177
0.395 -0.06402562 -0.06388368 -0.0639172 -0.06410668 -0.06325032 -0.06269453 -0.063471414 -0.06365872
0.3955 -0.06403813 -0.06389898 -0.06393175 -0.06411789 -0.063257955 -0.06270438 -0.06348435 -0.06366563
0.396 -0.06405047 -0.06391406 -0.0639461 -0.06412897 -0.0632655 -0.062714055 -0.0634971 -0.06367236
0.3965 -0.06406265 -0.06392893 -0.06396026 -0.06413991 -0.06327289 -0.06272358 -0.06350962 -0.063679
0.397 -0.06407467 -0.06394358 -0.06397422 -0.06415071 -0.06328017 -0.06273292 -0.06352195 -0.06368553
0.3975 -0.06408654 -0.06395803 -0.06398799 -0.06416137 -0.06328735 -0.062742144 -0.06353409 -0.06369196
0.398 -0.06409826 -0.06397227 -0.06400157 -0.0641719 -0.063294396 -0.06275118 -0.06354604 -0.06369827
0.3985 -0.06410982 -0.06398631 -0.06401496 -0.06418229 -0.06330131 -0.0627601 -0.06355778 -0.06370451
0.399 -0.06412123 -0.06400015 -0.06402817 -0.06419256 -0.06330812 -0.06276886 -0.063569345 -0.06371062
0.3995 -0.0641325 -0.0640138 -0.0640412 -0.0642027 -0.06331484 -0.062777475 -0.06358072 -0.06371664
0.4 -0.06414362 -0.06402725 -0.06405405 -0.0642127 -0.06332144 -0.06278595 -0.06359191 -0.06372254
0.4005 -0.0641546 -0.06404051 -0.06406673 -0.06422258 -0.06332791 -0.0627943 -0.06360294 -0.06372837
0.401 -0.06416543 -0.06405359 -0.06407923 -0.06423234 -0.063334286 -0.06280249 -0.06361377 -0.06373412
0.4015 -0.06417613 -0.06406648 -0.06409156 -0.06424198 -0.06334058 -0.062810555 -0.06362445 -0.06373972
0.402 -0.06418668 -0.06407918 -0.06410372 -0.06425149 -0.06334674 -0.0628185 -0.06363494 -0.06374527
0.4025 -0.0641971 -0.06409171 -0.06411571 -0.06426088 -0.06335281 -0.062826306 -0.063645266 -0.06375074
0.403 -0.06420739 -0.06410406 -0.06412754 -0.06427016 -0.06335877 -0.06283398 -0.063655436 -0.06375607
0.4035 -0.06421754 -0.06411624 -0.06413921 -0.06427932 -0.063364655 -0.06284153 -0.063665435 -0.06376133
0.404 -0.06422756 -0.06412824 -0.06415072 -0.06428836 -0.063370414 -0.062848955 -0.06367528 -0.06376653
0.4045 -0.06423746 -0.06414008 -0.06416207 -0.06429729 -0.06337611 -0.06285626 -0.06368496 -0.06377163
0.405 -0.06424722 -0.06415175 -0.06417326 -0.0643061 -0.06338167 -0.062863454 -0.06369449 -0.06377664
0.4055 -0.06425686 -0.06416326 -0.06418431 -0.06431481 -0.063387185 -0.06287052 -0.063703865 -0.06378157
0.406 -0.06426637 -0.0641746 -0.0641952 -0.06432341 -0.06339259 -0.06287746 -0.06371309 -0.063786425
0.4065 -0.06427576 -0.06418579 -0.06420594 -0.06433189 -0.063397914 -0.06288429 -0.06372217 -0.06379119
0.407 -0.06428503 -0.06419682 -0.06421654 -0.06434027 -0.06340313 -0.06289102 -0.063731104 -0.0637959
0.4075 -0.06429418 -0.06420769 -0.06422699 -0.06434855 -0.06340827 -0.06289764 -0.063739896 -0.063800514
0.408 -0.06430322 -0.06421841 -0.0642373 -0.06435672 -0.06341334 -0.06290415 -0.063748546 -0.06380505
0.4085 -0.06431213 -0.06422899 -0.06424747 -0.06436479 -0.06341829 -0.06291054 -0.063757055 -0.06380954
0.409 -0.06432093 -0.06423941 -0.0642575 -0.06437276 -0.0634232 -0.06291683 -0.06376543 -0.06381392
0.4095 -0.06432962 -0.06424969 -0.0642674 -0.06438062 -0.06342802 -0.06292303 -0.06377367 -0.06381823
0.41 -0.0643382 -0.06425982 -0.06427716 -0.06438839 -0.06343273 -0.062929116 -0.063781776 -0.0638225
0.4105 -0.06434666 -0.06426982 -0.06428678 -0.06439606 -0.0634374 -0.062935114 -0.063789755 -0.06382667
0.411 -0.06435502 -0.06427967 -0.06429628 -0.06440363 -0.06344198 -0.062941 -0.06379761 -0.063830785
0.4115 -0.06436327 -0.06428939 -0.06430564 -0.06441111 -0.06344648 -0.06294681 -0.06380533 -0.06383485
0.412 -0.06437141 -0.06429897 -0.06431488 -0.06441849 -0.06345092 -0.06295249 -0.063812934 -0.06383882
0.4125 -0.06437944 -0.06430842 -0.064324 -0.06442579 -0.06345527 -0.06295811 -0.06382042 -0.06384271
0.413 -0.06438738 -0.06431773 -0.06433299 -0.06443298 -0.063459545 -0.062963635 -0.06382777 -0.063846596
0.4135 -0.06439521 -0.06432692 -0.06434185 -0.06444009 -0.06346376 -0.062969044 -0.06383501 -0.06385038
0.414 -0.06440294 -0.06433598 -0.0643506 -0.06444711 -0.063467905 -0.06297438 -0.06384213 -0.063854106
0.4145 -0.06441057 -0.06434491 -0.06435923 -0.06445404 -0.06347198 -0.06297962 -0.06384914 -0.06385776
0.415 -0.0644181 -0.06435372 -0.06436774 -0.06446089 -0.06347599 -0.0629848 -0.06385604 -0.06386136
0.4155 -0.06442554 -0.06436241 -0.06437614 -0.06446764 -0.06347995 -0.062989876 -0.06386283 -0.0638649
0.416 -0.06443288 -0.06437097 -0.06438442 -0.06447432 -0.06348382 -0.06299488 -0.063869506 -0.063868396
0.4165 -0.06444012 -0.06437942 -0.06439259 -0.06448091 -0.063487634 -0.06299977 -0.063876085 -0.06387182
0.417 -0.06444727 -0.06438775 -0.06440065 -0.06448741 -0.06349138 -0.06300463 -0.063882545 -0.063875206
0.4175 -0.06445433 -0.06439597 -0.0644086 -0.06449384 -0.06349508 -0.06300937 -0.06388891 -0.06387851
0.418 -0.0644613 -0.06440407 -0.06441644 -0.06450018 -0.063498706 -0.063014045 -0.06389517 -0.063881785
0.4185 -0.06446818 -0.06441206 -0.06442418 -0.06450644 -0.06350228 -0.06301864 -0.063901335 -0.06388497
0.419 -0.06447497 -0.06441994 -0.06443181 -0.06451263 -0.06350579 -0.06302318 -0.06390739 -0.06388814
0.4195 -0.06448167 -0.06442771 -0.06443934 -0.06451874 -0.06350923 -0.063027635 -0.06391336 -0.063891225
0.42 -0.06448829 -0.06443537 -0.06444676 -0.06452477 -0.06351264 -0.063032016 -0.063919224 -0.063894294
0.4205 -0.06449482 -0.06444293 -0.06445409 -0.06453072 -0.063515976 -0.063036315 -0.063925 -0.06389731
0.421 -0.06450127 -0.06445038 -0.06446132 -0.0645366 -0.06351927 -0.063040555 -0.06393068 -0.063900255
0.4215 -0.06450764 -0.06445773 -0.06446845 -0.06454241 -0.0635225 -0.06304473 -0.06393627 -0.06390316
0.422 -0.06451392 -0.06446498 -0.06447548 -0.06454814 -0.06352568 -0.06304882 -0.06394176 -0.06390603
0.4225 -0.06452012 -0.06447213 -0.06448242 -0.0645538 -0.063528806 -0.06305286 -0.063947186 -0.06390882
0.423 -0.06452625 -0.06447918 -0.06448926 -0.06455939 -0.063531876 -0.06305684 -0.063952506 -0.06391161
0.4235 -0.06453229 -0.06448613 -0.06449601 -0.06456491 -0.063534915 -0.06306073 -0.06395774 -0.06391432
0.424 -0.06453826 -0.06449299 -0.06450267 -0.06457036 -0.06353788 -0.063064575 -0.0639629 -0.063916996
0.4245 -0.06454415 -0.06449976 -0.06450925 -0.06457574 -0.063540824 -0.06306836 -0.06396797 -0.063919604
0.425 -0.06454996 -0.06450643 -0.06451573 -0.06458106 -0.06354369 -0.06307207 -0.063972965 -0.063922204
0.4255 -0.0645557 -0.06451301 -0.06452212 -0.0645863 -0.06354652 -0.06307572 -0.06397787 -0.06392477
0.426 -0.06456136 -0.0645195 -0.06452843 -0.06459148 -0.06354931 -0.06307931 -0.06398271 -0.063927256
0.4265 -0.06456696 -0.0645259 -0.06453466 -0.0645966 -0.06355204 -0.06308286 -0.063987456 -0.06392973
0.427 -0.06457248 -0.06453221 -0.0645408 -0.06460165 -0.063554734 -0.063086346 -0.06399213 -0.06393214
0.4275 -0.06457793 -0.06453844 -0.06454686 -0.06460664 -0.06355738 -0.06308976 -0.06399673 -0.06393454
0.428 -0.06458331 -0.06454458 -0.06455283 -0.06461157 -0.06356001 -0.06309311 -0.06400126 -0.06393685
0.4285 -0.06458862 -0.06455064 -0.06455873 -0.06461643 -0.06356256 -0.06309644 -0.06400572 -0.06393918
0.429 -0.06459386 -0.06455662 -0.06456454 -0.06462123 -0.063565075 -0.06309968 -0.0640101 -0.06394144
0.4295 -0.06459904 -0.06456251 -0.06457028 -0.06462598 -0.06356755 -0.063102886 -0.06401441 -0.06394368
0.43 -0.06460415 -0.06456832 -0.06457594 -0.06463066 -0.06356999 -0.06310603 -0.06401865 -0.06394587
0.4305 -0.06460919 -0.06457406 -0.06458153 -0.06463528 -0.06357241 -0.063109145 -0.06402284 -0.063948005
0.431 -0.06461417 -0.06457971 -0.06458704 -0.06463985 -0.063574746 -0.063112184 -0.06402694 -0.063950144
0.4315 -0.06461908 -0.06458529 -0.06459248 -0.06464436 -0.063577086 -0.06311519 -0.06403098 -0.06395223
0.432 -0.06462394 -0.06459079 -0.06459784 -0.06464881 -0.063579366 -0.063118145 -0.06403497 -0.06395426
0.4325 -0.06462873 -0.06459622 -0.06460313 -0.06465321 -0.0635816 -0.063121036 -0.06403888 -0.06395628
0.433 -0.06463345 -0.06460157 -0.06460835 -0.06465755 -0.063583806 -0.0631239 -0.06404273 -0.06395828
0.4335 -0.06463812 -0.06460685 -0.0646135 -0.06466184 -0.06358598 -0.0631267 -0.06404651 -0.06396025
0.434 -0.06464273 -0.06461206 -0.06461859 -0.06466607 -0.06358812 -0.06312944 -0.06405024 -0.06396216
0.4345 -0.06464728 -0.0646172 -0.0646236 -0.06467025 -0.06359023 -0.06313217 -0.064053915 -0.06396402
0.435 -0.06465177 -0.06462227 -0.06462855 -0.06467438 -0.063592285 -0.06313485 -0.06405752 -0.063965894
0.4355 -0.0646562 -0.06462727 -0.06463343 -0.06467845 -0.06359431 -0.06313749 -0.06406107 -0.06396773
0.436 -0.06466058 -0.0646322 -0.06463824 -0.06468248 -0.06359632 -0.06314006 -0.06406456 -0.06396953
0.4365 -0.0646649 -0.06463706 -0.06464299 -0.06468645 -0.063598275 -0.06314263 -0.06406799 -0.0639713
0.437 -0.06466916 -0.06464186 -0.06464768 -0.06469037 -0.06360021 -0.06314512 -0.06407138 -0.06397304
0.4375 -0.06467337 -0.06464659 -0.0646523 -0.06469425 -0.06360212 -0.06314759 -0.0640747 -0.063974746
0.438 -0.06467753 -0.06465126 -0.06465686 -0.06469807 -0.06360399 -0.06315 -0.06407797 -0.06397642
0.4385 -0.06468163 -0.06465587 -0.06466137 -0.06470185 -0.063605815 -0.063152395 -0.0640812 -0.06397808
0.439 -0.06468568 -0.06466041 -0.06466581 -0.06470558 -0.06360763 -0.06315476 -0.064084366 -0.06397971
0.4395 -0.06468968 -0.0646649 -0.06467019 -0.06470927 -0.06360942 -0.063157044 -0.06408748 -0.0639813
0.44 -0.06469363 -0.06466932 -0.06467451 -0.0647129 -0.06361116 -0.06315931 -0.06409056 -0.06398288
0.4405 -0.06469752 -0.06467368 -0.06467878 -0.0647165 -0.06361288 -0.063161545 -0.06409357 -0.06398443
0.441 -0.06470137 -0.06467798 -0.06468299 -0.06472004 -0.06361457 -0.06316374 -0.06409654 -0.06398595
0.4415 -0.06470517 -0.06468223 -0.06468714 -0.06472355 -0.063616246 -0.0631659 -0.06409946 -0.06398744
0.442 -0.06470892 -0.06468641 -0.06469124 -0.064727 -0.06361787 -0.06316803 -0.06410234 -0.063988924
0.4425 -0.06471262 -0.06469055 -0.06469528 -0.06473042 -0.063619494 -0.06317012 -0.06410517 -0.06399036
0.443 -0.06471627 -0.06469462 -0.06469927 -0.06473379 -0.06362108 -0.06317216 -0.064107955 -0.06399179
0.4435 -0.06471988 -0.06469864 -0.0647032 -0.06473712 -0.06362264 -0.06317419 -0.0641107 -0.06399319
0.444 -0.06472344 -0.06470261 -0.06470709 -0.06474041 -0.063624166 -0.06317619 -0.06411338 -0.06399458
0.4445 -0.06472695 -0.06470652 -0.06471092 -0.06474366 -0.06362569 -0.06317814 -0.06411603 -0.06399592
0.445 -0.06473042 -0.06471038 -0.0647147 -0.06474686 -0.06362715 -0.06318007 -0.06411864 -0.063997254
0.4455 -0.06473385 -0.06471419 -0.06471843 -0.06475003 -0.063628614 -0.06318197 -0.0641212 -0.06399857
0.446 -0.06473723 -0.06471795 -0.06472211 -0.06475316 -0.06363005 -0.06318383 -0.06412372 -0.063999884
0.4465 -0.06474057 -0.06472165 -0.06472574 -0.06475624 -0.06363147 -0.063185655 -0.06412621 -0.06400115
0.447 -0.06474387 -0.06472531 -0.06472933 -0.06475929 -0.063632846 -0.063187465 -0.06412865 -0.06400239
0.4475 -0.06474712 -0.06472892 -0.06473286 -0.0647623 -0.06363423 -0.06318923 -0.06413106 -0.064003594
0.448 -0.06475033 -0.06473248 -0.06473635 -0.06476527 -0.06363556 -0.06319097 -0.06413343 -0.064004816
0.4485 -0.0647535 -0.06473599 -0.06473979 -0.06476821 -0.063636884 -0.063192695 -0.06413575 -0.06400601
0.449 -0.06475663 -0.06473945 -0.06474319 -0.06477111 -0.063638166 -0.06319438 -0.06413804 -0.06400719
0.4495 -0.06475972 -0.06474287 -0.06474654 -0.06477397 -0.06363946 -0.06319604 -0.0641403 -0.06400832
0.45 -0.06476277 -0.06474624 -0.06474985 -0.0647768 -0.06364072 -0.06319767 -0.06414251 -0.06400945
0.4505 -0.06476579 -0.06474957 -0.06475311 -0.06477959 -0.063641936 -0.06319928 -0.06414469 -0.06401057
0.451 -0.06476876 -0.06475285 -0.06475633 -0.06478234 -0.06364316 -0.063200876 -0.06414684 -0.064011656
0.4515 -0.0647717 -0.06475609 -0.06475951 -0.06478506 -0.063644364 -0.06320241 -0.064148955 -0.06401273
0.452 -0.06477459 -0.06475928 -0.06476264 -0.06478775 -0.06364553 -0.06320395 -0.06415103 -0.06401379
0.4525 -0.06477746 -0.06476244 -0.06476574 -0.0647904 -0.063646704 -0.06320545 -0.064153075 -0.06401483
0.453 -0.06478028 -0.06476555 -0.06476879 -0.06479302 -0.06364782 -0.06320694 -0.06415508 -0.064015865
0.4535 -0.06478307 -0.06476861 -0.0647718 -0.06479561 -0.063648954 -0.063208394 -0.06415706 -0.064016856
0.454 -0.06478582 -0.06477164 -0.06477477 -0.06479817 -0.06365004 -0.06320983 -0.064159006 -0.064017855
0.4545 -0.06478854 -0.06477463 -0.06477771 -0.06480069 -0.06365113 -0.06321123 -0.06416092 -0.06401882
0.455 -0.06479122 -0.06477758 -0.0647806 -0.06480318 -0.063652195 -0.06321262 -0.064162806 -0.06401978
0.4555 -0.06479387 -0.06478048 -0.06478346 -0.06480564 -0.063653246 -0.06321398 -0.06416466 -0.0640207
0.456 -0.06479649 -0.06478335 -0.06478627 -0.06480807 -0.06365426 -0.063215315 -0.064166486 -0.064021654
0.4565 -0.06479907 -0.06478618 -0.06478905 -0.06481047 -0.06365529 -0.06321664 -0.064168274 -0.06402255
0.457 -0.06480162 -0.06478898 -0.0647918 -0.06481284 -0.063656285 -0.06321795 -0.06417004 -0.06402346
0.4575 -0.06480413 -0.06479173 -0.06479451 -0.06481518 -0.063657254 -0.063219205 -0.064171776 -0.06402434
0.458 -0.06480662 -0.06479445 -0.06479718 -0.06481749 -0.06365823 -0.06322048 -0.06417349 -0.0640252
0.4585 -0.06480907 -0.06479713 -0.06479981 -0.06481977 -0.06365918 -0.06322172 -0.064175166 -0.06402606
0.459 -0.06481149 -0.06479978 -0.06480242 -0.06482202 -0.06366011 -0.06322294 -0.06417682 -0.0640269
0.4595 -0.06481388 -0.06480239 -0.06480498 -0.06482424 -0.063661024 -0.06322414 -0.06417845 -0.064027734
0.46 -0.06481624 -0.06480497 -0.06480752 -0.06482644 -0.06366193 -0.063225314 -0.06418005 -0.064028524
0.4605 -0.06481857 -0.06480751 -0.06481002 -0.06482861 -0.063662805 -0.06322649 -0.06418162 -0.06402936
0.461 -0.06482087 -0.06481002 -0.06481248 -0.06483075 -0.06366369 -0.06322761 -0.064183176 -0.0640301
0.4615 -0.06482314 -0.0648125 -0.06481492 -0.06483286 -0.06366455 -0.06322874 -0.0641847 -0.06403087
0.462 -0.06482538 -0.06481494 -0.06481732 -0.06483495 -0.0636654 -0.06322984 -0.0641862 -0.06403162
0.4625 -0.06482759 -0.06481735 -0.06481969 -0.06483701 -0.06366622 -0.06323093 -0.06418767 -0.06403238
0.463 -0.06482978 -0.06481973 -0.06482203 -0.06483905 -0.063667044 -0.06323199 -0.06418912 -0.06403312
0.4635 -0.06483194 -0.06482208 -0.06482434 -0.06484106 -0.06366785 -0.06323304 -0.06419055 -0.06403383
0.464 -0.06483407 -0.06482439 -0.06482662 -0.06484305 -0.06366863 -0.06323407 -0.06419196 -0.064034544
0.4645 -0.06483617 -0.06482668 -0.06482887 -0.06484501 -0.063669406 -0.063235074 -0.06419334 -0.06403526
0.465 -0.06483824 -0.06482893 -0.06483109 -0.06484694 -0.06367017 -0.06323609 -0.0641947 -0.06403594
0.4655 -0.06484029 -0.06483116 -0.06483328 -0.06484886 -0.063670926 -0.06323707 -0.06419604 -0.064036615
0.466 -0.06484232 -0.06483335 -0.06483544 -0.06485074 -0.06367166 -0.06323804 -0.06419736 -0.06403728
0.4665 -0.06484431 -0.06483552 -0.06483757 -0.06485261 -0.06367238 -0.06323901 -0.06419865 -0.06403794
0.467 -0.06484628 -0.06483766 -0.06483967 -0.06485445 -0.06367311 -0.06323993 -0.06419993 -0.06403857
0.4675 -0.06484823 -0.06483976 -0.06484175 -0.06485627 -0.0636738 -0.063240856 -0.06420118 -0.06403922
0.468 -0.06485015 -0.06484185 -0.0648438 -0.06485806 -0.0636745 -0.063241765 -0.06420241 -0.064039834
0.4685 -0.06485205 -0.0648439 -0.06484582 -0.06485984 -0.06367518 -0.063242644 -0.064203635 -0.06404043
0.469 -0.06485392 -0.06484593 -0.06484782 -0.06486159 -0.06367585 -0.06324352 -0.06420483 -0.06404104
0.4695 -0.06485577 -0.06484793 -0.06484979 -0.06486331 -0.06367651 -0.06324439 -0.064206 -0.06404164
0.47 -0.0648576 -0.0648499 -0.06485173 -0.06486502 -0.06367716 -0.06324523 -0.06420715 -0.064042225
0.4705 -0.0648594 -0.06485185 -0.06485365 -0.06486671 -0.063677795 -0.06324607 -0.06420829 -0.064042784
0.471 -0.06486118 -0.06485377 -0.06485554 -0.06486837 -0.06367843 -0.063246876 -0.06420941 -0.064043365
0.4715 -0.06486294 -0.06485567 -0.06485741 -0.06487002 -0.06367903 -0.063247696 -0.064210504 -0.06404392
0.472 -0.06486467 -0.06485754 -0.06485925 -0.06487164 -0.06367964 -0.063248485 -0.06421159 -0.06404446
0.4725 -0.06486638 -0.06485938 -0.06486107 -0.06487324 -0.06368024 -0.063249275 -0.06421266 -0.06404499
0.473 -0.06486808 -0.06486121 -0.06486287 -0.06487482 -0.06368083 -0.063250035 -0.0642137 -0.064045526
0.4735 -0.06486974 -0.064863 -0.06486464 -0.06487639 -0.06368141 -0.06325079 -0.06421474 -0.06404602
0.474 -0.06487139 -0.06486478 -0.06486639 -0.06487793 -0.06368196 -0.06325153 -0.06421575 -0.064046554
0.4745 -0.06487302 -0.06486653 -0.06486811 -0.06487945 -0.06368253 -0.063252255 -0.064216755 -0.064047046
0.475 -0.06487463 -0.06486826 -0.06486982 -0.06488096 -0.06368308 -0.063252956 -0.06421774 -0.06404755
0.4755 -0.06487621 -0.06486996 -0.0648715 -0.06488245 -0.06368361 -0.0632537 -0.0642187 -0.064048044
0.476 -0.06487778 -0.06487165 -0.06487316 -0.06488391 -0.06368415 -0.063254386 -0.06421965 -0.0640485
0.4765 -0.06487932 -0.06487331 -0.0648748 -0.06488536 -0.063684665 -0.06325507 -0.06422059 -0.06404898
0.477 -0.06488085 -0.06487495 -0.06487641 -0.06488679 -0.06368519 -0.06325574 -0.06422151 -0.06404943
0.4775 -0.06488236 -0.06487656 -0.06487801 -0.06488821 -0.063685685 -0.063256405 -0.06422242 -0.06404989
0.478 -0.06488384 -0.06487816 -0.06487958 -0.0648896 -0.06368618 -0.06325707 -0.064223304 -0.064050354
0.4785 -0.06488531 -0.06487974 -0.06488113 -0.06489098 -0.06368668 -0.0632577 -0.06422418 -0.06405078
0.479 -0.06488676 -0.06488129 -0.06488267 -0.06489234 -0.063687146 -0.06325832 -0.06422504 -0.06405122
0.4795 -0.06488819 -0.06488282 -0.06488418 -0.06489368 -0.06368762 -0.06325893 -0.06422589 -0.06405163
0.48 -0.06488961 -0.06488434 -0.06488567 -0.06489501 -0.063688084 -0.06325956 -0.064226724 -0.06405207
0.4805 -0.064891 -0.06488583 -0.06488715 -0.06489632 -0.06368855 -0.063260145 -0.064227544 -0.06405247
0.481 -0.06489238 -0.06488731 -0.0648886 -0.06489762 -0.06368901 -0.063260734 -0.064228356 -0.06405286
0.4815 -0.06489374 -0.06488876 -0.06489004 -0.06489889 -0.063689455 -0.063261315 -0.06422915 -0.06405326
0.482 -0.06489508 -0.0648902 -0.06489145 -0.06490016 -0.06368988 -0.06326189 -0.064229935 -0.06405365
0.4825 -0.06489641 -0.06489162 -0.06489285 -0.0649014 -0.063690305 -0.06326246 -0.064230695 -0.06405405
0.483 -0.06489772 -0.06489301 -0.06489423 -0.06490263 -0.06369072 -0.06326301 -0.06423146 -0.06405444
0.4835 -0.06489901 -0.06489439 -0.06489559 -0.06490385 -0.06369113 -0.063263565 -0.0642322 -0.064054795
0.484 -0.06490029 -0.06489576 -0.06489694 -0.06490505 -0.06369154 -0.06326409 -0.06423294 -0.06405515
0.4845 -0.06490155 -0.0648971 -0.06489826 -0.06490623 -0.063691944 -0.06326461 -0.06423365 -0.064055525
0.485 -0.06490279 -0.06489843 -0.06489957 -0.0649074 -0.063692346 -0.063265115 -0.06423437 -0.06405587
0.4855 -0.06490402 -0.06489974 -0.06490086 -0.06490856 -0.06369273 -0.06326564 -0.06423506 -0.064056225
0.486 -0.06490523 -0.06490103 -0.06490214 -0.0649097 -0.0636931 -0.06326614 -0.06423575 -0.06405658
0.4865 -0.06490643 -0.0649023 -0.0649034 -0.06491082 -0.06369348 -0.06326664 -0.06423642 -0.06405693
0.487 -0.06490761 -0.06490356 -0.06490464 -0.06491194 -0.063693866 -0.06326711 -0.06423709 -0.06405723
0.4875 -0.06490878 -0.06490481 -0.06490587 -0.06491304 -0.063694224 -0.06326759 -0.06423774 -0.06405755
0.488 -0.06490993 -0.06490603 -0.06490708 -0.06491412 -0.06369457 -0.063268065 -0.064238384 -0.064057894
0.4885 -0.06491107 -0.06490724 -0.06490827 -0.06491519 -0.06369492 -0.06326853 -0.06423902 -0.06405819
0.489 -0.06491219 -0.06490844 -0.06490945 -0.06491625 -0.06369527 -0.06326899 -0.064239636 -0.06405852
0.4895 -0.0649133 -0.06490961 -0.06491061 -0.0649173 -0.06369561 -0.06326942 -0.06424025 -0.06405882
0.49 -0.06491439 -0.06491078 -0.06491176 -0.06491833 -0.06369595 -0.06326987 -0.06424085 -0.064059116
0.4905 -0.06491547 -0.06491193 -0.0649129 -0.06491935 -0.06369627 -0.0632703 -0.064241454 -0.06405939
0.491 -0.06491654 -0.06491306 -0.06491401 -0.06492035 -0.06369659 -0.06327072 -0.06424203 -0.0640597
0.4915 -0.06491759 -0.06491418 -0.06491512 -0.06492135 -0.063696906 -0.06327114 -0.0642426 -0.06405998
0.492 -0.06491863 -0.06491528 -0.06491621 -0.06492233 -0.06369722 -0.06327155 -0.06424317 -0.06406026
0.4925 -0.06491966 -0.06491637 -0.06491728 -0.0649233 -0.06369754 -0.063271955 -0.06424372 -0.06406055
0.493 -0.06492067 -0.06491744 -0.06491835 -0.06492425 -0.06369784 -0.06327237 -0.06424427 -0.0640608
0.4935 -0.06492168 -0.06491851 -0.06491939 -0.0649252 -0.06369813 -0.06327274 -0.06424481 -0.06406108
0.494 -0.06492266 -0.06491955 -0.06492043 -0.06492613 -0.063698426 -0.06327313 -0.064245336 -0.06406135
0.4945 -0.06492364 -0.06492059 -0.06492145 -0.06492705 -0.063698724 -0.06327353 -0.06424586 -0.064061604
0.495 -0.0649246 -0.06492161 -0.06492246 -0.06492796 -0.06369901 -0.06327389 -0.064246364 -0.06406184
0.4955 -0.06492555 -0.06492261 -0.06492345 -0.06492886 -0.063699275 -0.06327425 -0.06424686 -0.06406211
0.496 -0.06492649 -0.06492361 -0.06492443 -0.06492975 -0.06369956 -0.06327461 -0.06424736 -0.06406234
0.4965 -0.06492742 -0.06492459 -0.0649254 -0.06493062 -0.063699834 -0.06327497 -0.064247854 -0.06406257
0.497 -0.06492834 -0.06492556 -0.06492636 -0.06493149 -0.06370008 -0.06327532 -0.06424833 -0.06406284
0.4975 -0.06492924 -0.06492651 -0.0649273 -0.06493234 -0.06370034 -0.063275665 -0.0642488 -0.064063065
0.498 -0.06493013 -0.06492745 -0.06492823 -0.06493319 -0.0637006 -0.063276 -0.06424927 -0.064063296
0.4985 -0.06493101 -0.06492839 -0.06492915 -0.06493402 -0.063700855 -0.063276336 -0.064249724 -0.06406353
0.499 -0.06493188 -0.0649293 -0.06493006 -0.06493484 -0.06370111 -0.06327666 -0.06425017 -0.06406375
0.4995 -0.06493274 -0.06493021 -0.06493096 -0.06493565 -0.06370135 -0.06327698 -0.06425061 -0.06406397
0.5 -0.06493359 -0.06493111 -0.06493184 -0.06493646 -0.06370157 -0.063277304 -0.06425104 -0.0640642
