0.0 -0.065 -0.065 -0.065 -0.065 -0.043428466 0.42454433 0.4502185 0.14318618
0.0005 -0.06384289 -0.06464472 -0.0512747 -0.05417261 -0.057213288 0.15403515 0.34415284 0.12546414
0.001 -0.06083567 -0.0634941 -0.03530862 -0.04314938 -0.002192773 0.30635554 0.3004334 0.07344821
0.0015 -0.05798817 -0.06178684 -0.02191495 -0.03488906 -0.021368966 0.17318106 0.30465966 0.044474907
0.002 -0.05569197 -0.05971861 -0.01039331 -0.02783877 -0.0068235993 0.20544216 0.32322913 0.06935435
0.0025 -0.05378855 -0.05740445 0.0001619536 -0.02134624 -0.06444837 0.1712246 0.36028767 0.086381264
0.003 -0.05209747 -0.05490901 0.01025717 -0.01520563 0.007332504 0.12218204 0.29970565 0.09458523
0.0035 -0.05050822 -0.05227283 0.02015502 -0.009353891 0.0042972118 0.16267937 0.34941658 0.07315881
0.004 -0.04896596 -0.04952375 0.02987979 -0.003756989 -0.027056813 0.15106699 0.36027315 0.07180648
0.0045 -0.04744636 -0.04668778 0.03946865 0.001593564 -0.014014751 0.108567655 0.35081685 0.08784499
0.005 -0.04593479 -0.04377646 0.04910654 0.006727971 -0.0037057996 0.12864792 0.36601916 0.08853706
0.0055 -0.04441896 -0.04079662 0.05872574 0.01165952 -0.0071930736 0.13375407 0.37633395 0.08241182
0.006 -0.04289562 -0.03775665 0.06836325 0.01639343 -0.009200737 0.12639168 0.3821423 0.08346521
0.0065 -0.04137008 -0.03466148 0.078053 0.02093581 -0.008378461 0.13025287 0.3940234 0.08789661
0.007 -0.03984237 -0.03151744 0.08778361 0.0253099 -0.005324647 0.13401023 0.39694554 0.08963706
0.0075 -0.03830924 -0.02833039 0.09753183 0.02953283 -0.0037668496 0.13833222 0.404993 0.08857786
0.008 -0.03677109 -0.02510429 0.1072715 0.03359857 -0.0049266666 0.14275756 0.4121512 0.08984899
0.0085 -0.03523044 -0.0218454 0.1169801 0.03751904 -0.0030673891 0.14398381 0.41572195 0.09170353
0.009 -0.03368761 -0.01855902 0.1266414 0.04129899 -0.0016035885 0.14843258 0.42042002 0.092582576
0.0095 -0.0321449 -0.01525106 0.1362418 0.04494591 -0.0010392517 0.15185687 0.42489427 0.093098514
0.01 -0.03060095 -0.01192807 0.1457736 0.04847887 -0.00023882091 0.1541377 0.4279397 0.09401842
0.0105 -0.02905453 -0.008595306 0.1552306 0.05190627 0.00064592063 0.15667692 0.4311035 0.09480577
0.011 -0.02750604 -0.005257163 0.1646076 0.05523212 0.0013633519 0.1591231 0.43370625 0.09547611
0.0115 -0.02595678 -0.001917421 0.1739002 0.05845951 0.0020466298 0.16105935 0.43598294 0.09599694
0.012 -0.02440821 0.001420596 0.1831048 0.06159149 0.002574578 0.1629447 0.43806338 0.0965214
0.0125 -0.02286157 0.004755246 0.1922188 0.06463137 0.0031090528 0.16449836 0.4397934 0.09700485
0.013 -0.02131762 0.008084332 0.20124 0.06758452 0.0035986751 0.16595039 0.4413228 0.09741058
0.0135 -0.01977706 0.0114049 0.2101665 0.07045393 0.003995374 0.16724256 0.4427076 0.097759
0.014 -0.01824083 0.01471324 0.2189969 0.07323961 0.004358873 0.16835019 0.44387728 0.09808423
0.0145 -0.01670998 0.01800667 0.2277299 0.07594476 0.0046900064 0.16934022 0.44491804 0.098367594
0.015 -0.01518529 0.02128318 0.236364 0.07857306 0.0049742907 0.17022952 0.44583496 0.09861603
0.0155 -0.01366735 0.02454125 0.2448985 0.081128 0.0052283853 0.17099848 0.44663268 0.098834775
0.016 -0.01215667 0.02777958 0.2533328 0.08361253 0.005451873 0.17168424 0.44733745 0.09902858
0.0165 -0.01065374 0.03099702 0.2616662 0.08602946 0.005648926 0.17228743 0.4479559 0.09919991
0.017 -0.009158928 0.03413917 0.2698976 0.0883816 0.005824104 0.17281863 0.44849735 0.099350534
0.0175 -0.007672503 0.03717343 0.2780235 0.0906713 0.0059774965 0.17328861 0.4489758 0.099483006
0.018 -0.006194783 0.04016432 0.2860441 0.0929009 0.00611265 0.1737018 0.4493953 0.09960007
0.0185 -0.004726017 0.04314385 0.2939611 0.0950729 0.006232366 0.17406556 0.44976395 0.099703066
0.019 -0.003266568 0.04612641 0.3017755 0.09718949 0.006337628 0.17438701 0.45008886 0.09979393
0.0195 -0.001816708 0.04911603 0.3094882 0.09925284 0.006430283 0.17466971 0.45037442 0.09987392
0.02 -0.0003765127 0.05211105 0.3170995 0.1012652 0.0065121204 0.17491892 0.4506256 0.099944435
0.0205 0.00104533 0.0551073 0.3246006 0.1031202 0.006584093 0.17513844 0.45084688 0.10000654
0.021 0.002436428 0.05809865 0.3319856 0.1048824 0.006647572 0.1753318 0.45104143 0.10006132
0.0215 0.003813975 0.06107888 0.3392714 0.1066248 0.0067034513 0.17550203 0.4512127 0.10010942
0.022 0.005187946 0.06404301 0.3464637 0.1083608 0.0067526847 0.1756523 0.45136356 0.10015189
0.0225 0.006560223 0.06698692 0.353562 0.1100872 0.006796077 0.17578438 0.45149636 0.10018932
0.023 0.007929287 0.06990715 0.3605643 0.1117979 0.006834373 0.1759009 0.4516132 0.10022222
0.0235 0.009291356 0.07280079 0.3674582 0.1134877 0.0068680495 0.17600355 0.45171613 0.10025128
0.024 0.01063473 0.07566228 0.3741552 0.1151518 0.0068976134 0.17609403 0.45180678 0.10027685
0.0245 0.01196699 0.0784858 0.3806732 0.1167883 0.0069238096 0.17617342 0.4518866 0.10029935
0.025 0.01329316 0.08126929 0.3870657 0.1183963 0.0069467276 0.17624363 0.45195687 0.10031917
0.0255 0.01461299 0.08401316 0.3933695 0.1199748 0.006967053 0.17630526 0.45201874 0.100336604
0.026 0.01592489 0.08671899 0.3996037 0.1215234 0.0069849044 0.17635968 0.45207328 0.10035207
0.0265 0.01722732 0.08938876 0.405776 0.1230419 0.00700064 0.17640772 0.45212132 0.10036563
0.027 0.01851917 0.09202435 0.4118871 0.1245304 0.0070144385 0.17644975 0.45216352 0.10037758
0.0275 0.01979969 0.09462735 0.4179343 0.1259893 0.007026717 0.17648706 0.45220068 0.10038807
0.028 0.02106843 0.09719902 0.4239138 0.1274189 0.0070373863 0.17651966 0.45223367 0.10039731
0.0285 0.02232513 0.09974025 0.4298212 0.1288198 0.0070468634 0.17654863 0.4522624 0.10040548
0.029 0.02356972 0.1022517 0.435653 0.1301926 0.007055208 0.17657402 0.45228785 0.10041269
0.0295 0.02480218 0.1047337 0.441406 0.1315381 0.0070625693 0.17659631 0.4523102 0.10041901
0.03 0.02602245 0.1071866 0.4470778 0.1328568 0.0070690066 0.17661604 0.4523299 0.10042461
0.0305 0.02723036 0.1096102 0.4526661 0.1341483 0.0070747286 0.17663327 0.4523474 0.1004295
0.031 0.02842572 0.1120042 0.4581691 0.1354136 0.007079765 0.1766487 0.45236254 0.10043385
0.0315 0.02960874 0.1143688 0.463587 0.1366546 0.007084176 0.17666206 0.4523762 0.100437604
0.032 0.03077962 0.1167043 0.4689199 0.1378719 0.0070880502 0.1766741 0.45238793 0.10044106
0.0325 0.03193841 0.119011 0.4741679 0.1390663 0.0070915073 0.17668453 0.45239848 0.10044398
0.033 0.03308514 0.1212888 0.4793315 0.1402383 0.007094547 0.17669365 0.45240766 0.100446545
0.0335 0.03421983 0.1235378 0.4844109 0.1413883 0.0070972294 0.176702 0.4524158 0.10044893
0.034 0.0353425 0.1257581 0.4894068 0.1425171 0.007099524 0.17670897 0.45242304 0.100450866
0.0345 0.03645317 0.1279496 0.4943199 0.1436251 0.0071016103 0.17671528 0.4524292 0.100452684
0.035 0.03755188 0.1301126 0.4991511 0.1447128 0.007103458 0.17672083 0.45243487 0.10045423
0.0355 0.03863864 0.1322469 0.5039014 0.1457805 0.0071050376 0.17672572 0.45243973 0.100455604
0.036 0.03970893 0.1343523 0.5085694 0.1468069 0.0071064085 0.17672995 0.45244402 0.1004568
0.0365 0.04075928 0.1364284 0.5131541 0.147798 0.00710766 0.17673382 0.4524477 0.10045784
0.037 0.0417962 0.1384756 0.5176604 0.1487744 0.007108763 0.17673704 0.4524511 0.10045882
0.0375 0.04282424 0.1404944 0.5220917 0.1497414 0.007109776 0.17674008 0.4524541 0.10045972
0.038 0.04384272 0.1424849 0.5264485 0.1506917 0.0071106106 0.17674276 0.45245665 0.10046037
0.0385 0.04484435 0.1444461 0.5307265 0.1516019 0.007111326 0.17674485 0.452459 0.10046106
0.039 0.04583134 0.1463785 0.5349287 0.1524946 0.0071120113 0.17674688 0.45246097 0.100461654
0.0395 0.04680929 0.1482833 0.5390602 0.1533822 0.0071126074 0.17674878 0.4524627 0.10046219
0.04 0.04778047 0.1501614 0.5431231 0.1542658 0.007113114 0.17675027 0.45246428 0.10046255
0.0405 0.04874468 0.1520133 0.5471182 0.1551438 0.007113591 0.17675164 0.45246565 0.100463025
0.041 0.04970088 0.1538396 0.5510459 0.1560142 0.0071139187 0.17675284 0.4524669 0.10046329
0.0415 0.05064797 0.1556405 0.5549067 0.1568756 0.007114306 0.17675397 0.45246798 0.10046359
0.042 0.051585 0.1574163 0.558701 0.1577266 0.007114604 0.17675492 0.45246896 0.10046392
0.0425 0.05251126 0.1591672 0.5624297 0.1585664 0.007114902 0.17675576 0.45246968 0.10046416
0.043 0.05342655 0.1608935 0.5660935 0.1593944 0.0071151406 0.17675635 0.4524704 0.10046434
0.0435 0.05432579 0.1623358 0.5696813 0.1602095 0.0071153194 0.17675713 0.45247102 0.100464486
0.044 0.05519685 0.1633893 0.5731649 0.1610094 0.0071154684 0.17675766 0.45247173 0.100464635
0.0445 0.05605779 0.1643876 0.5764725 0.161797 0.0071156174 0.17675814 0.45247212 0.100464754
0.045 0.05689981 0.1654318 0.5786603 0.1625731 0.007115796 0.17675856 0.45247257 0.10046496
0.0455 0.05772723 0.1665525 0.5808867 0.1633371 0.0071159154 0.17675903 0.45247307 0.10046511
0.046 0.05855444 0.1677781 0.5835651 0.1640895 0.0071160644 0.17675939 0.45247328 0.10046511
0.0465 0.05938343 0.1691145 0.5866114 0.1648307 0.007116124 0.17675957 0.45247364 0.10046517
0.047 0.06021147 0.1705497 0.5898667 0.1655609 0.007116154 0.17675981 0.45247382 0.10046523
0.0475 0.06103517 0.1720632 0.5932043 0.1662801 0.007116303 0.17676005 0.45247412 0.10046535
0.048 0.0618518 0.1736319 0.5965428 0.1669882 0.007116422 0.17676029 0.4524743 0.10046541
0.0485 0.06265954 0.1752343 0.5998353 0.1676853 0.007116452 0.17676052 0.45247447 0.10046547
0.049 0.0634574 0.1768519 0.603058 0.1683718 0.007116452 0.17676058 0.45247465 0.10046541
0.0495 0.06424495 0.1784696 0.6062009 0.1690479 0.007116571 0.17676076 0.45247477 0.10046556
0.05 0.06502204 0.1800761 0.6092619 0.1697137 0.0071165413 0.17676094 0.45247495 0.10046553
0.0505 0.0657887 0.1816627 0.6122426 0.1703694 0.007116601 0.176761 0.452475 0.1004655
0.051 0.06654503 0.1832236 0.615147 0.1710151 0.007116601 0.17676112 0.45247513 0.10046559
0.0515 0.06729121 0.1847549 0.6179792 0.171651 0.0071166903 0.17676106 0.4524752 0.10046568
0.052 0.06802742 0.1862543 0.6207437 0.1722773 0.0071166605 0.1767613 0.4524753 0.10046565
0.0525 0.06875384 0.1877206 0.6234445 0.1728941 0.00711675 0.17676136 0.4524753 0.10046568
0.053 0.06947065 0.1891535 0.6260854 0.1735015 0.00711675 0.17676136 0.45247537 0.10046574
0.0535 0.07017803 0.1905533 0.6286696 0.1740615 0.00711675 0.17676142 0.4524754 0.10046571
0.054 0.07087601 0.1919206 0.6311999 0.1744364 0.00711672 0.17676142 0.4524755 0.10046571
0.0545 0.07156454 0.1932566 0.6336786 0.1748416 0.00711675 0.17676142 0.4524755 0.10046571
0.055 0.07224205 0.1945622 0.6361078 0.1751322 0.0071168095 0.17676136 0.4524756 0.10046577
0.0555 0.07290594 0.1958388 0.6384889 0.1754253 0.0071167797 0.17676154 0.4524756 0.1004658
0.056 0.0735605 0.1970874 0.6408238 0.1758065 0.0071167797 0.17676148 0.4524756 0.10046577
0.0565 0.07420844 0.1983093 0.6431145 0.1762569 0.0071167797 0.1767616 0.4524756 0.10046574
0.057 0.07485026 0.1995058 0.6453622 0.1767546 0.0071167797 0.17676154 0.4524756 0.10046577
0.0575 0.07548553 0.2006779 0.6475681 0.1772831 0.007116869 0.17676154 0.4524756 0.10046586
0.058 0.07611373 0.2018268 0.6497331 0.1778305 0.0071167797 0.17676172 0.45247573 0.10046577
0.0585 0.07673441 0.2029534 0.6518583 0.1783882 0.0071168095 0.17676166 0.45247567 0.10046571
0.059 0.07734732 0.2040586 0.6539445 0.1789498 0.0071168393 0.1767616 0.45247567 0.10046577
0.0595 0.07795233 0.2051432 0.6559924 0.1795108 0.0071168393 0.17676166 0.45247567 0.10046583
0.06 0.07854942 0.2062081 0.658003 0.1800681 0.0071168393 0.17676172 0.4524757 0.10046574
0.0605 0.07913863 0.2072539 0.6599768 0.1806193 0.0071168393 0.17676166 0.45247567 0.10046574
0.061 0.07972 0.2082812 0.6619147 0.1811625 0.0071168095 0.1767616 0.45247567 0.10046583
0.0615 0.08029363 0.2092907 0.6638174 0.181697 0.007116869 0.17676172 0.45247573 0.1004658
0.062 0.08085965 0.2102829 0.6656855 0.1822224 0.0071168393 0.17676172 0.45247576 0.10046574
0.0625 0.08141819 0.2112582 0.6675197 0.1827381 0.0071168393 0.17676172 0.4524758 0.10046583
0.063 0.08196556 0.2122161 0.6693188 0.1832255 0.0071168095 0.17676178 0.4524758 0.10046577
0.0635 0.08249513 0.2131555 0.6710795 0.1836785 0.0071168393 0.17676178 0.4524757 0.10046574
0.064 0.08301431 0.2140781 0.6728067 0.1841234 0.007116869 0.17676172 0.45247573 0.10046583
0.0645 0.08352936 0.2149852 0.6745044 0.1845639 0.0071168393 0.17676178 0.45247576 0.10046574
0.065 0.08404019 0.2158484 0.6749988 0.1849873 0.007116869 0.17676178 0.45247573 0.10046577
0.0655 0.08454272 0.2166345 0.6753175 0.185408 0.0071168095 0.17676178 0.4524758 0.10046577
0.066 0.085038 0.2173737 0.676161 0.1858294 0.007116869 0.17676178 0.4524758 0.10046583
0.0665 0.08552841 0.2180977 0.6774811 0.1862502 0.007116869 0.17676178 0.4524758 0.10046583
0.067 0.08601439 0.2188253 0.6790967 0.1866681 0.007116869 0.17676178 0.45247582 0.10046583
0.0675 0.0864912 0.2195634 0.6808539 0.1870772 0.0071168393 0.17676178 0.4524758 0.1004658
0.068 0.08696122 0.2203138 0.6826525 0.1874821 0.0071168393 0.17676178 0.45247576 0.10046577
0.0685 0.0874282 0.2210751 0.6844359 0.187884 0.0071168095 0.17676178 0.45247582 0.10046583
0.069 0.08789277 0.2218438 0.6861745 0.1882826 0.007116869 0.17676184 0.4524758 0.10046577
0.0695 0.08835415 0.2226161 0.6878553 0.1886771 0.0071168393 0.17676178 0.4524758 0.1004658
0.07 0.08881133 0.2233882 0.6894751 0.1890669 0.007116899 0.17676178 0.45247585 0.1004658
0.0705 0.08926352 0.2241568 0.6910353 0.1894517 0.007116869 0.17676178 0.4524758 0.1004658
0.071 0.08971008 0.2249193 0.6925398 0.189828 0.007116899 0.17676178 0.4524758 0.10046583
0.0715 0.09014727 0.2256725 0.6939908 0.1901737 0.0071169287 0.17676178 0.4524758 0.10046583
0.072 0.0905736 0.2264153 0.6953931 0.1905052 0.0071168393 0.17676178 0.45247588 0.10046583
0.0725 0.09099142 0.2271474 0.6967538 0.1908332 0.007116869 0.17676178 0.4524758 0.1004658
0.073 0.09139958 0.2278683 0.6980773 0.1911571 0.007116869 0.17676178 0.4524758 0.10046577
0.0735 0.09180313 0.2285777 0.6993673 0.1914834 0.0071168393 0.17676172 0.45247582 0.10046583
0.074 0.09220502 0.2292755 0.7006265 0.1918122 0.0071168393 0.17676178 0.4524758 0.1004658
0.0745 0.09260537 0.2299617 0.7018571 0.1921421 0.0071168393 0.17676184 0.4524758 0.10046577
0.075 0.09300229 0.2306363 0.7030605 0.1924716 0.0071168095 0.17676178 0.45247582 0.1004658
0.0755 0.09339339 0.2312993 0.7042382 0.1927995 0.0071168393 0.17676178 0.45247582 0.10046583
0.076 0.09377969 0.2319509 0.7053913 0.1931248 0.007116899 0.17676184 0.4524758 0.1004658
0.0765 0.09415954 0.2325907 0.7065204 0.1934369 0.007116869 0.17676184 0.4524758 0.10046583
0.077 0.09452469 0.233218 0.7076232 0.1937188 0.007116869 0.17676178 0.4524758 0.1004658
0.0775 0.09488037 0.2338338 0.7087024 0.193994 0.007116869 0.17676178 0.4524758 0.10046583
0.078 0.0952336 0.2344388 0.7097617 0.194273 0.007116869 0.17676178 0.45247576 0.1004658
0.0785 0.09558691 0.2350337 0.7108025 0.1945566 0.0071168393 0.17676178 0.4524758 0.10046583
0.079 0.09593999 0.2356189 0.7118252 0.1948434 0.007116899 0.17676184 0.4524758 0.1004658
0.0795 0.09629167 0.2361948 0.7128298 0.1951315 0.007116869 0.17676178 0.4524758 0.10046583
0.08 0.09664077 0.2367614 0.7138164 0.1954196 0.007116869 0.17676178 0.4524758 0.1004658
0.0805 0.0969864 0.2373191 0.7147851 0.1957066 0.0071168393 0.17676178 0.4524758 0.10046583
0.081 0.09732798 0.2378678 0.7157362 0.1959916 0.007116899 0.17676184 0.4524758 0.1004658
0.0815 0.09766519 0.2384078 0.7166699 0.196274 0.007116869 0.17676178 0.4524758 0.10046583
0.082 0.09799786 0.2389392 0.7175865 0.1965536 0.007116869 0.17676178 0.4524758 0.1004658
0.0825 0.09832594 0.2394621 0.7184864 0.1968298 0.0071168393 0.17676178 0.4524758 0.10046583
0.083 0.09864945 0.2399767 0.7193699 0.1971027 0.007116899 0.17676184 0.4524758 0.1004658
0.0835 0.09896843 0.240483 0.7202373 0.1973719 0.007116869 0.17676178 0.4524758 0.10046583
0.084 0.09928292 0.2409813 0.7210891 0.1976373 0.007116869 0.17676178 0.4524758 0.1004658
0.0845 0.09958706 0.2414703 0.7219235 0.197876 0.0071168393 0.17676178 0.4524758 0.10046583
0.085 0.09987716 0.2419503 0.7227392 0.1980929 0.007116899 0.17676184 0.4524758 0.1004658
0.0855 0.1001614 0.2424223 0.7235396 0.1983093 0.007116869 0.17676178 0.4524758 0.10046583
0.086 0.1004453 0.2428867 0.724327 0.1985311 0.007116869 0.17676178 0.4524758 0.1004658
0.0865 0.10073 0.2433441 0.7251019 0.1987562 0.0071168393 0.17676178 0.4524758 0.10046583
0.087 0.1010146 0.2437947 0.7258643 0.1989785 0.007116899 0.17676184 0.4524758 0.1004658
0.0875 0.1012945 0.2442386 0.726614 0.1992032 0.007116869 0.17676178 0.4524758 0.10046583
0.088 0.1015698 0.2446759 0.7273506 0.1994302 0.007116869 0.17676178 0.4524758 0.1004658
0.0885 0.1018427 0.2451061 0.7280743 0.1996582 0.0071168393 0.17676178 0.4524758 0.10046583
0.089 0.1021135 0.2455284 0.728785 0.1998861 0.007116899 0.17676184 0.4524758 0.1004658
0.0895 0.102382 0.2459439 0.729483 0.2001132 0.007116869 0.17676178 0.4524758 0.10046583
0.09 0.1026478 0.2463532 0.7301684 0.2003386 0.007116869 0.17676178 0.4524758 0.1004658
0.0905 0.1029106 0.2467567 0.7308416 0.2005621 0.0071168393 0.17676178 0.4524758 0.10046583
0.091 0.1031703 0.2471544 0.7315028 0.2007833 0.007116899 0.17676184 0.4524758 0.1004658
0.0915 0.1034266 0.2475464 0.7321521 0.2010019 0.007116869 0.17676178 0.4524758 0.10046583
0.092 0.1036797 0.2479324 0.7327899 0.2011034 0.007116869 0.17676178 0.4524758 0.1004658
0.0925 0.1039291 0.2483111 0.7334162 0.2010708 0.0071168393 0.17676178 0.4524758 0.10046583
0.093 0.1041747 0.2486835 0.7340312 0.2011023 0.007116899 0.17676184 0.4524758 0.1004658
0.0935 0.1044169 0.2490504 0.7346352 0.2011977 0.007116869 0.17676178 0.4524758 0.10046583
0.094 0.1046556 0.2494121 0.7352284 0.2013393 0.007116869 0.17676178 0.4524758 0.1004658
0.0945 0.1048912 0.2497687 0.7358112 0.2015125 0.0071168393 0.17676178 0.4524758 0.10046583
0.095 0.1051237 0.2501202 0.7363837 0.201707 0.007116899 0.17676184 0.4524758 0.1004658
0.0955 0.105353 0.2504665 0.736946 0.2019151 0.007116869 0.17676178 0.4524758 0.10046583
0.096 0.1055793 0.2508075 0.7374984 0.2021315 0.007116869 0.17676178 0.4524758 0.1004658
0.0965 0.1058026 0.2511419 0.7380391 0.2023522 0.0071168393 0.17676178 0.4524758 0.10046583
0.097 0.1060229 0.25147 0.7385687 0.2025743 0.007116899 0.17676184 0.4524758 0.1004658
0.0975 0.1062402 0.2517929 0.7390885 0.202796 0.007116869 0.17676178 0.4524758 0.10046583
0.098 0.1064546 0.252111 0.7395993 0.2030158 0.007116869 0.17676178 0.4524758 0.1004658
0.0985 0.1066662 0.2524246 0.7401014 0.2032328 0.0071168393 0.17676178 0.4524758 0.10046583
0.099 0.1068749 0.2527338 0.7405952 0.2034462 0.007116899 0.17676184 0.4524758 0.1004658
0.0995 0.1070808 0.2530387 0.7410807 0.2036556 0.007116869 0.17676178 0.4524758 0.10046583
0.1 0.107284 0.2533392 0.741558 0.2038608 0.064198464 0.21185681 0.026130237 0.026045226
0.1005 0.106358 0.2636599 0.7284943 0.1933711 0.046291694 0.4860226 0.25013766 -0.019981079
0.101 0.1036705 0.2782875 0.713581 0.1827758 -0.013527721 0.29941612 0.16638091 -0.046047904
0.1015 0.1011935 0.294527 0.7014762 0.174954 0.023879126 0.4591412 0.13165912 0.010390647
0.102 0.09929584 0.3115173 0.691389 0.1683588 -0.016958192 0.40597463 0.17047745 0.021354787
0.1025 0.09781023 0.3288616 0.6823686 0.1623411 0.070864156 0.43840495 0.1269548 -0.0051739737
0.103 0.09655379 0.3463432 0.6738509 0.1566924 -0.003734313 0.5321655 0.15705109 -0.023831047
0.1035 0.09541395 0.3638233 0.665559 0.151342 -0.0150492415 0.48114878 0.15941387 0.008840859
0.104 0.09433203 0.381203 0.65737 0.1462592 0.029032156 0.487899 0.10477055 0.010556817
0.1045 0.09327961 0.3984076 0.6492341 0.1414248 0.024411317 0.56330776 0.16548611 -0.0036453083
0.105 0.09224356 0.4153789 0.6411339 0.1368239 -0.009491503 0.5869597 0.14194457 -0.0050330795
0.1055 0.09121805 0.4320716 0.6330659 0.1324431 0.0061852336 0.5636587 0.1369333 0.0041129254
0.106 0.09020077 0.4484504 0.6250319 0.1282704 0.006243039 0.62769747 0.14855847 0.010963794
0.1065 0.089191 0.4644883 0.6170359 0.1242944 0.008974664 0.64255965 0.14840345 0.0030147284
0.107 0.08818881 0.4801652 0.6090826 0.1205046 0.0015833359 0.6806655 0.14967294 0.0017130971
0.1075 0.08719461 0.4954667 0.6011765 0.1168912 -0.002137091 0.6973196 0.16106638 0.013102334
0.108 0.08620897 0.5103829 0.5933224 0.1134449 0.009491369 0.72498405 0.15239707 0.018388651
0.1085 0.08523253 0.524908 0.5855242 0.110157 0.010240659 0.7532357 0.16337019 0.01311608
0.109 0.08426588 0.5390391 0.5777861 0.1070195 0.0068578497 0.77518475 0.16323638 0.016753614
0.1095 0.08330961 0.5527763 0.5701115 0.1040246 0.012986667 0.7826177 0.16305089 0.024747297
0.11 0.08236437 0.5661215 0.5625039 0.1011653 0.018317193 0.8033352 0.16534358 0.028133139
0.1105 0.08143078 0.5790783 0.5549663 0.0984347 0.01970394 0.81203866 0.16675407 0.026876032
0.111 0.0805094 0.5916519 0.5475013 0.09582657 0.021043316 0.81873703 0.1661432 0.02866204
0.1115 0.07960075 0.6038486 0.5401117 0.09333493 0.023389876 0.8231206 0.16768384 0.032907195
0.112 0.07870531 0.6156752 0.5327996 0.0909542 0.026295155 0.8281108 0.16744986 0.03441129
0.1125 0.07782354 0.6271396 0.525567 0.08867911 0.027239561 0.83112586 0.16870105 0.033914857
0.113 0.07695585 0.63825 0.5184159 0.08650472 0.027757049 0.83325016 0.16913854 0.035210453
0.1135 0.07610263 0.6490149 0.5113479 0.08442635 0.029265702 0.83392394 0.16952515 0.0369697
0.114 0.07526423 0.6594432 0.5043643 0.08243963 0.03056769 0.8360485 0.17020911 0.037726186
0.1145 0.074441 0.6695438 0.4974665 0.0805404 0.03123416 0.8371068 0.17114967 0.038118772
0.115 0.07363324 0.6793257 0.4906556 0.07872477 0.032006845 0.83793044 0.17171448 0.039016873
0.1155 0.07284123 0.688798 0.4839324 0.07698906 0.032981917 0.8387047 0.17256686 0.04007604
0.116 0.07206522 0.6979697 0.4772978 0.07532979 0.0339341 0.8397691 0.17339182 0.040854953
0.1165 0.07130547 0.7068497 0.4707524 0.07374369 0.034734964 0.8405938 0.17436695 0.041521065
0.117 0.07056218 0.7154469 0.4642968 0.07222765 0.035556346 0.8414639 0.17529544 0.04240132
0.1175 0.06983555 0.7237697 0.4579313 0.07077876 0.03648171 0.842271 0.17629609 0.04331913
0.118 0.06912576 0.7318269 0.4516563 0.06939424 0.037398383 0.8432548 0.17733844 0.04414852
0.1185 0.06843297 0.7396265 0.4454719 0.06807147 0.038270563 0.8441701 0.17845477 0.04497508
0.119 0.06775731 0.7471769 0.4393781 0.06680797 0.039174467 0.8451115 0.17955612 0.04587119
0.1195 0.06709891 0.7544858 0.4333751 0.0656014 0.04011008 0.8460705 0.18071598 0.04677818
0.12 0.06645788 0.761561 0.4274626 0.06444954 0.04104583 0.84709084 0.18189597 0.04766663
0.1205 0.06583431 0.7684099 0.4216406 0.06335026 0.04197678 0.84809566 0.18310855 0.048558302
0.121 0.06522827 0.77504 0.4159088 0.06230159 0.04291989 0.8491274 0.18432963 0.04947549
0.1215 0.06463984 0.7814582 0.4102668 0.06130161 0.04387547 0.85016596 0.18557408 0.05039622
0.122 0.06406905 0.7876714 0.4047143 0.06034852 0.044832602 0.8512298 0.1868292 0.051311597
0.1225 0.06351596 0.7936863 0.3992508 0.05944061 0.045788556 0.85229087 0.18809813 0.052229427
0.123 0.06298058 0.7995094 0.3938759 0.05857626 0.046749324 0.85336053 0.1893687 0.05315415
0.1235 0.06246293 0.8051468 0.3885891 0.05775391 0.04771273 0.85443175 0.19064634 0.054077595
0.124 0.061963 0.8106047 0.3833896 0.0569721 0.04867488 0.85550773 0.19192371 0.05499748
0.1245 0.06148081 0.8158888 0.3782769 0.05622941 0.04963492 0.85657775 0.19320059 0.0559154
0.125 0.06101631 0.821005 0.3732504 0.05552452 0.050593823 0.8576453 0.1944719 0.056831755
0.1255 0.0605695 0.8259586 0.3683093 0.05485616 0.05155021 0.858706 0.1957379 0.05774357
0.126 0.06014033 0.8307551 0.3634528 0.0542231 0.052502558 0.85975957 0.19699487 0.058649793
0.1265 0.05972876 0.8353994 0.3586802 0.05362419 0.053450227 0.86080205 0.19824177 0.059550613
0.127 0.05933474 0.8398967 0.3539908 0.05305833 0.054392993 0.8618336 0.19947603 0.060445398
0.1275 0.05895821 0.8442517 0.3493837 0.05252446 0.055330038 0.86285114 0.2006967 0.061332986
0.128 0.05859911 0.8484691 0.344858 0.05202157 0.05626078 0.8638551 0.201902 0.062212944
0.1285 0.05825735 0.8525533 0.3404128 0.05154869 0.05718462 0.86484253 0.20309085 0.063085005
0.129 0.05793286 0.8565088 0.3360474 0.05110491 0.05810125 0.8658134 0.2042619 0.063948736
0.1295 0.05762556 0.8603397 0.3317608 0.05068934 0.05901034 0.86676633 0.20541438 0.06480358
0.13 0.05733536 0.8640501 0.327552 0.05030114 0.05991146 0.8677006 0.20654723 0.06564935
0.1305 0.05706215 0.867644 0.3234203 0.04993949 0.060804367 0.8686156 0.20766002 0.066485696
0.131 0.05680584 0.8711252 0.3193645 0.04960363 0.06168875 0.86951065 0.20875198 0.0673126
0.1315 0.05656632 0.8744972 0.3153838 0.0492928 0.06256458 0.87038517 0.20982274 0.068129785
0.132 0.05634348 0.8777638 0.3114773 0.0490063 0.06343168 0.87123907 0.21087188 0.06893716
0.1325 0.05613721 0.8809283 0.3076439 0.04874343 0.06428976 0.872072 0.21189943 0.06973463
0.133 0.05594739 0.8839941 0.3038828 0.04850354 0.065139025 0.8728833 0.21290484 0.07052216
0.1335 0.05577389 0.8869644 0.3001929 0.04828601 0.06597942 0.87367356 0.21388838 0.07129994
0.134 0.0556166 0.8898423 0.2965733 0.04809021 0.06681083 0.87444246 0.21484992 0.07206773
0.1345 0.05547538 0.8926307 0.2930229 0.04791557 0.067633286 0.8751899 0.21578959 0.07282574
0.135 0.0553501 0.8953326 0.2895409 0.04776151 0.06844689 0.8759161 0.21670759 0.07357402
0.1355 0.05524063 0.8979508 0.2861262 0.04762751 0.06925176 0.87662137 0.21760416 0.07431273
0.136 0.05514682 0.900488 0.282778 0.04751303 0.07004796 0.8773055 0.21847948 0.07504199
0.1365 0.05506854 0.9029468 0.2794951 0.04741758 0.070835486 0.87796926 0.21933392 0.07576176
0.137 0.05500566 0.90533 0.2762767 0.04734068 0.07161471 0.8786125 0.2201679 0.07647242
0.1375 0.05495803 0.9076399 0.2731217 0.04728185 0.072385505 0.87923574 0.22098172 0.077174
0.138 0.05492552 0.909879 0.2700293 0.04724066 0.07314827 0.8798392 0.22177592 0.077866845
0.1385 0.05490797 0.9120495 0.2669985 0.04721666 0.07390301 0.8804234 0.22255075 0.078550935
0.139 0.05490525 0.9141538 0.2640283 0.04720944 0.074649915 0.8809886 0.2233068 0.07922659
0.1395 0.05491721 0.9161939 0.2611178 0.0472186 0.07538915 0.8815352 0.22404438 0.07989382
0.14 0.0549437 0.9181721 0.2582661 0.04724375 0.07612096 0.8820636 0.22476435 0.08055311
0.1405 0.05498458 0.9200902 0.2554721 0.0472845 0.076845415 0.8825742 0.2254667 0.08120441
0.141 0.05503969 0.9219504 0.2527351 0.0473405 0.07756278 0.88306737 0.22615221 0.08184802
0.1415 0.05510889 0.9237544 0.250054 0.04741139 0.07827318 0.8835437 0.2268214 0.08248406
0.142 0.05519202 0.9255041 0.2474281 0.04749683 0.07897679 0.8840034 0.22747445 0.083112754
0.1425 0.05528893 0.9272013 0.2448563 0.04759649 0.07967387 0.884447 0.22811213 0.0837344
0.143 0.05539947 0.9288477 0.2423378 0.04771005 0.080364466 0.8848748 0.22873494 0.08434904
0.1435 0.0555235 0.9304449 0.2398717 0.0478372 0.08104876 0.8852873 0.22934297 0.08495688
0.144 0.05566085 0.9319947 0.2374571 0.04797764 0.081727006 0.8856847 0.22993705 0.08555814
0.1445 0.05581139 0.9334984 0.2350932 0.04813108 0.08239929 0.8860676 0.23051748 0.08615299
0.145 0.05597495 0.9349577 0.2327791 0.04829724 0.08306586 0.8864362 0.23108461 0.08674156
0.1455 0.05615138 0.936374 0.230514 0.04847584 0.08372673 0.886791 0.23163906 0.0873239
0.146 0.05634054 0.9377487 0.2282971 0.04866661 0.08438208 0.8871323 0.23218101 0.08790036
0.1465 0.05654228 0.9390832 0.2261274 0.0488693 0.08503216 0.88746035 0.23271096 0.08847103
0.147 0.05675643 0.9403788 0.2240043 0.04908367 0.08567701 0.88777554 0.23322922 0.08903598
0.1475 0.05698287 0.9416367 0.2219268 0.04930945 0.08631687 0.8880782 0.23373634 0.089595534
0.148 0.05722143 0.9428583 0.2198942 0.04954643 0.08695168 0.8883686 0.23423237 0.09014962
0.1485 0.05747197 0.9440447 0.2179058 0.04979436 0.08758171 0.88864696 0.23471794 0.0906984
0.149 0.05773433 0.945197 0.2159607 0.05005303 0.08820705 0.88891363 0.23519325 0.0912421
0.1495 0.05800839 0.9463165 0.2140581 0.05032222 0.08882777 0.88916886 0.2356584 0.091780744
0.15 0.05829398 0.9474042 0.2121974 0.05060171 0.08944405 0.8894129 0.23611411 0.092314504
0.1505 0.05859096 0.9484611 0.2103778 0.05089131 0.09005583 0.88964605 0.23656034 0.09284335
0.151 0.05889919 0.9494883 0.2085985 0.0511908 0.090620585 0.88989615 0.23694336 0.093345486
0.1515 0.05921852 0.9504867 0.2068588 0.05150001 0.09122085 0.890072 0.2374166 0.0938422
0.152 0.05954882 0.9514573 0.2051581 0.05181873 0.09181585 0.890332 0.23786116 0.09439064
0.1525 0.05988994 0.9524011 0.2034955 0.05214679 0.092417344 0.8904617 0.23823595 0.094862424
0.153 0.06024173 0.953319 0.2018705 0.052484 0.092998184 0.89066756 0.23863322 0.09535917
0.1535 0.06060407 0.9542117 0.2002823 0.05283018 0.0935821 0.8908193 0.23904076 0.09588214
0.154 0.06097681 0.9550802 0.1987303 0.05318518 0.094176635 0.890988 0.23941183 0.09638233
0.1545 0.06135982 0.9559252 0.1972138 0.05354881 0.09475291 0.8911431 0.23980352 0.09686533
0.155 0.06175295 0.9567476 0.1957322 0.05392092 0.095324695 0.89128685 0.24016821 0.09735466
0.1555 0.06215608 0.9575481 0.1942848 0.05430135 0.09589912 0.89141214 0.24053368 0.09784337
0.156 0.06256907 0.9583274 0.192871 0.05468995 0.096469484 0.89154494 0.24089086 0.098326586
0.1565 0.06299178 0.9590863 0.1914901 0.05508655 0.09703489 0.8916582 0.24124369 0.09880201
0.157 0.0634241 0.9598254 0.1901416 0.05549103 0.0975966 0.89176846 0.24158683 0.099275924
0.1575 0.06386587 0.9605455 0.1888249 0.05590323 0.09815559 0.89186597 0.24192634 0.0997475
0.158 0.06431699 0.9612471 0.1875394 0.05632301 0.09871221 0.8919587 0.24225727 0.10021459
0.1585 0.06477731 0.9619309 0.1862844 0.05675024 0.099264726 0.8920413 0.24258435 0.10067708
0.159 0.06524672 0.9625975 0.1850595 0.05718478 0.099814035 0.892117 0.24290365 0.101136886
0.1595 0.06572508 0.9632476 0.183864 0.0576265 0.1003606 0.89218307 0.24321812 0.10159328
0.16 0.06621227 0.9638815 0.1826975 0.05807527 0.100904174 0.8922429 0.24352625 0.102046065
0.1605 0.06670816 0.9645 0.1815593 0.05853096 0.101444475 0.8922937 0.24382919 0.102495156
0.161 0.06721263 0.9651036 0.1804489 0.05899346 0.10198178 0.8923373 0.24412614 0.10294113
0.1615 0.06772557 0.9656927 0.1793659 0.05946265 0.102516286 0.8923727 0.24441794 0.10338376
0.162 0.06824686 0.9662678 0.1783096 0.0599384 0.10304787 0.89240086 0.24470407 0.103822924
0.1625 0.06877639 0.9668296 0.1772797 0.06042061 0.103576474 0.8924211 0.2449852 0.10425883
0.163 0.06931404 0.9673783 0.1762755 0.06090917 0.10410232 0.892434 0.2452609 0.10469154
0.1635 0.06985969 0.9679145 0.1752966 0.06140396 0.1046252 0.89243937 0.24553177 0.10512092
0.164 0.07041323 0.9684386 0.1743426 0.06190488 0.10514545 0.89243734 0.24579725 0.1055472
0.1645 0.07097456 0.968951 0.1734129 0.06241182 0.105662905 0.8924279 0.24605817 0.105970316
0.165 0.07154352 0.9694514 0.1725071 0.06285692 0.1061776 0.89241123 0.24631402 0.10639029
0.1655 0.07211982 0.9699397 0.1716246 0.06330497 0.10668965 0.8923873 0.24656522 0.106807135
0.166 0.07270316 0.9704169 0.1707649 0.06378089 0.107199 0.89235616 0.24681163 0.107220896
0.1665 0.07329358 0.9708838 0.1699277 0.06428077 0.10770573 0.8923178 0.2470533 0.10763162
0.167 0.07389115 0.9713412 0.1691126 0.06479956 0.10820989 0.89227235 0.24729049 0.10803936
0.1675 0.0744959 0.9717894 0.1683192 0.06533334 0.10871138 0.89222 0.24752322 0.10844401
0.168 0.07510776 0.9722289 0.1675471 0.0658792 0.10921027 0.8921604 0.24775144 0.1088457
0.1685 0.07572665 0.97266 0.1667959 0.066435 0.109706745 0.8920939 0.24797526 0.10924452
0.169 0.07635248 0.973083 0.1660652 0.06699916 0.11020064 0.8920206 0.24819472 0.10964035
0.1695 0.07698504 0.9734983 0.1653546 0.06757048 0.1106921 0.89194024 0.24841002 0.11003324
0.17 0.07762229 0.973906 0.1646637 0.06814803 0.111181036 0.89185286 0.24862093 0.110423274
0.1705 0.07826513 0.9743064 0.1639921 0.06873112 0.11166756 0.8917588 0.24882787 0.11081036
0.171 0.07891474 0.9746997 0.1633395 0.06931928 0.11215159 0.8916578 0.24903047 0.11119466
0.1715 0.07957138 0.9750863 0.1627054 0.06991213 0.11263321 0.89154994 0.2492291 0.11157601
0.172 0.08023494 0.9754662 0.1620896 0.07050941 0.113112435 0.89143527 0.24942365 0.11195459
0.1725 0.08090522 0.9758399 0.1614917 0.07111089 0.11358935 0.89131415 0.24961433 0.112330474
0.173 0.08158204 0.9762073 0.1609113 0.07171643 0.1140639 0.8911859 0.2498008 0.11270345
0.1735 0.08226523 0.9765688 0.1603481 0.07232591 0.11453609 0.8910512 0.2499837 0.113073654
0.174 0.08295458 0.9769246 0.1598017 0.07293924 0.11500597 0.89090943 0.25016248 0.11344115
0.1745 0.08364991 0.9772749 0.1592719 0.07355633 0.11547357 0.89076126 0.25033748 0.11380587
0.175 0.08435104 0.97762 0.1587583 0.07417711 0.11593884 0.8906064 0.2505087 0.11416786
0.1755 0.08505786 0.9779599 0.1582606 0.07480151 0.116401866 0.89044476 0.25067616 0.1145271
0.176 0.08577023 0.978295 0.1577784 0.07542949 0.11686267 0.8902763 0.25083992 0.11488371
0.1765 0.08648807 0.9786253 0.1573116 0.076061 0.11732115 0.89010143 0.25099993 0.115237586
0.177 0.08721123 0.9789511 0.1568597 0.07668811 0.11777754 0.8899199 0.25115618 0.11558879
0.1775 0.08793941 0.9792726 0.1564226 0.07731432 0.11823161 0.88973165 0.25130898 0.115937315
0.178 0.08867236 0.9795897 0.1559998 0.0779399 0.11868352 0.88953674 0.25145787 0.11628314
0.1785 0.08940979 0.9799028 0.155591 0.07856772 0.11913325 0.88933516 0.25160345 0.11662633
0.179 0.09015194 0.9802118 0.1551961 0.07920118 0.11958079 0.88912714 0.25174528 0.116966955
0.1795 0.09089911 0.9805169 0.1548147 0.07984075 0.12002616 0.8889122 0.25188366 0.11730491
0.18 0.09165139 0.9808185 0.1544466 0.08048615 0.120469525 0.8886908 0.25201845 0.117640354
0.1805 0.09240873 0.9811166 0.1540916 0.08113701 0.12091063 0.8884628 0.25214973 0.11797304
0.181 0.09317103 0.9814114 0.1537495 0.08179299 0.12134968 0.8882282 0.25227752 0.11830308
0.1815 0.09393819 0.9817031 0.1534199 0.08245377 0.12178655 0.88798666 0.25240195 0.11863061
0.182 0.09471011 0.9819918 0.1531026 0.08311908 0.122221455 0.8877387 0.25252265 0.118955575
0.1825 0.09548671 0.9822777 0.1527975 0.08378869 0.122654244 0.8874841 0.2526403 0.119278096
0.183 0.09626788 0.9825609 0.1525042 0.08446238 0.12308495 0.88722277 0.2527542 0.119597815
0.1835 0.09705356 0.9828415 0.1522225 0.08513994 0.123513564 0.8869548 0.2528648 0.11991509
0.184 0.09784366 0.9831196 0.1519522 0.08582123 0.123940155 0.88668 0.25297192 0.1202297
0.1845 0.09863811 0.9833954 0.151693 0.08650606 0.12436473 0.8863988 0.25307584 0.12054197
0.185 0.09943683 0.9836688 0.1514449 0.08719432 0.124787286 0.88611066 0.25317633 0.12085161
0.1855 0.1002398 0.9839402 0.1512074 0.08788587 0.12520781 0.885816 0.2532734 0.12115868
0.186 0.1010468 0.9842094 0.1509805 0.08858061 0.12562627 0.8855144 0.253367 0.12146317
0.1865 0.101858 0.9844767 0.1507639 0.08927842 0.12604289 0.885206 0.25345746 0.12176529
0.187 0.1026731 0.9847421 0.1505575 0.08997905 0.12645747 0.88489115 0.2535444 0.12206482
0.1875 0.1034919 0.9850057 0.150361 0.09067163 0.12686999 0.88456917 0.25362808 0.12236171
0.188 0.1043134 0.9852672 0.1501741 0.09136213 0.12728064 0.8842405 0.25370818 0.12265623
0.1885 0.1051374 0.9855268 0.1499967 0.0920577 0.12768933 0.88390493 0.25378537 0.12294828
0.189 0.1059644 0.9857847 0.1498285 0.09275917 0.12809606 0.88356304 0.25385904 0.123237856
0.1895 0.106795 0.986041 0.1496696 0.09346614 0.12850083 0.8832135 0.25392935 0.12352481
0.19 0.1076298 0.9862959 0.1495196 0.09417803 0.12890378 0.8828577 0.2539963 0.123809375
0.1905 0.1084687 0.9865496 0.1493786 0.09489425 0.12930468 0.88249457 0.25406003 0.12409144
0.191 0.1093118 0.9868021 0.1492462 0.09561435 0.12970375 0.88212454 0.25412032 0.12437097
0.1915 0.110159 0.9870535 0.1491224 0.09633791 0.13010095 0.8817477 0.25417742 0.12464807
0.192 0.1110102 0.9873039 0.1490068 0.09706465 0.13049614 0.881364 0.25423115 0.1249227
0.1925 0.1118616 0.9875534 0.1488993 0.09772448 0.13088958 0.88097286 0.25428146 0.12519482
0.193 0.1127001 0.9878019 0.1487982 0.09832948 0.13128117 0.88057494 0.25432846 0.12546459
0.1935 0.1135376 0.9880493 0.1487039 0.09896878 0.13167085 0.88017 0.2543723 0.12573186
0.194 0.1143844 0.9882957 0.1486177 0.09964349 0.13205865 0.87975776 0.25441256 0.12599656
0.1945 0.1152424 0.9885413 0.1485399 0.1003458 0.1324446 0.8793386 0.2544496 0.12625891
0.195 0.1161101 0.9887861 0.1484702 0.1010688 0.13282873 0.8789121 0.25448325 0.12651876
0.1955 0.1169851 0.9890302 0.1484083 0.1018071 0.13321114 0.8784784 0.25451356 0.12677625
0.196 0.1178655 0.9892738 0.1483538 0.1025569 0.13359164 0.8780376 0.25454047 0.12703127
0.1965 0.11875 0.9895168 0.1483065 0.1033151 0.13397036 0.87758934 0.25456417 0.12728378
0.197 0.1196377 0.9897594 0.1482661 0.1040797 0.13434722 0.87713385 0.25458425 0.12753382
0.1975 0.1205281 0.9900016 0.1482324 0.1048489 0.1347224 0.87667084 0.254601 0.12778151
0.198 0.1214209 0.9902433 0.1482052 0.1056214 0.1350957 0.87620056 0.2546143 0.12802675
0.1985 0.1223107 0.9904839 0.1481842 0.1063925 0.13546722 0.8757229 0.2546243 0.12826952
0.199 0.1231845 0.9907221 0.1481669 0.1071547 0.135837 0.8752376 0.2546307 0.12850979
0.1995 0.1240568 0.9909592 0.1481547 0.1079173 0.13620505 0.8747448 0.25463393 0.12874779
0.2 0.1249384 0.991196 0.1481492 0.1086844 0.04349348 0.77364993 0.29799703 0.09640963
0.2005 0.1159277 0.9810303 0.1472151 0.1043272 0.028222762 0.6610279 0.20187351 0.014990099
0.201 0.1047081 0.965658 0.1452412 0.09980895 0.051028498 0.78218603 0.27660048 0.13783684
0.2015 0.09755017 0.9480329 0.1434069 0.09641817 0.08418978 0.6439872 0.26488012 0.05734419
0.202 0.09312341 0.9292431 0.1417385 0.09345878 0.053090557 0.7538154 0.25711572 0.022999853
0.2025 0.09007026 0.9098189 0.1401291 0.0906698 0.02197012 0.6785071 0.31125078 0.089727305
0.203 0.0876609 0.890051 0.1385178 0.0879744 0.07283758 0.67378366 0.25092268 0.08929125
0.2035 0.08555333 0.8701214 0.1368801 0.0853492 0.078556776 0.6923218 0.30474678 0.05765952
0.204 0.08359354 0.8501565 0.1352091 0.08278573 0.054311275 0.72638 0.31633118 0.07117915
0.2045 0.0817125 0.8302513 0.133505 0.08028001 0.054837666 0.6686481 0.30501866 0.07676343
0.205 0.0798788 0.8104797 0.1317706 0.07782958 0.076266356 0.68894434 0.31803986 0.083798595
0.2055 0.07807779 0.7909004 0.1300097 0.07543252 0.079699196 0.6962837 0.33680636 0.079743914
0.206 0.07630242 0.7715604 0.1282259 0.07308719 0.073116094 0.6999106 0.33825466 0.07583267
0.2065 0.07454912 0.7524966 0.1264228 0.07079206 0.07321824 0.6841767 0.35325986 0.084351204
0.207 0.072816 0.7337383 0.1246034 0.06854572 0.08557457 0.6843039 0.354865 0.09048619
0.2075 0.07110204 0.7153082 0.1227708 0.06634676 0.090069 0.6856512 0.3668177 0.084424086
0.208 0.0694066 0.6972231 0.1209274 0.06419387 0.08667773 0.68440413 0.37589216 0.08612127
0.2085 0.06772929 0.6794958 0.1190755 0.06208574 0.0904787 0.6706255 0.3821937 0.091577254
0.209 0.06606985 0.6621347 0.1172173 0.06002112 0.09595631 0.6648136 0.38624963 0.09242191
0.2095 0.0644281 0.6451455 0.1153545 0.05799881 0.09955237 0.6573962 0.39506942 0.09150631
0.21 0.06280387 0.6285309 0.1134889 0.05601762 0.09907198 0.6483904 0.3984465 0.09227041
0.2105 0.06119704 0.6122917 0.1116219 0.05407643 0.1012157 0.63225627 0.4035891 0.09424772
0.211 0.05960751 0.5964268 0.109755 0.05217413 0.103783235 0.6193371 0.4056626 0.0952915
0.2115 0.05803516 0.5809336 0.1078894 0.05030967 0.1054436 0.6043236 0.4093112 0.09421118
0.212 0.05647992 0.5658083 0.1060262 0.04848201 0.10434083 0.58890605 0.41005325 0.09377851
0.2125 0.05494167 0.5510465 0.1041665 0.04669017 0.10477562 0.56915987 0.41145894 0.09425648
0.213 0.05342033 0.5366425 0.1023113 0.04493319 0.104540616 0.55216 0.4107693 0.09379793
0.2135 0.05191581 0.5225904 0.1004613 0.04321015 0.103660546 0.53345835 0.41058028 0.09211356
0.214 0.050428 0.5088837 0.09861752 0.04152017 0.101558946 0.51574165 0.40836176 0.09073045
0.2145 0.04895682 0.4955156 0.09678057 0.03986237 0.09992494 0.49671987 0.4065044 0.08955941
0.215 0.04750215 0.482479 0.09495115 0.03823594 0.09785038 0.4800307 0.4033097 0.08803945
0.2155 0.04606391 0.4697666 0.09312992 0.03664008 0.095567 0.46321344 0.4002191 0.08588601
0.216 0.04464199 0.4573711 0.09131744 0.03507402 0.09279233 0.44805333 0.39606765 0.08389514
0.2165 0.04323629 0.4452852 0.08951427 0.033537 0.090302825 0.43299946 0.3920688 0.0820157
0.217 0.0418467 0.4335013 0.08772089 0.03202832 0.087696955 0.41986564 0.38744438 0.08006378
0.2175 0.0404731 0.4220122 0.08593778 0.03054728 0.08511253 0.4071951 0.38294458 0.0778975
0.218 0.0391154 0.4108104 0.08416536 0.0290932 0.08243291 0.3958584 0.3780049 0.07586635
0.2185 0.03777348 0.3998888 0.08240402 0.02766545 0.07995249 0.38494527 0.37322807 0.07390363
0.219 0.03644721 0.3892403 0.08065413 0.0262634 0.07749188 0.37523073 0.36825147 0.07198276
0.2195 0.0351365 0.3788577 0.07891603 0.02488643 0.075121626 0.36592928 0.36342326 0.07001736
0.22 0.03384122 0.3687342 0.07719004 0.02353398 0.07277058 0.35745007 0.35848185 0.068144254
0.2205 0.03256125 0.3588632 0.07547644 0.02220546 0.07054739 0.34929293 0.35369167 0.06632016
0.221 0.03129646 0.3492378 0.0737755 0.02090034 0.068372115 0.34179318 0.34887528 0.06454592
0.2215 0.03004675 0.3398517 0.07208747 0.01961808 0.06627321 0.3345628 0.34419036 0.06277654
0.222 0.02881198 0.3306986 0.07041256 0.01835818 0.06421228 0.32778865 0.3395064 0.06106446
0.2225 0.02759202 0.3217723 0.06875099 0.01712012 0.0622285 0.32121962 0.33493376 0.059382297
0.223 0.02638677 0.3130669 0.06710295 0.01590343 0.06028472 0.31500262 0.33038583 0.057735823
0.2235 0.02519607 0.3045763 0.0654686 0.01470765 0.058392435 0.30895048 0.3259272 0.05610209
0.224 0.02401982 0.296295 0.06384811 0.01353232 0.05653152 0.30314872 0.3214934 0.05449999
0.2245 0.02285788 0.2882174 0.06224161 0.01237699 0.054714978 0.29747427 0.3171285 0.05291494
0.225 0.02171012 0.2803381 0.06064923 0.01124125 0.052925795 0.2919892 0.31278786 0.051350094
0.2255 0.0205764 0.2726519 0.05907109 0.01012467 0.05116746 0.28660432 0.3084965 0.049793594
0.226 0.01945661 0.2651536 0.05750728 0.009026859 0.049429312 0.28135544 0.3042214 0.04825192
0.2265 0.01835061 0.2578382 0.05595789 0.00794742 0.047715276 0.27618217 0.29997817 0.04671719
0.227 0.01725827 0.250701 0.05442299 0.006885972 0.046016604 0.27110887 0.2957429 0.04519009
0.2275 0.01617945 0.2437371 0.05290266 0.005842148 0.04433371 0.26609144 0.29152375 0.043664493
0.228 0.01511403 0.2369422 0.05139695 0.004815585 0.042660773 0.261143 0.28730226 0.042141847
0.2285 0.01406187 0.2303116 0.04990589 0.003805934 0.040997952 0.2562325 0.2830823 0.04061749
0.229 0.01302284 0.2238411 0.04842954 0.002812855 0.039340615 0.25136757 0.2788499 0.03909097
0.2295 0.01199681 0.2175266 0.04696791 0.001836016 0.037687927 0.24652511 0.2746057 0.037558652
0.23 0.01098365 0.2113638 0.04552102 0.0008750929 0.036036223 0.2417081 0.27033854 0.036020227
0.2305 0.009983215 0.2053489 0.04408888 -7.02282e-05 0.034384727 0.23689914 0.2660469 0.034472503
0.231 0.008995384 0.199478 0.04267149 -0.001000254 0.03273034 0.23209912 0.26172215 0.032914646
0.2315 0.008020022 0.1937474 0.04126885 -0.001915283 0.03107199 0.2272945 0.25736138 0.031344034
0.232 0.007056999 0.1881533 0.03988094 -0.002815608 0.029407233 0.22248395 0.2529569 0.029759757
0.2325 0.006106182 0.1826923 0.03850774 -0.003701511 0.027734965 0.2176571 0.2485053 0.028159656
0.233 0.005167442 0.177361 0.03714924 -0.00457327 0.02605316 0.21281165 0.24399999 0.026542552
0.2335 0.004240647 0.1721559 0.03580539 -0.005431155 0.024360627 0.20793913 0.2394369 0.024906553
0.234 0.003325667 0.1670739 0.03447616 -0.00627543 0.02265586 0.20303671 0.23481032 0.023250677
0.2345 0.002422373 0.1621117 0.0331615 -0.007106352 0.020937726 0.19809754 0.23011607 0.021573357
0.235 0.001530635 0.1572663 0.03186138 -0.007924172 0.01920496 0.19311866 0.22534889 0.019873522
0.2355 0.0006503262 0.1525348 0.03057573 -0.008729135 0.017456785 0.18809433 0.22050482 0.01814995
0.236 -0.0002186823 0.1479141 0.0293045 -0.009521481 0.015692145 0.18302181 0.21557906 0.016401745
0.2365 -0.001076517 0.1434015 0.02804763 -0.01030144 0.013910651 0.17789647 0.21056792 0.0146281645
0.237 -0.001923306 0.1389943 0.02680505 -0.01106925 0.012111485 0.17271598 0.20546767 0.012828521
0.2375 -0.002759174 0.1346896 0.0255767 -0.01182513 0.010294646 0.16747688 0.2002747 0.011002369
0.238 -0.003584245 0.1304851 0.02436249 -0.01256929 0.00845997 0.16217731 0.19498602 0.009149395
0.2385 -0.004398646 0.126378 0.02316235 -0.01330195 0.006607607 0.15681516 0.1895994 0.0072697923
0.239 -0.005202498 0.122366 0.02197621 -0.01402332 0.004738003 0.15138958 0.18411243 0.0053637847
0.2395 -0.005995926 0.1184467 0.02080397 -0.0147336 0.0028519481 0.14589962 0.17852405 0.003432043
0.24 -0.00677905 0.1146177 0.01964556 -0.015433 0.00095039606 0.1403458 0.17283347 0.001475431
0.2405 -0.007551992 0.1108768 0.01850088 -0.01612169 -0.0009651929 0.13472848 0.1670408 -0.0005047545
0.241 -0.008314872 0.1072218 0.01736985 -0.01679989 -0.0028931946 0.12904996 0.16114715 -0.0025066212
0.2415 -0.009067809 0.1036504 0.01625237 -0.01746776 -0.0048314333 0.12331253 0.15515456 -0.004528068
0.242 -0.009810923 0.1001608 0.01514834 -0.0181255 -0.0067774206 0.117519975 0.14906625 -0.0065664276
0.2425 -0.01054433 0.09675068 0.01405767 -0.01877329 -0.008728281 0.111677006 0.14288634 -0.008618705
0.243 -0.01126815 0.09341823 0.01298026 -0.01941129 -0.01068078 0.1057892 0.13662067 -0.010680996
0.2435 -0.01198249 0.09016149 0.011916 -0.02003968 -0.012631014 0.09986366 0.13027602 -0.012749411
0.244 -0.01268747 0.08697859 0.0108648 -0.02065862 -0.014575094 0.09390864 0.12386106 -0.014819197
0.2445 -0.01338321 0.08386769 0.009826551 -0.02126828 -0.01650846 0.08793318 0.1173853 -0.016885363
0.245 -0.01406981 0.08082703 0.008801143 -0.02186883 -0.018426359 0.08194798 0.11086041 -0.018942215
0.2455 -0.01474739 0.07785488 0.007788472 -0.02246041 -0.020323738 0.07596469 0.104299136 -0.020983823
0.246 -0.01541606 0.07494956 0.006788429 -0.02304317 -0.022195265 0.06999576 0.09771544 -0.023003928
0.2465 -0.01607593 0.07210943 0.005800905 -0.02361728 -0.024035513 0.064055204 0.091125295 -0.02499596
0.247 -0.0167271 0.0693329 0.004825791 -0.02418288 -0.02583903 0.05815755 0.08454494 -0.026953317
0.2475 -0.01736969 0.06661842 0.003862974 -0.02474011 -0.027600378 0.052317917 0.07799253 -0.028869145
0.248 -0.0180038 0.06396447 0.002912344 -0.02528911 -0.029314175 0.046552032 0.07148637 -0.030736886
0.2485 -0.01862954 0.06136959 0.001973788 -0.02583002 -0.030975431 0.04087603 0.0650455 -0.03255018
0.249 -0.01924701 0.05883234 0.001047193 -0.02636298 -0.032579377 0.035305843 0.058689423 -0.034302972
0.2495 -0.01985632 0.05635132 0.000132445 -0.02688812 -0.03412181 0.029856935 0.052437 -0.035989664
0.25 -0.02045757 0.05392518 -0.0007705693 -0.02740558 -0.035598874 0.024544686 0.046307415 -0.037605263
0.2505 -0.02105085 0.05155259 -0.001661964 -0.02791547 -0.037007585 0.019383281 0.040318504 -0.03914579
0.251 -0.02163628 0.04923227 -0.002541855 -0.02841792 -0.038345426 0.014386028 0.03448742 -0.04060767
0.2515 -0.02221394 0.04696295 -0.003410355 -0.02891306 -0.03961079 0.009564817 0.028829932 -0.041988544
0.252 -0.02278394 0.04474342 -0.004267581 -0.02940101 -0.040802523 0.0049297214 0.023360007 -0.043286584
0.2525 -0.02334638 0.04257248 -0.005113646 -0.02988188 -0.041920483 0.00048968196 0.018090077 -0.044501267
0.253 -0.02390135 0.04044897 -0.005948666 -0.0303558 -0.04296504 -0.0037485063 0.01303038 -0.045632787
0.2535 -0.02444894 0.03837175 -0.006772755 -0.03082287 -0.043937325 -0.007780105 0.0081891045 -0.046682112
0.254 -0.02498926 0.03633974 -0.00758603 -0.0312832 -0.044839054 -0.011601895 0.0035724863 -0.04765109
0.2545 -0.02552239 0.03435185 -0.008388603 -0.03173691 -0.045672372 -0.015212983 -0.0008156225 -0.048542254
0.255 -0.02604843 0.03240704 -0.00918059 -0.03218409 -0.04644002 -0.018613726 -0.0049733967 -0.049358644
0.2555 -0.02656747 0.03050428 -0.009962106 -0.03262487 -0.04714486 -0.021806568 -0.008900784 -0.05010373
0.256 -0.02707959 0.02864259 -0.01073326 -0.03305933 -0.047790363 -0.024795145 -0.012599602 -0.05078148
0.2565 -0.02758489 0.02682099 -0.01149418 -0.03348759 -0.04837984 -0.02758485 -0.016073667 -0.05139605
0.257 -0.02808346 0.02503855 -0.01224496 -0.03390973 -0.048916936 -0.030181855 -0.019327663 -0.051951684
0.2575 -0.02857538 0.02329433 -0.01298572 -0.03432586 -0.049405277 -0.032593578 -0.02236808 -0.052452825
0.258 -0.02906074 0.02158745 -0.01371658 -0.03473608 -0.049848363 -0.0348278 -0.025202036 -0.0529036
0.2585 -0.02953962 0.01991703 -0.01443764 -0.03514046 -0.050249815 -0.03689301 -0.027837723 -0.0533083
0.259 -0.03001211 0.01828222 -0.01514903 -0.03553912 -0.050612867 -0.038798243 -0.030283965 -0.05367107
0.2595 -0.0304783 0.01668219 -0.01585084 -0.03593214 -0.05094096 -0.040552825 -0.032549724 -0.053995706
0.26 -0.03093826 0.01511612 -0.01654319 -0.0363196 -0.051237047 -0.04216531 -0.03464459 -0.054285817
0.2605 -0.03139207 0.01358324 -0.01722618 -0.03670159 -0.05150397 -0.04364559 -0.036578223 -0.05454489
0.261 -0.03183982 0.01208277 -0.01789994 -0.03707821 -0.051744536 -0.045002133 -0.03836032 -0.054776035
0.2615 -0.03228159 0.01061396 -0.01856456 -0.03744952 -0.051961184 -0.046243876 -0.040000074 -0.054982044
0.262 -0.03271744 0.009176071 -0.01922016 -0.03781562 -0.052156195 -0.047379047 -0.041507207 -0.055165716
0.2625 -0.03314747 0.007768403 -0.01986684 -0.03817659 -0.052331686 -0.04841593 -0.042890437 -0.055329405
0.263 -0.03357175 0.006390255 -0.02050471 -0.0385325 -0.052489653 -0.049362063 -0.044158667 -0.055475302
0.2635 -0.03399035 0.00504095 -0.02113387 -0.03888344 -0.052631736 -0.050224632 -0.045320213 -0.055605225
0.264 -0.03440335 0.003719825 -0.02175443 -0.03922947 -0.052759632 -0.05101052 -0.046383113 -0.05572111
0.2645 -0.03481082 0.002426236 -0.02236649 -0.03957068 -0.052874655 -0.051725954 -0.047354735 -0.055824466
0.265 -0.03521284 0.001159554 -0.02297016 -0.03990714 -0.052978233 -0.052376956 -0.048242427 -0.05591669
0.2655 -0.03560947 -8.083419e-05 -0.02356554 -0.04023892 -0.053071484 -0.052969128 -0.04905261 -0.05599899
0.266 -0.0360008 -0.001295527 -0.02415273 -0.04056609 -0.053155437 -0.053507417 -0.049791805 -0.056072526
0.2665 -0.03638688 -0.002485109 -0.02473183 -0.04088872 -0.053231 -0.053996593 -0.05046574 -0.05613821
0.267 -0.03676779 -0.003650148 -0.02530295 -0.04120689 -0.05329916 -0.054440856 -0.05107963 -0.05619695
0.2675 -0.03714359 -0.0047912 -0.02586618 -0.04152065 -0.05336052 -0.05484441 -0.051638752 -0.056249507
0.268 -0.03751437 -0.005908806 -0.02642162 -0.04183008 -0.053415775 -0.05521062 -0.052147746 -0.05629658
0.2685 -0.03788017 -0.007003496 -0.02696937 -0.04213524 -0.053465664 -0.055543035 -0.052610815 -0.05633878
0.269 -0.03824107 -0.008075784 -0.02750952 -0.04243619 -0.05351068 -0.055844814 -0.053032182 -0.05637663
0.2695 -0.03859713 -0.009126174 -0.02804217 -0.042733 -0.053551257 -0.056118637 -0.053415082 -0.0564105
0.27 -0.03894842 -0.01015516 -0.02856743 -0.04302573 -0.053587884 -0.05636695 -0.053763352 -0.056441
0.2705 -0.039295 -0.01116321 -0.02908537 -0.04331444 -0.05362095 -0.056592166 -0.05407966 -0.056468375
0.271 -0.03963693 -0.0121508 -0.0295961 -0.04359919 -0.053650826 -0.05679646 -0.054367036 -0.05649302
0.2715 -0.03997428 -0.01311839 -0.0300997 -0.04388003 -0.053677738 -0.056981713 -0.054628074 -0.056515105
0.272 -0.04030711 -0.01406642 -0.03059628 -0.04415704 -0.05370216 -0.05714968 -0.054865144 -0.056535013
0.2725 -0.04063547 -0.01499532 -0.03108591 -0.04443026 -0.053724095 -0.057302088 -0.055080406 -0.056552984
0.273 -0.04095943 -0.01590552 -0.0315687 -0.04469974 -0.053744063 -0.05744019 -0.055275723 -0.05656918
0.2735 -0.04127904 -0.01679742 -0.03204472 -0.04496556 -0.053762034 -0.05756548 -0.055453047 -0.05658374
0.274 -0.04159437 -0.01767145 -0.03251407 -0.04522775 -0.053778306 -0.05767888 -0.055613972 -0.056596808
0.2745 -0.04190547 -0.01852798 -0.03297683 -0.04548637 -0.05379297 -0.057781786 -0.055759892 -0.0566087
0.275 -0.04221239 -0.01936741 -0.03343309 -0.04574147 -0.05380632 -0.057875007 -0.05589234 -0.0566194
0.2755 -0.0425152 -0.0201901 -0.03388294 -0.04599311 -0.053818345 -0.057959646 -0.056012467 -0.05662901
0.276 -0.04281395 -0.02099643 -0.03432646 -0.04624134 -0.053829223 -0.05803618 -0.056121424 -0.056637697
0.2765 -0.04310869 -0.02178675 -0.03476373 -0.0464862 -0.053839073 -0.058105618 -0.05622024 -0.05664561
0.277 -0.04339948 -0.02256142 -0.03519484 -0.04672774 -0.053847954 -0.0581685 -0.05630984 -0.056652717
0.2775 -0.04368637 -0.02332077 -0.03561987 -0.04696602 -0.053856105 -0.05822563 -0.056391127 -0.056659155
0.278 -0.04396941 -0.02406513 -0.0360389 -0.04720108 -0.053863436 -0.0582774 -0.056464903 -0.05666495
0.2785 -0.04424865 -0.02479484 -0.03645201 -0.04743296 -0.053869992 -0.058324248 -0.05653175 -0.05667021
0.279 -0.04452415 -0.0255102 -0.03685927 -0.04766172 -0.053875968 -0.058366686 -0.05659228 -0.056674935
0.2795 -0.04479595 -0.02621154 -0.03726078 -0.04788739 -0.053881437 -0.05840516 -0.056647234 -0.05667924
0.28 -0.04506411 -0.02689914 -0.0376566 -0.04811003 -0.05388628 -0.05844018 -0.056697138 -0.05668319
0.2805 -0.04532867 -0.02757331 -0.03804681 -0.04832967 -0.053890765 -0.05847159 -0.056742094 -0.056686662
0.281 -0.04558969 -0.02823434 -0.03843148 -0.04854635 -0.053894818 -0.05850038 -0.05678319 -0.05668988
0.2815 -0.0458472 -0.0288825 -0.0388107 -0.04876013 -0.053898484 -0.058526427 -0.056820206 -0.056692757
0.282 -0.04610127 -0.02951808 -0.03918453 -0.04897104 -0.053901747 -0.05854991 -0.056853913 -0.05669535
0.2825 -0.04635192 -0.03014133 -0.03955305 -0.04917912 -0.053904727 -0.05857122 -0.05688431 -0.056697704
0.283 -0.04659922 -0.03075253 -0.03991634 -0.04938442 -0.05390741 -0.058590442 -0.056912027 -0.056699805
0.2835 -0.0468432 -0.03135193 -0.04027445 -0.04958696 -0.053909898 -0.058608025 -0.05693697 -0.056701787
0.284 -0.04708391 -0.03193978 -0.04062747 -0.0497868 -0.053912163 -0.05862394 -0.05695977 -0.056703545
0.2845 -0.04732139 -0.03251633 -0.04097546 -0.04998397 -0.05391413 -0.058638364 -0.05698026 -0.056705125
0.285 -0.04755569 -0.03308181 -0.04131849 -0.05017851 -0.053915933 -0.0586513 -0.0569989 -0.056706555
0.2855 -0.04778685 -0.03363646 -0.04165663 -0.05037045 -0.05391766 -0.05866316 -0.05701577 -0.05670785
0.286 -0.04801491 -0.03418051 -0.04198995 -0.05055983 -0.053919107 -0.05867389 -0.057031266 -0.05670906
0.2865 -0.04823992 -0.03471418 -0.04231851 -0.05074669 -0.053920478 -0.058683544 -0.057045005 -0.056710117
0.287 -0.04846191 -0.03523768 -0.04264238 -0.05093106 -0.053921744 -0.058692247 -0.057057522 -0.056711055
0.2875 -0.04868093 -0.03575124 -0.04296163 -0.05111298 -0.053922787 -0.058700293 -0.057068996 -0.056711935
0.288 -0.04889701 -0.03625505 -0.04327631 -0.05129248 -0.05392386 -0.058707446 -0.057079308 -0.05671277
0.2885 -0.0491102 -0.03674932 -0.04358649 -0.0514696 -0.053924754 -0.05871412 -0.057088755 -0.05671347
0.289 -0.04932054 -0.03723426 -0.04389224 -0.05164437 -0.05392556 -0.058720052 -0.05709716 -0.056714065
0.2895 -0.04952805 -0.03771005 -0.04419361 -0.05181682 -0.053926304 -0.058725297 -0.05710485 -0.056714706
0.29 -0.04973279 -0.03817688 -0.04449066 -0.05198698 -0.05392699 -0.058730215 -0.057111852 -0.056715198
0.2905 -0.04993479 -0.03863495 -0.04478346 -0.05215489 -0.05392763 -0.058734626 -0.0571182 -0.056715705
0.291 -0.05013408 -0.03908442 -0.04507207 -0.05232058 -0.05392818 -0.05873862 -0.057123892 -0.056716166
0.2915 -0.05033071 -0.03952549 -0.04535654 -0.05248408 -0.05392866 -0.058742315 -0.057129093 -0.056716524
0.292 -0.0505247 -0.03995831 -0.04563694 -0.05264541 -0.05392912 -0.058745593 -0.057133786 -0.05671691
0.2925 -0.0507161 -0.04038307 -0.04591331 -0.05280462 -0.053929538 -0.058748513 -0.057138048 -0.056717224
0.293 -0.05090493 -0.04079992 -0.04618572 -0.05296172 -0.05392997 -0.058751315 -0.057141893 -0.056717552
0.2935 -0.05109124 -0.04120903 -0.04645422 -0.05311675 -0.053930283 -0.05875376 -0.05714541 -0.056717806
0.294 -0.05127506 -0.04161055 -0.04671886 -0.05326974 -0.05393064 -0.058756024 -0.05714857 -0.05671806
0.2945 -0.05145642 -0.04200465 -0.04697971 -0.05342071 -0.05393085 -0.05875793 -0.057151474 -0.056718238
0.295 -0.05163535 -0.04239146 -0.0472368 -0.05356969 -0.053931102 -0.05875978 -0.05715408 -0.05671846
0.2955 -0.05181189 -0.04277115 -0.04749021 -0.05371671 -0.05393137 -0.05876136 -0.057156406 -0.056718655
0.296 -0.05198607 -0.04314385 -0.04773997 -0.0538618 -0.05393155 -0.058762968 -0.05715861 -0.056718804
0.2965 -0.05215792 -0.04350971 -0.04798615 -0.05400498 -0.053931743 -0.05876419 -0.05716046 -0.056718953
0.297 -0.05232747 -0.04386886 -0.04822878 -0.05414628 -0.05393198 -0.0587655 -0.057162248 -0.05671913
0.2975 -0.05249476 -0.04422144 -0.04846793 -0.05428572 -0.05393207 -0.058766693 -0.057163976 -0.056719176
0.298 -0.05265981 -0.04456758 -0.04870363 -0.05442334 -0.05393219 -0.058767587 -0.057165287 -0.05671931
0.2985 -0.05282266 -0.04490741 -0.04893595 -0.05455915 -0.053932354 -0.05876848 -0.057166614 -0.056719445
0.299 -0.05298333 -0.04524106 -0.04916492 -0.05469317 -0.053932473 -0.058769315 -0.05716779 -0.05671949
0.2995 -0.05314186 -0.04556864 -0.0493906 -0.05482545 -0.053932548 -0.05876994 -0.05716891 -0.05671955
0.3 -0.05329826 -0.04589029 -0.04961303 -0.05495599 -0.053932667 -0.058770806 -0.057169788 -0.05671967
0.3005 -0.05345258 -0.04620612 -0.04983225 -0.05508482 -0.053932726 -0.058771282 -0.05717068 -0.056719743
0.301 -0.05360484 -0.04651624 -0.05004832 -0.05521197 -0.05393283 -0.058771938 -0.05717156 -0.056719817
0.3015 -0.05375507 -0.04682078 -0.05026128 -0.05533745 -0.05393289 -0.058772445 -0.05717226 -0.056719862
0.302 -0.05390329 -0.04711983 -0.05047118 -0.05546129 -0.05393292 -0.05877292 -0.057172857 -0.056719877
0.3025 -0.05404953 -0.04741351 -0.05067804 -0.05558352 -0.053932995 -0.05877325 -0.057173483 -0.05671992
0.303 -0.05419382 -0.04770192 -0.05088193 -0.05570415 -0.05393307 -0.058773696 -0.05717399 -0.05671998
0.3035 -0.05433619 -0.04798517 -0.05108289 -0.05582321 -0.053933144 -0.058774143 -0.057174556 -0.05672004
0.304 -0.05447666 -0.04826336 -0.05128094 -0.05594071 -0.05393313 -0.058774382 -0.0571749 -0.056720056
0.3045 -0.05461525 -0.04853658 -0.05147614 -0.05605668 -0.05393319 -0.05877456 -0.05717533 -0.056720056
0.305 -0.054752 -0.04880495 -0.05166853 -0.05617114 -0.053933218 -0.05877492 -0.057175763 -0.05672013
0.3055 -0.05488692 -0.04906854 -0.05185815 -0.05628411 -0.053933278 -0.058775038 -0.057175986 -0.05672016
0.306 -0.05502005 -0.04932745 -0.05204503 -0.05639561 -0.053933337 -0.058775246 -0.05717627 -0.05672016
0.3065 -0.0551514 -0.04958178 -0.05222922 -0.05650566 -0.053933337 -0.058775485 -0.057176612 -0.05672019
0.307 -0.055281 -0.04983162 -0.05241076 -0.05661427 -0.053933352 -0.058775634 -0.05717685 -0.05672022
0.3075 -0.05540887 -0.05007704 -0.05258968 -0.05672148 -0.053933382 -0.058775872 -0.05717706 -0.056720205
0.308 -0.05553504 -0.05031814 -0.05276601 -0.05682729 -0.053933397 -0.058775872 -0.05717724 -0.056720205
0.3085 -0.05565953 -0.050555 -0.05293981 -0.05693172 -0.05393341 -0.05877605 -0.05717746 -0.05672028
0.309 -0.05578236 -0.05078771 -0.0531111 -0.0570348 -0.053933397 -0.05877599 -0.057177566 -0.05672028
0.3095 -0.05590355 -0.05101633 -0.05327993 -0.05713654 -0.0539335 -0.05877632 -0.05717776 -0.05672031
0.31 -0.05602314 -0.05124095 -0.05344631 -0.05723696 -0.05393344 -0.05877638 -0.057177894 -0.056720264
0.3105 -0.05614113 -0.05146165 -0.0536103 -0.05733608 -0.05393347 -0.05877638 -0.057178043 -0.05672028
0.311 -0.05625755 -0.05167851 -0.05377193 -0.05743391 -0.05393344 -0.058776647 -0.057178132 -0.056720264
0.3115 -0.05637242 -0.05189158 -0.05393122 -0.05753047 -0.0539335 -0.058776587 -0.057178266 -0.05672028
0.312 -0.05648576 -0.05210096 -0.05408822 -0.05762579 -0.05393344 -0.058776706 -0.057178386 -0.056720324
0.3125 -0.0565976 -0.0523067 -0.05424296 -0.05771987 -0.053933546 -0.058776736 -0.05717834 -0.056720324
0.313 -0.05670794 -0.05250888 -0.05439546 -0.05781273 -0.053933516 -0.058776855 -0.05717849 -0.05672031
0.3135 -0.05681682 -0.05270756 -0.05454577 -0.05790439 -0.05393356 -0.058776885 -0.05717858 -0.05672037
0.314 -0.05692426 -0.05290282 -0.05469391 -0.05799486 -0.0539335 -0.058776945 -0.05717867 -0.056720354
0.3145 -0.05703026 -0.05309471 -0.05483992 -0.05808416 -0.053933546 -0.058776945 -0.05717873 -0.05672037
0.315 -0.05713486 -0.0532833 -0.05498382 -0.05817231 -0.0539335 -0.058776885 -0.057178713 -0.05672037
0.3155 -0.05723807 -0.05346864 -0.05512564 -0.05825932 -0.05393353 -0.058776915 -0.057178818 -0.0567204
0.316 -0.0573399 -0.05365082 -0.05526543 -0.0583452 -0.053933546 -0.058777064 -0.057178877 -0.05672037
0.3165 -0.05744039 -0.05382987 -0.0554032 -0.05842998 -0.05393356 -0.058777064 -0.057178818 -0.056720324
0.317 -0.05753953 -0.05400586 -0.05553898 -0.05851366 -0.053933576 -0.058777064 -0.057178937 -0.05672037
0.3175 -0.05763737 -0.05417885 -0.05567281 -0.05859626 -0.053933576 -0.058777064 -0.057178937 -0.056720383
0.318 -0.0577339 -0.05434889 -0.05580471 -0.0586778 -0.053933546 -0.058777064 -0.057178907 -0.05672037
0.3185 -0.05782915 -0.05451604 -0.05593471 -0.05875828 -0.05393353 -0.058777183 -0.057178997 -0.056720354
0.319 -0.05792314 -0.05468036 -0.05606284 -0.05883773 -0.053933546 -0.058777183 -0.057178997 -0.056720354
0.3195 -0.05801588 -0.05484188 -0.05618912 -0.05891615 -0.053933546 -0.058777213 -0.05717901 -0.056720383
0.32 -0.05810739 -0.05500068 -0.05631359 -0.05899356 -0.053933516 -0.058777213 -0.057179026 -0.05672037
0.3205 -0.05819769 -0.05515678 -0.05643626 -0.05906997 -0.053933576 -0.058777243 -0.057179056 -0.0567204
0.321 -0.05828679 -0.05531026 -0.05655717 -0.0591454 -0.05393359 -0.058777213 -0.057179026 -0.056720383
0.3215 -0.0583747 -0.05546115 -0.05667633 -0.05921986 -0.05393356 -0.058777243 -0.057179116 -0.056720383
0.322 -0.05846146 -0.0556095 -0.05679378 -0.05929336 -0.053933576 -0.058777303 -0.057179116 -0.056720413
0.3225 -0.05854706 -0.05575536 -0.05690955 -0.05936591 -0.053933576 -0.058777362 -0.057179056 -0.056720383
0.323 -0.05863153 -0.05589878 -0.05702364 -0.05943753 -0.053933576 -0.058777243 -0.057179056 -0.05672037
0.3235 -0.05871488 -0.05603979 -0.0571361 -0.05950823 -0.05393356 -0.058777303 -0.057179116 -0.056720383
0.324 -0.05879712 -0.05617845 -0.05724693 -0.05957802 -0.05393356 -0.058777243 -0.057179086 -0.0567204
0.3245 -0.05887828 -0.05631479 -0.05735618 -0.05964692 -0.053933576 -0.058777243 -0.057179086 -0.056720413
0.325 -0.05895836 -0.05644886 -0.05746385 -0.05971493 -0.05393359 -0.058777332 -0.0571791 -0.056720413
0.3255 -0.05903738 -0.0565807 -0.05756997 -0.05978206 -0.05393359 -0.058777243 -0.057179116 -0.056720383
0.326 -0.05911535 -0.05671035 -0.05767457 -0.05984833 -0.053933576 -0.058777303 -0.057179086 -0.056720383
0.3265 -0.05919229 -0.05683785 -0.05777767 -0.05991375 -0.05393359 -0.058777273 -0.0571791 -0.0567204
0.327 -0.05926822 -0.05696324 -0.05787928 -0.05997834 -0.053933546 -0.058777303 -0.057179116 -0.05672037
0.3275 -0.05934314 -0.05708655 -0.05797943 -0.06004209 -0.053933576 -0.058777243 -0.05717913 -0.056720413
0.328 -0.05941707 -0.05720783 -0.05807815 -0.06010502 -0.05393356 -0.058777332 -0.0571791 -0.0567204
0.3285 -0.05949002 -0.05732711 -0.05817545 -0.06016715 -0.05393356 -0.058777183 -0.0571791 -0.056720324
0.329 -0.059562 -0.05744442 -0.05827135 -0.06022848 -0.053933576 -0.058777213 -0.057179086 -0.056720383
0.3295 -0.05963304 -0.05755981 -0.05836587 -0.06028903 -0.05393353 -0.058777243 -0.05717907 -0.05672037
0.33 -0.05970313 -0.0576733 -0.05845904 -0.06034879 -0.05393356 -0.058777183 -0.057179086 -0.056720354
0.3305 -0.0597723 -0.05778493 -0.05855087 -0.0604078 -0.05393353 -0.058777124 -0.05717907 -0.05672034
0.331 -0.05984056 -0.05789473 -0.05864138 -0.06046604 -0.053933576 -0.058777243 -0.05717913 -0.0567204
0.3315 -0.05990791 -0.05800274 -0.0587306 -0.06052354 -0.053933546 -0.058777213 -0.0571791 -0.0567204
0.332 -0.05997438 -0.05810899 -0.05881854 -0.06058031 -0.05393356 -0.058777183 -0.057179086 -0.05672037
0.3325 -0.06003996 -0.0582135 -0.05890521 -0.06063635 -0.05393356 -0.058777243 -0.057179116 -0.0567204
0.333 -0.06010468 -0.05831632 -0.05899064 -0.06069167 -0.053933576 -0.058777303 -0.057179146 -0.0567204
0.3335 -0.06016855 -0.05841746 -0.05907485 -0.06074628 -0.05393356 -0.058777273 -0.057179116 -0.056720383
0.334 -0.06023157 -0.05851696 -0.05915785 -0.06080019 -0.05393356 -0.058777183 -0.057179146 -0.05672037
0.3345 -0.06029376 -0.05861485 -0.05923966 -0.06085341 -0.05393356 -0.058777303 -0.057179146 -0.0567204
0.335 -0.06035513 -0.05871116 -0.05932031 -0.06090596 -0.053933546 -0.058777303 -0.057179116 -0.05672034
0.3355 -0.06041569 -0.05880591 -0.05939979 -0.06095783 -0.053933546 -0.058777243 -0.057179146 -0.056720383
0.336 -0.06047545 -0.05889913 -0.05947814 -0.06100904 -0.053933546 -0.058777243 -0.057179116 -0.056720354
0.3365 -0.06053443 -0.05899084 -0.05955537 -0.06105959 -0.05393356 -0.058777183 -0.057179146 -0.05672037
0.337 -0.06059262 -0.05908109 -0.05963149 -0.0611095 -0.053933546 -0.058777183 -0.057179086 -0.056720354
0.3375 -0.06065005 -0.05916988 -0.05970652 -0.06115877 -0.05393353 -0.058777303 -0.05717919 -0.0567204
0.338 -0.06070672 -0.05925724 -0.05978049 -0.06120741 -0.053933546 -0.058777303 -0.057179146 -0.05672037
0.3385 -0.06076265 -0.05934321 -0.05985339 -0.06125543 -0.05393356 -0.058777273 -0.057179116 -0.05672037
0.339 -0.06081783 -0.0594278 -0.05992525 -0.06130283 -0.053933546 -0.058777303 -0.057179146 -0.056720354
0.3395 -0.0608723 -0.05951104 -0.05999609 -0.06134963 -0.05393353 -0.058777362 -0.057179175 -0.05672037
0.34 -0.06092604 -0.05959295 -0.06006591 -0.06139584 -0.053933546 -0.058777332 -0.057179175 -0.056720383
0.3405 -0.06097907 -0.05967355 -0.06013473 -0.06144145 -0.05393353 -0.058777273 -0.057179146 -0.05672037
0.341 -0.06103141 -0.05975287 -0.06020258 -0.06148648 -0.05393356 -0.058777243 -0.057179175 -0.056720413
0.3415 -0.06108306 -0.05983093 -0.06026945 -0.06153094 -0.053933546 -0.058777362 -0.05717919 -0.0567204
0.342 -0.06113403 -0.05990775 -0.06033537 -0.06157483 -0.05393353 -0.058777303 -0.057179175 -0.056720383
0.3425 -0.06118433 -0.05998335 -0.06040035 -0.06161816 -0.053933576 -0.058777273 -0.057179146 -0.0567204
0.343 -0.06123396 -0.06005776 -0.06046441 -0.06166094 -0.053933516 -0.058777332 -0.057179205 -0.05672037
0.3435 -0.06128295 -0.06013098 -0.06052755 -0.06170317 -0.05393356 -0.058777243 -0.057179146 -0.0567204
0.344 -0.06133129 -0.06020305 -0.06058979 -0.06174486 -0.05393359 -0.058777303 -0.05717913 -0.0567204
0.3445 -0.06137899 -0.06027399 -0.06065114 -0.06178603 -0.05393356 -0.058777362 -0.057179265 -0.056720413
0.345 -0.06142606 -0.0603438 -0.06071162 -0.06182667 -0.053933546 -0.058777273 -0.057179146 -0.056720324
0.3455 -0.06147252 -0.06041252 -0.06077124 -0.06186679 -0.053933546 -0.058777213 -0.057179175 -0.056720383
0.346 -0.06151837 -0.06048016 -0.06083001 -0.0619064 -0.053933576 -0.058777243 -0.057179175 -0.05672043
0.3465 -0.06156361 -0.06054674 -0.06088794 -0.0619455 -0.05393353 -0.058777243 -0.05717916 -0.056720383
0.347 -0.06160826 -0.06061227 -0.06094505 -0.06198411 -0.05393353 -0.058777362 -0.05717919 -0.05672037
0.3475 -0.06165232 -0.06067678 -0.06100134 -0.06202222 -0.053933546 -0.058777303 -0.057179175 -0.056720383
0.348 -0.06169581 -0.06074027 -0.06105684 -0.06205985 -0.053933546 -0.058777243 -0.057179175 -0.056720324
0.3485 -0.06173872 -0.06080278 -0.06111155 -0.06209701 -0.053933546 -0.058777183 -0.057179146 -0.056720383
0.349 -0.06178107 -0.06086431 -0.06116548 -0.06213368 -0.05393359 -0.058777243 -0.057179175 -0.0567204
0.3495 -0.06182286 -0.06092488 -0.06121864 -0.0621699 -0.053933546 -0.058777303 -0.05717925 -0.056720383
0.35 -0.06186411 -0.06098451 -0.06127105 -0.06220565 -0.05393356 -0.058777303 -0.057179175 -0.056720383
0.3505 -0.06190481 -0.06104322 -0.06132271 -0.06224094 -0.053933546 -0.058777243 -0.057179175 -0.0567204
0.351 -0.06194498 -0.06110101 -0.06137364 -0.06227579 -0.053933546 -0.058777303 -0.057179175 -0.056720383
0.3515 -0.06198462 -0.0611579 -0.06142385 -0.0623102 -0.053933546 -0.058777183 -0.057179116 -0.05672037
0.352 -0.06202375 -0.06121392 -0.06147334 -0.06234416 -0.053933576 -0.058777243 -0.057179175 -0.0567204
0.3525 -0.06206236 -0.06126907 -0.06152214 -0.0623777 -0.05393353 -0.058777362 -0.057179205 -0.05672037
0.353 -0.06210046 -0.06132336 -0.06157024 -0.06241081 -0.05393353 -0.058777243 -0.057179175 -0.056720354
0.3535 -0.06213806 -0.06137682 -0.06161766 -0.0624435 -0.053933546 -0.058777273 -0.057179146 -0.056720413
0.354 -0.06217517 -0.06142946 -0.06166441 -0.06247577 -0.053933546 -0.058777243 -0.05717913 -0.05672037
0.3545 -0.0622118 -0.06148128 -0.0617105 -0.06250763 -0.053933546 -0.058777213 -0.057179146 -0.056720354
0.355 -0.06224794 -0.06153231 -0.06175593 -0.06253909 -0.053933546 -0.058777273 -0.057179205 -0.0567204
0.3555 -0.06228361 -0.06158255 -0.06180072 -0.06257015 -0.053933576 -0.058777183 -0.05717913 -0.05672037
0.356 -0.06231882 -0.06163202 -0.06184488 -0.06260081 -0.053933576 -0.058777303 -0.057179205 -0.0567204
0.3565 -0.06235356 -0.06168074 -0.06188841 -0.06263109 -0.05393353 -0.058777303 -0.05717922 -0.0567204
0.357 -0.06238785 -0.06172871 -0.06193133 -0.06266098 -0.053933576 -0.058777303 -0.057179175 -0.056720413
0.3575 -0.06242169 -0.06177594 -0.06197364 -0.06269049 -0.053933576 -0.058777243 -0.057179146 -0.056720383
0.358 -0.06245508 -0.06182246 -0.06201535 -0.06271962 -0.053933546 -0.058777243 -0.05717919 -0.05672037
0.3585 -0.06248804 -0.06186826 -0.06205648 -0.06274839 -0.05393359 -0.058777332 -0.057179146 -0.0567204
0.359 -0.06252057 -0.06191337 -0.06209702 -0.06277679 -0.05393353 -0.058777303 -0.05717919 -0.056720354
0.3595 -0.06255267 -0.06195778 -0.06213699 -0.06280483 -0.05393353 -0.058777303 -0.05717922 -0.056720354
0.36 -0.06258435 -0.06200153 -0.0621764 -0.06283252 -0.05393353 -0.058777243 -0.057179146 -0.056720383
0.3605 -0.06261562 -0.06204461 -0.06221525 -0.06285985 -0.05393359 -0.058777243 -0.057179146 -0.056720413
0.361 -0.06264648 -0.06208703 -0.06225355 -0.06288684 -0.053933546 -0.058777332 -0.05717922 -0.0567204
0.3615 -0.06267693 -0.06212882 -0.06229132 -0.06291348 -0.053933546 -0.058777273 -0.05717913 -0.056720354
0.362 -0.06270699 -0.06216997 -0.06232855 -0.06293979 -0.053933546 -0.058777273 -0.057179175 -0.056720383
0.3625 -0.06273665 -0.0622105 -0.06236525 -0.06296576 -0.053933546 -0.058777303 -0.057179175 -0.056720354
0.363 -0.06276593 -0.06225041 -0.06240144 -0.06299141 -0.053933546 -0.058777183 -0.057179116 -0.05672037
0.3635 -0.06279482 -0.06228972 -0.06243712 -0.06301672 -0.053933576 -0.058777243 -0.057179146 -0.056720413
0.364 -0.06282334 -0.06232844 -0.0624723 -0.06304172 -0.05393353 -0.058777362 -0.05717919 -0.05672037
0.3645 -0.06285148 -0.06236658 -0.06250699 -0.0630664 -0.053933546 -0.058777303 -0.057179205 -0.056720383
0.365 -0.06287926 -0.06240415 -0.06254118 -0.06309077 -0.05393353 -0.058777273 -0.057179086 -0.056720324
0.3655 -0.06290667 -0.06244114 -0.0625749 -0.06311483 -0.05393353 -0.058777183 -0.057179146 -0.05672034
0.366 -0.06293372 -0.06247759 -0.06260814 -0.06313859 -0.053933576 -0.058777273 -0.057179116 -0.05672043
0.3665 -0.06296043 -0.06251349 -0.06264091 -0.06316204 -0.053933546 -0.058777213 -0.057179205 -0.05672037
0.367 -0.06298678 -0.06254884 -0.06267323 -0.0631852 -0.053933546 -0.058777362 -0.057179146 -0.05672037
0.3675 -0.06301279 -0.06258367 -0.06270509 -0.06320806 -0.053933546 -0.058777243 -0.057179175 -0.0567204
0.368 -0.06303846 -0.06261798 -0.0627365 -0.06323063 -0.053933546 -0.058777303 -0.057179175 -0.056720383
0.3685 -0.0630638 -0.06265178 -0.06276747 -0.06325292 -0.053933546 -0.058777183 -0.057179116 -0.056720354
0.369 -0.0630888 -0.06268507 -0.06279801 -0.06327493 -0.053933576 -0.058777243 -0.057179205 -0.0567204
0.3695 -0.06311348 -0.06271787 -0.06282812 -0.06329665 -0.05393353 -0.058777303 -0.057179205 -0.05672037
0.37 -0.06313784 -0.06275018 -0.06285781 -0.0633181 -0.05393353 -0.058777243 -0.057179175 -0.056720354
0.3705 -0.06316188 -0.062782 -0.06288708 -0.06333928 -0.053933546 -0.058777273 -0.057179175 -0.056720413
0.371 -0.0631856 -0.06281336 -0.06291594 -0.0633602 -0.053933546 -0.058777243 -0.057179146 -0.056720383
0.3715 -0.06320902 -0.06284425 -0.0629444 -0.06338084 -0.053933546 -0.058777183 -0.05717913 -0.05672034
0.372 -0.06323213 -0.06287468 -0.06297246 -0.06340123 -0.05393356 -0.058777273 -0.057179205 -0.0567204
0.3725 -0.06325494 -0.06290465 -0.06300013 -0.06342136 -0.053933576 -0.058777273 -0.057179146 -0.0567204
0.373 -0.06327745 -0.06293419 -0.06302741 -0.06344123 -0.053933546 -0.058777243 -0.057179175 -0.0567204
0.3735 -0.06329967 -0.06296329 -0.06305431 -0.06346085 -0.053933546 -0.058777303 -0.057179146 -0.056720354
0.374 -0.0633216 -0.06299196 -0.06308084 -0.06348023 -0.05393356 -0.058777183 -0.057179175 -0.05672037
0.3745 -0.06334325 -0.0630202 -0.06310699 -0.06349936 -0.05393356 -0.058777303 -0.057179175 -0.05672037
0.375 -0.06336461 -0.06304803 -0.06313278 -0.06351824 -0.05393356 -0.058777213 -0.057179146 -0.056720383
0.3755 -0.0633857 -0.06307545 -0.0631582 -0.06353689 -0.05393353 -0.058777362 -0.05717919 -0.05672037
0.376 -0.06340651 -0.06310246 -0.06318328 -0.0635553 -0.053933546 -0.058777243 -0.057179175 -0.05672037
0.3765 -0.06342705 -0.06312908 -0.063208 -0.06357348 -0.053933576 -0.058777303 -0.05717916 -0.05672037
0.377 -0.06344732 -0.0631553 -0.06323238 -0.06359143 -0.05393353 -0.058777303 -0.057179235 -0.05672037
0.3775 -0.06346733 -0.06318115 -0.06325642 -0.06360916 -0.05393356 -0.058777303 -0.057179146 -0.0567204
0.378 -0.06348707 -0.06320661 -0.06328012 -0.06362665 -0.05393353 -0.058777332 -0.05717919 -0.056720383
0.3785 -0.06350657 -0.0632317 -0.0633035 -0.06364393 -0.05393353 -0.058777273 -0.05717916 -0.056720383
0.379 -0.0635258 -0.06325642 -0.06332655 -0.06366099 -0.053933546 -0.058777273 -0.057179175 -0.056720383
0.3795 -0.06354479 -0.06328078 -0.06334927 -0.06367783 -0.053933546 -0.058777243 -0.057179175 -0.056720383
0.38 -0.06356353 -0.06330478 -0.06337169 -0.06369447 -0.053933546 -0.058777243 -0.057179146 -0.056720354
0.3805 -0.06358203 -0.06332843 -0.06339379 -0.06371089 -0.053933546 -0.058777243 -0.057179175 -0.056720383
0.381 -0.06360029 -0.06335174 -0.06341558 -0.0637271 -0.053933546 -0.058777243 -0.057179175 -0.05672037
0.3815 -0.06361831 -0.06337471 -0.06343707 -0.06374311 -0.053933546 -0.058777243 -0.057179175 -0.0567204
0.382 -0.06363609 -0.06339734 -0.06345826 -0.06375891 -0.053933546 -0.058777243 -0.057179175 -0.056720383
0.3825 -0.06365365 -0.06341965 -0.06347916 -0.06377452 -0.053933546 -0.058777183 -0.05717913 -0.05672037
0.383 -0.06367097 -0.06344163 -0.06349976 -0.06378993 -0.053933576 -0.058777243 -0.057179146 -0.056720413
0.3835 -0.06368807 -0.06346329 -0.06352008 -0.06380514 -0.05393356 -0.058777362 -0.057179175 -0.056720413
0.384 -0.06370495 -0.06348463 -0.06354012 -0.06382017 -0.053933546 -0.058777303 -0.057179205 -0.056720383
0.3845 -0.06372161 -0.06350567 -0.06355989 -0.063835 -0.05393353 -0.058777243 -0.057179175 -0.056720354
0.385 -0.06373806 -0.0635264 -0.06357937 -0.06384964 -0.05393356 -0.058777213 -0.057179175 -0.0567204
0.3855 -0.06375429 -0.06354683 -0.06359859 -0.06386411 -0.053933576 -0.058777332 -0.057179175 -0.0567204
0.386 -0.06377031 -0.06356697 -0.06361754 -0.06387838 -0.053933546 -0.058777303 -0.05717919 -0.056720383
0.3865 -0.06378612 -0.06358681 -0.06363623 -0.06389248 -0.053933546 -0.058777362 -0.057179175 -0.0567204
0.387 -0.06380173 -0.06360637 -0.06365466 -0.0639064 -0.053933546 -0.058777243 -0.057179146 -0.05672037
0.3875 -0.06381713 -0.06362565 -0.06367283 -0.06392015 -0.053933546 -0.058777303 -0.057179175 -0.056720383
0.388 -0.06383233 -0.06364464 -0.06369076 -0.06393372 -0.053933546 -0.058777332 -0.057179146 -0.05672037
0.3885 -0.06384734 -0.06366337 -0.06370843 -0.06394712 -0.053933546 -0.058777243 -0.05717916 -0.056720354
0.389 -0.06386215 -0.06368182 -0.06372586 -0.06396035 -0.053933546 -0.058777332 -0.057179175 -0.05672037
0.3895 -0.06387678 -0.06370001 -0.06374306 -0.06397341 -0.053933546 -0.058777303 -0.057179146 -0.056720354
0.39 -0.06389121 -0.06371794 -0.06376001 -0.06398631 -0.053933546 -0.058777243 -0.057179146 -0.056720354
0.3905 -0.06390545 -0.06373561 -0.06377673 -0.06399904 -0.053933576 -0.058777243 -0.057179116 -0.0567204
0.391 -0.06391951 -0.06375303 -0.06379322 -0.06401162 -0.05393353 -0.058777273 -0.05717919 -0.056720383
0.3915 -0.06393339 -0.06377019 -0.06380948 -0.06402404 -0.053933546 -0.058777243 -0.057179175 -0.0567204
0.392 -0.06394708 -0.06378711 -0.06382551 -0.0640363 -0.053933546 -0.058777243 -0.057179146 -0.056720324
0.3925 -0.0639606 -0.06380379 -0.06384133 -0.0640484 -0.053933576 -0.058777243 -0.057179146 -0.0567204
0.393 -0.06397395 -0.06382023 -0.06385693 -0.06406035 -0.053933546 -0.058777303 -0.057179116 -0.05672037
0.3935 -0.06398712 -0.06383644 -0.06387231 -0.06407216 -0.05393356 -0.058777332 -0.057179175 -0.05672037
0.394 -0.06400012 -0.06385241 -0.06388748 -0.06408381 -0.053933546 -0.058777273 -0.057179116 -0.056720354
0.3945 -0.06401296 -0.06386816 -0.06390244 -0.06409532 -0.05393353 -0.058777303 -0.057179175 -0.056720383
0.395 -0.06402562 -0.06388368 -0.0639172 -0.06410668 -0.053933546 -0.058777332 -0.057179146 -0.056720354
0.3955 -0.06403813 -0.06389898 -0.06393175 -0.06411789 -0.053933546 -0.058777273 -0.057179146 -0.05672037
0.396 -0.06405047 -0.06391406 -0.0639461 -0.06412897 -0.053933546 -0.058777303 -0.057179205 -0.0567204
0.3965 -0.06406265 -0.06392893 -0.06396026 -0.06413991 -0.053933546 -0.058777243 -0.05717916 -0.056720354
0.397 -0.06407467 -0.06394358 -0.06397422 -0.06415071 -0.053933546 -0.058777243 -0.057179175 -0.05672037
0.3975 -0.06408654 -0.06395803 -0.06398799 -0.06416137 -0.053933546 -0.058777303 -0.05717916 -0.05672037
0.398 -0.06409826 -0.06397227 -0.06400157 -0.0641719 -0.053933546 -0.058777183 -0.057179175 -0.056720383
0.3985 -0.06410982 -0.06398631 -0.06401496 -0.06418229 -0.053933546 -0.058777243 -0.057179175 -0.056720383
0.399 -0.06412123 -0.06400015 -0.06402817 -0.06419256 -0.053933546 -0.058777243 -0.057179146 -0.056720383
0.3995 -0.0641325 -0.0640138 -0.0640412 -0.0642027 -0.053933546 -0.058777243 -0.057179175 -0.05672037
0.4 -0.06414362 -0.06402725 -0.06405405 -0.0642127 -0.053933546 -0.058777273 -0.057179146 -0.056720383
0.4005 -0.0641546 -0.06404051 -0.06406673 -0.06422258 -0.053933546 -0.058777303 -0.057179205 -0.05672037
0.401 -0.06416543 -0.06405359 -0.06407923 -0.06423234 -0.053933546 -0.058777273 -0.057179175 -0.05672037
0.4015 -0.06417613 -0.06406648 -0.06409156 -0.06424198 -0.05393353 -0.058777303 -0.057179175 -0.056720354
0.402 -0.06418668 -0.06407918 -0.06410372 -0.06425149 -0.053933546 -0.058777273 -0.057179175 -0.056720383
0.4025 -0.0641971 -0.06409171 -0.06411571 -0.06426088 -0.053933546 -0.058777243 -0.057179146 -0.056720383
0.403 -0.06420739 -0.06410406 -0.06412754 -0.06427016 -0.053933546 -0.058777243 -0.057179146 -0.056720354
0.4035 -0.06421754 -0.06411624 -0.06413921 -0.06427932 -0.053933546 -0.058777243 -0.057179175 -0.05672037
0.404 -0.06422756 -0.06412824 -0.06415072 -0.06428836 -0.053933546 -0.058777303 -0.057179175 -0.05672037
0.4045 -0.06423746 -0.06414008 -0.06416207 -0.06429729 -0.053933546 -0.058777183 -0.057179175 -0.056720383
0.405 -0.06424722 -0.06415175 -0.06417326 -0.0643061 -0.053933546 -0.058777243 -0.057179175 -0.056720383
0.4055 -0.06425686 -0.06416326 -0.06418431 -0.06431481 -0.053933546 -0.058777243 -0.057179146 -0.056720383
0.406 -0.06426637 -0.0641746 -0.0641952 -0.06432341 -0.053933546 -0.058777243 -0.057179175 -0.05672037
0.4065 -0.06427576 -0.06418579 -0.06420594 -0.06433189 -0.053933546 -0.058777273 -0.057179146 -0.056720383
0.407 -0.06428503 -0.06419682 -0.06421654 -0.06434027 -0.053933546 -0.058777303 -0.057179205 -0.05672037
0.4075 -0.06429418 -0.06420769 -0.06422699 -0.06434855 -0.053933546 -0.058777273 -0.057179175 -0.05672037
0.408 -0.06430322 -0.06421841 -0.0642373 -0.06435672 -0.05393353 -0.058777303 -0.057179175 -0.056720354
0.4085 -0.06431213 -0.06422899 -0.06424747 -0.06436479 -0.053933546 -0.058777273 -0.057179175 -0.056720383
0.409 -0.06432093 -0.06423941 -0.0642575 -0.06437276 -0.053933546 -0.058777243 -0.057179146 -0.056720383
0.4095 -0.06432962 -0.06424969 -0.0642674 -0.06438062 -0.053933546 -0.058777243 -0.057179146 -0.056720354
0.41 -0.0643382 -0.06425982 -0.06427716 -0.06438839 -0.053933546 -0.058777243 -0.057179175 -0.05672037
0.4105 -0.06434666 -0.06426982 -0.06428678 -0.06439606 -0.053933546 -0.058777303 -0.057179175 -0.05672037
0.411 -0.06435502 -0.06427967 -0.06429628 -0.06440363 -0.053933546 -0.058777183 -0.057179175 -0.056720383
0.4115 -0.06436327 -0.06428939 -0.06430564 -0.06441111 -0.053933546 -0.058777243 -0.057179175 -0.056720383
0.412 -0.06437141 -0.06429897 -0.06431488 -0.06441849 -0.053933546 -0.058777243 -0.057179146 -0.056720383
0.4125 -0.06437944 -0.06430842 -0.064324 -0.06442579 -0.053933546 -0.058777243 -0.057179175 -0.05672037
0.413 -0.06438738 -0.06431773 -0.06433299 -0.06443298 -0.053933546 -0.058777273 -0.057179146 -0.056720383
0.4135 -0.06439521 -0.06432692 -0.06434185 -0.06444009 -0.053933546 -0.058777303 -0.057179205 -0.05672037
0.414 -0.06440294 -0.06433598 -0.0643506 -0.06444711 -0.053933546 -0.058777273 -0.057179175 -0.05672037
0.4145 -0.06441057 -0.06434491 -0.06435923 -0.06445404 -0.05393353 -0.058777303 -0.057179175 -0.056720354
0.415 -0.0644181 -0.06435372 -0.06436774 -0.06446089 -0.053933546 -0.058777273 -0.057179175 -0.056720383
0.4155 -0.06442554 -0.06436241 -0.06437614 -0.06446764 -0.053933546 -0.058777243 -0.057179146 -0.056720383
0.416 -0.06443288 -0.06437097 -0.06438442 -0.06447432 -0.053933546 -0.058777243 -0.057179146 -0.056720354
0.4165 -0.06444012 -0.06437942 -0.06439259 -0.06448091 -0.053933546 -0.058777243 -0.057179175 -0.05672037
0.417 -0.06444727 -0.06438775 -0.06440065 -0.06448741 -0.053933546 -0.058777303 -0.057179175 -0.05672037
0.4175 -0.06445433 -0.06439597 -0.0644086 -0.06449384 -0.053933546 -0.058777183 -0.057179175 -0.056720383
0.418 -0.0644613 -0.06440407 -0.06441644 -0.06450018 -0.053933546 -0.058777243 -0.057179175 -0.056720383
0.4185 -0.06446818 -0.06441206 -0.06442418 -0.06450644 -0.053933546 -0.058777243 -0.057179146 -0.056720383
0.419 -0.06447497 -0.06441994 -0.06443181 -0.06451263 -0.053933546 -0.058777243 -0.057179175 -0.05672037
0.4195 -0.06448167 -0.06442771 -0.06443934 -0.06451874 -0.053933546 -0.058777273 -0.057179146 -0.056720383
0.42 -0.06448829 -0.06443537 -0.06444676 -0.06452477 -0.053933546 -0.058777303 -0.057179205 -0.05672037
0.4205 -0.06449482 -0.06444293 -0.06445409 -0.06453072 -0.053933546 -0.058777273 -0.057179175 -0.05672037
0.421 -0.06450127 -0.06445038 -0.06446132 -0.0645366 -0.05393353 -0.058777303 -0.057179175 -0.056720354
0.4215 -0.06450764 -0.06445773 -0.06446845 -0.06454241 -0.053933546 -0.058777273 -0.057179175 -0.056720383
0.422 -0.06451392 -0.06446498 -0.06447548 -0.06454814 -0.053933546 -0.058777243 -0.057179146 -0.056720383
0.4225 -0.06452012 -0.06447213 -0.06448242 -0.0645538 -0.053933546 -0.058777243 -0.057179146 -0.056720354
0.423 -0.06452625 -0.06447918 -0.06448926 -0.06455939 -0.053933546 -0.058777243 -0.057179175 -0.05672037
0.4235 -0.06453229 -0.06448613 -0.06449601 -0.06456491 -0.053933546 -0.058777303 -0.057179175 -0.05672037
0.424 -0.06453826 -0.06449299 -0.06450267 -0.06457036 -0.053933546 -0.058777183 -0.057179175 -0.056720383
0.4245 -0.06454415 -0.06449976 -0.06450925 -0.06457574 -0.053933546 -0.058777243 -0.057179175 -0.056720383
0.425 -0.06454996 -0.06450643 -0.06451573 -0.06458106 -0.053933546 -0.058777243 -0.057179146 -0.056720383
0.4255 -0.0645557 -0.06451301 -0.06452212 -0.0645863 -0.053933546 -0.058777243 -0.057179175 -0.05672037
0.426 -0.06456136 -0.0645195 -0.06452843 -0.06459148 -0.053933546 -0.058777273 -0.057179146 -0.056720383
0.4265 -0.06456696 -0.0645259 -0.06453466 -0.0645966 -0.053933546 -0.058777303 -0.057179205 -0.05672037
0.427 -0.06457248 -0.06453221 -0.0645408 -0.06460165 -0.053933546 -0.058777273 -0.057179175 -0.05672037
0.4275 -0.06457793 -0.06453844 -0.06454686 -0.06460664 -0.05393353 -0.058777303 -0.057179175 -0.056720354
0.428 -0.06458331 -0.06454458 -0.06455283 -0.06461157 -0.053933546 -0.058777273 -0.057179175 -0.056720383
0.4285 -0.06458862 -0.06455064 -0.06455873 -0.06461643 -0.053933546 -0.058777243 -0.057179146 -0.056720383
0.429 -0.06459386 -0.06455662 -0.06456454 -0.06462123 -0.053933546 -0.058777243 -0.057179146 -0.056720354
0.4295 -0.06459904 -0.06456251 -0.06457028 -0.06462598 -0.053933546 -0.058777243 -0.057179175 -0.05672037
0.43 -0.06460415 -0.06456832 -0.06457594 -0.06463066 -0.053933546 -0.058777303 -0.057179175 -0.05672037
0.4305 -0.06460919 -0.06457406 -0.06458153 -0.06463528 -0.053933546 -0.058777183 -0.057179175 -0.056720383
0.431 -0.06461417 -0.06457971 -0.06458704 -0.06463985 -0.053933546 -0.058777243 -0.057179175 -0.056720383
0.4315 -0.06461908 -0.06458529 -0.06459248 -0.06464436 -0.053933546 -0.058777243 -0.057179146 -0.056720383
0.432 -0.06462394 -0.06459079 -0.06459784 -0.06464881 -0.053933546 -0.058777243 -0.057179175 -0.05672037
0.4325 -0.06462873 -0.06459622 -0.06460313 -0.06465321 -0.053933546 -0.058777273 -0.057179146 -0.056720383
0.433 -0.06463345 -0.06460157 -0.06460835 -0.06465755 -0.053933546 -0.058777303 -0.057179205 -0.05672037
0.4335 -0.06463812 -0.06460685 -0.0646135 -0.06466184 -0.053933546 -0.058777273 -0.057179175 -0.05672037
0.434 -0.06464273 -0.06461206 -0.06461859 -0.06466607 -0.05393353 -0.058777303 -0.057179175 -0.056720354
0.4345 -0.06464728 -0.0646172 -0.0646236 -0.06467025 -0.053933546 -0.058777273 -0.057179175 -0.056720383
0.435 -0.06465177 -0.06462227 -0.06462855 -0.06467438 -0.053933546 -0.058777243 -0.057179146 -0.056720383
0.4355 -0.0646562 -0.06462727 -0.06463343 -0.06467845 -0.053933546 -0.058777243 -0.057179146 -0.056720354
0.436 -0.06466058 -0.0646322 -0.06463824 -0.06468248 -0.053933546 -0.058777243 -0.057179175 -0.05672037
0.4365 -0.0646649 -0.06463706 -0.06464299 -0.06468645 -0.053933546 -0.058777303 -0.057179175 -0.05672037
0.437 -0.06466916 -0.06464186 -0.06464768 -0.06469037 -0.053933546 -0.058777183 -0.057179175 -0.056720383
0.4375 -0.06467337 -0.06464659 -0.0646523 -0.06469425 -0.053933546 -0.058777243 -0.057179175 -0.056720383
0.438 -0.06467753 -0.06465126 -0.06465686 -0.06469807 -0.053933546 -0.058777243 -0.057179146 -0.056720383
0.4385 -0.06468163 -0.06465587 -0.06466137 -0.06470185 -0.053933546 -0.058777243 -0.057179175 -0.05672037
0.439 -0.06468568 -0.06466041 -0.06466581 -0.06470558 -0.053933546 -0.058777273 -0.057179146 -0.056720383
0.4395 -0.06468968 -0.0646649 -0.06467019 -0.06470927 -0.053933546 -0.058777303 -0.057179205 -0.05672037
0.44 -0.06469363 -0.06466932 -0.06467451 -0.0647129 -0.053933546 -0.058777273 -0.057179175 -0.05672037
0.4405 -0.06469752 -0.06467368 -0.06467878 -0.0647165 -0.05393353 -0.058777303 -0.057179175 -0.056720354
0.441 -0.06470137 -0.06467798 -0.06468299 -0.06472004 -0.053933546 -0.058777273 -0.057179175 -0.056720383
0.4415 -0.06470517 -0.06468223 -0.06468714 -0.06472355 -0.053933546 -0.058777243 -0.057179146 -0.056720383
0.442 -0.06470892 -0.06468641 -0.06469124 -0.064727 -0.053933546 -0.058777243 -0.057179146 -0.056720354
0.4425 -0.06471262 -0.06469055 -0.06469528 -0.06473042 -0.053933546 -0.058777243 -0.057179175 -0.05672037
0.443 -0.06471627 -0.06469462 -0.06469927 -0.06473379 -0.053933546 -0.058777303 -0.057179175 -0.05672037
0.4435 -0.06471988 -0.06469864 -0.0647032 -0.06473712 -0.053933546 -0.058777183 -0.057179175 -0.056720383
0.444 -0.06472344 -0.06470261 -0.06470709 -0.06474041 -0.053933546 -0.058777243 -0.057179175 -0.056720383
0.4445 -0.06472695 -0.06470652 -0.06471092 -0.06474366 -0.053933546 -0.058777243 -0.057179146 -0.056720383
0.445 -0.06473042 -0.06471038 -0.0647147 -0.06474686 -0.053933546 -0.058777243 -0.057179175 -0.05672037
0.4455 -0.06473385 -0.06471419 -0.06471843 -0.06475003 -0.053933546 -0.058777273 -0.057179146 -0.056720383
0.446 -0.06473723 -0.06471795 -0.06472211 -0.06475316 -0.053933546 -0.058777303 -0.057179205 -0.05672037
0.4465 -0.06474057 -0.06472165 -0.06472574 -0.06475624 -0.053933546 -0.058777273 -0.057179175 -0.05672037
0.447 -0.06474387 -0.06472531 -0.06472933 -0.06475929 -0.05393353 -0.058777303 -0.057179175 -0.056720354
0.4475 -0.06474712 -0.06472892 -0.06473286 -0.0647623 -0.053933546 -0.058777273 -0.057179175 -0.056720383
0.448 -0.06475033 -0.06473248 -0.06473635 -0.06476527 -0.053933546 -0.058777243 -0.057179146 -0.056720383
0.4485 -0.0647535 -0.06473599 -0.06473979 -0.06476821 -0.053933546 -0.058777243 -0.057179146 -0.056720354
0.449 -0.06475663 -0.06473945 -0.06474319 -0.06477111 -0.053933546 -0.058777243 -0.057179175 -0.05672037
0.4495 -0.06475972 -0.06474287 -0.06474654 -0.06477397 -0.053933546 -0.058777303 -0.057179175 -0.05672037
0.45 -0.06476277 -0.06474624 -0.06474985 -0.0647768 -0.053933546 -0.058777183 -0.057179175 -0.056720383
0.4505 -0.06476579 -0.06474957 -0.06475311 -0.06477959 -0.053933546 -0.058777243 -0.057179175 -0.056720383
0.451 -0.06476876 -0.06475285 -0.06475633 -0.06478234 -0.053933546 -0.058777243 -0.057179146 -0.056720383
0.4515 -0.0647717 -0.06475609 -0.06475951 -0.06478506 -0.053933546 -0.058777243 -0.057179175 -0.05672037
0.452 -0.06477459 -0.06475928 -0.06476264 -0.06478775 -0.053933546 -0.058777273 -0.057179146 -0.056720383
0.4525 -0.06477746 -0.06476244 -0.06476574 -0.0647904 -0.053933546 -0.058777303 -0.057179205 -0.05672037
0.453 -0.06478028 -0.06476555 -0.06476879 -0.06479302 -0.053933546 -0.058777273 -0.057179175 -0.05672037
0.4535 -0.06478307 -0.06476861 -0.0647718 -0.06479561 -0.05393353 -0.058777303 -0.057179175 -0.056720354
0.454 -0.06478582 -0.06477164 -0.06477477 -0.06479817 -0.053933546 -0.058777273 -0.057179175 -0.056720383
0.4545 -0.06478854 -0.06477463 -0.06477771 -0.06480069 -0.053933546 -0.058777243 -0.057179146 -0.056720383
0.455 -0.06479122 -0.06477758 -0.0647806 -0.06480318 -0.053933546 -0.058777243 -0.057179146 -0.056720354
0.4555 -0.06479387 -0.06478048 -0.06478346 -0.06480564 -0.053933546 -0.058777243 -0.057179175 -0.05672037
0.456 -0.06479649 -0.06478335 -0.06478627 -0.06480807 -0.053933546 -0.058777303 -0.057179175 -0.05672037
0.4565 -0.06479907 -0.06478618 -0.06478905 -0.06481047 -0.053933546 -0.058777183 -0.057179175 -0.056720383
0.457 -0.06480162 -0.06478898 -0.0647918 -0.06481284 -0.053933546 -0.058777243 -0.057179175 -0.056720383
0.4575 -0.06480413 -0.06479173 -0.06479451 -0.06481518 -0.053933546 -0.058777243 -0.057179146 -0.056720383
0.458 -0.06480662 -0.06479445 -0.06479718 -0.06481749 -0.053933546 -0.058777243 -0.057179175 -0.05672037
0.4585 -0.06480907 -0.06479713 -0.06479981 -0.06481977 -0.053933546 -0.058777273 -0.057179146 -0.056720383
0.459 -0.06481149 -0.06479978 -0.06480242 -0.06482202 -0.053933546 -0.058777303 -0.057179205 -0.05672037
0.4595 -0.06481388 -0.06480239 -0.06480498 -0.06482424 -0.053933546 -0.058777273 -0.057179175 -0.05672037
0.46 -0.06481624 -0.06480497 -0.06480752 -0.06482644 -0.05393353 -0.058777303 -0.057179175 -0.056720354
0.4605 -0.06481857 -0.06480751 -0.06481002 -0.06482861 -0.053933546 -0.058777273 -0.057179175 -0.056720383
0.461 -0.06482087 -0.06481002 -0.06481248 -0.06483075 -0.053933546 -0.058777243 -0.057179146 -0.056720383
0.4615 -0.06482314 -0.0648125 -0.06481492 -0.06483286 -0.053933546 -0.058777243 -0.057179146 -0.056720354
0.462 -0.06482538 -0.06481494 -0.06481732 -0.06483495 -0.053933546 -0.058777243 -0.057179175 -0.05672037
0.4625 -0.06482759 -0.06481735 -0.06481969 -0.06483701 -0.053933546 -0.058777303 -0.057179175 -0.05672037
0.463 -0.06482978 -0.06481973 -0.06482203 -0.06483905 -0.053933546 -0.058777183 -0.057179175 -0.056720383
0.4635 -0.06483194 -0.06482208 -0.06482434 -0.06484106 -0.053933546 -0.058777243 -0.057179175 -0.056720383
0.464 -0.06483407 -0.06482439 -0.06482662 -0.06484305 -0.053933546 -0.058777243 -0.057179146 -0.056720383
0.4645 -0.06483617 -0.06482668 -0.06482887 -0.06484501 -0.053933546 -0.058777243 -0.057179175 -0.05672037
0.465 -0.06483824 -0.06482893 -0.06483109 -0.06484694 -0.053933546 -0.058777273 -0.057179146 -0.056720383
0.4655 -0.06484029 -0.06483116 -0.06483328 -0.06484886 -0.053933546 -0.058777303 -0.057179205 -0.05672037
0.466 -0.06484232 -0.06483335 -0.06483544 -0.06485074 -0.053933546 -0.058777273 -0.057179175 -0.05672037
0.4665 -0.06484431 -0.06483552 -0.06483757 -0.06485261 -0.05393353 -0.058777303 -0.057179175 -0.056720354
0.467 -0.06484628 -0.06483766 -0.06483967 -0.06485445 -0.053933546 -0.058777273 -0.057179175 -0.056720383
0.4675 -0.06484823 -0.06483976 -0.06484175 -0.06485627 -0.053933546 -0.058777243 -0.057179146 -0.056720383
0.468 -0.06485015 -0.06484185 -0.0648438 -0.06485806 -0.053933546 -0.058777243 -0.057179146 -0.056720354
0.4685 -0.06485205 -0.0648439 -0.06484582 -0.06485984 -0.053933546 -0.058777243 -0.057179175 -0.05672037
0.469 -0.06485392 -0.06484593 -0.06484782 -0.06486159 -0.053933546 -0.058777303 -0.057179175 -0.05672037
0.4695 -0.06485577 -0.06484793 -0.06484979 -0.06486331 -0.053933546 -0.058777183 -0.057179175 -0.056720383
0.47 -0.0648576 -0.0648499 -0.06485173 -0.06486502 -0.053933546 -0.058777243 -0.057179175 -0.056720383
0.4705 -0.0648594 -0.06485185 -0.06485365 -0.06486671 -0.053933546 -0.058777243 -0.057179146 -0.056720383
0.471 -0.06486118 -0.06485377 -0.06485554 -0.06486837 -0.053933546 -0.058777243 -0.057179175 -0.05672037
0.4715 -0.06486294 -0.06485567 -0.06485741 -0.06487002 -0.053933546 -0.058777273 -0.057179146 -0.056720383
0.472 -0.06486467 -0.06485754 -0.06485925 -0.06487164 -0.053933546 -0.058777303 -0.057179205 -0.05672037
0.4725 -0.06486638 -0.06485938 -0.06486107 -0.06487324 -0.053933546 -0.058777273 -0.057179175 -0.05672037
0.473 -0.06486808 -0.06486121 -0.06486287 -0.06487482 -0.05393353 -0.058777303 -0.057179175 -0.056720354
0.4735 -0.06486974 -0.064863 -0.06486464 -0.06487639 -0.053933546 -0.058777273 -0.057179175 -0.056720383
0.474 -0.06487139 -0.06486478 -0.06486639 -0.06487793 -0.053933546 -0.058777243 -0.057179146 -0.056720383
0.4745 -0.06487302 -0.06486653 -0.06486811 -0.06487945 -0.053933546 -0.058777243 -0.057179146 -0.056720354
0.475 -0.06487463 -0.06486826 -0.06486982 -0.06488096 -0.053933546 -0.058777243 -0.057179175 -0.05672037
0.4755 -0.06487621 -0.06486996 -0.0648715 -0.06488245 -0.053933546 -0.058777303 -0.057179175 -0.05672037
0.476 -0.06487778 -0.06487165 -0.06487316 -0.06488391 -0.053933546 -0.058777183 -0.057179175 -0.056720383
0.4765 -0.06487932 -0.06487331 -0.0648748 -0.06488536 -0.053933546 -0.058777243 -0.057179175 -0.056720383
0.477 -0.06488085 -0.06487495 -0.06487641 -0.06488679 -0.053933546 -0.058777243 -0.057179146 -0.056720383
0.4775 -0.06488236 -0.06487656 -0.06487801 -0.06488821 -0.053933546 -0.058777243 -0.057179175 -0.05672037
0.478 -0.06488384 -0.06487816 -0.06487958 -0.0648896 -0.053933546 -0.058777273 -0.057179146 -0.056720383
0.4785 -0.06488531 -0.06487974 -0.06488113 -0.06489098 -0.053933546 -0.058777303 -0.057179205 -0.05672037
0.479 -0.06488676 -0.06488129 -0.06488267 -0.06489234 -0.053933546 -0.058777273 -0.057179175 -0.05672037
0.4795 -0.06488819 -0.06488282 -0.06488418 -0.06489368 -0.05393353 -0.058777303 -0.057179175 -0.056720354
0.48 -0.06488961 -0.06488434 -0.06488567 -0.06489501 -0.053933546 -0.058777273 -0.057179175 -0.056720383
0.4805 -0.064891 -0.06488583 -0.06488715 -0.06489632 -0.053933546 -0.058777243 -0.057179146 -0.056720383
0.481 -0.06489238 -0.06488731 -0.0648886 -0.06489762 -0.053933546 -0.058777243 -0.057179146 -0.056720354
0.4815 -0.06489374 -0.06488876 -0.06489004 -0.06489889 -0.053933546 -0.058777243 -0.057179175 -0.05672037
0.482 -0.06489508 -0.0648902 -0.06489145 -0.06490016 -0.053933546 -0.058777303 -0.057179175 -0.05672037
0.4825 -0.06489641 -0.06489162 -0.06489285 -0.0649014 -0.053933546 -0.058777183 -0.057179175 -0.056720383
0.483 -0.06489772 -0.06489301 -0.06489423 -0.06490263 -0.053933546 -0.058777243 -0.057179175 -0.056720383
0.4835 -0.06489901 -0.06489439 -0.06489559 -0.06490385 -0.053933546 -0.058777243 -0.057179146 -0.056720383
0.484 -0.06490029 -0.06489576 -0.06489694 -0.06490505 -0.053933546 -0.058777243 -0.057179175 -0.05672037
0.4845 -0.06490155 -0.0648971 -0.06489826 -0.06490623 -0.053933546 -0.058777273 -0.057179146 -0.056720383
0.485 -0.06490279 -0.06489843 -0.06489957 -0.0649074 -0.053933546 -0.058777303 -0.057179205 -0.05672037
0.4855 -0.06490402 -0.06489974 -0.06490086 -0.06490856 -0.053933546 -0.058777273 -0.057179175 -0.05672037
0.486 -0.06490523 -0.06490103 -0.06490214 -0.0649097 -0.05393353 -0.058777303 -0.057179175 -0.056720354
0.4865 -0.06490643 -0.0649023 -0.0649034 -0.06491082 -0.053933546 -0.058777273 -0.057179175 -0.056720383
0.487 -0.06490761 -0.06490356 -0.06490464 -0.06491194 -0.053933546 -0.058777243 -0.057179146 -0.056720383
0.4875 -0.06490878 -0.06490481 -0.06490587 -0.06491304 -0.053933546 -0.058777243 -0.057179146 -0.056720354
0.488 -0.06490993 -0.06490603 -0.06490708 -0.06491412 -0.053933546 -0.058777243 -0.057179175 -0.05672037
0.4885 -0.06491107 -0.06490724 -0.06490827 -0.06491519 -0.053933546 -0.058777303 -0.057179175 -0.05672037
0.489 -0.06491219 -0.06490844 -0.06490945 -0.06491625 -0.053933546 -0.058777183 -0.057179175 -0.056720383
0.4895 -0.0649133 -0.06490961 -0.06491061 -0.0649173 -0.053933546 -0.058777243 -0.057179175 -0.056720383
0.49 -0.06491439 -0.06491078 -0.06491176 -0.06491833 -0.053933546 -0.058777243 -0.057179146 -0.056720383
0.4905 -0.06491547 -0.06491193 -0.0649129 -0.06491935 -0.053933546 -0.058777243 -0.057179175 -0.05672037
0.491 -0.06491654 -0.06491306 -0.06491401 -0.06492035 -0.053933546 -0.058777273 -0.057179146 -0.056720383
0.4915 -0.06491759 -0.06491418 -0.06491512 -0.06492135 -0.053933546 -0.058777303 -0.057179205 -0.05672037
0.492 -0.06491863 -0.06491528 -0.06491621 -0.06492233 -0.053933546 -0.058777273 -0.057179175 -0.05672037
0.4925 -0.06491966 -0.06491637 -0.06491728 -0.0649233 -0.05393353 -0.058777303 -0.057179175 -0.056720354
0.493 -0.06492067 -0.06491744 -0.06491835 -0.06492425 -0.053933546 -0.058777273 -0.057179175 -0.056720383
0.4935 -0.06492168 -0.06491851 -0.06491939 -0.0649252 -0.053933546 -0.058777243 -0.057179146 -0.056720383
0.494 -0.06492266 -0.06491955 -0.06492043 -0.06492613 -0.053933546 -0.058777243 -0.057179146 -0.056720354
0.4945 -0.06492364 -0.06492059 -0.06492145 -0.06492705 -0.053933546 -0.058777243 -0.057179175 -0.05672037
0.495 -0.0649246 -0.06492161 -0.06492246 -0.06492796 -0.053933546 -0.058777303 -0.057179175 -0.05672037
0.4955 -0.06492555 -0.06492261 -0.06492345 -0.06492886 -0.053933546 -0.058777183 -0.057179175 -0.056720383
0.496 -0.06492649 -0.06492361 -0.06492443 -0.06492975 -0.053933546 -0.058777243 -0.057179175 -0.056720383
0.4965 -0.06492742 -0.06492459 -0.0649254 -0.06493062 -0.053933546 -0.058777243 -0.057179146 -0.056720383
0.497 -0.06492834 -0.06492556 -0.06492636 -0.06493149 -0.053933546 -0.058777243 -0.057179175 -0.05672037
0.4975 -0.06492924 -0.06492651 -0.0649273 -0.06493234 -0.053933546 -0.058777273 -0.057179146 -0.056720383
0.498 -0.06493013 -0.06492745 -0.06492823 -0.06493319 -0.053933546 -0.058777303 -0.057179205 -0.05672037
0.4985 -0.06493101 -0.06492839 -0.06492915 -0.06493402 -0.053933546 -0.058777273 -0.057179175 -0.05672037
0.499 -0.06493188 -0.0649293 -0.06493006 -0.06493484 -0.05393353 -0.058777303 -0.057179175 -0.056720354
0.4995 -0.06493274 -0.06493021 -0.06493096 -0.06493565 -0.053933546 -0.058777273 -0.057179175 -0.056720383
0.5 -0.06493359 -0.06493111 -0.06493184 -0.06493646 -0.053933546 -0.058777243 -0.057179146 -0.056720383
